011001E 2001-01-10T16:02:44  56.99 -153.56  21.0 6.9  10.30 
061401G 2001-06-14T19:48:47  51.19 -179.87  18.0 6.5   6.70 
052502B 2002-05-25T05:36:32  53.33 -160.33  15.0 6.3  19.20 
102302E 2002-10-23T11:27:19  63.58 -148.13  15.8 6.6   5.30 
112602A 2002-11-26T00:48:15  51.49 -173.48  20.0 6.1   6.30 
021903C 2003-02-19T03:32:36  53.41 -164.53  28.0 6.6   7.50 
120903A 2003-12-09T12:44:01  51.20 -179.19  31.0 6.2   4.50 
112005C 2005-11-20T12:53:03  53.75 -163.93  32.0 6.2   3.80 
051006C 2006-05-10T02:42:51  52.21 -169.19  29.7 6.4   5.90 
070806C 2006-07-08T20:40:01  51.04 -179.12  28.0 6.6   6.40 
071507E 2007-07-15T13:08:00  52.30 -167.90  14.7 6.1   5.20 
080207B 2007-08-02T03:21:42  51.10 -179.73  31.9 6.7   8.50 
081507E 2007-08-15T20:22:11  50.28 -177.69  12.0 6.5   5.70 
100207H 2007-10-02T18:00:06  54.18 -161.46  40.5 6.3   3.60 
103107C 2007-10-31T13:44:19  51.14 -178.33  39.9 6.0   3.70 
122107C 2007-12-21T07:24:34  51.07 -178.88  31.9 6.3   3.80 
122607F 2007-12-26T22:04:56  52.21 -168.10  14.2 6.4   4.70 
041508I 2008-04-15T22:59:51  51.78 -179.29  12.0 6.4   4.90 
041608B 2008-04-16T05:54:19  51.81 -179.17  12.0 6.6   5.00 
050208A 2008-05-02T01:33:37  51.96 -177.54  12.0 6.6   2.40 
110208B 2008-11-02T13:48:42  51.38 -174.49  20.2 6.1   1.40 
033009B 2009-03-30T07:13:07  56.26 -152.64  12.0 6.0   1.50 
101309D 2009-10-13T05:37:23  52.54 -166.99  12.7 6.4   5.60 
101309J 2009-10-13T20:21:53  52.44 -167.20  12.0 6.4   6.80 
043010A 2010-04-30T23:11:43  60.45 -177.71  15.0 6.5   5.70 
043010B 2010-04-30T23:16:28  60.29 -177.47  16.0 6.3   4.10 
071810A 2010-07-18T05:56:47  52.66 -169.64  12.0 6.7   2.00 
071810D 2010-07-18T19:48:07  52.60 -169.43  12.0 6.0   2.70 
080410F 2010-08-04T12:58:24  51.12 -178.48  31.8 6.4   5.70 
090310E 2010-09-03T11:16:06  51.41 -175.97  38.7 6.5   4.20 
100810A 2010-10-08T03:26:13  51.26 -175.40  18.1 6.4   3.60 
100810B 2010-10-08T03:49:10  51.24 -175.32  17.9 6.0   2.00 
071611I 2011-07-16T19:59:12  54.50 -161.07  46.3 6.2   3.60 
090211A 2011-09-02T10:55:53  51.91 -171.56  39.4 6.9   6.00 
081012I 2012-08-10T18:37:43  52.39 -167.32  13.3 6.2   5.80 
092612G 2012-09-26T23:39:55  51.56 -178.08  15.3 6.5   4.00 
111212I 2012-11-12T20:42:14  57.70 -142.97  16.0 6.3   2.30 
083013F 2013-08-30T16:25:02  51.44 -175.12  26.7 7.0   6.70 
083113E 2013-08-31T06:38:36  51.30 -174.87  18.7 6.0   3.80 
090413C 2013-09-04T02:32:30  51.37 -174.82  21.2 6.5   4.60 
090413G 2013-09-04T06:27:05  51.41 -174.85  26.3 6.0   1.20 
091513D 2013-09-15T16:21:36  51.51 -174.67  24.1 6.1   4.20 
071714D 2014-07-17T11:49:33  60.41 -140.34  19.1 6.0   3.90 
072715D 2015-07-27T04:49:46  52.21 -169.42  27.1 6.9   6.20 
110915F 2015-11-09T16:03:46  51.55 -173.02  16.4 6.4   5.80 
031216H 2016-03-12T18:06:44  51.38 -173.82  16.5 6.4   5.70 
031916A 2016-03-19T01:35:12  51.40 -174.13  15.9 6.0   3.00 
040216A 2016-04-02T05:50:00  57.22 -157.66  12.0 6.2   8.00 
050817G 2017-05-08T17:00:47  51.76 -178.38  12.0 6.2   2.80 
081218C 2018-08-12T14:58:54  69.74 -144.78  12.0 6.4   7.90 
081218I 2018-08-12T21:15:01  69.68 -144.23  15.3 6.0   2.30 
081518B 2018-08-15T21:56:56  51.25 -177.81  35.8 6.6   2.40 
082318A 2018-08-23T03:35:12  51.26 -177.59  31.5 6.3   5.20 
123118B 2018-12-31T02:35:37  54.29 -161.41  37.5 6.1   4.10
030605E 2005-03-06T05:21:43  84.93  98.69  12.0 6.25   1.20 
040205D 2005-04-02T12:52:36  78.73   5.51  13.0 6.14   4.70 
022108A 2008-02-21T02:46:17  77.02  19.28  12.8 6.07   4.00 
030609D 2009-03-06T10:50:29  80.33  -2.32  13.0 6.47   2.80 
070709D 2009-07-07T19:11:46  75.33 -72.49  16.5 6.03   2.50 
012911C 2011-01-29T06:55:26  70.99  -6.65  17.1 6.23   3.80 
052412D 2012-05-24T22:47:46  73.01   5.59  12.0 6.26   3.00 
083012G 2012-08-30T13:43:25  71.44  -9.84  23.6 6.74  10.20 
010817G 2017-01-08T23:47:14  74.44 -92.06  33.1 6.08   1.60 
110918A 2018-11-09T01:49:40  71.51 -10.81  15.3 6.81   7.00
010600E 2000-01-06T21:31:06  16.21 119.29  15.0 6.2   3.40 
012800B 2000-01-28T14:21:07  43.08 146.81  50.0 6.8   5.00 
060300C 2000-06-03T08:54:49  35.52 140.87  48.0 6.1   2.50 
060600H 2000-06-06T14:57:02  29.31 131.53  36.0 6.3   6.40 
060700C 2000-06-07T21:46:55  26.70  97.15  37.0 6.3   4.30 
061000J 2000-06-10T18:23:29  24.02 120.90  28.0 6.4   4.60 
061500C 2000-06-15T11:10:46  29.31 132.16  15.0 6.1   5.80 
062500B 2000-06-25T06:34:42  31.06 131.55  23.0 6.0   7.20 
070100B 2000-07-01T07:01:55  34.15 139.24  15.0 6.1   4.20 
071500A 2000-07-15T01:30:30  34.29 139.31  20.3 6.0   4.80 
071600A 2000-07-16T03:21:45  20.35 121.91  22.0 6.4   1.10 
073000D 2000-07-30T12:25:45  33.92 139.44  15.0 6.5   6.50 
080400G 2000-08-04T21:13:02  48.77 142.03  15.0 6.8   9.40 
091200A 2000-09-12T00:27:58  35.50  99.48  15.0 6.1   6.00 
100300D 2000-10-03T04:13:30  39.98 143.17  15.0 6.2   4.10 
100500D 2000-10-05T20:06:14   6.52 127.33  26.2 6.1   1.40 
100600A 2000-10-06T04:30:19  35.33 133.20  15.0 6.7   6.20 
121900C 2000-12-19T13:11:47  11.70 145.18  15.0 6.1   3.80 
010101D 2001-01-01T08:54:31   7.12 127.13  44.1 6.8   7.80 
010201A 2001-01-02T07:30:03   6.76 126.96  29.5 6.4   6.90 
022401C 2001-02-24T16:33:44   1.44 126.30  29.0 6.2   9.00 
032401C 2001-03-24T06:27:53  33.97 132.52  47.4 6.8   8.60 
052501B 2001-05-25T00:40:50  44.18 148.61  32.0 6.7   7.00 
080201C 2001-08-02T23:41:06  56.26 163.93  17.0 6.3   6.10 
081301E 2001-08-13T20:11:23  41.05 142.46  44.0 6.4   6.10 
082701A 2001-08-27T01:16:47   1.34 126.56  31.7 6.1   8.00 
090201A 2001-09-02T02:25:54   1.11  82.51  15.0 6.0   3.20 
100801G 2001-10-08T18:14:26  52.59 160.56  28.0 6.4   5.80 
101201E 2001-10-12T15:02:16  12.88 145.08  42.0 7.0   6.50 
120801I 2001-12-08T20:29:34  28.21 129.51  29.0 6.2   4.10 
121801C 2001-12-18T04:02:58  24.00 122.79  16.0 6.8   6.20 
012802C 2002-01-28T13:50:28  49.32 156.10  49.0 6.1   6.30 
032602A 2002-03-26T03:45:48  22.94 124.02  17.0 6.4   2.40 
051502B 2002-05-15T03:46:05  24.66 121.66  22.4 6.1   5.20 
052802E 2002-05-28T16:45:17  23.92 122.03  19.0 6.0   1.50 
081402D 2002-08-14T13:12:39   7.74 136.92  15.0 6.2   5.60 
081402E 2002-08-14T13:57:52  13.98 146.43  38.0 6.5   6.10 
082002C 2002-08-20T10:59:32  31.07 141.95  15.0 6.0   7.30 
082402B 2002-08-24T18:40:53  42.99 146.13  33.0 6.1   5.30 
091302C 2002-09-13T22:28:29  13.33  93.17  22.0 6.5   6.50 
101402D 2002-10-14T14:12:43  41.10 142.25  48.0 6.1   2.70 
101902E 2002-10-19T12:09:05  43.95 150.16  15.0 6.3   9.10 
110202J 2002-11-02T09:46:46   2.89  96.05  27.0 6.3   6.70 
110302C 2002-11-03T03:37:42  38.84 142.14  44.0 6.4   6.60 
112002C 2002-11-20T21:32:30  35.52  74.66  15.0 6.3   5.40 
123002A 2002-12-30T04:49:08   7.39 123.41  20.0 6.3   5.00 
021503C 2003-02-15T11:01:59  12.25 123.92  15.0 6.2   3.50 
022403A 2003-02-24T02:03:41  39.37  77.24  24.0 6.3  12.20 
041703A 2003-04-17T00:48:38  37.53  96.45  16.0 6.3   7.70 
042403B 2003-04-24T10:56:22  48.66 155.40  44.0 6.0   3.90 
052603D 2003-05-26T19:23:27   2.61 128.88  34.0 6.9  10.60 
072503I 2003-07-25T22:13:30  38.52 141.10  15.0 6.0   5.80 
092103B 2003-09-21T18:16:13  19.86  95.72  15.8 6.6   9.10 
092703N 2003-09-27T18:52:47  50.09  87.75  15.0 6.4   5.90 
092903A 2003-09-29T02:36:53  42.29 144.62  35.0 6.4   8.10 
100103B 2003-10-01T01:03:25  50.24  87.59  15.0 6.6   4.80 
100803A 2003-10-08T09:06:55  42.48 144.82  36.0 6.6   6.50 
101803A 2003-10-18T22:27:13   0.72 126.17  32.7 6.3   7.20 
103103A 2003-10-31T01:06:28  37.89 142.68  15.0 7.0  12.60 
111203B 2003-11-12T00:29:45   1.66 126.74  32.0 6.2   6.00 
111803F 2003-11-18T17:14:22  12.11 125.58  36.6 6.5   3.50 
120503F 2003-12-05T21:26:09  55.68 165.53  18.0 6.6   9.40 
121003B 2003-12-10T04:38:11  22.94 121.43  25.0 6.8   9.10 
122903B 2003-12-29T01:30:54  42.35 144.82  29.0 6.1   4.00 
041104B 2004-04-11T18:06:12  42.76 145.13  45.0 6.1   4.90 
051104B 2004-05-11T08:28:48   0.18  97.58  24.0 6.1   3.00 
051904A 2004-05-19T07:04:11  22.75 121.46  25.0 6.2   2.50 
052904D 2004-05-29T20:56:09  34.20 141.87  12.0 6.3   3.50 
071104B 2004-07-11T23:08:44  30.56  83.78  13.0 6.2   6.50 
072204D 2004-07-22T09:45:14  26.47 128.95  22.0 6.0   2.10 
090604M 2004-09-06T23:29:35  33.14 137.28  12.0 6.6   7.90 
090804D 2004-09-08T14:58:25  33.14 137.32  12.0 6.1   1.20 
102304D 2004-10-23T08:56:00  37.31 138.83  13.0 6.6   3.90 
102304F 2004-10-23T09:03:12  37.42 138.92  12.0 6.1   3.20 
102304I 2004-10-23T09:34:05  37.33 138.63  27.3 6.3   4.80 
110804I 2004-11-08T15:55:01  23.86 122.43  33.0 6.3   4.60 
111104E 2004-11-11T10:02:47  42.06 144.73  37.0 6.1   2.40 
112804I 2004-11-28T18:32:14  42.88 145.36  47.0 7.0   4.90 
120604A 2004-12-06T14:15:11  42.82 145.41  36.0 6.7   3.20 
121804B 2004-12-18T06:46:19  48.77 156.58  15.0 6.2   5.50 
122604C 2004-12-26T09:20:01   8.58  92.45  12.0 6.6   9.80 
122604D 2004-12-26T10:18:13   8.91  94.11  33.3 6.3   0.80 
122604E 2004-12-26T10:19:31  13.59  92.63  26.6 6.3   2.90 
122604F 2004-12-26T11:05:00  13.49  92.84  14.0 6.2   5.10 
122604N 2004-12-26T19:19:55   2.59  94.04  12.0 6.1   4.30 
122704R 2004-12-27T09:39:06   5.21  94.48  41.0 6.0   3.80 
122904C 2004-12-29T01:50:52   9.12  93.97  12.0 6.0   5.10 
123104A 2004-12-31T02:24:00   7.10  92.43  12.0 6.1   5.30 
010105F 2005-01-01T06:25:44   4.97  92.22  12.0 6.7   3.50 
010105J 2005-01-01T19:08:07   7.15  94.49  19.8 6.1  -2.00 
010205D 2005-01-02T15:35:56   6.26  92.57  13.0 6.4   8.70 
011605C 2005-01-16T20:17:52  10.88 140.86  12.0 6.6   5.90 
011705E 2005-01-17T10:50:32  10.89 140.75  13.0 6.1   4.90 
011905A 2005-01-19T06:11:36  34.01 141.95  15.0 6.5  11.70 
012405B 2005-01-24T04:16:47   7.22  92.40  15.5 6.2   2.30 
020905D 2005-02-09T18:46:10  26.21 144.20  20.0 6.3   3.80 
021405F 2005-02-14T23:38:08  41.72  79.27  23.0 6.1   4.40 
022605C 2005-02-26T12:56:52   2.80  95.40  12.0 6.7   5.50 
032005B 2005-03-20T01:53:41  33.72 130.15  12.0 6.6   5.40 
033005J 2005-03-30T16:19:41   2.67  95.21  24.0 6.2   3.50 
040305A 2005-04-03T00:59:21   0.24  98.12  32.0 6.0   3.70 
040305C 2005-04-03T03:10:56   1.81  97.74  46.0 6.2   4.60 
040705I 2005-04-07T20:04:41  30.24  83.77  12.0 6.3   6.30 
041105C 2005-04-11T06:11:11   1.92  96.48  24.0 6.0   2.60 
041605D 2005-04-16T16:38:03   1.67  97.46  34.0 6.4   3.90 
042805A 2005-04-28T14:07:33   1.84  96.55  23.0 6.2   3.60 
051405B 2005-05-14T05:05:18   0.42  98.24  39.0 6.7   6.20 
051805D 2005-05-18T11:37:29   5.58  93.21  36.7 6.1   5.70 
051905C 2005-05-19T01:54:52   1.88  96.74  12.0 6.8   9.80 
060805C 2005-06-08T06:28:10   1.86  96.46  24.0 6.0   3.30 
070505A 2005-07-05T01:52:03   1.56  96.93  16.0 6.6   3.30 
101505A 2005-10-15T10:06:17  46.85 154.33  46.0 6.1   5.20 
101905C 2005-10-19T11:44:42  36.33 141.18  37.0 6.3   4.30 
111405C 2005-11-14T21:38:51  38.22 144.97  18.0 7.0   7.90 
111905C 2005-11-19T14:10:13   1.89  96.51  23.0 6.3   4.80 
113005D 2005-11-30T16:53:42   6.32 123.98  15.0 6.4   5.60 
120205B 2005-12-02T13:13:09  38.11 142.38  34.0 6.5   3.80 
121605D 2005-12-16T18:32:16  38.47 142.21  36.0 6.0   3.00 
122005B 2005-12-20T05:51:12  12.18 140.84  12.0 6.1   6.90 
020306F 2006-02-03T20:34:12  11.83  92.17  12.0 6.1   1.80 
021406E 2006-02-14T15:27:23  20.92 146.35  41.2 6.3   4.60 
040106H 2006-04-01T10:02:19  22.89 121.10  15.1 6.1   2.80 
041206A 2006-04-12T01:06:58  56.24 164.25  24.0 6.0   2.20 
041906H 2006-04-19T20:36:48   2.70  93.22  17.2 6.2   2.40 
042106A 2006-04-21T04:32:43  60.50 165.98  23.4 6.1   2.50 
042506F 2006-04-25T18:26:17   1.78  96.77  12.0 6.3   4.20 
051606C 2006-05-16T15:28:25   0.01  96.98  13.5 6.8   5.30 
052206D 2006-05-22T11:12:00  60.86 165.81  12.0 6.6   5.40 
062106D 2006-06-21T12:34:52   6.83  92.46  12.0 6.0   6.10 
062706L 2006-06-27T18:07:22   6.31  92.57  12.0 6.3  10.40 
072706C 2006-07-27T11:16:40   1.66  97.01  15.0 6.3   4.10 
081106H 2006-08-11T20:54:14   2.10  96.18  20.6 6.2   2.90 
093006G 2006-09-30T17:50:23  46.29 153.45  12.8 6.6   7.40 
100106G 2006-10-01T09:06:02  46.38 153.64  12.8 6.5   7.20 
100906A 2006-10-09T10:01:46  20.69 119.98  12.3 6.3   4.00 
102306G 2006-10-23T21:17:20  29.34 140.38  12.0 6.4   4.50 
111506G 2006-11-15T11:40:55  46.47 154.83  23.3 6.7   5.10 
111706K 2006-11-17T18:03:12  28.37 130.22  30.5 6.2   6.70 
112906B 2006-11-29T01:32:17   2.70 128.33  35.5 6.2   3.20 
120706F 2006-12-07T19:10:21  46.24 154.44  15.4 6.4   6.00 
122206C 2006-12-22T19:50:44  10.70  92.11  22.0 6.2   4.40 
122606C 2006-12-26T12:26:21  21.81 120.52  19.6 7.0   7.90 
122606D 2006-12-26T12:34:13  22.02 120.40  32.8 6.9   8.50 
122606E 2006-12-26T15:19:45  48.19 155.17  37.7 6.0   9.00 
010807C 2007-01-08T12:48:40   8.03  92.30  12.0 6.1   4.40 
012107C 2007-01-21T17:32:55   1.17 126.49  24.0 6.2   6.40 
012507D 2007-01-25T10:59:17  22.61 122.06  29.2 6.0  -0.20 
013007D 2007-01-30T21:37:45  20.99 145.10  22.5 6.6   4.50 
021207D 2007-02-12T12:45:32   5.58 126.61  32.0 6.1   3.90 
031707A 2007-03-17T17:42:26   1.30 126.37  40.9 6.2   5.80 
032507B 2007-03-25T00:41:57  37.28 136.61  12.0 6.7   5.60 
040707E 2007-04-07T09:51:51   2.74  95.48  12.0 6.1   2.80 
042007A 2007-04-20T00:26:40  25.61 125.05  12.0 6.1   4.30 
042007C 2007-04-20T01:45:56  25.57 125.10  12.0 6.3   3.90 
050507C 2007-05-05T08:51:39  34.33  81.97  23.9 6.1   9.10 
051607A 2007-05-16T08:56:16  20.52 100.89  12.6 6.3   1.90 
060207D 2007-06-02T21:34:57  23.02 101.13  12.0 6.1   4.20 
071607A 2007-07-16T01:13:22  37.50 138.47  12.0 6.6   7.20 
072607A 2007-07-26T05:40:16   2.95 127.47  41.9 6.9   7.90 
080207A 2007-08-02T02:37:42  46.84 141.82  12.0 6.2   8.70 
082007C 2007-08-20T13:46:17   6.19 127.72  12.0 6.4   6.50 
091307C 2007-09-13T09:48:46   3.86 126.50  22.5 6.3   2.20 
093007A 2007-09-30T02:08:30  10.51 145.68  14.2 6.9   9.40 
100407A 2007-10-04T12:40:31   2.47  92.83  12.0 6.2  -0.60 
100607B 2007-10-06T12:38:51  18.84 147.45  35.5 6.1   3.80 
102507D 2007-10-25T13:50:02  45.89 154.33  35.8 6.1   3.70 
122207E 2007-12-22T12:26:18   1.92  96.58  25.0 6.1   2.70 
122507B 2007-12-25T14:04:34  38.40 142.39  44.2 6.1   3.60 
010908A 2008-01-09T08:26:45  32.30  85.32  13.3 6.4   7.30 
012008E 2008-01-20T20:26:04   2.68 126.86  39.8 6.1   6.00 
012208F 2008-01-22T17:14:58   0.87  97.18  23.0 6.2   3.80 
022708C 2008-02-27T06:54:20  26.72 142.80  16.8 6.2   3.20 
030308B 2008-03-03T09:31:02  46.26 153.38  13.6 6.5   8.10 
030308D 2008-03-03T14:11:14  13.52 125.59  17.9 6.9   7.00 
031508B 2008-03-15T14:43:25   2.47  94.51  12.0 6.0   4.10 
032908G 2008-03-29T17:30:50   2.66  95.17  20.0 6.3   7.60 
050708E 2008-05-07T16:02:02  36.12 141.89  23.9 6.2   4.70 
050708F 2008-05-07T16:16:36  36.11 141.98  23.2 6.1   4.10 
050708G 2008-05-07T16:45:20  36.18 141.61  26.3 6.8   6.80 
051208C 2008-05-12T11:11:02  31.31 103.62  14.9 6.1   2.70 
051908F 2008-05-19T14:26:45   1.64  99.14  16.1 6.0   3.90 
052508C 2008-05-25T08:21:48  32.57 105.45  27.0 6.1   3.70 
060108B 2008-06-01T01:57:24  20.17 121.19  31.0 6.3   2.90 
061308H 2008-06-13T23:43:45  39.03 140.85  12.0 6.9   7.80 
062208E 2008-06-22T23:56:30  67.71 141.43  21.5 6.1   9.00 
062708B 2008-06-27T11:40:14  10.92  91.82  17.1 6.6   5.20 
062808F 2008-06-28T12:54:46  10.90  91.80  12.0 6.1   3.90 
071308B 2008-07-13T14:58:32  21.04 121.05  14.9 6.2   4.60 
071908B 2008-07-19T02:39:28  37.47 142.42  21.8 6.9   6.10 
072408A 2008-07-24T01:43:16  50.71 158.15  42.0 6.2   6.60 
081008C 2008-08-10T08:20:31  10.96  91.83  15.8 6.2   5.70 
082108C 2008-08-21T12:24:29  24.92  97.99  18.2 6.0   6.20 
082508C 2008-08-25T13:21:58  30.61  83.51  17.3 6.7   9.70 
082708A 2008-08-27T01:35:32  51.76 104.02  23.5 6.3   6.40 
091108B 2008-09-11T00:20:50  41.79 144.11  20.0 6.8   5.20 
100508E 2008-10-05T15:52:49  39.50  73.64  12.0 6.7  11.70 
100608B 2008-10-06T08:30:45  29.66  90.50  12.0 6.3   6.80 
111008A 2008-11-10T01:22:02  37.51  95.75  27.2 6.3   7.60 
122008B 2008-12-20T10:29:23  36.56 142.54  12.0 6.3   6.10 
021209C 2009-02-12T03:49:39   4.08 126.69  24.5 6.0   3.70 
021209I 2009-02-12T13:15:06   4.08 126.73  28.8 6.2   5.10 
031609C 2009-03-16T14:15:56   3.77 126.68  20.5 6.3   7.50 
040709A 2009-04-07T04:23:33  46.00 151.99  43.2 6.9   7.80 
041909B 2009-04-19T05:23:25   4.14 126.87  25.1 6.1   4.00 
060509A 2009-06-05T03:30:33  41.70 143.72  31.6 6.3   4.50 
061409B 2009-06-14T05:58:43   5.32 126.60  36.7 6.1   5.50 
071309C 2009-07-13T18:05:01  23.95 122.03  26.2 6.3   5.20 
080509A 2009-08-05T00:17:58  24.16 125.26  31.1 6.1   2.60 
081709A 2009-08-17T00:05:49  23.29 123.57  24.3 6.7   4.10 
081709B 2009-08-17T10:10:55  23.34 123.51  12.0 6.1   2.90 
082809B 2009-08-28T01:52:06  37.64  95.76  12.0 6.3   6.10 
092109C 2009-09-21T08:53:05  27.20  91.63  12.0 6.1   4.50 
101309G 2009-10-13T11:38:05   3.09 128.05  38.5 6.0   4.90 
103009B 2009-10-30T07:03:39  28.97 130.22  37.9 6.8   6.50 
112809J 2009-11-28T18:10:20   5.39 126.54  24.8 6.1   3.90 
121909A 2009-12-19T13:02:17  23.70 121.66  48.2 6.4   3.20 
010210G 2010-01-02T08:45:32  12.32 141.77  12.0 6.0   6.80 
020710A 2010-02-07T06:10:00  23.35 123.66  27.7 6.3   3.90 
022610G 2010-02-26T20:31:27  25.86 128.61  18.0 7.0   2.70 
030410A 2010-03-04T00:18:51  22.86 120.56  29.1 6.3   4.10 
031410C 2010-03-14T08:08:04  37.70 141.98  45.9 6.5   4.30 
033010B 2010-03-30T16:54:46  13.58  92.76  30.5 6.6   7.70 
041310K 2010-04-13T23:49:38  33.05  96.79  15.7 6.9   7.60 
041410A 2010-04-14T01:25:15  33.18  96.53  17.9 6.1   2.20 
042610A 2010-04-26T02:59:52  22.23 123.73  24.2 6.5   1.90 
052610A 2010-05-26T08:53:08  25.80 130.01  12.0 6.4   6.90 
061810A 2010-06-18T02:23:05  44.34 148.94  31.5 6.2   6.00 
070410E 2010-07-04T21:55:52  39.68 142.77  35.3 6.3   3.60 
071010C 2010-07-10T11:43:32  11.09 146.09  13.7 6.3   3.60 
073010A 2010-07-30T03:56:13  52.27 160.37  29.3 6.3   5.50 
080310C 2010-08-03T12:08:26   1.40 126.40  40.8 6.3   4.40 
081310F 2010-08-13T21:19:33  12.46 141.52  12.0 6.9  10.20 
081410C 2010-08-14T07:30:16  12.27 141.38  12.0 6.1   1.70 
081410K 2010-08-14T23:01:04  12.24 141.37  12.0 6.3  10.50 
081810A 2010-08-18T16:28:15  12.31 141.42  12.0 6.2   7.10 
100410F 2010-10-04T13:28:38  24.09 125.26  32.2 6.3   2.30 
122210S 2010-12-22T21:49:38  26.79 143.69  30.8 6.4   6.90 
012611E 2011-01-26T15:42:29   1.87  96.52  22.7 6.0   5.90 
022011D 2011-02-20T21:43:24  55.80 162.60  25.0 6.2   3.90 
030911E 2011-03-09T18:16:16  38.33 142.80  28.6 6.1   2.50 
030911I 2011-03-09T21:24:02  38.27 142.82  22.6 6.5   6.30 
031111E 2011-03-11T18:59:16  37.06 138.60  12.0 6.3   4.80 
031111F 2011-03-11T19:02:59  39.43 143.01  30.0 6.2   1.10 
031111G 2011-03-11T19:46:50  40.37 139.09  14.1 6.2   2.70 
031111H 2011-03-11T20:11:24  38.98 142.68  12.0 6.1   3.00 
031211C 2011-03-12T01:47:15  37.57 142.84  13.6 6.5   4.70 
031211Q 2011-03-12T13:15:41  37.23 141.53  45.5 6.2   3.20 
031311B 2011-03-13T01:26:04  35.74 141.81  12.0 6.2   5.00 
031411G 2011-03-14T06:12:36  37.77 142.62  20.5 6.0   3.40 
031511M 2011-03-15T13:27:56  37.67 142.13  27.8 6.1   4.80 
031511O 2011-03-15T15:23:54  40.36 143.50  22.9 6.0   3.90 
031711D 2011-03-17T04:13:56  40.17 142.55  40.8 6.1   5.30 
032211D 2011-03-22T07:18:45  37.11 144.00  12.3 6.4   6.10 
032211E 2011-03-22T09:19:06  37.38 141.78  29.9 6.2   3.40 
032211F 2011-03-22T09:44:28  39.84 143.81  12.6 6.3   6.80 
032411C 2011-03-24T13:55:11  20.62 100.02  13.2 6.8   5.70 
032511D 2011-03-25T11:36:24  38.78 142.17  45.9 6.2   3.00 
032711F 2011-03-27T22:23:58  38.40 142.09  21.7 6.2   3.10 
032911C 2011-03-29T10:54:33  37.47 142.37  18.0 6.2   2.80 
033111C 2011-03-31T07:15:30  38.97 142.05  49.5 6.0   3.40 
041111D 2011-04-11T08:16:12  37.00 140.54  12.0 6.7   6.80 
041111I 2011-04-11T23:08:16  35.42 140.85  16.1 6.2   2.80 
041311G 2011-04-13T19:57:25  39.63 143.59  14.7 6.0   3.60 
042111E 2011-04-21T13:37:03  35.56 140.78  42.5 6.2   4.00 
050511F 2011-05-05T14:58:18  38.24 144.17  13.9 6.1   4.20 
051311I 2011-05-13T23:35:52  37.31 141.67  41.3 6.1   3.40 
060311A 2011-06-03T00:05:00  37.35 143.96  20.5 6.1   2.00 
062211C 2011-06-22T21:50:52  39.99 142.51  41.3 6.7   4.90 
071011A 2011-07-10T00:57:10  37.98 143.33  22.0 7.0   5.50 
071111P 2011-07-11T20:47:04   9.65 122.11  16.8 6.5   7.30 
072311B 2011-07-23T04:34:24  38.96 142.10  47.0 6.3   3.70 
072411F 2011-07-24T18:51:24  37.70 141.66  47.7 6.3   5.10 
080411F 2011-08-04T13:51:34  48.70 155.28  43.5 6.1   3.30 
081711D 2011-08-17T11:44:08  36.80 143.84  12.0 6.2   3.70 
081911B 2011-08-19T05:36:33  37.69 141.71  48.5 6.3   3.00 
091511C 2011-09-15T08:00:09  36.22 141.54  27.9 6.2   3.60 
091611C 2011-09-16T19:26:41  40.20 143.22  22.5 6.7   9.60 
091611E 2011-09-16T21:08:05  40.28 143.28  28.0 6.0   4.00 
091811D 2011-09-18T12:40:51  27.44  88.35  46.0 6.9   8.10 
101411B 2011-10-14T06:10:14  54.17 123.77  21.8 6.0   1.40 
112311D 2011-11-23T19:24:31  37.32 141.65  40.7 6.1   3.40 
112411A 2011-11-24T10:25:34  41.79 142.94  43.5 6.2   3.60 
113011A 2011-11-30T00:27:07  15.54 118.97  12.3 6.0   2.10 
122711C 2011-12-27T15:21:56  51.78  95.91  19.5 6.7   7.00 
020612A 2012-02-06T03:49:12  10.03 123.26  12.0 6.7   6.70 
020612C 2012-02-06T10:10:19   9.90 123.13  12.0 6.0   1.70 
022612E 2012-02-26T06:17:19  51.69  96.00  20.5 6.6   4.50 
031412C 2012-03-14T09:08:35  40.88 144.93  13.0 6.9   7.70 
031412D 2012-03-14T10:49:24  40.91 144.90  19.0 6.1   3.70 
032712C 2012-03-27T11:00:44  39.76 142.22  13.8 6.0   3.70 
041512A 2012-04-15T05:57:40   2.49  90.31  33.0 6.3   2.50 
052012F 2012-05-20T07:20:36  39.61 143.58  17.2 6.4   7.10 
060512F 2012-06-05T19:31:33  34.96 141.21  15.4 6.1   4.20 
061712H 2012-06-17T20:32:20  38.92 142.15  47.0 6.3   4.90 
062412B 2012-06-24T03:15:01  57.55 163.67  12.7 6.0   4.80 
062912D 2012-06-29T21:07:33  43.42  84.72  27.6 6.3   1.60 
072512A 2012-07-25T00:27:45   2.46  95.93  20.0 6.4   3.90 
081212B 2012-08-12T10:47:06  35.88  82.52  16.7 6.2   5.60 
100112D 2012-10-01T22:21:46  39.86 143.30  21.1 6.0   4.80 
110212H 2012-11-02T18:17:32   9.23 126.48  46.1 6.1   3.20 
111112A 2012-11-11T01:12:38  22.73  96.03  16.8 6.8  16.60 
111612G 2012-11-16T18:12:39  49.22 155.87  40.9 6.5   5.10 
120712F 2012-12-07T08:31:14  37.94 143.90  24.9 6.2   2.40 
121112C 2012-12-11T06:18:27   0.65 126.20  31.4 6.0   4.60 
012113E 2013-01-21T22:22:52   4.95  96.02  17.1 6.1   2.30 
012813B 2013-01-28T16:38:53  42.57  79.76  24.4 6.2   3.10 
021413C 2013-02-14T13:13:53  67.65 142.51  12.0 6.7   6.30 
022813B 2013-02-28T14:05:50  50.83 157.93  45.1 6.8   8.70 
030113B 2013-03-01T12:53:51  50.70 157.75  44.4 6.4   7.50 
030113C 2013-03-01T13:20:49  50.68 157.90  41.1 6.5   5.30 
032413B 2013-03-24T04:18:34  50.68 160.36  12.0 6.0   4.30 
041913D 2013-04-19T19:58:40  49.92 157.95  17.8 6.1   5.40 
042013A 2013-04-20T00:02:47  30.22 103.12  21.9 6.6   5.60 
042013G 2013-04-20T13:12:50  49.97 157.58  23.4 6.1   5.30 
051813C 2013-05-18T05:47:59  37.71 141.72  49.6 6.0   3.80 
052113A 2013-05-21T01:55:08  52.34 160.81  18.2 6.0   4.40 
052113H 2013-05-21T05:43:21  52.19 160.34  28.7 6.1   5.20 
060213D 2013-06-02T05:43:03  23.84 120.82  19.2 6.3   3.30 
070213B 2013-07-02T07:37:02   4.74  96.68  15.9 6.1   2.90 
103113F 2013-10-31T12:02:08  23.64 121.39  19.9 6.3   4.20 
111213A 2013-11-12T07:03:51  54.79 162.29  29.9 6.5   3.80 
111913B 2013-11-19T13:32:51   2.79 128.34  37.6 6.1   4.30 
120113D 2013-12-01T06:29:57   1.91  96.58  21.2 6.0   5.90 
120813F 2013-12-08T17:24:54  44.53 149.24  27.6 6.1   3.70 
121713G 2013-12-17T23:38:06  20.86 146.99  12.0 6.2   4.80 
021214B 2014-02-12T09:19:49  36.22  82.57  18.3 6.9   8.50 
032114A 2014-03-21T13:41:09   7.73  94.32  15.5 6.4   3.00 
050514D 2014-05-05T11:08:43  19.72  99.68  12.0 6.2   3.40 
051414J 2014-05-14T20:56:13   6.55 144.91  19.7 6.2   3.90 
051514A 2014-05-15T08:16:34   6.58 144.87  19.6 6.3   4.70 
051514B 2014-05-15T10:16:42   9.40 121.92  24.0 6.3   5.50 
051814B 2014-05-18T01:02:32   4.33  92.69  45.6 6.0   1.40 
070514C 2014-07-05T09:39:27   1.72  96.74  20.0 6.1   2.80 
071114G 2014-07-11T19:22:00  36.97 142.39  12.0 6.5   5.20 
071414C 2014-07-14T07:59:57   5.64 126.55  28.6 6.2   6.20 
080314A 2014-08-03T00:22:03   0.89 146.23  19.4 6.8   8.20 
080314E 2014-08-03T08:30:13  27.06 103.50  14.6 6.2   2.50 
081014A 2014-08-10T03:43:17  41.25 142.37  48.9 6.1   3.90 
100714G 2014-10-07T13:49:39  23.38 100.54  12.1 6.1   3.90 
101114A 2014-10-11T02:35:47  41.06 143.25  24.0 6.0   4.40 
112114D 2014-11-21T10:10:19   2.60 127.08  30.1 6.5   5.80 
112214D 2014-11-22T08:55:26  30.24 101.78  24.6 6.1   3.80 
112214E 2014-11-22T13:08:18  36.76 137.88  12.0 6.2   5.00 
112614G 2014-11-26T14:33:43   2.11 126.44  35.2 6.8   6.40 
122114G 2014-12-21T11:34:13   2.29 126.51  33.4 6.4   4.70 
122914A 2014-12-29T09:29:37   8.68 121.45  15.0 6.1   3.50 
021315I 2015-02-13T20:06:32  22.65 121.39  29.8 6.2   3.50 
021615D 2015-02-16T23:06:28  39.78 143.22  22.2 6.7  11.40 
022015A 2015-02-20T04:25:23  39.85 143.83  12.0 6.2   5.10 
031715B 2015-03-17T22:12:28   1.78 126.48  41.9 6.3   3.20 
042015A 2015-04-20T01:42:58  23.96 122.31  34.4 6.4   2.50 
042015E 2015-04-20T12:00:00  23.84 122.44  35.1 6.0   2.70 
042515C 2015-04-25T06:45:21  27.86  84.93  21.0 6.7   8.10 
042615B 2015-04-26T07:09:10  27.56  85.95  20.6 6.7   9.40 
051215C 2015-05-12T07:36:54  27.37  86.35  20.1 6.1   5.10 
051215D 2015-05-12T21:12:58  38.89 142.29  43.9 6.8   7.20 
053015G 2015-05-30T18:49:07  30.80 143.00  17.5 6.2   5.50 
070315A 2015-07-03T01:07:47  37.58  78.14  15.6 6.4   3.30 
070315D 2015-07-03T06:43:21  10.08 126.25  43.8 6.1   2.90 
091615B 2015-09-16T07:40:58   2.01 126.47  33.0 6.3   3.90 
110815M 2015-11-08T16:47:02   6.76  94.78  14.8 6.5  10.10 
111315D 2015-11-13T20:51:31  31.13 128.67  12.0 6.8  12.00 
122015C 2015-12-20T18:47:36   3.66 117.56  12.0 6.0   1.50 
011116B 2016-01-11T16:38:05   3.84 127.05  12.0 6.5   5.70 
020516E 2016-02-05T19:57:27  22.94 120.43  17.3 6.4   4.00 
021716E 2016-02-17T17:26:02   0.84 128.98  15.5 6.1   2.80 
032016C 2016-03-20T22:50:20  54.30 163.15  37.6 6.4   6.00 
041416F 2016-04-14T12:26:35  32.77 130.74  14.8 6.2   4.60 
060716I 2016-06-07T19:15:15   1.41 126.35  31.4 6.4   4.20 
082016E 2016-08-20T09:01:26  40.33 143.91  12.0 6.0   4.60 
092316A 2016-09-23T00:14:34  34.47 141.74  12.0 6.2   5.10 
102116A 2016-10-21T05:07:23  35.40 133.72  16.2 6.2   4.00 
112116G 2016-11-21T20:59:49  37.31 141.46  12.0 6.9   8.90 
112516C 2016-11-25T14:24:30  39.27  74.14  19.1 6.6   7.00 
120616E 2016-12-06T22:03:33   5.28  96.22  17.5 6.6   6.10 
120816C 2016-12-08T05:15:04  43.98  86.32  20.3 6.0   1.90 
121416A 2016-12-14T02:01:22  21.22 144.29  12.0 6.0   2.30 
121816G 2016-12-18T09:47:06   8.34 137.55  15.7 6.1   2.30 
021017D 2017-02-10T14:03:43   9.85 125.49  12.0 6.5   3.60 
032917C 2017-03-29T04:09:24  57.00 163.15  17.1 6.6   6.60 
042817E 2017-04-28T20:23:17   5.49 124.89  31.4 6.9   6.30 
050917B 2017-05-09T01:54:14  24.28 126.28  18.6 6.1   3.20 
070617B 2017-07-06T08:03:57  11.15 124.68  12.0 6.5   3.10 
080817C 2017-08-08T13:19:49  33.21 103.89  16.2 6.5   3.70 
080817F 2017-08-08T23:27:53  44.40  82.74  27.6 6.3   4.70 
092017F 2017-09-20T16:37:16  38.02 144.69  17.3 6.2   3.50 
100617C 2017-10-06T07:59:32  37.48 144.00  13.8 6.2   3.40 
111717I 2017-11-17T22:34:19  29.69  95.14  12.0 6.5   5.80 
120817A 2017-12-08T00:22:54  10.09 140.17  15.6 6.4   4.10 
120817D 2017-12-08T09:51:08  10.00 140.15  12.0 6.3   3.20 
120917B 2017-12-09T15:14:24  10.03 140.17  12.0 6.1   3.20 
012418C 2018-01-24T10:51:19  41.07 142.55  43.6 6.4   5.30 
020418D 2018-02-04T13:56:42  24.14 121.70  15.0 6.2   2.40 
020618F 2018-02-06T15:50:43  24.00 121.54  13.9 6.4   5.60 
040518B 2018-04-05T03:53:38   6.69 126.88  45.5 6.1   3.60 
041518C 2018-04-15T19:30:43   1.51 126.85  40.2 6.0   4.20 
050518A 2018-05-05T06:19:05  14.55 124.02  24.3 6.2   3.20 
081018J 2018-08-10T18:12:07  48.43 155.27  26.6 6.1   4.60 
081618D 2018-08-16T18:22:53  23.43 143.62  20.1 6.3   6.10 
090518E 2018-09-05T18:07:59  42.75 142.04  30.8 6.7  10.40 
090818C 2018-09-08T07:16:49   7.14 126.43  15.1 6.1   3.10 
100918B 2018-10-09T07:45:11  49.27 156.61  22.6 6.1   4.90 
101018M 2018-10-10T23:16:02  49.18 156.66  21.6 6.5   6.20 
122418G 2018-12-24T12:41:19  55.33 164.60  16.9 6.1   3.50
112500D 2000-11-25T18:09:11  40.24  49.95  15.0 6.8   8.50 
112500E 2000-11-25T18:10:47  40.41  50.27  26.4 6.5  14.60 
120600C 2000-12-06T17:11:06  39.60  54.87  33.0 7.0   8.30 
072601A 2001-07-26T00:21:36  38.96  24.29  15.0 6.4   7.40 
020302A 2002-02-03T07:11:28  38.62  31.21  15.0 6.5  14.70 
032502C 2002-03-25T14:56:33  36.28  69.06  15.0 6.1   7.40 
062202B 2002-06-22T02:58:21  35.82  48.97  15.0 6.5   7.50 
012703A 2003-01-27T05:26:23  39.58  39.66  15.0 6.0   7.80 
050103B 2003-05-01T00:27:04  39.04  40.53  15.0 6.3   7.00 
052103H 2003-05-21T18:44:20  36.93   3.58  15.0 6.8  10.20 
081403B 2003-08-14T05:14:54  38.70  20.67  15.0 6.2  13.50 
122603B 2003-12-26T01:56:52  29.10  58.24  15.0 6.6   5.70 
022404C 2004-02-24T02:27:46  35.29  -3.84  12.0 6.3   7.20 
052804A 2004-05-28T12:38:44  36.55  51.58  22.0 6.3   4.50 
022205A 2005-02-22T02:25:22  30.76  56.81  12.0 6.4   7.20 
082605E 2005-08-26T18:16:33  14.57  51.96  14.0 6.1   5.80 
100805B 2005-10-08T10:46:28  34.70  73.12  12.0 6.4   5.80 
022806C 2006-02-28T07:31:02  27.86  56.87  25.4 6.0   4.40 
033106A 2006-03-31T01:17:01  33.74  48.73  17.0 6.1   8.90 
123006B 2006-12-30T08:30:49  13.67  51.44  16.0 6.6  10.90 
010807D 2007-01-08T17:21:50  39.85  70.17  22.8 6.0   4.20 
011707H 2007-01-17T23:18:50  10.21  58.59  22.9 6.2   4.10 
021408F 2008-02-14T10:09:22  36.24  21.79  20.0 6.8   6.30 
021408G 2008-02-14T12:08:55  36.29  21.67  15.0 6.5   6.90 
022008D 2008-02-20T18:27:06  36.24  21.73  17.6 6.2   6.80 
060808B 2008-06-08T12:25:29  37.93  21.63  24.7 6.4   7.20 
071508A 2008-07-15T03:26:34  35.67  27.69  42.2 6.4   5.10 
091008D 2008-09-10T11:00:34  26.65  55.72  12.0 6.1   4.30 
102808G 2008-10-28T23:09:57  30.40  67.48  17.2 6.4   4.30 
102908B 2008-10-29T11:32:43  30.29  67.57  12.0 6.4   5.50 
040609A 2009-04-06T01:32:39  42.29  13.35  12.0 6.3  10.20 
070109B 2009-07-01T09:30:10  34.00  25.50  12.0 6.4   9.70 
030810A 2010-03-08T02:32:34  38.82  40.04  15.1 6.1   2.70 
122010E 2010-12-20T18:41:59  28.10  59.11  14.8 6.5   7.30 
012711D 2011-01-27T08:38:28  28.02  59.02  14.3 6.2   3.10 
071911G 2011-07-19T19:35:43  40.28  71.36  28.8 6.2   5.00 
052012B 2012-05-20T02:03:51  44.89  11.44  12.0 6.1   4.40 
061012C 2012-06-10T12:44:16  36.28  29.06  28.4 6.1   2.40 
081112C 2012-08-11T12:23:18  38.31  46.80  15.0 6.5   2.70 
081112D 2012-08-11T12:34:35  38.35  46.78  19.2 6.4   3.60 
040913D 2013-04-09T11:52:49  28.27  51.62  12.0 6.3   4.60 
051113A 2013-05-11T02:08:08  26.55  57.73  12.0 6.2   3.60 
061513B 2013-06-15T16:11:02  34.20  25.06  12.0 6.3   3.30 
061613F 2013-06-16T21:39:05  34.22  25.19  20.0 6.1   1.60 
092813B 2013-09-28T07:34:07  27.11  65.50  15.0 6.8   4.90 
101213C 2013-10-12T13:11:53  35.37  23.37  15.0 6.8   3.10 
012614J 2014-01-26T13:55:42  38.08  20.40  15.2 6.1   6.60 
020314A 2014-02-03T03:08:46  38.07  20.37  12.0 6.0   2.20 
052414C 2014-05-24T09:25:03  40.30  25.67  12.0 6.9  15.70 
071914E 2014-07-19T14:14:01  11.80  57.67  12.0 6.0   0.90 
081814A 2014-08-18T02:32:05  32.59  47.53  12.0 6.2   4.70 
041615B 2015-04-16T18:07:43  35.03  26.85  24.0 6.1   5.00 
111715C 2015-11-17T07:10:07  38.47  20.53  15.0 6.5   5.60 
012516B 2016-01-25T04:22:02  35.59  -3.60  12.0 6.4   3.70 
062616F 2016-06-26T11:17:11  39.47  73.43  16.9 6.4   8.00 
082416A 2016-08-24T01:36:32  42.64  13.22  12.0 6.2   3.20 
102616F 2016-10-26T19:18:08  42.88  13.11  12.0 6.1   3.20 
103016B 2016-10-30T06:40:18  42.75  13.16  12.0 6.6   5.30 
020717D 2017-02-07T22:03:55  25.01  63.25  14.0 6.4   3.50 
040517B 2017-04-05T06:09:12  35.81  60.37  12.0 6.0   0.30 
050317A 2017-05-03T04:47:13  39.50  71.42  24.3 6.0   2.10 
061217C 2017-06-12T12:28:39  38.81  26.32  12.0 6.4   2.70 
072017D 2017-07-20T22:31:11  36.79  27.56  12.0 6.6   5.20 
120117C 2017-12-01T02:32:46  30.64  57.16  12.0 6.1   0.60 
121217A 2017-12-12T08:43:18  30.66  57.10  12.0 6.0   1.00 
121217C 2017-12-12T21:41:31  30.74  57.13  12.0 6.0   0.90 
071518A 2018-07-15T01:57:19  13.99  51.59  23.4 6.1   3.90 
082518E 2018-08-25T22:13:25  34.49  46.10  16.0 6.0   1.60 
102518H 2018-10-25T22:54:52  37.27  20.60  16.0 6.8   6.30 
112518J 2018-11-25T16:37:32  34.24  45.58  23.2 6.3   1.30
030701E 2001-03-07T18:10:58  -6.93 -12.71  15.0 5.93   9.00 
092103C 2003-09-21T23:15:12  -0.80 -13.77  15.0 5.99   9.20 
030906K 2006-03-09T17:55:55   0.79 -25.97  16.7 5.97   5.40 
060609I 2009-06-06T20:33:28  23.94 -46.12  12.0 6.00   4.20 
032211K 2011-03-22T13:31:28 -33.11 -15.74  12.0 5.91   5.10 
072711F 2011-07-27T23:00:30  10.90 -43.34  15.1 5.93   3.40 
081011E 2011-08-10T23:45:43  -6.89 -12.60  18.4 5.97   5.60 
112911A 2011-11-29T00:30:29  -1.28 -15.60  12.0 5.93   6.20 
090513A 2013-09-05T04:01:36  15.29 -45.03  12.0 5.98   2.20 
122813E 2013-12-28T18:59:04  -1.08 -15.03  19.8 5.90   4.70 
032914C 2014-03-29T07:46:50  -0.69 -21.73  24.1 5.91   5.60 
091815G 2015-09-18T15:59:42  15.38 -45.81  12.0 5.99   3.10 
072616A 2016-07-26T05:49:19  -0.09 -18.63  27.6 5.97   5.10 
050217B 2017-05-02T15:10:22 -11.63 -13.97  12.0 5.95   4.90 
072717B 2017-07-27T17:53:24  13.42 -49.39  28.7 5.97   4.80 
031018D 2018-03-10T21:45:36  -1.12 -15.12  19.5 5.96   3.50 
072318E 2018-07-23T10:35:59  -0.18 -19.18  12.0 5.95   3.00
052200B 2000-05-22T04:24:38   0.85 -25.75  15.0 5.84   9.80 
030202A 2002-03-02T03:14:54 -35.45 -17.23  15.0 5.85   5.80 
032802E 2002-03-28T05:48:25  23.38 -45.01  15.0 5.83  11.70 
080402C 2002-08-04T15:16:27 -35.29 -16.17  15.0 5.88   7.10 
092404A 2004-09-24T10:34:53   0.87 -25.66  12.0 5.82   7.90 
072708D 2008-07-27T21:15:41  -0.01 -18.16  23.1 5.87   6.40 
022710E 2010-02-27T19:54:28  10.83 -43.39  14.0 5.84   6.00 
041012B 2012-04-10T05:09:08  -0.87 -13.92  20.5 5.87   4.40 
052414D 2014-05-24T11:49:26   0.84 -25.82  18.6 5.82  11.20 
061314D 2014-06-13T19:30:29 -46.23 -13.62  12.0 5.82   4.70 
072416F 2016-07-24T14:10:51   0.97 -28.77  23.0 5.83   4.80 
080318C 2018-08-03T18:50:53  -0.69 -21.69  21.1 5.84   8.10
102700C 2000-10-27T09:10:05  -1.27 -23.77  15.0 5.80   5.30 
080302C 2002-08-03T14:18:13  -0.86 -14.39  15.0 5.71   6.40 
122303C 2003-12-23T05:58:37  -0.52 -20.38  16.0 5.75   7.20 
021706C 2006-02-17T13:24:02  -1.16 -15.13  18.8 5.75   8.20 
082007B 2007-08-20T12:37:06  -0.02 -18.14  20.8 5.74   4.50 
120607G 2007-12-06T17:12:03  22.75 -45.00  12.0 5.71   3.00 
090508D 2008-09-05T19:07:38  -0.88 -13.79  12.0 5.77   4.10 
091608B 2008-09-16T07:28:25   0.95 -28.80  20.8 5.78   5.90 
100308D 2008-10-03T05:26:20   7.76 -37.00  16.7 5.70   5.50 
122008H 2008-12-20T21:05:16 -31.23 -13.27  12.0 5.78   6.20 
012710F 2010-01-27T17:42:45 -14.04 -14.43  12.0 5.80   4.40 
072010D 2010-07-20T17:19:50 -29.08 -12.99  12.0 5.76   4.00 
112710A 2010-11-27T02:44:52  10.93 -43.33  20.8 5.75   4.30 
042112B 2012-04-21T01:19:28 -35.39 -15.85  18.9 5.74   5.90 
062912C 2012-06-29T15:31:46 -24.63  -9.67  12.0 5.79   1.20 
051013D 2013-05-10T19:56:04 -29.02 -12.97  12.0 5.77   6.50 
060713F 2013-06-07T20:13:13 -43.93 -15.93  12.0 5.72   3.50 
043014J 2014-04-30T15:52:40  -0.69 -13.53  14.9 5.78   8.10 
102016A 2016-10-20T00:09:26  13.44 -44.81  12.0 5.72   3.50 
100617G 2017-10-06T17:41:23 -35.27 -15.47  20.6 5.72   7.00 
100718A 2018-10-07T00:10:04   7.80 -37.73  12.1 5.73   2.10 
112718K 2018-11-27T12:03:27  -0.71 -13.58  18.1 5.70   4.10 
021800B 2000-02-18T08:06:15  16.76 -46.51  15.0 5.60   5.70 
092300B 2000-09-23T02:17:44   4.23 -32.56  15.0 5.68   5.10 
103000A 2000-10-30T01:03:26   0.81 -25.67  15.0 5.61   5.20 
012401B 2001-01-24T05:34:32  -0.46 -19.83  15.0 5.66   6.10 
071201A 2001-07-12T06:12:16  -7.52 -13.76  15.0 5.63   7.20 
061202G 2002-06-12T19:52:47  -0.37 -20.73  15.0 5.60   6.20 
062502G 2002-06-25T21:47:23  -5.06 -12.67  15.0 5.60   5.50 
092602B 2002-09-26T12:55:29 -20.29 -12.00  15.0 5.66   3.70 
030406A 2006-03-04T00:53:31   1.09 -28.01  20.4 5.61   2.70 
041006C 2006-04-10T06:26:13   7.77 -36.98  18.7 5.68   4.70 
060506F 2006-06-05T06:34:31   1.07 -28.02  26.0 5.68   4.90 
092607E 2007-09-26T18:39:34  -6.66 -11.59  12.0 5.63   3.20 
042708D 2008-04-27T14:35:29 -35.44 -16.28  16.4 5.62   5.30 
100308E 2008-10-03T05:30:24   7.75 -37.24  24.4 5.60   3.60 
120708A 2008-12-07T06:23:09  13.44 -44.83  12.0 5.63   2.90 
010209E 2009-01-02T19:42:27   0.94 -26.99  14.4 5.61   4.80 
080210B 2010-08-02T03:30:02   7.25 -34.38  18.2 5.63   8.20 
021211B 2011-02-12T02:53:15   0.31 -17.05  15.0 5.65   4.90 
042411D 2011-04-24T21:09:32 -35.49 -16.93  18.0 5.65   5.60 
070811E 2011-07-08T05:53:03   1.07 -26.40  12.0 5.60   2.20 
081411B 2011-08-14T01:29:39  -0.96 -14.43  25.4 5.65   6.00 
110312C 2012-11-03T12:58:12   7.27 -34.02  15.0 5.67   2.50 
063014A 2014-06-30T01:46:22   0.24 -17.25  14.1 5.65   2.60 
072315A 2015-07-23T03:56:53  -0.60 -21.05  25.3 5.62   3.40 
012716E 2016-01-27T15:11:17   1.13 -27.98  17.7 5.69   4.70 
042016G 2016-04-20T10:51:42  13.27 -55.91  40.8 5.62   2.00 
100516H 2016-10-05T20:53:39   7.30 -34.33  14.9 5.70   5.90 
102716A 2016-10-27T01:03:12  -1.20 -15.44  16.7 5.61   4.60 
100317C 2017-10-03T20:39:04  13.51 -49.35  19.1 5.62   3.20 
052318B 2018-05-23T05:44:43   7.58 -36.31  15.7 5.66   2.70 
052418G 2018-05-24T23:11:47   0.88 -29.37  18.8 5.62   5.30 
100518D 2018-10-05T14:59:44  -5.64 -11.45  12.0 5.65   5.00 
110918C 2018-11-09T07:54:52 -42.91 -15.95  12.0 5.69   2.80
111501A 2001-11-15T01:03:06  -1.14 -15.39  15.0 6.3   6.80 
030203B 2003-03-02T16:42:56 -36.67 -20.67  15.0 6.0   9.20 
110903F 2003-11-09T19:52:36  -0.27 -19.26  15.0 6.6  15.40 
122103B 2003-12-21T07:40:45  -0.39 -20.13  15.0 6.5  20.30 
011604D 2004-01-16T18:07:55   7.79 -37.73  15.0 6.2   3.00 
030804D 2004-03-08T23:39:11  10.94 -43.28  12.0 6.0   6.60 
011205A 2005-01-12T08:40:03  -0.47 -20.53  12.0 6.8  18.60 
021605E 2005-02-16T20:27:52 -35.39 -16.00  13.0 6.6  15.10 
060506E 2006-06-05T06:27:08   1.12 -27.80  15.6 6.0   7.90 
050407B 2007-05-04T12:06:52  -1.12 -14.92  12.7 6.2   6.50 
070307A 2007-07-03T08:26:00   0.81 -30.04  17.0 6.3   6.60 
073107F 2007-07-31T22:55:31   0.04 -17.86  21.8 6.2   7.40 
082007F 2007-08-20T22:42:29   8.19 -39.17  12.0 6.5   6.30 
020808C 2008-02-08T09:38:14  10.85 -41.71  16.8 6.9   8.70 
042408B 2008-04-24T12:14:49  -1.14 -23.87  15.4 6.5  15.10 
052308C 2008-05-23T19:35:34   7.51 -35.01  12.6 6.5   6.00 
081108G 2008-08-11T23:38:38  -0.75 -21.75  24.3 6.0   5.90 
082808F 2008-08-28T15:22:23   0.18 -17.37  21.3 6.3   6.80 
091008E 2008-09-10T13:08:14   8.18 -38.54  15.3 6.6   6.70 
112208E 2008-11-22T18:49:42  -0.77 -13.80  17.8 6.3   7.90 
120909D 2009-12-09T16:00:43  -0.62 -20.80  26.5 6.4  12.90 
051511D 2011-05-15T13:08:13   0.87 -25.62  12.8 6.1   9.20 
062413D 2013-06-24T22:04:13  10.91 -42.46  18.2 6.5   4.40 
072714A 2014-07-27T01:28:37  23.86 -45.59  13.7 6.1   4.90 
052415A 2015-05-24T04:53:23 -16.78 -14.10  12.0 6.3   5.10 
061715C 2015-06-17T12:51:32 -35.38 -16.40  21.8 6.9  16.60 
062116F 2016-06-21T16:26:34  22.74 -44.95  12.0 6.1   3.80 
081817A 2017-08-18T02:59:25  -0.87 -14.15  22.2 6.6  13.50 
111117B 2017-11-11T00:36:15 -11.69 -14.25  12.0 6.1   4.50 
113017D 2017-11-30T06:32:50  -0.98 -23.35  15.2 6.5   2.90 
111118D 2018-11-11T14:03:59  15.65 -49.93  12.0 6.2   3.90
061700B 2000-06-17T15:40:41  63.99 -20.47  15.0 6.5   9.00 
062100A 2000-06-21T00:51:46  63.98 -20.85  15.0 6.4   7.90 
072200B 2000-07-22T09:50:01  35.34 -35.31  15.0 5.5   7.10 
100500B 2000-10-05T13:39:11  31.74 -40.73  15.0 6.1   5.80 
120100D 2000-12-01T13:27:33  35.10 -35.23  15.0 5.7   7.80 
071301B 2001-07-13T19:48:19  28.89 -43.10  15.0 5.7   6.00 
121301D 2001-12-13T13:50:46  27.10 -44.16  15.0 5.6   6.50 
051702A 2002-05-17T10:40:10  48.28 -27.61  15.0 5.6   4.50 
060502A 2002-06-05T12:45:17  35.56 -36.19  15.0 5.6   6.10 
100602A 2002-10-06T01:18:35  58.50 -31.55  15.0 5.5   4.20 
100702E 2002-10-07T20:03:54  58.63 -31.50  15.0 5.6   5.30 
020103D 2003-02-01T18:47:52  57.47 -33.03  15.0 5.6   6.00 
040203C 2003-04-02T03:43:11  35.17 -35.65  15.0 6.2   8.60 
062503A 2003-06-25T01:38:42  28.57 -43.63  15.0 5.6   4.50 
080203A 2003-08-02T17:30:30  35.13 -35.75  15.0 5.7   7.90 
092503A 2003-09-25T18:43:06  35.34 -35.98  15.0 5.6   7.30 
112603J 2003-11-26T19:25:07  28.45 -43.39  15.0 5.6   6.20 
122303G 2003-12-23T14:02:04  40.17 -29.50  15.0 5.5   4.80 
012404A 2004-01-24T13:01:45  52.17 -30.06  12.0 5.8   2.30 
070104G 2004-07-01T09:20:44  54.20 -35.22  12.0 5.6   2.50 
011805F 2005-01-18T06:59:03  57.08 -33.63  12.0 5.6   1.10 
012006C 2006-01-20T08:53:52  31.24 -41.44  12.0 5.7   3.20 
061806B 2006-06-18T18:28:02  32.97 -39.75  12.0 6.0   4.70 
112906G 2006-11-29T15:38:44  53.74 -35.26  12.0 5.6   0.90 
020407B 2007-02-04T03:33:19  35.34 -36.06  15.3 5.6   4.10 
030107H 2007-03-01T23:11:52  26.54 -44.57  12.0 6.0   3.80 
030407B 2007-03-04T11:26:12  33.75 -38.55  14.1 5.6   4.80 
040507C 2007-04-05T03:56:50  37.45 -24.44  12.0 6.3   5.80 
040707D 2007-04-07T07:09:25  37.40 -24.38  12.0 6.1   4.10 
052307A 2007-05-23T04:41:46  52.37 -31.56  12.0 5.7   1.70 
080907A 2007-08-09T17:25:05  25.95 -45.03  12.0 5.5   3.80 
101807B 2007-10-18T16:13:14  30.21 -42.65  12.0 5.7   5.50 
052908C 2008-05-29T15:46:00  63.92 -21.17  12.0 6.3   5.70 
121908D 2008-12-19T08:31:51  46.92 -27.13  12.0 5.9   4.50 
042809C 2009-04-28T19:54:35  52.74 -34.70  19.1 5.6   5.70 
110409E 2009-11-04T18:41:44  36.17 -33.89  12.0 5.9   3.60 
052510C 2010-05-25T10:09:05  35.31 -35.80  15.5 6.3   7.90 
083111E 2011-08-31T12:17:27  43.60 -28.85  12.0 5.6   2.30 
100611B 2011-10-06T00:39:32  57.96 -32.35  12.0 5.6   1.40 
111811C 2011-11-18T06:00:54  33.73 -38.49  14.3 5.7   4.00 
043013B 2013-04-30T06:25:23  37.60 -24.62  13.8 5.8   4.20 
093013C 2013-09-30T08:16:09  49.52 -28.33  12.0 5.5   2.00 
070414E 2014-07-04T21:08:45  35.16 -35.05  20.4 5.6   4.00 
072914H 2014-07-29T22:04:43  35.42 -36.25  17.7 5.6   2.60 
083014C 2014-08-30T15:29:50  43.80 -28.45  12.0 5.5   2.30 
100814B 2014-10-08T03:04:08  30.47 -41.99  12.0 5.5   4.70 
101214D 2014-10-12T05:40:43  57.35 -33.16  12.0 5.5   0.70 
021315G 2015-02-13T18:48:17  52.66 -31.83  13.9 5.7   3.60 
062516F 2016-06-25T17:54:19  53.92 -35.25  12.0 5.5   1.70 
071416F 2016-07-14T08:36:29  41.64 -29.29  12.0 5.6   1.80 
071516B 2016-07-15T18:02:49  35.24 -35.41  22.8 5.6   3.60 
013117A 2017-01-31T00:55:01  34.76 -36.62  12.0 5.5   0.80 
033117G 2017-03-31T17:25:23  52.66 -32.23  22.9 5.6   4.00 
063017A 2017-06-30T01:34:58  33.79 -38.56  19.6 5.9   3.90 
090117G 2017-09-01T11:07:37  56.99 -33.88  12.0 5.5   1.40 
091017G 2017-09-10T21:40:20  57.10 -33.53  12.0 5.8   0.30 
121918B 2018-12-19T03:38:37  30.62 -41.93  12.0 5.6   1.60
010800F 2000-01-08T11:59:21 -23.21 -70.66  41.0 6.3   9.70 
082100A 2000-08-21T09:16:25 -53.20 -46.45  15.0 6.1   5.20 
102100F 2000-10-21T11:35:59 -47.45 -12.00  15.0 6.0  11.30 
102500B 2000-10-25T05:26:38 -34.76 -109.76  15.0 6.0   8.00 
102500G 2000-10-25T19:00:17 -34.72 -109.63  15.0 6.1   6.80 
110700A 2000-11-07T00:18:04 -55.34 -29.24  16.0 6.7   9.30 
122000C 2000-12-20T11:23:54 -39.36 -75.39  15.0 6.4   7.20 
040901A 2001-04-09T09:00:57 -32.88 -73.23  15.0 6.6   8.20 
041301C 2001-04-13T15:33:53 -60.04 -24.37  16.0 6.2   7.10 
062601D 2001-06-26T04:18:31 -17.87 -72.02  24.0 6.7   8.70 
070401G 2001-07-04T12:09:03 -16.92 -65.42  15.0 6.1   5.90 
072401C 2001-07-24T05:00:09 -19.44 -69.18  15.0 6.3   7.50 
080601B 2001-08-06T03:52:59 -55.67 -123.05  15.0 6.7  13.70 
090201C 2001-09-02T10:06:51 -54.31 -136.75  15.0 6.3   6.40 
042402D 2002-04-24T11:00:00 -56.25 -122.28  15.0 6.2   7.40 
071902C 2002-07-19T06:43:55 -57.07 -140.94  15.0 6.0  13.10 
073002A 2002-07-30T06:55:07 -58.02 -23.02  15.0 6.1   3.60 
101802B 2002-10-18T11:16:48 -56.58 -142.33  15.0 6.0  10.20 
111502B 2002-11-15T19:58:31 -55.91 -35.51  15.0 6.6  10.10 
121702A 2002-12-17T04:32:53 -57.03 -24.17  18.0 6.2   9.00 
121802D 2002-12-18T14:12:21 -57.17 -24.45  17.0 6.1   9.20 
041703C 2003-04-17T14:50:48 -54.32   2.49  15.0 6.5  18.60 
062003G 2003-06-20T13:30:41 -30.88 -71.97  35.0 6.8   8.10 
082803A 2003-08-28T04:48:19 -49.92 -115.20  15.0 6.2   7.00 
012904B 2004-01-29T03:52:52 -50.03 -114.85  15.0 6.1   6.70 
022104A 2004-02-21T02:34:42 -58.62 -14.90  17.3 6.6   9.10 
040804B 2004-04-08T04:57:50 -36.49 -98.82  12.0 6.3  11.20 
050304A 2004-05-03T04:36:50 -37.95 -73.75  24.0 6.6   4.90 
071104C 2004-07-11T23:46:12 -20.14 -127.01  14.0 6.1   3.40 
082804C 2004-08-28T13:41:27 -35.21 -70.36  16.0 6.5   7.50 
090604C 2004-09-06T12:42:59 -55.43 -28.79  12.0 6.7   8.20 
090704G 2004-09-07T11:53:06 -28.91 -65.79  20.0 6.1   5.50 
091104B 2004-09-11T21:52:38 -58.13 -24.93  29.0 6.1   1.30 
102604F 2004-10-26T22:53:07 -57.28 -24.15  12.0 6.2   8.70 
112804B 2004-11-28T02:35:13 -26.82 -114.00  12.0 6.6  13.30 
122204B 2004-12-22T21:03:39 -55.77 -124.40  13.5 6.0   2.70 
051205B 2005-05-12T11:15:35 -57.57 -138.91  12.0 6.5   5.50 
061505E 2005-06-15T19:52:24 -44.91 -80.68  17.0 6.4   9.70 
071005A 2005-07-10T04:46:31 -36.38 -97.46  12.0 6.0   2.70 
090505B 2005-09-05T07:37:31 -56.59 -142.54  12.0 6.2   3.90 
122205C 2005-12-22T12:20:02 -54.57 -135.91  15.0 6.4   8.40 
022306B 2006-02-23T04:04:05 -54.64   1.95  12.0 6.0   6.10 
043006K 2006-04-30T19:17:17 -27.17 -71.52  15.4 6.6   8.20 
043006P 2006-04-30T21:40:58 -27.28 -71.55  13.4 6.5   8.90 
071606A 2006-07-16T11:42:41 -28.71 -72.84  12.0 6.2   4.40 
082006F 2006-08-20T03:41:47 -61.27 -34.52  17.2 7.0   8.80 
101206H 2006-10-12T18:05:58 -31.48 -72.03  36.8 6.4   6.00 
102006B 2006-10-20T10:48:56 -13.46 -76.98  22.5 6.7   7.80 
113006D 2006-11-30T21:20:11 -54.01 -133.95  12.0 6.2   5.90 
012007B 2007-01-20T06:21:04 -55.31 -29.33  12.0 6.2   5.90 
020407E 2007-02-04T21:17:46 -56.11 -123.10  12.0 6.2   5.90 
022807B 2007-02-28T23:13:15 -55.28 -29.18  14.5 6.1   6.60 
030807C 2007-03-08T11:14:31 -58.13  -7.93  13.9 6.2   5.50 
033107E 2007-03-31T12:49:03 -55.94 -123.61  12.0 6.2   6.00 
040207A 2007-04-02T02:49:35 -45.41 -73.04  30.4 6.1   6.60 
041307I 2007-04-13T18:24:19 -35.07 -108.85  14.3 6.1   6.30 
042107D 2007-04-21T17:53:46 -45.48 -72.95  12.0 6.2   2.00 
042807E 2007-04-28T14:02:37 -61.04 -20.12  16.8 6.1   4.90 
050707G 2007-05-07T11:15:16 -45.00 -81.21  20.3 6.0   1.90 
062407A 2007-06-24T00:25:18 -55.78  -1.72  15.0 6.5  10.20 
081607A 2007-08-16T05:16:56 -14.29 -76.34  25.0 6.4   6.70 
081807A 2007-08-18T02:52:35 -13.92 -76.57  33.6 6.0   5.40 
110207E 2007-11-02T22:31:43 -55.40 -128.80  13.6 6.2   2.50 
111507C 2007-11-15T15:03:08 -22.99 -71.01  35.8 6.3   5.30 
111507D 2007-11-15T15:05:58 -22.98 -70.94  20.7 6.8  11.40 
112007E 2007-11-20T17:55:54 -22.91 -70.92  17.2 6.1   2.90 
112907D 2007-11-29T03:26:22 -36.43 -98.35  24.5 6.3  15.40 
121307E 2007-12-13T07:23:40 -23.18 -70.94  20.3 6.2   6.00 
121607B 2007-12-16T08:09:17 -23.02 -70.41  30.6 6.7   3.90 
020408E 2008-02-04T17:01:31 -20.27 -70.76  46.1 6.3   5.30 
021008C 2008-02-10T12:22:02 -61.05 -25.01  12.0 6.5   5.70 
022308H 2008-02-23T15:57:19 -57.12 -23.13  12.0 6.7   9.00 
042808F 2008-04-28T15:57:55 -59.04 -24.15  17.1 6.1   4.70 
061508C 2008-06-15T08:37:17 -36.62 -107.67  22.4 6.0   6.40 
063008B 2008-06-30T06:17:44 -58.33 -21.77  26.0 7.0   6.70 
103008C 2008-10-30T15:15:41  -9.08 -108.30  18.1 6.1   5.30 
121808F 2008-12-18T21:19:28 -32.63 -72.13  22.5 6.1   5.20 
022809H 2009-02-28T14:33:06 -61.03 -24.39  17.0 6.3   6.00 
041609D 2009-04-16T14:57:06 -60.71 -26.55  24.0 6.7  10.00 
041709A 2009-04-17T02:08:08 -19.72 -71.10  31.9 6.1   6.30 
061609B 2009-06-16T20:05:57 -54.37   6.32  12.0 6.1   4.70 
080109C 2009-08-01T13:33:30 -55.70 -124.58  20.1 6.0   8.50 
091709B 2009-09-17T23:21:38 -29.24 -112.44  12.7 6.2   7.40 
111309A 2009-11-13T03:05:57 -19.60 -71.01  36.2 6.5   7.70 
010510B 2010-01-05T04:55:38 -58.50 -14.85  15.1 6.8   7.70 
011710D 2010-01-17T12:00:01 -57.94 -66.16  18.6 6.2   5.30 
022710C 2010-02-27T15:45:37 -24.91 -65.59  27.0 6.2   6.30 
022710D 2010-02-27T19:00:06 -33.62 -72.29  24.2 6.2   5.70 
030310E 2010-03-03T17:44:25 -36.70 -73.69  16.3 6.1   5.30 
030410B 2010-03-04T01:59:48 -33.45 -72.55  12.8 6.0   3.40 
030510E 2010-03-05T09:19:36 -36.76 -73.59  15.0 6.1   2.70 
030510G 2010-03-05T11:47:06 -36.89 -73.75  14.9 6.6   7.30 
030710B 2010-03-07T07:05:23 -16.34 -115.45  12.7 6.2   9.60 
031110D 2010-03-11T14:39:44 -34.54 -72.11  12.9 6.9   8.10 
031110E 2010-03-11T14:55:27 -34.53 -72.13  16.3 7.0   8.10 
031510B 2010-03-15T11:08:29 -35.96 -73.85  12.0 6.2   5.10 
031610A 2010-03-16T02:21:57 -36.49 -73.63  13.4 6.6   5.60 
032610E 2010-03-26T14:52:07 -28.11 -71.31  41.4 6.1   3.80 
050310E 2010-05-03T23:09:38 -38.31 -74.08  14.5 6.2  12.00 
071410A 2010-07-14T08:32:21 -38.35 -73.89  15.3 6.6   6.10 
090910B 2010-09-09T07:28:01 -37.27 -74.16  12.0 6.2   3.90 
103010A 2010-10-30T15:18:33 -56.64 -142.63  19.9 6.3   8.00 
120810A 2010-12-08T05:24:35 -56.49 -25.48  18.3 6.3   6.20 
021111D 2011-02-11T20:05:30 -36.63 -73.56  17.8 6.8   8.30 
021411B 2011-02-14T03:40:09 -35.67 -73.61  12.0 6.6   5.30 
030111A 2011-03-01T00:53:46 -29.68 -112.26  19.9 6.1   5.10 
060111C 2011-06-01T12:55:22 -37.74 -74.41  12.0 6.3   3.00 
071511E 2011-07-15T13:26:03 -61.12 -22.85  12.0 6.0   4.80 
102811F 2011-10-28T18:54:34 -14.52 -76.12  25.1 6.9   9.10 
110211A 2011-11-02T14:59:27 -55.34 -129.08  15.0 6.2   4.50 
111111B 2011-11-11T10:41:37 -55.72 -124.57  20.9 6.0   5.40 
120711H 2011-12-07T22:23:09 -28.03 -71.55  22.8 6.1   4.60 
011512C 2012-01-15T13:40:19 -60.62 -56.47  13.6 6.6   6.70 
012312C 2012-01-23T16:04:53 -36.50 -73.42  22.2 6.1   4.10 
013012A 2012-01-30T05:11:00 -14.26 -76.05  45.7 6.4   4.60 
041412C 2012-04-14T10:56:19 -57.59 -65.76  19.9 6.2   3.00 
041712B 2012-04-17T03:50:15 -32.77 -71.69  39.6 6.7   8.70 
041712D 2012-04-17T19:03:56 -59.26 -16.34  13.1 6.2   4.20 
051812A 2012-05-18T02:00:39 -44.90 -80.51  20.6 6.3   7.60 
111312D 2012-11-13T04:31:26 -45.80 -77.54  17.9 6.0   3.80 
013013F 2013-01-30T20:15:43 -28.09 -71.18  45.8 6.8   7.50 
052013D 2013-05-20T09:49:04 -44.95 -80.99  19.1 6.3   5.10 
072613D 2013-07-26T21:33:00 -58.12 -23.51  17.4 6.3   5.10 
092513A 2013-09-25T06:51:24 -50.03 -114.25  12.0 6.0  15.30 
100613G 2013-10-06T21:33:19 -36.41 -98.18  24.7 6.2  11.50 
102413F 2013-10-24T19:25:10 -58.42 -13.70  22.7 6.6  16.80 
103013B 2013-10-30T02:51:47 -35.43 -73.48  12.0 6.3  10.00 
103113H 2013-10-31T23:03:59 -30.46 -71.86  35.8 6.5   7.90 
110213C 2013-11-02T15:52:46 -23.69 -112.60  14.8 6.0   6.00 
111313G 2013-11-13T23:45:47 -60.50 -47.52  17.0 6.0   4.80 
111613B 2013-11-16T03:34:31 -60.54 -47.00  16.9 6.9  12.80 
112513F 2013-11-25T06:27:33 -54.05 -54.59  16.0 6.9  11.70 
031114A 2014-03-11T02:44:05 -61.01 -19.92  17.6 6.4   5.20 
031514B 2014-03-15T08:59:21 -14.10 -76.53  21.9 6.1   4.80 
031614C 2014-03-16T21:16:29 -19.94 -70.92  12.0 6.7   8.20 
031714B 2014-03-17T05:11:34 -20.01 -71.05  17.8 6.4  10.90 
032214C 2014-03-22T12:59:59 -19.73 -71.14  18.9 6.2   9.10 
032314D 2014-03-23T18:20:01 -19.70 -71.05  21.7 6.2   6.80 
040114G 2014-04-01T23:57:58 -19.85 -71.39  20.6 7.0  12.60 
040314B 2014-04-03T01:58:30 -20.34 -70.88  33.7 6.6  10.10 
040314D 2014-04-03T05:26:15 -20.72 -70.90  32.2 6.5   7.10 
040414A 2014-04-04T01:37:50 -20.61 -70.91  19.5 6.2   7.30 
041114B 2014-04-11T00:01:45 -20.64 -70.88  14.5 6.1   5.80 
050614G 2014-05-06T20:52:28 -36.40 -97.60  16.1 6.2   6.50 
051214E 2014-05-12T18:38:36 -49.90 -115.06  13.2 6.4   9.90 
062914C 2014-06-29T07:52:55 -55.34 -28.31  21.0 6.9  10.50 
062914F 2014-06-29T14:32:49 -55.27 -28.03  14.4 6.0   7.50 
082314C 2014-08-23T22:32:23 -32.76 -71.74  42.0 6.4   5.70 
090614C 2014-09-06T06:53:11 -26.89 -114.56  12.0 6.1   6.00 
100914A 2014-10-09T02:14:31 -32.34 -110.81  12.0 6.9  11.00 
100914B 2014-10-09T02:32:05 -32.38 -111.07  17.8 6.6   9.30 
110114D 2014-11-01T10:59:54 -31.94 -111.22  12.0 6.0   5.80 
021615C 2015-02-16T22:00:53 -55.50 -28.14  14.2 6.3   6.90 
031815C 2015-03-18T18:27:29 -36.16 -73.90  12.0 6.1   5.80 
051915G 2015-05-19T15:25:21 -54.53 -132.39  14.9 6.6   8.70 
062015A 2015-06-20T02:10:07 -36.35 -74.10  12.0 6.4   6.30 
091715A 2015-09-17T04:10:27 -31.65 -71.94  36.6 6.8   8.50 
091815E 2015-09-18T09:10:44 -32.31 -72.30  13.4 6.1   7.50 
091915I 2015-09-19T12:52:20 -32.34 -72.05  19.7 6.2   5.70 
092115B 2015-09-21T05:39:34 -31.66 -71.84  37.6 6.1   4.40 
092115H 2015-09-21T17:40:00 -31.77 -71.81  39.0 6.6   6.80 
101115A 2015-10-11T00:58:27 -54.61 -136.11  12.9 6.1   4.60 
102315C 2015-10-23T01:40:06 -54.33   6.53  15.1 6.1   8.70 
110715C 2015-11-07T07:04:31 -29.54 -72.33  12.0 6.0  10.40 
110715D 2015-11-07T07:31:43 -30.99 -71.66  43.4 6.7   4.40 
111115B 2015-11-11T01:54:38 -29.47 -72.18  12.4 6.8   9.20 
111115C 2015-11-11T02:46:19 -29.70 -72.29  12.0 6.8  13.20 
112715D 2015-11-27T21:00:22 -24.76 -70.90  41.1 6.2   5.80 
122415C 2015-12-24T19:44:03 -56.06 -123.11  12.1 6.2   6.40 
021016A 2016-02-10T00:33:05 -30.62 -71.90  36.2 6.4   5.70 
021616G 2016-02-16T23:48:35 -55.74 -124.57  20.1 6.1   3.50 
022216B 2016-02-22T06:36:59 -30.56 -72.26  12.2 6.0   9.40 
041916D 2016-04-19T05:25:39 -55.59 -27.05  21.0 6.3   7.40 
081816K 2016-08-18T18:09:43 -55.97 -123.63  13.4 6.0   4.60 
082116C 2016-08-21T03:45:23 -55.23 -31.59  23.4 6.1   4.70 
120116I 2016-12-01T22:40:26 -15.28 -70.93  12.7 6.2   4.40 
042417E 2017-04-24T21:38:30 -33.13 -72.07  26.0 6.9   6.60 
051017F 2017-05-10T23:23:36 -56.43 -25.51  19.2 6.5   7.70 
090417A 2017-09-04T08:07:34 -57.91 -24.84  39.1 6.1   5.80 
121317C 2017-12-13T18:03:43 -54.40   2.28  20.1 6.5  10.10 
081418A 2018-08-14T03:29:52 -58.27 -24.67  31.8 6.1   3.10 
102918D 2018-10-29T06:54:21 -57.55 -66.60  20.7 6.3   4.50 
111518G 2018-11-15T20:02:22 -56.79 -25.08  17.7 6.4   7.20 
111518H 2018-11-15T23:09:01 -56.23 -122.26  12.0 6.3   5.50 
121218F 2018-12-12T13:13:56 -55.33 -129.33  18.3 6.3   4.10 
121918A 2018-12-19T01:37:40 -36.17 -101.06  16.1 6.2   3.80
010500C 2000-01-05T07:40:40 -11.27 165.25  15.0 6.1   6.90 
010800A 2000-01-08T01:19:46  -9.78 159.99  15.0 6.4   4.40 
010900D 2000-01-09T21:54:40 -18.78 174.52  17.7 6.4   4.30 
020600C 2000-02-06T11:33:52  -6.06 151.19  45.0 6.6   9.40 
030300D 2000-03-03T22:22:40  -6.92 143.85  16.0 6.6   9.20 
030400A 2000-03-04T02:24:22 -60.20 150.21  15.0 6.3   7.20 
030500B 2000-03-05T23:57:03 -62.83 145.09  15.0 6.1   7.60 
050600B 2000-05-06T13:44:13 -11.33 165.24  15.0 6.3   8.50 
051400G 2000-05-14T20:08:34  -4.31 123.56  16.0 6.2   6.50 
060600F 2000-06-06T09:58:06  -5.39 102.51  36.0 6.2   6.40 
060700D 2000-06-07T23:45:26  -4.63 101.82  16.6 6.7   8.20 
060900A 2000-06-09T01:27:15  -5.31 152.69  28.0 6.3   7.20 
060900L 2000-06-09T08:41:59 -11.19 162.45  15.0 6.1   2.70 
061100C 2000-06-11T11:55:12 -50.80 139.38  15.0 6.5   9.90 
071600B 2000-07-16T03:57:45  -7.54 150.96  15.0 6.6   9.40 
071600F 2000-07-16T17:25:23 -12.30 166.29  42.0 6.1   8.70 
073100G 2000-07-31T22:44:30 -16.73 174.75  15.0 6.1   8.30 
080900A 2000-08-09T00:08:41 -15.68 168.16  17.0 6.2   3.90 
080900E 2000-08-09T22:55:59 -16.88 174.54  15.0 6.4   5.40 
082800E 2000-08-28T15:05:47  -4.18 127.59  15.0 6.8   7.70 
082800I 2000-08-28T19:29:24  -4.19 127.45  23.6 6.4   4.80 
091000F 2000-09-10T19:06:15  -1.07 129.42  15.0 6.0   2.10 
091200G 2000-09-12T16:27:24  -5.75 101.72  15.0 6.0   6.00 
091400B 2000-09-14T14:59:57 -15.59 -179.92  15.0 6.2   4.60 
092200E 2000-09-22T18:22:03  -5.22 101.84  33.0 6.2   4.20 
100400G 2000-10-04T16:58:44 -15.51 166.77  15.0 6.9   8.10 
102500D 2000-10-25T09:32:24  -7.28 105.43  45.6 6.8   8.10 
110100B 2000-11-01T10:35:55 -45.02 166.70  20.0 6.1   6.90 
111800F 2000-11-18T02:05:48  -5.24 153.52  19.0 6.6   8.40 
111800H 2000-11-18T06:54:58  -5.43 151.85  50.0 6.7  11.80 
111800R 2000-11-18T23:05:39  -5.51 153.57  15.0 6.0   5.20 
111900G 2000-11-19T05:35:19  -5.70 152.20  16.8 6.0   7.50 
112100E 2000-11-21T17:33:34  -5.63 152.40  24.0 6.1   5.80 
112100I 2000-11-21T21:21:05  -5.43 152.98  15.0 6.1   5.80 
112300M 2000-11-23T18:43:15  -4.76 153.21  41.9 6.3   7.20 
120600E 2000-12-06T22:57:40  -4.37 152.87  30.0 6.5   7.10 
122000H 2000-12-20T16:49:43  -9.29 154.71  15.0 6.6   6.90 
122800A 2000-12-28T04:34:28  -3.87 152.48  21.0 6.1   4.80 
011501C 2001-01-15T05:52:16 -40.41  78.03  15.0 6.3   6.30 
011601D 2001-01-16T13:25:09  -4.38 101.42  20.0 6.8   4.50 
011901B 2001-01-19T08:10:14 -11.72 166.08  48.0 6.3   4.80 
012901E 2001-01-29T23:21:25  -0.75 133.38  15.0 6.2   2.90 
021401F 2001-02-14T14:04:25 -19.60 177.41  22.3 6.0   5.90 
021401G 2001-02-14T14:16:59 -19.80 177.44  15.0 6.2   5.50 
022801E 2001-02-28T12:30:14 -22.11 169.87  17.0 6.6  13.10 
022801G 2001-02-28T13:05:31 -22.22 169.74  15.0 6.3  13.30 
030601D 2001-03-06T09:17:36 -54.55 156.91  17.0 6.1   6.70 
031901A 2001-03-19T05:52:15  -4.01 128.12  17.0 6.5   3.30 
040401C 2001-04-04T07:44:11  -5.18 132.43  18.0 6.3   6.50 
041901H 2001-04-19T20:58:26  -7.64 156.05  18.0 6.2   7.70 
041901I 2001-04-19T21:43:42  -7.56 155.79  16.0 6.6   8.30 
052901F 2001-05-29T23:37:19  -7.27 155.16  16.0 6.4   7.30 
060501B 2001-06-05T09:00:05  -6.94 146.34  15.0 6.4  10.60 
070101B 2001-07-01T01:46:06  -4.33 152.83  31.0 6.1   5.40 
070801B 2001-07-08T17:54:18  -6.70 152.38  15.0 6.1   7.10 
082301C 2001-08-23T21:45:03  -3.35 146.80  15.0 6.1   4.30 
091101D 2001-09-11T14:56:50  -0.47 133.18  20.0 6.5   6.80 
092901A 2001-09-29T02:40:07 -18.48 167.87  16.0 6.3   6.40 
093001C 2001-09-30T19:01:18 -18.49 167.92  22.0 6.2   6.80 
100701B 2001-10-07T02:21:09  -3.27 143.16  24.0 6.1   6.20 
102101A 2001-10-21T00:29:21 -37.03 179.82  15.0 6.6   5.50 
102601H 2001-10-26T23:05:51 -18.59 167.90  22.0 6.1   5.30 
103101C 2001-10-31T09:10:20  -6.27 150.33  35.0 6.9  12.60 
112001D 2001-11-20T21:08:18  -6.84 128.99  22.1 6.2   3.30 
112201F 2001-11-22T23:22:20 -16.16 178.14  15.0 6.3   7.40 
122301F 2001-12-23T22:52:54  -9.63 159.50  18.0 6.8   7.40 
010302H 2002-01-03T10:17:36 -17.84 167.82  20.0 6.6  13.30 
011002D 2002-01-10T11:14:56  -3.21 142.68  18.0 6.7   8.40 
011302C 2002-01-13T14:10:56  -5.91 151.25  38.6 6.3   7.30 
011502D 2002-01-15T07:12:58  -6.17 105.32  19.7 6.1   8.40 
011502E 2002-01-15T09:01:15  -5.75 151.36  48.0 6.2   8.10 
020502B 2002-02-05T13:27:24  -5.74 151.39  48.0 6.6  11.90 
021902A 2002-02-19T00:35:45  -3.56 151.30  15.0 6.1   5.70 
022802A 2002-02-28T01:50:48  -5.98 151.74  42.0 6.2   5.50 
040702B 2002-04-07T01:41:26 -61.17 153.93  15.0 6.2  10.00 
040802A 2002-04-08T03:48:55 -51.21 139.35  15.0 6.1   6.20 
041102B 2002-04-11T21:56:56 -14.32 167.68  15.0 6.1   7.00 
051402E 2002-05-14T16:56:10 -36.50  78.69  15.0 6.2   8.40 
060602C 2002-06-06T23:53:48  -0.80 148.58  15.0 6.2   7.00 
061302A 2002-06-13T01:27:19 -47.55  99.65  15.0 6.5  13.20 
061702H 2002-06-17T21:26:22 -12.49 166.25  44.0 6.7  11.00 
062702C 2002-06-27T05:50:35  -7.23 103.76  15.0 6.5   7.40 
070302C 2002-07-03T23:00:18  -5.02 147.63  15.0 6.1   2.90 
081502A 2002-08-15T05:30:26  -1.26 121.30  15.0 6.2  10.60 
091602E 2002-09-16T13:23:01  -3.47 142.68  15.0 6.0   5.00 
091702D 2002-09-17T11:20:23  -3.32 142.74  15.0 6.0   5.20 
092002A 2002-09-20T13:33:41  -1.44 134.15  15.0 6.0   9.00 
092002D 2002-09-20T15:43:35  -1.39 134.22  15.0 6.4  10.70 
092402C 2002-09-24T04:13:11 -10.83 161.23  15.0 6.1   3.20 
092402H 2002-09-24T22:54:21 -10.80 161.23  16.7 6.2   5.40 
092402J 2002-09-24T23:01:28 -10.82 161.25  30.8 6.3   7.60 
100602F 2002-10-06T15:46:33  -8.08 118.63  20.0 6.2  11.00 
101702E 2002-10-17T17:52:44  -3.52 140.42  34.0 6.3   7.00 
103102A 2002-10-31T01:35:16  -3.38 148.95  15.0 6.1   3.50 
121102A 2002-12-11T03:49:40  -3.68 135.13  15.0 6.2   9.50 
121202C 2002-12-12T08:30:42  -4.81 153.21  45.0 6.6   8.80 
122002A 2002-12-20T14:14:42  -3.01 148.20  15.0 6.3   2.70 
011003C 2003-01-10T13:11:56  -5.44 153.61  41.0 6.6   2.50 
021003B 2003-02-10T04:49:31  -6.37 150.04  34.0 6.2   8.10 
021203E 2003-02-12T22:33:30  -3.45 144.45  15.0 6.2   8.10 
031103A 2003-03-11T07:27:32  -4.52 153.08  37.0 6.8  13.80 
031403B 2003-03-14T07:06:13  -0.40 132.97  16.0 6.2   4.20 
031903A 2003-03-19T00:03:42  -9.37 156.66  16.0 6.0   0.30 
032503A 2003-03-25T02:53:25  -8.28 120.75  32.0 6.4  10.40 
033003F 2003-03-30T18:13:34  -3.13 127.48  20.8 6.2   2.60 
033103A 2003-03-31T01:06:53  -6.32 151.70  18.0 6.2   3.50 
051103B 2003-05-11T17:51:35  -0.84 126.75  24.7 6.1   6.30 
051303A 2003-05-13T21:21:14 -17.43 167.49  39.0 6.3   5.50 
060703A 2003-06-07T00:32:45  -5.33 152.64  30.0 6.6   6.10 
062803B 2003-06-28T15:29:42  -3.37 146.58  15.0 6.2   5.90 
070403A 2003-07-04T00:33:50  -5.68 151.96  22.0 6.0   7.20 
071503E 2003-07-15T18:46:38  -3.79 152.30  15.0 6.5   5.60 
072503B 2003-07-25T09:37:45  -1.40 149.78  29.0 6.4   5.60 
090703D 2003-09-07T13:19:20 -22.40 172.15  18.9 6.3   9.30 
110203C 2003-11-02T05:32:15 -45.06 166.60  15.0 6.4   7.60 
111403C 2003-11-14T04:28:33 -16.75 172.45  15.0 6.0   7.60 
112503E 2003-11-25T20:19:46  -5.92 151.02  43.0 6.5  10.70 
122503C 2003-12-25T20:42:33 -22.29 169.42  15.0 6.5   9.30 
122603I 2003-12-26T21:26:04 -22.33 169.39  15.0 6.7  13.60 
122703A 2003-12-27T04:55:25 -22.13 169.27  15.0 6.1   8.30 
122703K 2003-12-27T22:38:01 -21.71 169.75  24.0 6.7  11.80 
122703L 2003-12-27T22:55:01 -21.80 169.67  20.8 6.3  10.50 
010304B 2004-01-03T08:09:03 -22.36 169.55  13.0 6.1   7.10 
010304D 2004-01-03T08:21:48 -22.33 169.48  13.7 6.3   9.40 
010904C 2004-01-09T22:35:31  -6.26 149.59  46.4 6.3   6.60 
011504C 2004-01-15T07:26:53  -3.36 151.04  15.0 6.2   6.40 
012804H 2004-01-28T22:15:30  -3.11 127.30  16.8 6.6   3.30 
020504B 2004-02-05T21:05:02  -3.62 135.53  13.0 7.0  10.00 
020804C 2004-02-08T08:58:51  -3.72 135.40  12.0 6.7   3.00 
041104A 2004-04-11T07:37:29  -3.67 140.19  19.0 6.1   5.20 
041504C 2004-04-15T20:06:55 -19.29 169.66  12.0 6.1   6.90 
050704A 2004-05-07T01:26:42 -22.07 170.02  24.4 6.3   7.90 
051304D 2004-05-13T09:58:43  -3.52 150.75  15.0 6.3   4.10 
060904C 2004-06-09T22:52:08 -51.73 139.69  12.0 6.4   5.50 
070104C 2004-07-01T04:39:37 -49.93 163.25  12.0 6.2   7.40 
072804A 2004-07-28T03:56:28  -0.36 133.09  15.0 6.5   4.10 
100604G 2004-10-06T22:30:57  -0.57 134.53  15.0 6.1   3.60 
100804B 2004-10-08T08:27:53 -10.87 162.27  40.0 6.7   4.00 
102004A 2004-10-20T18:32:24 -13.98 166.58  24.0 6.0   0.60 
110904F 2004-11-09T23:58:23 -11.35 163.70  12.0 6.9   8.70 
111104I 2004-11-11T17:34:52 -11.20 162.17  12.0 6.6   7.30 
111604E 2004-11-16T10:06:54  -5.93 151.66  32.0 6.1   1.80 
112804G 2004-11-28T07:36:45  -3.65 135.49  24.0 6.1   3.50 
010305D 2005-01-03T17:59:28 -50.69 161.51  12.0 6.0   5.30 
011405A 2005-01-14T08:33:14  -4.18 152.70  24.6 6.1   7.50 
012205K 2005-01-22T20:30:17  -7.66 159.69  28.0 6.4   5.30 
012305H 2005-01-23T20:10:17  -1.01 120.08  12.0 6.2   2.20 
021005F 2005-02-10T16:53:20 -23.11 169.21  12.0 6.2   5.50 
021905A 2005-02-19T00:04:43  -5.52 122.23  12.0 6.4   6.30 
030605C 2005-03-06T04:39:59 -11.04 163.06  13.3 6.0   4.30 
032605D 2005-03-26T15:40:34  -4.86 129.89  19.4 6.1   6.00 
033105C 2005-03-31T01:46:17 -18.47 176.13  12.0 6.0   5.00 
040805B 2005-04-08T05:48:37  -0.46  97.71  12.0 6.1   2.10 
041005C 2005-04-10T10:29:11  -1.68  99.54  12.0 6.7   6.50 
041005D 2005-04-10T11:14:19  -1.77  99.64  15.0 6.5   4.40 
041005K 2005-04-10T17:24:39  -1.66  99.58  17.0 6.1   0.40 
041105H 2005-04-11T12:20:06  -3.33 146.18  14.0 6.6   7.50 
051005A 2005-05-10T01:09:05  -6.47 103.04  12.0 6.3   3.80 
060405B 2005-06-04T14:50:48  -6.45 146.96  28.0 6.1   1.80 
073005D 2005-07-30T11:03:49 -61.50 154.21  13.7 6.0   8.50 
080905C 2005-08-09T05:26:17 -20.97 173.94  15.0 6.1   2.40 
080905F 2005-08-09T14:12:21 -21.08 173.92  15.0 6.1   2.00 
081105E 2005-08-11T09:08:46 -22.06 170.14  12.0 6.1   9.00 
092505H 2005-09-25T12:55:46 -17.42 167.69  28.0 6.1   5.60 
092905C 2005-09-29T15:50:24  -5.69 152.08  30.0 6.6   8.80 
092905D 2005-09-29T18:23:26  -5.74 152.15  27.0 6.2   4.30 
102905D 2005-10-29T04:05:56 -45.24  97.12  12.0 6.5   5.30 
110505B 2005-11-05T10:48:21  -3.17 148.61  13.0 6.4   4.90 
121105E 2005-12-11T14:20:43  -6.73 152.36  12.0 6.6   8.40 
122105A 2005-12-21T07:09:05  -0.20 124.95  31.0 6.3   7.10 
012306B 2006-01-23T06:02:59 -17.29 167.65  30.0 6.4   5.20 
021806E 2006-02-18T15:59:22  -5.27 152.13  46.3 6.2   3.80 
030606A 2006-03-06T18:13:08 -40.17  78.33  13.0 6.2   4.90 
031406D 2006-03-14T06:57:33  -3.35 127.31  13.0 6.7   3.60 
032406A 2006-03-24T12:27:05  -3.12 143.09  12.0 6.1   5.80 
040706B 2006-04-07T08:30:45 -16.51 177.00  15.2 6.5   3.30 
041706B 2006-04-17T23:49:59 -12.59 166.12  28.5 6.1   6.00 
042606A 2006-04-26T01:46:03 -57.60 148.04  14.2 6.1   2.30 
050706G 2006-05-07T14:17:35 -36.83  78.37  12.0 6.1   8.10 
051906A 2006-05-19T14:44:24  -0.24 124.92  31.4 6.3   4.70 
052206H 2006-05-22T20:53:57  -4.75 126.93  15.1 6.1   6.90 
052606I 2006-05-26T22:53:58  -8.03 110.54  21.7 6.4   6.40 
052806C 2006-05-28T03:12:08  -5.99 151.36  38.0 6.5   7.20 
062406H 2006-06-24T21:15:00  -0.48 123.30  31.6 6.3   4.50 
071706F 2006-07-17T15:45:59  -9.57 108.29  12.0 6.1   2.70 
071906F 2006-07-19T10:57:36  -7.18 105.21  46.3 6.1   4.80 
071906G 2006-07-19T11:48:58  -5.42 150.71  15.0 6.4   3.60 
090106D 2006-09-01T10:18:51  -7.01 155.42  45.6 6.7   7.70 
091606C 2006-09-16T09:45:23  -2.87 129.48  15.6 6.3   3.40 
101706A 2006-10-17T01:25:12  -6.09 151.26  31.5 6.7   6.80 
102206A 2006-10-22T08:55:16 -45.63  95.89  12.0 6.1   2.80 
110706J 2006-11-07T17:38:33  -6.57 151.58  12.0 6.6  11.10 
111206C 2006-11-12T18:21:26  -6.40 151.26  20.2 6.2   5.00 
111306F 2006-11-13T16:12:29  -6.61 151.45  12.0 6.2   5.90 
111606M 2006-11-16T20:29:55 -52.04 139.63  12.0 6.1   3.00 
120106D 2006-12-01T14:01:47  -8.16 118.80  27.4 6.3   4.40 
013007C 2007-01-30T04:54:50 -55.12 146.26  13.0 6.9   5.70 
022007A 2007-02-20T08:04:25  -0.91 127.17  12.1 6.7   6.20 
030607B 2007-03-06T03:49:38  -0.65 100.53  20.9 6.4   5.70 
030607C 2007-03-06T05:49:26  -0.51 100.47  21.9 6.3   3.00 
032507C 2007-03-25T01:08:19 -20.89 168.99  31.3 6.9   9.10 
040107F 2007-04-01T21:11:33  -7.46 155.80  29.6 6.9   9.70 
040207D 2007-04-02T12:02:23  -8.91 157.70  12.0 6.2   4.60 
040207M 2007-04-02T23:20:23  -8.88 157.55  12.0 6.2   5.60 
040307H 2007-04-03T12:04:27  -8.08 155.80  12.0 6.0   6.70 
040307O 2007-04-03T20:26:09 -20.81 168.74  16.5 6.2   8.10 
040407D 2007-04-04T06:34:38  -7.94 156.55  25.8 6.4   3.60 
040407G 2007-04-04T11:00:27 -20.71 168.68  20.2 6.2   5.60 
040407H 2007-04-04T11:02:29 -20.79 168.84  20.6 6.5   8.90 
041607E 2007-04-16T13:20:38 -57.89 148.13  12.0 6.4   7.30 
042107C 2007-04-21T17:20:31 -14.02 166.67  40.1 6.0   4.30 
052907C 2007-05-29T09:36:05  -1.01 127.50  12.0 6.0   0.70 
060707A 2007-06-07T00:40:38  -3.32 146.85  12.0 6.2   6.80 
061807A 2007-06-18T06:18:48  -3.54 151.17  14.3 6.3   4.80 
062807B 2007-06-28T02:52:09  -7.95 154.70  18.0 6.7   5.90 
071507A 2007-07-15T09:27:34 -15.40 168.66  12.0 6.1   5.00 
072707E 2007-07-27T14:46:26 -21.54 171.09  12.4 6.1   4.40 
081207C 2007-08-12T12:05:19 -11.49 165.98  48.0 6.0   3.60 
081307A 2007-08-13T10:27:23 -60.32 153.19  18.8 6.1  10.80 
081607B 2007-08-16T08:39:27  -9.88 159.55  16.2 6.5   6.70 
081707E 2007-08-17T03:04:03  -5.24 129.45  21.0 6.4   6.50 
090207C 2007-09-02T02:35:23 -11.86 165.78  32.0 6.3   2.10 
091307A 2007-09-13T02:30:03  -1.94  99.54  34.8 6.5   1.50 
091407D 2007-09-14T06:01:32  -4.46 100.88  15.0 6.4   3.70 
092007F 2007-09-20T08:31:14  -2.24  99.85  32.3 6.7  10.30 
092607C 2007-09-26T12:36:26  -5.20 153.52  47.1 6.7  10.50 
092607D 2007-09-26T15:43:01  -2.13  99.20  25.0 6.1   4.90 
092707B 2007-09-27T19:57:44 -21.20 169.21  14.0 6.1   6.20 
092807B 2007-09-28T01:01:48 -21.38 169.20  19.3 6.3   7.40 
092807C 2007-09-28T01:35:52 -21.32 169.17  21.0 6.3   7.10 
093007C 2007-09-30T09:47:52 -49.36 164.01  31.2 6.6   6.60 
101307D 2007-10-13T17:45:53 -21.18 169.22  12.9 6.0   2.40 
101507A 2007-10-15T12:29:36 -44.71 167.24  18.8 6.8   9.50 
101507B 2007-10-15T21:28:23 -44.62 167.25  19.0 6.1   6.10 
102407D 2007-10-24T21:02:50  -4.40 100.81  20.0 6.8   7.30 
111007A 2007-11-10T01:13:29 -51.38 161.23  28.2 6.6  14.50 
112507D 2007-11-25T16:02:17  -8.21 118.47  25.6 6.5   3.90 
112507F 2007-11-25T19:53:08  -8.20 118.53  19.8 6.5   3.40 
112707D 2007-11-27T11:49:58 -11.13 162.20  26.1 6.6   5.50 
122007D 2007-12-20T07:55:15 -38.92 178.40  30.4 6.6   7.10 
122207D 2007-12-22T07:11:09  -2.21 139.18  17.8 6.2   5.00 
010408B 2008-01-04T07:29:18  -3.09 100.69  46.1 6.0   4.60 
013008B 2008-01-30T07:32:42  -7.17 127.71  19.1 6.1   5.70 
021308D 2008-02-13T19:58:46  -8.42 128.83  21.5 6.2   4.10 
022408C 2008-02-24T14:46:21  -2.63  99.73  15.0 6.5   4.90 
022508D 2008-02-25T18:06:03  -2.58  99.73  15.0 6.6   4.60 
022508E 2008-02-25T21:02:18  -2.46  99.70  17.0 6.7   4.60 
030308A 2008-03-03T02:37:27  -2.42  99.68  23.0 6.2   4.80 
031208D 2008-03-12T11:23:34 -16.59 167.22  12.0 6.4   6.80 
031208E 2008-03-12T11:36:55 -16.59 167.17  12.2 6.3   7.50 
040908A 2008-04-09T11:13:17 -20.33 168.62  21.0 6.3   9.00 
040908B 2008-04-09T11:23:40 -20.26 168.63  31.7 6.3   5.60 
040908D 2008-04-09T14:47:50 -20.19 168.52  33.9 6.3   2.00 
041108S 2008-04-11T17:45:05 -20.47 168.68  21.6 6.0   4.70 
041908A 2008-04-19T03:12:25  -7.82 125.72  14.5 6.1   6.50 
041908B 2008-04-19T05:58:42 -20.36 168.72  12.0 6.2   6.20 
042808G 2008-04-28T18:33:34 -19.95 168.78  47.8 6.4   7.80 
042808H 2008-04-28T20:26:53 -20.23 168.81  17.1 6.0   4.10 
053108B 2008-05-31T04:37:56 -41.35  80.41  12.0 6.4   5.20 
060108G 2008-06-01T14:31:03 -59.82 149.97  12.0 6.5   7.60 
071908C 2008-07-19T09:27:01 -11.12 164.47  13.5 6.6   6.10 
071908D 2008-07-19T11:01:17 -11.18 164.45  12.0 6.2   6.00 
080908A 2008-08-09T06:01:48 -60.54 153.38  16.2 6.4  15.30 
080908D 2008-08-09T16:36:38 -60.83 153.59  12.0 6.3   8.60 
090808A 2008-09-08T03:03:15 -19.97 168.81  47.5 6.2   5.00 
102308C 2008-10-23T10:04:35  -2.46 145.78  12.0 6.3   6.30 
102808C 2008-10-28T16:00:03  -3.36 145.82  12.0 6.0   4.30 
110708A 2008-11-07T07:19:35 -14.92 168.15  12.0 6.4   5.30 
110708F 2008-11-07T16:04:23  -6.62 129.24  20.5 6.2   5.20 
112208B 2008-11-22T16:01:01  -4.73 101.07  20.0 6.3   5.00 
112208C 2008-11-22T16:01:39 -22.52 171.11  47.1 6.4   3.70 
120808G 2008-12-08T18:39:09 -53.09 106.76  20.8 6.3   6.50 
011509A 2009-01-15T07:27:20 -22.58 170.46  27.1 6.6   7.50 
011909C 2009-01-19T03:35:18 -22.76 170.72  18.9 6.6   8.10 
011909D 2009-01-19T03:46:37 -22.69 170.71  24.9 6.0   3.50 
012109E 2009-01-21T17:08:43 -22.76 170.86  19.3 6.1   7.70 
040109B 2009-04-01T03:54:58  -3.36 144.22  12.0 6.4   7.70 
041509J 2009-04-15T20:01:34  -3.40 100.16  15.0 6.3   3.50 
060209B 2009-06-02T02:17:03 -17.73 167.64  19.8 6.3   8.20 
071509C 2009-07-15T20:10:42  -3.31 150.61  12.0 6.1   4.10 
080209A 2009-08-02T08:54:35  -0.42 132.92  28.3 6.0   1.80 
080509E 2009-08-05T08:31:40 -45.48 166.13  12.0 6.1   5.80 
081009B 2009-08-10T04:06:31 -11.60 165.93  43.6 6.5   8.70 
081609A 2009-08-16T07:38:21  -1.56  99.45  12.0 6.7   6.90 
090709C 2009-09-07T16:12:22 -10.36 110.72  36.1 6.2   4.90 
100109A 2009-10-01T01:52:27  -2.45 101.59  15.1 6.6   7.50 
100709L 2009-10-07T22:50:15 -12.59 165.89  17.8 6.8  11.20 
100809A 2009-10-08T08:28:48 -13.14 166.09  13.8 6.7   4.80 
100809B 2009-10-08T10:11:07 -11.40 165.57  31.1 6.1   2.30 
101609D 2009-10-16T09:52:50  -7.07 105.09  45.2 6.1   4.60 
110809C 2009-11-08T19:41:43  -8.23 118.72  21.3 6.6   7.30 
112809E 2009-11-28T06:04:23 -10.62 118.89  13.2 6.0   3.70 
010310F 2010-01-03T21:48:05  -9.12 157.45  12.0 6.6  11.40 
010510C 2010-01-05T12:15:32  -9.11 157.77  12.0 6.8  13.30 
010510D 2010-01-05T13:11:42  -9.18 157.77  16.6 6.0  -0.20 
010910A 2010-01-09T05:51:30  -9.26 157.82  12.0 6.2   3.70 
020110D 2010-02-01T22:28:16  -6.39 154.35  40.2 6.2   5.40 
020510D 2010-02-05T06:59:05 -47.89  99.51  12.0 6.2   5.60 
030510H 2010-03-05T16:07:00  -4.04 100.52  20.0 6.7   7.10 
040510B 2010-04-05T10:05:46  -0.25 125.07  28.4 6.1   4.70 
041110F 2010-04-11T09:40:25 -11.04 161.18  36.1 6.9   8.30 
050510C 2010-05-05T16:29:03  -4.28 100.77  12.0 6.5   7.80 
052710C 2010-05-27T20:48:00 -13.88 166.78  42.6 6.1   4.20 
061610D 2010-06-16T03:06:02  -2.01 136.48  12.0 6.2   5.60 
061610F 2010-06-16T03:58:08  -2.10 136.56  14.6 6.6   6.50 
062610B 2010-06-26T05:30:19 -10.54 161.43  41.3 6.7   6.70 
070210B 2010-07-02T06:04:03 -13.71 166.44  28.0 6.3   5.60 
071810B 2010-07-18T13:04:09  -6.32 150.68  35.0 6.9   6.70 
072010E 2010-07-20T19:18:22  -6.33 150.76  34.6 6.3   7.40 
080410H 2010-08-04T22:01:43  -6.26 150.80  34.8 6.9  11.50 
082010E 2010-08-20T17:56:14  -6.84 154.23  12.9 6.1   7.30 
090310F 2010-09-03T16:35:47 -43.56 172.12  12.0 7.0  10.10 
090810E 2010-09-08T11:37:31 -20.52 170.06  14.1 6.3   5.70 
092910G 2010-09-29T17:11:25  -4.92 133.78  17.7 7.0   6.10 
102510G 2010-10-25T19:37:31  -3.37  99.97  22.6 6.3   6.60 
111010C 2010-11-10T04:05:24 -45.46  96.07  12.0 6.4   6.40 
120210B 2010-12-02T03:12:09  -6.30 149.90  48.6 6.6   9.80 
122910A 2010-12-29T06:54:19 -19.65 168.10  12.0 6.3   9.00 
010911A 2011-01-09T10:03:44 -19.20 168.13  12.9 6.5   9.30 
010911F 2011-01-09T17:21:51 -19.31 168.13  12.0 6.2   6.00 
011311F 2011-01-13T16:16:41 -20.68 168.34  17.2 6.9   9.70 
021511D 2011-02-15T13:33:53  -2.45 121.57  12.9 6.1   1.60 
022111I 2011-02-21T23:51:43 -43.60 172.52  12.0 6.1   4.70 
030711A 2011-03-07T00:09:36 -10.54 160.69  35.0 6.4   5.60 
031711C 2011-03-17T02:48:00 -17.32 167.64  22.0 6.2   6.60 
040311E 2011-04-03T20:06:40 -10.10 107.72  20.6 6.7   9.60 
042411F 2011-04-24T23:07:51  -4.27 122.80  15.0 6.1   3.30 
051011D 2011-05-10T08:55:08 -20.29 168.15  18.2 6.8   8.90 
060511E 2011-06-05T11:51:12 -56.00 146.91  12.0 6.4   6.30 
061611A 2011-06-16T00:03:35  -6.12 151.21  21.5 6.3   7.60 
062111A 2011-06-21T02:04:15 -11.55 165.36  21.6 6.0   5.70 
062611C 2011-06-26T12:16:38  -2.27 136.61  13.2 6.4   5.30 
072511A 2011-07-25T00:50:47  -3.13 150.61  15.0 6.3   4.80 
073111B 2011-07-31T14:34:47 -17.02 171.49  12.2 6.1   6.90 
073111D 2011-07-31T23:38:56  -3.39 144.63  12.0 6.6   7.90 
081611B 2011-08-16T11:03:57  -2.17 127.97  27.7 6.0   1.40 
082011H 2011-08-20T17:13:06 -18.31 167.88  33.6 6.5   8.40 
082211F 2011-08-22T20:12:21  -6.68 103.93  30.9 6.1   2.80 
082411E 2011-08-24T23:06:17 -18.20 167.65  14.0 6.1   6.50 
101411A 2011-10-14T03:35:14  -6.90 148.15  33.0 6.5   5.40 
101811C 2011-10-18T05:05:06  -6.12 151.10  33.3 6.0   5.60 
111411B 2011-11-14T04:05:11  -0.95 126.89  15.0 6.4   5.60 
112811G 2011-11-28T12:26:45  -5.77 153.62  33.1 6.1   5.00 
010912B 2012-01-09T04:07:14 -10.56 165.04  41.7 6.4   6.30 
020312A 2012-02-03T03:46:21 -17.40 167.13  12.0 6.1   5.50 
030312D 2012-03-03T12:19:55 -22.33 170.22  24.1 6.6   6.50 
030912B 2012-03-09T07:09:51 -19.06 169.60  12.0 6.6   9.40 
031412F 2012-03-14T21:13:08  -5.98 151.00  47.8 6.2   9.00 
041412I 2012-04-14T22:05:26 -19.01 168.66  12.0 6.3   6.20 
042112A 2012-04-21T01:16:52  -1.57 134.33  18.1 6.7   3.70 
042112C 2012-04-21T01:25:13  -1.62 134.27  12.0 6.0   2.00 
052312H 2012-05-23T22:59:52 -50.48 139.42  12.0 6.0   2.90 
072512D 2012-07-25T11:20:27  -9.84 159.71  24.7 6.4   8.40 
081812A 2012-08-18T09:41:52  -1.26 120.00  12.5 6.3   3.70 
090312K 2012-09-03T18:23:05 -10.96 113.91  17.2 6.3   3.30 
090512C 2012-09-05T13:09:10 -12.58 166.14  34.0 6.0   6.80 
090812C 2012-09-08T10:51:44  -3.22 134.99  25.2 6.1   3.90 
091412B 2012-09-14T04:51:47  -3.58 100.32  12.0 6.3   4.60 
100812C 2012-10-08T11:43:31  -4.57 129.15  12.0 6.2   4.20 
100912D 2012-10-09T12:32:09 -60.65 153.39  20.7 6.6  10.20 
101212A 2012-10-12T00:31:28  -4.84 133.97  19.6 6.6   5.40 
102012A 2012-10-20T23:00:32 -13.52 166.51  47.4 6.2   3.70 
112912E 2012-11-29T11:10:21  -3.38 145.71  12.0 6.0   8.10 
120212A 2012-12-02T00:54:22 -17.12 167.45  40.0 6.1   4.80 
121712B 2012-12-17T09:16:30  -0.69 123.93  37.0 6.1   1.60 
013013G 2013-01-30T23:03:43 -10.42 166.34  12.0 6.1   5.70 
013113A 2013-01-31T03:33:43 -10.64 166.48  12.0 6.1   4.20 
020113H 2013-02-01T22:16:34 -11.15 165.23  13.0 6.4  10.20 
020113I 2013-02-01T22:18:33 -11.24 165.30  14.4 6.4   8.90 
020613A 2013-02-06T00:07:22 -10.90 165.18  12.0 6.0   4.50 
020613D 2013-02-06T01:54:14 -10.44 165.56  14.1 7.0   8.80 
020613E 2013-02-06T06:35:19 -10.69 164.43  12.7 6.1   4.40 
020613K 2013-02-06T11:53:55 -11.34 165.54  16.0 6.1   5.90 
020713A 2013-02-07T00:30:10 -11.87 165.05  12.0 6.0   2.50 
020713P 2013-02-07T18:59:16 -10.94 165.59  15.2 6.7   7.70 
020813G 2013-02-08T11:12:11 -10.91 165.81  12.2 6.8  14.00 
020913J 2013-02-09T21:02:22 -10.93 165.64  18.8 6.6   9.30 
031013G 2013-03-10T22:51:50  -6.71 148.37  12.0 6.5   8.70 
032413C 2013-03-24T08:13:45 -20.76 173.45  14.4 6.0   4.70 
041413B 2013-04-14T01:32:22  -6.74 154.56  28.9 6.5   5.10 
041613F 2013-04-16T22:55:26  -3.13 142.61  18.4 6.6   6.90 
042313C 2013-04-23T23:14:40  -3.82 152.32  14.1 6.5   8.20 
060513D 2013-06-05T04:47:26 -11.47 166.00  47.0 6.0   3.80 
061313B 2013-06-13T16:47:23 -10.15 107.37  12.6 6.6   8.60 
070413C 2013-07-04T17:15:54  -7.22 155.68  41.3 6.0   6.30 
070613A 2013-07-06T05:05:06  -3.58 100.22  21.4 6.1   3.40 
072113C 2013-07-21T05:09:31 -41.63 174.17  12.0 6.5   7.60 
081613B 2013-08-16T02:31:05 -41.76 174.04  12.0 6.5   9.20 
100413F 2013-10-04T17:26:13 -38.64  78.21  12.0 6.4   9.40 
101613I 2013-10-16T10:30:58  -6.69 154.93  45.8 6.8   6.70 
120113B 2013-12-01T01:24:13  -7.02 128.29  13.1 6.5   3.40 
012014A 2014-01-20T02:52:44 -40.67 175.80  24.5 6.3   5.90 
031114D 2014-03-11T22:03:09  -3.11 148.51  12.0 6.1   6.00 
041114E 2014-04-11T08:16:45  -7.04 154.99  28.8 6.5   8.30 
041214B 2014-04-12T05:24:23  -7.31 155.22  18.0 6.1   9.30 
041314J 2014-04-13T13:24:59 -11.02 162.17  24.0 6.6  10.70 
041714F 2014-04-17T15:06:51 -62.65 155.43  12.0 6.2  14.20 
041814A 2014-04-18T04:13:12 -11.15 164.68  12.0 6.1   5.20 
041914A 2014-04-19T01:04:03  -6.92 154.99  35.8 6.6   6.30 
042014A 2014-04-20T00:15:58  -7.31 155.34  20.5 6.2   5.60 
061414D 2014-06-14T11:10:59 -10.02  91.06  13.4 6.5   5.00 
061914C 2014-06-19T10:17:55 -13.63 166.60  46.7 6.2   5.00 
070214A 2014-07-02T05:53:29 -62.31 154.99  12.0 6.0   5.80 
070414D 2014-07-04T15:00:27  -6.39 152.89  12.4 6.4   4.10 
072914F 2014-07-29T13:27:40  -3.34 146.72  12.0 6.0   7.50 
080614C 2014-08-06T11:45:22  -7.13 127.92  19.5 6.2   6.00 
091014B 2014-09-10T02:46:06  -0.36 125.06  29.2 6.3   5.30 
092514E 2014-09-25T09:13:50  -9.46 156.35  15.3 6.1   4.00 
110214C 2014-11-02T17:17:04 -61.02 153.77  19.1 6.0   8.40 
110314E 2014-11-03T08:48:29 -41.66  79.97  12.0 6.3   6.20 
110714C 2014-11-07T03:33:55  -6.40 148.36  41.9 6.6   9.70 
111614F 2014-11-16T22:33:20 -37.51 179.74  20.9 6.7   8.40 
120714A 2014-12-07T01:22:02  -6.62 154.41  17.2 6.6   7.20 
021815I 2015-02-18T09:32:26 -10.65 164.08  15.8 6.1   5.10 
021915B 2015-02-19T13:18:32 -16.41 168.23  12.0 6.4   7.80 
030315C 2015-03-03T10:37:30  -0.72  98.58  23.6 6.2   5.70 
031515J 2015-03-15T23:17:16  -0.53 122.35  25.1 6.1  11.30 
043015C 2015-04-30T10:45:02  -5.58 151.83  38.3 6.6   6.70 
050115C 2015-05-01T08:06:03  -5.47 151.76  49.3 6.7   6.60 
050715B 2015-05-07T07:10:19  -7.36 154.49  12.0 7.0  14.00 
052015D 2015-05-20T22:48:53 -10.78 163.91  19.0 6.8  10.60 
052215I 2015-05-22T21:45:18 -10.90 163.54  15.3 7.0   7.80 
052215J 2015-05-22T23:59:33 -10.97 163.22  15.3 6.9   6.30 
071015A 2015-07-10T04:12:42  -9.40 158.33  14.6 6.7   5.30 
071815A 2015-07-18T02:27:33 -10.35 165.10  12.3 6.9   6.20 
072715G 2015-07-27T21:41:21  -2.53 138.44  40.6 7.0   9.30 
081015A 2015-08-10T04:12:15  -9.35 158.07  12.0 6.6   3.60 
081215F 2015-08-12T18:49:24  -9.32 157.71  14.9 6.5   6.50 
081515A 2015-08-15T07:47:06 -10.78 163.71  20.6 6.4   5.60 
091615D 2015-09-16T14:03:22  -6.20 151.53  13.3 6.0   6.20 
092415D 2015-09-24T15:53:27  -0.62 131.23  18.9 6.6   6.00 
110415A 2015-11-04T03:44:15  -8.20 124.95  12.0 6.5   6.00 
111815F 2015-11-18T18:31:04  -9.11 158.44  21.5 6.8   7.80 
120915A 2015-12-09T10:21:48  -4.16 129.51  12.2 6.8   6.10 
120915B 2015-12-09T12:58:01 -16.65 175.04  19.1 6.1   5.70 
010116A 2016-01-01T02:00:40 -50.65 139.45  12.0 6.3   3.50 
012616D 2016-01-26T03:10:20  -5.43 153.19  27.0 6.1   3.80 
020816C 2016-02-08T16:19:12  -6.83 154.57  41.0 6.4   5.00 
021216A 2016-02-12T10:02:24  -9.87 119.35  38.0 6.2   5.40 
022716E 2016-02-27T21:29:43 -51.75 139.61  13.6 6.1   4.20 
040116D 2016-04-01T19:24:55  -3.35 144.92  12.0 6.2   9.00 
040316D 2016-04-03T08:23:52 -14.27 166.66  34.8 6.8   6.80 
040616A 2016-04-06T06:58:48 -14.06 166.59  32.4 6.7   6.40 
040616C 2016-04-06T14:45:29  -8.41 107.42  41.9 6.1   5.70 
040716A 2016-04-07T03:32:53 -13.92 166.54  31.5 6.6   5.80 
041416J 2016-04-14T21:50:27 -14.34 166.38  12.0 6.3   3.60 
042816C 2016-04-28T19:33:24 -16.05 167.26  33.5 7.0   9.60 
052016G 2016-05-20T18:14:04 -25.61 129.94  12.0 6.0   3.00 
060116H 2016-06-01T22:56:00  -2.18 100.57  28.9 6.7   4.20 
060916A 2016-06-09T04:13:08 -11.30 116.29  31.5 6.1   3.10 
061016D 2016-06-10T04:17:44  -8.61 160.69  35.4 6.1   2.00 
061916C 2016-06-19T09:47:23 -20.27 168.60  19.9 6.3   8.90 
072516F 2016-07-25T19:38:45  -2.97 148.18  12.0 6.4   4.50 
090816E 2016-09-08T21:46:20 -54.51 158.47  13.7 6.0   7.90 
111416A 2016-11-14T00:34:22 -42.44 173.07  12.5 6.4   8.90 
112216A 2016-11-22T00:19:43 -40.79 177.58  12.0 6.0   7.60 
120816H 2016-12-08T21:56:07 -10.77 161.29  23.2 6.5   6.00 
120916I 2016-12-09T19:10:06 -10.95 161.06  12.0 6.9  20.10 
121716C 2016-12-17T11:27:36  -5.87 153.71  33.6 6.6  10.30 
122016B 2016-12-20T04:21:29 -10.24 161.00  31.8 6.4   5.70 
010317G 2017-01-03T21:52:30 -19.28 176.00  17.3 6.9   7.70 
010317H 2017-01-03T22:40:12 -19.13 176.08  14.5 6.0   4.80 
011017D 2017-01-10T15:27:14 -10.21 161.03  32.0 6.3   3.40 
011917D 2017-01-19T23:04:21 -10.40 161.29  41.7 6.5   3.40 
030417C 2017-03-04T02:58:20  -7.45 155.73  22.2 6.0   4.60 
030517G 2017-03-05T22:47:54  -6.30 149.54  48.4 6.3   6.10 
051517D 2017-05-15T13:22:38  -4.04 152.53  25.5 6.2   6.00 
052917C 2017-05-29T14:35:21  -1.24 120.40  12.0 6.6   6.80 
071117E 2017-07-11T07:00:01 -49.24 163.99  32.0 6.5  16.20 
071317A 2017-07-13T03:36:08  -4.93 153.19  34.1 6.4   5.30 
081317A 2017-08-13T03:08:10  -3.81 101.43  43.3 6.5   7.20 
082717B 2017-08-27T04:17:51  -1.25 148.15  15.9 6.3   5.80 
083117F 2017-08-31T17:06:55  -1.23  99.59  49.3 6.3   5.20 
092017A 2017-09-20T01:43:26 -50.51 162.26  22.2 6.1   8.00 
100817D 2017-10-08T20:48:58 -61.56 154.32  14.9 6.2   5.40 
103117A 2017-10-31T00:42:08 -21.61 169.14  12.6 6.7  12.50 
103117G 2017-10-31T11:50:48  -3.83 127.71  12.0 6.1   4.00 
110117A 2017-11-01T00:09:30 -21.72 168.90  12.0 6.0   7.20 
110117B 2017-11-01T02:23:57 -21.64 168.79  12.0 6.5   9.80 
111917B 2017-11-19T09:25:48 -21.52 168.62  12.0 6.3   5.30 
111917G 2017-11-19T15:09:02 -21.44 168.55  12.0 6.5   7.80 
111917N 2017-11-19T22:43:29 -21.45 168.67  12.0 7.0  14.00 
112017A 2017-11-20T00:09:23 -21.49 168.84  22.0 6.1   6.60 
120117D 2017-12-01T02:49:58  -6.29 147.68  45.2 6.0   4.70 
012618M 2018-01-26T22:47:57  -3.36 145.90  12.0 6.3   2.80 
022618H 2018-02-26T15:18:00  -6.58 143.18  12.0 6.2   4.20 
022718M 2018-02-27T17:29:22 -60.23 150.18  12.0 6.0   7.40 
022818A 2018-02-28T02:45:45  -6.25 142.40  12.0 6.2   5.30 
030618D 2018-03-06T14:13:07  -6.43 142.49  12.0 6.7  15.20 
030818J 2018-03-08T17:39:51  -4.37 153.26  33.0 6.8   8.60 
032418D 2018-03-24T11:23:32  -5.74 151.48  41.2 6.4   5.80 
032418G 2018-03-24T19:58:33 -45.69  95.93  12.0 6.1   5.30 
032618B 2018-03-26T09:51:00  -5.69 151.37  50.0 6.7   6.40 
032918I 2018-03-29T21:25:36  -5.67 151.60  42.2 6.9   7.60 
040718D 2018-04-07T05:48:40  -5.95 142.57  23.3 6.3   7.80 
062118F 2018-06-21T21:13:32 -17.71 167.89  42.4 6.2   4.10 
072818G 2018-07-28T22:47:38  -8.31 116.51  13.9 6.5   2.80 
080518G 2018-08-05T11:46:38  -8.33 116.24  17.8 6.9   6.10 
081918B 2018-08-19T14:56:27  -8.40 116.75  23.5 6.9   8.10 
082118G 2018-08-21T22:32:26 -16.00 168.23  28.8 6.6   4.20 
082818D 2018-08-28T07:08:11 -10.82 124.14  12.0 6.2   6.50 
082918B 2018-08-29T03:51:56 -22.29 169.82  17.7 6.9  26.90 
091018E 2018-09-10T19:31:37 -22.05 170.01  19.3 6.3   7.70 
092818B 2018-09-28T06:59:59  -0.25 119.89  12.0 6.1   3.00 
101018I 2018-10-10T20:48:20  -5.98 151.20  39.4 7.0  11.00 
101018J 2018-10-10T20:59:00  -6.02 151.15  34.6 6.1   4.20 
101018K 2018-10-10T21:13:14  -6.15 151.26  30.0 6.0   6.80 
101618A 2018-10-16T00:28:13 -21.77 169.63  21.6 6.3   8.80 
101618B 2018-10-16T01:03:43 -21.74 169.52  15.1 6.7   6.70 
111618B 2018-11-16T03:26:55 -10.48 163.20  12.0 6.1   4.00 
120518B 2018-12-05T06:43:04 -21.98 169.81  18.1 6.7  13.40
103100F 2000-10-31T18:43:20 -18.01 -174.79  15.5 6.19   3.40 
040701C 2001-04-07T23:17:37 -27.65 -175.93  15.0 6.16   7.30 
120301A 2001-12-03T11:32:29 -16.41 -177.18  15.0 6.41  13.40 
012802D 2002-01-28T15:09:55 -15.25 -172.76  15.0 6.15   8.10 
101302A 2002-10-13T20:55:07 -14.63 -175.03  15.0 6.01   6.90 
032803B 2003-03-28T17:31:47 -15.15 -173.34  49.0 6.13   7.20 
050303A 2003-05-03T05:03:03 -15.16 -173.41  43.0 6.17   7.40 
050403A 2003-05-04T13:15:18 -30.65 -177.73  41.0 6.65   4.10 
050403D 2003-05-04T20:08:46 -30.56 -177.78  47.0 6.37   5.50 
090203D 2003-09-02T18:28:00 -15.14 -172.92  15.0 6.36  10.60 
093003H 2003-09-30T14:08:37 -30.43 -176.88  15.0 6.35   4.70 
100703B 2003-10-07T04:55:28 -16.56 -170.01  15.0 6.13   3.90 
111103B 2003-11-11T15:39:33 -30.45 -179.14  15.0 6.04  -0.70 
022304E 2004-02-23T16:04:49 -14.70 -175.23  12.0 6.13   1.00 
030904G 2004-03-09T22:56:42 -32.06 -177.62  16.0 6.21   2.70 
031804G 2004-03-18T20:04:24 -23.97 -175.42  17.0 6.16   4.40 
060204B 2004-06-02T08:50:37 -32.78 -178.86  50.0 6.07   4.60 
071604C 2004-07-16T23:58:19 -65.65 -179.48  12.0 6.11   5.00 
090304D 2004-09-03T19:04:48 -14.98 -173.07  15.0 6.05   7.80 
011605A 2005-01-16T08:25:04 -25.55 -175.63  19.0 6.11   4.50 
031905D 2005-03-19T15:02:42 -20.55 -173.64  20.0 6.07   5.60 
051605B 2005-05-16T03:54:14 -32.78 -178.78  46.0 6.50   5.80 
051805C 2005-05-18T10:27:06 -15.22 -172.73  15.0 6.19   9.20 
120705F 2005-12-07T23:32:51 -29.99 -177.12  20.0 6.40   5.30 
121305A 2005-12-13T03:16:06 -15.04 -178.43  15.0 6.67   6.50 
033106E 2006-03-31T13:21:00 -29.49 -176.41  12.0 6.53   8.90 
092806B 2006-09-28T06:22:09 -16.63 -171.66  15.5 6.89   7.00 
071707C 2007-07-17T09:39:27 -26.16 -177.63  15.7 6.09   3.40 
071807A 2007-07-18T00:07:35 -26.31 -177.67  12.0 6.09   4.40 
121307G 2007-12-13T15:51:26 -15.24 -171.97  21.3 6.15   8.30 
012208D 2008-01-22T07:55:48 -15.25 -175.17  14.6 6.02   5.00 
012208E 2008-01-22T10:49:21 -15.23 -175.31  13.6 6.12   5.00 
031808A 2008-03-18T08:22:47 -29.09 -176.89  35.1 6.21   6.30 
041608A 2008-04-16T00:35:48 -18.45 -175.58  12.0 6.27   7.20 
100508B 2008-10-05T09:12:36 -30.00 -176.70  14.0 6.11  10.20 
101908B 2008-10-19T05:10:33 -21.82 -173.56  43.3 6.90   6.60 
120908F 2008-12-09T06:23:59 -31.03 -176.54  18.8 6.71   7.20 
021809I 2009-02-18T21:53:45 -27.27 -175.90  36.5 6.96   4.90 
051609A 2009-05-16T00:53:52 -31.56 -178.12  47.7 6.50   5.00 
083009D 2009-08-30T14:51:32 -15.12 -172.28  18.3 6.61   7.60 
100209A 2009-10-02T01:07:39 -16.45 -173.06  12.0 6.11   8.90 
101409E 2009-10-14T18:00:21 -14.90 -174.61  12.7 6.23   7.60 
110209A 2009-11-02T10:47:13 -24.22 -174.75  12.0 6.10   4.10 
112409E 2009-11-24T12:47:15 -20.85 -173.55  25.9 6.74   6.20 
020910B 2010-02-09T01:03:44 -15.00 -173.07  15.0 6.05   8.20 
021310C 2010-02-13T02:34:28 -22.19 -174.06  20.0 6.03   4.00 
042110A 2010-04-21T17:20:29 -15.21 -172.83  45.3 6.08   7.40 
090710E 2010-09-07T16:13:32 -15.78 -179.30  13.8 6.25   6.70 
110310M 2010-11-03T23:34:42 -20.59 -173.66  20.3 6.08   4.60 
032611F 2011-03-26T22:49:41 -15.79 -179.26  12.2 6.04   3.60 
033111A 2011-03-31T00:11:58 -16.54 -177.34  14.6 6.35   4.30 
092211C 2011-09-22T23:07:03 -15.20 -175.02  12.0 6.36   6.00 
100711D 2011-10-07T08:58:28 -32.49 -178.73  48.6 6.10   4.70 
022612D 2012-02-26T05:21:24 -24.81 -177.10  15.6 6.01   4.70 
011513D 2013-01-15T16:09:37 -62.60 -161.94  12.0 6.08   6.50 
110213D 2013-11-02T18:53:46 -19.33 -172.26  12.0 6.25   5.10 
012114A 2014-01-21T01:29:07 -15.27 -174.86  12.0 6.18  13.00 
042614E 2014-04-26T06:02:21 -20.80 -174.29  49.1 6.14   4.20 
062314I 2014-06-23T19:19:15 -30.03 -177.13  26.4 6.88   9.40 
062314J 2014-06-23T19:21:46 -30.03 -177.70  12.0 6.48   9.80 
062314K 2014-06-23T20:06:20 -29.94 -177.30  36.8 6.69   7.00 
062914G 2014-06-29T15:52:23 -14.75 -175.44  12.0 6.43   9.50 
062914H 2014-06-29T17:15:09 -15.00 -175.52  15.3 6.63  11.40 
070314H 2014-07-03T19:50:07 -30.35 -176.30  49.1 6.34   3.40 
090414B 2014-09-04T05:33:50 -21.53 -173.15  46.5 6.02   2.70 
102814B 2014-10-28T03:15:38 -15.12 -174.58  13.9 6.01   6.40 
033015A 2015-03-30T07:56:53 -15.26 -172.77  17.8 6.01   9.50 
033015B 2015-03-30T08:18:00 -15.30 -172.68  14.5 6.30   8.90 
033015C 2015-03-30T08:48:26 -15.37 -172.65  17.3 6.44   8.20 
040715A 2015-04-07T00:46:21 -15.25 -173.17  43.2 6.30   5.00 
041715F 2015-04-17T15:52:51 -15.90 -178.51  15.8 6.47   8.40 
052415B 2015-05-24T14:38:59 -19.40 -176.05  16.0 6.26   6.10 
090715D 2015-09-07T09:13:56 -32.83 -177.73  12.0 6.18   7.80 
101815C 2015-10-18T16:18:35 -16.14 -172.98  17.8 6.01   7.10 
021516B 2016-02-15T15:02:32 -21.04 -175.53  20.5 6.03   7.30 
060616A 2016-06-06T02:35:32 -30.13 -177.64  49.0 6.03   3.40 
071316E 2016-07-13T12:11:12 -28.05 -176.27  17.9 6.36   4.70 
102616B 2016-10-26T05:19:49 -15.45 -174.95  12.0 6.04   6.00 
062517E 2017-06-25T17:42:24 -19.49 -176.26  14.4 6.03   5.80 
062817D 2017-06-28T18:20:55 -30.27 -177.32  28.6 6.12   6.60 
100817C 2017-10-08T14:04:38 -19.03 -175.82  12.9 6.05   8.10 
101817D 2017-10-18T12:00:59 -20.72 -173.29  16.9 6.12   5.70 
110417B 2017-11-04T09:00:19 -15.06 -173.09  35.0 6.71  11.90 
051818B 2018-05-18T01:45:31 -34.67 -178.21  14.3 6.07   5.10 
070718D 2018-07-07T21:33:49 -30.64 -177.79  46.3 6.05   4.60 
111018E 2018-11-10T08:33:21 -20.53 -173.71  19.5 6.09   3.40
