011001E 2001-01-10T16:02:44  56.99 -153.56  21.0 6.9  10.30 
061401G 2001-06-14T19:48:47  51.19 -179.87  18.0 6.5   6.70 
052502B 2002-05-25T05:36:32  53.33 -160.33  15.0 6.3  19.20 
102302E 2002-10-23T11:27:19  63.58 -148.13  15.8 6.6   5.30 
112602A 2002-11-26T00:48:15  51.49 -173.48  20.0 6.1   6.30 
021903C 2003-02-19T03:32:36  53.41 -164.53  28.0 6.6   7.50 
120903A 2003-12-09T12:44:01  51.20 -179.19  31.0 6.2   4.50 
112005C 2005-11-20T12:53:03  53.75 -163.93  32.0 6.2   3.80 
051006C 2006-05-10T02:42:51  52.21 -169.19  29.7 6.4   5.90 
070806C 2006-07-08T20:40:01  51.04 -179.12  28.0 6.6   6.40 
071507E 2007-07-15T13:08:00  52.30 -167.90  14.7 6.1   5.20 
080207B 2007-08-02T03:21:42  51.10 -179.73  31.9 6.7   8.50 
081507E 2007-08-15T20:22:11  50.28 -177.69  12.0 6.5   5.70 
100207H 2007-10-02T18:00:06  54.18 -161.46  40.5 6.3   3.60 
103107C 2007-10-31T13:44:19  51.14 -178.33  39.9 6.0   3.70 
122107C 2007-12-21T07:24:34  51.07 -178.88  31.9 6.3   3.80 
122607F 2007-12-26T22:04:56  52.21 -168.10  14.2 6.4   4.70 
041508I 2008-04-15T22:59:51  51.78 -179.29  12.0 6.4   4.90 
041608B 2008-04-16T05:54:19  51.81 -179.17  12.0 6.6   5.00 
050208A 2008-05-02T01:33:37  51.96 -177.54  12.0 6.6   2.40 
110208B 2008-11-02T13:48:42  51.38 -174.49  20.2 6.1   1.40 
033009B 2009-03-30T07:13:07  56.26 -152.64  12.0 6.0   1.50 
101309D 2009-10-13T05:37:23  52.54 -166.99  12.7 6.4   5.60 
101309J 2009-10-13T20:21:53  52.44 -167.20  12.0 6.4   6.80 
043010A 2010-04-30T23:11:43  60.45 -177.71  15.0 6.5   5.70 
043010B 2010-04-30T23:16:28  60.29 -177.47  16.0 6.3   4.10 
071810A 2010-07-18T05:56:47  52.66 -169.64  12.0 6.7   2.00 
071810D 2010-07-18T19:48:07  52.60 -169.43  12.0 6.0   2.70 
080410F 2010-08-04T12:58:24  51.12 -178.48  31.8 6.4   5.70 
090310E 2010-09-03T11:16:06  51.41 -175.97  38.7 6.5   4.20 
100810A 2010-10-08T03:26:13  51.26 -175.40  18.1 6.4   3.60 
100810B 2010-10-08T03:49:10  51.24 -175.32  17.9 6.0   2.00 
071611I 2011-07-16T19:59:12  54.50 -161.07  46.3 6.2   3.60 
090211A 2011-09-02T10:55:53  51.91 -171.56  39.4 6.9   6.00 
081012I 2012-08-10T18:37:43  52.39 -167.32  13.3 6.2   5.80 
092612G 2012-09-26T23:39:55  51.56 -178.08  15.3 6.5   4.00 
111212I 2012-11-12T20:42:14  57.70 -142.97  16.0 6.3   2.30 
083013F 2013-08-30T16:25:02  51.44 -175.12  26.7 7.0   6.70 
083113E 2013-08-31T06:38:36  51.30 -174.87  18.7 6.0   3.80 
090413C 2013-09-04T02:32:30  51.37 -174.82  21.2 6.5   4.60 
090413G 2013-09-04T06:27:05  51.41 -174.85  26.3 6.0   1.20 
091513D 2013-09-15T16:21:36  51.51 -174.67  24.1 6.1   4.20 
071714D 2014-07-17T11:49:33  60.41 -140.34  19.1 6.0   3.90 
072715D 2015-07-27T04:49:46  52.21 -169.42  27.1 6.9   6.20 
110915F 2015-11-09T16:03:46  51.55 -173.02  16.4 6.4   5.80 
031216H 2016-03-12T18:06:44  51.38 -173.82  16.5 6.4   5.70 
031916A 2016-03-19T01:35:12  51.40 -174.13  15.9 6.0   3.00 
040216A 2016-04-02T05:50:00  57.22 -157.66  12.0 6.2   8.00 
050817G 2017-05-08T17:00:47  51.76 -178.38  12.0 6.2   2.80 
081218C 2018-08-12T14:58:54  69.74 -144.78  12.0 6.4   7.90 
081218I 2018-08-12T21:15:01  69.68 -144.23  15.3 6.0   2.30 
081518B 2018-08-15T21:56:56  51.25 -177.81  35.8 6.6   2.40 
082318A 2018-08-23T03:35:12  51.26 -177.59  31.5 6.3   5.20 
123118B 2018-12-31T02:35:37  54.29 -161.41  37.5 6.1   4.10
