-130.000   25.000 -0.11418 1
-130.000   26.000 -0.08563 1
-130.000   27.000 -0.06851 0
-130.000   28.000 -0.03425 0
-130.000   29.000  0.00000 0
-130.000   30.000  0.00000 0
-130.000   31.000  0.00000 0
-130.000   32.000  0.00000 0
-130.000   33.000  0.00000 0
-130.000   34.000  0.00000 0
-130.000   35.000  0.00000 0
-130.000   36.000  0.00000 0
-130.000   37.000  0.00000 0
-130.000   38.000  0.00000 0
-130.000   39.000  0.00000 0
-130.000   40.000  0.00000 0
-130.000   41.000  0.00000 0
-130.000   42.000  0.00000 0
-130.000   43.000  0.00000 0
-130.000   44.000  0.00000 0
-130.000   45.000  0.00000 0
-130.000   46.000  0.00000 0
-130.000   47.000  0.00000 0
-130.000   48.000  0.00000 0
-130.000   49.000  0.00000 0
-130.000   50.000  0.00000 0
-129.000   25.000 -0.08563 1
-129.000   26.000 -0.06422 1
-129.000   27.000 -0.05138 0
-129.000   28.000 -0.02569 0
-129.000   29.000  0.00000 0
-129.000   30.000  0.00000 0
-129.000   31.000  0.00000 0
-129.000   32.000  0.00000 0
-129.000   33.000  0.00000 0
-129.000   34.000  0.00000 0
-129.000   35.000  0.00000 0
-129.000   36.000  0.00000 0
-129.000   37.000  0.00000 0
-129.000   38.000  0.00000 0
-129.000   39.000  0.00000 0
-129.000   40.000  0.00000 0
-129.000   41.000  0.00000 0
-129.000   42.000  0.00000 0
-129.000   43.000  0.00000 0
-129.000   44.000  0.00000 0
-129.000   45.000  0.00000 0
-129.000   46.000  0.00000 0
-129.000   47.000  0.00000 0
-129.000   48.000  0.00000 0
-129.000   49.000  0.00000 0
-129.000   50.000  0.00000 0
-128.000   25.000 -0.06851 0
-128.000   26.000 -0.05138 0
-128.000   27.000 -0.04110 0
-128.000   28.000 -0.02055 0
-128.000   29.000  0.00000 0
-128.000   30.000  0.00000 0
-128.000   31.000  0.00000 0
-128.000   32.000  0.00000 0
-128.000   33.000  0.00000 0
-128.000   34.000  0.00000 0
-128.000   35.000  0.00000 0
-128.000   36.000  0.00000 0
-128.000   37.000  0.00000 0
-128.000   38.000  0.00000 0
-128.000   39.000  0.00000 0
-128.000   40.000  0.00000 0
-128.000   41.000  0.00000 0
-128.000   42.000  0.00000 0
-128.000   43.000  0.00000 0
-128.000   44.000  0.00000 0
-128.000   45.000  0.00000 0
-128.000   46.000  0.00000 0
-128.000   47.000  0.00000 0
-128.000   48.000  0.00000 0
-128.000   49.000  0.00000 0
-128.000   50.000  0.00000 0
-127.000   25.000 -0.03425 0
-127.000   26.000 -0.02569 0
-127.000   27.000 -0.02055 0
-127.000   28.000 -0.01028 0
-127.000   29.000  0.00000 0
-127.000   30.000  0.00000 0
-127.000   31.000  0.00000 0
-127.000   32.000  0.00000 0
-127.000   33.000  0.00000 0
-127.000   34.000  0.00000 0
-127.000   35.000  0.00000 0
-127.000   36.000  0.00000 0
-127.000   37.000  0.00000 0
-127.000   38.000  0.00000 0
-127.000   39.000  0.00000 0
-127.000   40.000  0.00000 0
-127.000   41.000  0.00000 0
-127.000   42.000  0.00000 0
-127.000   43.000  0.00000 0
-127.000   44.000  0.00000 0
-127.000   45.000  0.00000 0
-127.000   46.000  0.00000 0
-127.000   47.000  0.00000 0
-127.000   48.000  0.00000 0
-127.000   49.000  0.00000 0
-127.000   50.000  0.00000 0
-126.000   25.000  0.00000 0
-126.000   26.000  0.00000 0
-126.000   27.000  0.00000 0
-126.000   28.000  0.00000 0
-126.000   29.000  0.00000 0
-126.000   30.000  0.00000 0
-126.000   31.000  0.00000 0
-126.000   32.000  0.00000 0
-126.000   33.000  0.00000 0
-126.000   34.000  0.00000 0
-126.000   35.000  0.00000 0
-126.000   36.000  0.00000 0
-126.000   37.000  0.00000 0
-126.000   38.000  0.00000 0
-126.000   39.000  0.00000 0
-126.000   40.000  0.00000 0
-126.000   41.000  0.00000 0
-126.000   42.000  0.00000 0
-126.000   43.000  0.00000 0
-126.000   44.000  0.00000 0
-126.000   45.000  0.00000 0
-126.000   46.000  0.00000 0
-126.000   47.000  0.00000 0
-126.000   48.000  0.00000 0
-126.000   49.000  0.00000 0
-126.000   50.000  0.00000 0
-125.000   25.000  0.00000 0
-125.000   26.000  0.00000 0
-125.000   27.000  0.00000 0
-125.000   28.000  0.00000 0
-125.000   29.000  0.00000 0
-125.000   30.000  0.00000 0
-125.000   31.000  0.00000 0
-125.000   32.000  0.00000 0
-125.000   33.000  0.00000 0
-125.000   34.000  0.00000 0
-125.000   35.000  0.00000 0
-125.000   36.000  0.00000 0
-125.000   37.000  0.00000 0
-125.000   38.000  0.00000 0
-125.000   39.000  0.00000 0
-125.000   40.000  0.00000 0
-125.000   41.000  0.00000 0
-125.000   42.000  0.00000 0
-125.000   43.000  0.00000 0
-125.000   44.000  0.00000 0
-125.000   45.000  0.00000 0
-125.000   46.000  0.00000 0
-125.000   47.000  0.00000 0
-125.000   48.000  0.00000 0
-125.000   49.000  0.00000 0
-125.000   50.000  0.00000 0
-124.000   25.000  0.00000 0
-124.000   26.000  0.00000 0
-124.000   27.000  0.00000 0
-124.000   28.000  0.00000 0
-124.000   29.000  0.00000 0
-124.000   30.000  0.00000 0
-124.000   31.000  0.00000 0
-124.000   32.000  0.00000 0
-124.000   33.000  0.00000 0
-124.000   34.000  0.00000 0
-124.000   35.000  0.00000 0
-124.000   36.000  0.00000 0
-124.000   37.000  0.00000 0
-124.000   38.000  0.00000 0
-124.000   39.000  0.00000 0
-124.000   40.000  0.00000 0
-124.000   41.000  0.00000 0
-124.000   42.000  0.00000 0
-124.000   43.000  0.00000 0
-124.000   44.000  0.00000 0
-124.000   45.000  0.00000 0
-124.000   46.000  0.00000 0
-124.000   47.000  0.00000 0
-124.000   48.000  0.00000 0
-124.000   49.000  0.00000 0
-124.000   50.000  0.00000 0
-123.000   25.000  0.00000 0
-123.000   26.000  0.00000 0
-123.000   27.000  0.00000 0
-123.000   28.000  0.00000 0
-123.000   29.000  0.00000 0
-123.000   30.000  0.00000 0
-123.000   31.000  0.00000 0
-123.000   32.000  0.00000 0
-123.000   33.000  0.00000 0
-123.000   34.000  0.00000 0
-123.000   35.000  0.00000 0
-123.000   36.000  0.00000 0
-123.000   37.000  0.00000 0
-123.000   38.000  0.00000 0
-123.000   39.000  0.00000 0
-123.000   40.000  0.00000 0
-123.000   41.000  0.00000 0
-123.000   42.000  0.00000 0
-123.000   43.000  0.00000 0
-123.000   44.000  0.00000 0
-123.000   45.000  0.00000 0
-123.000   46.000  0.00000 0
-123.000   47.000  0.00000 0
-123.000   48.000  0.00000 0
-123.000   49.000  0.00000 0
-123.000   50.000  0.00000 0
-122.000   25.000  0.00000 0
-122.000   26.000  0.00000 0
-122.000   27.000  0.00000 0
-122.000   28.000  0.00000 0
-122.000   29.000  0.00000 0
-122.000   30.000  0.00000 0
-122.000   31.000  0.00000 0
-122.000   32.000  0.00000 0
-122.000   33.000  0.00000 0
-122.000   34.000  0.00000 0
-122.000   35.000  0.00000 0
-122.000   36.000  0.00000 0
-122.000   37.000  0.00000 0
-122.000   38.000  0.00000 0
-122.000   39.000  0.00000 0
-122.000   40.000  0.00000 0
-122.000   41.000  0.00000 0
-122.000   42.000  0.00000 0
-122.000   43.000  0.00000 0
-122.000   44.000  0.00000 0
-122.000   45.000  0.00000 0
-122.000   46.000  0.00000 0
-122.000   47.000  0.00000 0
-122.000   48.000  0.00000 0
-122.000   49.000  0.00000 0
-122.000   50.000  0.00000 0
-121.000   25.000  0.00000 0
-121.000   26.000  0.00000 0
-121.000   27.000  0.00000 0
-121.000   28.000  0.00000 0
-121.000   29.000  0.00000 0
-121.000   30.000  0.00000 0
-121.000   31.000  0.00000 0
-121.000   32.000  0.00000 0
-121.000   33.000  0.00000 0
-121.000   34.000  0.00000 0
-121.000   35.000  0.00000 0
-121.000   36.000  0.00000 0
-121.000   37.000  0.00000 0
-121.000   38.000  0.00000 0
-121.000   39.000  0.00000 0
-121.000   40.000  0.00000 0
-121.000   41.000  0.00000 0
-121.000   42.000  0.00000 0
-121.000   43.000  0.00000 0
-121.000   44.000  0.00000 0
-121.000   45.000  0.00000 0
-121.000   46.000  0.00000 0
-121.000   47.000  0.00000 0
-121.000   48.000  0.00000 0
-121.000   49.000  0.00000 0
-121.000   50.000  0.00000 0
-120.000   25.000  0.00000 0
-120.000   26.000  0.00000 0
-120.000   27.000  0.00000 0
-120.000   28.000  0.00000 0
-120.000   29.000  0.00000 0
-120.000   30.000  0.00000 0
-120.000   31.000  0.00000 0
-120.000   32.000  0.00000 0
-120.000   33.000  0.00000 0
-120.000   34.000  0.00000 0
-120.000   35.000  0.00000 0
-120.000   36.000  0.00000 0
-120.000   37.000  0.00000 0
-120.000   38.000  0.00000 0
-120.000   39.000  0.00000 0
-120.000   40.000  0.00000 0
-120.000   41.000  0.00000 0
-120.000   42.000  0.00000 0
-120.000   43.000  0.00000 0
-120.000   44.000  0.00000 0
-120.000   45.000  0.00000 0
-120.000   46.000  0.00000 0
-120.000   47.000  0.00000 0
-120.000   48.000  0.00000 0
-120.000   49.000  0.00000 0
-120.000   50.000  0.00000 0
-119.000   25.000  0.00000 0
-119.000   26.000  0.00000 0
-119.000   27.000  0.00000 0
-119.000   28.000  0.00000 0
-119.000   29.000  0.00000 0
-119.000   30.000  0.00000 0
-119.000   31.000  0.00000 0
-119.000   32.000  0.00000 0
-119.000   33.000  0.00000 0
-119.000   34.000  0.00000 0
-119.000   35.000  0.00000 0
-119.000   36.000  0.00000 0
-119.000   37.000  0.00000 0
-119.000   38.000  0.00000 0
-119.000   39.000  0.00000 0
-119.000   40.000  0.00000 0
-119.000   41.000  0.00000 0
-119.000   42.000  0.00000 0
-119.000   43.000  0.00000 0
-119.000   44.000  0.00000 0
-119.000   45.000  0.00000 0
-119.000   46.000  0.00000 0
-119.000   47.000  0.00000 0
-119.000   48.000  0.00000 0
-119.000   49.000  0.00000 0
-119.000   50.000  0.00000 0
-118.000   25.000  0.00000 0
-118.000   26.000  0.00000 0
-118.000   27.000  0.00000 0
-118.000   28.000  0.00000 0
-118.000   29.000  0.00000 0
-118.000   30.000  0.00000 0
-118.000   31.000  0.00000 0
-118.000   32.000  0.00000 0
-118.000   33.000  0.00000 0
-118.000   34.000  0.00000 0
-118.000   35.000  0.00000 0
-118.000   36.000  0.00000 0
-118.000   37.000  0.00000 0
-118.000   38.000  0.00000 0
-118.000   39.000  0.00000 0
-118.000   40.000  0.00000 0
-118.000   41.000  0.00000 0
-118.000   42.000  0.00000 0
-118.000   43.000  0.00000 0
-118.000   44.000  0.00000 0
-118.000   45.000  0.00000 0
-118.000   46.000  0.00000 0
-118.000   47.000  0.00000 0
-118.000   48.000  0.00000 0
-118.000   49.000  0.00000 0
-118.000   50.000  0.00000 0
-117.000   25.000  0.00000 0
-117.000   26.000  0.00000 0
-117.000   27.000  0.00000 0
-117.000   28.000  0.00000 0
-117.000   29.000  0.00000 0
-117.000   30.000  0.00000 0
-117.000   31.000  0.00000 0
-117.000   32.000  0.00000 0
-117.000   33.000  0.00000 0
-117.000   34.000  0.00000 0
-117.000   35.000  0.00000 0
-117.000   36.000  0.00000 0
-117.000   37.000  0.00000 0
-117.000   38.000  0.00000 0
-117.000   39.000  0.00000 0
-117.000   40.000  0.00000 0
-117.000   41.000  0.00000 0
-117.000   42.000  0.00000 0
-117.000   43.000  0.00000 0
-117.000   44.000  0.00000 0
-117.000   45.000  0.00000 0
-117.000   46.000  0.00000 0
-117.000   47.000  0.00000 0
-117.000   48.000  0.00000 0
-117.000   49.000  0.00000 0
-117.000   50.000  0.00000 0
-116.000   25.000  0.00000 0
-116.000   26.000  0.00000 0
-116.000   27.000  0.00000 0
-116.000   28.000  0.00000 0
-116.000   29.000  0.00000 0
-116.000   30.000  0.00000 0
-116.000   31.000  0.00000 0
-116.000   32.000  0.00000 0
-116.000   33.000  0.00000 0
-116.000   34.000  0.00000 0
-116.000   35.000  0.00000 0
-116.000   36.000  0.00000 0
-116.000   37.000  0.00000 0
-116.000   38.000  0.00000 0
-116.000   39.000  0.00000 0
-116.000   40.000  0.00000 0
-116.000   41.000  0.00000 0
-116.000   42.000  0.00000 0
-116.000   43.000  0.00000 0
-116.000   44.000  0.00000 0
-116.000   45.000  0.00000 0
-116.000   46.000  0.00000 0
-116.000   47.000  0.00000 0
-116.000   48.000  0.00000 0
-116.000   49.000  0.00000 0
-116.000   50.000  0.00000 0
-115.000   25.000  0.00000 0
-115.000   26.000  0.00000 0
-115.000   27.000  0.00000 0
-115.000   28.000  0.00000 0
-115.000   29.000  0.00000 0
-115.000   30.000  0.00000 0
-115.000   31.000  0.00000 0
-115.000   32.000  0.00000 0
-115.000   33.000  0.00000 0
-115.000   34.000  0.00000 0
-115.000   35.000  0.00000 0
-115.000   36.000  0.00000 0
-115.000   37.000  0.00000 0
-115.000   38.000  0.00000 0
-115.000   39.000  0.00000 0
-115.000   40.000  0.00000 0
-115.000   41.000  0.00000 0
-115.000   42.000  0.00000 0
-115.000   43.000  0.00000 0
-115.000   44.000  0.00000 0
-115.000   45.000  0.00000 0
-115.000   46.000  0.00000 0
-115.000   47.000  0.00000 0
-115.000   48.000  0.00000 0
-115.000   49.000  0.00000 0
-115.000   50.000  0.00000 0
-114.000   25.000  0.00000 0
-114.000   26.000  0.00000 0
-114.000   27.000  0.00000 0
-114.000   28.000  0.00000 0
-114.000   29.000  0.00000 0
-114.000   30.000  0.00000 0
-114.000   31.000  0.00000 0
-114.000   32.000  0.00000 0
-114.000   33.000  0.00000 0
-114.000   34.000  0.00000 0
-114.000   35.000  0.00000 0
-114.000   36.000  0.00000 0
-114.000   37.000  0.00000 0
-114.000   38.000  0.00000 0
-114.000   39.000  0.00000 0
-114.000   40.000  0.00000 0
-114.000   41.000  0.00000 0
-114.000   42.000  0.00000 0
-114.000   43.000  0.00000 0
-114.000   44.000  0.00000 0
-114.000   45.000  0.00000 0
-114.000   46.000  0.00000 0
-114.000   47.000  0.00000 0
-114.000   48.000  0.00000 0
-114.000   49.000  0.00000 0
-114.000   50.000  0.00000 0
-113.000   25.000  0.00000 0
-113.000   26.000  0.00000 0
-113.000   27.000  0.00000 0
-113.000   28.000  0.00000 0
-113.000   29.000  0.00000 0
-113.000   30.000  0.00000 0
-113.000   31.000  0.00000 0
-113.000   32.000  0.00000 0
-113.000   33.000  0.00000 0
-113.000   34.000  0.00000 0
-113.000   35.000  0.00000 0
-113.000   36.000  0.00000 0
-113.000   37.000  0.00000 0
-113.000   38.000  0.00000 0
-113.000   39.000  0.00000 0
-113.000   40.000  0.00000 0
-113.000   41.000  0.00000 0
-113.000   42.000  0.00000 0
-113.000   43.000  0.00000 0
-113.000   44.000  0.00000 0
-113.000   45.000  0.00000 0
-113.000   46.000  0.00000 0
-113.000   47.000  0.00000 0
-113.000   48.000  0.00000 0
-113.000   49.000  0.00000 0
-113.000   50.000  0.00000 0
-112.000   25.000  0.00000 0
-112.000   26.000  0.00000 0
-112.000   27.000  0.00000 0
-112.000   28.000  0.00000 0
-112.000   29.000  0.00000 0
-112.000   30.000  0.00000 0
-112.000   31.000  0.00000 0
-112.000   32.000  0.00000 0
-112.000   33.000  0.00000 0
-112.000   34.000  0.00000 0
-112.000   35.000  0.00000 0
-112.000   36.000  0.00000 0
-112.000   37.000  0.00000 0
-112.000   38.000  0.00000 0
-112.000   39.000  0.00000 0
-112.000   40.000  0.00000 0
-112.000   41.000  0.00000 0
-112.000   42.000  0.00000 0
-112.000   43.000  0.00000 0
-112.000   44.000  0.00000 0
-112.000   45.000  0.00000 0
-112.000   46.000  0.00000 0
-112.000   47.000  0.00000 0
-112.000   48.000  0.00000 0
-112.000   49.000  0.00000 0
-112.000   50.000  0.00000 0
-111.000   25.000  0.00000 0
-111.000   26.000  0.00000 0
-111.000   27.000  0.00000 0
-111.000   28.000  0.00000 0
-111.000   29.000  0.00000 0
-111.000   30.000  0.00000 0
-111.000   31.000  0.00000 0
-111.000   32.000  0.00000 0
-111.000   33.000  0.00000 0
-111.000   34.000  0.00000 0
-111.000   35.000  0.00000 0
-111.000   36.000  0.00000 0
-111.000   37.000  0.00000 0
-111.000   38.000  0.00000 0
-111.000   39.000  0.00000 0
-111.000   40.000  0.00000 0
-111.000   41.000  0.00000 0
-111.000   42.000  0.00000 0
-111.000   43.000  0.00000 0
-111.000   44.000  0.00000 0
-111.000   45.000  0.00000 0
-111.000   46.000  0.00000 0
-111.000   47.000  0.00000 0
-111.000   48.000  0.00000 0
-111.000   49.000  0.00000 0
-111.000   50.000  0.00000 0
-110.000   25.000  0.00000 0
-110.000   26.000  0.00000 0
-110.000   27.000  0.00000 0
-110.000   28.000  0.00000 0
-110.000   29.000  0.00000 0
-110.000   30.000  0.00000 0
-110.000   31.000  0.00000 0
-110.000   32.000  0.00000 0
-110.000   33.000  0.00000 0
-110.000   34.000  0.00000 0
-110.000   35.000  0.00000 0
-110.000   36.000  0.00000 0
-110.000   37.000  0.00000 0
-110.000   38.000  0.00000 0
-110.000   39.000  0.00000 0
-110.000   40.000  0.00000 0
-110.000   41.000  0.00000 0
-110.000   42.000  0.00000 0
-110.000   43.000  0.00000 0
-110.000   44.000  0.00000 0
-110.000   45.000  0.00000 0
-110.000   46.000  0.00000 0
-110.000   47.000  0.00000 0
-110.000   48.000  0.00000 0
-110.000   49.000  0.00000 0
-110.000   50.000  0.00000 0
-109.000   25.000  0.00000 0
-109.000   26.000  0.00000 0
-109.000   27.000  0.00000 0
-109.000   28.000  0.00000 0
-109.000   29.000  0.00000 0
-109.000   30.000  0.00000 0
-109.000   31.000  0.00000 0
-109.000   32.000  0.00000 0
-109.000   33.000  0.00000 0
-109.000   34.000  0.00000 0
-109.000   35.000  0.00000 0
-109.000   36.000  0.00000 0
-109.000   37.000  0.00000 0
-109.000   38.000  0.00000 0
-109.000   39.000  0.00000 0
-109.000   40.000  0.00000 0
-109.000   41.000  0.00000 0
-109.000   42.000  0.00000 0
-109.000   43.000  0.00000 0
-109.000   44.000  0.00000 0
-109.000   45.000  0.00000 0
-109.000   46.000  0.00000 0
-109.000   47.000  0.00000 0
-109.000   48.000  0.00000 0
-109.000   49.000  0.00000 0
-109.000   50.000  0.00000 0
-108.000   25.000  0.00000 0
-108.000   26.000  0.00000 0
-108.000   27.000  0.00000 0
-108.000   28.000  0.00000 0
-108.000   29.000  0.00000 0
-108.000   30.000  0.00000 0
-108.000   31.000  0.00000 0
-108.000   32.000  0.00000 0
-108.000   33.000  0.00000 0
-108.000   34.000  0.00000 0
-108.000   35.000  0.00000 0
-108.000   36.000  0.00000 0
-108.000   37.000  0.00000 0
-108.000   38.000  0.00000 0
-108.000   39.000  0.00000 0
-108.000   40.000  0.00000 0
-108.000   41.000  0.00000 0
-108.000   42.000  0.00000 0
-108.000   43.000  0.00000 0
-108.000   44.000  0.00000 0
-108.000   45.000  0.00000 0
-108.000   46.000  0.00000 0
-108.000   47.000  0.00000 0
-108.000   48.000  0.00000 0
-108.000   49.000  0.00000 0
-108.000   50.000  0.00000 0
-107.000   25.000  0.00000 0
-107.000   26.000  0.00000 0
-107.000   27.000  0.00000 0
-107.000   28.000  0.00000 0
-107.000   29.000  0.00000 0
-107.000   30.000  0.00000 0
-107.000   31.000  0.00000 0
-107.000   32.000  0.00000 0
-107.000   33.000  0.00000 0
-107.000   34.000  0.00000 0
-107.000   35.000  0.00000 0
-107.000   36.000  0.00000 0
-107.000   37.000  0.00000 0
-107.000   38.000  0.00000 0
-107.000   39.000  0.00000 0
-107.000   40.000  0.00000 0
-107.000   41.000  0.00000 0
-107.000   42.000  0.00000 0
-107.000   43.000  0.00000 0
-107.000   44.000  0.00000 0
-107.000   45.000  0.00000 0
-107.000   46.000  0.00000 0
-107.000   47.000  0.00000 0
-107.000   48.000  0.00000 0
-107.000   49.000  0.00000 0
-107.000   50.000  0.00000 0
-106.000   25.000  0.00000 0
-106.000   26.000  0.00000 0
-106.000   27.000  0.00000 0
-106.000   28.000  0.00000 0
-106.000   29.000  0.00000 0
-106.000   30.000  0.00000 0
-106.000   31.000  0.00000 0
-106.000   32.000  0.00000 0
-106.000   33.000  0.00000 0
-106.000   34.000  0.00000 0
-106.000   35.000  0.00000 0
-106.000   36.000  0.00000 0
-106.000   37.000  0.00000 0
-106.000   38.000  0.00000 0
-106.000   39.000  0.00000 0
-106.000   40.000  0.00000 0
-106.000   41.000  0.00000 0
-106.000   42.000  0.00000 0
-106.000   43.000  0.00000 0
-106.000   44.000  0.00000 0
-106.000   45.000  0.00000 0
-106.000   46.000  0.00000 0
-106.000   47.000  0.00000 0
-106.000   48.000  0.00000 0
-106.000   49.000  0.00000 0
-106.000   50.000  0.00000 0
-105.000   25.000  0.00000 0
-105.000   26.000  0.00000 0
-105.000   27.000  0.00000 0
-105.000   28.000  0.00000 0
-105.000   29.000  0.00000 0
-105.000   30.000  0.00000 0
-105.000   31.000  0.00000 0
-105.000   32.000  0.00000 0
-105.000   33.000  0.00000 0
-105.000   34.000  0.00000 0
-105.000   35.000  0.00000 0
-105.000   36.000  0.00000 0
-105.000   37.000  0.00000 0
-105.000   38.000  0.00000 0
-105.000   39.000  0.00000 0
-105.000   40.000  0.00000 0
-105.000   41.000  0.00000 0
-105.000   42.000  0.00000 0
-105.000   43.000  0.00000 0
-105.000   44.000  0.00000 0
-105.000   45.000  0.00000 0
-105.000   46.000  0.00000 0
-105.000   47.000  0.00000 0
-105.000   48.000  0.00000 0
-105.000   49.000  0.00000 0
-105.000   50.000  0.00000 0
-104.000   25.000  0.00000 0
-104.000   26.000  0.00000 0
-104.000   27.000  0.00000 0
-104.000   28.000  0.00000 0
-104.000   29.000  0.00000 0
-104.000   30.000  0.00000 0
-104.000   31.000  0.00000 0
-104.000   32.000  0.00000 0
-104.000   33.000  0.00000 0
-104.000   34.000  0.00000 0
-104.000   35.000  0.00000 0
-104.000   36.000  0.00000 0
-104.000   37.000  0.00000 0
-104.000   38.000  0.00000 0
-104.000   39.000  0.00000 0
-104.000   40.000  0.00000 0
-104.000   41.000  0.00000 0
-104.000   42.000  0.00000 0
-104.000   43.000  0.00000 0
-104.000   44.000  0.00000 0
-104.000   45.000  0.00000 0
-104.000   46.000  0.00000 0
-104.000   47.000  0.00000 0
-104.000   48.000  0.00000 0
-104.000   49.000  0.00000 0
-104.000   50.000  0.00000 0
-103.000   25.000  0.00000 0
-103.000   26.000  0.00000 0
-103.000   27.000  0.00000 0
-103.000   28.000  0.00000 0
-103.000   29.000  0.00000 0
-103.000   30.000  0.00000 0
-103.000   31.000  0.00000 0
-103.000   32.000  0.00000 0
-103.000   33.000  0.00000 0
-103.000   34.000  0.00000 0
-103.000   35.000  0.00000 0
-103.000   36.000  0.00000 0
-103.000   37.000  0.00000 0
-103.000   38.000  0.00000 0
-103.000   39.000  0.00000 0
-103.000   40.000  0.00000 0
-103.000   41.000  0.00000 0
-103.000   42.000  0.00000 0
-103.000   43.000  0.00000 0
-103.000   44.000  0.00000 0
-103.000   45.000  0.00000 0
-103.000   46.000  0.00000 0
-103.000   47.000  0.00000 0
-103.000   48.000  0.00000 0
-103.000   49.000  0.00000 0
-103.000   50.000  0.00000 0
-102.000   25.000  0.00000 0
-102.000   26.000  0.00000 0
-102.000   27.000  0.00000 0
-102.000   28.000  0.00000 0
-102.000   29.000  0.00000 0
-102.000   30.000  0.00000 0
-102.000   31.000  0.00000 0
-102.000   32.000  0.00000 0
-102.000   33.000  0.00000 0
-102.000   34.000  0.00000 0
-102.000   35.000  0.00000 0
-102.000   36.000  0.00000 0
-102.000   37.000  0.00000 0
-102.000   38.000  0.00000 0
-102.000   39.000  0.00000 0
-102.000   40.000  0.00000 0
-102.000   41.000  0.00000 0
-102.000   42.000  0.00000 0
-102.000   43.000  0.00000 0
-102.000   44.000  0.00000 0
-102.000   45.000  0.00000 0
-102.000   46.000  0.00000 0
-102.000   47.000  0.00000 0
-102.000   48.000  0.00000 0
-102.000   49.000  0.00000 0
-102.000   50.000  0.00000 0
-101.000   25.000  0.00000 0
-101.000   26.000  0.00000 0
-101.000   27.000  0.00000 0
-101.000   28.000  0.00000 0
-101.000   29.000  0.00000 0
-101.000   30.000  0.00000 0
-101.000   31.000  0.00000 0
-101.000   32.000  0.00000 0
-101.000   33.000  0.00000 0
-101.000   34.000  0.00000 0
-101.000   35.000  0.00000 0
-101.000   36.000  0.00000 0
-101.000   37.000  0.00000 0
-101.000   38.000  0.00000 0
-101.000   39.000  0.00000 0
-101.000   40.000  0.00000 0
-101.000   41.000  0.00000 0
-101.000   42.000  0.00000 0
-101.000   43.000  0.00000 0
-101.000   44.000  0.00000 0
-101.000   45.000  0.00000 0
-101.000   46.000  0.00000 0
-101.000   47.000  0.00000 0
-101.000   48.000  0.00000 0
-101.000   49.000  0.00000 0
-101.000   50.000  0.00000 0
-100.000   25.000  0.00000 0
-100.000   26.000  0.00000 0
-100.000   27.000  0.00000 0
-100.000   28.000  0.00000 0
-100.000   29.000  0.00000 0
-100.000   30.000  0.00000 0
-100.000   31.000  0.00000 0
-100.000   32.000  0.00000 0
-100.000   33.000  0.00000 0
-100.000   34.000  0.00000 0
-100.000   35.000  0.00000 0
-100.000   36.000  0.00000 0
-100.000   37.000  0.00000 0
-100.000   38.000  0.00000 0
-100.000   39.000  0.00000 0
-100.000   40.000  0.00000 0
-100.000   41.000  0.00000 0
-100.000   42.000  0.00000 0
-100.000   43.000  0.00000 0
-100.000   44.000  0.00000 0
-100.000   45.000  0.00000 0
-100.000   46.000  0.00000 0
-100.000   47.000  0.00000 0
-100.000   48.000  0.00000 0
-100.000   49.000  0.00000 0
-100.000   50.000  0.00000 0
 -99.000   25.000  0.00000 0
 -99.000   26.000  0.00000 0
 -99.000   27.000  0.00000 0
 -99.000   28.000  0.00000 0
 -99.000   29.000  0.00000 0
 -99.000   30.000  0.00000 0
 -99.000   31.000  0.00000 0
 -99.000   32.000  0.00000 0
 -99.000   33.000  0.00000 0
 -99.000   34.000  0.00000 0
 -99.000   35.000  0.00000 0
 -99.000   36.000  0.00000 0
 -99.000   37.000  0.00000 0
 -99.000   38.000  0.00000 0
 -99.000   39.000  0.00000 0
 -99.000   40.000  0.00000 0
 -99.000   41.000  0.00000 0
 -99.000   42.000  0.00000 0
 -99.000   43.000  0.00000 0
 -99.000   44.000  0.00000 0
 -99.000   45.000  0.00000 0
 -99.000   46.000  0.00000 0
 -99.000   47.000  0.00000 0
 -99.000   48.000  0.00000 0
 -99.000   49.000  0.00000 0
 -99.000   50.000  0.00000 0
 -98.000   25.000  0.00000 0
 -98.000   26.000  0.00000 0
 -98.000   27.000  0.00000 0
 -98.000   28.000  0.00000 0
 -98.000   29.000  0.00000 0
 -98.000   30.000  0.00000 0
 -98.000   31.000  0.00000 0
 -98.000   32.000  0.00000 0
 -98.000   33.000  0.00000 0
 -98.000   34.000  0.00000 0
 -98.000   35.000  0.00000 0
 -98.000   36.000  0.00000 0
 -98.000   37.000  0.00000 0
 -98.000   38.000  0.00000 0
 -98.000   39.000  0.00000 0
 -98.000   40.000  0.00000 0
 -98.000   41.000  0.00000 0
 -98.000   42.000  0.00000 0
 -98.000   43.000  0.00000 0
 -98.000   44.000  0.00000 0
 -98.000   45.000  0.00000 0
 -98.000   46.000  0.00000 0
 -98.000   47.000  0.00000 0
 -98.000   48.000  0.00000 0
 -98.000   49.000  0.00000 0
 -98.000   50.000  0.00000 0
 -97.000   25.000  0.00000 0
 -97.000   26.000  0.00000 0
 -97.000   27.000  0.00000 0
 -97.000   28.000  0.00000 0
 -97.000   29.000  0.00000 0
 -97.000   30.000  0.00000 0
 -97.000   31.000  0.00000 0
 -97.000   32.000  0.00000 0
 -97.000   33.000  0.00000 0
 -97.000   34.000  0.00000 0
 -97.000   35.000  0.00000 0
 -97.000   36.000  0.00000 0
 -97.000   37.000  0.00000 0
 -97.000   38.000  0.00000 0
 -97.000   39.000  0.00000 0
 -97.000   40.000  0.00000 0
 -97.000   41.000  0.00000 0
 -97.000   42.000  0.00000 0
 -97.000   43.000  0.00000 0
 -97.000   44.000  0.00000 0
 -97.000   45.000  0.00000 0
 -97.000   46.000  0.00000 0
 -97.000   47.000  0.00000 0
 -97.000   48.000  0.00000 0
 -97.000   49.000  0.00000 0
 -97.000   50.000  0.00000 0
 -96.000   25.000  0.00000 0
 -96.000   26.000  0.00000 0
 -96.000   27.000  0.00000 0
 -96.000   28.000  0.00000 0
 -96.000   29.000  0.00000 0
 -96.000   30.000  0.00000 0
 -96.000   31.000  0.00000 0
 -96.000   32.000  0.00000 0
 -96.000   33.000  0.00000 0
 -96.000   34.000  0.00000 0
 -96.000   35.000  0.00000 0
 -96.000   36.000  0.00000 0
 -96.000   37.000  0.00000 0
 -96.000   38.000  0.00000 0
 -96.000   39.000  0.00000 0
 -96.000   40.000  0.00000 0
 -96.000   41.000  0.00000 0
 -96.000   42.000  0.00000 0
 -96.000   43.000  0.00000 0
 -96.000   44.000  0.00000 0
 -96.000   45.000  0.00000 0
 -96.000   46.000  0.00000 0
 -96.000   47.000  0.00000 0
 -96.000   48.000  0.00000 0
 -96.000   49.000  0.00000 0
 -96.000   50.000  0.00000 0
 -95.000   25.000  0.00000 0
 -95.000   26.000  0.00000 0
 -95.000   27.000  0.00000 0
 -95.000   28.000  0.00000 0
 -95.000   29.000  0.00000 0
 -95.000   30.000  0.00000 0
 -95.000   31.000  0.00000 0
 -95.000   32.000  0.00000 0
 -95.000   33.000  0.00000 0
 -95.000   34.000  0.00000 0
 -95.000   35.000  0.00000 0
 -95.000   36.000  0.00000 0
 -95.000   37.000  0.00000 0
 -95.000   38.000  0.00000 0
 -95.000   39.000  0.00000 0
 -95.000   40.000  0.00000 0
 -95.000   41.000  0.00000 0
 -95.000   42.000  0.00000 0
 -95.000   43.000  0.00000 0
 -95.000   44.000  0.00000 0
 -95.000   45.000  0.00000 0
 -95.000   46.000  0.00000 0
 -95.000   47.000  0.00000 0
 -95.000   48.000  0.00000 0
 -95.000   49.000  0.00000 0
 -95.000   50.000  0.00000 0
 -94.000   25.000  0.00000 0
 -94.000   26.000  0.00000 0
 -94.000   27.000  0.00000 0
 -94.000   28.000  0.00000 0
 -94.000   29.000  0.00000 0
 -94.000   30.000  0.00000 0
 -94.000   31.000  0.00000 0
 -94.000   32.000  0.00000 0
 -94.000   33.000  0.00000 0
 -94.000   34.000  0.00000 0
 -94.000   35.000  0.00000 0
 -94.000   36.000  0.00000 0
 -94.000   37.000  0.00000 0
 -94.000   38.000  0.00000 0
 -94.000   39.000  0.00000 0
 -94.000   40.000  0.00000 0
 -94.000   41.000  0.00000 0
 -94.000   42.000  0.00000 0
 -94.000   43.000  0.00000 0
 -94.000   44.000  0.00000 0
 -94.000   45.000  0.00000 0
 -94.000   46.000  0.00000 0
 -94.000   47.000  0.00000 0
 -94.000   48.000  0.00000 0
 -94.000   49.000  0.00000 0
 -94.000   50.000  0.00000 0
 -93.000   25.000  0.00000 0
 -93.000   26.000  0.00000 0
 -93.000   27.000  0.00000 0
 -93.000   28.000  0.00000 0
 -93.000   29.000  0.00000 0
 -93.000   30.000  0.00000 0
 -93.000   31.000  0.00000 0
 -93.000   32.000  0.00000 0
 -93.000   33.000  0.00000 0
 -93.000   34.000  0.00000 0
 -93.000   35.000  0.00000 0
 -93.000   36.000  0.00000 0
 -93.000   37.000  0.00000 0
 -93.000   38.000  0.00000 0
 -93.000   39.000  0.00000 0
 -93.000   40.000  0.00000 0
 -93.000   41.000  0.00000 0
 -93.000   42.000  0.00000 0
 -93.000   43.000  0.00000 0
 -93.000   44.000  0.00000 0
 -93.000   45.000  0.00000 0
 -93.000   46.000  0.00000 0
 -93.000   47.000  0.00000 0
 -93.000   48.000  0.00000 0
 -93.000   49.000  0.00000 0
 -93.000   50.000  0.00000 0
 -92.000   25.000  0.00000 0
 -92.000   26.000  0.00000 0
 -92.000   27.000  0.00000 0
 -92.000   28.000  0.00000 0
 -92.000   29.000  0.00000 0
 -92.000   30.000  0.00000 0
 -92.000   31.000  0.00000 0
 -92.000   32.000  0.00000 0
 -92.000   33.000  0.00000 0
 -92.000   34.000  0.00000 0
 -92.000   35.000  0.00000 0
 -92.000   36.000  0.00000 0
 -92.000   37.000  0.00000 0
 -92.000   38.000  0.00000 0
 -92.000   39.000  0.00000 0
 -92.000   40.000  0.00000 0
 -92.000   41.000  0.00000 0
 -92.000   42.000  0.00000 0
 -92.000   43.000  0.00000 0
 -92.000   44.000  0.00000 0
 -92.000   45.000  0.00000 0
 -92.000   46.000  0.00000 0
 -92.000   47.000  0.00000 0
 -92.000   48.000  0.00000 0
 -92.000   49.000  0.00000 0
 -92.000   50.000  0.00000 0
 -91.000   25.000  0.00000 0
 -91.000   26.000  0.00000 0
 -91.000   27.000  0.00000 0
 -91.000   28.000  0.00000 0
 -91.000   29.000  0.00000 0
 -91.000   30.000  0.00000 0
 -91.000   31.000  0.00000 0
 -91.000   32.000  0.00000 0
 -91.000   33.000  0.00000 0
 -91.000   34.000  0.00000 0
 -91.000   35.000  0.00000 0
 -91.000   36.000  0.00000 0
 -91.000   37.000  0.00000 0
 -91.000   38.000  0.00000 0
 -91.000   39.000  0.00000 0
 -91.000   40.000  0.00000 0
 -91.000   41.000  0.00000 0
 -91.000   42.000  0.00000 0
 -91.000   43.000  0.00000 0
 -91.000   44.000  0.00000 0
 -91.000   45.000  0.00000 0
 -91.000   46.000  0.00000 0
 -91.000   47.000  0.00000 0
 -91.000   48.000  0.00000 0
 -91.000   49.000  0.00000 0
 -91.000   50.000  0.00000 0
 -90.000   25.000  0.00000 0
 -90.000   26.000  0.00000 0
 -90.000   27.000  0.00000 0
 -90.000   28.000  0.00000 0
 -90.000   29.000  0.00000 0
 -90.000   30.000  0.00000 0
 -90.000   31.000  0.00000 0
 -90.000   32.000  0.00000 0
 -90.000   33.000  0.00000 0
 -90.000   34.000  0.00000 0
 -90.000   35.000  0.00000 0
 -90.000   36.000  0.00000 0
 -90.000   37.000  0.00000 0
 -90.000   38.000  0.00000 0
 -90.000   39.000  0.00000 0
 -90.000   40.000  0.00000 0
 -90.000   41.000  0.00000 0
 -90.000   42.000  0.00000 0
 -90.000   43.000  0.00000 0
 -90.000   44.000  0.00000 0
 -90.000   45.000  0.00000 0
 -90.000   46.000  0.00000 0
 -90.000   47.000  0.00000 0
 -90.000   48.000  0.00000 0
 -90.000   49.000  0.00000 0
 -90.000   50.000  0.00000 0
 -89.000   25.000  0.00000 0
 -89.000   26.000  0.00000 0
 -89.000   27.000  0.00000 0
 -89.000   28.000  0.00000 0
 -89.000   29.000  0.00000 0
 -89.000   30.000  0.00000 0
 -89.000   31.000  0.00000 0
 -89.000   32.000  0.00000 0
 -89.000   33.000  0.00000 0
 -89.000   34.000  0.00000 0
 -89.000   35.000  0.00000 0
 -89.000   36.000  0.00000 0
 -89.000   37.000  0.00000 0
 -89.000   38.000  0.00000 0
 -89.000   39.000  0.00000 0
 -89.000   40.000  0.00000 0
 -89.000   41.000  0.00000 0
 -89.000   42.000  0.00000 0
 -89.000   43.000  0.00000 0
 -89.000   44.000  0.00000 0
 -89.000   45.000  0.00000 0
 -89.000   46.000  0.00000 0
 -89.000   47.000  0.00000 0
 -89.000   48.000  0.00000 0
 -89.000   49.000  0.00000 0
 -89.000   50.000  0.00000 0
 -88.000   25.000  0.00000 0
 -88.000   26.000  0.00000 0
 -88.000   27.000  0.00000 0
 -88.000   28.000  0.00000 0
 -88.000   29.000  0.00000 0
 -88.000   30.000  0.00000 0
 -88.000   31.000  0.00000 0
 -88.000   32.000  0.00000 0
 -88.000   33.000  0.00000 0
 -88.000   34.000  0.00000 0
 -88.000   35.000  0.00000 0
 -88.000   36.000  0.00000 0
 -88.000   37.000  0.00000 0
 -88.000   38.000  0.00000 0
 -88.000   39.000  0.00000 0
 -88.000   40.000  0.00000 0
 -88.000   41.000  0.00000 0
 -88.000   42.000  0.00000 0
 -88.000   43.000  0.00000 0
 -88.000   44.000  0.00000 0
 -88.000   45.000  0.00000 0
 -88.000   46.000  0.00000 0
 -88.000   47.000  0.00000 0
 -88.000   48.000  0.00000 0
 -88.000   49.000  0.00000 0
 -88.000   50.000  0.00000 0
 -87.000   25.000  0.00000 0
 -87.000   26.000  0.00000 0
 -87.000   27.000  0.00000 0
 -87.000   28.000  0.00000 0
 -87.000   29.000  0.00000 0
 -87.000   30.000  0.00000 0
 -87.000   31.000  0.00000 0
 -87.000   32.000  0.00000 0
 -87.000   33.000  0.00000 0
 -87.000   34.000  0.00000 0
 -87.000   35.000  0.00000 0
 -87.000   36.000  0.00000 0
 -87.000   37.000  0.00000 0
 -87.000   38.000  0.00000 0
 -87.000   39.000  0.00000 0
 -87.000   40.000  0.00000 0
 -87.000   41.000  0.00000 0
 -87.000   42.000  0.00000 0
 -87.000   43.000  0.00000 0
 -87.000   44.000  0.00000 0
 -87.000   45.000  0.00000 0
 -87.000   46.000  0.00000 0
 -87.000   47.000  0.00000 0
 -87.000   48.000  0.00000 0
 -87.000   49.000  0.00000 0
 -87.000   50.000  0.00000 0
 -86.000   25.000  0.00000 0
 -86.000   26.000  0.00000 0
 -86.000   27.000  0.00000 0
 -86.000   28.000  0.00000 0
 -86.000   29.000  0.00000 0
 -86.000   30.000  0.00000 0
 -86.000   31.000  0.00000 0
 -86.000   32.000  0.00000 0
 -86.000   33.000  0.00000 0
 -86.000   34.000  0.00000 0
 -86.000   35.000  0.00000 0
 -86.000   36.000  0.00000 0
 -86.000   37.000  0.00000 0
 -86.000   38.000  0.00000 0
 -86.000   39.000  0.00000 0
 -86.000   40.000  0.00000 0
 -86.000   41.000  0.00000 0
 -86.000   42.000  0.00000 0
 -86.000   43.000  0.00000 0
 -86.000   44.000  0.00000 0
 -86.000   45.000  0.00000 0
 -86.000   46.000  0.00000 0
 -86.000   47.000  0.00000 0
 -86.000   48.000  0.00000 0
 -86.000   49.000  0.00000 0
 -86.000   50.000  0.00000 0
 -85.000   25.000  0.00000 0
 -85.000   26.000  0.00000 0
 -85.000   27.000  0.00000 0
 -85.000   28.000  0.00000 0
 -85.000   29.000  0.00000 0
 -85.000   30.000  0.00000 0
 -85.000   31.000  0.00000 0
 -85.000   32.000  0.00000 0
 -85.000   33.000  0.00000 0
 -85.000   34.000  0.00000 0
 -85.000   35.000  0.00000 0
 -85.000   36.000  0.00000 0
 -85.000   37.000  0.00000 0
 -85.000   38.000  0.00000 0
 -85.000   39.000  0.00000 0
 -85.000   40.000  0.00000 0
 -85.000   41.000  0.00000 0
 -85.000   42.000  0.00000 0
 -85.000   43.000  0.00000 0
 -85.000   44.000  0.00000 0
 -85.000   45.000  0.00000 0
 -85.000   46.000  0.00000 0
 -85.000   47.000  0.00000 0
 -85.000   48.000  0.00000 0
 -85.000   49.000  0.00000 0
 -85.000   50.000  0.00000 0
 -84.000   25.000  0.00000 0
 -84.000   26.000  0.00000 0
 -84.000   27.000  0.00000 0
 -84.000   28.000  0.00000 0
 -84.000   29.000  0.00000 0
 -84.000   30.000  0.00000 0
 -84.000   31.000  0.00000 0
 -84.000   32.000  0.00000 0
 -84.000   33.000  0.00000 0
 -84.000   34.000  0.00000 0
 -84.000   35.000  0.00000 0
 -84.000   36.000  0.00000 0
 -84.000   37.000  0.00000 0
 -84.000   38.000  0.00000 0
 -84.000   39.000  0.00000 0
 -84.000   40.000  0.00000 0
 -84.000   41.000  0.00000 0
 -84.000   42.000  0.00000 0
 -84.000   43.000  0.00000 0
 -84.000   44.000  0.00000 0
 -84.000   45.000  0.00000 0
 -84.000   46.000  0.00000 0
 -84.000   47.000  0.00000 0
 -84.000   48.000  0.00000 0
 -84.000   49.000  0.00000 0
 -84.000   50.000  0.00000 0
 -83.000   25.000  0.00000 0
 -83.000   26.000  0.00000 0
 -83.000   27.000  0.00000 0
 -83.000   28.000  0.00000 0
 -83.000   29.000  0.00000 0
 -83.000   30.000  0.00000 0
 -83.000   31.000  0.00000 0
 -83.000   32.000  0.00000 0
 -83.000   33.000  0.00000 0
 -83.000   34.000  0.00000 0
 -83.000   35.000  0.00000 0
 -83.000   36.000  0.00000 0
 -83.000   37.000  0.00000 0
 -83.000   38.000  0.00000 0
 -83.000   39.000  0.00000 0
 -83.000   40.000  0.00000 0
 -83.000   41.000  0.00000 0
 -83.000   42.000  0.00000 0
 -83.000   43.000  0.00000 0
 -83.000   44.000  0.00000 0
 -83.000   45.000  0.00000 0
 -83.000   46.000  0.00000 0
 -83.000   47.000  0.00000 0
 -83.000   48.000  0.00000 0
 -83.000   49.000  0.00000 0
 -83.000   50.000  0.00000 0
 -82.000   25.000  0.00000 0
 -82.000   26.000  0.00000 0
 -82.000   27.000  0.00000 0
 -82.000   28.000  0.00000 0
 -82.000   29.000  0.00000 0
 -82.000   30.000  0.00000 0
 -82.000   31.000  0.00000 0
 -82.000   32.000  0.00000 0
 -82.000   33.000  0.00000 0
 -82.000   34.000  0.00000 0
 -82.000   35.000  0.00000 0
 -82.000   36.000  0.00000 0
 -82.000   37.000  0.00000 0
 -82.000   38.000  0.00000 0
 -82.000   39.000  0.00000 0
 -82.000   40.000  0.00000 0
 -82.000   41.000  0.00000 0
 -82.000   42.000  0.00000 0
 -82.000   43.000  0.00000 0
 -82.000   44.000  0.00000 0
 -82.000   45.000  0.00000 0
 -82.000   46.000  0.00000 0
 -82.000   47.000  0.00000 0
 -82.000   48.000  0.00000 0
 -82.000   49.000  0.00000 0
 -82.000   50.000  0.00000 0
 -81.000   25.000  0.00000 0
 -81.000   26.000  0.00000 0
 -81.000   27.000  0.00000 0
 -81.000   28.000  0.00000 0
 -81.000   29.000  0.00000 0
 -81.000   30.000  0.00000 0
 -81.000   31.000  0.00000 0
 -81.000   32.000  0.00000 0
 -81.000   33.000  0.00000 0
 -81.000   34.000  0.00000 0
 -81.000   35.000  0.00000 0
 -81.000   36.000  0.00000 0
 -81.000   37.000  0.00000 0
 -81.000   38.000  0.00000 0
 -81.000   39.000  0.00000 0
 -81.000   40.000  0.00000 0
 -81.000   41.000  0.00000 0
 -81.000   42.000  0.00000 0
 -81.000   43.000  0.00000 0
 -81.000   44.000  0.00000 0
 -81.000   45.000  0.00000 0
 -81.000   46.000  0.00000 0
 -81.000   47.000  0.00000 0
 -81.000   48.000  0.00000 0
 -81.000   49.000  0.00000 0
 -81.000   50.000  0.00000 0
 -80.000   25.000  0.00000 0
 -80.000   26.000  0.00000 0
 -80.000   27.000  0.00000 0
 -80.000   28.000  0.00000 0
 -80.000   29.000  0.00000 0
 -80.000   30.000  0.00000 0
 -80.000   31.000  0.00000 0
 -80.000   32.000  0.00000 0
 -80.000   33.000  0.00000 0
 -80.000   34.000  0.00000 0
 -80.000   35.000  0.00000 0
 -80.000   36.000  0.00000 0
 -80.000   37.000  0.00000 0
 -80.000   38.000  0.00000 0
 -80.000   39.000  0.00000 0
 -80.000   40.000  0.00000 0
 -80.000   41.000  0.00000 0
 -80.000   42.000  0.00000 0
 -80.000   43.000  0.00000 0
 -80.000   44.000  0.00000 0
 -80.000   45.000  0.00000 0
 -80.000   46.000  0.00000 0
 -80.000   47.000  0.00000 0
 -80.000   48.000  0.00000 0
 -80.000   49.000  0.00000 0
 -80.000   50.000  0.00000 0
 -79.000   25.000  0.00000 0
 -79.000   26.000  0.00000 0
 -79.000   27.000  0.00000 0
 -79.000   28.000  0.00000 0
 -79.000   29.000  0.00000 0
 -79.000   30.000  0.00000 0
 -79.000   31.000  0.00000 0
 -79.000   32.000  0.00000 0
 -79.000   33.000  0.00000 0
 -79.000   34.000  0.00000 0
 -79.000   35.000  0.00000 0
 -79.000   36.000  0.00000 0
 -79.000   37.000  0.00000 0
 -79.000   38.000  0.00000 0
 -79.000   39.000  0.00000 0
 -79.000   40.000  0.00000 0
 -79.000   41.000  0.00000 0
 -79.000   42.000  0.00000 0
 -79.000   43.000  0.00000 0
 -79.000   44.000  0.00000 0
 -79.000   45.000  0.00000 0
 -79.000   46.000  0.00000 0
 -79.000   47.000  0.00000 0
 -79.000   48.000  0.00000 0
 -79.000   49.000  0.00000 0
 -79.000   50.000  0.00000 0
 -78.000   25.000  0.00000 0
 -78.000   26.000  0.00000 0
 -78.000   27.000  0.00000 0
 -78.000   28.000  0.00000 0
 -78.000   29.000  0.00000 0
 -78.000   30.000  0.00000 0
 -78.000   31.000  0.00000 0
 -78.000   32.000  0.00000 0
 -78.000   33.000  0.00000 0
 -78.000   34.000  0.00000 0
 -78.000   35.000  0.00000 0
 -78.000   36.000  0.00000 0
 -78.000   37.000  0.00000 0
 -78.000   38.000  0.00000 0
 -78.000   39.000  0.00000 0
 -78.000   40.000  0.00000 0
 -78.000   41.000  0.00000 0
 -78.000   42.000  0.00000 0
 -78.000   43.000  0.00000 0
 -78.000   44.000  0.00000 0
 -78.000   45.000  0.00000 0
 -78.000   46.000  0.00000 0
 -78.000   47.000  0.00000 0
 -78.000   48.000  0.00000 0
 -78.000   49.000  0.00000 0
 -78.000   50.000  0.00000 0
 -77.000   25.000  0.00000 0
 -77.000   26.000  0.00000 0
 -77.000   27.000  0.00000 0
 -77.000   28.000  0.00000 0
 -77.000   29.000  0.00000 0
 -77.000   30.000  0.00000 0
 -77.000   31.000  0.00000 0
 -77.000   32.000  0.00000 0
 -77.000   33.000  0.00000 0
 -77.000   34.000  0.00000 0
 -77.000   35.000  0.00000 0
 -77.000   36.000  0.00000 0
 -77.000   37.000  0.00000 0
 -77.000   38.000  0.00000 0
 -77.000   39.000  0.00000 0
 -77.000   40.000  0.00000 0
 -77.000   41.000  0.00000 0
 -77.000   42.000  0.00000 0
 -77.000   43.000  0.00000 0
 -77.000   44.000  0.00000 0
 -77.000   45.000  0.00000 0
 -77.000   46.000  0.00000 0
 -77.000   47.000  0.00000 0
 -77.000   48.000  0.00000 0
 -77.000   49.000  0.00000 0
 -77.000   50.000  0.00000 0
 -76.000   25.000  0.00000 0
 -76.000   26.000  0.00000 0
 -76.000   27.000  0.00000 0
 -76.000   28.000  0.00000 0
 -76.000   29.000  0.00000 0
 -76.000   30.000  0.00000 0
 -76.000   31.000  0.00000 0
 -76.000   32.000  0.00000 0
 -76.000   33.000  0.00000 0
 -76.000   34.000  0.00000 0
 -76.000   35.000  0.00000 0
 -76.000   36.000  0.00000 0
 -76.000   37.000  0.00000 0
 -76.000   38.000  0.00000 0
 -76.000   39.000  0.00000 0
 -76.000   40.000  0.00000 0
 -76.000   41.000  0.00000 0
 -76.000   42.000  0.00000 0
 -76.000   43.000  0.00000 0
 -76.000   44.000  0.00000 0
 -76.000   45.000  0.00000 0
 -76.000   46.000  0.00000 0
 -76.000   47.000  0.00000 0
 -76.000   48.000  0.00000 0
 -76.000   49.000  0.00000 0
 -76.000   50.000  0.00000 0
 -75.000   25.000 -0.07388 0
 -75.000   26.000 -0.05541 0
 -75.000   27.000 -0.04433 0
 -75.000   28.000 -0.02216 0
 -75.000   29.000  0.00000 0
 -75.000   30.000  0.00000 0
 -75.000   31.000  0.00000 0
 -75.000   32.000  0.00000 0
 -75.000   33.000  0.00000 0
 -75.000   34.000  0.00000 0
 -75.000   35.000  0.00000 0
 -75.000   36.000  0.00000 0
 -75.000   37.000  0.00000 0
 -75.000   38.000  0.00000 0
 -75.000   39.000  0.00000 0
 -75.000   40.000  0.00000 0
 -75.000   41.000  0.00000 0
 -75.000   42.000  0.00000 0
 -75.000   43.000  0.00000 0
 -75.000   44.000  0.00000 0
 -75.000   45.000  0.00000 0
 -75.000   46.000  0.00000 0
 -75.000   47.000  0.00000 0
 -75.000   48.000  0.00000 0
 -75.000   49.000  0.00000 0
 -75.000   50.000  0.00000 0
 -74.000   25.000 -0.14776 0
 -74.000   26.000 -0.11082 0
 -74.000   27.000 -0.08866 0
 -74.000   28.000 -0.04433 0
 -74.000   29.000  0.00000 0
 -74.000   30.000  0.00000 0
 -74.000   31.000  0.00000 0
 -74.000   32.000  0.00000 0
 -74.000   33.000  0.00000 0
 -74.000   34.000  0.00000 0
 -74.000   35.000  0.00000 0
 -74.000   36.000  0.00000 0
 -74.000   37.000  0.00000 0
 -74.000   38.000  0.00000 0
 -74.000   39.000  0.00000 0
 -74.000   40.000  0.00000 0
 -74.000   41.000  0.00000 0
 -74.000   42.000  0.00000 0
 -74.000   43.000  0.00000 0
 -74.000   44.000  0.00000 0
 -74.000   45.000  0.00000 0
 -74.000   46.000  0.00000 0
 -74.000   47.000  0.00000 0
 -74.000   48.000  0.00000 0
 -74.000   49.000  0.00000 0
 -74.000   50.000  0.00000 0
 -73.000   25.000 -0.26525 1
 -73.000   26.000 -0.22758 1
 -73.000   27.000 -0.18207 0
 -73.000   28.000 -0.11382 0
 -73.000   29.000 -0.04583 0
 -73.000   30.000 -0.02292 0
 -73.000   31.000  0.00000 0
 -73.000   32.000  0.00000 0
 -73.000   33.000  0.00000 0
 -73.000   34.000  0.00000 0
 -73.000   35.000  0.00000 0
 -73.000   36.000  0.00000 0
 -73.000   37.000  0.00000 0
 -73.000   38.000  0.00000 0
 -73.000   39.000  0.00000 0
 -73.000   40.000  0.00000 0
 -73.000   41.000  0.00000 0
 -73.000   42.000  0.00000 0
 -73.000   43.000  0.00000 0
 -73.000   44.000  0.00000 0
 -73.000   45.000  0.00000 0
 -73.000   46.000  0.00000 0
 -73.000   47.000  0.00000 0
 -73.000   48.000  0.00000 0
 -73.000   49.000  0.00000 0
 -73.000   50.000  0.00000 0
 -72.000   25.000 -0.38503 1
 -72.000   26.000 -0.34606 1
 -72.000   27.000 -0.27685 0
 -72.000   28.000 -0.18382 0
 -72.000   29.000 -0.09167 0
 -72.000   30.000 -0.04583 0
 -72.000   31.000  0.00000 0
 -72.000   32.000  0.00000 0
 -72.000   33.000  0.00000 0
 -72.000   34.000  0.00000 0
 -72.000   35.000  0.00000 0
 -72.000   36.000  0.00000 0
 -72.000   37.000  0.00000 0
 -72.000   38.000  0.00000 0
 -72.000   39.000  0.00000 0
 -72.000   40.000  0.00000 0
 -72.000   41.000  0.00000 0
 -72.000   42.000  0.00000 0
 -72.000   43.000  0.00000 0
 -72.000   44.000  0.00000 0
 -72.000   45.000  0.00000 0
 -72.000   46.000  0.00000 0
 -72.000   47.000  0.00000 0
 -72.000   48.000  0.00000 0
 -72.000   49.000  0.00000 0
 -72.000   50.000  0.00000 0
 -71.000   25.000 -0.50416 3
 -71.000   26.000 -0.46308 4
 -71.000   27.000 -0.39155 1
 -71.000   28.000 -0.29515 1
 -71.000   29.000 -0.20098 0
 -71.000   30.000 -0.15422 0
 -71.000   31.000 -0.08625 0
 -71.000   32.000 -0.06516 0
 -71.000   33.000 -0.04380 0
 -71.000   34.000 -0.02190 0
 -71.000   35.000  0.00000 0
 -71.000   36.000  0.00000 0
 -71.000   37.000  0.00000 0
 -71.000   38.000  0.00000 0
 -71.000   39.000  0.00000 0
 -71.000   40.000  0.00000 0
 -71.000   41.000  0.00000 0
 -71.000   42.000  0.00000 0
 -71.000   43.000  0.00000 0
 -71.000   44.000  0.00000 0
 -71.000   45.000  0.00000 0
 -71.000   46.000  0.00000 0
 -71.000   47.000  0.00000 0
 -71.000   48.000  0.00000 0
 -71.000   49.000  0.00000 0
 -71.000   50.000  0.00000 0
 -70.000   25.000 -0.54892 2
 -70.000   26.000 -0.52407 3
 -70.000   27.000 -0.46144 1
 -70.000   28.000 -0.38389 1
 -70.000   29.000 -0.31005 0
 -70.000   30.000 -0.26241 0
 -70.000   31.000 -0.17251 0
 -70.000   32.000 -0.13033 0
 -70.000   33.000 -0.08761 0
 -70.000   34.000 -0.04380 0
 -70.000   35.000  0.00000 0
 -70.000   36.000  0.00000 0
 -70.000   37.000  0.00000 0
 -70.000   38.000  0.00000 0
 -70.000   39.000  0.00000 0
 -70.000   40.000  0.00000 0
 -70.000   41.000  0.00000 0
 -70.000   42.000  0.00000 0
 -70.000   43.000  0.00000 0
 -70.000   44.000  0.00000 0
 -70.000   45.000  0.00000 0
 -70.000   46.000  0.00000 0
 -70.000   47.000  0.00000 0
 -70.000   48.000  0.00000 0
 -70.000   49.000  0.00000 0
 -70.000   50.000  0.00000 0
 -69.000   25.000 -0.59039 4
 -69.000   26.000 -0.58204 7
 -69.000   27.000 -0.52852 3
 -69.000   28.000 -0.46996 5
 -69.000   29.000 -0.41587 2
 -69.000   30.000 -0.36716 3
 -69.000   31.000 -0.27865 1
 -69.000   32.000 -0.23919 1
 -69.000   33.000 -0.19976 0
 -69.000   34.000 -0.15929 0
 -69.000   35.000 -0.09428 0
 -69.000   36.000 -0.07140 0
 -69.000   37.000 -0.04797 0
 -69.000   38.000 -0.02398 0
 -69.000   39.000  0.00000 0
 -69.000   40.000  0.00000 0
 -69.000   41.000  0.00000 0
 -69.000   42.000  0.00000 0
 -69.000   43.000  0.00000 0
 -69.000   44.000  0.00000 0
 -69.000   45.000  0.00000 0
 -69.000   46.000  0.00000 0
 -69.000   47.000  0.00000 0
 -69.000   48.000  0.00000 0
 -69.000   49.000  0.00000 0
 -69.000   50.000  0.00000 0
 -68.000   25.000 -0.58493 2
 -68.000   26.000 -0.57561 4
 -68.000   27.000 -0.54373 2
 -68.000   28.000 -0.50619 4
 -68.000   29.000 -0.47339 2
 -68.000   30.000 -0.44682 3
 -68.000   31.000 -0.38306 1
 -68.000   32.000 -0.34668 1
 -68.000   33.000 -0.31106 0
 -68.000   34.000 -0.27455 0
 -68.000   35.000 -0.18856 0
 -68.000   36.000 -0.14280 0
 -68.000   37.000 -0.09594 0
 -68.000   38.000 -0.04797 0
 -68.000   39.000  0.00000 0
 -68.000   40.000  0.00000 0
 -68.000   41.000  0.00000 0
 -68.000   42.000  0.00000 0
 -68.000   43.000  0.00000 0
 -68.000   44.000  0.00000 0
 -68.000   45.000  0.00000 0
 -68.000   46.000  0.00000 0
 -68.000   47.000  0.00000 0
 -68.000   48.000  0.00000 0
 -68.000   49.000  0.00000 0
 -68.000   50.000  0.00000 0
 -67.000   25.000 -0.57719 4
 -67.000   26.000 -0.56747 8
 -67.000   27.000 -0.55756 4
 -67.000   28.000 -0.54193 8
 -67.000   29.000 -0.53090 4
 -67.000   30.000 -0.52648 7
 -67.000   31.000 -0.48746 3
 -67.000   32.000 -0.45418 4
 -67.000   33.000 -0.42236 1
 -67.000   34.000 -0.38981 2
 -67.000   35.000 -0.28285 1
 -67.000   36.000 -0.21420 1
 -67.000   37.000 -0.14391 0
 -67.000   38.000 -0.07195 0
 -67.000   39.000  0.00000 0
 -67.000   40.000  0.00000 0
 -67.000   41.000  0.00000 0
 -67.000   42.000  0.00000 0
 -67.000   43.000  0.00000 0
 -67.000   44.000  0.00000 0
 -67.000   45.000  0.00000 0
 -67.000   46.000  0.00000 0
 -67.000   47.000  0.00000 0
 -67.000   48.000  0.00000 0
 -67.000   49.000  0.00000 0
 -67.000   50.000  0.00000 0
 -66.000   25.000 -0.57258 2
 -66.000   26.000 -0.56307 4
 -66.000   27.000 -0.55357 2
 -66.000   28.000 -0.53826 4
 -66.000   29.000 -0.52699 2
 -66.000   30.000 -0.52262 4
 -66.000   31.000 -0.50151 2
 -66.000   32.000 -0.48627 3
 -66.000   33.000 -0.47319 1
 -66.000   34.000 -0.45988 2
 -66.000   35.000 -0.35356 1
 -66.000   36.000 -0.26776 1
 -66.000   37.000 -0.17988 0
 -66.000   38.000 -0.08994 0
 -66.000   39.000  0.00000 0
 -66.000   40.000  0.00000 0
 -66.000   41.000  0.00000 0
 -66.000   42.000  0.00000 0
 -66.000   43.000  0.00000 0
 -66.000   44.000  0.00000 0
 -66.000   45.000  0.00000 0
 -66.000   46.000  0.00000 0
 -66.000   47.000  0.00000 0
 -66.000   48.000  0.00000 0
 -66.000   49.000  0.00000 0
 -66.000   50.000  0.00000 0
 -65.000   25.000 -0.56569 2
 -65.000   26.000 -0.55675 4
 -65.000   27.000 -0.54774 2
 -65.000   28.000 -0.53284 4
 -65.000   29.000 -0.52086 2
 -65.000   30.000 -0.51650 4
 -65.000   31.000 -0.52493 2
 -65.000   32.000 -0.53975 3
 -65.000   33.000 -0.55791 1
 -65.000   34.000 -0.57668 2
 -65.000   35.000 -0.47141 1
 -65.000   36.000 -0.35701 1
 -65.000   37.000 -0.23984 0
 -65.000   38.000 -0.11992 0
 -65.000   39.000  0.00000 0
 -65.000   40.000  0.00000 0
 -65.000   41.000  0.00000 0
 -65.000   42.000  0.00000 0
 -65.000   43.000  0.00000 0
 -65.000   44.000  0.00000 0
 -65.000   45.000  0.00000 0
 -65.000   46.000  0.00000 0
 -65.000   47.000  0.00000 0
 -65.000   48.000  0.00000 0
 -65.000   49.000  0.00000 0
 -65.000   50.000  0.00000 0
