-130.000   25.000  0.00324 0
-130.000   26.000  0.00430 0
-130.000   27.000  0.00493 0
-130.000   28.000  0.00105 2
-130.000   29.000 -0.00705 2
-130.000   30.000 -0.01384 4
-130.000   31.000 -0.01777 2
-130.000   32.000 -0.01793 4
-130.000   33.000 -0.01053 2
-130.000   34.000 -0.00309 4
-130.000   35.000 -0.00220 2
-130.000   36.000 -0.00459 4
-130.000   37.000 -0.00989 2
-130.000   38.000 -0.01684 3
-130.000   39.000 -0.01865 2
-130.000   40.000 -0.01379 2
-130.000   41.000 -0.00851 1
-130.000   42.000 -0.00327 0
-130.000   43.000  0.00236 0
-130.000   44.000  0.00427 0
-130.000   45.000  0.00055 0
-130.000   46.000 -0.00305 0
-130.000   47.000 -0.00432 0
-130.000   48.000 -0.00669 0
-130.000   49.000 -0.00788 0
-130.000   50.000 -0.00525 0
-129.000   25.000  0.00171 0
-129.000   26.000  0.00350 0
-129.000   27.000  0.00436 0
-129.000   28.000  0.00083 1
-129.000   29.000 -0.00619 1
-129.000   30.000 -0.01331 2
-129.000   31.000 -0.01817 1
-129.000   32.000 -0.01843 2
-129.000   33.000 -0.01070 1
-129.000   34.000 -0.00341 2
-129.000   35.000 -0.00146 2
-129.000   36.000 -0.00244 3
-129.000   37.000 -0.00697 2
-129.000   38.000 -0.01326 3
-129.000   39.000 -0.01496 2
-129.000   40.000 -0.01037 3
-129.000   41.000 -0.00520 1
-129.000   42.000 -0.00009 2
-129.000   43.000  0.00509 1
-129.000   44.000  0.00671 2
-129.000   45.000  0.00371 1
-129.000   46.000  0.00018 2
-129.000   47.000 -0.00041 1
-129.000   48.000 -0.00257 1
-129.000   49.000 -0.00318 0
-129.000   50.000 -0.00066 0
-128.000   25.000  0.00099 1
-128.000   26.000  0.00289 1
-128.000   27.000  0.00377 2
-128.000   28.000  0.00051 3
-128.000   29.000 -0.00608 3
-128.000   30.000 -0.01330 4
-128.000   31.000 -0.01855 2
-128.000   32.000 -0.01878 4
-128.000   33.000 -0.01054 2
-128.000   34.000 -0.00328 4
-128.000   35.000 -0.00113 3
-128.000   36.000 -0.00153 5
-128.000   37.000 -0.00590 3
-128.000   38.000 -0.01236 5
-128.000   39.000 -0.01365 3
-128.000   40.000 -0.00864 5
-128.000   41.000 -0.00302 2
-128.000   42.000  0.00252 4
-128.000   43.000  0.00766 2
-128.000   44.000  0.00906 3
-128.000   45.000  0.00663 1
-128.000   46.000  0.00340 2
-128.000   47.000  0.00273 1
-128.000   48.000  0.00030 1
-128.000   49.000 -0.00014 0
-128.000   50.000  0.00179 0
-127.000   25.000  0.00119 5
-127.000   26.000  0.00322 3
-127.000   27.000  0.00426 5
-127.000   28.000  0.00143 3
-127.000   29.000 -0.00391 4
-127.000   30.000 -0.01119 3
-127.000   31.000 -0.01679 2
-127.000   32.000 -0.01707 2
-127.000   33.000 -0.00805 1
-127.000   34.000 -0.00106 2
-127.000   35.000  0.00199 2
-127.000   36.000  0.00268 3
-127.000   37.000 -0.00069 4
-127.000   38.000 -0.00696 5
-127.000   39.000 -0.00735 4
-127.000   40.000 -0.00237 5
-127.000   41.000  0.00374 3
-127.000   42.000  0.00938 6
-127.000   43.000  0.01401 3
-127.000   44.000  0.01408 5
-127.000   45.000  0.01142 3
-127.000   46.000  0.00737 5
-127.000   47.000  0.00585 4
-127.000   48.000  0.00214 3
-127.000   49.000  0.00152 2
-127.000   50.000  0.00291 1
-126.000   25.000  0.00351 6
-126.000   26.000  0.00483 4
-126.000   27.000  0.00557 6
-126.000   28.000  0.00274 5
-126.000   29.000 -0.00170 6
-126.000   30.000 -0.00936 6
-126.000   31.000 -0.01508 3
-126.000   32.000 -0.01583 4
-126.000   33.000 -0.00694 2
-126.000   34.000 -0.00158 4
-126.000   35.000  0.00076 2
-126.000   36.000  0.00108 4
-126.000   37.000 -0.00242 4
-126.000   38.000 -0.00956 6
-126.000   39.000 -0.01013 4
-126.000   40.000 -0.00421 5
-126.000   41.000  0.00269 3
-126.000   42.000  0.00981 6
-126.000   43.000  0.01518 3
-126.000   44.000  0.01645 4
-126.000   45.000  0.01491 2
-126.000   46.000  0.01203 3
-126.000   47.000  0.00949 3
-126.000   48.000  0.00486 2
-126.000   49.000  0.00402 3
-126.000   50.000  0.00381 2
-125.000   25.000  0.00524 8
-125.000   26.000  0.00576 4
-125.000   27.000  0.00598 6
-125.000   28.000  0.00344 4
-125.000   29.000  0.00018 6
-125.000   30.000 -0.00620 5
-125.000   31.000 -0.01085 4
-125.000   32.000 -0.01171 3
-125.000   33.000 -0.00349 2
-125.000   34.000 -0.00078 2
-125.000   35.000  0.00036 1
-125.000   36.000 -0.00068 2
-125.000   37.000 -0.00395 4
-125.000   38.000 -0.01192 5
-125.000   39.000 -0.01257 5
-125.000   40.000 -0.00596 4
-125.000   41.000  0.00207 3
-125.000   42.000  0.01058 5
-125.000   43.000  0.01722 3
-125.000   44.000  0.02021 5
-125.000   45.000  0.01941 4
-125.000   46.000  0.01708 6
-125.000   47.000  0.01299 6
-125.000   48.000  0.00673 4
-125.000   49.000  0.00518 5
-125.000   50.000  0.00333 3
-124.000   25.000  0.00962 4
-124.000   26.000  0.00858 2
-124.000   27.000  0.00798 3
-124.000   28.000  0.00499 5
-124.000   29.000  0.00139 6
-124.000   30.000 -0.00469 7
-124.000   31.000 -0.00864 4
-124.000   32.000 -0.00969 5
-124.000   33.000 -0.00251 3
-124.000   34.000 -0.00121 4
-124.000   35.000 -0.00110 2
-124.000   36.000 -0.00315 4
-124.000   37.000 -0.00641 4
-124.000   38.000 -0.01505 6
-124.000   39.000 -0.01582 5
-124.000   40.000 -0.00923 4
-124.000   41.000 -0.00108 3
-124.000   42.000  0.00869 4
-124.000   43.000  0.01729 3
-124.000   44.000  0.02182 3
-124.000   45.000  0.02074 2
-124.000   46.000  0.01863 3
-124.000   47.000  0.01207 4
-124.000   48.000  0.00369 3
-124.000   49.000  0.00030 5
-124.000   50.000 -0.00223 3
-123.000   25.000  0.00993 6
-123.000   26.000  0.00834 3
-123.000   27.000  0.00742 6
-123.000   28.000  0.00455 5
-123.000   29.000  0.00188 8
-123.000   30.000 -0.00288 6
-123.000   31.000 -0.00535 6
-123.000   32.000 -0.00620 4
-123.000   33.000 -0.00057 3
-123.000   34.000 -0.00061 2
-123.000   35.000 -0.00098 1
-123.000   36.000 -0.00373 2
-123.000   37.000 -0.00589 4
-123.000   38.000 -0.01282 5
-123.000   39.000 -0.01276 6
-123.000   40.000 -0.00622 3
-123.000   41.000  0.00186 3
-123.000   42.000  0.01114 4
-123.000   43.000  0.01938 4
-123.000   44.000  0.02352 6
-123.000   45.000  0.02067 4
-123.000   46.000  0.01717 6
-123.000   47.000  0.00867 6
-123.000   48.000 -0.00095 5
-123.000   49.000 -0.00574 6
-123.000   50.000 -0.00829 3
-122.000   25.000  0.00577 3
-122.000   26.000  0.00477 2
-122.000   27.000  0.00405 4
-122.000   28.000  0.00184 6
-122.000   29.000 -0.00000 8
-122.000   30.000 -0.00382 9
-122.000   31.000 -0.00606 6
-122.000   32.000 -0.00658 6
-122.000   33.000 -0.00212 3
-122.000   34.000 -0.00233 4
-122.000   35.000 -0.00276 3
-122.000   36.000 -0.00518 5
-122.000   37.000 -0.00695 6
-122.000   38.000 -0.01274 7
-122.000   39.000 -0.01199 6
-122.000   40.000 -0.00559 3
-122.000   41.000  0.00173 3
-122.000   42.000  0.01054 4
-122.000   43.000  0.01850 4
-122.000   44.000  0.02194 4
-122.000   45.000  0.01747 2
-122.000   46.000  0.01292 3
-122.000   47.000  0.00379 4
-122.000   48.000 -0.00466 4
-122.000   49.000 -0.00997 5
-122.000   50.000 -0.01110 2
-121.000   25.000  0.00073 6
-121.000   26.000  0.00044 4
-121.000   27.000  0.00003 8
-121.000   28.000 -0.00102 6
-121.000   29.000 -0.00155 10
-121.000   30.000 -0.00370 8
-121.000   31.000 -0.00476 8
-121.000   32.000 -0.00458 5
-121.000   33.000 -0.00128 4
-121.000   34.000 -0.00170 3
-121.000   35.000 -0.00223 4
-121.000   36.000 -0.00453 4
-121.000   37.000 -0.00534 5
-121.000   38.000 -0.00893 4
-121.000   39.000 -0.00690 5
-121.000   40.000 -0.00094 3
-121.000   41.000  0.00586 4
-121.000   42.000  0.01247 5
-121.000   43.000  0.01884 5
-121.000   44.000  0.02023 7
-121.000   45.000  0.01378 4
-121.000   46.000  0.00722 6
-121.000   47.000 -0.00123 5
-121.000   48.000 -0.00874 5
-121.000   49.000 -0.01421 5
-121.000   50.000 -0.01377 2
-120.000   25.000 -0.00490 3
-120.000   26.000 -0.00463 2
-120.000   27.000 -0.00449 4
-120.000   28.000 -0.00436 6
-120.000   29.000 -0.00364 8
-120.000   30.000 -0.00479 10
-120.000   31.000 -0.00550 8
-120.000   32.000 -0.00482 8
-120.000   33.000 -0.00281 6
-120.000   34.000 -0.00273 6
-120.000   35.000 -0.00304 7
-120.000   36.000 -0.00402 7
-120.000   37.000 -0.00458 7
-120.000   38.000 -0.00625 6
-120.000   39.000 -0.00387 6
-120.000   40.000  0.00103 4
-120.000   41.000  0.00605 5
-120.000   42.000  0.01011 4
-120.000   43.000  0.01498 4
-120.000   44.000  0.01460 3
-120.000   45.000  0.00826 2
-120.000   46.000  0.00167 3
-120.000   47.000 -0.00397 4
-120.000   48.000 -0.00904 4
-120.000   49.000 -0.01339 5
-120.000   50.000 -0.01158 2
-119.000   25.000 -0.01004 6
-119.000   26.000 -0.00903 4
-119.000   27.000 -0.00814 7
-119.000   28.000 -0.00667 5
-119.000   29.000 -0.00424 8
-119.000   30.000 -0.00379 7
-119.000   31.000 -0.00332 8
-119.000   32.000 -0.00226 6
-119.000   33.000 -0.00091 7
-119.000   34.000 -0.00099 5
-119.000   35.000 -0.00171 7
-119.000   36.000 -0.00241 5
-119.000   37.000 -0.00246 5
-119.000   38.000 -0.00243 3
-119.000   39.000  0.00091 5
-119.000   40.000  0.00437 4
-119.000   41.000  0.00818 6
-119.000   42.000  0.00934 5
-119.000   43.000  0.01231 5
-119.000   44.000  0.00937 6
-119.000   45.000  0.00415 4
-119.000   46.000 -0.00267 6
-119.000   47.000 -0.00514 4
-119.000   48.000 -0.00835 4
-119.000   49.000 -0.01094 6
-119.000   50.000 -0.00854 4
-118.000   25.000 -0.01236 3
-118.000   26.000 -0.01112 3
-118.000   27.000 -0.00995 5
-118.000   28.000 -0.00756 7
-118.000   29.000 -0.00466 8
-118.000   30.000 -0.00360 10
-118.000   31.000 -0.00302 9
-118.000   32.000 -0.00144 10
-118.000   33.000 -0.00020 9
-118.000   34.000  0.00005 8
-118.000   35.000 -0.00112 8
-118.000   36.000 -0.00142 7
-118.000   37.000 -0.00203 7
-118.000   38.000 -0.00213 6
-118.000   39.000  0.00047 7
-118.000   40.000  0.00248 5
-118.000   41.000  0.00564 6
-118.000   42.000  0.00615 4
-118.000   43.000  0.00967 4
-118.000   44.000  0.00607 3
-118.000   45.000  0.00338 3
-118.000   46.000 -0.00232 4
-118.000   47.000 -0.00157 5
-118.000   48.000 -0.00272 4
-118.000   49.000 -0.00272 7
-118.000   50.000  0.00079 4
-117.000   25.000 -0.00992 4
-117.000   26.000 -0.00927 4
-117.000   27.000 -0.00839 7
-117.000   28.000 -0.00597 6
-117.000   29.000 -0.00355 8
-117.000   30.000 -0.00228 7
-117.000   31.000 -0.00110 8
-117.000   32.000  0.00106 7
-117.000   33.000  0.00258 8
-117.000   34.000  0.00346 6
-117.000   35.000  0.00224 6
-117.000   36.000  0.00214 4
-117.000   37.000  0.00152 4
-117.000   38.000  0.00188 3
-117.000   39.000  0.00351 5
-117.000   40.000  0.00293 4
-117.000   41.000  0.00475 6
-117.000   42.000  0.00413 5
-117.000   43.000  0.00790 6
-117.000   44.000  0.00392 6
-117.000   45.000  0.00438 6
-117.000   46.000  0.00009 7
-117.000   47.000  0.00293 6
-117.000   48.000  0.00130 4
-117.000   49.000  0.00277 7
-117.000   50.000  0.00592 5
-116.000   25.000 -0.00691 3
-116.000   26.000 -0.00741 4
-116.000   27.000 -0.00712 7
-116.000   28.000 -0.00631 9
-116.000   29.000 -0.00445 10
-116.000   30.000 -0.00292 10
-116.000   31.000 -0.00137 9
-116.000   32.000  0.00116 10
-116.000   33.000  0.00283 10
-116.000   34.000  0.00440 10
-116.000   35.000  0.00371 9
-116.000   36.000  0.00478 8
-116.000   37.000  0.00447 8
-116.000   38.000  0.00522 7
-116.000   39.000  0.00574 10
-116.000   40.000  0.00438 7
-116.000   41.000  0.00574 9
-116.000   42.000  0.00757 5
-116.000   43.000  0.01295 7
-116.000   44.000  0.01020 4
-116.000   45.000  0.01204 6
-116.000   46.000  0.00818 6
-116.000   47.000  0.01008 8
-116.000   48.000  0.00846 5
-116.000   49.000  0.01088 7
-116.000   50.000  0.01430 4
-115.000   25.000 -0.00209 4
-115.000   26.000 -0.00402 4
-115.000   27.000 -0.00463 7
-115.000   28.000 -0.00638 7
-115.000   29.000 -0.00524 9
-115.000   30.000 -0.00361 8
-115.000   31.000 -0.00148 8
-115.000   32.000  0.00163 8
-115.000   33.000  0.00385 8
-115.000   34.000  0.00624 7
-115.000   35.000  0.00669 6
-115.000   36.000  0.00867 7
-115.000   37.000  0.00912 7
-115.000   38.000  0.00988 6
-115.000   39.000  0.00883 8
-115.000   40.000  0.00611 6
-115.000   41.000  0.00688 9
-115.000   42.000  0.01043 5
-115.000   43.000  0.01677 7
-115.000   44.000  0.01605 4
-115.000   45.000  0.01844 6
-115.000   46.000  0.01381 6
-115.000   47.000  0.01290 8
-115.000   48.000  0.00993 5
-115.000   49.000  0.01132 8
-115.000   50.000  0.01399 5
-114.000   25.000  0.00070 5
-114.000   26.000 -0.00221 6
-114.000   27.000 -0.00358 8
-114.000   28.000 -0.00758 11
-114.000   29.000 -0.00718 10
-114.000   30.000 -0.00570 12
-114.000   31.000 -0.00338 9
-114.000   32.000  0.00010 13
-114.000   33.000  0.00265 10
-114.000   34.000  0.00569 12
-114.000   35.000  0.00712 9
-114.000   36.000  0.00972 11
-114.000   37.000  0.01058 10
-114.000   38.000  0.01101 10
-114.000   39.000  0.00921 11
-114.000   40.000  0.00756 8
-114.000   41.000  0.00973 10
-114.000   42.000  0.01587 6
-114.000   43.000  0.02290 8
-114.000   44.000  0.02360 5
-114.000   45.000  0.02425 6
-114.000   46.000  0.01824 6
-114.000   47.000  0.01474 7
-114.000   48.000  0.01142 5
-114.000   49.000  0.01235 7
-114.000   50.000  0.01539 4
-113.000   25.000  0.00251 4
-113.000   26.000 -0.00086 6
-113.000   27.000 -0.00259 7
-113.000   28.000 -0.00752 10
-113.000   29.000 -0.00765 8
-113.000   30.000 -0.00670 11
-113.000   31.000 -0.00430 7
-113.000   32.000 -0.00125 11
-113.000   33.000  0.00115 7
-113.000   34.000  0.00383 11
-113.000   35.000  0.00546 7
-113.000   36.000  0.00785 12
-113.000   37.000  0.00912 8
-113.000   38.000  0.00917 10
-113.000   39.000  0.00715 6
-113.000   40.000  0.00560 6
-113.000   41.000  0.00773 6
-113.000   42.000  0.01433 5
-113.000   43.000  0.02142 6
-113.000   44.000  0.02424 5
-113.000   45.000  0.02496 7
-113.000   46.000  0.01930 7
-113.000   47.000  0.01387 8
-113.000   48.000  0.00920 7
-113.000   49.000  0.00811 8
-113.000   50.000  0.00960 5
-112.000   25.000  0.00237 4
-112.000   26.000 -0.00078 9
-112.000   27.000 -0.00228 9
-112.000   28.000 -0.00724 14
-112.000   29.000 -0.00764 8
-112.000   30.000 -0.00732 14
-112.000   31.000 -0.00544 8
-112.000   32.000 -0.00371 15
-112.000   33.000 -0.00241 8
-112.000   34.000 -0.00107 16
-112.000   35.000 -0.00024 10
-112.000   36.000  0.00131 15
-112.000   37.000  0.00300 8
-112.000   38.000  0.00323 11
-112.000   39.000  0.00306 7
-112.000   40.000  0.00421 8
-112.000   41.000  0.00842 7
-112.000   42.000  0.01644 7
-112.000   43.000  0.02355 8
-112.000   44.000  0.02683 7
-112.000   45.000  0.02585 9
-112.000   46.000  0.02020 8
-112.000   47.000  0.01331 7
-112.000   48.000  0.00842 6
-112.000   49.000  0.00640 5
-112.000   50.000  0.00789 5
-111.000   25.000  0.00187 3
-111.000   26.000 -0.00050 7
-111.000   27.000 -0.00168 6
-111.000   28.000 -0.00533 10
-111.000   29.000 -0.00590 6
-111.000   30.000 -0.00637 11
-111.000   31.000 -0.00526 6
-111.000   32.000 -0.00456 12
-111.000   33.000 -0.00404 6
-111.000   34.000 -0.00406 15
-111.000   35.000 -0.00451 9
-111.000   36.000 -0.00434 16
-111.000   37.000 -0.00305 7
-111.000   38.000 -0.00339 12
-111.000   39.000 -0.00239 6
-111.000   40.000 -0.00072 9
-111.000   41.000  0.00383 6
-111.000   42.000  0.00966 7
-111.000   43.000  0.01584 6
-111.000   44.000  0.01927 5
-111.000   45.000  0.01961 8
-111.000   46.000  0.01600 8
-111.000   47.000  0.01103 10
-111.000   48.000  0.00670 10
-111.000   49.000  0.00421 8
-111.000   50.000  0.00451 6
-110.000   25.000 -0.00133 3
-110.000   26.000 -0.00201 9
-110.000   27.000 -0.00231 7
-110.000   28.000 -0.00336 14
-110.000   29.000 -0.00382 9
-110.000   30.000 -0.00477 16
-110.000   31.000 -0.00467 9
-110.000   32.000 -0.00497 16
-110.000   33.000 -0.00519 8
-110.000   34.000 -0.00607 17
-110.000   35.000 -0.00755 9
-110.000   36.000 -0.00863 16
-110.000   37.000 -0.00807 7
-110.000   38.000 -0.00864 13
-110.000   39.000 -0.00564 8
-110.000   40.000 -0.00254 10
-110.000   41.000  0.00356 7
-110.000   42.000  0.00854 8
-110.000   43.000  0.01341 9
-110.000   44.000  0.01432 7
-110.000   45.000  0.01413 8
-110.000   46.000  0.01205 7
-110.000   47.000  0.00957 8
-110.000   48.000  0.00805 7
-110.000   49.000  0.00759 5
-110.000   50.000  0.00954 5
-109.000   25.000 -0.00305 2
-109.000   26.000 -0.00252 6
-109.000   27.000 -0.00226 5
-109.000   28.000 -0.00122 11
-109.000   29.000 -0.00184 8
-109.000   30.000 -0.00299 13
-109.000   31.000 -0.00376 7
-109.000   32.000 -0.00433 13
-109.000   33.000 -0.00431 7
-109.000   34.000 -0.00466 15
-109.000   35.000 -0.00558 8
-109.000   36.000 -0.00631 15
-109.000   37.000 -0.00607 7
-109.000   38.000 -0.00701 14
-109.000   39.000 -0.00444 8
-109.000   40.000 -0.00286 11
-109.000   41.000  0.00145 7
-109.000   42.000  0.00338 10
-109.000   43.000  0.00569 10
-109.000   44.000  0.00516 10
-109.000   45.000  0.00618 8
-109.000   46.000  0.00653 9
-109.000   47.000  0.00692 9
-109.000   48.000  0.00881 10
-109.000   49.000  0.00999 6
-109.000   50.000  0.01235 4
-108.000   25.000  0.00035 3
-108.000   26.000  0.00150 10
-108.000   27.000  0.00205 8
-108.000   28.000  0.00365 15
-108.000   29.000  0.00296 9
-108.000   30.000  0.00204 16
-108.000   31.000  0.00061 9
-108.000   32.000 -0.00029 17
-108.000   33.000 -0.00043 9
-108.000   34.000 -0.00037 17
-108.000   35.000 -0.00046 8
-108.000   36.000 -0.00042 16
-108.000   37.000 -0.00021 8
-108.000   38.000 -0.00096 13
-108.000   39.000  0.00150 7
-108.000   40.000  0.00256 9
-108.000   41.000  0.00590 7
-108.000   42.000  0.00586 8
-108.000   43.000  0.00544 11
-108.000   44.000  0.00195 10
-108.000   45.000  0.00116 9
-108.000   46.000  0.00119 8
-108.000   47.000  0.00304 7
-108.000   48.000  0.00930 7
-108.000   49.000  0.01288 3
-108.000   50.000  0.01752 4
-107.000   25.000  0.00890 2
-107.000   26.000  0.00864 7
-107.000   27.000  0.00771 7
-107.000   28.000  0.00713 13
-107.000   29.000  0.00506 9
-107.000   30.000  0.00433 14
-107.000   31.000  0.00306 8
-107.000   32.000  0.00353 15
-107.000   33.000  0.00474 8
-107.000   34.000  0.00624 15
-107.000   35.000  0.00725 7
-107.000   36.000  0.00858 14
-107.000   37.000  0.00921 7
-107.000   38.000  0.00788 13
-107.000   39.000  0.00829 7
-107.000   40.000  0.00764 11
-107.000   41.000  0.00864 8
-107.000   42.000  0.00577 11
-107.000   43.000  0.00292 10
-107.000   44.000 -0.00166 11
-107.000   45.000 -0.00305 9
-107.000   46.000 -0.00382 11
-107.000   47.000 -0.00152 9
-107.000   48.000  0.00705 10
-107.000   49.000  0.01163 5
-107.000   50.000  0.01652 4
-106.000   25.000  0.01422 3
-106.000   26.000  0.01325 8
-106.000   27.000  0.01129 6
-106.000   28.000  0.00977 13
-106.000   29.000  0.00692 9
-106.000   30.000  0.00623 16
-106.000   31.000  0.00531 9
-106.000   32.000  0.00722 18
-106.000   33.000  0.00988 10
-106.000   34.000  0.01275 19
-106.000   35.000  0.01459 9
-106.000   36.000  0.01733 16
-106.000   37.000  0.01909 7
-106.000   38.000  0.01787 12
-106.000   39.000  0.01681 7
-106.000   40.000  0.01567 10
-106.000   41.000  0.01537 8
-106.000   42.000  0.01075 8
-106.000   43.000  0.00568 8
-106.000   44.000 -0.00021 8
-106.000   45.000 -0.00357 9
-106.000   46.000 -0.00635 10
-106.000   47.000 -0.00554 8
-106.000   48.000  0.00473 7
-106.000   49.000  0.01005 3
-106.000   50.000  0.01575 4
-105.000   25.000  0.01497 1
-105.000   26.000  0.01317 5
-105.000   27.000  0.01050 6
-105.000   28.000  0.00787 14
-105.000   29.000  0.00493 12
-105.000   30.000  0.00386 17
-105.000   31.000  0.00320 9
-105.000   32.000  0.00609 15
-105.000   33.000  0.01037 8
-105.000   34.000  0.01410 16
-105.000   35.000  0.01670 8
-105.000   36.000  0.02133 14
-105.000   37.000  0.02495 6
-105.000   38.000  0.02467 12
-105.000   39.000  0.02291 8
-105.000   40.000  0.02195 14
-105.000   41.000  0.02011 12
-105.000   42.000  0.01407 15
-105.000   43.000  0.00767 13
-105.000   44.000  0.00197 14
-105.000   45.000 -0.00223 13
-105.000   46.000 -0.00645 14
-105.000   47.000 -0.00743 11
-105.000   48.000  0.00123 9
-105.000   49.000  0.00539 4
-105.000   50.000  0.00982 4
-104.000   25.000  0.01381 2
-104.000   26.000  0.01158 6
-104.000   27.000  0.00894 5
-104.000   28.000  0.00590 11
-104.000   29.000  0.00383 8
-104.000   30.000  0.00252 13
-104.000   31.000  0.00224 7
-104.000   32.000  0.00529 14
-104.000   33.000  0.01015 8
-104.000   34.000  0.01350 17
-104.000   35.000  0.01595 9
-104.000   36.000  0.02130 16
-104.000   37.000  0.02622 7
-104.000   38.000  0.02736 13
-104.000   39.000  0.02667 8
-104.000   40.000  0.02727 13
-104.000   41.000  0.02547 10
-104.000   42.000  0.01979 13
-104.000   43.000  0.01333 12
-104.000   44.000  0.00738 14
-104.000   45.000  0.00153 12
-104.000   46.000 -0.00354 13
-104.000   47.000 -0.00515 9
-104.000   48.000  0.00282 8
-104.000   49.000  0.00654 3
-104.000   50.000  0.01197 5
-103.000   25.000  0.00921 1
-103.000   26.000  0.00682 6
-103.000   27.000  0.00471 7
-103.000   28.000  0.00199 14
-103.000   29.000  0.00144 11
-103.000   30.000 -0.00034 16
-103.000   31.000 -0.00079 10
-103.000   32.000  0.00153 15
-103.000   33.000  0.00626 8
-103.000   34.000  0.00858 16
-103.000   35.000  0.01068 9
-103.000   36.000  0.01687 17
-103.000   37.000  0.02325 8
-103.000   38.000  0.02569 17
-103.000   39.000  0.02614 12
-103.000   40.000  0.02819 20
-103.000   41.000  0.02658 16
-103.000   42.000  0.02163 22
-103.000   43.000  0.01581 20
-103.000   44.000  0.01062 22
-103.000   45.000  0.00452 17
-103.000   46.000  0.00000 17
-103.000   47.000 -0.00108 12
-103.000   48.000  0.00547 11
-103.000   49.000  0.00866 5
-103.000   50.000  0.01462 6
-102.000   25.000  0.00311 3
-102.000   26.000  0.00174 8
-102.000   27.000  0.00110 6
-102.000   28.000  0.00047 12
-102.000   29.000  0.00212 8
-102.000   30.000 -0.00002 13
-102.000   31.000 -0.00145 8
-102.000   32.000 -0.00083 12
-102.000   33.000  0.00255 6
-102.000   34.000  0.00320 13
-102.000   35.000  0.00514 8
-102.000   36.000  0.01210 17
-102.000   37.000  0.01924 9
-102.000   38.000  0.02319 19
-102.000   39.000  0.02545 12
-102.000   40.000  0.02859 22
-102.000   41.000  0.02732 15
-102.000   42.000  0.02319 22
-102.000   43.000  0.01788 15
-102.000   44.000  0.01261 20
-102.000   45.000  0.00608 13
-102.000   46.000  0.00290 17
-102.000   47.000  0.00412 10
-102.000   48.000  0.01121 12
-102.000   49.000  0.01491 5
-102.000   50.000  0.02299 7
-101.000   25.000  0.00080 2
-101.000   26.000 -0.00032 8
-101.000   27.000  0.00017 8
-101.000   28.000  0.00003 16
-101.000   29.000  0.00284 12
-101.000   30.000 -0.00001 18
-101.000   31.000 -0.00275 12
-101.000   32.000 -0.00430 18
-101.000   33.000 -0.00257 10
-101.000   34.000 -0.00314 17
-101.000   35.000 -0.00081 9
-101.000   36.000  0.00689 18
-101.000   37.000  0.01414 9
-101.000   38.000  0.01918 21
-101.000   39.000  0.02263 15
-101.000   40.000  0.02612 28
-101.000   41.000  0.02488 21
-101.000   42.000  0.02176 28
-101.000   43.000  0.01677 20
-101.000   44.000  0.01153 24
-101.000   45.000  0.00512 17
-101.000   46.000  0.00348 20
-101.000   47.000  0.00666 12
-101.000   48.000  0.01291 14
-101.000   49.000  0.01672 6
-101.000   50.000  0.02538 7
-100.000   25.000  0.00433 4
-100.000   26.000  0.00328 10
-100.000   27.000  0.00391 7
-100.000   28.000  0.00401 14
-100.000   29.000  0.00642 9
-100.000   30.000  0.00310 13
-100.000   31.000 -0.00062 7
-100.000   32.000 -0.00372 11
-100.000   33.000 -0.00431 6
-100.000   34.000 -0.00611 11
-100.000   35.000 -0.00420 6
-100.000   36.000  0.00283 14
-100.000   37.000  0.00935 9
-100.000   38.000  0.01517 20
-100.000   39.000  0.01947 13
-100.000   40.000  0.02303 26
-100.000   41.000  0.02212 17
-100.000   42.000  0.02005 26
-100.000   43.000  0.01543 14
-100.000   44.000  0.01015 20
-100.000   45.000  0.00374 11
-100.000   46.000  0.00298 18
-100.000   47.000  0.00708 10
-100.000   48.000  0.01332 15
-100.000   49.000  0.01724 6
-100.000   50.000  0.02636 8
 -99.000   25.000  0.00949 2
 -99.000   26.000  0.00793 8
 -99.000   27.000  0.00784 8
 -99.000   28.000  0.00759 16
 -99.000   29.000  0.00847 12
 -99.000   30.000  0.00407 18
 -99.000   31.000 -0.00074 12
 -99.000   32.000 -0.00473 18
 -99.000   33.000 -0.00673 10
 -99.000   34.000 -0.00902 18
 -99.000   35.000 -0.00713 10
 -99.000   36.000 -0.00034 19
 -99.000   37.000  0.00545 11
 -99.000   38.000  0.01109 22
 -99.000   39.000  0.01492 16
 -99.000   40.000  0.01794 27
 -99.000   41.000  0.01709 21
 -99.000   42.000  0.01584 28
 -99.000   43.000  0.01151 20
 -99.000   44.000  0.00679 24
 -99.000   45.000  0.00079 17
 -99.000   46.000 -0.00010 21
 -99.000   47.000  0.00242 13
 -99.000   48.000  0.00638 16
 -99.000   49.000  0.00910 7
 -99.000   50.000  0.01615 8
 -98.000   25.000  0.01851 3
 -98.000   26.000  0.01592 8
 -98.000   27.000  0.01408 6
 -98.000   28.000  0.01207 12
 -98.000   29.000  0.01029 8
 -98.000   30.000  0.00480 13
 -98.000   31.000 -0.00076 8
 -98.000   32.000 -0.00457 12
 -98.000   33.000 -0.00713 6
 -98.000   34.000 -0.00922 13
 -98.000   35.000 -0.00719 8
 -98.000   36.000 -0.00119 16
 -98.000   37.000  0.00351 10
 -98.000   38.000  0.00835 20
 -98.000   39.000  0.01149 15
 -98.000   40.000  0.01373 24
 -98.000   41.000  0.01320 17
 -98.000   42.000  0.01270 24
 -98.000   43.000  0.00888 16
 -98.000   44.000  0.00457 20
 -98.000   45.000 -0.00155 12
 -98.000   46.000 -0.00336 17
 -98.000   47.000 -0.00328 11
 -98.000   48.000 -0.00152 15
 -98.000   49.000 -0.00028 7
 -98.000   50.000  0.00487 9
 -97.000   25.000  0.02510 1
 -97.000   26.000  0.02106 6
 -97.000   27.000  0.01763 7
 -97.000   28.000  0.01288 14
 -97.000   29.000  0.00923 11
 -97.000   30.000  0.00335 16
 -97.000   31.000 -0.00237 11
 -97.000   32.000 -0.00588 16
 -97.000   33.000 -0.00836 9
 -97.000   34.000 -0.00975 17
 -97.000   35.000 -0.00715 10
 -97.000   36.000 -0.00140 20
 -97.000   37.000  0.00262 11
 -97.000   38.000  0.00662 21
 -97.000   39.000  0.00847 16
 -97.000   40.000  0.00962 25
 -97.000   41.000  0.00894 21
 -97.000   42.000  0.00883 25
 -97.000   43.000  0.00524 21
 -97.000   44.000  0.00160 23
 -97.000   45.000 -0.00421 18
 -97.000   46.000 -0.00669 20
 -97.000   47.000 -0.00917 14
 -97.000   48.000 -0.00942 16
 -97.000   49.000 -0.00964 8
 -97.000   50.000 -0.00682 10
 -96.000   25.000  0.02281 2
 -96.000   26.000  0.01912 6
 -96.000   27.000  0.01552 5
 -96.000   28.000  0.01095 10
 -96.000   29.000  0.00732 7
 -96.000   30.000  0.00241 11
 -96.000   31.000 -0.00272 7
 -96.000   32.000 -0.00558 13
 -96.000   33.000 -0.00795 8
 -96.000   34.000 -0.00907 15
 -96.000   35.000 -0.00665 8
 -96.000   36.000 -0.00168 16
 -96.000   37.000  0.00189 8
 -96.000   38.000  0.00523 17
 -96.000   39.000  0.00671 14
 -96.000   40.000  0.00749 22
 -96.000   41.000  0.00742 18
 -96.000   42.000  0.00754 21
 -96.000   43.000  0.00454 17
 -96.000   44.000  0.00107 19
 -96.000   45.000 -0.00470 14
 -96.000   46.000 -0.00772 16
 -96.000   47.000 -0.01121 10
 -96.000   48.000 -0.01167 12
 -96.000   49.000 -0.01227 6
 -96.000   50.000 -0.00985 9
 -95.000   25.000  0.01367 1
 -95.000   26.000  0.01115 5
 -95.000   27.000  0.00833 6
 -95.000   28.000  0.00608 13
 -95.000   29.000  0.00408 11
 -95.000   30.000  0.00068 15
 -95.000   31.000 -0.00358 10
 -95.000   32.000 -0.00547 15
 -95.000   33.000 -0.00694 10
 -95.000   34.000 -0.00778 16
 -95.000   35.000 -0.00552 9
 -95.000   36.000 -0.00070 18
 -95.000   37.000  0.00267 10
 -95.000   38.000  0.00477 19
 -95.000   39.000  0.00523 13
 -95.000   40.000  0.00521 21
 -95.000   41.000  0.00506 19
 -95.000   42.000  0.00450 23
 -95.000   43.000  0.00169 21
 -95.000   44.000 -0.00145 23
 -95.000   45.000 -0.00645 19
 -95.000   46.000 -0.00923 20
 -95.000   47.000 -0.01261 13
 -95.000   48.000 -0.01261 14
 -95.000   49.000 -0.01309 7
 -95.000   50.000 -0.01089 9
 -94.000   25.000  0.00824 2
 -94.000   26.000  0.00661 7
 -94.000   27.000  0.00432 6
 -94.000   28.000  0.00319 12
 -94.000   29.000  0.00226 8
 -94.000   30.000 -0.00006 14
 -94.000   31.000 -0.00363 9
 -94.000   32.000 -0.00489 16
 -94.000   33.000 -0.00589 10
 -94.000   34.000 -0.00698 17
 -94.000   35.000 -0.00579 9
 -94.000   36.000 -0.00199 16
 -94.000   37.000  0.00110 8
 -94.000   38.000  0.00243 15
 -94.000   39.000  0.00328 11
 -94.000   40.000  0.00365 17
 -94.000   41.000  0.00436 16
 -94.000   42.000  0.00354 19
 -94.000   43.000  0.00135 18
 -94.000   44.000 -0.00183 20
 -94.000   45.000 -0.00614 16
 -94.000   46.000 -0.00863 17
 -94.000   47.000 -0.01131 10
 -94.000   48.000 -0.01091 11
 -94.000   49.000 -0.01101 5
 -94.000   50.000 -0.00849 7
 -93.000   25.000  0.00477 1
 -93.000   26.000  0.00291 6
 -93.000   27.000  0.00083 7
 -93.000   28.000 -0.00062 13
 -93.000   29.000 -0.00091 10
 -93.000   30.000 -0.00232 15
 -93.000   31.000 -0.00505 11
 -93.000   32.000 -0.00535 16
 -93.000   33.000 -0.00491 11
 -93.000   34.000 -0.00569 16
 -93.000   35.000 -0.00509 9
 -93.000   36.000 -0.00172 17
 -93.000   37.000  0.00084 10
 -93.000   38.000  0.00081 19
 -93.000   39.000  0.00129 11
 -93.000   40.000  0.00163 18
 -93.000   41.000  0.00227 14
 -93.000   42.000  0.00077 19
 -93.000   43.000 -0.00118 18
 -93.000   44.000 -0.00414 21
 -93.000   45.000 -0.00726 17
 -93.000   46.000 -0.00907 19
 -93.000   47.000 -0.01078 13
 -93.000   48.000 -0.01021 15
 -93.000   49.000 -0.01004 7
 -93.000   50.000 -0.00786 8
 -92.000   25.000 -0.00041 2
 -92.000   26.000 -0.00165 9
 -92.000   27.000 -0.00312 8
 -92.000   28.000 -0.00340 15
 -92.000   29.000 -0.00291 9
 -92.000   30.000 -0.00332 16
 -92.000   31.000 -0.00452 10
 -92.000   32.000 -0.00344 16
 -92.000   33.000 -0.00173 9
 -92.000   34.000 -0.00242 15
 -92.000   35.000 -0.00307 8
 -92.000   36.000 -0.00150 15
 -92.000   37.000 -0.00036 8
 -92.000   38.000 -0.00186 15
 -92.000   39.000 -0.00117 10
 -92.000   40.000 -0.00029 16
 -92.000   41.000  0.00133 14
 -92.000   42.000  0.00022 17
 -92.000   43.000 -0.00096 17
 -92.000   44.000 -0.00395 19
 -92.000   45.000 -0.00656 16
 -92.000   46.000 -0.00857 18
 -92.000   47.000 -0.01037 12
 -92.000   48.000 -0.01033 12
 -92.000   49.000 -0.01022 4
 -92.000   50.000 -0.00841 6
 -91.000   25.000  0.00305 2
 -91.000   26.000  0.00068 6
 -91.000   27.000 -0.00159 6
 -91.000   28.000 -0.00321 12
 -91.000   29.000 -0.00334 10
 -91.000   30.000 -0.00367 14
 -91.000   31.000 -0.00394 10
 -91.000   32.000 -0.00128 14
 -91.000   33.000  0.00210 10
 -91.000   34.000  0.00195 15
 -91.000   35.000  0.00083 9
 -91.000   36.000  0.00132 17
 -91.000   37.000  0.00069 10
 -91.000   38.000 -0.00305 20
 -91.000   39.000 -0.00345 11
 -91.000   40.000 -0.00301 18
 -91.000   41.000 -0.00129 12
 -91.000   42.000 -0.00194 18
 -91.000   43.000 -0.00240 15
 -91.000   44.000 -0.00479 18
 -91.000   45.000 -0.00683 15
 -91.000   46.000 -0.00893 19
 -91.000   47.000 -0.01098 15
 -91.000   48.000 -0.01135 15
 -91.000   49.000 -0.01150 7
 -91.000   50.000 -0.01008 6
 -90.000   25.000  0.01016 3
 -90.000   26.000  0.00656 9
 -90.000   27.000  0.00343 7
 -90.000   28.000 -0.00074 15
 -90.000   29.000 -0.00207 10
 -90.000   30.000 -0.00278 16
 -90.000   31.000 -0.00268 9
 -90.000   32.000  0.00048 14
 -90.000   33.000  0.00448 8
 -90.000   34.000  0.00476 14
 -90.000   35.000  0.00371 8
 -90.000   36.000  0.00343 15
 -90.000   37.000  0.00196 8
 -90.000   38.000 -0.00268 16
 -90.000   39.000 -0.00316 10
 -90.000   40.000 -0.00264 16
 -90.000   41.000 -0.00038 13
 -90.000   42.000 -0.00026 17
 -90.000   43.000 -0.00005 16
 -90.000   44.000 -0.00232 17
 -90.000   45.000 -0.00473 16
 -90.000   46.000 -0.00737 18
 -90.000   47.000 -0.00987 14
 -90.000   48.000 -0.01061 12
 -90.000   49.000 -0.01088 5
 -90.000   50.000 -0.00922 5
 -89.000   25.000  0.01386 3
 -89.000   26.000  0.00999 7
 -89.000   27.000  0.00660 7
 -89.000   28.000  0.00142 12
 -89.000   29.000 -0.00076 10
 -89.000   30.000 -0.00211 13
 -89.000   31.000 -0.00230 9
 -89.000   32.000  0.00064 12
 -89.000   33.000  0.00508 9
 -89.000   34.000  0.00599 15
 -89.000   35.000  0.00597 10
 -89.000   36.000  0.00600 18
 -89.000   37.000  0.00454 10
 -89.000   38.000 -0.00058 19
 -89.000   39.000 -0.00168 10
 -89.000   40.000 -0.00176 18
 -89.000   41.000 -0.00022 12
 -89.000   42.000 -0.00011 17
 -89.000   43.000  0.00036 14
 -89.000   44.000 -0.00116 16
 -89.000   45.000 -0.00312 16
 -89.000   46.000 -0.00543 17
 -89.000   47.000 -0.00758 16
 -89.000   48.000 -0.00808 15
 -89.000   49.000 -0.00843 9
 -89.000   50.000 -0.00687 6
 -88.000   25.000  0.01109 4
 -88.000   26.000  0.00802 10
 -88.000   27.000  0.00509 9
 -88.000   28.000  0.00062 15
 -88.000   29.000 -0.00158 9
 -88.000   30.000 -0.00290 14
 -88.000   31.000 -0.00310 8
 -88.000   32.000 -0.00041 12
 -88.000   33.000  0.00377 8
 -88.000   34.000  0.00549 13
 -88.000   35.000  0.00659 9
 -88.000   36.000  0.00752 14
 -88.000   37.000  0.00692 9
 -88.000   38.000  0.00301 16
 -88.000   39.000  0.00232 11
 -88.000   40.000  0.00231 17
 -88.000   41.000  0.00349 13
 -88.000   42.000  0.00365 16
 -88.000   43.000  0.00416 16
 -88.000   44.000  0.00243 17
 -88.000   45.000  0.00023 16
 -88.000   46.000 -0.00247 16
 -88.000   47.000 -0.00420 13
 -88.000   48.000 -0.00472 12
 -88.000   49.000 -0.00475 6
 -88.000   50.000 -0.00308 5
 -87.000   25.000  0.00891 4
 -87.000   26.000  0.00639 7
 -87.000   27.000  0.00366 8
 -87.000   28.000 -0.00036 11
 -87.000   29.000 -0.00277 10
 -87.000   30.000 -0.00441 12
 -87.000   31.000 -0.00508 10
 -87.000   32.000 -0.00265 12
 -87.000   33.000  0.00147 11
 -87.000   34.000  0.00420 13
 -87.000   35.000  0.00661 9
 -87.000   36.000  0.00892 14
 -87.000   37.000  0.00916 10
 -87.000   38.000  0.00612 17
 -87.000   39.000  0.00517 11
 -87.000   40.000  0.00468 17
 -87.000   41.000  0.00476 12
 -87.000   42.000  0.00404 16
 -87.000   43.000  0.00429 15
 -87.000   44.000  0.00255 16
 -87.000   45.000  0.00090 15
 -87.000   46.000 -0.00121 14
 -87.000   47.000 -0.00135 15
 -87.000   48.000 -0.00108 12
 -87.000   49.000 -0.00038 10
 -87.000   50.000  0.00130 5
 -86.000   25.000  0.00555 5
 -86.000   26.000  0.00378 7
 -86.000   27.000  0.00140 9
 -86.000   28.000 -0.00221 11
 -86.000   29.000 -0.00476 10
 -86.000   30.000 -0.00654 11
 -86.000   31.000 -0.00769 10
 -86.000   32.000 -0.00561 12
 -86.000   33.000 -0.00176 11
 -86.000   34.000  0.00218 12
 -86.000   35.000  0.00589 10
 -86.000   36.000  0.00969 12
 -86.000   37.000  0.01107 12
 -86.000   38.000  0.00951 15
 -86.000   39.000  0.00874 15
 -86.000   40.000  0.00857 15
 -86.000   41.000  0.00798 16
 -86.000   42.000  0.00646 15
 -86.000   43.000  0.00606 18
 -86.000   44.000  0.00344 14
 -86.000   45.000  0.00121 14
 -86.000   46.000 -0.00138 11
 -86.000   47.000 -0.00075 12
 -86.000   48.000 -0.00024 9
 -86.000   49.000  0.00098 9
 -86.000   50.000  0.00260 5
 -85.000   25.000 -0.00053 4
 -85.000   26.000 -0.00107 4
 -85.000   27.000 -0.00268 8
 -85.000   28.000 -0.00477 7
 -85.000   29.000 -0.00667 10
 -85.000   30.000 -0.00795 9
 -85.000   31.000 -0.00918 12
 -85.000   32.000 -0.00726 12
 -85.000   33.000 -0.00336 13
 -85.000   34.000  0.00158 11
 -85.000   35.000  0.00599 11
 -85.000   36.000  0.01006 12
 -85.000   37.000  0.01130 14
 -85.000   38.000  0.00987 15
 -85.000   39.000  0.00845 16
 -85.000   40.000  0.00804 15
 -85.000   41.000  0.00696 17
 -85.000   42.000  0.00499 15
 -85.000   43.000  0.00423 19
 -85.000   44.000  0.00128 15
 -85.000   45.000 -0.00083 17
 -85.000   46.000 -0.00324 12
 -85.000   47.000 -0.00159 15
 -85.000   48.000 -0.00058 10
 -85.000   49.000  0.00098 12
 -85.000   50.000  0.00218 6
 -84.000   25.000 -0.00679 3
 -84.000   26.000 -0.00620 4
 -84.000   27.000 -0.00694 9
 -84.000   28.000 -0.00734 10
 -84.000   29.000 -0.00780 12
 -84.000   30.000 -0.00761 11
 -84.000   31.000 -0.00809 12
 -84.000   32.000 -0.00540 12
 -84.000   33.000 -0.00120 12
 -84.000   34.000  0.00443 12
 -84.000   35.000  0.00843 13
 -84.000   36.000  0.01212 12
 -84.000   37.000  0.01242 15
 -84.000   38.000  0.01072 14
 -84.000   39.000  0.00848 18
 -84.000   40.000  0.00828 13
 -84.000   41.000  0.00723 18
 -84.000   42.000  0.00518 13
 -84.000   43.000  0.00383 19
 -84.000   44.000  0.00019 12
 -84.000   45.000 -0.00275 15
 -84.000   46.000 -0.00579 10
 -84.000   47.000 -0.00430 13
 -84.000   48.000 -0.00318 10
 -84.000   49.000 -0.00156 11
 -84.000   50.000 -0.00052 6
 -83.000   25.000 -0.00952 4
 -83.000   26.000 -0.00781 4
 -83.000   27.000 -0.00751 8
 -83.000   28.000 -0.00615 8
 -83.000   29.000 -0.00520 11
 -83.000   30.000 -0.00434 10
 -83.000   31.000 -0.00458 12
 -83.000   32.000 -0.00192 11
 -83.000   33.000  0.00203 14
 -83.000   34.000  0.00744 11
 -83.000   35.000  0.01064 14
 -83.000   36.000  0.01283 10
 -83.000   37.000  0.01152 14
 -83.000   38.000  0.00852 13
 -83.000   39.000  0.00520 17
 -83.000   40.000  0.00489 15
 -83.000   41.000  0.00440 17
 -83.000   42.000  0.00271 15
 -83.000   43.000  0.00132 18
 -83.000   44.000 -0.00227 16
 -83.000   45.000 -0.00538 18
 -83.000   46.000 -0.00814 15
 -83.000   47.000 -0.00683 15
 -83.000   48.000 -0.00534 10
 -83.000   49.000 -0.00373 11
 -83.000   50.000 -0.00286 6
 -82.000   25.000 -0.00916 3
 -82.000   26.000 -0.00668 4
 -82.000   27.000 -0.00560 8
 -82.000   28.000 -0.00316 11
 -82.000   29.000 -0.00147 13
 -82.000   30.000 -0.00047 13
 -82.000   31.000 -0.00076 13
 -82.000   32.000  0.00175 13
 -82.000   33.000  0.00544 14
 -82.000   34.000  0.01043 13
 -82.000   35.000  0.01276 14
 -82.000   36.000  0.01395 12
 -82.000   37.000  0.01160 13
 -82.000   38.000  0.00775 12
 -82.000   39.000  0.00376 15
 -82.000   40.000  0.00366 12
 -82.000   41.000  0.00342 16
 -82.000   42.000  0.00203 12
 -82.000   43.000  0.00038 16
 -82.000   44.000 -0.00296 11
 -82.000   45.000 -0.00653 15
 -82.000   46.000 -0.00938 11
 -82.000   47.000 -0.00902 13
 -82.000   48.000 -0.00769 8
 -82.000   49.000 -0.00653 10
 -82.000   50.000 -0.00578 6
 -81.000   25.000 -0.00603 6
 -81.000   26.000 -0.00322 5
 -81.000   27.000 -0.00171 10
 -81.000   28.000  0.00134 9
 -81.000   29.000  0.00317 13
 -81.000   30.000  0.00375 10
 -81.000   31.000  0.00306 13
 -81.000   32.000  0.00458 10
 -81.000   33.000  0.00710 14
 -81.000   34.000  0.01075 10
 -81.000   35.000  0.01202 15
 -81.000   36.000  0.01190 11
 -81.000   37.000  0.00908 15
 -81.000   38.000  0.00487 12
 -81.000   39.000  0.00094 16
 -81.000   40.000  0.00076 14
 -81.000   41.000  0.00117 17
 -81.000   42.000  0.00017 15
 -81.000   43.000 -0.00118 17
 -81.000   44.000 -0.00387 16
 -81.000   45.000 -0.00687 18
 -81.000   46.000 -0.00917 16
 -81.000   47.000 -0.00939 15
 -81.000   48.000 -0.00856 10
 -81.000   49.000 -0.00783 10
 -81.000   50.000 -0.00764 6
 -80.000   25.000  0.00291 3
 -80.000   26.000  0.00429 4
 -80.000   27.000  0.00487 9
 -80.000   28.000  0.00569 11
 -80.000   29.000  0.00622 14
 -80.000   30.000  0.00593 13
 -80.000   31.000  0.00483 14
 -80.000   32.000  0.00635 13
 -80.000   33.000  0.00864 13
 -80.000   34.000  0.01191 12
 -80.000   35.000  0.01241 13
 -80.000   36.000  0.01199 13
 -80.000   37.000  0.00886 14
 -80.000   38.000  0.00445 13
 -80.000   39.000  0.00028 14
 -80.000   40.000 -0.00003 11
 -80.000   41.000  0.00038 15
 -80.000   42.000 -0.00057 12
 -80.000   43.000 -0.00186 16
 -80.000   44.000 -0.00401 11
 -80.000   45.000 -0.00641 16
 -80.000   46.000 -0.00828 12
 -80.000   47.000 -0.00915 15
 -80.000   48.000 -0.00904 9
 -80.000   49.000 -0.00864 10
 -80.000   50.000 -0.00888 5
 -79.000   25.000  0.01091 7
 -79.000   26.000  0.01076 6
 -79.000   27.000  0.01040 13
 -79.000   28.000  0.00923 10
 -79.000   29.000  0.00835 16
 -79.000   30.000  0.00708 11
 -79.000   31.000  0.00552 15
 -79.000   32.000  0.00643 10
 -79.000   33.000  0.00780 14
 -79.000   34.000  0.01025 10
 -79.000   35.000  0.01032 14
 -79.000   36.000  0.00980 10
 -79.000   37.000  0.00721 15
 -79.000   38.000  0.00324 13
 -79.000   39.000 -0.00044 17
 -79.000   40.000 -0.00101 13
 -79.000   41.000 -0.00026 15
 -79.000   42.000 -0.00147 14
 -79.000   43.000 -0.00258 16
 -79.000   44.000 -0.00441 16
 -79.000   45.000 -0.00571 17
 -79.000   46.000 -0.00701 16
 -79.000   47.000 -0.00776 16
 -79.000   48.000 -0.00791 12
 -79.000   49.000 -0.00733 11
 -79.000   50.000 -0.00812 5
 -78.000   25.000  0.01213 4
 -78.000   26.000  0.01098 5
 -78.000   27.000  0.00998 10
 -78.000   28.000  0.00768 11
 -78.000   29.000  0.00580 14
 -78.000   30.000  0.00459 13
 -78.000   31.000  0.00338 14
 -78.000   32.000  0.00494 13
 -78.000   33.000  0.00668 14
 -78.000   34.000  0.00959 13
 -78.000   35.000  0.01004 13
 -78.000   36.000  0.01019 12
 -78.000   37.000  0.00817 13
 -78.000   38.000  0.00455 14
 -78.000   39.000  0.00062 15
 -78.000   40.000 -0.00066 12
 -78.000   41.000 -0.00066 13
 -78.000   42.000 -0.00270 11
 -78.000   43.000 -0.00398 14
 -78.000   44.000 -0.00527 11
 -78.000   45.000 -0.00540 15
 -78.000   46.000 -0.00596 12
 -78.000   47.000 -0.00612 15
 -78.000   48.000 -0.00609 9
 -78.000   49.000 -0.00537 11
 -78.000   50.000 -0.00630 5
 -77.000   25.000  0.01129 8
 -77.000   26.000  0.00985 6
 -77.000   27.000  0.00866 12
 -77.000   28.000  0.00595 9
 -77.000   29.000  0.00338 15
 -77.000   30.000  0.00179 11
 -77.000   31.000  0.00031 16
 -77.000   32.000  0.00141 11
 -77.000   33.000  0.00276 16
 -77.000   34.000  0.00598 11
 -77.000   35.000  0.00745 16
 -77.000   36.000  0.00873 11
 -77.000   37.000  0.00817 16
 -77.000   38.000  0.00585 12
 -77.000   39.000  0.00237 17
 -77.000   40.000  0.00060 13
 -77.000   41.000  0.00007 15
 -77.000   42.000 -0.00275 13
 -77.000   43.000 -0.00443 14
 -77.000   44.000 -0.00560 14
 -77.000   45.000 -0.00474 15
 -77.000   46.000 -0.00463 15
 -77.000   47.000 -0.00387 16
 -77.000   48.000 -0.00343 12
 -77.000   49.000 -0.00225 12
 -77.000   50.000 -0.00335 7
 -76.000   25.000  0.00573 5
 -76.000   26.000  0.00485 4
 -76.000   27.000  0.00414 9
 -76.000   28.000  0.00187 9
 -76.000   29.000 -0.00051 13
 -76.000   30.000 -0.00224 12
 -76.000   31.000 -0.00379 14
 -76.000   32.000 -0.00255 13
 -76.000   33.000 -0.00045 14
 -76.000   34.000  0.00400 13
 -76.000   35.000  0.00711 15
 -76.000   36.000  0.00988 14
 -76.000   37.000  0.01026 14
 -76.000   38.000  0.00842 13
 -76.000   39.000  0.00446 14
 -76.000   40.000  0.00186 13
 -76.000   41.000  0.00024 14
 -76.000   42.000 -0.00324 12
 -76.000   43.000 -0.00497 13
 -76.000   44.000 -0.00555 9
 -76.000   45.000 -0.00382 14
 -76.000   46.000 -0.00321 12
 -76.000   47.000 -0.00192 16
 -76.000   48.000 -0.00149 9
 -76.000   49.000 -0.00033 12
 -76.000   50.000 -0.00154 7
 -75.000   25.000  0.00123 9
 -75.000   26.000  0.00115 6
 -75.000   27.000  0.00104 12
 -75.000   28.000 -0.00013 9
 -75.000   29.000 -0.00213 14
 -75.000   30.000 -0.00423 10
 -75.000   31.000 -0.00605 15
 -75.000   32.000 -0.00539 11
 -75.000   33.000 -0.00341 16
 -75.000   34.000  0.00127 11
 -75.000   35.000  0.00544 18
 -75.000   36.000  0.00908 13
 -75.000   37.000  0.01026 18
 -75.000   38.000  0.00919 12
 -75.000   39.000  0.00563 16
 -75.000   40.000  0.00293 12
 -75.000   41.000  0.00098 15
 -75.000   42.000 -0.00258 14
 -75.000   43.000 -0.00420 15
 -75.000   44.000 -0.00463 13
 -75.000   45.000 -0.00255 15
 -75.000   46.000 -0.00179 15
 -75.000   47.000 -0.00001 16
 -75.000   48.000  0.00042 12
 -75.000   49.000  0.00163 12
 -75.000   50.000  0.00039 9
 -74.000   25.000 -0.00291 6
 -74.000   26.000 -0.00253 5
 -74.000   27.000 -0.00225 11
 -74.000   28.000 -0.00312 10
 -74.000   29.000 -0.00470 14
 -74.000   30.000 -0.00681 11
 -74.000   31.000 -0.00824 13
 -74.000   32.000 -0.00723 12
 -74.000   33.000 -0.00444 14
 -74.000   34.000  0.00103 13
 -74.000   35.000  0.00604 15
 -74.000   36.000  0.01020 14
 -74.000   37.000  0.01119 14
 -74.000   38.000  0.01022 14
 -74.000   39.000  0.00629 13
 -74.000   40.000  0.00323 13
 -74.000   41.000  0.00026 12
 -74.000   42.000 -0.00300 13
 -74.000   43.000 -0.00405 13
 -74.000   44.000 -0.00372 10
 -74.000   45.000 -0.00143 13
 -74.000   46.000 -0.00031 11
 -74.000   47.000  0.00156 14
 -74.000   48.000  0.00151 9
 -74.000   49.000  0.00211 12
 -74.000   50.000  0.00111 8
 -73.000   25.000 -0.00226 9
 -73.000   26.000 -0.00199 7
 -73.000   27.000 -0.00187 13
 -73.000   28.000 -0.00318 11
 -73.000   29.000 -0.00466 15
 -73.000   30.000 -0.00685 11
 -73.000   31.000 -0.00798 15
 -73.000   32.000 -0.00726 11
 -73.000   33.000 -0.00466 16
 -73.000   34.000  0.00026 11
 -73.000   35.000  0.00480 18
 -73.000   36.000  0.00865 13
 -73.000   37.000  0.00956 18
 -73.000   38.000  0.00931 13
 -73.000   39.000  0.00594 16
 -73.000   40.000  0.00308 13
 -73.000   41.000 -0.00079 14
 -73.000   42.000 -0.00356 13
 -73.000   43.000 -0.00470 13
 -73.000   44.000 -0.00404 13
 -73.000   45.000 -0.00192 14
 -73.000   46.000  0.00008 15
 -73.000   47.000  0.00239 14
 -73.000   48.000  0.00259 13
 -73.000   49.000  0.00305 12
 -73.000   50.000  0.00272 10
 -72.000   25.000 -0.00274 6
 -72.000   26.000 -0.00247 5
 -72.000   27.000 -0.00243 11
 -72.000   28.000 -0.00425 10
 -72.000   29.000 -0.00543 15
 -72.000   30.000 -0.00710 12
 -72.000   31.000 -0.00738 14
 -72.000   32.000 -0.00626 11
 -72.000   33.000 -0.00329 14
 -72.000   34.000  0.00119 12
 -72.000   35.000  0.00497 16
 -72.000   36.000  0.00802 14
 -72.000   37.000  0.00843 14
 -72.000   38.000  0.00819 15
 -72.000   39.000  0.00478 14
 -72.000   40.000  0.00170 17
 -72.000   41.000 -0.00333 12
 -72.000   42.000 -0.00542 14
 -72.000   43.000 -0.00573 11
 -72.000   44.000 -0.00366 12
 -72.000   45.000 -0.00139 13
 -72.000   46.000  0.00185 14
 -72.000   47.000  0.00391 15
 -72.000   48.000  0.00372 11
 -72.000   49.000  0.00327 12
 -72.000   50.000  0.00359 8
 -71.000   25.000 -0.00137 9
 -71.000   26.000 -0.00158 7
 -71.000   27.000 -0.00186 13
 -71.000   28.000 -0.00429 11
 -71.000   29.000 -0.00518 15
 -71.000   30.000 -0.00610 12
 -71.000   31.000 -0.00537 15
 -71.000   32.000 -0.00428 11
 -71.000   33.000 -0.00179 16
 -71.000   34.000  0.00106 12
 -71.000   35.000  0.00318 19
 -71.000   36.000  0.00472 13
 -71.000   37.000  0.00479 16
 -71.000   38.000  0.00497 13
 -71.000   39.000  0.00245 16
 -71.000   40.000 -0.00027 16
 -71.000   41.000 -0.00593 14
 -71.000   42.000 -0.00710 14
 -71.000   43.000 -0.00691 12
 -71.000   44.000 -0.00380 13
 -71.000   45.000 -0.00149 14
 -71.000   46.000  0.00332 16
 -71.000   47.000  0.00558 14
 -71.000   48.000  0.00539 12
 -71.000   49.000  0.00444 11
 -71.000   50.000  0.00568 10
 -70.000   25.000 -0.00264 6
 -70.000   26.000 -0.00274 5
 -70.000   27.000 -0.00291 11
 -70.000   28.000 -0.00554 10
 -70.000   29.000 -0.00627 15
 -70.000   30.000 -0.00648 12
 -70.000   31.000 -0.00471 15
 -70.000   32.000 -0.00294 12
 -70.000   33.000 -0.00012 16
 -70.000   34.000  0.00225 13
 -70.000   35.000  0.00324 16
 -70.000   36.000  0.00352 14
 -70.000   37.000  0.00263 13
 -70.000   38.000  0.00274 15
 -70.000   39.000  0.00059 13
 -70.000   40.000 -0.00220 18
 -70.000   41.000 -0.00917 12
 -70.000   42.000 -0.00944 16
 -70.000   43.000 -0.00747 11
 -70.000   44.000 -0.00289 13
 -70.000   45.000 -0.00012 12
 -70.000   46.000  0.00648 14
 -70.000   47.000  0.00809 13
 -70.000   48.000  0.00601 9
 -70.000   49.000  0.00377 8
 -70.000   50.000  0.00502 6
 -69.000   25.000 -0.00304 5
 -69.000   26.000 -0.00309 5
 -69.000   27.000 -0.00309 9
 -69.000   28.000 -0.00578 9
 -69.000   29.000 -0.00619 11
 -69.000   30.000 -0.00592 10
 -69.000   31.000 -0.00351 11
 -69.000   32.000 -0.00166 10
 -69.000   33.000  0.00085 12
 -69.000   34.000  0.00239 11
 -69.000   35.000  0.00217 12
 -69.000   36.000  0.00077 10
 -69.000   37.000 -0.00186 9
 -69.000   38.000 -0.00186 9
 -69.000   39.000 -0.00323 9
 -69.000   40.000 -0.00590 11
 -69.000   41.000 -0.01508 9
 -69.000   42.000 -0.01443 10
 -69.000   43.000 -0.01237 7
 -69.000   44.000 -0.00791 8
 -69.000   45.000 -0.00529 7
 -69.000   46.000  0.00473 9
 -69.000   47.000  0.00675 7
 -69.000   48.000  0.00468 6
 -69.000   49.000  0.00239 4
 -69.000   50.000  0.00422 5
 -68.000   25.000 -0.00241 1
 -68.000   26.000 -0.00274 2
 -68.000   27.000 -0.00277 5
 -68.000   28.000 -0.00561 7
 -68.000   29.000 -0.00646 9
 -68.000   30.000 -0.00587 9
 -68.000   31.000 -0.00185 9
 -68.000   32.000  0.00201 9
 -68.000   33.000  0.00582 9
 -68.000   34.000  0.00818 9
 -68.000   35.000  0.00676 8
 -68.000   36.000  0.00320 9
 -68.000   37.000 -0.00279 6
 -68.000   38.000 -0.00420 8
 -68.000   39.000 -0.00605 6
 -68.000   40.000 -0.00889 10
 -68.000   41.000 -0.02012 6
 -68.000   42.000 -0.01858 8
 -68.000   43.000 -0.01583 4
 -68.000   44.000 -0.01128 7
 -68.000   45.000 -0.00867 5
 -68.000   46.000  0.00389 8
 -68.000   47.000  0.00556 6
 -68.000   48.000  0.00271 5
 -68.000   49.000 -0.00008 2
 -68.000   50.000  0.00172 2
 -67.000   25.000 -0.00150 0
 -67.000   26.000 -0.00300 1
 -67.000   27.000 -0.00368 2
 -67.000   28.000 -0.00667 4
 -67.000   29.000 -0.00817 4
 -67.000   30.000 -0.00605 5
 -67.000   31.000  0.00237 4
 -67.000   32.000  0.01017 5
 -67.000   33.000  0.01715 4
 -67.000   34.000  0.02125 5
 -67.000   35.000  0.01798 4
 -67.000   36.000  0.01030 4
 -67.000   37.000 -0.00213 2
 -67.000   38.000 -0.00961 2
 -67.000   39.000 -0.01537 2
 -67.000   40.000 -0.01751 3
 -67.000   41.000 -0.02700 2
 -67.000   42.000 -0.02220 2
 -67.000   43.000 -0.01771 1
 -67.000   44.000 -0.01242 2
 -67.000   45.000 -0.01151 3
 -67.000   46.000 -0.00057 4
 -67.000   47.000  0.00053 3
 -67.000   48.000 -0.00138 2
 -67.000   49.000 -0.00302 1
 -67.000   50.000 -0.00042 2
 -66.000   25.000 -0.00130 0
 -66.000   26.000 -0.00307 0
 -66.000   27.000 -0.00393 1
 -66.000   28.000 -0.00694 3
 -66.000   29.000 -0.00887 4
 -66.000   30.000 -0.00639 5
 -66.000   31.000  0.00358 4
 -66.000   32.000  0.01324 5
 -66.000   33.000  0.02176 4
 -66.000   34.000  0.02715 5
 -66.000   35.000  0.02324 4
 -66.000   36.000  0.01390 5
 -66.000   37.000 -0.00177 3
 -66.000   38.000 -0.01142 3
 -66.000   39.000 -0.01854 2
 -66.000   40.000 -0.02068 3
 -66.000   41.000 -0.03082 2
 -66.000   42.000 -0.02495 2
 -66.000   43.000 -0.01974 1
 -66.000   44.000 -0.01466 2
 -66.000   45.000 -0.01420 3
 -66.000   46.000 -0.00260 4
 -66.000   47.000 -0.00173 3
 -66.000   48.000 -0.00392 2
 -66.000   49.000 -0.00540 1
 -66.000   50.000 -0.00291 1
 -65.000   25.000 -0.00007 0
 -65.000   26.000 -0.00281 0
 -65.000   27.000 -0.00413 0
 -65.000   28.000 -0.00754 1
 -65.000   29.000 -0.00974 1
 -65.000   30.000 -0.00628 2
 -65.000   31.000  0.00633 1
 -65.000   32.000  0.01833 2
 -65.000   33.000  0.02849 1
 -65.000   34.000  0.03485 2
 -65.000   35.000  0.02985 1
 -65.000   36.000  0.01805 2
 -65.000   37.000 -0.00160 1
 -65.000   38.000 -0.01424 1
 -65.000   39.000 -0.02341 1
 -65.000   40.000 -0.02557 1
 -65.000   41.000 -0.03633 1
 -65.000   42.000 -0.02949 0
 -65.000   43.000 -0.02530 0
 -65.000   44.000 -0.02091 0
 -65.000   45.000 -0.02146 1
 -65.000   46.000 -0.00901 1
 -65.000   47.000 -0.00713 1
 -65.000   48.000 -0.00657 0
 -65.000   49.000 -0.00647 0
 -65.000   50.000 -0.00277 0
