-130.000   25.000  0.00256 12
-130.000   26.000  0.00579 17
-130.000   27.000  0.00657 17
-130.000   28.000  0.00764 16
-130.000   29.000  0.00589 15
-130.000   30.000  0.00451 14
-130.000   31.000  0.00035 15
-130.000   32.000 -0.00113 13
-130.000   33.000 -0.00188 13
-130.000   34.000 -0.00119 10
-130.000   35.000 -0.00119 12
-130.000   36.000 -0.00312 9
-130.000   37.000 -0.00544 12
-130.000   38.000 -0.00909 12
-130.000   39.000 -0.01083 15
-130.000   40.000 -0.01319 14
-130.000   41.000 -0.01227 13
-130.000   42.000 -0.01219 12
-130.000   43.000 -0.01000 12
-130.000   44.000 -0.00820 12
-130.000   45.000 -0.00372 11
-130.000   46.000 -0.00174 11
-130.000   47.000 -0.00043 11
-130.000   48.000 -0.00105 14
-130.000   49.000 -0.00139 13
-130.000   50.000 -0.00388 12
-129.000   25.000 -0.00079 14
-129.000   26.000  0.00205 19
-129.000   27.000  0.00299 21
-129.000   28.000  0.00411 18
-129.000   29.000  0.00303 19
-129.000   30.000  0.00150 16
-129.000   31.000 -0.00184 19
-129.000   32.000 -0.00280 15
-129.000   33.000 -0.00286 17
-129.000   34.000 -0.00171 13
-129.000   35.000 -0.00129 17
-129.000   36.000 -0.00249 13
-129.000   37.000 -0.00429 16
-129.000   38.000 -0.00720 15
-129.000   39.000 -0.00867 18
-129.000   40.000 -0.01053 16
-129.000   41.000 -0.00973 16
-129.000   42.000 -0.00972 14
-129.000   43.000 -0.00802 16
-129.000   44.000 -0.00650 14
-129.000   45.000 -0.00273 15
-129.000   46.000 -0.00105 13
-129.000   47.000  0.00010 15
-129.000   48.000 -0.00023 15
-129.000   49.000 -0.00050 15
-129.000   50.000 -0.00247 11
-128.000   25.000 -0.00147 18
-128.000   26.000  0.00057 24
-128.000   27.000  0.00125 21
-128.000   28.000  0.00197 21
-128.000   29.000  0.00099 18
-128.000   30.000 -0.00063 18
-128.000   31.000 -0.00329 16
-128.000   32.000 -0.00381 15
-128.000   33.000 -0.00334 14
-128.000   34.000 -0.00235 12
-128.000   35.000 -0.00183 13
-128.000   36.000 -0.00284 11
-128.000   37.000 -0.00426 12
-128.000   38.000 -0.00687 16
-128.000   39.000 -0.00785 17
-128.000   40.000 -0.00943 19
-128.000   41.000 -0.00856 15
-128.000   42.000 -0.00860 14
-128.000   43.000 -0.00673 15
-128.000   44.000 -0.00508 13
-128.000   45.000 -0.00123 16
-128.000   46.000  0.00052 13
-128.000   47.000  0.00180 16
-128.000   48.000  0.00129 16
-128.000   49.000  0.00098 17
-128.000   50.000 -0.00096 13
-127.000   25.000 -0.00227 16
-127.000   26.000 -0.00122 20
-127.000   27.000 -0.00077 20
-127.000   28.000 -0.00048 18
-127.000   29.000 -0.00132 20
-127.000   30.000 -0.00288 18
-127.000   31.000 -0.00467 20
-127.000   32.000 -0.00479 17
-127.000   33.000 -0.00401 18
-127.000   34.000 -0.00311 13
-127.000   35.000 -0.00245 15
-127.000   36.000 -0.00301 12
-127.000   37.000 -0.00383 14
-127.000   38.000 -0.00556 14
-127.000   39.000 -0.00589 16
-127.000   40.000 -0.00678 16
-127.000   41.000 -0.00584 14
-127.000   42.000 -0.00590 12
-127.000   43.000 -0.00428 14
-127.000   44.000 -0.00276 13
-127.000   45.000  0.00079 16
-127.000   46.000  0.00252 13
-127.000   47.000  0.00387 16
-127.000   48.000  0.00325 14
-127.000   49.000  0.00298 14
-127.000   50.000  0.00114 9
-126.000   25.000 -0.00137 18
-126.000   26.000 -0.00168 24
-126.000   27.000 -0.00173 20
-126.000   28.000 -0.00209 21
-126.000   29.000 -0.00289 18
-126.000   30.000 -0.00409 19
-126.000   31.000 -0.00463 17
-126.000   32.000 -0.00426 17
-126.000   33.000 -0.00265 15
-126.000   34.000 -0.00169 12
-126.000   35.000 -0.00028 11
-126.000   36.000 -0.00084 12
-126.000   37.000 -0.00105 13
-126.000   38.000 -0.00317 17
-126.000   39.000 -0.00372 16
-126.000   40.000 -0.00554 19
-126.000   41.000 -0.00463 14
-126.000   42.000 -0.00484 14
-126.000   43.000 -0.00268 14
-126.000   44.000 -0.00069 13
-126.000   45.000  0.00334 17
-126.000   46.000  0.00535 14
-126.000   47.000  0.00676 19
-126.000   48.000  0.00561 15
-126.000   49.000  0.00523 18
-126.000   50.000  0.00314 12
-125.000   25.000 -0.00182 15
-125.000   26.000 -0.00258 18
-125.000   27.000 -0.00259 21
-125.000   28.000 -0.00293 19
-125.000   29.000 -0.00341 21
-125.000   30.000 -0.00404 18
-125.000   31.000 -0.00365 20
-125.000   32.000 -0.00296 18
-125.000   33.000 -0.00083 18
-125.000   34.000  0.00034 14
-125.000   35.000  0.00241 14
-125.000   36.000  0.00197 15
-125.000   37.000  0.00217 16
-125.000   38.000  0.00007 16
-125.000   39.000 -0.00042 15
-125.000   40.000 -0.00275 15
-125.000   41.000 -0.00187 13
-125.000   42.000 -0.00236 12
-125.000   43.000 -0.00017 13
-125.000   44.000  0.00163 12
-125.000   45.000  0.00546 16
-125.000   46.000  0.00643 13
-125.000   47.000  0.00707 17
-125.000   48.000  0.00482 12
-125.000   49.000  0.00370 15
-125.000   50.000  0.00069 11
-124.000   25.000  0.00119 17
-124.000   26.000 -0.00041 21
-124.000   27.000 -0.00106 21
-124.000   28.000 -0.00213 20
-124.000   29.000 -0.00309 18
-124.000   30.000 -0.00346 18
-124.000   31.000 -0.00248 16
-124.000   32.000 -0.00160 18
-124.000   33.000  0.00108 16
-124.000   34.000  0.00221 17
-124.000   35.000  0.00499 15
-124.000   36.000  0.00416 18
-124.000   37.000  0.00460 16
-124.000   38.000  0.00192 17
-124.000   39.000  0.00130 15
-124.000   40.000 -0.00198 18
-124.000   41.000 -0.00058 16
-124.000   42.000 -0.00057 15
-124.000   43.000  0.00238 15
-124.000   44.000  0.00442 12
-124.000   45.000  0.00809 18
-124.000   46.000  0.00775 13
-124.000   47.000  0.00717 20
-124.000   48.000  0.00346 12
-124.000   49.000  0.00135 19
-124.000   50.000 -0.00247 12
-123.000   25.000  0.00198 15
-123.000   26.000  0.00020 15
-123.000   27.000 -0.00050 19
-123.000   28.000 -0.00162 15
-123.000   29.000 -0.00260 19
-123.000   30.000 -0.00263 17
-123.000   31.000 -0.00145 19
-123.000   32.000 -0.00067 19
-123.000   33.000  0.00176 19
-123.000   34.000  0.00303 19
-123.000   35.000  0.00587 18
-123.000   36.000  0.00528 19
-123.000   37.000  0.00580 17
-123.000   38.000  0.00362 16
-123.000   39.000  0.00282 17
-123.000   40.000 -0.00024 18
-123.000   41.000  0.00119 18
-123.000   42.000  0.00172 14
-123.000   43.000  0.00447 16
-123.000   44.000  0.00638 13
-123.000   45.000  0.00920 17
-123.000   46.000  0.00755 11
-123.000   47.000  0.00566 15
-123.000   48.000  0.00098 12
-123.000   49.000 -0.00199 17
-123.000   50.000 -0.00642 14
-122.000   25.000  0.00474 18
-122.000   26.000  0.00246 21
-122.000   27.000  0.00124 20
-122.000   28.000 -0.00060 18
-122.000   29.000 -0.00205 17
-122.000   30.000 -0.00204 19
-122.000   31.000 -0.00088 17
-122.000   32.000 -0.00020 20
-122.000   33.000  0.00206 17
-122.000   34.000  0.00337 20
-122.000   35.000  0.00619 17
-122.000   36.000  0.00588 19
-122.000   37.000  0.00664 15
-122.000   38.000  0.00484 16
-122.000   39.000  0.00375 17
-122.000   40.000  0.00057 21
-122.000   41.000  0.00183 20
-122.000   42.000  0.00293 16
-122.000   43.000  0.00573 17
-122.000   44.000  0.00776 14
-122.000   45.000  0.00992 20
-122.000   46.000  0.00758 12
-122.000   47.000  0.00477 19
-122.000   48.000 -0.00030 13
-122.000   49.000 -0.00370 20
-122.000   50.000 -0.00791 13
-121.000   25.000  0.00736 14
-121.000   26.000  0.00480 14
-121.000   27.000  0.00317 17
-121.000   28.000  0.00083 14
-121.000   29.000 -0.00135 18
-121.000   30.000 -0.00142 17
-121.000   31.000 -0.00061 19
-121.000   32.000  0.00016 19
-121.000   33.000  0.00170 20
-121.000   34.000  0.00289 20
-121.000   35.000  0.00495 19
-121.000   36.000  0.00515 20
-121.000   37.000  0.00575 19
-121.000   38.000  0.00508 19
-121.000   39.000  0.00436 21
-121.000   40.000  0.00251 22
-121.000   41.000  0.00356 22
-121.000   42.000  0.00503 17
-121.000   43.000  0.00710 19
-121.000   44.000  0.00878 16
-121.000   45.000  0.01001 19
-121.000   46.000  0.00708 13
-121.000   47.000  0.00390 17
-121.000   48.000 -0.00088 16
-121.000   49.000 -0.00427 19
-121.000   50.000 -0.00819 16
-120.000   25.000  0.01039 18
-120.000   26.000  0.00755 22
-120.000   27.000  0.00543 23
-120.000   28.000  0.00245 22
-120.000   29.000 -0.00037 22
-120.000   30.000 -0.00075 21
-120.000   31.000 -0.00031 20
-120.000   32.000  0.00051 21
-120.000   33.000  0.00156 20
-120.000   34.000  0.00231 22
-120.000   35.000  0.00354 19
-120.000   36.000  0.00396 21
-120.000   37.000  0.00469 20
-120.000   38.000  0.00493 22
-120.000   39.000  0.00466 21
-120.000   40.000  0.00366 22
-120.000   41.000  0.00436 19
-120.000   42.000  0.00604 17
-120.000   43.000  0.00773 18
-120.000   44.000  0.00934 18
-120.000   45.000  0.00997 22
-120.000   46.000  0.00736 17
-120.000   47.000  0.00391 21
-120.000   48.000 -0.00055 16
-120.000   49.000 -0.00376 18
-120.000   50.000 -0.00672 12
-119.000   25.000  0.01162 13
-119.000   26.000  0.00928 16
-119.000   27.000  0.00698 19
-119.000   28.000  0.00409 18
-119.000   29.000  0.00091 21
-119.000   30.000  0.00040 18
-119.000   31.000  0.00030 22
-119.000   32.000  0.00121 22
-119.000   33.000  0.00178 25
-119.000   34.000  0.00241 24
-119.000   35.000  0.00263 23
-119.000   36.000  0.00329 24
-119.000   37.000  0.00391 25
-119.000   38.000  0.00491 26
-119.000   39.000  0.00472 25
-119.000   40.000  0.00465 24
-119.000   41.000  0.00456 21
-119.000   42.000  0.00588 19
-119.000   43.000  0.00673 19
-119.000   44.000  0.00811 18
-119.000   45.000  0.00849 20
-119.000   46.000  0.00687 16
-119.000   47.000  0.00390 20
-119.000   48.000  0.00029 17
-119.000   49.000 -0.00225 20
-119.000   50.000 -0.00443 15
-118.000   25.000  0.01366 18
-118.000   26.000  0.01154 25
-118.000   27.000  0.00894 27
-118.000   28.000  0.00575 26
-118.000   29.000  0.00221 26
-118.000   30.000  0.00165 24
-118.000   31.000  0.00136 26
-118.000   32.000  0.00251 26
-118.000   33.000  0.00332 25
-118.000   34.000  0.00419 25
-118.000   35.000  0.00437 21
-118.000   36.000  0.00492 22
-118.000   37.000  0.00573 20
-118.000   38.000  0.00662 23
-118.000   39.000  0.00631 20
-118.000   40.000  0.00568 20
-118.000   41.000  0.00492 17
-118.000   42.000  0.00554 18
-118.000   43.000  0.00580 18
-118.000   44.000  0.00667 18
-118.000   45.000  0.00676 20
-118.000   46.000  0.00579 17
-118.000   47.000  0.00304 21
-118.000   48.000 -0.00002 16
-118.000   49.000 -0.00205 20
-118.000   50.000 -0.00335 12
-117.000   25.000  0.01414 13
-117.000   26.000  0.01248 19
-117.000   27.000  0.00984 21
-117.000   28.000  0.00681 21
-117.000   29.000  0.00318 23
-117.000   30.000  0.00257 22
-117.000   31.000  0.00206 26
-117.000   32.000  0.00340 26
-117.000   33.000  0.00449 27
-117.000   34.000  0.00580 26
-117.000   35.000  0.00600 24
-117.000   36.000  0.00646 24
-117.000   37.000  0.00715 22
-117.000   38.000  0.00769 23
-117.000   39.000  0.00730 21
-117.000   40.000  0.00651 21
-117.000   41.000  0.00552 19
-117.000   42.000  0.00552 20
-117.000   43.000  0.00525 20
-117.000   44.000  0.00552 19
-117.000   45.000  0.00530 20
-117.000   46.000  0.00465 17
-117.000   47.000  0.00233 23
-117.000   48.000  0.00001 18
-117.000   49.000 -0.00157 24
-117.000   50.000 -0.00232 15
-116.000   25.000  0.01178 18
-116.000   26.000  0.01087 25
-116.000   27.000  0.00895 28
-116.000   28.000  0.00691 27
-116.000   29.000  0.00427 29
-116.000   30.000  0.00380 28
-116.000   31.000  0.00317 30
-116.000   32.000  0.00420 28
-116.000   33.000  0.00501 27
-116.000   34.000  0.00621 26
-116.000   35.000  0.00642 22
-116.000   36.000  0.00697 21
-116.000   37.000  0.00781 18
-116.000   38.000  0.00837 20
-116.000   39.000  0.00824 19
-116.000   40.000  0.00733 19
-116.000   41.000  0.00638 18
-116.000   42.000  0.00597 18
-116.000   43.000  0.00539 19
-116.000   44.000  0.00489 18
-116.000   45.000  0.00405 20
-116.000   46.000  0.00323 18
-116.000   47.000  0.00098 24
-116.000   48.000 -0.00086 19
-116.000   49.000 -0.00209 23
-116.000   50.000 -0.00216 13
-115.000   25.000  0.00935 13
-115.000   26.000  0.00916 19
-115.000   27.000  0.00799 22
-115.000   28.000  0.00710 23
-115.000   29.000  0.00560 26
-115.000   30.000  0.00556 24
-115.000   31.000  0.00469 27
-115.000   32.000  0.00511 25
-115.000   33.000  0.00501 27
-115.000   34.000  0.00578 26
-115.000   35.000  0.00547 25
-115.000   36.000  0.00604 24
-115.000   37.000  0.00671 22
-115.000   38.000  0.00746 23
-115.000   39.000  0.00747 22
-115.000   40.000  0.00687 23
-115.000   41.000  0.00599 19
-115.000   42.000  0.00541 19
-115.000   43.000  0.00446 18
-115.000   44.000  0.00359 20
-115.000   45.000  0.00258 21
-115.000   46.000  0.00205 20
-115.000   47.000  0.00062 24
-115.000   48.000 -0.00017 22
-115.000   49.000 -0.00087 25
-115.000   50.000 -0.00048 17
-114.000   25.000  0.00653 16
-114.000   26.000  0.00657 22
-114.000   27.000  0.00641 27
-114.000   28.000  0.00653 27
-114.000   29.000  0.00647 30
-114.000   30.000  0.00700 28
-114.000   31.000  0.00644 30
-114.000   32.000  0.00624 28
-114.000   33.000  0.00532 28
-114.000   34.000  0.00532 26
-114.000   35.000  0.00461 24
-114.000   36.000  0.00494 23
-114.000   37.000  0.00529 22
-114.000   38.000  0.00605 22
-114.000   39.000  0.00640 21
-114.000   40.000  0.00624 20
-114.000   41.000  0.00599 18
-114.000   42.000  0.00578 16
-114.000   43.000  0.00497 16
-114.000   44.000  0.00365 16
-114.000   45.000  0.00212 19
-114.000   46.000  0.00110 18
-114.000   47.000  0.00009 22
-114.000   48.000  0.00026 20
-114.000   49.000  0.00008 21
-114.000   50.000  0.00122 13
-113.000   25.000  0.00307 14
-113.000   26.000  0.00339 19
-113.000   27.000  0.00405 23
-113.000   28.000  0.00529 24
-113.000   29.000  0.00666 27
-113.000   30.000  0.00786 25
-113.000   31.000  0.00781 27
-113.000   32.000  0.00742 25
-113.000   33.000  0.00588 25
-113.000   34.000  0.00507 23
-113.000   35.000  0.00390 23
-113.000   36.000  0.00386 24
-113.000   37.000  0.00371 24
-113.000   38.000  0.00407 24
-113.000   39.000  0.00447 21
-113.000   40.000  0.00449 22
-113.000   41.000  0.00475 18
-113.000   42.000  0.00486 20
-113.000   43.000  0.00448 18
-113.000   44.000  0.00332 21
-113.000   45.000  0.00196 20
-113.000   46.000  0.00088 21
-113.000   47.000  0.00047 21
-113.000   48.000  0.00178 23
-113.000   49.000  0.00217 22
-113.000   50.000  0.00384 19
-112.000   25.000 -0.00182 20
-112.000   26.000 -0.00115 24
-112.000   27.000  0.00045 27
-112.000   28.000  0.00290 26
-112.000   29.000  0.00595 29
-112.000   30.000  0.00771 29
-112.000   31.000  0.00840 29
-112.000   32.000  0.00796 28
-112.000   33.000  0.00645 26
-112.000   34.000  0.00517 25
-112.000   35.000  0.00404 24
-112.000   36.000  0.00374 24
-112.000   37.000  0.00320 25
-112.000   38.000  0.00274 23
-112.000   39.000  0.00241 21
-112.000   40.000  0.00181 19
-112.000   41.000  0.00256 17
-112.000   42.000  0.00348 17
-112.000   43.000  0.00429 17
-112.000   44.000  0.00384 17
-112.000   45.000  0.00268 18
-112.000   46.000  0.00068 17
-112.000   47.000 -0.00020 19
-112.000   48.000  0.00150 18
-112.000   49.000  0.00198 17
-112.000   50.000  0.00416 13
-111.000   25.000 -0.00480 19
-111.000   26.000 -0.00412 22
-111.000   27.000 -0.00253 24
-111.000   28.000 -0.00007 23
-111.000   29.000  0.00361 26
-111.000   30.000  0.00557 25
-111.000   31.000  0.00694 26
-111.000   32.000  0.00706 24
-111.000   33.000  0.00625 23
-111.000   34.000  0.00505 22
-111.000   35.000  0.00396 22
-111.000   36.000  0.00326 23
-111.000   37.000  0.00238 24
-111.000   38.000  0.00136 24
-111.000   39.000  0.00044 22
-111.000   40.000 -0.00062 23
-111.000   41.000  0.00039 19
-111.000   42.000  0.00182 21
-111.000   43.000  0.00345 18
-111.000   44.000  0.00372 21
-111.000   45.000  0.00302 20
-111.000   46.000  0.00068 21
-111.000   47.000 -0.00061 20
-111.000   48.000  0.00096 21
-111.000   49.000  0.00129 19
-111.000   50.000  0.00331 19
-110.000   25.000 -0.00514 23
-110.000   26.000 -0.00476 26
-110.000   27.000 -0.00353 27
-110.000   28.000 -0.00185 25
-110.000   29.000  0.00134 27
-110.000   30.000  0.00289 28
-110.000   31.000  0.00447 27
-110.000   32.000  0.00498 27
-110.000   33.000  0.00537 24
-110.000   34.000  0.00491 25
-110.000   35.000  0.00462 23
-110.000   36.000  0.00380 23
-110.000   37.000  0.00254 24
-110.000   38.000  0.00059 22
-110.000   39.000 -0.00141 21
-110.000   40.000 -0.00313 18
-110.000   41.000 -0.00183 17
-110.000   42.000  0.00040 16
-110.000   43.000  0.00331 16
-110.000   44.000  0.00456 16
-110.000   45.000  0.00421 18
-110.000   46.000  0.00113 17
-110.000   47.000 -0.00097 19
-110.000   48.000 -0.00033 16
-110.000   49.000 -0.00053 16
-110.000   50.000  0.00100 12
-109.000   25.000 -0.00303 19
-109.000   26.000 -0.00288 22
-109.000   27.000 -0.00242 23
-109.000   28.000 -0.00192 22
-109.000   29.000 -0.00020 24
-109.000   30.000  0.00040 24
-109.000   31.000  0.00129 24
-109.000   32.000  0.00175 23
-109.000   33.000  0.00273 21
-109.000   34.000  0.00316 21
-109.000   35.000  0.00375 20
-109.000   36.000  0.00346 21
-109.000   37.000  0.00245 22
-109.000   38.000  0.00048 22
-109.000   39.000 -0.00216 21
-109.000   40.000 -0.00431 22
-109.000   41.000 -0.00364 19
-109.000   42.000 -0.00155 21
-109.000   43.000  0.00163 18
-109.000   44.000  0.00378 21
-109.000   45.000  0.00453 20
-109.000   46.000  0.00189 21
-109.000   47.000 -0.00050 21
-109.000   48.000 -0.00126 20
-109.000   49.000 -0.00212 19
-109.000   50.000 -0.00232 18
-108.000   25.000  0.00053 23
-108.000   26.000  0.00054 26
-108.000   27.000  0.00037 27
-108.000   28.000 -0.00004 26
-108.000   29.000  0.00017 26
-108.000   30.000 -0.00033 27
-108.000   31.000 -0.00077 25
-108.000   32.000 -0.00113 27
-108.000   33.000 -0.00023 23
-108.000   34.000  0.00076 24
-108.000   35.000  0.00209 21
-108.000   36.000  0.00256 21
-108.000   37.000  0.00184 21
-108.000   38.000  0.00001 19
-108.000   39.000 -0.00333 20
-108.000   40.000 -0.00554 18
-108.000   41.000 -0.00544 18
-108.000   42.000 -0.00323 17
-108.000   43.000  0.00031 17
-108.000   44.000  0.00348 17
-108.000   45.000  0.00518 17
-108.000   46.000  0.00291 16
-108.000   47.000  0.00038 17
-108.000   48.000 -0.00194 14
-108.000   49.000 -0.00356 15
-108.000   50.000 -0.00568 12
-107.000   25.000  0.00382 19
-107.000   26.000  0.00391 22
-107.000   27.000  0.00320 23
-107.000   28.000  0.00244 23
-107.000   29.000  0.00159 23
-107.000   30.000  0.00034 23
-107.000   31.000 -0.00129 22
-107.000   32.000 -0.00256 23
-107.000   33.000 -0.00263 22
-107.000   34.000 -0.00204 22
-107.000   35.000 -0.00108 22
-107.000   36.000 -0.00048 22
-107.000   37.000 -0.00091 23
-107.000   38.000 -0.00181 22
-107.000   39.000 -0.00449 23
-107.000   40.000 -0.00588 24
-107.000   41.000 -0.00613 22
-107.000   42.000 -0.00424 23
-107.000   43.000 -0.00130 21
-107.000   44.000  0.00206 23
-107.000   45.000  0.00469 20
-107.000   46.000  0.00357 20
-107.000   47.000  0.00159 18
-107.000   48.000 -0.00191 19
-107.000   49.000 -0.00395 18
-107.000   50.000 -0.00801 19
-106.000   25.000  0.00617 22
-106.000   26.000  0.00627 27
-106.000   27.000  0.00547 27
-106.000   28.000  0.00485 28
-106.000   29.000  0.00357 26
-106.000   30.000  0.00203 27
-106.000   31.000 -0.00015 24
-106.000   32.000 -0.00212 27
-106.000   33.000 -0.00301 23
-106.000   34.000 -0.00332 23
-106.000   35.000 -0.00303 20
-106.000   36.000 -0.00301 21
-106.000   37.000 -0.00362 23
-106.000   38.000 -0.00445 23
-106.000   39.000 -0.00659 24
-106.000   40.000 -0.00745 21
-106.000   41.000 -0.00771 20
-106.000   42.000 -0.00597 18
-106.000   43.000 -0.00330 18
-106.000   44.000  0.00027 17
-106.000   45.000  0.00380 16
-106.000   46.000  0.00386 14
-106.000   47.000  0.00276 14
-106.000   48.000 -0.00104 13
-106.000   49.000 -0.00309 15
-106.000   50.000 -0.00800 13
-105.000   25.000  0.00534 18
-105.000   26.000  0.00564 23
-105.000   27.000  0.00509 22
-105.000   28.000  0.00533 23
-105.000   29.000  0.00471 22
-105.000   30.000  0.00391 23
-105.000   31.000  0.00232 22
-105.000   32.000  0.00054 23
-105.000   33.000 -0.00122 22
-105.000   34.000 -0.00281 22
-105.000   35.000 -0.00402 22
-105.000   36.000 -0.00506 23
-105.000   37.000 -0.00602 25
-105.000   38.000 -0.00648 26
-105.000   39.000 -0.00775 26
-105.000   40.000 -0.00830 26
-105.000   41.000 -0.00883 23
-105.000   42.000 -0.00778 23
-105.000   43.000 -0.00600 21
-105.000   44.000 -0.00268 22
-105.000   45.000  0.00171 19
-105.000   46.000  0.00311 18
-105.000   47.000  0.00291 17
-105.000   48.000 -0.00047 21
-105.000   49.000 -0.00224 21
-105.000   50.000 -0.00741 22
-104.000   25.000  0.00471 20
-104.000   26.000  0.00490 28
-104.000   27.000  0.00449 23
-104.000   28.000  0.00510 28
-104.000   29.000  0.00489 23
-104.000   30.000  0.00459 28
-104.000   31.000  0.00377 23
-104.000   32.000  0.00246 27
-104.000   33.000  0.00048 22
-104.000   34.000 -0.00182 24
-104.000   35.000 -0.00405 21
-104.000   36.000 -0.00616 23
-104.000   37.000 -0.00749 24
-104.000   38.000 -0.00799 26
-104.000   39.000 -0.00857 25
-104.000   40.000 -0.00895 22
-104.000   41.000 -0.00941 18
-104.000   42.000 -0.00886 16
-104.000   43.000 -0.00774 16
-104.000   44.000 -0.00493 15
-104.000   45.000 -0.00034 15
-104.000   46.000  0.00201 12
-104.000   47.000  0.00278 14
-104.000   48.000  0.00049 14
-104.000   49.000 -0.00069 17
-104.000   50.000 -0.00496 15
-103.000   25.000  0.00230 17
-103.000   26.000  0.00228 23
-103.000   27.000  0.00198 21
-103.000   28.000  0.00288 24
-103.000   29.000  0.00336 20
-103.000   30.000  0.00417 23
-103.000   31.000  0.00480 20
-103.000   32.000  0.00477 24
-103.000   33.000  0.00292 23
-103.000   34.000  0.00017 26
-103.000   35.000 -0.00344 25
-103.000   36.000 -0.00668 26
-103.000   37.000 -0.00856 26
-103.000   38.000 -0.00867 27
-103.000   39.000 -0.00830 26
-103.000   40.000 -0.00822 25
-103.000   41.000 -0.00841 21
-103.000   42.000 -0.00830 20
-103.000   43.000 -0.00816 20
-103.000   44.000 -0.00637 22
-103.000   45.000 -0.00225 21
-103.000   46.000  0.00051 20
-103.000   47.000  0.00179 19
-103.000   48.000  0.00085 23
-103.000   49.000  0.00027 22
-103.000   50.000 -0.00256 24
-102.000   25.000  0.00200 19
-102.000   26.000  0.00149 29
-102.000   27.000  0.00093 22
-102.000   28.000  0.00105 29
-102.000   29.000  0.00106 21
-102.000   30.000  0.00185 27
-102.000   31.000  0.00323 19
-102.000   32.000  0.00411 26
-102.000   33.000  0.00306 21
-102.000   34.000  0.00078 27
-102.000   35.000 -0.00282 23
-102.000   36.000 -0.00627 27
-102.000   37.000 -0.00815 25
-102.000   38.000 -0.00794 27
-102.000   39.000 -0.00678 24
-102.000   40.000 -0.00613 22
-102.000   41.000 -0.00626 19
-102.000   42.000 -0.00687 16
-102.000   43.000 -0.00778 17
-102.000   44.000 -0.00713 15
-102.000   45.000 -0.00394 19
-102.000   46.000 -0.00088 16
-102.000   47.000  0.00125 18
-102.000   48.000  0.00174 15
-102.000   49.000  0.00190 17
-102.000   50.000  0.00056 15
-101.000   25.000  0.00056 18
-101.000   26.000 -0.00051 23
-101.000   27.000 -0.00129 22
-101.000   28.000 -0.00161 23
-101.000   29.000 -0.00142 21
-101.000   30.000  0.00019 23
-101.000   31.000  0.00272 20
-101.000   32.000  0.00483 24
-101.000   33.000  0.00449 22
-101.000   34.000  0.00269 27
-101.000   35.000 -0.00122 25
-101.000   36.000 -0.00472 28
-101.000   37.000 -0.00667 26
-101.000   38.000 -0.00602 27
-101.000   39.000 -0.00457 25
-101.000   40.000 -0.00357 25
-101.000   41.000 -0.00396 23
-101.000   42.000 -0.00503 20
-101.000   43.000 -0.00698 20
-101.000   44.000 -0.00718 21
-101.000   45.000 -0.00502 24
-101.000   46.000 -0.00215 24
-101.000   47.000  0.00003 22
-101.000   48.000  0.00149 24
-101.000   49.000  0.00189 22
-101.000   50.000  0.00157 24
-100.000   25.000  0.00140 20
-100.000   26.000 -0.00032 29
-100.000   27.000 -0.00169 21
-100.000   28.000 -0.00317 27
-100.000   29.000 -0.00370 21
-100.000   30.000 -0.00246 27
-100.000   31.000  0.00027 20
-100.000   32.000  0.00281 26
-100.000   33.000  0.00338 20
-100.000   34.000  0.00229 27
-100.000   35.000 -0.00091 22
-100.000   36.000 -0.00401 28
-100.000   37.000 -0.00558 23
-100.000   38.000 -0.00475 26
-100.000   39.000 -0.00296 22
-100.000   40.000 -0.00151 22
-100.000   41.000 -0.00195 20
-100.000   42.000 -0.00341 16
-100.000   43.000 -0.00605 18
-100.000   44.000 -0.00697 15
-100.000   45.000 -0.00567 20
-100.000   46.000 -0.00266 16
-100.000   47.000  0.00017 19
-100.000   48.000  0.00263 16
-100.000   49.000  0.00356 18
-100.000   50.000  0.00405 15
 -99.000   25.000 -0.00014 18
 -99.000   26.000 -0.00263 23
 -99.000   27.000 -0.00415 22
 -99.000   28.000 -0.00577 23
 -99.000   29.000 -0.00533 22
 -99.000   30.000 -0.00259 24
 -99.000   31.000  0.00163 22
 -99.000   32.000  0.00534 25
 -99.000   33.000  0.00641 23
 -99.000   34.000  0.00491 27
 -99.000   35.000  0.00089 23
 -99.000   36.000 -0.00295 26
 -99.000   37.000 -0.00505 23
 -99.000   38.000 -0.00465 26
 -99.000   39.000 -0.00290 24
 -99.000   40.000 -0.00142 23
 -99.000   41.000 -0.00169 20
 -99.000   42.000 -0.00323 18
 -99.000   43.000 -0.00584 21
 -99.000   44.000 -0.00681 22
 -99.000   45.000 -0.00571 22
 -99.000   46.000 -0.00274 21
 -99.000   47.000  0.00022 21
 -99.000   48.000  0.00285 25
 -99.000   49.000  0.00379 23
 -99.000   50.000  0.00441 24
 -98.000   25.000  0.00007 18
 -98.000   26.000 -0.00247 28
 -98.000   27.000 -0.00402 21
 -98.000   28.000 -0.00571 29
 -98.000   29.000 -0.00513 22
 -98.000   30.000 -0.00221 28
 -98.000   31.000  0.00217 21
 -98.000   32.000  0.00599 27
 -98.000   33.000  0.00748 21
 -98.000   34.000  0.00589 26
 -98.000   35.000  0.00195 20
 -98.000   36.000 -0.00239 25
 -98.000   37.000 -0.00492 21
 -98.000   38.000 -0.00540 25
 -98.000   39.000 -0.00391 22
 -98.000   40.000 -0.00247 21
 -98.000   41.000 -0.00237 18
 -98.000   42.000 -0.00371 17
 -98.000   43.000 -0.00586 19
 -98.000   44.000 -0.00665 16
 -98.000   45.000 -0.00534 16
 -98.000   46.000 -0.00219 13
 -98.000   47.000  0.00128 17
 -98.000   48.000  0.00386 16
 -98.000   49.000  0.00507 18
 -98.000   50.000  0.00553 15
 -97.000   25.000 -0.00046 16
 -97.000   26.000 -0.00329 22
 -97.000   27.000 -0.00465 20
 -97.000   28.000 -0.00582 22
 -97.000   29.000 -0.00405 20
 -97.000   30.000  0.00044 23
 -97.000   31.000  0.00596 22
 -97.000   32.000  0.01053 25
 -97.000   33.000  0.01204 23
 -97.000   34.000  0.00974 25
 -97.000   35.000  0.00465 23
 -97.000   36.000 -0.00097 25
 -97.000   37.000 -0.00465 24
 -97.000   38.000 -0.00632 26
 -97.000   39.000 -0.00548 25
 -97.000   40.000 -0.00448 24
 -97.000   41.000 -0.00391 21
 -97.000   42.000 -0.00477 20
 -97.000   43.000 -0.00602 20
 -97.000   44.000 -0.00634 19
 -97.000   45.000 -0.00442 18
 -97.000   46.000 -0.00145 20
 -97.000   47.000  0.00176 21
 -97.000   48.000  0.00356 25
 -97.000   49.000  0.00461 22
 -97.000   50.000  0.00450 24
 -96.000   25.000  0.00035 17
 -96.000   26.000 -0.00196 25
 -96.000   27.000 -0.00304 20
 -96.000   28.000 -0.00376 25
 -96.000   29.000 -0.00186 21
 -96.000   30.000  0.00257 27
 -96.000   31.000  0.00742 23
 -96.000   32.000  0.01155 27
 -96.000   33.000  0.01285 22
 -96.000   34.000  0.01085 25
 -96.000   35.000  0.00609 22
 -96.000   36.000  0.00053 25
 -96.000   37.000 -0.00368 23
 -96.000   38.000 -0.00635 25
 -96.000   39.000 -0.00656 23
 -96.000   40.000 -0.00613 23
 -96.000   41.000 -0.00522 20
 -96.000   42.000 -0.00545 19
 -96.000   43.000 -0.00566 17
 -96.000   44.000 -0.00553 15
 -96.000   45.000 -0.00317 15
 -96.000   46.000 -0.00052 15
 -96.000   47.000  0.00265 17
 -96.000   48.000  0.00382 16
 -96.000   49.000  0.00497 17
 -96.000   50.000  0.00447 15
 -95.000   25.000  0.00112 16
 -95.000   26.000 -0.00126 20
 -95.000   27.000 -0.00209 21
 -95.000   28.000 -0.00230 19
 -95.000   29.000  0.00032 20
 -95.000   30.000  0.00555 21
 -95.000   31.000  0.01068 22
 -95.000   32.000  0.01494 23
 -95.000   33.000  0.01569 22
 -95.000   34.000  0.01335 23
 -95.000   35.000  0.00786 23
 -95.000   36.000  0.00208 24
 -95.000   37.000 -0.00265 24
 -95.000   38.000 -0.00561 24
 -95.000   39.000 -0.00627 24
 -95.000   40.000 -0.00602 23
 -95.000   41.000 -0.00480 21
 -95.000   42.000 -0.00456 19
 -95.000   43.000 -0.00412 18
 -95.000   44.000 -0.00380 18
 -95.000   45.000 -0.00146 18
 -95.000   46.000  0.00042 20
 -95.000   47.000  0.00286 20
 -95.000   48.000  0.00309 23
 -95.000   49.000  0.00388 21
 -95.000   50.000  0.00306 22
 -94.000   25.000  0.00252 19
 -94.000   26.000  0.00078 23
 -94.000   27.000  0.00020 25
 -94.000   28.000  0.00034 25
 -94.000   29.000  0.00249 24
 -94.000   30.000  0.00683 26
 -94.000   31.000  0.01049 24
 -94.000   32.000  0.01379 27
 -94.000   33.000  0.01400 23
 -94.000   34.000  0.01251 25
 -94.000   35.000  0.00801 22
 -94.000   36.000  0.00381 23
 -94.000   37.000 -0.00038 21
 -94.000   38.000 -0.00308 21
 -94.000   39.000 -0.00442 21
 -94.000   40.000 -0.00449 20
 -94.000   41.000 -0.00355 19
 -94.000   42.000 -0.00307 18
 -94.000   43.000 -0.00231 16
 -94.000   44.000 -0.00188 16
 -94.000   45.000  0.00004 15
 -94.000   46.000  0.00114 16
 -94.000   47.000  0.00309 15
 -94.000   48.000  0.00305 14
 -94.000   49.000  0.00373 15
 -94.000   50.000  0.00308 13
 -93.000   25.000  0.00317 18
 -93.000   26.000  0.00132 19
 -93.000   27.000  0.00094 24
 -93.000   28.000  0.00122 20
 -93.000   29.000  0.00362 22
 -93.000   30.000  0.00792 21
 -93.000   31.000  0.01129 21
 -93.000   32.000  0.01416 22
 -93.000   33.000  0.01383 19
 -93.000   34.000  0.01222 21
 -93.000   35.000  0.00771 21
 -93.000   36.000  0.00431 22
 -93.000   37.000  0.00074 22
 -93.000   38.000 -0.00127 22
 -93.000   39.000 -0.00227 24
 -93.000   40.000 -0.00220 23
 -93.000   41.000 -0.00129 21
 -93.000   42.000 -0.00076 19
 -93.000   43.000 -0.00008 17
 -93.000   44.000  0.00005 18
 -93.000   45.000  0.00126 17
 -93.000   46.000  0.00160 21
 -93.000   47.000  0.00275 19
 -93.000   48.000  0.00246 22
 -93.000   49.000  0.00285 20
 -93.000   50.000  0.00259 21
 -92.000   25.000  0.00174 21
 -92.000   26.000  0.00040 22
 -92.000   27.000  0.00032 27
 -92.000   28.000  0.00073 24
 -92.000   29.000  0.00283 27
 -92.000   30.000  0.00612 27
 -92.000   31.000  0.00854 25
 -92.000   32.000  0.01067 26
 -92.000   33.000  0.01043 22
 -92.000   34.000  0.00966 25
 -92.000   35.000  0.00662 22
 -92.000   36.000  0.00489 23
 -92.000   37.000  0.00240 21
 -92.000   38.000  0.00106 22
 -92.000   39.000  0.00001 22
 -92.000   40.000 -0.00023 22
 -92.000   41.000  0.00006 20
 -92.000   42.000  0.00043 19
 -92.000   43.000  0.00089 16
 -92.000   44.000  0.00085 17
 -92.000   45.000  0.00126 15
 -92.000   46.000  0.00120 19
 -92.000   47.000  0.00193 16
 -92.000   48.000  0.00194 16
 -92.000   49.000  0.00224 15
 -92.000   50.000  0.00274 14
 -91.000   25.000 -0.00065 16
 -91.000   26.000 -0.00151 17
 -91.000   27.000 -0.00113 23
 -91.000   28.000 -0.00021 19
 -91.000   29.000  0.00239 25
 -91.000   30.000  0.00567 23
 -91.000   31.000  0.00809 23
 -91.000   32.000  0.00968 21
 -91.000   33.000  0.00920 19
 -91.000   34.000  0.00796 21
 -91.000   35.000  0.00497 20
 -91.000   36.000  0.00326 22
 -91.000   37.000  0.00156 23
 -91.000   38.000  0.00084 25
 -91.000   39.000  0.00082 25
 -91.000   40.000  0.00081 25
 -91.000   41.000  0.00113 22
 -91.000   42.000  0.00127 21
 -91.000   43.000  0.00139 18
 -91.000   44.000  0.00098 20
 -91.000   45.000  0.00077 17
 -91.000   46.000  0.00056 22
 -91.000   47.000  0.00083 19
 -91.000   48.000  0.00093 23
 -91.000   49.000  0.00099 20
 -91.000   50.000  0.00203 21
 -90.000   25.000 -0.00353 19
 -90.000   26.000 -0.00344 20
 -90.000   27.000 -0.00264 26
 -90.000   28.000 -0.00130 23
 -90.000   29.000  0.00114 29
 -90.000   30.000  0.00360 28
 -90.000   31.000  0.00523 28
 -90.000   32.000  0.00599 26
 -90.000   33.000  0.00577 23
 -90.000   34.000  0.00494 25
 -90.000   35.000  0.00318 23
 -90.000   36.000  0.00216 25
 -90.000   37.000  0.00138 23
 -90.000   38.000  0.00088 23
 -90.000   39.000  0.00105 21
 -90.000   40.000  0.00076 21
 -90.000   41.000  0.00078 20
 -90.000   42.000  0.00076 20
 -90.000   43.000  0.00070 18
 -90.000   44.000  0.00012 18
 -90.000   45.000 -0.00055 15
 -90.000   46.000 -0.00081 17
 -90.000   47.000 -0.00078 16
 -90.000   48.000 -0.00042 17
 -90.000   49.000 -0.00034 16
 -90.000   50.000  0.00119 14
 -89.000   25.000 -0.00524 14
 -89.000   26.000 -0.00406 16
 -89.000   27.000 -0.00289 21
 -89.000   28.000 -0.00090 18
 -89.000   29.000  0.00178 24
 -89.000   30.000  0.00423 23
 -89.000   31.000  0.00564 25
 -89.000   32.000  0.00581 21
 -89.000   33.000  0.00541 20
 -89.000   34.000  0.00395 21
 -89.000   35.000  0.00193 22
 -89.000   36.000  0.00006 24
 -89.000   37.000 -0.00038 23
 -89.000   38.000 -0.00079 24
 -89.000   39.000  0.00019 23
 -89.000   40.000  0.00016 25
 -89.000   41.000  0.00052 23
 -89.000   42.000  0.00051 23
 -89.000   43.000  0.00035 20
 -89.000   44.000 -0.00036 21
 -89.000   45.000 -0.00118 17
 -89.000   46.000 -0.00136 20
 -89.000   47.000 -0.00165 18
 -89.000   48.000 -0.00144 23
 -89.000   49.000 -0.00158 20
 -89.000   50.000  0.00005 21
 -88.000   25.000 -0.00477 18
 -88.000   26.000 -0.00310 19
 -88.000   27.000 -0.00210 24
 -88.000   28.000 -0.00031 22
 -88.000   29.000  0.00165 28
 -88.000   30.000  0.00321 28
 -88.000   31.000  0.00405 29
 -88.000   32.000  0.00382 26
 -88.000   33.000  0.00371 24
 -88.000   34.000  0.00251 25
 -88.000   35.000  0.00113 24
 -88.000   36.000 -0.00064 25
 -88.000   37.000 -0.00061 23
 -88.000   38.000 -0.00084 24
 -88.000   39.000  0.00016 22
 -88.000   40.000  0.00002 23
 -88.000   41.000  0.00021 21
 -88.000   42.000  0.00019 21
 -88.000   43.000  0.00014 19
 -88.000   44.000 -0.00026 18
 -88.000   45.000 -0.00096 16
 -88.000   46.000 -0.00118 16
 -88.000   47.000 -0.00184 18
 -88.000   48.000 -0.00208 19
 -88.000   49.000 -0.00259 19
 -88.000   50.000 -0.00131 15
 -87.000   25.000 -0.00075 14
 -87.000   26.000  0.00111 16
 -87.000   27.000  0.00149 19
 -87.000   28.000  0.00257 17
 -87.000   29.000  0.00337 23
 -87.000   30.000  0.00398 23
 -87.000   31.000  0.00435 26
 -87.000   32.000  0.00409 22
 -87.000   33.000  0.00419 23
 -87.000   34.000  0.00302 22
 -87.000   35.000  0.00145 23
 -87.000   36.000 -0.00089 22
 -87.000   37.000 -0.00090 22
 -87.000   38.000 -0.00096 24
 -87.000   39.000  0.00023 24
 -87.000   40.000  0.00038 26
 -87.000   41.000  0.00073 23
 -87.000   42.000  0.00077 24
 -87.000   43.000  0.00081 22
 -87.000   44.000  0.00074 24
 -87.000   45.000  0.00045 19
 -87.000   46.000  0.00011 21
 -87.000   47.000 -0.00099 19
 -87.000   48.000 -0.00196 24
 -87.000   49.000 -0.00300 22
 -87.000   50.000 -0.00253 20
 -86.000   25.000  0.00453 18
 -86.000   26.000  0.00518 19
 -86.000   27.000  0.00440 22
 -86.000   28.000  0.00355 20
 -86.000   29.000  0.00245 26
 -86.000   30.000  0.00130 26
 -86.000   31.000  0.00139 30
 -86.000   32.000  0.00134 27
 -86.000   33.000  0.00226 27
 -86.000   34.000  0.00188 25
 -86.000   35.000  0.00126 24
 -86.000   36.000 -0.00042 23
 -86.000   37.000 -0.00008 22
 -86.000   38.000  0.00032 24
 -86.000   39.000  0.00128 24
 -86.000   40.000  0.00143 25
 -86.000   41.000  0.00150 23
 -86.000   42.000  0.00146 23
 -86.000   43.000  0.00161 23
 -86.000   44.000  0.00190 22
 -86.000   45.000  0.00202 20
 -86.000   46.000  0.00144 18
 -86.000   47.000 -0.00009 19
 -86.000   48.000 -0.00197 19
 -86.000   49.000 -0.00349 20
 -86.000   50.000 -0.00408 14
 -85.000   25.000  0.00920 15
 -85.000   26.000  0.00876 18
 -85.000   27.000  0.00703 19
 -85.000   28.000  0.00470 16
 -85.000   29.000  0.00201 20
 -85.000   30.000 -0.00037 20
 -85.000   31.000 -0.00021 25
 -85.000   32.000  0.00038 21
 -85.000   33.000  0.00223 23
 -85.000   34.000  0.00264 21
 -85.000   35.000  0.00253 24
 -85.000   36.000  0.00101 22
 -85.000   37.000  0.00108 22
 -85.000   38.000  0.00144 23
 -85.000   39.000  0.00197 23
 -85.000   40.000  0.00207 25
 -85.000   41.000  0.00191 23
 -85.000   42.000  0.00174 25
 -85.000   43.000  0.00199 26
 -85.000   44.000  0.00264 26
 -85.000   45.000  0.00334 24
 -85.000   46.000  0.00288 21
 -85.000   47.000  0.00140 19
 -85.000   48.000 -0.00107 18
 -85.000   49.000 -0.00290 19
 -85.000   50.000 -0.00432 16
 -84.000   25.000  0.01113 20
 -84.000   26.000  0.00906 23
 -84.000   27.000  0.00677 24
 -84.000   28.000  0.00293 21
 -84.000   29.000 -0.00072 24
 -84.000   30.000 -0.00392 25
 -84.000   31.000 -0.00332 28
 -84.000   32.000 -0.00231 25
 -84.000   33.000  0.00036 25
 -84.000   34.000  0.00160 24
 -84.000   35.000  0.00254 25
 -84.000   36.000  0.00187 24
 -84.000   37.000  0.00214 24
 -84.000   38.000  0.00260 25
 -84.000   39.000  0.00281 24
 -84.000   40.000  0.00268 25
 -84.000   41.000  0.00219 24
 -84.000   42.000  0.00165 25
 -84.000   43.000  0.00178 26
 -84.000   44.000  0.00232 23
 -84.000   45.000  0.00331 25
 -84.000   46.000  0.00295 20
 -84.000   47.000  0.00180 21
 -84.000   48.000 -0.00080 14
 -84.000   49.000 -0.00250 17
 -84.000   50.000 -0.00441 12
 -83.000   25.000  0.00929 16
 -83.000   26.000  0.00679 18
 -83.000   27.000  0.00481 20
 -83.000   28.000  0.00109 16
 -83.000   29.000 -0.00215 19
 -83.000   30.000 -0.00473 18
 -83.000   31.000 -0.00327 21
 -83.000   32.000 -0.00181 20
 -83.000   33.000  0.00109 22
 -83.000   34.000  0.00242 23
 -83.000   35.000  0.00319 25
 -83.000   36.000  0.00231 24
 -83.000   37.000  0.00216 25
 -83.000   38.000  0.00244 24
 -83.000   39.000  0.00247 23
 -83.000   40.000  0.00228 23
 -83.000   41.000  0.00167 23
 -83.000   42.000  0.00078 24
 -83.000   43.000  0.00052 25
 -83.000   44.000  0.00069 21
 -83.000   45.000  0.00187 24
 -83.000   46.000  0.00177 19
 -83.000   47.000  0.00134 22
 -83.000   48.000 -0.00075 15
 -83.000   49.000 -0.00194 18
 -83.000   50.000 -0.00385 13
 -82.000   25.000  0.00532 20
 -82.000   26.000  0.00241 23
 -82.000   27.000  0.00091 25
 -82.000   28.000 -0.00261 22
 -82.000   29.000 -0.00494 24
 -82.000   30.000 -0.00657 23
 -82.000   31.000 -0.00415 25
 -82.000   32.000 -0.00247 26
 -82.000   33.000  0.00054 26
 -82.000   34.000  0.00163 28
 -82.000   35.000  0.00243 27
 -82.000   36.000  0.00160 28
 -82.000   37.000  0.00165 28
 -82.000   38.000  0.00199 28
 -82.000   39.000  0.00227 27
 -82.000   40.000  0.00201 27
 -82.000   41.000  0.00142 26
 -82.000   42.000  0.00020 25
 -82.000   43.000 -0.00041 25
 -82.000   44.000 -0.00078 22
 -82.000   45.000  0.00027 26
 -82.000   46.000  0.00026 21
 -82.000   47.000  0.00042 23
 -82.000   48.000 -0.00103 15
 -82.000   49.000 -0.00163 18
 -82.000   50.000 -0.00317 12
 -81.000   25.000  0.00067 15
 -81.000   26.000 -0.00147 16
 -81.000   27.000 -0.00224 20
 -81.000   28.000 -0.00443 15
 -81.000   29.000 -0.00511 18
 -81.000   30.000 -0.00511 14
 -81.000   31.000 -0.00184 19
 -81.000   32.000  0.00028 21
 -81.000   33.000  0.00302 24
 -81.000   34.000  0.00319 25
 -81.000   35.000  0.00262 24
 -81.000   36.000  0.00073 25
 -81.000   37.000  0.00037 25
 -81.000   38.000  0.00085 24
 -81.000   39.000  0.00178 23
 -81.000   40.000  0.00197 21
 -81.000   41.000  0.00168 21
 -81.000   42.000  0.00014 19
 -81.000   43.000 -0.00106 20
 -81.000   44.000 -0.00206 18
 -81.000   45.000 -0.00116 21
 -81.000   46.000 -0.00102 18
 -81.000   47.000 -0.00019 19
 -81.000   48.000 -0.00084 16
 -81.000   49.000 -0.00099 17
 -81.000   50.000 -0.00210 14
 -80.000   25.000 -0.00340 20
 -80.000   26.000 -0.00518 25
 -80.000   27.000 -0.00537 26
 -80.000   28.000 -0.00663 24
 -80.000   29.000 -0.00570 23
 -80.000   30.000 -0.00443 21
 -80.000   31.000 -0.00053 22
 -80.000   32.000  0.00164 25
 -80.000   33.000  0.00395 25
 -80.000   34.000  0.00325 27
 -80.000   35.000  0.00197 24
 -80.000   36.000 -0.00031 27
 -80.000   37.000 -0.00048 26
 -80.000   38.000  0.00009 28
 -80.000   39.000  0.00160 26
 -80.000   40.000  0.00191 25
 -80.000   41.000  0.00181 23
 -80.000   42.000  0.00002 22
 -80.000   43.000 -0.00140 23
 -80.000   44.000 -0.00273 23
 -80.000   45.000 -0.00203 25
 -80.000   46.000 -0.00190 21
 -80.000   47.000 -0.00070 22
 -80.000   48.000 -0.00072 17
 -80.000   49.000 -0.00058 19
 -80.000   50.000 -0.00130 13
 -79.000   25.000 -0.00607 17
 -79.000   26.000 -0.00746 18
 -79.000   27.000 -0.00721 21
 -79.000   28.000 -0.00748 16
 -79.000   29.000 -0.00510 18
 -79.000   30.000 -0.00275 13
 -79.000   31.000  0.00185 16
 -79.000   32.000  0.00437 18
 -79.000   33.000  0.00636 21
 -79.000   34.000  0.00465 22
 -79.000   35.000  0.00203 20
 -79.000   36.000 -0.00131 22
 -79.000   37.000 -0.00185 21
 -79.000   38.000 -0.00113 21
 -79.000   39.000  0.00116 20
 -79.000   40.000  0.00227 18
 -79.000   41.000  0.00262 18
 -79.000   42.000  0.00077 16
 -79.000   43.000 -0.00089 18
 -79.000   44.000 -0.00252 18
 -79.000   45.000 -0.00230 19
 -79.000   46.000 -0.00265 17
 -79.000   47.000 -0.00159 17
 -79.000   48.000 -0.00149 17
 -79.000   49.000 -0.00173 18
 -79.000   50.000 -0.00248 16
 -78.000   25.000 -0.00627 21
 -78.000   26.000 -0.00782 26
 -78.000   27.000 -0.00774 25
 -78.000   28.000 -0.00821 24
 -78.000   29.000 -0.00550 23
 -78.000   30.000 -0.00314 22
 -78.000   31.000  0.00154 20
 -78.000   32.000  0.00412 23
 -78.000   33.000  0.00622 22
 -78.000   34.000  0.00431 26
 -78.000   35.000  0.00181 22
 -78.000   36.000 -0.00154 26
 -78.000   37.000 -0.00197 23
 -78.000   38.000 -0.00135 26
 -78.000   39.000  0.00112 24
 -78.000   40.000  0.00237 26
 -78.000   41.000  0.00290 24
 -78.000   42.000  0.00126 23
 -78.000   43.000 -0.00015 23
 -78.000   44.000 -0.00168 21
 -78.000   45.000 -0.00186 23
 -78.000   46.000 -0.00264 18
 -78.000   47.000 -0.00198 22
 -78.000   48.000 -0.00238 16
 -78.000   49.000 -0.00308 22
 -78.000   50.000 -0.00402 15
 -77.000   25.000 -0.00640 18
 -77.000   26.000 -0.00784 19
 -77.000   27.000 -0.00751 21
 -77.000   28.000 -0.00743 16
 -77.000   29.000 -0.00412 20
 -77.000   30.000 -0.00142 16
 -77.000   31.000  0.00302 19
 -77.000   32.000  0.00530 18
 -77.000   33.000  0.00688 20
 -77.000   34.000  0.00444 20
 -77.000   35.000  0.00139 19
 -77.000   36.000 -0.00215 20
 -77.000   37.000 -0.00266 19
 -77.000   38.000 -0.00189 19
 -77.000   39.000  0.00108 19
 -77.000   40.000  0.00315 19
 -77.000   41.000  0.00410 18
 -77.000   42.000  0.00259 16
 -77.000   43.000  0.00129 17
 -77.000   44.000 -0.00015 16
 -77.000   45.000 -0.00071 18
 -77.000   46.000 -0.00198 16
 -77.000   47.000 -0.00222 17
 -77.000   48.000 -0.00385 15
 -77.000   49.000 -0.00574 17
 -77.000   50.000 -0.00779 16
 -76.000   25.000 -0.00503 20
 -76.000   26.000 -0.00646 26
 -76.000   27.000 -0.00601 24
 -76.000   28.000 -0.00590 25
 -76.000   29.000 -0.00291 24
 -76.000   30.000 -0.00080 26
 -76.000   31.000  0.00247 24
 -76.000   32.000  0.00372 25
 -76.000   33.000  0.00475 21
 -76.000   34.000  0.00257 23
 -76.000   35.000  0.00053 19
 -76.000   36.000 -0.00188 23
 -76.000   37.000 -0.00192 20
 -76.000   38.000 -0.00138 24
 -76.000   39.000  0.00109 21
 -76.000   40.000  0.00296 25
 -76.000   41.000  0.00378 21
 -76.000   42.000  0.00261 23
 -76.000   43.000  0.00169 20
 -76.000   44.000  0.00077 19
 -76.000   45.000  0.00009 21
 -76.000   46.000 -0.00122 18
 -76.000   47.000 -0.00205 23
 -76.000   48.000 -0.00464 16
 -76.000   49.000 -0.00717 20
 -76.000   50.000 -0.00987 14
 -75.000   25.000 -0.00374 18
 -75.000   26.000 -0.00437 22
 -75.000   27.000 -0.00330 22
 -75.000   28.000 -0.00240 19
 -75.000   29.000  0.00055 20
 -75.000   30.000  0.00234 18
 -75.000   31.000  0.00395 20
 -75.000   32.000  0.00361 19
 -75.000   33.000  0.00325 19
 -75.000   34.000  0.00058 18
 -75.000   35.000 -0.00154 17
 -75.000   36.000 -0.00353 17
 -75.000   37.000 -0.00345 17
 -75.000   38.000 -0.00259 18
 -75.000   39.000  0.00011 17
 -75.000   40.000  0.00280 18
 -75.000   41.000  0.00412 15
 -75.000   42.000  0.00341 16
 -75.000   43.000  0.00265 14
 -75.000   44.000  0.00195 15
 -75.000   45.000  0.00120 17
 -75.000   46.000 -0.00026 18
 -75.000   47.000 -0.00166 21
 -75.000   48.000 -0.00520 19
 -75.000   49.000 -0.00839 17
 -75.000   50.000 -0.01208 15
 -74.000   25.000 -0.00118 21
 -74.000   26.000 -0.00109 30
 -74.000   27.000  0.00013 25
 -74.000   28.000  0.00108 28
 -74.000   29.000  0.00312 22
 -74.000   30.000  0.00397 26
 -74.000   31.000  0.00383 21
 -74.000   32.000  0.00220 26
 -74.000   33.000  0.00113 20
 -74.000   34.000 -0.00128 24
 -74.000   35.000 -0.00272 19
 -74.000   36.000 -0.00387 23
 -74.000   37.000 -0.00370 20
 -74.000   38.000 -0.00295 24
 -74.000   39.000 -0.00077 19
 -74.000   40.000  0.00184 24
 -74.000   41.000  0.00323 18
 -74.000   42.000  0.00314 22
 -74.000   43.000  0.00270 17
 -74.000   44.000  0.00234 20
 -74.000   45.000  0.00186 21
 -74.000   46.000  0.00085 21
 -74.000   47.000 -0.00048 24
 -74.000   48.000 -0.00422 21
 -74.000   49.000 -0.00708 22
 -74.000   50.000 -0.01083 17
 -73.000   25.000  0.00051 19
 -73.000   26.000  0.00143 25
 -73.000   27.000  0.00298 22
 -73.000   28.000  0.00438 20
 -73.000   29.000  0.00604 19
 -73.000   30.000  0.00663 18
 -73.000   31.000  0.00531 18
 -73.000   32.000  0.00278 19
 -73.000   33.000  0.00066 20
 -73.000   34.000 -0.00219 20
 -73.000   35.000 -0.00421 20
 -73.000   36.000 -0.00546 19
 -73.000   37.000 -0.00557 20
 -73.000   38.000 -0.00443 19
 -73.000   39.000 -0.00200 18
 -73.000   40.000  0.00133 18
 -73.000   41.000  0.00300 16
 -73.000   42.000  0.00304 16
 -73.000   43.000  0.00226 14
 -73.000   44.000  0.00177 16
 -73.000   45.000  0.00141 18
 -73.000   46.000  0.00091 21
 -73.000   47.000  0.00009 22
 -73.000   48.000 -0.00311 22
 -73.000   49.000 -0.00542 21
 -73.000   50.000 -0.00914 18
 -72.000   25.000  0.00153 20
 -72.000   26.000  0.00273 29
 -72.000   27.000  0.00423 22
 -72.000   28.000  0.00550 27
 -72.000   29.000  0.00658 21
 -72.000   30.000  0.00655 26
 -72.000   31.000  0.00475 20
 -72.000   32.000  0.00186 26
 -72.000   33.000 -0.00052 21
 -72.000   34.000 -0.00324 25
 -72.000   35.000 -0.00501 21
 -72.000   36.000 -0.00597 25
 -72.000   37.000 -0.00604 23
 -72.000   38.000 -0.00475 25
 -72.000   39.000 -0.00257 21
 -72.000   40.000  0.00059 23
 -72.000   41.000  0.00196 19
 -72.000   42.000  0.00210 21
 -72.000   43.000  0.00095 19
 -72.000   44.000  0.00031 22
 -72.000   45.000 -0.00002 23
 -72.000   46.000  0.00011 23
 -72.000   47.000  0.00010 23
 -72.000   48.000 -0.00192 22
 -72.000   49.000 -0.00304 24
 -72.000   50.000 -0.00579 20
 -71.000   25.000  0.00176 16
 -71.000   26.000  0.00298 22
 -71.000   27.000  0.00441 19
 -71.000   28.000  0.00549 19
 -71.000   29.000  0.00628 18
 -71.000   30.000  0.00618 17
 -71.000   31.000  0.00460 18
 -71.000   32.000  0.00171 19
 -71.000   33.000 -0.00087 21
 -71.000   34.000 -0.00388 20
 -71.000   35.000 -0.00593 21
 -71.000   36.000 -0.00706 20
 -71.000   37.000 -0.00698 22
 -71.000   38.000 -0.00509 20
 -71.000   39.000 -0.00243 20
 -71.000   40.000  0.00104 17
 -71.000   41.000  0.00197 18
 -71.000   42.000  0.00152 17
 -71.000   43.000 -0.00050 18
 -71.000   44.000 -0.00164 18
 -71.000   45.000 -0.00224 19
 -71.000   46.000 -0.00166 21
 -71.000   47.000 -0.00088 21
 -71.000   48.000 -0.00166 22
 -71.000   49.000 -0.00192 20
 -71.000   50.000 -0.00395 17
 -70.000   25.000  0.00163 18
 -70.000   26.000  0.00235 27
 -70.000   27.000  0.00331 20
 -70.000   28.000  0.00372 26
 -70.000   29.000  0.00411 19
 -70.000   30.000  0.00400 24
 -70.000   31.000  0.00319 19
 -70.000   32.000  0.00106 26
 -70.000   33.000 -0.00097 22
 -70.000   34.000 -0.00354 27
 -70.000   35.000 -0.00536 23
 -70.000   36.000 -0.00635 26
 -70.000   37.000 -0.00609 22
 -70.000   38.000 -0.00400 23
 -70.000   39.000 -0.00132 20
 -70.000   40.000  0.00172 21
 -70.000   41.000  0.00193 20
 -70.000   42.000  0.00096 21
 -70.000   43.000 -0.00157 22
 -70.000   44.000 -0.00301 23
 -70.000   45.000 -0.00388 23
 -70.000   46.000 -0.00296 22
 -70.000   47.000 -0.00181 22
 -70.000   48.000 -0.00180 23
 -70.000   49.000 -0.00153 23
 -70.000   50.000 -0.00284 20
 -69.000   25.000  0.00205 16
 -69.000   26.000  0.00207 21
 -69.000   27.000  0.00248 19
 -69.000   28.000  0.00231 18
 -69.000   29.000  0.00223 18
 -69.000   30.000  0.00226 16
 -69.000   31.000  0.00202 18
 -69.000   32.000  0.00063 19
 -69.000   33.000 -0.00117 22
 -69.000   34.000 -0.00332 22
 -69.000   35.000 -0.00491 22
 -69.000   36.000 -0.00556 20
 -69.000   37.000 -0.00491 20
 -69.000   38.000 -0.00221 18
 -69.000   39.000  0.00077 18
 -69.000   40.000  0.00368 15
 -69.000   41.000  0.00309 17
 -69.000   42.000  0.00121 15
 -69.000   43.000 -0.00225 19
 -69.000   44.000 -0.00411 18
 -69.000   45.000 -0.00525 21
 -69.000   46.000 -0.00411 20
 -69.000   47.000 -0.00299 22
 -69.000   48.000 -0.00280 21
 -69.000   49.000 -0.00259 19
 -69.000   50.000 -0.00405 15
 -68.000   25.000  0.00177 18
 -68.000   26.000  0.00104 26
 -68.000   27.000  0.00104 20
 -68.000   28.000  0.00035 25
 -68.000   29.000 -0.00006 21
 -68.000   30.000 -0.00006 26
 -68.000   31.000  0.00017 22
 -68.000   32.000 -0.00062 27
 -68.000   33.000 -0.00199 23
 -68.000   34.000 -0.00353 28
 -68.000   35.000 -0.00465 22
 -68.000   36.000 -0.00485 24
 -68.000   37.000 -0.00367 19
 -68.000   38.000 -0.00058 21
 -68.000   39.000  0.00267 19
 -68.000   40.000  0.00542 20
 -68.000   41.000  0.00451 19
 -68.000   42.000  0.00219 19
 -68.000   43.000 -0.00169 21
 -68.000   44.000 -0.00379 23
 -68.000   45.000 -0.00498 26
 -68.000   46.000 -0.00370 24
 -68.000   47.000 -0.00308 25
 -68.000   48.000 -0.00322 24
 -68.000   49.000 -0.00328 26
 -68.000   50.000 -0.00510 22
 -67.000   25.000  0.00472 16
 -67.000   26.000  0.00221 20
 -67.000   27.000  0.00152 19
 -67.000   28.000 -0.00014 17
 -67.000   29.000 -0.00167 20
 -67.000   30.000 -0.00189 18
 -67.000   31.000 -0.00102 22
 -67.000   32.000 -0.00127 22
 -67.000   33.000 -0.00259 24
 -67.000   34.000 -0.00396 23
 -67.000   35.000 -0.00497 21
 -67.000   36.000 -0.00491 19
 -67.000   37.000 -0.00326 19
 -67.000   38.000  0.00079 18
 -67.000   39.000  0.00473 20
 -67.000   40.000  0.00802 17
 -67.000   41.000  0.00716 18
 -67.000   42.000  0.00436 15
 -67.000   43.000 -0.00029 19
 -67.000   44.000 -0.00265 20
 -67.000   45.000 -0.00386 24
 -67.000   46.000 -0.00230 21
 -67.000   47.000 -0.00185 22
 -67.000   48.000 -0.00257 20
 -67.000   49.000 -0.00278 21
 -67.000   50.000 -0.00530 16
 -66.000   25.000  0.00568 12
 -66.000   26.000  0.00250 17
 -66.000   27.000  0.00153 16
 -66.000   28.000 -0.00045 17
 -66.000   29.000 -0.00242 17
 -66.000   30.000 -0.00260 18
 -66.000   31.000 -0.00151 19
 -66.000   32.000 -0.00129 21
 -66.000   33.000 -0.00247 20
 -66.000   34.000 -0.00337 21
 -66.000   35.000 -0.00428 18
 -66.000   36.000 -0.00409 18
 -66.000   37.000 -0.00251 15
 -66.000   38.000  0.00165 14
 -66.000   39.000  0.00559 14
 -66.000   40.000  0.00896 14
 -66.000   41.000  0.00825 14
 -66.000   42.000  0.00549 13
 -66.000   43.000  0.00086 14
 -66.000   44.000 -0.00154 17
 -66.000   45.000 -0.00270 18
 -66.000   46.000 -0.00120 18
 -66.000   47.000 -0.00119 17
 -66.000   48.000 -0.00238 19
 -66.000   49.000 -0.00288 20
 -66.000   50.000 -0.00580 17
 -65.000   25.000  0.00787 8
 -65.000   26.000  0.00375 8
 -65.000   27.000  0.00238 11
 -65.000   28.000 -0.00022 7
 -65.000   29.000 -0.00301 11
 -65.000   30.000 -0.00335 7
 -65.000   31.000 -0.00203 13
 -65.000   32.000 -0.00147 12
 -65.000   33.000 -0.00263 16
 -65.000   34.000 -0.00332 13
 -65.000   35.000 -0.00430 14
 -65.000   36.000 -0.00405 11
 -65.000   37.000 -0.00243 11
 -65.000   38.000  0.00228 7
 -65.000   39.000  0.00659 9
 -65.000   40.000  0.01039 6
 -65.000   41.000  0.00977 8
 -65.000   42.000  0.00677 5
 -65.000   43.000  0.00151 8
 -65.000   44.000 -0.00118 9
 -65.000   45.000 -0.00231 11
 -65.000   46.000 -0.00058 10
 -65.000   47.000 -0.00064 10
 -65.000   48.000 -0.00219 10
 -65.000   49.000 -0.00270 11
 -65.000   50.000 -0.00613 8
