-130.000   25.000  0.00304 12
-130.000   26.000  0.00346 16
-130.000   27.000  0.00242 12
-130.000   28.000  0.00311 15
-130.000   29.000  0.00060 10
-130.000   30.000  0.00334 13
-130.000   31.000  0.00309 9
-130.000   32.000  0.00710 11
-130.000   33.000  0.00625 8
-130.000   34.000  0.01164 10
-130.000   35.000  0.01078 8
-130.000   36.000  0.01452 10
-130.000   37.000  0.01214 8
-130.000   38.000  0.01521 12
-130.000   39.000  0.01111 10
-130.000   40.000  0.01117 12
-130.000   41.000  0.00521 8
-130.000   42.000  0.00653 12
-130.000   43.000  0.00410 10
-130.000   44.000  0.00938 13
-130.000   45.000  0.01010 9
-130.000   46.000  0.01681 13
-130.000   47.000  0.01707 10
-130.000   48.000  0.02064 14
-130.000   49.000  0.01918 11
-130.000   50.000  0.02173 16
-129.000   25.000  0.00373 24
-129.000   26.000  0.00398 30
-129.000   27.000  0.00247 22
-129.000   28.000  0.00281 26
-129.000   29.000 -0.00007 18
-129.000   30.000  0.00233 24
-129.000   31.000  0.00187 18
-129.000   32.000  0.00602 23
-129.000   33.000  0.00550 17
-129.000   34.000  0.01125 21
-129.000   35.000  0.01109 16
-129.000   36.000  0.01556 19
-129.000   37.000  0.01415 15
-129.000   38.000  0.01700 22
-129.000   39.000  0.01175 19
-129.000   40.000  0.01063 23
-129.000   41.000  0.00397 16
-129.000   42.000  0.00475 21
-129.000   43.000  0.00258 17
-129.000   44.000  0.00843 21
-129.000   45.000  0.00928 16
-129.000   46.000  0.01536 22
-129.000   47.000  0.01490 18
-129.000   48.000  0.01827 23
-129.000   49.000  0.01663 18
-129.000   50.000  0.01942 22
-128.000   25.000  0.00569 12
-128.000   26.000  0.00560 14
-128.000   27.000  0.00344 10
-128.000   28.000  0.00294 11
-128.000   29.000 -0.00092 8
-128.000   30.000  0.00033 11
-128.000   31.000 -0.00103 9
-128.000   32.000  0.00276 12
-128.000   33.000  0.00276 9
-128.000   34.000  0.00921 11
-128.000   35.000  0.01056 8
-128.000   36.000  0.01636 10
-128.000   37.000  0.01640 8
-128.000   38.000  0.01909 11
-128.000   39.000  0.01282 9
-128.000   40.000  0.01075 11
-128.000   41.000  0.00374 8
-128.000   42.000  0.00409 11
-128.000   43.000  0.00214 9
-128.000   44.000  0.00838 13
-128.000   45.000  0.00917 10
-128.000   46.000  0.01451 15
-128.000   47.000  0.01349 11
-128.000   48.000  0.01684 15
-128.000   49.000  0.01530 10
-128.000   50.000  0.01837 14
-127.000   25.000  0.00702 24
-127.000   26.000  0.00687 29
-127.000   27.000  0.00410 22
-127.000   28.000  0.00364 25
-127.000   29.000 -0.00032 18
-127.000   30.000  0.00100 22
-127.000   31.000 -0.00048 17
-127.000   32.000  0.00337 23
-127.000   33.000  0.00300 18
-127.000   34.000  0.00889 22
-127.000   35.000  0.01031 16
-127.000   36.000  0.01647 21
-127.000   37.000  0.01778 16
-127.000   38.000  0.02094 22
-127.000   39.000  0.01423 17
-127.000   40.000  0.01159 22
-127.000   41.000  0.00414 16
-127.000   42.000  0.00385 21
-127.000   43.000  0.00146 17
-127.000   44.000  0.00750 22
-127.000   45.000  0.00752 17
-127.000   46.000  0.01183 24
-127.000   47.000  0.01000 19
-127.000   48.000  0.01349 24
-127.000   49.000  0.01214 17
-127.000   50.000  0.01595 20
-126.000   25.000  0.00967 12
-126.000   26.000  0.00956 15
-126.000   27.000  0.00625 12
-126.000   28.000  0.00606 14
-126.000   29.000  0.00198 10
-126.000   30.000  0.00326 11
-126.000   31.000  0.00114 8
-126.000   32.000  0.00437 11
-126.000   33.000  0.00288 9
-126.000   34.000  0.00744 11
-126.000   35.000  0.00864 8
-126.000   36.000  0.01483 11
-126.000   37.000  0.01724 8
-126.000   38.000  0.02173 11
-126.000   39.000  0.01631 8
-126.000   40.000  0.01476 11
-126.000   41.000  0.00811 8
-126.000   42.000  0.00799 11
-126.000   43.000  0.00451 9
-126.000   44.000  0.00902 12
-126.000   45.000  0.00712 9
-126.000   46.000  0.01028 14
-126.000   47.000  0.00790 11
-126.000   48.000  0.01176 15
-126.000   49.000  0.01106 10
-126.000   50.000  0.01577 13
-125.000   25.000  0.01292 24
-125.000   26.000  0.01265 30
-125.000   27.000  0.00907 24
-125.000   28.000  0.00868 28
-125.000   29.000  0.00421 20
-125.000   30.000  0.00467 23
-125.000   31.000  0.00134 17
-125.000   32.000  0.00320 24
-125.000   33.000  0.00101 19
-125.000   34.000  0.00460 25
-125.000   35.000  0.00654 18
-125.000   36.000  0.01325 24
-125.000   37.000  0.01697 17
-125.000   38.000  0.02274 22
-125.000   39.000  0.01918 16
-125.000   40.000  0.01876 22
-125.000   41.000  0.01282 17
-125.000   42.000  0.01241 23
-125.000   43.000  0.00694 18
-125.000   44.000  0.00874 22
-125.000   45.000  0.00428 16
-125.000   46.000  0.00625 21
-125.000   47.000  0.00354 17
-125.000   48.000  0.00795 22
-125.000   49.000  0.00798 17
-125.000   50.000  0.01344 21
-124.000   25.000  0.01403 12
-124.000   26.000  0.01371 15
-124.000   27.000  0.01053 12
-124.000   28.000  0.01048 14
-124.000   29.000  0.00658 10
-124.000   30.000  0.00693 12
-124.000   31.000  0.00323 9
-124.000   32.000  0.00394 13
-124.000   33.000  0.00109 10
-124.000   34.000  0.00347 14
-124.000   35.000  0.00579 10
-124.000   36.000  0.01244 13
-124.000   37.000  0.01682 9
-124.000   38.000  0.02371 11
-124.000   39.000  0.02232 8
-124.000   40.000  0.02284 11
-124.000   41.000  0.01739 9
-124.000   42.000  0.01636 12
-124.000   43.000  0.00865 9
-124.000   44.000  0.00769 12
-124.000   45.000  0.00128 9
-124.000   46.000  0.00288 11
-124.000   47.000  0.00042 8
-124.000   48.000  0.00577 12
-124.000   49.000  0.00654 10
-124.000   50.000  0.01232 14
-123.000   25.000  0.01422 24
-123.000   26.000  0.01418 30
-123.000   27.000  0.01177 24
-123.000   28.000  0.01258 29
-123.000   29.000  0.00990 21
-123.000   30.000  0.01088 25
-123.000   31.000  0.00778 18
-123.000   32.000  0.00797 25
-123.000   33.000  0.00451 19
-123.000   34.000  0.00526 27
-123.000   35.000  0.00643 20
-123.000   36.000  0.01114 25
-123.000   37.000  0.01424 16
-123.000   38.000  0.02128 20
-123.000   39.000  0.02232 14
-123.000   40.000  0.02396 21
-123.000   41.000  0.01901 17
-123.000   42.000  0.01751 24
-123.000   43.000  0.00793 18
-123.000   44.000  0.00433 22
-123.000   45.000 -0.00343 16
-123.000   46.000 -0.00148 19
-123.000   47.000 -0.00321 15
-123.000   48.000  0.00295 20
-123.000   49.000  0.00400 17
-123.000   50.000  0.00959 22
-122.000   25.000  0.01472 12
-122.000   26.000  0.01484 15
-122.000   27.000  0.01311 12
-122.000   28.000  0.01407 15
-122.000   29.000  0.01199 11
-122.000   30.000  0.01278 13
-122.000   31.000  0.01028 9
-122.000   32.000  0.01033 12
-122.000   33.000  0.00753 9
-122.000   34.000  0.00785 13
-122.000   35.000  0.00848 10
-122.000   36.000  0.01109 12
-122.000   37.000  0.01223 7
-122.000   38.000  0.01755 9
-122.000   39.000  0.01955 6
-122.000   40.000  0.02100 10
-122.000   41.000  0.01595 8
-122.000   42.000  0.01379 12
-122.000   43.000  0.00402 9
-122.000   44.000 -0.00058 11
-122.000   45.000 -0.00787 8
-122.000   46.000 -0.00469 11
-122.000   47.000 -0.00511 9
-122.000   48.000  0.00159 12
-122.000   49.000  0.00237 9
-122.000   50.000  0.00734 13
-121.000   25.000  0.01367 25
-121.000   26.000  0.01395 32
-121.000   27.000  0.01305 24
-121.000   28.000  0.01383 30
-121.000   29.000  0.01221 22
-121.000   30.000  0.01248 26
-121.000   31.000  0.01059 18
-121.000   32.000  0.01084 24
-121.000   33.000  0.00971 18
-121.000   34.000  0.01086 25
-121.000   35.000  0.01174 19
-121.000   36.000  0.01338 23
-121.000   37.000  0.01330 14
-121.000   38.000  0.01628 19
-121.000   39.000  0.01771 13
-121.000   40.000  0.01807 20
-121.000   41.000  0.01230 14
-121.000   42.000  0.00848 22
-121.000   43.000 -0.00143 17
-121.000   44.000 -0.00642 20
-121.000   45.000 -0.01259 14
-121.000   46.000 -0.00914 18
-121.000   47.000 -0.00916 15
-121.000   48.000 -0.00236 20
-121.000   49.000 -0.00218 16
-121.000   50.000  0.00122 22
-120.000   25.000  0.01182 13
-120.000   26.000  0.01259 17
-120.000   27.000  0.01251 12
-120.000   28.000  0.01348 15
-120.000   29.000  0.01243 11
-120.000   30.000  0.01255 13
-120.000   31.000  0.01131 9
-120.000   32.000  0.01217 12
-120.000   33.000  0.01252 9
-120.000   34.000  0.01453 12
-120.000   35.000  0.01503 9
-120.000   36.000  0.01582 11
-120.000   37.000  0.01485 7
-120.000   38.000  0.01595 10
-120.000   39.000  0.01651 7
-120.000   40.000  0.01649 10
-120.000   41.000  0.01032 6
-120.000   42.000  0.00469 10
-120.000   43.000 -0.00544 8
-120.000   44.000 -0.01030 10
-120.000   45.000 -0.01515 7
-120.000   46.000 -0.01178 9
-120.000   47.000 -0.01158 7
-120.000   48.000 -0.00477 11
-120.000   49.000 -0.00510 9
-120.000   50.000 -0.00346 15
-119.000   25.000  0.01111 24
-119.000   26.000  0.01227 34
-119.000   27.000  0.01269 24
-119.000   28.000  0.01381 32
-119.000   29.000  0.01319 23
-119.000   30.000  0.01361 29
-119.000   31.000  0.01330 20
-119.000   32.000  0.01509 26
-119.000   33.000  0.01628 19
-119.000   34.000  0.01877 26
-119.000   35.000  0.01681 19
-119.000   36.000  0.01542 24
-119.000   37.000  0.01165 15
-119.000   38.000  0.01121 20
-119.000   39.000  0.01095 14
-119.000   40.000  0.01242 18
-119.000   41.000  0.00675 12
-119.000   42.000  0.00133 17
-119.000   43.000 -0.00842 16
-119.000   44.000 -0.01284 20
-119.000   45.000 -0.01678 16
-119.000   46.000 -0.01376 19
-119.000   47.000 -0.01388 14
-119.000   48.000 -0.00811 20
-119.000   49.000 -0.00943 16
-119.000   50.000 -0.00989 25
-118.000   25.000  0.01050 11
-118.000   26.000  0.01175 17
-118.000   27.000  0.01259 12
-118.000   28.000  0.01380 17
-118.000   29.000  0.01382 12
-118.000   30.000  0.01492 16
-118.000   31.000  0.01567 11
-118.000   32.000  0.01829 14
-118.000   33.000  0.01970 10
-118.000   34.000  0.02244 14
-118.000   35.000  0.01706 10
-118.000   36.000  0.01346 13
-118.000   37.000  0.00641 8
-118.000   38.000  0.00562 10
-118.000   39.000  0.00463 7
-118.000   40.000  0.00889 8
-118.000   41.000  0.00409 6
-118.000   42.000  0.00014 7
-118.000   43.000 -0.00940 8
-118.000   44.000 -0.01328 10
-118.000   45.000 -0.01683 9
-118.000   46.000 -0.01402 12
-118.000   47.000 -0.01437 9
-118.000   48.000 -0.00974 13
-118.000   49.000 -0.01184 9
-118.000   50.000 -0.01397 16
-117.000   25.000  0.00969 20
-117.000   26.000  0.01092 31
-117.000   27.000  0.01221 23
-117.000   28.000  0.01370 34
-117.000   29.000  0.01459 24
-117.000   30.000  0.01620 33
-117.000   31.000  0.01737 21
-117.000   32.000  0.01998 29
-117.000   33.000  0.02086 20
-117.000   34.000  0.02341 29
-117.000   35.000  0.01669 20
-117.000   36.000  0.01314 25
-117.000   37.000  0.00486 16
-117.000   38.000  0.00445 20
-117.000   39.000  0.00214 15
-117.000   40.000  0.00743 18
-117.000   41.000  0.00238 14
-117.000   42.000 -0.00026 15
-117.000   43.000 -0.00951 15
-117.000   44.000 -0.01232 19
-117.000   45.000 -0.01569 18
-117.000   46.000 -0.01340 22
-117.000   47.000 -0.01489 17
-117.000   48.000 -0.01197 22
-117.000   49.000 -0.01471 17
-117.000   50.000 -0.01839 23
-116.000   25.000  0.01057 9
-116.000   26.000  0.01160 14
-116.000   27.000  0.01309 11
-116.000   28.000  0.01472 17
-116.000   29.000  0.01627 12
-116.000   30.000  0.01782 17
-116.000   31.000  0.01874 10
-116.000   32.000  0.02037 15
-116.000   33.000  0.01993 10
-116.000   34.000  0.02164 15
-116.000   35.000  0.01580 10
-116.000   36.000  0.01321 12
-116.000   37.000  0.00448 8
-116.000   38.000  0.00424 10
-116.000   39.000  0.00018 8
-116.000   40.000  0.00398 10
-116.000   41.000 -0.00224 8
-116.000   42.000 -0.00306 8
-116.000   43.000 -0.01064 7
-116.000   44.000 -0.01109 9
-116.000   45.000 -0.01375 9
-116.000   46.000 -0.01054 11
-116.000   47.000 -0.01240 9
-116.000   48.000 -0.01088 13
-116.000   49.000 -0.01402 11
-116.000   50.000 -0.01806 14
-115.000   25.000  0.01311 18
-115.000   26.000  0.01385 27
-115.000   27.000  0.01541 21
-115.000   28.000  0.01674 32
-115.000   29.000  0.01831 23
-115.000   30.000  0.01908 33
-115.000   31.000  0.01898 20
-115.000   32.000  0.01884 29
-115.000   33.000  0.01687 18
-115.000   34.000  0.01725 27
-115.000   35.000  0.01206 16
-115.000   36.000  0.00985 23
-115.000   37.000  0.00067 14
-115.000   38.000  0.00040 22
-115.000   39.000 -0.00432 15
-115.000   40.000 -0.00132 21
-115.000   41.000 -0.00727 15
-115.000   42.000 -0.00512 17
-115.000   43.000 -0.01020 14
-115.000   44.000 -0.00850 19
-115.000   45.000 -0.01069 18
-115.000   46.000 -0.00668 21
-115.000   47.000 -0.00906 16
-115.000   48.000 -0.00911 20
-115.000   49.000 -0.01268 18
-115.000   50.000 -0.01636 20
-114.000   25.000  0.01535 9
-114.000   26.000  0.01615 13
-114.000   27.000  0.01799 10
-114.000   28.000  0.01898 15
-114.000   29.000  0.02011 11
-114.000   30.000  0.01919 16
-114.000   31.000  0.01702 10
-114.000   32.000  0.01429 14
-114.000   33.000  0.01101 8
-114.000   34.000  0.00992 12
-114.000   35.000  0.00642 6
-114.000   36.000  0.00538 11
-114.000   37.000 -0.00187 6
-114.000   38.000 -0.00228 12
-114.000   39.000 -0.00660 7
-114.000   40.000 -0.00459 11
-114.000   41.000 -0.00868 7
-114.000   42.000 -0.00451 9
-114.000   43.000 -0.00705 7
-114.000   44.000 -0.00386 10
-114.000   45.000 -0.00557 9
-114.000   46.000 -0.00173 11
-114.000   47.000 -0.00458 8
-114.000   48.000 -0.00519 10
-114.000   49.000 -0.00842 9
-114.000   50.000 -0.01045 12
-113.000   25.000  0.01598 19
-113.000   26.000  0.01695 26
-113.000   27.000  0.01895 20
-113.000   28.000  0.01983 29
-113.000   29.000  0.02044 21
-113.000   30.000  0.01819 29
-113.000   31.000  0.01450 18
-113.000   32.000  0.01006 25
-113.000   33.000  0.00632 15
-113.000   34.000  0.00426 22
-113.000   35.000  0.00346 11
-113.000   36.000  0.00410 20
-113.000   37.000 -0.00021 11
-113.000   38.000 -0.00101 22
-113.000   39.000 -0.00492 12
-113.000   40.000 -0.00517 20
-113.000   41.000 -0.00841 11
-113.000   42.000 -0.00359 16
-113.000   43.000 -0.00382 11
-113.000   44.000 -0.00021 18
-113.000   45.000 -0.00245 16
-113.000   46.000  0.00026 21
-113.000   47.000 -0.00368 16
-113.000   48.000 -0.00467 19
-113.000   49.000 -0.00741 17
-113.000   50.000 -0.00695 20
-112.000   25.000  0.01545 10
-112.000   26.000  0.01643 13
-112.000   27.000  0.01836 10
-112.000   28.000  0.01909 14
-112.000   29.000  0.01907 10
-112.000   30.000  0.01638 13
-112.000   31.000  0.01257 8
-112.000   32.000  0.00813 11
-112.000   33.000  0.00483 7
-112.000   34.000  0.00253 10
-112.000   35.000  0.00244 5
-112.000   36.000  0.00281 9
-112.000   37.000 -0.00011 5
-112.000   38.000 -0.00098 10
-112.000   39.000 -0.00372 5
-112.000   40.000 -0.00431 9
-112.000   41.000 -0.00631 4
-112.000   42.000 -0.00090 7
-112.000   43.000  0.00029 4
-112.000   44.000  0.00247 8
-112.000   45.000 -0.00167 7
-112.000   46.000 -0.00065 10
-112.000   47.000 -0.00551 8
-112.000   48.000 -0.00653 10
-112.000   49.000 -0.00858 9
-112.000   50.000 -0.00496 12
-111.000   25.000  0.01248 22
-111.000   26.000  0.01356 28
-111.000   27.000  0.01540 21
-111.000   28.000  0.01630 28
-111.000   29.000  0.01644 20
-111.000   30.000  0.01461 27
-111.000   31.000  0.01233 17
-111.000   32.000  0.00905 22
-111.000   33.000  0.00682 13
-111.000   34.000  0.00409 19
-111.000   35.000  0.00234 10
-111.000   36.000  0.00049 17
-111.000   37.000 -0.00230 9
-111.000   38.000 -0.00324 17
-111.000   39.000 -0.00414 8
-111.000   40.000 -0.00266 15
-111.000   41.000 -0.00182 7
-111.000   42.000  0.00427 12
-111.000   43.000  0.00571 7
-111.000   44.000  0.00592 14
-111.000   45.000  0.00015 13
-111.000   46.000 -0.00129 20
-111.000   47.000 -0.00750 17
-111.000   48.000 -0.00861 20
-111.000   49.000 -0.01044 17
-111.000   50.000 -0.00551 19
-110.000   25.000  0.00713 12
-110.000   26.000  0.00826 15
-110.000   27.000  0.00986 11
-110.000   28.000  0.01152 14
-110.000   29.000  0.01312 10
-110.000   30.000  0.01369 14
-110.000   31.000  0.01490 9
-110.000   32.000  0.01379 11
-110.000   33.000  0.01277 6
-110.000   34.000  0.00926 9
-110.000   35.000  0.00605 5
-110.000   36.000  0.00142 8
-110.000   37.000 -0.00179 4
-110.000   38.000 -0.00297 7
-110.000   39.000 -0.00295 3
-110.000   40.000 -0.00035 6
-110.000   41.000  0.00282 3
-110.000   42.000  0.00897 5
-110.000   43.000  0.00992 3
-110.000   44.000  0.00925 6
-110.000   45.000  0.00276 6
-110.000   46.000 -0.00098 10
-110.000   47.000 -0.00852 9
-110.000   48.000 -0.00983 10
-110.000   49.000 -0.01213 8
-110.000   50.000 -0.00791 11
-109.000   25.000 -0.00082 24
-109.000   26.000  0.00063 29
-109.000   27.000  0.00191 22
-109.000   28.000  0.00488 27
-109.000   29.000  0.00829 20
-109.000   30.000  0.01241 25
-109.000   31.000  0.01764 17
-109.000   32.000  0.01957 20
-109.000   33.000  0.01989 11
-109.000   34.000  0.01645 14
-109.000   35.000  0.01220 7
-109.000   36.000  0.00485 12
-109.000   37.000 -0.00008 6
-109.000   38.000 -0.00200 11
-109.000   39.000 -0.00223 5
-109.000   40.000 -0.00194 10
-109.000   41.000 -0.00264 5
-109.000   42.000  0.00157 9
-109.000   43.000  0.00211 5
-109.000   44.000  0.00101 10
-109.000   45.000 -0.00374 10
-109.000   46.000 -0.00385 17
-109.000   47.000 -0.00986 17
-109.000   48.000 -0.01141 18
-109.000   49.000 -0.01420 16
-109.000   50.000 -0.01092 17
-108.000   25.000 -0.01060 12
-108.000   26.000 -0.00819 14
-108.000   27.000 -0.00694 11
-108.000   28.000 -0.00230 13
-108.000   29.000  0.00304 10
-108.000   30.000  0.01067 11
-108.000   31.000  0.01865 8
-108.000   32.000  0.02261 9
-108.000   33.000  0.02387 5
-108.000   34.000  0.02093 5
-108.000   35.000  0.01585 2
-108.000   36.000  0.00474 4
-108.000   37.000 -0.00270 2
-108.000   38.000 -0.00587 4
-108.000   39.000 -0.00668 2
-108.000   40.000 -0.01074 4
-108.000   41.000 -0.01732 2
-108.000   42.000 -0.01562 4
-108.000   43.000 -0.01501 2
-108.000   44.000 -0.01578 4
-108.000   45.000 -0.01548 4
-108.000   46.000 -0.00657 7
-108.000   47.000 -0.00832 8
-108.000   48.000 -0.01003 8
-108.000   49.000 -0.01313 8
-108.000   50.000 -0.01132 8
-107.000   25.000 -0.01969 22
-107.000   26.000 -0.01675 25
-107.000   27.000 -0.01607 21
-107.000   28.000 -0.01078 23
-107.000   29.000 -0.00464 19
-107.000   30.000  0.00559 20
-107.000   31.000  0.01488 16
-107.000   32.000  0.02113 15
-107.000   33.000  0.02357 8
-107.000   34.000  0.02185 7
-107.000   35.000  0.01697 3
-107.000   36.000  0.00363 5
-107.000   37.000 -0.00627 2
-107.000   38.000 -0.01068 5
-107.000   39.000 -0.01215 3
-107.000   40.000 -0.02004 7
-107.000   41.000 -0.02893 4
-107.000   42.000 -0.02881 8
-107.000   43.000 -0.02830 4
-107.000   44.000 -0.02806 8
-107.000   45.000 -0.02251 7
-107.000   46.000 -0.00745 12
-107.000   47.000 -0.00572 14
-107.000   48.000 -0.00739 15
-107.000   49.000 -0.01084 16
-107.000   50.000 -0.01122 12
-106.000   25.000 -0.02688 10
-106.000   26.000 -0.02425 11
-106.000   27.000 -0.02494 10
-106.000   28.000 -0.02081 10
-106.000   29.000 -0.01601 9
-106.000   30.000 -0.00457 9
-106.000   31.000  0.00481 8
-106.000   32.000  0.01484 6
-106.000   33.000  0.01885 3
-106.000   34.000  0.01943 2
-106.000   35.000  0.01577 1
-106.000   36.000  0.00416 1
-106.000   37.000 -0.00652 0
-106.000   38.000 -0.01067 1
-106.000   39.000 -0.01215 1
-106.000   40.000 -0.02288 3
-106.000   41.000 -0.03445 2
-106.000   42.000 -0.03728 4
-106.000   43.000 -0.03784 2
-106.000   44.000 -0.03759 4
-106.000   45.000 -0.02887 3
-106.000   46.000 -0.01085 5
-106.000   47.000 -0.00660 6
-106.000   48.000 -0.00794 7
-106.000   49.000 -0.01115 8
-106.000   50.000 -0.01244 6
-105.000   25.000 -0.03079 20
-105.000   26.000 -0.02926 21
-105.000   27.000 -0.03191 19
-105.000   28.000 -0.03028 18
-105.000   29.000 -0.02855 17
-105.000   30.000 -0.01805 15
-105.000   31.000 -0.01085 15
-105.000   32.000  0.00304 11
-105.000   33.000  0.00927 7
-105.000   34.000  0.01328 3
-105.000   35.000  0.01174 1
-105.000   36.000  0.00392 1
-105.000   37.000 -0.00753 0
-105.000   38.000 -0.01127 1
-105.000   39.000 -0.01261 1
-105.000   40.000 -0.02776 3
-105.000   41.000 -0.04457 2
-105.000   42.000 -0.05030 6
-105.000   43.000 -0.05026 4
-105.000   44.000 -0.05007 7
-105.000   45.000 -0.03687 4
-105.000   46.000 -0.01393 7
-105.000   47.000 -0.00648 10
-105.000   48.000 -0.00771 12
-105.000   49.000 -0.01052 15
-105.000   50.000 -0.01122 11
-104.000   25.000 -0.03128 10
-104.000   26.000 -0.03193 10
-104.000   27.000 -0.03720 9
-104.000   28.000 -0.03934 8
-104.000   29.000 -0.04139 8
-104.000   30.000 -0.03359 6
-104.000   31.000 -0.02983 7
-104.000   32.000 -0.01348 5
-104.000   33.000 -0.00439 4
-104.000   34.000  0.00303 1
-104.000   35.000  0.00453 0
-104.000   36.000  0.00243 0
-104.000   37.000 -0.00737 0
-104.000   38.000 -0.01027 0
-104.000   39.000 -0.01137 0
-104.000   40.000 -0.03193 0
-104.000   41.000 -0.05315 0
-104.000   42.000 -0.06044 2
-104.000   43.000 -0.05980 2
-104.000   44.000 -0.05928 3
-104.000   45.000 -0.04016 1
-104.000   46.000 -0.01392 2
-104.000   47.000 -0.00538 4
-104.000   48.000 -0.00648 5
-104.000   49.000 -0.00917 7
-104.000   50.000 -0.00982 5
-103.000   25.000 -0.02851 20
-103.000   26.000 -0.03137 21
-103.000   27.000 -0.03924 19
-103.000   28.000 -0.04671 17
-103.000   29.000 -0.05390 16
-103.000   30.000 -0.05275 12
-103.000   31.000 -0.05346 14
-103.000   32.000 -0.04142 9
-103.000   33.000 -0.03146 7
-103.000   34.000 -0.02028 1
-103.000   35.000 -0.01243 0
-103.000   36.000 -0.00628 0
-103.000   37.000 -0.00673 0
-103.000   38.000 -0.00514 0
-103.000   39.000 -0.00569 0
-103.000   40.000 -0.02872 0
-103.000   41.000 -0.05095 0
-103.000   42.000 -0.05757 3
-103.000   43.000 -0.05493 3
-103.000   44.000 -0.05373 6
-103.000   45.000 -0.03228 4
-103.000   46.000 -0.00873 6
-103.000   47.000 -0.00294 8
-103.000   48.000 -0.00635 10
-103.000   49.000 -0.00964 14
-103.000   50.000 -0.01023 13
-102.000   25.000 -0.02512 10
-102.000   26.000 -0.02907 11
-102.000   27.000 -0.03860 10
-102.000   28.000 -0.05180 9
-102.000   29.000 -0.06425 8
-102.000   30.000 -0.07218 6
-102.000   31.000 -0.07792 7
-102.000   32.000 -0.07192 4
-102.000   33.000 -0.06041 3
-102.000   34.000 -0.04542 0
-102.000   35.000 -0.02937 0
-102.000   36.000 -0.01544 0
-102.000   37.000 -0.00610 0
-102.000   38.000  0.00000 0
-102.000   39.000  0.00000 0
-102.000   40.000 -0.02519 0
-102.000   41.000 -0.05038 0
-102.000   42.000 -0.05477 1
-102.000   43.000 -0.04706 1
-102.000   44.000 -0.04465 3
-102.000   45.000 -0.02135 3
-102.000   46.000  0.00167 4
-102.000   47.000  0.00367 4
-102.000   48.000 -0.00539 5
-102.000   49.000 -0.00975 7
-102.000   50.000 -0.00986 8
-101.000   25.000 -0.02238 20
-101.000   26.000 -0.02645 22
-101.000   27.000 -0.03644 20
-101.000   28.000 -0.05230 17
-101.000   29.000 -0.06762 15
-101.000   30.000 -0.08223 11
-101.000   31.000 -0.09211 14
-101.000   32.000 -0.09325 9
-101.000   33.000 -0.08210 9
-101.000   34.000 -0.06908 3
-101.000   35.000 -0.04817 2
-101.000   36.000 -0.03054 0
-101.000   37.000 -0.01413 0
-101.000   38.000 -0.00509 0
-101.000   39.000 -0.00077 0
-101.000   40.000 -0.02847 0
-101.000   41.000 -0.05694 0
-101.000   42.000 -0.06012 2
-101.000   43.000 -0.04802 2
-101.000   44.000 -0.04421 5
-101.000   45.000 -0.01693 5
-101.000   46.000  0.00971 8
-101.000   47.000  0.01172 9
-101.000   48.000 -0.00108 11
-101.000   49.000 -0.00611 13
-101.000   50.000 -0.00616 14
-100.000   25.000 -0.02175 10
-100.000   26.000 -0.02496 11
-100.000   27.000 -0.03440 10
-100.000   28.000 -0.05031 8
-100.000   29.000 -0.06659 7
-100.000   30.000 -0.08481 5
-100.000   31.000 -0.09708 7
-100.000   32.000 -0.10533 5
-100.000   33.000 -0.09678 6
-100.000   34.000 -0.08719 3
-100.000   35.000 -0.06398 2
-100.000   36.000 -0.04479 0
-100.000   37.000 -0.02211 0
-100.000   38.000 -0.01018 0
-100.000   39.000 -0.00153 0
-100.000   40.000 -0.03016 0
-100.000   41.000 -0.06032 0
-100.000   42.000 -0.06716 1
-100.000   43.000 -0.05582 1
-100.000   44.000 -0.05169 2
-100.000   45.000 -0.02173 2
-100.000   46.000  0.00772 4
-100.000   47.000  0.01432 5
-100.000   48.000  0.00229 6
-100.000   49.000 -0.00230 6
-100.000   50.000 -0.00273 6
 -99.000   25.000 -0.02147 19
 -99.000   26.000 -0.02321 20
 -99.000   27.000 -0.03138 19
 -99.000   28.000 -0.04577 15
 -99.000   29.000 -0.06178 14
 -99.000   30.000 -0.08021 10
 -99.000   31.000 -0.09204 14
 -99.000   32.000 -0.10407 10
 -99.000   33.000 -0.09950 12
 -99.000   34.000 -0.09372 7
 -99.000   35.000 -0.07243 6
 -99.000   36.000 -0.05450 2
 -99.000   37.000 -0.02893 1
 -99.000   38.000 -0.01641 0
 -99.000   39.000 -0.00891 0
 -99.000   40.000 -0.03377 0
 -99.000   41.000 -0.06287 0
 -99.000   42.000 -0.07498 2
 -99.000   43.000 -0.06510 2
 -99.000   44.000 -0.05871 3
 -99.000   45.000 -0.03056 3
 -99.000   46.000 -0.00212 7
 -99.000   47.000  0.00944 10
 -99.000   48.000  0.00010 12
 -99.000   49.000 -0.00208 12
 -99.000   50.000 -0.00248 13
 -98.000   25.000 -0.02103 9
 -98.000   26.000 -0.02180 9
 -98.000   27.000 -0.02867 9
 -98.000   28.000 -0.03974 7
 -98.000   29.000 -0.05345 7
 -98.000   30.000 -0.06653 5
 -98.000   31.000 -0.07510 7
 -98.000   32.000 -0.08255 5
 -98.000   33.000 -0.08077 6
 -98.000   34.000 -0.08028 4
 -98.000   35.000 -0.06672 4
 -98.000   36.000 -0.05251 2
 -98.000   37.000 -0.03238 1
 -98.000   38.000 -0.02267 0
 -98.000   39.000 -0.01687 0
 -98.000   40.000 -0.03813 0
 -98.000   41.000 -0.06717 0
 -98.000   42.000 -0.08661 1
 -98.000   43.000 -0.08127 1
 -98.000   44.000 -0.07524 1
 -98.000   45.000 -0.04836 1
 -98.000   46.000 -0.02075 3
 -98.000   47.000 -0.00270 5
 -98.000   48.000 -0.00573 6
 -98.000   49.000 -0.00312 6
 -98.000   50.000 -0.00356 7
 -97.000   25.000 -0.02162 19
 -97.000   26.000 -0.02211 19
 -97.000   27.000 -0.02774 18
 -97.000   28.000 -0.03399 15
 -97.000   29.000 -0.04319 14
 -97.000   30.000 -0.04765 10
 -97.000   31.000 -0.05129 12
 -97.000   32.000 -0.05278 10
 -97.000   33.000 -0.05394 12
 -97.000   34.000 -0.05714 9
 -97.000   35.000 -0.05131 8
 -97.000   36.000 -0.03666 5
 -97.000   37.000 -0.01646 3
 -97.000   38.000 -0.00433 2
 -97.000   39.000  0.00223 1
 -97.000   40.000 -0.01443 2
 -97.000   41.000 -0.04933 1
 -97.000   42.000 -0.08255 3
 -97.000   43.000 -0.08813 2
 -97.000   44.000 -0.08760 3
 -97.000   45.000 -0.06628 3
 -97.000   46.000 -0.03993 6
 -97.000   47.000 -0.01627 9
 -97.000   48.000 -0.01303 10
 -97.000   49.000 -0.00703 11
 -97.000   50.000 -0.00786 11
 -96.000   25.000 -0.02187 10
 -96.000   26.000 -0.02245 10
 -96.000   27.000 -0.02715 9
 -96.000   28.000 -0.03015 8
 -96.000   29.000 -0.03515 7
 -96.000   30.000 -0.03242 5
 -96.000   31.000 -0.03112 5
 -96.000   32.000 -0.02579 5
 -96.000   33.000 -0.02667 6
 -96.000   34.000 -0.02630 5
 -96.000   35.000 -0.02411 4
 -96.000   36.000 -0.00681 3
 -96.000   37.000  0.01507 2
 -96.000   38.000  0.03053 2
 -96.000   39.000  0.03385 1
 -96.000   40.000  0.02393 2
 -96.000   41.000 -0.01292 1
 -96.000   42.000 -0.05484 2
 -96.000   43.000 -0.06989 1
 -96.000   44.000 -0.07691 2
 -96.000   45.000 -0.06721 2
 -96.000   46.000 -0.04977 3
 -96.000   47.000 -0.02819 4
 -96.000   48.000 -0.02281 4
 -96.000   49.000 -0.01522 5
 -96.000   50.000 -0.01587 5
 -95.000   25.000 -0.02220 20
 -95.000   26.000 -0.02296 21
 -95.000   27.000 -0.02681 19
 -95.000   28.000 -0.02828 17
 -95.000   29.000 -0.02983 14
 -95.000   30.000 -0.02184 11
 -95.000   31.000 -0.01561 11
 -95.000   32.000 -0.00496 10
 -95.000   33.000 -0.00345 10
 -95.000   34.000  0.00121 8
 -95.000   35.000  0.00226 7
 -95.000   36.000  0.01939 7
 -95.000   37.000  0.03954 5
 -95.000   38.000  0.05480 7
 -95.000   39.000  0.05312 4
 -95.000   40.000  0.04753 7
 -95.000   41.000  0.01280 3
 -95.000   42.000 -0.02812 4
 -95.000   43.000 -0.04618 1
 -95.000   44.000 -0.05876 3
 -95.000   45.000 -0.05953 5
 -95.000   46.000 -0.05225 8
 -95.000   47.000 -0.03746 10
 -95.000   48.000 -0.03397 10
 -95.000   49.000 -0.02540 11
 -95.000   50.000 -0.02540 11
 -94.000   25.000 -0.02431 10
 -94.000   26.000 -0.02505 11
 -94.000   27.000 -0.02787 10
 -94.000   28.000 -0.02843 9
 -94.000   29.000 -0.02658 7
 -94.000   30.000 -0.01544 6
 -94.000   31.000 -0.00492 6
 -94.000   32.000  0.00822 5
 -94.000   33.000  0.01323 4
 -94.000   34.000  0.02184 3
 -94.000   35.000  0.02544 3
 -94.000   36.000  0.04072 4
 -94.000   37.000  0.05762 3
 -94.000   38.000  0.07148 5
 -94.000   39.000  0.06850 3
 -94.000   40.000  0.06424 5
 -94.000   41.000  0.03427 2
 -94.000   42.000 -0.00026 2
 -94.000   43.000 -0.01851 0
 -94.000   44.000 -0.03732 1
 -94.000   45.000 -0.04651 3
 -94.000   46.000 -0.04838 5
 -94.000   47.000 -0.04107 6
 -94.000   48.000 -0.04087 6
 -94.000   49.000 -0.03297 6
 -94.000   50.000 -0.03242 7
 -93.000   25.000 -0.02643 19
 -93.000   26.000 -0.02714 22
 -93.000   27.000 -0.02921 20
 -93.000   28.000 -0.02907 19
 -93.000   29.000 -0.02440 15
 -93.000   30.000 -0.01183 13
 -93.000   31.000  0.00275 12
 -93.000   32.000  0.01875 10
 -93.000   33.000  0.02922 8
 -93.000   34.000  0.04186 7
 -93.000   35.000  0.04957 7
 -93.000   36.000  0.06219 10
 -93.000   37.000  0.07481 8
 -93.000   38.000  0.08395 12
 -93.000   39.000  0.07766 7
 -93.000   40.000  0.07267 10
 -93.000   41.000  0.04798 4
 -93.000   42.000  0.02184 5
 -93.000   43.000  0.00731 2
 -93.000   44.000 -0.01175 4
 -93.000   45.000 -0.02624 6
 -93.000   46.000 -0.03541 10
 -93.000   47.000 -0.03623 12
 -93.000   48.000 -0.04160 14
 -93.000   49.000 -0.03735 13
 -93.000   50.000 -0.03687 14
 -92.000   25.000 -0.02746 9
 -92.000   26.000 -0.02802 11
 -92.000   27.000 -0.02952 10
 -92.000   28.000 -0.02856 10
 -92.000   29.000 -0.02193 8
 -92.000   30.000 -0.00818 7
 -92.000   31.000  0.01072 6
 -92.000   32.000  0.02991 5
 -92.000   33.000  0.04541 4
 -92.000   34.000  0.05920 4
 -92.000   35.000  0.06758 4
 -92.000   36.000  0.07087 6
 -92.000   37.000  0.07143 5
 -92.000   38.000  0.06785 7
 -92.000   39.000  0.05446 4
 -92.000   40.000  0.04665 5
 -92.000   41.000  0.03306 2
 -92.000   42.000  0.02060 3
 -92.000   43.000  0.01525 2
 -92.000   44.000  0.00277 3
 -92.000   45.000 -0.01032 3
 -92.000   46.000 -0.02480 5
 -92.000   47.000 -0.03092 6
 -92.000   48.000 -0.03884 8
 -92.000   49.000 -0.03695 7
 -92.000   50.000 -0.03665 10
 -91.000   25.000 -0.02780 19
 -91.000   26.000 -0.02797 24
 -91.000   27.000 -0.02878 20
 -91.000   28.000 -0.02682 21
 -91.000   29.000 -0.01870 16
 -91.000   30.000 -0.00370 18
 -91.000   31.000  0.01798 15
 -91.000   32.000  0.03717 13
 -91.000   33.000  0.05448 9
 -91.000   34.000  0.06590 10
 -91.000   35.000  0.07258 10
 -91.000   36.000  0.06552 13
 -91.000   37.000  0.05611 10
 -91.000   38.000  0.04166 14
 -91.000   39.000  0.02402 8
 -91.000   40.000  0.01118 11
 -91.000   41.000  0.00455 6
 -91.000   42.000  0.00079 10
 -91.000   43.000  0.00284 7
 -91.000   44.000 -0.00313 10
 -91.000   45.000 -0.00972 9
 -91.000   46.000 -0.02226 13
 -91.000   47.000 -0.02782 13
 -91.000   48.000 -0.03595 16
 -91.000   49.000 -0.03515 14
 -91.000   50.000 -0.03572 17
 -90.000   25.000 -0.02693 10
 -90.000   26.000 -0.02676 13
 -90.000   27.000 -0.02699 10
 -90.000   28.000 -0.02373 11
 -90.000   29.000 -0.01427 8
 -90.000   30.000  0.00227 11
 -90.000   31.000  0.02551 9
 -90.000   32.000  0.04452 8
 -90.000   33.000  0.06139 5
 -90.000   34.000  0.06897 6
 -90.000   35.000  0.07257 6
 -90.000   36.000  0.05895 7
 -90.000   37.000  0.04553 5
 -90.000   38.000  0.02619 7
 -90.000   39.000  0.00875 4
 -90.000   40.000 -0.00604 6
 -90.000   41.000 -0.00993 4
 -90.000   42.000 -0.01144 7
 -90.000   43.000 -0.00619 5
 -90.000   44.000 -0.00893 7
 -90.000   45.000 -0.01104 6
 -90.000   46.000 -0.02083 8
 -90.000   47.000 -0.02564 7
 -90.000   48.000 -0.03361 8
 -90.000   49.000 -0.03391 7
 -90.000   50.000 -0.03576 9
 -89.000   25.000 -0.02335 20
 -89.000   26.000 -0.02291 26
 -89.000   27.000 -0.02283 19
 -89.000   28.000 -0.01836 22
 -89.000   29.000 -0.00827 16
 -89.000   30.000  0.00883 23
 -89.000   31.000  0.03202 19
 -89.000   32.000  0.05054 21
 -89.000   33.000  0.06601 13
 -89.000   34.000  0.06970 15
 -89.000   35.000  0.07020 11
 -89.000   36.000  0.05384 13
 -89.000   37.000  0.04056 9
 -89.000   38.000  0.02051 14
 -89.000   39.000  0.00513 10
 -89.000   40.000 -0.00995 15
 -89.000   41.000 -0.01382 10
 -89.000   42.000 -0.01669 16
 -89.000   43.000 -0.01053 11
 -89.000   44.000 -0.01086 16
 -89.000   45.000 -0.00958 13
 -89.000   46.000 -0.01661 18
 -89.000   47.000 -0.02088 15
 -89.000   48.000 -0.02978 18
 -89.000   49.000 -0.03183 15
 -89.000   50.000 -0.03522 16
 -88.000   25.000 -0.01892 10
 -88.000   26.000 -0.01810 13
 -88.000   27.000 -0.01757 9
 -88.000   28.000 -0.01241 11
 -88.000   29.000 -0.00214 8
 -88.000   30.000  0.01418 12
 -88.000   31.000  0.03533 10
 -88.000   32.000  0.05042 13
 -88.000   33.000  0.06283 8
 -88.000   34.000  0.06277 9
 -88.000   35.000  0.06170 5
 -88.000   36.000  0.04575 6
 -88.000   37.000  0.03637 4
 -88.000   38.000  0.01977 7
 -88.000   39.000  0.00905 6
 -88.000   40.000 -0.00492 9
 -88.000   41.000 -0.00955 6
 -88.000   42.000 -0.01518 9
 -88.000   43.000 -0.01068 6
 -88.000   44.000 -0.01153 9
 -88.000   45.000 -0.00898 7
 -88.000   46.000 -0.01397 10
 -88.000   47.000 -0.01765 8
 -88.000   48.000 -0.02720 10
 -88.000   49.000 -0.03046 8
 -88.000   50.000 -0.03567 11
 -87.000   25.000 -0.01413 20
 -87.000   26.000 -0.01311 27
 -87.000   27.000 -0.01203 19
 -87.000   28.000 -0.00680 24
 -87.000   29.000  0.00323 17
 -87.000   30.000  0.01764 25
 -87.000   31.000  0.03482 20
 -87.000   32.000  0.04459 25
 -87.000   33.000  0.05274 15
 -87.000   34.000  0.04898 19
 -87.000   35.000  0.04721 12
 -87.000   36.000  0.03428 16
 -87.000   37.000  0.03104 10
 -87.000   38.000  0.02093 18
 -87.000   39.000  0.01647 15
 -87.000   40.000  0.00428 23
 -87.000   41.000 -0.00160 16
 -87.000   42.000 -0.01096 23
 -87.000   43.000 -0.01037 15
 -87.000   44.000 -0.01421 21
 -87.000   45.000 -0.01199 15
 -87.000   46.000 -0.01536 21
 -87.000   47.000 -0.01781 16
 -87.000   48.000 -0.02678 19
 -87.000   49.000 -0.03010 15
 -87.000   50.000 -0.03600 18
 -86.000   25.000 -0.00864 10
 -86.000   26.000 -0.00775 14
 -86.000   27.000 -0.00635 10
 -86.000   28.000 -0.00167 13
 -86.000   29.000  0.00748 9
 -86.000   30.000  0.01864 13
 -86.000   31.000  0.03189 10
 -86.000   32.000  0.03751 12
 -86.000   33.000  0.04265 7
 -86.000   34.000  0.03669 10
 -86.000   35.000  0.03506 7
 -86.000   36.000  0.02500 10
 -86.000   37.000  0.02515 6
 -86.000   38.000  0.01894 11
 -86.000   39.000  0.01776 9
 -86.000   40.000  0.00694 14
 -86.000   41.000  0.00033 10
 -86.000   42.000 -0.01017 14
 -86.000   43.000 -0.01132 9
 -86.000   44.000 -0.01634 12
 -86.000   45.000 -0.01482 8
 -86.000   46.000 -0.01741 11
 -86.000   47.000 -0.01941 8
 -86.000   48.000 -0.02784 10
 -86.000   49.000 -0.03110 8
 -86.000   50.000 -0.03664 11
 -85.000   25.000 -0.00303 21
 -85.000   26.000 -0.00204 29
 -85.000   27.000 -0.00005 20
 -85.000   28.000  0.00424 28
 -85.000   29.000  0.01226 20
 -85.000   30.000  0.01944 28
 -85.000   31.000  0.02883 20
 -85.000   32.000  0.03087 27
 -85.000   33.000  0.03434 18
 -85.000   34.000  0.02807 25
 -85.000   35.000  0.02744 17
 -85.000   36.000  0.02022 22
 -85.000   37.000  0.02190 15
 -85.000   38.000  0.01706 22
 -85.000   39.000  0.01630 19
 -85.000   40.000  0.00601 26
 -85.000   41.000 -0.00118 20
 -85.000   42.000 -0.01138 26
 -85.000   43.000 -0.01255 17
 -85.000   44.000 -0.01707 23
 -85.000   45.000 -0.01582 17
 -85.000   46.000 -0.01752 23
 -85.000   47.000 -0.01877 17
 -85.000   48.000 -0.02644 20
 -85.000   49.000 -0.02941 16
 -85.000   50.000 -0.03377 18
 -84.000   25.000  0.00117 11
 -84.000   26.000  0.00249 15
 -84.000   27.000  0.00553 10
 -84.000   28.000  0.00990 15
 -84.000   29.000  0.01709 11
 -84.000   30.000  0.02089 15
 -84.000   31.000  0.02690 10
 -84.000   32.000  0.02589 15
 -84.000   33.000  0.02785 11
 -84.000   34.000  0.02173 15
 -84.000   35.000  0.02177 10
 -84.000   36.000  0.01652 12
 -84.000   37.000  0.01861 9
 -84.000   38.000  0.01429 11
 -84.000   39.000  0.01370 10
 -84.000   40.000  0.00365 12
 -84.000   41.000 -0.00351 10
 -84.000   42.000 -0.01379 12
 -84.000   43.000 -0.01516 8
 -84.000   44.000 -0.02016 11
 -84.000   45.000 -0.01919 9
 -84.000   46.000 -0.02090 13
 -84.000   47.000 -0.02155 10
 -84.000   48.000 -0.02797 13
 -84.000   49.000 -0.03035 10
 -84.000   50.000 -0.03392 14
 -83.000   25.000  0.00507 23
 -83.000   26.000  0.00633 33
 -83.000   27.000  0.01008 22
 -83.000   28.000  0.01415 31
 -83.000   29.000  0.02068 22
 -83.000   30.000  0.02182 30
 -83.000   31.000  0.02529 22
 -83.000   32.000  0.02204 30
 -83.000   33.000  0.02257 22
 -83.000   34.000  0.01653 28
 -83.000   35.000  0.01673 19
 -83.000   36.000  0.01279 25
 -83.000   37.000  0.01492 20
 -83.000   38.000  0.01140 24
 -83.000   39.000  0.01125 20
 -83.000   40.000  0.00191 23
 -83.000   41.000 -0.00482 19
 -83.000   42.000 -0.01499 23
 -83.000   43.000 -0.01697 16
 -83.000   44.000 -0.02244 21
 -83.000   45.000 -0.02167 16
 -83.000   46.000 -0.02292 22
 -83.000   47.000 -0.02228 16
 -83.000   48.000 -0.02608 20
 -83.000   49.000 -0.02737 15
 -83.000   50.000 -0.02956 20
 -82.000   25.000  0.00923 12
 -82.000   26.000  0.01033 18
 -82.000   27.000  0.01449 12
 -82.000   28.000  0.01818 16
 -82.000   29.000  0.02427 11
 -82.000   30.000  0.02345 15
 -82.000   31.000  0.02540 12
 -82.000   32.000  0.02034 15
 -82.000   33.000  0.01956 11
 -82.000   34.000  0.01349 13
 -82.000   35.000  0.01381 9
 -82.000   36.000  0.01080 13
 -82.000   37.000  0.01343 11
 -82.000   38.000  0.01113 13
 -82.000   39.000  0.01147 10
 -82.000   40.000  0.00287 11
 -82.000   41.000 -0.00361 9
 -82.000   42.000 -0.01368 11
 -82.000   43.000 -0.01621 8
 -82.000   44.000 -0.02174 10
 -82.000   45.000 -0.02138 7
 -82.000   46.000 -0.02284 10
 -82.000   47.000 -0.02191 7
 -82.000   48.000 -0.02404 11
 -82.000   49.000 -0.02504 8
 -82.000   50.000 -0.02669 14
 -81.000   25.000  0.01345 25
 -81.000   26.000  0.01426 35
 -81.000   27.000  0.01886 24
 -81.000   28.000  0.02207 30
 -81.000   29.000  0.02738 22
 -81.000   30.000  0.02483 28
 -81.000   31.000  0.02541 23
 -81.000   32.000  0.01883 29
 -81.000   33.000  0.01693 22
 -81.000   34.000  0.01160 27
 -81.000   35.000  0.01267 19
 -81.000   36.000  0.01117 28
 -81.000   37.000  0.01439 23
 -81.000   38.000  0.01344 28
 -81.000   39.000  0.01397 20
 -81.000   40.000  0.00646 23
 -81.000   41.000  0.00070 17
 -81.000   42.000 -0.00825 22
 -81.000   43.000 -0.01058 15
 -81.000   44.000 -0.01492 21
 -81.000   45.000 -0.01461 15
 -81.000   46.000 -0.01574 21
 -81.000   47.000 -0.01509 15
 -81.000   48.000 -0.01640 21
 -81.000   49.000 -0.01754 16
 -81.000   50.000 -0.01897 22
 -80.000   25.000  0.01844 13
 -80.000   26.000  0.01819 17
 -80.000   27.000  0.02278 12
 -80.000   28.000  0.02463 14
 -80.000   29.000  0.02840 11
 -80.000   30.000  0.02404 13
 -80.000   31.000  0.02315 11
 -80.000   32.000  0.01550 14
 -80.000   33.000  0.01279 11
 -80.000   34.000  0.00874 14
 -80.000   35.000  0.01097 10
 -80.000   36.000  0.01164 15
 -80.000   37.000  0.01554 12
 -80.000   38.000  0.01629 15
 -80.000   39.000  0.01705 10
 -80.000   40.000  0.01133 12
 -80.000   41.000  0.00693 8
 -80.000   42.000  0.00008 11
 -80.000   43.000 -0.00198 7
 -80.000   44.000 -0.00525 11
 -80.000   45.000 -0.00589 8
 -80.000   46.000 -0.00778 13
 -80.000   47.000 -0.00892 10
 -80.000   48.000 -0.01089 14
 -80.000   49.000 -0.01271 10
 -80.000   50.000 -0.01441 15
 -79.000   25.000  0.02197 25
 -79.000   26.000  0.02069 31
 -79.000   27.000  0.02506 23
 -79.000   28.000  0.02557 27
 -79.000   29.000  0.02820 22
 -79.000   30.000  0.02269 27
 -79.000   31.000  0.02054 22
 -79.000   32.000  0.01228 29
 -79.000   33.000  0.00901 22
 -79.000   34.000  0.00585 29
 -79.000   35.000  0.00883 20
 -79.000   36.000  0.01150 30
 -79.000   37.000  0.01612 23
 -79.000   38.000  0.01850 30
 -79.000   39.000  0.01949 20
 -79.000   40.000  0.01601 26
 -79.000   41.000  0.01316 17
 -79.000   42.000  0.00897 24
 -79.000   43.000  0.00746 15
 -79.000   44.000  0.00598 23
 -79.000   45.000  0.00452 16
 -79.000   46.000  0.00246 26
 -79.000   47.000 -0.00037 20
 -79.000   48.000 -0.00289 26
 -79.000   49.000 -0.00550 18
 -79.000   50.000 -0.00709 23
 -78.000   25.000  0.02324 12
 -78.000   26.000  0.02155 14
 -78.000   27.000  0.02629 11
 -78.000   28.000  0.02635 13
 -78.000   29.000  0.02830 11
 -78.000   30.000  0.02216 14
 -78.000   31.000  0.01853 11
 -78.000   32.000  0.00975 15
 -78.000   33.000  0.00611 11
 -78.000   34.000  0.00389 15
 -78.000   35.000  0.00740 10
 -78.000   36.000  0.01187 15
 -78.000   37.000  0.01664 11
 -78.000   38.000  0.01964 15
 -78.000   39.000  0.02034 10
 -78.000   40.000  0.01884 14
 -78.000   41.000  0.01770 9
 -78.000   42.000  0.01580 13
 -78.000   43.000  0.01494 8
 -78.000   44.000  0.01439 13
 -78.000   45.000  0.01152 9
 -78.000   46.000  0.00828 15
 -78.000   47.000  0.00352 11
 -78.000   48.000 -0.00002 15
 -78.000   49.000 -0.00327 10
 -78.000   50.000 -0.00470 14
 -77.000   25.000  0.02258 25
 -77.000   26.000  0.02101 31
 -77.000   27.000  0.02625 24
 -77.000   28.000  0.02627 27
 -77.000   29.000  0.02754 21
 -77.000   30.000  0.02118 27
 -77.000   31.000  0.01631 22
 -77.000   32.000  0.00752 28
 -77.000   33.000  0.00385 20
 -77.000   34.000  0.00292 27
 -77.000   35.000  0.00697 19
 -77.000   36.000  0.01287 29
 -77.000   37.000  0.01746 22
 -77.000   38.000  0.02067 29
 -77.000   39.000  0.02099 19
 -77.000   40.000  0.02076 26
 -77.000   41.000  0.02074 17
 -77.000   42.000  0.02064 25
 -77.000   43.000  0.02058 17
 -77.000   44.000  0.02095 28
 -77.000   45.000  0.01745 20
 -77.000   46.000  0.01393 29
 -77.000   47.000  0.00767 20
 -77.000   48.000  0.00309 27
 -77.000   49.000 -0.00072 18
 -77.000   50.000 -0.00203 24
 -76.000   25.000  0.02020 13
 -76.000   26.000  0.01933 17
 -76.000   27.000  0.02491 13
 -76.000   28.000  0.02531 14
 -76.000   29.000  0.02649 10
 -76.000   30.000  0.02068 13
 -76.000   31.000  0.01529 11
 -76.000   32.000  0.00692 13
 -76.000   33.000  0.00330 9
 -76.000   34.000  0.00306 12
 -76.000   35.000  0.00695 9
 -76.000   36.000  0.01334 14
 -76.000   37.000  0.01788 11
 -76.000   38.000  0.02138 14
 -76.000   39.000  0.02164 9
 -76.000   40.000  0.02186 12
 -76.000   41.000  0.02165 8
 -76.000   42.000  0.02153 12
 -76.000   43.000  0.02115 9
 -76.000   44.000  0.02137 16
 -76.000   45.000  0.01760 12
 -76.000   46.000  0.01415 17
 -76.000   47.000  0.00748 11
 -76.000   48.000  0.00259 16
 -76.000   49.000 -0.00138 10
 -76.000   50.000 -0.00269 15
 -75.000   25.000  0.01522 26
 -75.000   26.000  0.01547 33
 -75.000   27.000  0.02115 25
 -75.000   28.000  0.02230 29
 -75.000   29.000  0.02410 22
 -75.000   30.000  0.01972 29
 -75.000   31.000  0.01462 23
 -75.000   32.000  0.00740 28
 -75.000   33.000  0.00443 19
 -75.000   34.000  0.00459 26
 -75.000   35.000  0.00783 19
 -75.000   36.000  0.01386 28
 -75.000   37.000  0.01817 21
 -75.000   38.000  0.02151 27
 -75.000   39.000  0.02179 18
 -75.000   40.000  0.02200 24
 -75.000   41.000  0.02109 16
 -75.000   42.000  0.02062 23
 -75.000   43.000  0.02014 17
 -75.000   44.000  0.02050 28
 -75.000   45.000  0.01710 21
 -75.000   46.000  0.01435 30
 -75.000   47.000  0.00770 21
 -75.000   48.000  0.00323 29
 -75.000   49.000 -0.00102 19
 -75.000   50.000 -0.00229 26
 -74.000   25.000  0.01006 13
 -74.000   26.000  0.01114 16
 -74.000   27.000  0.01637 12
 -74.000   28.000  0.01772 15
 -74.000   29.000  0.01963 12
 -74.000   30.000  0.01667 16
 -74.000   31.000  0.01231 12
 -74.000   32.000  0.00694 15
 -74.000   33.000  0.00527 10
 -74.000   34.000  0.00650 14
 -74.000   35.000  0.00949 10
 -74.000   36.000  0.01513 14
 -74.000   37.000  0.01911 10
 -74.000   38.000  0.02229 13
 -74.000   39.000  0.02271 9
 -74.000   40.000  0.02271 12
 -74.000   41.000  0.02105 8
 -74.000   42.000  0.02020 11
 -74.000   43.000  0.01944 8
 -74.000   44.000  0.01939 14
 -74.000   45.000  0.01620 11
 -74.000   46.000  0.01405 17
 -74.000   47.000  0.00765 12
 -74.000   48.000  0.00377 18
 -74.000   49.000 -0.00040 12
 -74.000   50.000 -0.00145 17
 -73.000   25.000  0.00648 26
 -73.000   26.000  0.00797 34
 -73.000   27.000  0.01229 26
 -73.000   28.000  0.01346 33
 -73.000   29.000  0.01509 24
 -73.000   30.000  0.01316 31
 -73.000   31.000  0.00974 22
 -73.000   32.000  0.00622 29
 -73.000   33.000  0.00577 20
 -73.000   34.000  0.00808 29
 -73.000   35.000  0.01117 21
 -73.000   36.000  0.01638 30
 -73.000   37.000  0.02034 21
 -73.000   38.000  0.02354 28
 -73.000   39.000  0.02408 19
 -73.000   40.000  0.02323 25
 -73.000   41.000  0.02041 16
 -73.000   42.000  0.01909 21
 -73.000   43.000  0.01818 15
 -73.000   44.000  0.01818 26
 -73.000   45.000  0.01577 21
 -73.000   46.000  0.01474 29
 -73.000   47.000  0.00846 20
 -73.000   48.000  0.00475 28
 -73.000   49.000  0.00041 20
 -73.000   50.000 -0.00080 26
 -72.000   25.000  0.00420 13
 -72.000   26.000  0.00578 18
 -72.000   27.000  0.00919 14
 -72.000   28.000  0.01028 18
 -72.000   29.000  0.01167 12
 -72.000   30.000  0.01044 15
 -72.000   31.000  0.00771 10
 -72.000   32.000  0.00564 14
 -72.000   33.000  0.00612 10
 -72.000   34.000  0.00917 15
 -72.000   35.000  0.01253 11
 -72.000   36.000  0.01748 16
 -72.000   37.000  0.02149 11
 -72.000   38.000  0.02436 15
 -72.000   39.000  0.02461 10
 -72.000   40.000  0.02272 13
 -72.000   41.000  0.01908 8
 -72.000   42.000  0.01706 11
 -72.000   43.000  0.01591 8
 -72.000   44.000  0.01601 15
 -72.000   45.000  0.01460 12
 -72.000   46.000  0.01448 17
 -72.000   47.000  0.00879 11
 -72.000   48.000  0.00549 16
 -72.000   49.000  0.00139 11
 -72.000   50.000 -0.00019 16
 -71.000   25.000  0.00277 25
 -71.000   26.000  0.00410 35
 -71.000   27.000  0.00661 27
 -71.000   28.000  0.00743 35
 -71.000   29.000  0.00851 24
 -71.000   30.000  0.00780 30
 -71.000   31.000  0.00562 20
 -71.000   32.000  0.00468 29
 -71.000   33.000  0.00598 21
 -71.000   34.000  0.00962 31
 -71.000   35.000  0.01352 22
 -71.000   36.000  0.01837 29
 -71.000   37.000  0.02249 19
 -71.000   38.000  0.02482 26
 -71.000   39.000  0.02477 19
 -71.000   40.000  0.02231 25
 -71.000   41.000  0.01887 17
 -71.000   42.000  0.01717 22
 -71.000   43.000  0.01657 16
 -71.000   44.000  0.01730 25
 -71.000   45.000  0.01659 20
 -71.000   46.000  0.01659 28
 -71.000   47.000  0.01069 20
 -71.000   48.000  0.00704 27
 -71.000   49.000  0.00278 19
 -71.000   50.000  0.00052 26
 -70.000   25.000  0.00293 12
 -70.000   26.000  0.00385 17
 -70.000   27.000  0.00558 13
 -70.000   28.000  0.00604 17
 -70.000   29.000  0.00668 12
 -70.000   30.000  0.00620 15
 -70.000   31.000  0.00431 10
 -70.000   32.000  0.00391 15
 -70.000   33.000  0.00545 11
 -70.000   34.000  0.00914 16
 -70.000   35.000  0.01342 11
 -70.000   36.000  0.01814 13
 -70.000   37.000  0.02271 8
 -70.000   38.000  0.02474 11
 -70.000   39.000  0.02465 9
 -70.000   40.000  0.02193 12
 -70.000   41.000  0.01912 9
 -70.000   42.000  0.01744 13
 -70.000   43.000  0.01721 10
 -70.000   44.000  0.01831 15
 -70.000   45.000  0.01822 11
 -70.000   46.000  0.01811 17
 -70.000   47.000  0.01240 12
 -70.000   48.000  0.00842 17
 -70.000   49.000  0.00440 11
 -70.000   50.000  0.00157 18
 -69.000   25.000  0.00512 24
 -69.000   26.000  0.00542 34
 -69.000   27.000  0.00654 24
 -69.000   28.000  0.00662 34
 -69.000   29.000  0.00677 24
 -69.000   30.000  0.00624 33
 -69.000   31.000  0.00438 22
 -69.000   32.000  0.00389 32
 -69.000   33.000  0.00508 22
 -69.000   34.000  0.00841 31
 -69.000   35.000  0.01309 21
 -69.000   36.000  0.01786 25
 -69.000   37.000  0.02309 16
 -69.000   38.000  0.02496 22
 -69.000   39.000  0.02474 18
 -69.000   40.000  0.02169 23
 -69.000   41.000  0.01935 17
 -69.000   42.000  0.01738 24
 -69.000   43.000  0.01710 19
 -69.000   44.000  0.01845 27
 -69.000   45.000  0.01885 20
 -69.000   46.000  0.01839 29
 -69.000   47.000  0.01288 21
 -69.000   48.000  0.00839 28
 -69.000   49.000  0.00457 19
 -69.000   50.000  0.00093 26
 -68.000   25.000  0.00741 12
 -68.000   26.000  0.00703 18
 -68.000   27.000  0.00765 12
 -68.000   28.000  0.00716 18
 -68.000   29.000  0.00675 12
 -68.000   30.000  0.00636 18
 -68.000   31.000  0.00468 12
 -68.000   32.000  0.00443 17
 -68.000   33.000  0.00570 11
 -68.000   34.000  0.00902 16
 -68.000   35.000  0.01394 11
 -68.000   36.000  0.01856 14
 -68.000   37.000  0.02376 9
 -68.000   38.000  0.02499 12
 -68.000   39.000  0.02456 9
 -68.000   40.000  0.02149 12
 -68.000   41.000  0.01989 9
 -68.000   42.000  0.01755 14
 -68.000   43.000  0.01689 11
 -68.000   44.000  0.01784 17
 -68.000   45.000  0.01833 12
 -68.000   46.000  0.01739 18
 -68.000   47.000  0.01270 12
 -68.000   48.000  0.00864 17
 -68.000   49.000  0.00560 11
 -68.000   50.000  0.00173 18
 -67.000   25.000  0.00909 25
 -67.000   26.000  0.00813 36
 -67.000   27.000  0.00841 23
 -67.000   28.000  0.00730 34
 -67.000   29.000  0.00635 23
 -67.000   30.000  0.00621 34
 -67.000   31.000  0.00475 23
 -67.000   32.000  0.00478 33
 -67.000   33.000  0.00631 22
 -67.000   34.000  0.00988 32
 -67.000   35.000  0.01512 22
 -67.000   36.000  0.01972 29
 -67.000   37.000  0.02473 19
 -67.000   38.000  0.02542 24
 -67.000   39.000  0.02495 17
 -67.000   40.000  0.02216 23
 -67.000   41.000  0.02137 18
 -67.000   42.000  0.01916 25
 -67.000   43.000  0.01821 19
 -67.000   44.000  0.01869 27
 -67.000   45.000  0.01889 20
 -67.000   46.000  0.01721 28
 -67.000   47.000  0.01281 20
 -67.000   48.000  0.00895 27
 -67.000   49.000  0.00636 19
 -67.000   50.000  0.00227 25
 -66.000   25.000  0.01010 13
 -66.000   26.000  0.00881 19
 -66.000   27.000  0.00891 12
 -66.000   28.000  0.00746 17
 -66.000   29.000  0.00620 11
 -66.000   30.000  0.00621 16
 -66.000   31.000  0.00486 11
 -66.000   32.000  0.00504 17
 -66.000   33.000  0.00670 12
 -66.000   34.000  0.01037 19
 -66.000   35.000  0.01566 13
 -66.000   36.000  0.02019 18
 -66.000   37.000  0.02509 11
 -66.000   38.000  0.02543 14
 -66.000   39.000  0.02491 9
 -66.000   40.000  0.02233 13
 -66.000   41.000  0.02199 10
 -66.000   42.000  0.01966 14
 -66.000   43.000  0.01844 10
 -66.000   44.000  0.01860 15
 -66.000   45.000  0.01868 11
 -66.000   46.000  0.01669 17
 -66.000   47.000  0.01271 12
 -66.000   48.000  0.00928 18
 -66.000   49.000  0.00713 12
 -66.000   50.000  0.00304 18
 -65.000   25.000  0.01156 13
 -65.000   26.000  0.00993 18
 -65.000   27.000  0.00989 11
 -65.000   28.000  0.00817 16
 -65.000   29.000  0.00665 11
 -65.000   30.000  0.00678 16
 -65.000   31.000  0.00553 11
 -65.000   32.000  0.00593 17
 -65.000   33.000  0.00780 12
 -65.000   34.000  0.01175 18
 -65.000   35.000  0.01718 12
 -65.000   36.000  0.02173 16
 -65.000   37.000  0.02624 10
 -65.000   38.000  0.02604 13
 -65.000   39.000  0.02509 9
 -65.000   40.000  0.02230 12
 -65.000   41.000  0.02189 9
 -65.000   42.000  0.01923 13
 -65.000   43.000  0.01737 10
 -65.000   44.000  0.01706 14
 -65.000   45.000  0.01703 10
 -65.000   46.000  0.01488 15
 -65.000   47.000  0.01145 11
 -65.000   48.000  0.00874 16
 -65.000   49.000  0.00706 11
 -65.000   50.000  0.00298 14
