-130.000   25.000 -0.02263 1
-130.000   26.000 -0.01698 1
-130.000   27.000 -0.01358 0
-130.000   28.000 -0.00679 0
-130.000   29.000  0.00000 0
-130.000   30.000  0.00000 0
-130.000   31.000  0.00000 0
-130.000   32.000  0.00000 0
-130.000   33.000  0.00000 0
-130.000   34.000  0.00000 0
-130.000   35.000  0.00000 0
-130.000   36.000 -0.01918 0
-130.000   37.000 -0.03837 0
-130.000   38.000 -0.06196 1
-130.000   39.000 -0.08365 1
-130.000   40.000 -0.10519 2
-130.000   41.000 -0.10741 1
-130.000   42.000 -0.10760 2
-130.000   43.000 -0.09407 1
-130.000   44.000 -0.08245 2
-130.000   45.000 -0.06091 1
-130.000   46.000 -0.03951 1
-130.000   47.000 -0.02014 0
-130.000   48.000 -0.01007 0
-130.000   49.000  0.00000 0
-130.000   50.000  0.00000 0
-129.000   25.000 -0.01698 1
-129.000   26.000 -0.01273 1
-129.000   27.000 -0.01019 0
-129.000   28.000 -0.00509 0
-129.000   29.000  0.00000 0
-129.000   30.000 -0.00500 0
-129.000   31.000 -0.01001 0
-129.000   32.000 -0.01678 0
-129.000   33.000 -0.02532 0
-129.000   34.000 -0.03414 0
-129.000   35.000 -0.03822 0
-129.000   36.000 -0.05566 0
-129.000   37.000 -0.07028 0
-129.000   38.000 -0.08512 1
-129.000   39.000 -0.09760 1
-129.000   40.000 -0.10957 3
-129.000   41.000 -0.10796 2
-129.000   42.000 -0.10586 4
-129.000   43.000 -0.09002 2
-129.000   44.000 -0.07628 3
-129.000   45.000 -0.05522 1
-129.000   46.000 -0.03440 1
-129.000   47.000 -0.01510 0
-129.000   48.000 -0.00755 0
-129.000   49.000  0.00000 0
-129.000   50.000  0.00000 0
-128.000   25.000 -0.01358 0
-128.000   26.000 -0.01019 0
-128.000   27.000 -0.00815 0
-128.000   28.000 -0.00407 0
-128.000   29.000  0.00000 0
-128.000   30.000 -0.00800 0
-128.000   31.000 -0.01601 0
-128.000   32.000 -0.02685 0
-128.000   33.000 -0.04052 0
-128.000   34.000 -0.05462 0
-128.000   35.000 -0.06116 0
-128.000   36.000 -0.07754 0
-128.000   37.000 -0.08943 0
-128.000   38.000 -0.09916 0
-128.000   39.000 -0.10588 0
-128.000   40.000 -0.11192 1
-128.000   41.000 -0.10788 1
-128.000   42.000 -0.10429 2
-128.000   43.000 -0.08692 1
-128.000   44.000 -0.07214 1
-128.000   45.000 -0.05156 0
-128.000   46.000 -0.03121 0
-128.000   47.000 -0.01208 0
-128.000   48.000 -0.00604 0
-128.000   49.000  0.00000 0
-128.000   50.000  0.00000 0
-127.000   25.000 -0.00679 0
-127.000   26.000 -0.00509 0
-127.000   27.000 -0.00407 0
-127.000   28.000 -0.00204 0
-127.000   29.000  0.00000 0
-127.000   30.000 -0.01265 0
-127.000   31.000 -0.02530 0
-127.000   32.000 -0.04199 1
-127.000   33.000 -0.06272 1
-127.000   34.000 -0.08403 2
-127.000   35.000 -0.09328 1
-127.000   36.000 -0.10603 2
-127.000   37.000 -0.11191 1
-127.000   38.000 -0.11420 2
-127.000   39.000 -0.11308 1
-127.000   40.000 -0.11100 3
-127.000   41.000 -0.10502 2
-127.000   42.000 -0.10144 4
-127.000   43.000 -0.08145 2
-127.000   44.000 -0.06427 2
-127.000   45.000 -0.04446 0
-127.000   46.000 -0.02504 0
-127.000   47.000 -0.00604 0
-127.000   48.000 -0.00302 0
-127.000   49.000  0.00000 0
-127.000   50.000  0.00000 0
-126.000   25.000  0.00000 0
-126.000   26.000  0.00000 0
-126.000   27.000  0.00000 0
-126.000   28.000  0.00000 0
-126.000   29.000  0.00000 0
-126.000   30.000 -0.01794 0
-126.000   31.000 -0.03588 0
-126.000   32.000 -0.05886 1
-126.000   33.000 -0.08688 1
-126.000   34.000 -0.11555 2
-126.000   35.000 -0.12693 1
-126.000   36.000 -0.13607 2
-126.000   37.000 -0.12991 1
-126.000   38.000 -0.12010 2
-126.000   39.000 -0.10729 1
-126.000   40.000 -0.09347 2
-126.000   41.000 -0.08153 1
-126.000   42.000 -0.07985 2
-126.000   43.000 -0.06164 1
-126.000   44.000 -0.04578 1
-126.000   45.000 -0.03028 0
-126.000   46.000 -0.01514 0
-126.000   47.000  0.00000 0
-126.000   48.000  0.00000 0
-126.000   49.000  0.00000 0
-126.000   50.000  0.00000 0
-125.000   25.000  0.00000 0
-125.000   26.000  0.00000 0
-125.000   27.000  0.00000 0
-125.000   28.000  0.00000 0
-125.000   29.000  0.00000 0
-125.000   30.000 -0.02363 0
-125.000   31.000 -0.04726 0
-125.000   32.000 -0.07676 2
-125.000   33.000 -0.11214 2
-125.000   34.000 -0.14799 4
-125.000   35.000 -0.16067 2
-125.000   36.000 -0.16994 4
-125.000   37.000 -0.16075 2
-125.000   38.000 -0.14280 3
-125.000   39.000 -0.11855 1
-125.000   40.000 -0.09363 2
-125.000   41.000 -0.07193 1
-125.000   42.000 -0.06282 2
-125.000   43.000 -0.04539 1
-125.000   44.000 -0.03379 1
-125.000   45.000 -0.02240 0
-125.000   46.000 -0.01120 0
-125.000   47.000  0.00000 0
-125.000   48.000  0.00000 0
-125.000   49.000  0.00000 0
-125.000   50.000  0.00000 0
-124.000   25.000  0.00000 0
-124.000   26.000  0.00000 0
-124.000   27.000  0.00000 0
-124.000   28.000  0.00000 0
-124.000   29.000  0.00000 0
-124.000   30.000 -0.02572 0
-124.000   31.000 -0.05143 0
-124.000   32.000 -0.08228 1
-124.000   33.000 -0.11825 1
-124.000   34.000 -0.15403 2
-124.000   35.000 -0.16391 1
-124.000   36.000 -0.16968 2
-124.000   37.000 -0.15702 1
-124.000   38.000 -0.13742 1
-124.000   39.000 -0.10921 0
-124.000   40.000 -0.08109 0
-124.000   41.000 -0.05699 0
-124.000   42.000 -0.04618 0
-124.000   43.000 -0.02981 0
-124.000   44.000 -0.02224 0
-124.000   45.000 -0.01476 0
-124.000   46.000 -0.00738 0
-124.000   47.000  0.00000 0
-124.000   48.000  0.00000 0
-124.000   49.000  0.00000 0
-124.000   50.000  0.00000 0
-123.000   25.000  0.00000 0
-123.000   26.000  0.00000 0
-123.000   27.000  0.00000 0
-123.000   28.000 -0.00336 0
-123.000   29.000 -0.00672 0
-123.000   30.000 -0.03316 0
-123.000   31.000 -0.06096 0
-123.000   32.000 -0.09315 2
-123.000   33.000 -0.12636 2
-123.000   34.000 -0.15805 4
-123.000   35.000 -0.16570 2
-123.000   36.000 -0.16795 4
-123.000   37.000 -0.15184 2
-123.000   38.000 -0.13044 3
-123.000   39.000 -0.09917 1
-123.000   40.000 -0.06882 1
-123.000   41.000 -0.04246 0
-123.000   42.000 -0.03007 0
-123.000   43.000 -0.01490 0
-123.000   44.000 -0.01112 0
-123.000   45.000 -0.00738 0
-123.000   46.000 -0.00369 0
-123.000   47.000  0.00000 0
-123.000   48.000  0.00000 0
-123.000   49.000  0.00000 0
-123.000   50.000  0.00000 0
-122.000   25.000  0.00000 0
-122.000   26.000  0.00000 0
-122.000   27.000  0.00000 0
-122.000   28.000 -0.00672 0
-122.000   29.000 -0.01344 0
-122.000   30.000 -0.03859 0
-122.000   31.000 -0.06175 0
-122.000   32.000 -0.08808 1
-122.000   33.000 -0.11087 1
-122.000   34.000 -0.13698 2
-122.000   35.000 -0.14355 1
-122.000   36.000 -0.14867 2
-122.000   37.000 -0.13280 1
-122.000   38.000 -0.11377 2
-122.000   39.000 -0.08094 1
-122.000   40.000 -0.04921 1
-122.000   41.000 -0.02094 0
-122.000   42.000 -0.01047 0
-122.000   43.000  0.00000 0
-122.000   44.000  0.00000 0
-122.000   45.000  0.00000 0
-122.000   46.000  0.00000 0
-122.000   47.000  0.00000 0
-122.000   48.000  0.00000 0
-122.000   49.000  0.00000 0
-122.000   50.000  0.00000 0
-121.000   25.000  0.00000 0
-121.000   26.000  0.00057 0
-121.000   27.000  0.00091 0
-121.000   28.000 -0.00726 0
-121.000   29.000 -0.01734 0
-121.000   30.000 -0.04057 1
-121.000   31.000 -0.05889 1
-121.000   32.000 -0.08358 2
-121.000   33.000 -0.10181 1
-121.000   34.000 -0.12133 2
-121.000   35.000 -0.12651 1
-121.000   36.000 -0.13358 3
-121.000   37.000 -0.11982 2
-121.000   38.000 -0.10389 3
-121.000   39.000 -0.07428 1
-121.000   40.000 -0.04588 1
-121.000   41.000 -0.02094 0
-121.000   42.000 -0.01047 0
-121.000   43.000  0.00000 0
-121.000   44.000  0.00000 0
-121.000   45.000  0.00000 0
-121.000   46.000  0.00000 0
-121.000   47.000  0.00000 0
-121.000   48.000  0.00000 0
-121.000   49.000  0.00000 0
-121.000   50.000  0.00000 0
-120.000   25.000  0.00000 0
-120.000   26.000  0.00114 0
-120.000   27.000  0.00182 0
-120.000   28.000 -0.00590 0
-120.000   29.000 -0.01598 0
-120.000   30.000 -0.03351 1
-120.000   31.000 -0.04660 1
-120.000   32.000 -0.06941 1
-120.000   33.000 -0.08492 0
-120.000   34.000 -0.10098 0
-120.000   35.000 -0.10807 0
-120.000   36.000 -0.11823 1
-120.000   37.000 -0.10332 1
-120.000   38.000 -0.08706 1
-120.000   39.000 -0.06093 0
-120.000   40.000 -0.03630 0
-120.000   41.000 -0.01396 0
-120.000   42.000 -0.00698 0
-120.000   43.000  0.00000 0
-120.000   44.000  0.00000 0
-120.000   45.000  0.00000 0
-120.000   46.000  0.00000 0
-120.000   47.000  0.00000 0
-120.000   48.000  0.00000 0
-120.000   49.000  0.00000 0
-120.000   50.000  0.00000 0
-119.000   25.000  0.00000 0
-119.000   26.000  0.00199 0
-119.000   27.000  0.00319 0
-119.000   28.000 -0.00384 1
-119.000   29.000 -0.01392 1
-119.000   30.000 -0.02861 2
-119.000   31.000 -0.03955 1
-119.000   32.000 -0.05952 1
-119.000   33.000 -0.07154 0
-119.000   34.000 -0.08384 1
-119.000   35.000 -0.09044 1
-119.000   36.000 -0.10164 3
-119.000   37.000 -0.08675 2
-119.000   38.000 -0.07119 2
-119.000   39.000 -0.04882 0
-119.000   40.000 -0.02752 0
-119.000   41.000 -0.00698 0
-119.000   42.000 -0.00349 0
-119.000   43.000  0.00000 0
-119.000   44.000  0.00000 0
-119.000   45.000  0.00000 0
-119.000   46.000  0.00000 0
-119.000   47.000  0.00000 0
-119.000   48.000  0.00000 0
-119.000   49.000  0.00000 0
-119.000   50.000  0.00000 0
-118.000   25.000  0.00000 0
-118.000   26.000  0.00314 0
-118.000   27.000  0.00503 0
-118.000   28.000  0.00228 1
-118.000   29.000 -0.00444 1
-118.000   30.000 -0.01766 1
-118.000   31.000 -0.02667 0
-118.000   32.000 -0.04358 0
-118.000   33.000 -0.05474 0
-118.000   34.000 -0.06638 1
-118.000   35.000 -0.06869 1
-118.000   36.000 -0.07771 2
-118.000   37.000 -0.06332 1
-118.000   38.000 -0.04941 1
-118.000   39.000 -0.03106 0
-118.000   40.000 -0.01553 0
-118.000   41.000  0.00000 0
-118.000   42.000  0.00000 0
-118.000   43.000  0.00000 0
-118.000   44.000  0.00000 0
-118.000   45.000  0.00000 0
-118.000   46.000  0.00000 0
-118.000   47.000  0.00000 0
-118.000   48.000  0.00000 0
-118.000   49.000  0.00000 0
-118.000   50.000  0.00000 0
-117.000   25.000  0.00000 0
-117.000   26.000  0.00429 0
-117.000   27.000  0.00687 0
-117.000   28.000  0.00840 2
-117.000   29.000  0.00504 2
-117.000   30.000 -0.00807 2
-117.000   31.000 -0.02125 0
-117.000   32.000 -0.04139 1
-117.000   33.000 -0.05866 1
-117.000   34.000 -0.07050 3
-117.000   35.000 -0.06793 2
-117.000   36.000 -0.07123 3
-117.000   37.000 -0.05704 1
-117.000   38.000 -0.04381 1
-117.000   39.000 -0.02861 0
-117.000   40.000 -0.01807 0
-117.000   41.000 -0.00502 0
-117.000   42.000 -0.00251 0
-117.000   43.000  0.00000 0
-117.000   44.000  0.00000 0
-117.000   45.000  0.00000 0
-117.000   46.000  0.00000 0
-117.000   47.000  0.00000 0
-117.000   48.000  0.00000 0
-117.000   49.000  0.00000 0
-117.000   50.000  0.00000 0
-116.000   25.000  0.00000 0
-116.000   26.000  0.00373 0
-116.000   27.000  0.00596 0
-116.000   28.000  0.00895 1
-116.000   29.000  0.00895 1
-116.000   30.000 -0.00080 1
-116.000   31.000 -0.01354 0
-116.000   32.000 -0.03040 1
-116.000   33.000 -0.04631 1
-116.000   34.000 -0.05874 2
-116.000   35.000 -0.05543 1
-116.000   36.000 -0.05714 1
-116.000   37.000 -0.04827 0
-116.000   38.000 -0.04037 0
-116.000   39.000 -0.02793 0
-116.000   40.000 -0.02149 0
-116.000   41.000 -0.01003 0
-116.000   42.000 -0.00502 0
-116.000   43.000  0.00000 0
-116.000   44.000  0.00000 0
-116.000   45.000  0.00000 0
-116.000   46.000  0.00000 0
-116.000   47.000  0.00000 0
-116.000   48.000  0.00000 0
-116.000   49.000  0.00000 0
-116.000   50.000  0.00000 0
-115.000   25.000  0.00000 0
-115.000   26.000  0.00316 0
-115.000   27.000  0.00506 0
-115.000   28.000  0.00642 1
-115.000   29.000  0.00525 1
-115.000   30.000 -0.00566 1
-115.000   31.000 -0.01794 0
-115.000   32.000 -0.03151 1
-115.000   33.000 -0.04295 1
-115.000   34.000 -0.05187 3
-115.000   35.000 -0.04417 2
-115.000   36.000 -0.04517 2
-115.000   37.000 -0.04165 0
-115.000   38.000 -0.03910 1
-115.000   39.000 -0.02902 1
-115.000   40.000 -0.02580 1
-115.000   41.000 -0.01505 0
-115.000   42.000 -0.00753 0
-115.000   43.000  0.00000 0
-115.000   44.000  0.00000 0
-115.000   45.000  0.00000 0
-115.000   46.000  0.00000 0
-115.000   47.000  0.00000 0
-115.000   48.000  0.00000 0
-115.000   49.000  0.00000 0
-115.000   50.000  0.00000 0
-114.000   25.000  0.00000 0
-114.000   26.000  0.00230 0
-114.000   27.000  0.00368 0
-114.000   28.000  0.00319 0
-114.000   29.000  0.00086 0
-114.000   30.000 -0.00797 0
-114.000   31.000 -0.01631 0
-114.000   32.000 -0.02727 0
-114.000   33.000 -0.03495 0
-114.000   34.000 -0.04079 1
-114.000   35.000 -0.03196 1
-114.000   36.000 -0.03298 1
-114.000   37.000 -0.03139 0
-114.000   38.000 -0.03075 1
-114.000   39.000 -0.02258 1
-114.000   40.000 -0.02258 1
-114.000   41.000 -0.01505 0
-114.000   42.000 -0.00753 0
-114.000   43.000  0.00000 0
-114.000   44.000  0.00000 0
-114.000   45.000  0.00000 0
-114.000   46.000  0.00000 0
-114.000   47.000  0.00000 0
-114.000   48.000  0.00000 0
-114.000   49.000  0.00000 0
-114.000   50.000  0.00000 0
-113.000   25.000  0.00000 0
-113.000   26.000  0.00115 0
-113.000   27.000  0.00184 0
-113.000   28.000 -0.00073 0
-113.000   29.000 -0.00423 0
-113.000   30.000 -0.01081 1
-113.000   31.000 -0.01582 1
-113.000   32.000 -0.02417 1
-113.000   33.000 -0.02879 0
-113.000   34.000 -0.03287 2
-113.000   35.000 -0.02836 2
-113.000   36.000 -0.03388 2
-113.000   37.000 -0.03397 0
-113.000   38.000 -0.03430 1
-113.000   39.000 -0.02672 1
-113.000   40.000 -0.02465 1
-113.000   41.000 -0.01505 0
-113.000   42.000 -0.00753 0
-113.000   43.000  0.00000 0
-113.000   44.000  0.00000 0
-113.000   45.000  0.00000 0
-113.000   46.000  0.00000 0
-113.000   47.000  0.00000 0
-113.000   48.000  0.00000 0
-113.000   49.000  0.00000 0
-113.000   50.000  0.00000 0
-112.000   25.000  0.00000 0
-112.000   26.000  0.00000 0
-112.000   27.000  0.00000 0
-112.000   28.000 -0.00350 0
-112.000   29.000 -0.00699 0
-112.000   30.000 -0.01116 1
-112.000   31.000 -0.01283 1
-112.000   32.000 -0.01880 1
-112.000   33.000 -0.02067 0
-112.000   34.000 -0.02499 1
-112.000   35.000 -0.02496 1
-112.000   36.000 -0.03245 1
-112.000   37.000 -0.03151 0
-112.000   38.000 -0.03116 0
-112.000   39.000 -0.02334 0
-112.000   40.000 -0.01920 0
-112.000   41.000 -0.01003 0
-112.000   42.000 -0.00502 0
-112.000   43.000  0.00000 0
-112.000   44.000  0.00000 0
-112.000   45.000  0.00000 0
-112.000   46.000  0.00000 0
-112.000   47.000  0.00000 0
-112.000   48.000  0.00000 0
-112.000   49.000  0.00000 0
-112.000   50.000  0.00000 0
-111.000   25.000  0.00000 0
-111.000   26.000  0.00000 0
-111.000   27.000  0.00000 0
-111.000   28.000 -0.00350 0
-111.000   29.000 -0.00699 0
-111.000   30.000 -0.01200 1
-111.000   31.000 -0.01451 1
-111.000   32.000 -0.01976 2
-111.000   33.000 -0.02075 1
-111.000   34.000 -0.02498 2
-111.000   35.000 -0.02619 1
-111.000   36.000 -0.03240 2
-111.000   37.000 -0.02966 1
-111.000   38.000 -0.02768 1
-111.000   39.000 -0.01996 0
-111.000   40.000 -0.01374 0
-111.000   41.000 -0.00502 0
-111.000   42.000 -0.00251 0
-111.000   43.000  0.00000 0
-111.000   44.000  0.00000 0
-111.000   45.000  0.00000 0
-111.000   46.000  0.00000 0
-111.000   47.000  0.00000 0
-111.000   48.000  0.00000 0
-111.000   49.000  0.00000 0
-111.000   50.000  0.00000 0
-110.000   25.000  0.00000 0
-110.000   26.000  0.00000 0
-110.000   27.000  0.00000 0
-110.000   28.000 -0.00233 0
-110.000   29.000 -0.00466 0
-110.000   30.000 -0.00850 0
-110.000   31.000 -0.01101 0
-110.000   32.000 -0.01540 1
-110.000   33.000 -0.01669 1
-110.000   34.000 -0.02123 1
-110.000   35.000 -0.02360 0
-110.000   36.000 -0.02731 1
-110.000   37.000 -0.02292 1
-110.000   38.000 -0.01930 1
-110.000   39.000 -0.01243 0
-110.000   40.000 -0.00622 0
-110.000   41.000  0.00000 0
-110.000   42.000  0.00000 0
-110.000   43.000  0.00000 0
-110.000   44.000  0.00000 0
-110.000   45.000  0.00000 0
-110.000   46.000  0.00000 0
-110.000   47.000  0.00000 0
-110.000   48.000  0.00000 0
-110.000   49.000  0.00000 0
-110.000   50.000  0.00000 0
-109.000   25.000  0.00000 0
-109.000   26.000  0.00000 0
-109.000   27.000  0.00000 0
-109.000   28.000 -0.00117 0
-109.000   29.000 -0.00233 0
-109.000   30.000 -0.00501 0
-109.000   31.000 -0.00752 0
-109.000   32.000 -0.01107 1
-109.000   33.000 -0.01268 1
-109.000   34.000 -0.01754 2
-109.000   35.000 -0.02108 1
-109.000   36.000 -0.02479 2
-109.000   37.000 -0.02124 1
-109.000   38.000 -0.01846 1
-109.000   39.000 -0.01243 0
-109.000   40.000 -0.00622 0
-109.000   41.000  0.00000 0
-109.000   42.000  0.00000 0
-109.000   43.000  0.00000 0
-109.000   44.000  0.00000 0
-109.000   45.000  0.00000 0
-109.000   46.000  0.00000 0
-109.000   47.000  0.00000 0
-109.000   48.000  0.00000 0
-109.000   49.000  0.00000 0
-109.000   50.000  0.00000 0
-108.000   25.000  0.00000 0
-108.000   26.000  0.00000 0
-108.000   27.000  0.00000 0
-108.000   28.000  0.00000 0
-108.000   29.000  0.00000 0
-108.000   30.000 -0.00167 0
-108.000   31.000 -0.00335 0
-108.000   32.000 -0.00582 0
-108.000   33.000 -0.00727 0
-108.000   34.000 -0.01160 1
-108.000   35.000 -0.01407 1
-108.000   36.000 -0.01654 1
-108.000   37.000 -0.01407 0
-108.000   38.000 -0.01261 0
-108.000   39.000 -0.00829 0
-108.000   40.000 -0.00414 0
-108.000   41.000  0.00000 0
-108.000   42.000  0.00000 0
-108.000   43.000  0.00000 0
-108.000   44.000  0.00000 0
-108.000   45.000  0.00000 0
-108.000   46.000  0.00000 0
-108.000   47.000  0.00000 0
-108.000   48.000  0.00000 0
-108.000   49.000  0.00000 0
-108.000   50.000  0.00000 0
-107.000   25.000  0.00000 0
-107.000   26.000  0.00000 0
-107.000   27.000  0.00000 0
-107.000   28.000  0.00000 0
-107.000   29.000  0.00000 0
-107.000   30.000 -0.00084 0
-107.000   31.000 -0.00167 0
-107.000   32.000 -0.00331 0
-107.000   33.000 -0.00476 0
-107.000   34.000 -0.00701 1
-107.000   35.000 -0.00825 1
-107.000   36.000 -0.00948 1
-107.000   37.000 -0.00785 0
-107.000   38.000 -0.00639 0
-107.000   39.000 -0.00414 0
-107.000   40.000 -0.00207 0
-107.000   41.000  0.00000 0
-107.000   42.000  0.00000 0
-107.000   43.000  0.00000 0
-107.000   44.000  0.00000 0
-107.000   45.000  0.00000 0
-107.000   46.000  0.00000 0
-107.000   47.000  0.00000 0
-107.000   48.000  0.00000 0
-107.000   49.000  0.00000 0
-107.000   50.000  0.00000 0
-106.000   25.000  0.00000 0
-106.000   26.000  0.00000 0
-106.000   27.000  0.00000 0
-106.000   28.000  0.00000 0
-106.000   29.000  0.00000 0
-106.000   30.000  0.00000 0
-106.000   31.000  0.00000 0
-106.000   32.000 -0.00097 0
-106.000   33.000 -0.00194 0
-106.000   34.000 -0.00291 0
-106.000   35.000 -0.00291 0
-106.000   36.000 -0.00291 0
-106.000   37.000 -0.00194 0
-106.000   38.000 -0.00097 0
-106.000   39.000  0.00000 0
-106.000   40.000  0.00000 0
-106.000   41.000  0.00000 0
-106.000   42.000  0.00000 0
-106.000   43.000  0.00000 0
-106.000   44.000  0.00000 0
-106.000   45.000  0.00000 0
-106.000   46.000  0.00000 0
-106.000   47.000  0.00000 0
-106.000   48.000  0.00000 0
-106.000   49.000  0.00000 0
-106.000   50.000  0.00000 0
-105.000   25.000  0.00000 0
-105.000   26.000  0.00000 0
-105.000   27.000  0.00000 0
-105.000   28.000  0.00000 0
-105.000   29.000  0.00000 0
-105.000   30.000  0.00000 0
-105.000   31.000  0.00000 0
-105.000   32.000 -0.00049 0
-105.000   33.000 -0.00097 0
-105.000   34.000 -0.00146 0
-105.000   35.000 -0.00146 0
-105.000   36.000 -0.00146 0
-105.000   37.000 -0.00097 0
-105.000   38.000 -0.00049 0
-105.000   39.000  0.00000 0
-105.000   40.000  0.00000 0
-105.000   41.000  0.00000 0
-105.000   42.000  0.00000 0
-105.000   43.000  0.00000 0
-105.000   44.000  0.00000 0
-105.000   45.000  0.00000 0
-105.000   46.000  0.00000 0
-105.000   47.000  0.00000 0
-105.000   48.000  0.00000 0
-105.000   49.000  0.00000 0
-105.000   50.000  0.00000 0
-104.000   25.000  0.00000 0
-104.000   26.000  0.00000 0
-104.000   27.000  0.00000 0
-104.000   28.000  0.00000 0
-104.000   29.000  0.00000 0
-104.000   30.000  0.00000 0
-104.000   31.000  0.00000 0
-104.000   32.000  0.00000 0
-104.000   33.000  0.00000 0
-104.000   34.000  0.00000 0
-104.000   35.000  0.00000 0
-104.000   36.000  0.00000 0
-104.000   37.000  0.00000 0
-104.000   38.000  0.00000 0
-104.000   39.000  0.00000 0
-104.000   40.000  0.00000 0
-104.000   41.000  0.00000 0
-104.000   42.000  0.00000 0
-104.000   43.000  0.00000 0
-104.000   44.000  0.00000 0
-104.000   45.000  0.00000 0
-104.000   46.000  0.00000 0
-104.000   47.000  0.00000 0
-104.000   48.000  0.00000 0
-104.000   49.000  0.00000 0
-104.000   50.000  0.00000 0
-103.000   25.000  0.00000 0
-103.000   26.000  0.00000 0
-103.000   27.000  0.00000 0
-103.000   28.000  0.00000 0
-103.000   29.000  0.00000 0
-103.000   30.000  0.00000 0
-103.000   31.000  0.00000 0
-103.000   32.000  0.00000 0
-103.000   33.000  0.00000 0
-103.000   34.000  0.00000 0
-103.000   35.000  0.00000 0
-103.000   36.000  0.00000 0
-103.000   37.000  0.00000 0
-103.000   38.000  0.00000 0
-103.000   39.000  0.00000 0
-103.000   40.000  0.00000 0
-103.000   41.000  0.00000 0
-103.000   42.000  0.00000 0
-103.000   43.000  0.00000 0
-103.000   44.000  0.00000 0
-103.000   45.000  0.00000 0
-103.000   46.000  0.00000 0
-103.000   47.000  0.00000 0
-103.000   48.000  0.00000 0
-103.000   49.000  0.00000 0
-103.000   50.000  0.00000 0
-102.000   25.000  0.00000 0
-102.000   26.000  0.00000 0
-102.000   27.000  0.00000 0
-102.000   28.000  0.00000 0
-102.000   29.000  0.00000 0
-102.000   30.000  0.00000 0
-102.000   31.000  0.00000 0
-102.000   32.000  0.00000 0
-102.000   33.000  0.00000 0
-102.000   34.000  0.00000 0
-102.000   35.000  0.00000 0
-102.000   36.000  0.00000 0
-102.000   37.000  0.00000 0
-102.000   38.000  0.00000 0
-102.000   39.000  0.00000 0
-102.000   40.000  0.00000 0
-102.000   41.000  0.00000 0
-102.000   42.000  0.00000 0
-102.000   43.000  0.00000 0
-102.000   44.000  0.00000 0
-102.000   45.000  0.00000 0
-102.000   46.000  0.00000 0
-102.000   47.000  0.00000 0
-102.000   48.000  0.00000 0
-102.000   49.000  0.00000 0
-102.000   50.000  0.00000 0
-101.000   25.000  0.00000 0
-101.000   26.000  0.00000 0
-101.000   27.000  0.00000 0
-101.000   28.000  0.00000 0
-101.000   29.000  0.00000 0
-101.000   30.000  0.00000 0
-101.000   31.000  0.00000 0
-101.000   32.000  0.00000 0
-101.000   33.000  0.00000 0
-101.000   34.000  0.00000 0
-101.000   35.000  0.00000 0
-101.000   36.000  0.00000 0
-101.000   37.000  0.00000 0
-101.000   38.000  0.00000 0
-101.000   39.000  0.00000 0
-101.000   40.000  0.00000 0
-101.000   41.000  0.00000 0
-101.000   42.000  0.00000 0
-101.000   43.000  0.00000 0
-101.000   44.000  0.00000 0
-101.000   45.000  0.00000 0
-101.000   46.000  0.00000 0
-101.000   47.000  0.00000 0
-101.000   48.000  0.00000 0
-101.000   49.000  0.00000 0
-101.000   50.000  0.00000 0
-100.000   25.000  0.00000 0
-100.000   26.000  0.00000 0
-100.000   27.000  0.00000 0
-100.000   28.000  0.00000 0
-100.000   29.000  0.00000 0
-100.000   30.000  0.00000 0
-100.000   31.000  0.00000 0
-100.000   32.000  0.00000 0
-100.000   33.000  0.00000 0
-100.000   34.000  0.00000 0
-100.000   35.000  0.00000 0
-100.000   36.000  0.00000 0
-100.000   37.000  0.00000 0
-100.000   38.000  0.00000 0
-100.000   39.000  0.00000 0
-100.000   40.000  0.00000 0
-100.000   41.000  0.00000 0
-100.000   42.000  0.00000 0
-100.000   43.000  0.00000 0
-100.000   44.000  0.00000 0
-100.000   45.000  0.00000 0
-100.000   46.000  0.00000 0
-100.000   47.000  0.00000 0
-100.000   48.000  0.00000 0
-100.000   49.000  0.00000 0
-100.000   50.000  0.00000 0
 -99.000   25.000  0.00000 0
 -99.000   26.000  0.00000 0
 -99.000   27.000  0.00000 0
 -99.000   28.000  0.00000 0
 -99.000   29.000  0.00000 0
 -99.000   30.000  0.00000 0
 -99.000   31.000  0.00000 0
 -99.000   32.000  0.00000 0
 -99.000   33.000  0.00000 0
 -99.000   34.000  0.00000 0
 -99.000   35.000  0.00000 0
 -99.000   36.000  0.00000 0
 -99.000   37.000  0.00000 0
 -99.000   38.000  0.00000 0
 -99.000   39.000  0.00000 0
 -99.000   40.000  0.00000 0
 -99.000   41.000  0.00000 0
 -99.000   42.000  0.00000 0
 -99.000   43.000  0.00000 0
 -99.000   44.000  0.00000 0
 -99.000   45.000  0.00000 0
 -99.000   46.000  0.00000 0
 -99.000   47.000  0.00000 0
 -99.000   48.000  0.00000 0
 -99.000   49.000  0.00000 0
 -99.000   50.000  0.00000 0
 -98.000   25.000  0.00000 0
 -98.000   26.000  0.00000 0
 -98.000   27.000  0.00000 0
 -98.000   28.000  0.00000 0
 -98.000   29.000  0.00000 0
 -98.000   30.000  0.00000 0
 -98.000   31.000  0.00000 0
 -98.000   32.000  0.00000 0
 -98.000   33.000  0.00000 0
 -98.000   34.000  0.00000 0
 -98.000   35.000  0.00000 0
 -98.000   36.000  0.00000 0
 -98.000   37.000  0.00000 0
 -98.000   38.000  0.00000 0
 -98.000   39.000  0.00000 0
 -98.000   40.000  0.00000 0
 -98.000   41.000  0.00000 0
 -98.000   42.000  0.00000 0
 -98.000   43.000  0.00000 0
 -98.000   44.000  0.00000 0
 -98.000   45.000  0.00000 0
 -98.000   46.000  0.00000 0
 -98.000   47.000  0.00000 0
 -98.000   48.000  0.00000 0
 -98.000   49.000  0.00000 0
 -98.000   50.000  0.00000 0
 -97.000   25.000  0.00000 0
 -97.000   26.000  0.00000 0
 -97.000   27.000  0.00000 0
 -97.000   28.000  0.00000 0
 -97.000   29.000  0.00000 0
 -97.000   30.000  0.00000 0
 -97.000   31.000  0.00000 0
 -97.000   32.000  0.00000 0
 -97.000   33.000  0.00000 0
 -97.000   34.000  0.00000 0
 -97.000   35.000  0.00000 0
 -97.000   36.000  0.00000 0
 -97.000   37.000  0.00000 0
 -97.000   38.000  0.00000 0
 -97.000   39.000  0.00000 0
 -97.000   40.000  0.00000 0
 -97.000   41.000  0.00000 0
 -97.000   42.000  0.00000 0
 -97.000   43.000  0.00000 0
 -97.000   44.000  0.00000 0
 -97.000   45.000  0.00000 0
 -97.000   46.000  0.00000 0
 -97.000   47.000  0.00000 0
 -97.000   48.000  0.00000 0
 -97.000   49.000  0.00000 0
 -97.000   50.000  0.00000 0
 -96.000   25.000  0.00000 0
 -96.000   26.000  0.00000 0
 -96.000   27.000  0.00000 0
 -96.000   28.000  0.00000 0
 -96.000   29.000  0.00000 0
 -96.000   30.000  0.00000 0
 -96.000   31.000  0.00000 0
 -96.000   32.000  0.00000 0
 -96.000   33.000  0.00000 0
 -96.000   34.000  0.00000 0
 -96.000   35.000  0.00000 0
 -96.000   36.000  0.00000 0
 -96.000   37.000  0.00000 0
 -96.000   38.000  0.00000 0
 -96.000   39.000  0.00000 0
 -96.000   40.000  0.00000 0
 -96.000   41.000  0.00000 0
 -96.000   42.000  0.00000 0
 -96.000   43.000  0.00000 0
 -96.000   44.000  0.00000 0
 -96.000   45.000  0.00000 0
 -96.000   46.000  0.00000 0
 -96.000   47.000  0.00000 0
 -96.000   48.000  0.00000 0
 -96.000   49.000  0.00000 0
 -96.000   50.000  0.00000 0
 -95.000   25.000  0.00000 0
 -95.000   26.000  0.00000 0
 -95.000   27.000  0.00000 0
 -95.000   28.000  0.00000 0
 -95.000   29.000  0.00000 0
 -95.000   30.000  0.00000 0
 -95.000   31.000  0.00000 0
 -95.000   32.000  0.00000 0
 -95.000   33.000  0.00000 0
 -95.000   34.000  0.00000 0
 -95.000   35.000  0.00000 0
 -95.000   36.000  0.00000 0
 -95.000   37.000  0.00000 0
 -95.000   38.000  0.00000 0
 -95.000   39.000  0.00000 0
 -95.000   40.000  0.00000 0
 -95.000   41.000  0.00000 0
 -95.000   42.000  0.00000 0
 -95.000   43.000  0.00000 0
 -95.000   44.000  0.00000 0
 -95.000   45.000  0.00000 0
 -95.000   46.000  0.00000 0
 -95.000   47.000  0.00000 0
 -95.000   48.000  0.00000 0
 -95.000   49.000  0.00000 0
 -95.000   50.000  0.00000 0
 -94.000   25.000  0.00000 0
 -94.000   26.000  0.00000 0
 -94.000   27.000  0.00000 0
 -94.000   28.000  0.00000 0
 -94.000   29.000  0.00000 0
 -94.000   30.000  0.00000 0
 -94.000   31.000  0.00000 0
 -94.000   32.000  0.00000 0
 -94.000   33.000  0.00000 0
 -94.000   34.000  0.00000 0
 -94.000   35.000  0.00000 0
 -94.000   36.000  0.00000 0
 -94.000   37.000  0.00000 0
 -94.000   38.000  0.00000 0
 -94.000   39.000  0.00000 0
 -94.000   40.000  0.00000 0
 -94.000   41.000  0.00000 0
 -94.000   42.000  0.00000 0
 -94.000   43.000  0.00000 0
 -94.000   44.000  0.00000 0
 -94.000   45.000  0.00000 0
 -94.000   46.000  0.00000 0
 -94.000   47.000  0.00000 0
 -94.000   48.000  0.00000 0
 -94.000   49.000  0.00000 0
 -94.000   50.000  0.00000 0
 -93.000   25.000  0.00000 0
 -93.000   26.000  0.00000 0
 -93.000   27.000  0.00000 0
 -93.000   28.000  0.00000 0
 -93.000   29.000  0.00000 0
 -93.000   30.000  0.00000 0
 -93.000   31.000  0.00000 0
 -93.000   32.000  0.00000 0
 -93.000   33.000  0.00000 0
 -93.000   34.000  0.00000 0
 -93.000   35.000  0.00000 0
 -93.000   36.000  0.00000 0
 -93.000   37.000  0.00000 0
 -93.000   38.000  0.00000 0
 -93.000   39.000  0.00000 0
 -93.000   40.000  0.00000 0
 -93.000   41.000  0.00000 0
 -93.000   42.000  0.00000 0
 -93.000   43.000  0.00000 0
 -93.000   44.000  0.00000 0
 -93.000   45.000  0.00000 0
 -93.000   46.000  0.00000 0
 -93.000   47.000  0.00000 0
 -93.000   48.000  0.00000 0
 -93.000   49.000  0.00000 0
 -93.000   50.000  0.00000 0
 -92.000   25.000  0.00000 0
 -92.000   26.000  0.00000 0
 -92.000   27.000  0.00000 0
 -92.000   28.000  0.00000 0
 -92.000   29.000  0.00000 0
 -92.000   30.000  0.00000 0
 -92.000   31.000  0.00000 0
 -92.000   32.000  0.00000 0
 -92.000   33.000  0.00000 0
 -92.000   34.000  0.00000 0
 -92.000   35.000  0.00000 0
 -92.000   36.000  0.00000 0
 -92.000   37.000  0.00000 0
 -92.000   38.000  0.00000 0
 -92.000   39.000  0.00000 0
 -92.000   40.000  0.00000 0
 -92.000   41.000  0.00000 0
 -92.000   42.000  0.00000 0
 -92.000   43.000  0.00000 0
 -92.000   44.000  0.00000 0
 -92.000   45.000  0.00000 0
 -92.000   46.000  0.00000 0
 -92.000   47.000  0.00000 0
 -92.000   48.000  0.00000 0
 -92.000   49.000  0.00000 0
 -92.000   50.000  0.00000 0
 -91.000   25.000  0.00000 0
 -91.000   26.000  0.00000 0
 -91.000   27.000  0.00000 0
 -91.000   28.000  0.00000 0
 -91.000   29.000  0.00000 0
 -91.000   30.000  0.00000 0
 -91.000   31.000  0.00000 0
 -91.000   32.000  0.00000 0
 -91.000   33.000  0.00000 0
 -91.000   34.000  0.00000 0
 -91.000   35.000  0.00000 0
 -91.000   36.000  0.00000 0
 -91.000   37.000  0.00000 0
 -91.000   38.000  0.00000 0
 -91.000   39.000  0.00000 0
 -91.000   40.000  0.00000 0
 -91.000   41.000  0.00000 0
 -91.000   42.000  0.00000 0
 -91.000   43.000  0.00000 0
 -91.000   44.000  0.00000 0
 -91.000   45.000  0.00000 0
 -91.000   46.000  0.00000 0
 -91.000   47.000  0.00000 0
 -91.000   48.000  0.00000 0
 -91.000   49.000  0.00000 0
 -91.000   50.000  0.00000 0
 -90.000   25.000  0.00000 0
 -90.000   26.000  0.00000 0
 -90.000   27.000  0.00000 0
 -90.000   28.000  0.00000 0
 -90.000   29.000  0.00000 0
 -90.000   30.000  0.00000 0
 -90.000   31.000  0.00000 0
 -90.000   32.000  0.00000 0
 -90.000   33.000  0.00000 0
 -90.000   34.000  0.00000 0
 -90.000   35.000  0.00000 0
 -90.000   36.000  0.00000 0
 -90.000   37.000  0.00000 0
 -90.000   38.000  0.00000 0
 -90.000   39.000  0.00000 0
 -90.000   40.000  0.00000 0
 -90.000   41.000  0.00000 0
 -90.000   42.000  0.00000 0
 -90.000   43.000  0.00000 0
 -90.000   44.000  0.00000 0
 -90.000   45.000  0.00000 0
 -90.000   46.000  0.00000 0
 -90.000   47.000  0.00000 0
 -90.000   48.000  0.00000 0
 -90.000   49.000  0.00000 0
 -90.000   50.000  0.00000 0
 -89.000   25.000  0.00000 0
 -89.000   26.000  0.00000 0
 -89.000   27.000  0.00000 0
 -89.000   28.000  0.00000 0
 -89.000   29.000  0.00000 0
 -89.000   30.000  0.00000 0
 -89.000   31.000  0.00000 0
 -89.000   32.000  0.00000 0
 -89.000   33.000  0.00000 0
 -89.000   34.000  0.00000 0
 -89.000   35.000  0.00000 0
 -89.000   36.000  0.00000 0
 -89.000   37.000  0.00000 0
 -89.000   38.000  0.00000 0
 -89.000   39.000  0.00000 0
 -89.000   40.000  0.00000 0
 -89.000   41.000  0.00000 0
 -89.000   42.000  0.00000 0
 -89.000   43.000  0.00000 0
 -89.000   44.000  0.00000 0
 -89.000   45.000  0.00000 0
 -89.000   46.000  0.00000 0
 -89.000   47.000  0.00000 0
 -89.000   48.000  0.00000 0
 -89.000   49.000  0.00000 0
 -89.000   50.000  0.00000 0
 -88.000   25.000  0.00000 0
 -88.000   26.000  0.00000 0
 -88.000   27.000  0.00000 0
 -88.000   28.000  0.00000 0
 -88.000   29.000  0.00000 0
 -88.000   30.000  0.00000 0
 -88.000   31.000  0.00000 0
 -88.000   32.000  0.00000 0
 -88.000   33.000  0.00000 0
 -88.000   34.000  0.00000 0
 -88.000   35.000  0.00000 0
 -88.000   36.000  0.00000 0
 -88.000   37.000  0.00000 0
 -88.000   38.000  0.00000 0
 -88.000   39.000  0.00000 0
 -88.000   40.000  0.00000 0
 -88.000   41.000  0.00000 0
 -88.000   42.000  0.00000 0
 -88.000   43.000  0.00000 0
 -88.000   44.000  0.00000 0
 -88.000   45.000  0.00000 0
 -88.000   46.000  0.00000 0
 -88.000   47.000  0.00000 0
 -88.000   48.000  0.00000 0
 -88.000   49.000  0.00000 0
 -88.000   50.000  0.00000 0
 -87.000   25.000  0.00000 0
 -87.000   26.000  0.00000 0
 -87.000   27.000  0.00000 0
 -87.000   28.000  0.00000 0
 -87.000   29.000  0.00000 0
 -87.000   30.000  0.00000 0
 -87.000   31.000  0.00000 0
 -87.000   32.000  0.00000 0
 -87.000   33.000  0.00000 0
 -87.000   34.000  0.00000 0
 -87.000   35.000  0.00000 0
 -87.000   36.000  0.00000 0
 -87.000   37.000  0.00000 0
 -87.000   38.000  0.00000 0
 -87.000   39.000  0.00000 0
 -87.000   40.000  0.00000 0
 -87.000   41.000  0.00000 0
 -87.000   42.000  0.00000 0
 -87.000   43.000  0.00000 0
 -87.000   44.000  0.00000 0
 -87.000   45.000  0.00000 0
 -87.000   46.000  0.00000 0
 -87.000   47.000  0.00000 0
 -87.000   48.000  0.00000 0
 -87.000   49.000  0.00000 0
 -87.000   50.000  0.00000 0
 -86.000   25.000  0.00000 0
 -86.000   26.000  0.00000 0
 -86.000   27.000  0.00000 0
 -86.000   28.000  0.00000 0
 -86.000   29.000  0.00000 0
 -86.000   30.000  0.00000 0
 -86.000   31.000  0.00000 0
 -86.000   32.000  0.00000 0
 -86.000   33.000  0.00000 0
 -86.000   34.000  0.00000 0
 -86.000   35.000  0.00000 0
 -86.000   36.000  0.00000 0
 -86.000   37.000  0.00000 0
 -86.000   38.000  0.00000 0
 -86.000   39.000  0.00000 0
 -86.000   40.000  0.00000 0
 -86.000   41.000  0.00000 0
 -86.000   42.000  0.00000 0
 -86.000   43.000  0.00000 0
 -86.000   44.000  0.00000 0
 -86.000   45.000  0.00000 0
 -86.000   46.000  0.00000 0
 -86.000   47.000  0.00000 0
 -86.000   48.000  0.00000 0
 -86.000   49.000  0.00000 0
 -86.000   50.000  0.00000 0
 -85.000   25.000  0.00000 0
 -85.000   26.000  0.00000 0
 -85.000   27.000  0.00000 0
 -85.000   28.000  0.00000 0
 -85.000   29.000  0.00000 0
 -85.000   30.000  0.00000 0
 -85.000   31.000  0.00000 0
 -85.000   32.000  0.00000 0
 -85.000   33.000  0.00000 0
 -85.000   34.000  0.00000 0
 -85.000   35.000  0.00000 0
 -85.000   36.000  0.00000 0
 -85.000   37.000  0.00000 0
 -85.000   38.000  0.00000 0
 -85.000   39.000  0.00000 0
 -85.000   40.000  0.00000 0
 -85.000   41.000  0.00000 0
 -85.000   42.000  0.00000 0
 -85.000   43.000  0.00000 0
 -85.000   44.000  0.00000 0
 -85.000   45.000  0.00000 0
 -85.000   46.000  0.00000 0
 -85.000   47.000  0.00000 0
 -85.000   48.000  0.00000 0
 -85.000   49.000  0.00000 0
 -85.000   50.000  0.00000 0
 -84.000   25.000  0.00000 0
 -84.000   26.000  0.00000 0
 -84.000   27.000  0.00000 0
 -84.000   28.000  0.00000 0
 -84.000   29.000  0.00000 0
 -84.000   30.000  0.00000 0
 -84.000   31.000  0.00000 0
 -84.000   32.000  0.00000 0
 -84.000   33.000  0.00000 0
 -84.000   34.000  0.00000 0
 -84.000   35.000  0.00000 0
 -84.000   36.000  0.00000 0
 -84.000   37.000  0.00000 0
 -84.000   38.000  0.00000 0
 -84.000   39.000  0.00000 0
 -84.000   40.000  0.00000 0
 -84.000   41.000  0.00000 0
 -84.000   42.000  0.00000 0
 -84.000   43.000  0.00000 0
 -84.000   44.000  0.00000 0
 -84.000   45.000  0.00000 0
 -84.000   46.000  0.00000 0
 -84.000   47.000  0.00000 0
 -84.000   48.000  0.00000 0
 -84.000   49.000  0.00000 0
 -84.000   50.000  0.00000 0
 -83.000   25.000  0.00000 0
 -83.000   26.000  0.00000 0
 -83.000   27.000  0.00000 0
 -83.000   28.000  0.00000 0
 -83.000   29.000  0.00000 0
 -83.000   30.000  0.00000 0
 -83.000   31.000  0.00000 0
 -83.000   32.000  0.00000 0
 -83.000   33.000  0.00000 0
 -83.000   34.000  0.00000 0
 -83.000   35.000  0.00000 0
 -83.000   36.000  0.00000 0
 -83.000   37.000  0.00000 0
 -83.000   38.000  0.00000 0
 -83.000   39.000  0.00000 0
 -83.000   40.000  0.00000 0
 -83.000   41.000  0.00000 0
 -83.000   42.000  0.00000 0
 -83.000   43.000  0.00000 0
 -83.000   44.000  0.00000 0
 -83.000   45.000  0.00000 0
 -83.000   46.000  0.00000 0
 -83.000   47.000  0.00000 0
 -83.000   48.000  0.00000 0
 -83.000   49.000  0.00000 0
 -83.000   50.000  0.00000 0
 -82.000   25.000  0.00000 0
 -82.000   26.000  0.00000 0
 -82.000   27.000  0.00000 0
 -82.000   28.000  0.00000 0
 -82.000   29.000  0.00000 0
 -82.000   30.000  0.00000 0
 -82.000   31.000  0.00000 0
 -82.000   32.000  0.00000 0
 -82.000   33.000  0.00000 0
 -82.000   34.000  0.00000 0
 -82.000   35.000  0.00000 0
 -82.000   36.000  0.00000 0
 -82.000   37.000  0.00000 0
 -82.000   38.000  0.00000 0
 -82.000   39.000  0.00000 0
 -82.000   40.000  0.00000 0
 -82.000   41.000  0.00000 0
 -82.000   42.000  0.00000 0
 -82.000   43.000  0.00000 0
 -82.000   44.000  0.00000 0
 -82.000   45.000  0.00000 0
 -82.000   46.000  0.00000 0
 -82.000   47.000  0.00000 0
 -82.000   48.000  0.00000 0
 -82.000   49.000  0.00000 0
 -82.000   50.000  0.00000 0
 -81.000   25.000  0.00000 0
 -81.000   26.000  0.00000 0
 -81.000   27.000  0.00000 0
 -81.000   28.000  0.00000 0
 -81.000   29.000  0.00000 0
 -81.000   30.000  0.00000 0
 -81.000   31.000  0.00000 0
 -81.000   32.000  0.00000 0
 -81.000   33.000  0.00000 0
 -81.000   34.000  0.00000 0
 -81.000   35.000  0.00000 0
 -81.000   36.000  0.00000 0
 -81.000   37.000  0.00000 0
 -81.000   38.000  0.00000 0
 -81.000   39.000  0.00000 0
 -81.000   40.000  0.00000 0
 -81.000   41.000  0.00000 0
 -81.000   42.000  0.00000 0
 -81.000   43.000  0.00000 0
 -81.000   44.000  0.00000 0
 -81.000   45.000  0.00000 0
 -81.000   46.000  0.00000 0
 -81.000   47.000  0.00000 0
 -81.000   48.000  0.00000 0
 -81.000   49.000  0.00000 0
 -81.000   50.000  0.00000 0
 -80.000   25.000  0.00000 0
 -80.000   26.000  0.00000 0
 -80.000   27.000  0.00000 0
 -80.000   28.000  0.00000 0
 -80.000   29.000  0.00000 0
 -80.000   30.000  0.00000 0
 -80.000   31.000  0.00000 0
 -80.000   32.000  0.00000 0
 -80.000   33.000  0.00000 0
 -80.000   34.000  0.00000 0
 -80.000   35.000  0.00000 0
 -80.000   36.000  0.00000 0
 -80.000   37.000  0.00000 0
 -80.000   38.000  0.00000 0
 -80.000   39.000  0.00000 0
 -80.000   40.000  0.00000 0
 -80.000   41.000  0.00000 0
 -80.000   42.000  0.00000 0
 -80.000   43.000  0.00000 0
 -80.000   44.000  0.00000 0
 -80.000   45.000  0.00000 0
 -80.000   46.000  0.00000 0
 -80.000   47.000  0.00000 0
 -80.000   48.000  0.00000 0
 -80.000   49.000  0.00000 0
 -80.000   50.000  0.00000 0
 -79.000   25.000  0.00000 0
 -79.000   26.000  0.00000 0
 -79.000   27.000  0.00000 0
 -79.000   28.000  0.00000 0
 -79.000   29.000  0.00000 0
 -79.000   30.000  0.00000 0
 -79.000   31.000  0.00000 0
 -79.000   32.000  0.00000 0
 -79.000   33.000  0.00000 0
 -79.000   34.000  0.00000 0
 -79.000   35.000  0.00000 0
 -79.000   36.000  0.00000 0
 -79.000   37.000  0.00000 0
 -79.000   38.000  0.00000 0
 -79.000   39.000  0.00000 0
 -79.000   40.000  0.00000 0
 -79.000   41.000  0.00000 0
 -79.000   42.000  0.00000 0
 -79.000   43.000  0.00000 0
 -79.000   44.000  0.00000 0
 -79.000   45.000  0.00000 0
 -79.000   46.000  0.00000 0
 -79.000   47.000  0.00000 0
 -79.000   48.000  0.00000 0
 -79.000   49.000  0.00000 0
 -79.000   50.000  0.00000 0
 -78.000   25.000  0.00000 0
 -78.000   26.000  0.00000 0
 -78.000   27.000  0.00000 0
 -78.000   28.000  0.00000 0
 -78.000   29.000  0.00000 0
 -78.000   30.000  0.00000 0
 -78.000   31.000  0.00000 0
 -78.000   32.000  0.00000 0
 -78.000   33.000  0.00000 0
 -78.000   34.000  0.00000 0
 -78.000   35.000  0.00000 0
 -78.000   36.000  0.00000 0
 -78.000   37.000  0.00000 0
 -78.000   38.000  0.00000 0
 -78.000   39.000  0.00000 0
 -78.000   40.000  0.00000 0
 -78.000   41.000  0.00000 0
 -78.000   42.000  0.00000 0
 -78.000   43.000  0.00000 0
 -78.000   44.000  0.00000 0
 -78.000   45.000  0.00000 0
 -78.000   46.000  0.00000 0
 -78.000   47.000  0.00000 0
 -78.000   48.000  0.00000 0
 -78.000   49.000  0.00000 0
 -78.000   50.000  0.00000 0
 -77.000   25.000  0.00000 0
 -77.000   26.000  0.00000 0
 -77.000   27.000  0.00000 0
 -77.000   28.000  0.00000 0
 -77.000   29.000  0.00000 0
 -77.000   30.000  0.00000 0
 -77.000   31.000  0.00000 0
 -77.000   32.000  0.00000 0
 -77.000   33.000  0.00000 0
 -77.000   34.000  0.00000 0
 -77.000   35.000  0.00000 0
 -77.000   36.000  0.00000 0
 -77.000   37.000  0.00000 0
 -77.000   38.000  0.00000 0
 -77.000   39.000  0.00000 0
 -77.000   40.000  0.00000 0
 -77.000   41.000  0.00000 0
 -77.000   42.000  0.00000 0
 -77.000   43.000  0.00000 0
 -77.000   44.000  0.00000 0
 -77.000   45.000  0.00000 0
 -77.000   46.000  0.00000 0
 -77.000   47.000  0.00000 0
 -77.000   48.000  0.00000 0
 -77.000   49.000  0.00000 0
 -77.000   50.000  0.00000 0
 -76.000   25.000  0.00000 0
 -76.000   26.000  0.00000 0
 -76.000   27.000  0.00000 0
 -76.000   28.000  0.00000 0
 -76.000   29.000  0.00000 0
 -76.000   30.000  0.00000 0
 -76.000   31.000  0.00000 0
 -76.000   32.000  0.00000 0
 -76.000   33.000  0.00000 0
 -76.000   34.000  0.00000 0
 -76.000   35.000  0.00000 0
 -76.000   36.000  0.00000 0
 -76.000   37.000  0.00000 0
 -76.000   38.000  0.00000 0
 -76.000   39.000  0.00000 0
 -76.000   40.000  0.00000 0
 -76.000   41.000  0.00000 0
 -76.000   42.000  0.00000 0
 -76.000   43.000  0.00000 0
 -76.000   44.000  0.00000 0
 -76.000   45.000  0.00000 0
 -76.000   46.000  0.00000 0
 -76.000   47.000  0.00000 0
 -76.000   48.000  0.00000 0
 -76.000   49.000  0.00000 0
 -76.000   50.000  0.00000 0
 -75.000   25.000 -0.03903 0
 -75.000   26.000 -0.02927 0
 -75.000   27.000 -0.02342 0
 -75.000   28.000 -0.01171 0
 -75.000   29.000  0.00000 0
 -75.000   30.000  0.00000 0
 -75.000   31.000  0.00000 0
 -75.000   32.000  0.00000 0
 -75.000   33.000  0.00000 0
 -75.000   34.000  0.00000 0
 -75.000   35.000  0.00000 0
 -75.000   36.000  0.00000 0
 -75.000   37.000  0.00000 0
 -75.000   38.000  0.00000 0
 -75.000   39.000  0.00000 0
 -75.000   40.000  0.00000 0
 -75.000   41.000  0.00000 0
 -75.000   42.000  0.00000 0
 -75.000   43.000  0.00000 0
 -75.000   44.000  0.00000 0
 -75.000   45.000  0.00000 0
 -75.000   46.000  0.00000 0
 -75.000   47.000  0.00000 0
 -75.000   48.000  0.00000 0
 -75.000   49.000  0.00000 0
 -75.000   50.000  0.00000 0
 -74.000   25.000 -0.07805 0
 -74.000   26.000 -0.05854 0
 -74.000   27.000 -0.04683 0
 -74.000   28.000 -0.02342 0
 -74.000   29.000  0.00000 0
 -74.000   30.000  0.00000 0
 -74.000   31.000  0.00000 0
 -74.000   32.000  0.00000 0
 -74.000   33.000  0.00000 0
 -74.000   34.000  0.00000 0
 -74.000   35.000  0.00000 0
 -74.000   36.000  0.00000 0
 -74.000   37.000  0.00000 0
 -74.000   38.000  0.00000 0
 -74.000   39.000  0.00000 0
 -74.000   40.000  0.00000 0
 -74.000   41.000  0.00000 0
 -74.000   42.000  0.00000 0
 -74.000   43.000  0.00000 0
 -74.000   44.000  0.00000 0
 -74.000   45.000  0.00000 0
 -74.000   46.000  0.00000 0
 -74.000   47.000  0.00000 0
 -74.000   48.000  0.00000 0
 -74.000   49.000  0.00000 0
 -74.000   50.000  0.00000 0
 -73.000   25.000 -0.13984 1
 -73.000   26.000 -0.12009 1
 -73.000   27.000 -0.09607 0
 -73.000   28.000 -0.06017 0
 -73.000   29.000 -0.02434 0
 -73.000   30.000 -0.01217 0
 -73.000   31.000  0.00000 0
 -73.000   32.000  0.00000 0
 -73.000   33.000  0.00000 0
 -73.000   34.000  0.00000 0
 -73.000   35.000  0.00000 0
 -73.000   36.000  0.00000 0
 -73.000   37.000  0.00000 0
 -73.000   38.000  0.00000 0
 -73.000   39.000  0.00000 0
 -73.000   40.000  0.00000 0
 -73.000   41.000  0.00000 0
 -73.000   42.000  0.00000 0
 -73.000   43.000  0.00000 0
 -73.000   44.000  0.00000 0
 -73.000   45.000  0.00000 0
 -73.000   46.000  0.00000 0
 -73.000   47.000  0.00000 0
 -73.000   48.000  0.00000 0
 -73.000   49.000  0.00000 0
 -73.000   50.000  0.00000 0
 -72.000   25.000 -0.20268 1
 -72.000   26.000 -0.18243 1
 -72.000   27.000 -0.14594 0
 -72.000   28.000 -0.09715 0
 -72.000   29.000 -0.04867 0
 -72.000   30.000 -0.02434 0
 -72.000   31.000  0.00000 0
 -72.000   32.000  0.00000 0
 -72.000   33.000  0.00000 0
 -72.000   34.000  0.00000 0
 -72.000   35.000  0.00000 0
 -72.000   36.000  0.00000 0
 -72.000   37.000  0.00000 0
 -72.000   38.000  0.00000 0
 -72.000   39.000  0.00000 0
 -72.000   40.000  0.00000 0
 -72.000   41.000  0.00000 0
 -72.000   42.000  0.00000 0
 -72.000   43.000  0.00000 0
 -72.000   44.000  0.00000 0
 -72.000   45.000  0.00000 0
 -72.000   46.000  0.00000 0
 -72.000   47.000  0.00000 0
 -72.000   48.000  0.00000 0
 -72.000   49.000  0.00000 0
 -72.000   50.000  0.00000 0
 -71.000   25.000 -0.26693 3
 -71.000   26.000 -0.24745 4
 -71.000   27.000 -0.21231 1
 -71.000   28.000 -0.16424 1
 -71.000   29.000 -0.11489 0
 -71.000   30.000 -0.08966 0
 -71.000   31.000 -0.05186 0
 -71.000   32.000 -0.03751 0
 -71.000   33.000 -0.02395 0
 -71.000   34.000 -0.01198 0
 -71.000   35.000  0.00000 0
 -71.000   36.000  0.00000 0
 -71.000   37.000  0.00000 0
 -71.000   38.000  0.00000 0
 -71.000   39.000  0.00000 0
 -71.000   40.000  0.00000 0
 -71.000   41.000  0.00000 0
 -71.000   42.000  0.00000 0
 -71.000   43.000  0.00000 0
 -71.000   44.000  0.00000 0
 -71.000   45.000  0.00000 0
 -71.000   46.000  0.00000 0
 -71.000   47.000  0.00000 0
 -71.000   48.000  0.00000 0
 -71.000   49.000  0.00000 0
 -71.000   50.000  0.00000 0
 -70.000   25.000 -0.29293 2
 -70.000   26.000 -0.28417 3
 -70.000   27.000 -0.25604 1
 -70.000   28.000 -0.22044 1
 -70.000   29.000 -0.18177 0
 -70.000   30.000 -0.15531 0
 -70.000   31.000 -0.10373 0
 -70.000   32.000 -0.07502 0
 -70.000   33.000 -0.04790 0
 -70.000   34.000 -0.02395 0
 -70.000   35.000  0.00000 0
 -70.000   36.000  0.00000 0
 -70.000   37.000  0.00000 0
 -70.000   38.000  0.00000 0
 -70.000   39.000  0.00000 0
 -70.000   40.000  0.00000 0
 -70.000   41.000  0.00000 0
 -70.000   42.000  0.00000 0
 -70.000   43.000  0.00000 0
 -70.000   44.000  0.00000 0
 -70.000   45.000  0.00000 0
 -70.000   46.000  0.00000 0
 -70.000   47.000  0.00000 0
 -70.000   48.000  0.00000 0
 -70.000   49.000  0.00000 0
 -70.000   50.000  0.00000 0
 -69.000   25.000 -0.32035 4
 -69.000   26.000 -0.32182 7
 -69.000   27.000 -0.30021 3
 -69.000   28.000 -0.27688 5
 -69.000   29.000 -0.25027 2
 -69.000   30.000 -0.22401 3
 -69.000   31.000 -0.17178 1
 -69.000   32.000 -0.14222 1
 -69.000   33.000 -0.11458 0
 -69.000   34.000 -0.09034 0
 -69.000   35.000 -0.05291 0
 -69.000   36.000 -0.03989 0
 -69.000   37.000 -0.02671 0
 -69.000   38.000 -0.01335 0
 -69.000   39.000  0.00000 0
 -69.000   40.000  0.00000 0
 -69.000   41.000  0.00000 0
 -69.000   42.000  0.00000 0
 -69.000   43.000  0.00000 0
 -69.000   44.000  0.00000 0
 -69.000   45.000  0.00000 0
 -69.000   46.000  0.00000 0
 -69.000   47.000  0.00000 0
 -69.000   48.000  0.00000 0
 -69.000   49.000  0.00000 0
 -69.000   50.000  0.00000 0
 -68.000   25.000 -0.32646 2
 -68.000   26.000 -0.32812 4
 -68.000   27.000 -0.31899 2
 -68.000   28.000 -0.30846 4
 -68.000   29.000 -0.29514 2
 -68.000   30.000 -0.28168 3
 -68.000   31.000 -0.24110 1
 -68.000   32.000 -0.21098 1
 -68.000   33.000 -0.18259 0
 -68.000   34.000 -0.15724 0
 -68.000   35.000 -0.10582 0
 -68.000   36.000 -0.07979 0
 -68.000   37.000 -0.05341 0
 -68.000   38.000 -0.02671 0
 -68.000   39.000  0.00000 0
 -68.000   40.000  0.00000 0
 -68.000   41.000  0.00000 0
 -68.000   42.000  0.00000 0
 -68.000   43.000  0.00000 0
 -68.000   44.000  0.00000 0
 -68.000   45.000  0.00000 0
 -68.000   46.000  0.00000 0
 -68.000   47.000  0.00000 0
 -68.000   48.000  0.00000 0
 -68.000   49.000  0.00000 0
 -68.000   50.000  0.00000 0
 -67.000   25.000 -0.33151 4
 -67.000   26.000 -0.33363 8
 -67.000   27.000 -0.33714 4
 -67.000   28.000 -0.33980 8
 -67.000   29.000 -0.34002 4
 -67.000   30.000 -0.33936 7
 -67.000   31.000 -0.31041 3
 -67.000   32.000 -0.27973 4
 -67.000   33.000 -0.25059 1
 -67.000   34.000 -0.22413 2
 -67.000   35.000 -0.15873 1
 -67.000   36.000 -0.11968 1
 -67.000   37.000 -0.08012 0
 -67.000   38.000 -0.04006 0
 -67.000   39.000  0.00000 0
 -67.000   40.000  0.00000 0
 -67.000   41.000  0.00000 0
 -67.000   42.000  0.00000 0
 -67.000   43.000  0.00000 0
 -67.000   44.000  0.00000 0
 -67.000   45.000  0.00000 0
 -67.000   46.000  0.00000 0
 -67.000   47.000  0.00000 0
 -67.000   48.000  0.00000 0
 -67.000   49.000  0.00000 0
 -67.000   50.000  0.00000 0
 -66.000   25.000 -0.33407 2
 -66.000   26.000 -0.33577 4
 -66.000   27.000 -0.33847 2
 -66.000   28.000 -0.34089 4
 -66.000   29.000 -0.34226 2
 -66.000   30.000 -0.34254 4
 -66.000   31.000 -0.32318 2
 -66.000   32.000 -0.30278 3
 -66.000   33.000 -0.28330 1
 -66.000   34.000 -0.26520 2
 -66.000   35.000 -0.19842 1
 -66.000   36.000 -0.14960 1
 -66.000   37.000 -0.10015 0
 -66.000   38.000 -0.05008 0
 -66.000   39.000  0.00000 0
 -66.000   40.000  0.00000 0
 -66.000   41.000  0.00000 0
 -66.000   42.000  0.00000 0
 -66.000   43.000  0.00000 0
 -66.000   44.000  0.00000 0
 -66.000   45.000  0.00000 0
 -66.000   46.000  0.00000 0
 -66.000   47.000  0.00000 0
 -66.000   48.000  0.00000 0
 -66.000   49.000  0.00000 0
 -66.000   50.000  0.00000 0
 -65.000   25.000 -0.33706 2
 -65.000   26.000 -0.33770 4
 -65.000   27.000 -0.33938 2
 -65.000   28.000 -0.34133 4
 -65.000   29.000 -0.34487 2
 -65.000   30.000 -0.34731 4
 -65.000   31.000 -0.34447 2
 -65.000   32.000 -0.34118 3
 -65.000   33.000 -0.33782 1
 -65.000   34.000 -0.33364 2
 -65.000   35.000 -0.26456 1
 -65.000   36.000 -0.19946 1
 -65.000   37.000 -0.13353 0
 -65.000   38.000 -0.06677 0
 -65.000   39.000  0.00000 0
 -65.000   40.000  0.00000 0
 -65.000   41.000  0.00000 0
 -65.000   42.000  0.00000 0
 -65.000   43.000  0.00000 0
 -65.000   44.000  0.00000 0
 -65.000   45.000  0.00000 0
 -65.000   46.000  0.00000 0
 -65.000   47.000  0.00000 0
 -65.000   48.000  0.00000 0
 -65.000   49.000  0.00000 0
 -65.000   50.000  0.00000 0
