-130.000   25.000  0.02041 13
-130.000   26.000  0.01670 18
-130.000   27.000  0.01200 12
-130.000   28.000  0.00865 17
-130.000   29.000  0.00589 11
-130.000   30.000  0.00547 16
-130.000   31.000  0.00632 11
-130.000   32.000  0.01067 15
-130.000   33.000  0.01281 10
-130.000   34.000  0.01379 14
-130.000   35.000  0.01070 11
-130.000   36.000  0.01123 15
-130.000   37.000  0.00969 11
-130.000   38.000  0.01169 16
-130.000   39.000  0.01065 12
-130.000   40.000  0.00989 17
-130.000   41.000  0.00385 11
-130.000   42.000 -0.00168 16
-130.000   43.000 -0.00652 11
-130.000   44.000 -0.00729 15
-130.000   45.000 -0.00294 11
-130.000   46.000  0.00404 16
-130.000   47.000  0.01087 13
-130.000   48.000  0.01383 17
-130.000   49.000  0.01512 12
-130.000   50.000  0.01488 16
-129.000   25.000  0.02170 23
-129.000   26.000  0.01923 29
-129.000   27.000  0.01480 20
-129.000   28.000  0.01215 26
-129.000   29.000  0.00883 18
-129.000   30.000  0.00750 24
-129.000   31.000  0.00685 18
-129.000   32.000  0.01019 21
-129.000   33.000  0.01138 15
-129.000   34.000  0.01272 17
-129.000   35.000  0.00981 15
-129.000   36.000  0.01108 17
-129.000   37.000  0.00989 15
-129.000   38.000  0.01209 20
-129.000   39.000  0.00986 18
-129.000   40.000  0.00831 22
-129.000   41.000  0.00165 16
-129.000   42.000 -0.00343 20
-129.000   43.000 -0.00758 16
-129.000   44.000 -0.00669 19
-129.000   45.000 -0.00149 17
-129.000   46.000  0.00589 22
-129.000   47.000  0.01197 20
-129.000   48.000  0.01451 22
-129.000   49.000  0.01519 17
-129.000   50.000  0.01496 20
-128.000   25.000  0.02102 13
-128.000   26.000  0.01897 17
-128.000   27.000  0.01460 11
-128.000   28.000  0.01171 15
-128.000   29.000  0.00775 10
-128.000   30.000  0.00575 14
-128.000   31.000  0.00486 10
-128.000   32.000  0.00803 14
-128.000   33.000  0.00939 10
-128.000   34.000  0.01159 14
-128.000   35.000  0.00963 10
-128.000   36.000  0.01111 14
-128.000   37.000  0.00999 10
-128.000   38.000  0.01184 16
-128.000   39.000  0.00863 12
-128.000   40.000  0.00674 17
-128.000   41.000  0.00076 11
-128.000   42.000 -0.00291 16
-128.000   43.000 -0.00581 11
-128.000   44.000 -0.00375 16
-128.000   45.000  0.00107 12
-128.000   46.000  0.00742 18
-128.000   47.000  0.01201 13
-128.000   48.000  0.01397 17
-128.000   49.000  0.01423 11
-128.000   50.000  0.01426 16
-127.000   25.000  0.01852 23
-127.000   26.000  0.01947 29
-127.000   27.000  0.01675 21
-127.000   28.000  0.01642 26
-127.000   29.000  0.01309 18
-127.000   30.000  0.01102 23
-127.000   31.000  0.00778 17
-127.000   32.000  0.00885 20
-127.000   33.000  0.00830 15
-127.000   34.000  0.01032 17
-127.000   35.000  0.00825 14
-127.000   36.000  0.01037 17
-127.000   37.000  0.00942 15
-127.000   38.000  0.01113 20
-127.000   39.000  0.00675 17
-127.000   40.000  0.00477 21
-127.000   41.000 -0.00094 16
-127.000   42.000 -0.00289 19
-127.000   43.000 -0.00461 15
-127.000   44.000 -0.00040 19
-127.000   45.000  0.00455 17
-127.000   46.000  0.01096 23
-127.000   47.000  0.01395 19
-127.000   48.000  0.01559 22
-127.000   49.000  0.01497 16
-127.000   50.000  0.01539 20
-126.000   25.000  0.01119 13
-126.000   26.000  0.01514 18
-126.000   27.000  0.01471 13
-126.000   28.000  0.01719 17
-126.000   29.000  0.01567 11
-126.000   30.000  0.01505 15
-126.000   31.000  0.01065 10
-126.000   32.000  0.01009 13
-126.000   33.000  0.00816 9
-126.000   34.000  0.00965 12
-126.000   35.000  0.00759 9
-126.000   36.000  0.00951 13
-126.000   37.000  0.00828 10
-126.000   38.000  0.00919 15
-126.000   39.000  0.00448 11
-126.000   40.000  0.00331 16
-126.000   41.000 -0.00047 11
-126.000   42.000  0.00021 15
-126.000   43.000 -0.00005 10
-126.000   44.000  0.00527 15
-126.000   45.000  0.00900 11
-126.000   46.000  0.01421 17
-126.000   47.000  0.01538 12
-126.000   48.000  0.01705 17
-126.000   49.000  0.01611 11
-126.000   50.000  0.01736 16
-125.000   25.000  0.00378 24
-125.000   26.000  0.00863 30
-125.000   27.000  0.00943 23
-125.000   28.000  0.01273 27
-125.000   29.000  0.01259 19
-125.000   30.000  0.01353 25
-125.000   31.000  0.00984 18
-125.000   32.000  0.00937 22
-125.000   33.000  0.00777 16
-125.000   34.000  0.00967 20
-125.000   35.000  0.00807 15
-125.000   36.000  0.00953 19
-125.000   37.000  0.00746 15
-125.000   38.000  0.00779 20
-125.000   39.000  0.00305 16
-125.000   40.000  0.00326 21
-125.000   41.000  0.00170 17
-125.000   42.000  0.00509 19
-125.000   43.000  0.00525 14
-125.000   44.000  0.01066 17
-125.000   45.000  0.01183 14
-125.000   46.000  0.01585 18
-125.000   47.000  0.01582 15
-125.000   48.000  0.01865 20
-125.000   49.000  0.01793 16
-125.000   50.000  0.02115 20
-124.000   25.000 -0.00043 14
-124.000   26.000  0.00430 18
-124.000   27.000  0.00599 13
-124.000   28.000  0.00980 16
-124.000   29.000  0.01116 11
-124.000   30.000  0.01355 16
-124.000   31.000  0.01112 11
-124.000   32.000  0.01119 15
-124.000   33.000  0.01017 10
-124.000   34.000  0.01204 15
-124.000   35.000  0.01061 10
-124.000   36.000  0.01137 14
-124.000   37.000  0.00841 9
-124.000   38.000  0.00815 15
-124.000   39.000  0.00450 11
-124.000   40.000  0.00647 17
-124.000   41.000  0.00704 12
-124.000   42.000  0.01218 16
-124.000   43.000  0.01224 10
-124.000   44.000  0.01599 14
-124.000   45.000  0.01401 9
-124.000   46.000  0.01642 13
-124.000   47.000  0.01578 9
-124.000   48.000  0.01947 16
-124.000   49.000  0.01943 12
-124.000   50.000  0.02442 18
-123.000   25.000 -0.00244 24
-123.000   26.000  0.00191 29
-123.000   27.000  0.00413 22
-123.000   28.000  0.00818 26
-123.000   29.000  0.01067 19
-123.000   30.000  0.01398 26
-123.000   31.000  0.01235 19
-123.000   32.000  0.01288 24
-123.000   33.000  0.01268 17
-123.000   34.000  0.01425 23
-123.000   35.000  0.01246 16
-123.000   36.000  0.01271 20
-123.000   37.000  0.00900 14
-123.000   38.000  0.00870 20
-123.000   39.000  0.00677 16
-123.000   40.000  0.01098 22
-123.000   41.000  0.01231 18
-123.000   42.000  0.01769 20
-123.000   43.000  0.01590 14
-123.000   44.000  0.01699 16
-123.000   45.000  0.01188 12
-123.000   46.000  0.01434 14
-123.000   47.000  0.01444 12
-123.000   48.000  0.02008 19
-123.000   49.000  0.02125 17
-123.000   50.000  0.02835 22
-122.000   25.000  0.00063 14
-122.000   26.000  0.00298 17
-122.000   27.000  0.00426 13
-122.000   28.000  0.00643 17
-122.000   29.000  0.00813 12
-122.000   30.000  0.01067 16
-122.000   31.000  0.01031 11
-122.000   32.000  0.01208 15
-122.000   33.000  0.01385 10
-122.000   34.000  0.01578 14
-122.000   35.000  0.01447 9
-122.000   36.000  0.01437 12
-122.000   37.000  0.01059 8
-122.000   38.000  0.01068 13
-122.000   39.000  0.01063 10
-122.000   40.000  0.01626 16
-122.000   41.000  0.01773 12
-122.000   42.000  0.02253 16
-122.000   43.000  0.01927 11
-122.000   44.000  0.01782 15
-122.000   45.000  0.01067 10
-122.000   46.000  0.01284 14
-122.000   47.000  0.01341 10
-122.000   48.000  0.01929 18
-122.000   49.000  0.02118 13
-122.000   50.000  0.02902 20
-121.000   25.000  0.00928 24
-121.000   26.000  0.00895 29
-121.000   27.000  0.00809 21
-121.000   28.000  0.00703 26
-121.000   29.000  0.00860 19
-121.000   30.000  0.00975 26
-121.000   31.000  0.01167 19
-121.000   32.000  0.01400 25
-121.000   33.000  0.01779 18
-121.000   34.000  0.01778 23
-121.000   35.000  0.01542 15
-121.000   36.000  0.01296 19
-121.000   37.000  0.00876 13
-121.000   38.000  0.00805 20
-121.000   39.000  0.00715 16
-121.000   40.000  0.01257 20
-121.000   41.000  0.01254 15
-121.000   42.000  0.01669 17
-121.000   43.000  0.01251 14
-121.000   44.000  0.01106 16
-121.000   45.000  0.00369 12
-121.000   46.000  0.00709 15
-121.000   47.000  0.00851 13
-121.000   48.000  0.01531 20
-121.000   49.000  0.01792 17
-121.000   50.000  0.02631 21
-120.000   25.000  0.01715 16
-120.000   26.000  0.01545 19
-120.000   27.000  0.01312 13
-120.000   28.000  0.01007 16
-120.000   29.000  0.01295 12
-120.000   30.000  0.01358 17
-120.000   31.000  0.01746 12
-120.000   32.000  0.01877 16
-120.000   33.000  0.02316 12
-120.000   34.000  0.01884 16
-120.000   35.000  0.01434 10
-120.000   36.000  0.00830 13
-120.000   37.000  0.00373 9
-120.000   38.000  0.00156 15
-120.000   39.000 -0.00102 11
-120.000   40.000  0.00328 14
-120.000   41.000  0.00222 10
-120.000   42.000  0.00640 14
-120.000   43.000  0.00317 12
-120.000   44.000  0.00371 15
-120.000   45.000 -0.00155 10
-120.000   46.000  0.00287 15
-120.000   47.000  0.00512 11
-120.000   48.000  0.01160 19
-120.000   49.000  0.01440 13
-120.000   50.000  0.02156 19
-119.000   25.000  0.01705 22
-119.000   26.000  0.01584 28
-119.000   27.000  0.01375 21
-119.000   28.000  0.01058 26
-119.000   29.000  0.01522 19
-119.000   30.000  0.01552 27
-119.000   31.000  0.02171 21
-119.000   32.000  0.02264 29
-119.000   33.000  0.02913 21
-119.000   34.000  0.02201 26
-119.000   35.000  0.01715 16
-119.000   36.000  0.00822 21
-119.000   37.000  0.00369 13
-119.000   38.000 -0.00085 20
-119.000   39.000 -0.00489 16
-119.000   40.000 -0.00286 18
-119.000   41.000 -0.00751 14
-119.000   42.000 -0.00600 15
-119.000   43.000 -0.01024 15
-119.000   44.000 -0.00823 15
-119.000   45.000 -0.01163 11
-119.000   46.000 -0.00522 15
-119.000   47.000 -0.00211 14
-119.000   48.000  0.00505 20
-119.000   49.000  0.00763 16
-119.000   50.000  0.01339 19
-118.000   25.000  0.01160 14
-118.000   26.000  0.01207 17
-118.000   27.000  0.01169 15
-118.000   28.000  0.01034 18
-118.000   29.000  0.01642 13
-118.000   30.000  0.01680 17
-118.000   31.000  0.02481 14
-118.000   32.000  0.02608 20
-118.000   33.000  0.03414 15
-118.000   34.000  0.02606 18
-118.000   35.000  0.02151 12
-118.000   36.000  0.01008 15
-118.000   37.000  0.00473 10
-118.000   38.000 -0.00239 14
-118.000   39.000 -0.00633 12
-118.000   40.000 -0.00593 14
-118.000   41.000 -0.01295 11
-118.000   42.000 -0.01481 12
-118.000   43.000 -0.02038 11
-118.000   44.000 -0.01866 13
-118.000   45.000 -0.02071 9
-118.000   46.000 -0.01330 15
-118.000   47.000 -0.00877 12
-118.000   48.000 -0.00112 19
-118.000   49.000  0.00135 13
-118.000   50.000  0.00524 19
-117.000   25.000  0.00538 20
-117.000   26.000  0.00724 26
-117.000   27.000  0.00862 22
-117.000   28.000  0.00949 28
-117.000   29.000  0.01781 20
-117.000   30.000  0.01954 27
-117.000   31.000  0.02950 21
-117.000   32.000  0.03117 31
-117.000   33.000  0.04123 22
-117.000   34.000  0.03302 28
-117.000   35.000  0.03102 17
-117.000   36.000  0.01897 21
-117.000   37.000  0.01579 12
-117.000   38.000  0.00622 18
-117.000   39.000  0.00186 16
-117.000   40.000 -0.00185 19
-117.000   41.000 -0.01227 15
-117.000   42.000 -0.02033 13
-117.000   43.000 -0.02894 12
-117.000   44.000 -0.02920 13
-117.000   45.000 -0.03139 13
-117.000   46.000 -0.02398 17
-117.000   47.000 -0.01843 17
-117.000   48.000 -0.00951 20
-117.000   49.000 -0.00678 17
-117.000   50.000 -0.00391 18
-116.000   25.000  0.00084 15
-116.000   26.000  0.00321 18
-116.000   27.000  0.00572 15
-116.000   28.000  0.00847 18
-116.000   29.000  0.01679 14
-116.000   30.000  0.01971 18
-116.000   31.000  0.02919 14
-116.000   32.000  0.03145 19
-116.000   33.000  0.04142 15
-116.000   34.000  0.03546 19
-116.000   35.000  0.03637 13
-116.000   36.000  0.02610 15
-116.000   37.000  0.02471 11
-116.000   38.000  0.01405 16
-116.000   39.000  0.01117 13
-116.000   40.000  0.00445 15
-116.000   41.000 -0.00638 10
-116.000   42.000 -0.01883 10
-116.000   43.000 -0.02935 7
-116.000   44.000 -0.03395 11
-116.000   45.000 -0.03702 11
-116.000   46.000 -0.03152 17
-116.000   47.000 -0.02555 14
-116.000   48.000 -0.01626 19
-116.000   49.000 -0.01320 15
-116.000   50.000 -0.01121 20
-115.000   25.000 -0.00530 21
-115.000   26.000 -0.00243 28
-115.000   27.000  0.00133 22
-115.000   28.000  0.00593 28
-115.000   29.000  0.01327 20
-115.000   30.000  0.01691 27
-115.000   31.000  0.02518 19
-115.000   32.000  0.02812 28
-115.000   33.000  0.03730 19
-115.000   34.000  0.03484 26
-115.000   35.000  0.04036 15
-115.000   36.000  0.03452 21
-115.000   37.000  0.03816 14
-115.000   38.000  0.02901 19
-115.000   39.000  0.03005 13
-115.000   40.000  0.02081 16
-115.000   41.000  0.00926 13
-115.000   42.000 -0.00977 14
-115.000   43.000 -0.02327 12
-115.000   44.000 -0.03445 14
-115.000   45.000 -0.04032 16
-115.000   46.000 -0.03802 18
-115.000   47.000 -0.03279 18
-115.000   48.000 -0.02384 18
-115.000   49.000 -0.02066 17
-115.000   50.000 -0.01881 17
-114.000   25.000 -0.00370 15
-114.000   26.000 -0.00077 20
-114.000   27.000  0.00313 16
-114.000   28.000  0.00849 19
-114.000   29.000  0.01399 14
-114.000   30.000  0.01769 17
-114.000   31.000  0.02237 13
-114.000   32.000  0.02337 18
-114.000   33.000  0.02710 13
-114.000   34.000  0.02526 16
-114.000   35.000  0.03125 11
-114.000   36.000  0.02839 17
-114.000   37.000  0.03446 14
-114.000   38.000  0.02842 17
-114.000   39.000  0.03375 10
-114.000   40.000  0.02518 11
-114.000   41.000  0.01749 7
-114.000   42.000 -0.00122 10
-114.000   43.000 -0.01314 8
-114.000   44.000 -0.02803 12
-114.000   45.000 -0.03505 11
-114.000   46.000 -0.03635 15
-114.000   47.000 -0.03286 12
-114.000   48.000 -0.02503 17
-114.000   49.000 -0.02215 15
-114.000   50.000 -0.02025 21
-113.000   25.000  0.00108 20
-113.000   26.000  0.00340 28
-113.000   27.000  0.00628 22
-113.000   28.000  0.01120 28
-113.000   29.000  0.01544 19
-113.000   30.000  0.01913 25
-113.000   31.000  0.02026 17
-113.000   32.000  0.01822 25
-113.000   33.000  0.01610 15
-113.000   34.000  0.01193 20
-113.000   35.000  0.01675 12
-113.000   36.000  0.01666 20
-113.000   37.000  0.02870 15
-113.000   38.000  0.02635 18
-113.000   39.000  0.03471 11
-113.000   40.000  0.02505 13
-113.000   41.000  0.02063 11
-113.000   42.000 -0.00061 13
-113.000   43.000 -0.01052 12
-113.000   44.000 -0.02757 14
-113.000   45.000 -0.03306 16
-113.000   46.000 -0.03714 17
-113.000   47.000 -0.03364 17
-113.000   48.000 -0.02588 17
-113.000   49.000 -0.02190 18
-113.000   50.000 -0.01862 18
-112.000   25.000  0.00633 13
-112.000   26.000  0.00806 19
-112.000   27.000  0.00970 14
-112.000   28.000  0.01330 19
-112.000   29.000  0.01513 14
-112.000   30.000  0.01708 18
-112.000   31.000  0.01427 13
-112.000   32.000  0.00929 16
-112.000   33.000  0.00198 11
-112.000   34.000 -0.00447 13
-112.000   35.000 -0.00388 9
-112.000   36.000 -0.00308 14
-112.000   37.000  0.01129 11
-112.000   38.000  0.01122 15
-112.000   39.000  0.02115 9
-112.000   40.000  0.01300 11
-112.000   41.000  0.01288 7
-112.000   42.000 -0.00680 9
-112.000   43.000 -0.01180 7
-112.000   44.000 -0.02636 11
-112.000   45.000 -0.02694 11
-112.000   46.000 -0.03041 15
-112.000   47.000 -0.02579 12
-112.000   48.000 -0.01771 16
-112.000   49.000 -0.01299 14
-112.000   50.000 -0.00800 20
-111.000   25.000  0.00297 18
-111.000   26.000  0.00528 26
-111.000   27.000  0.00645 20
-111.000   28.000  0.00977 28
-111.000   29.000  0.01009 19
-111.000   30.000  0.01091 25
-111.000   31.000  0.00596 16
-111.000   32.000 -0.00063 22
-111.000   33.000 -0.01133 13
-111.000   34.000 -0.02084 16
-111.000   35.000 -0.02543 8
-111.000   36.000 -0.02594 13
-111.000   37.000 -0.00695 8
-111.000   38.000 -0.00436 12
-111.000   39.000  0.00987 8
-111.000   40.000  0.00578 12
-111.000   41.000  0.01215 11
-111.000   42.000 -0.00860 13
-111.000   43.000 -0.00946 12
-111.000   44.000 -0.02305 14
-111.000   45.000 -0.02015 16
-111.000   46.000 -0.02537 18
-111.000   47.000 -0.02067 18
-111.000   48.000 -0.01341 16
-111.000   49.000 -0.00816 16
-111.000   50.000 -0.00198 16
-110.000   25.000 -0.00106 11
-110.000   26.000  0.00131 17
-110.000   27.000  0.00150 12
-110.000   28.000  0.00387 18
-110.000   29.000  0.00265 12
-110.000   30.000  0.00268 16
-110.000   31.000 -0.00374 10
-110.000   32.000 -0.01105 14
-110.000   33.000 -0.02429 9
-110.000   34.000 -0.03482 10
-110.000   35.000 -0.04232 4
-110.000   36.000 -0.04495 7
-110.000   37.000 -0.02566 4
-110.000   38.000 -0.02070 7
-110.000   39.000 -0.00325 4
-110.000   40.000 -0.00595 7
-110.000   41.000  0.00602 6
-110.000   42.000 -0.01224 8
-110.000   43.000 -0.00870 7
-110.000   44.000 -0.02027 10
-110.000   45.000 -0.01208 10
-110.000   46.000 -0.01561 13
-110.000   47.000 -0.00943 11
-110.000   48.000 -0.00130 12
-110.000   49.000  0.00422 10
-110.000   50.000  0.01153 14
-109.000   25.000 -0.00916 19
-109.000   26.000 -0.00745 24
-109.000   27.000 -0.00872 19
-109.000   28.000 -0.00736 25
-109.000   29.000 -0.00912 18
-109.000   30.000 -0.00819 23
-109.000   31.000 -0.01337 14
-109.000   32.000 -0.01851 19
-109.000   33.000 -0.03090 10
-109.000   34.000 -0.04196 11
-109.000   35.000 -0.05225 3
-109.000   36.000 -0.05830 6
-109.000   37.000 -0.03715 3
-109.000   38.000 -0.03104 5
-109.000   39.000 -0.00830 4
-109.000   40.000 -0.00716 7
-109.000   41.000  0.01245 8
-109.000   42.000 -0.00554 9
-109.000   43.000  0.00084 10
-109.000   44.000 -0.01341 11
-109.000   45.000 -0.00476 14
-109.000   46.000 -0.01135 15
-109.000   47.000 -0.00576 17
-109.000   48.000  0.00089 14
-109.000   49.000  0.00687 15
-109.000   50.000  0.01434 12
-108.000   25.000 -0.01566 12
-108.000   26.000 -0.01498 15
-108.000   27.000 -0.01785 11
-108.000   28.000 -0.01773 15
-108.000   29.000 -0.01992 11
-108.000   30.000 -0.01743 15
-108.000   31.000 -0.02002 9
-108.000   32.000 -0.02185 11
-108.000   33.000 -0.03280 5
-108.000   34.000 -0.04290 5
-108.000   35.000 -0.05233 1
-108.000   36.000 -0.05845 3
-108.000   37.000 -0.04072 2
-108.000   38.000 -0.03296 3
-108.000   39.000  0.00052 2
-108.000   40.000  0.00287 3
-108.000   41.000  0.02519 3
-108.000   42.000  0.01216 4
-108.000   43.000  0.02097 5
-108.000   44.000 -0.00233 7
-108.000   45.000  0.00500 8
-108.000   46.000 -0.00401 10
-108.000   47.000  0.00030 10
-108.000   48.000  0.00491 10
-108.000   49.000  0.01081 9
-108.000   50.000  0.01842 9
-107.000   25.000 -0.02259 21
-107.000   26.000 -0.02238 24
-107.000   27.000 -0.02630 20
-107.000   28.000 -0.02695 24
-107.000   29.000 -0.02942 19
-107.000   30.000 -0.02584 23
-107.000   31.000 -0.02789 14
-107.000   32.000 -0.02830 16
-107.000   33.000 -0.03895 7
-107.000   34.000 -0.04811 8
-107.000   35.000 -0.05473 2
-107.000   36.000 -0.05872 3
-107.000   37.000 -0.04255 1
-107.000   38.000 -0.03205 2
-107.000   39.000  0.01386 2
-107.000   40.000  0.02893 3
-107.000   41.000  0.05675 4
-107.000   42.000  0.05276 5
-107.000   43.000  0.06417 9
-107.000   44.000  0.03068 10
-107.000   45.000  0.02347 14
-107.000   46.000  0.00634 13
-107.000   47.000  0.00267 16
-107.000   48.000  0.00137 13
-107.000   49.000  0.00472 15
-107.000   50.000  0.00960 11
-106.000   25.000 -0.02285 12
-106.000   26.000 -0.02344 15
-106.000   27.000 -0.02828 12
-106.000   28.000 -0.03094 15
-106.000   29.000 -0.03566 11
-106.000   30.000 -0.03404 13
-106.000   31.000 -0.03845 7
-106.000   32.000 -0.04039 8
-106.000   33.000 -0.04704 3
-106.000   34.000 -0.04998 4
-106.000   35.000 -0.04951 1
-106.000   36.000 -0.04720 1
-106.000   37.000 -0.03210 0
-106.000   38.000 -0.02237 0
-106.000   39.000  0.01898 0
-106.000   40.000  0.03238 0
-106.000   41.000  0.05932 1
-106.000   42.000  0.06435 2
-106.000   43.000  0.07750 5
-106.000   44.000  0.04696 6
-106.000   45.000  0.03792 8
-106.000   46.000  0.01823 8
-106.000   47.000  0.00879 9
-106.000   48.000  0.00384 9
-106.000   49.000  0.00527 9
-106.000   50.000  0.00819 9
-105.000   25.000 -0.01940 20
-105.000   26.000 -0.02135 22
-105.000   27.000 -0.02774 20
-105.000   28.000 -0.03318 22
-105.000   29.000 -0.04117 18
-105.000   30.000 -0.04242 19
-105.000   31.000 -0.05004 11
-105.000   32.000 -0.05312 13
-105.000   33.000 -0.05455 6
-105.000   34.000 -0.05231 7
-105.000   35.000 -0.04779 1
-105.000   36.000 -0.03898 1
-105.000   37.000 -0.02344 0
-105.000   38.000 -0.01594 0
-105.000   39.000  0.02043 0
-105.000   40.000  0.03509 0
-105.000   41.000  0.06130 1
-105.000   42.000  0.07260 1
-105.000   43.000  0.08747 6
-105.000   44.000  0.06261 6
-105.000   45.000  0.05203 12
-105.000   46.000  0.02895 10
-105.000   47.000  0.01378 15
-105.000   48.000  0.00307 12
-105.000   49.000  0.00050 15
-105.000   50.000 -0.00055 12
-104.000   25.000 -0.01311 11
-104.000   26.000 -0.01628 12
-104.000   27.000 -0.02401 10
-104.000   28.000 -0.03239 11
-104.000   29.000 -0.04416 9
-104.000   30.000 -0.04924 9
-104.000   31.000 -0.06350 5
-104.000   32.000 -0.06465 6
-104.000   33.000 -0.06148 3
-104.000   34.000 -0.05325 3
-104.000   35.000 -0.04281 0
-104.000   36.000 -0.02339 0
-104.000   37.000 -0.01124 0
-104.000   38.000 -0.00562 0
-104.000   39.000  0.02270 0
-104.000   40.000  0.03413 0
-104.000   41.000  0.05477 0
-104.000   42.000  0.06989 0
-104.000   43.000  0.08559 2
-104.000   44.000  0.07055 2
-104.000   45.000  0.06262 5
-104.000   46.000  0.04200 5
-104.000   47.000  0.02557 8
-104.000   48.000  0.01298 8
-104.000   49.000  0.00667 9
-104.000   50.000  0.00304 9
-103.000   25.000 -0.00639 21
-103.000   26.000 -0.01010 22
-103.000   27.000 -0.01824 19
-103.000   28.000 -0.02840 19
-103.000   29.000 -0.04281 17
-103.000   30.000 -0.05191 16
-103.000   31.000 -0.07283 11
-103.000   32.000 -0.07400 9
-103.000   33.000 -0.06778 4
-103.000   34.000 -0.05518 3
-103.000   35.000 -0.04212 0
-103.000   36.000 -0.01696 0
-103.000   37.000 -0.00562 0
-103.000   38.000 -0.00281 0
-103.000   39.000  0.01135 0
-103.000   40.000  0.02270 0
-103.000   41.000  0.04271 0
-103.000   42.000  0.06126 0
-103.000   43.000  0.07884 4
-103.000   44.000  0.08055 4
-103.000   45.000  0.07564 10
-103.000   46.000  0.05651 7
-103.000   47.000  0.03673 13
-103.000   48.000  0.02075 10
-103.000   49.000  0.00961 15
-103.000   50.000  0.00209 13
-102.000   25.000 -0.00058 12
-102.000   26.000 -0.00425 13
-102.000   27.000 -0.01164 10
-102.000   28.000 -0.02174 10
-102.000   29.000 -0.03698 9
-102.000   30.000 -0.04846 8
-102.000   31.000 -0.07344 6
-102.000   32.000 -0.07415 3
-102.000   33.000 -0.06651 1
-102.000   34.000 -0.05114 0
-102.000   35.000 -0.03699 0
-102.000   36.000 -0.00895 0
-102.000   37.000  0.00000 0
-102.000   38.000  0.00000 0
-102.000   39.000  0.00000 0
-102.000   40.000  0.00000 0
-102.000   41.000  0.01709 0
-102.000   42.000  0.03417 0
-102.000   43.000  0.05165 2
-102.000   44.000  0.06664 2
-102.000   45.000  0.07495 5
-102.000   46.000  0.06083 3
-102.000   47.000  0.04418 6
-102.000   48.000  0.03000 5
-102.000   49.000  0.01877 8
-102.000   50.000  0.01116 10
-101.000   25.000  0.00425 22
-101.000   26.000  0.00040 24
-101.000   27.000 -0.00680 20
-101.000   28.000 -0.01661 19
-101.000   29.000 -0.03191 17
-101.000   30.000 -0.04390 15
-101.000   31.000 -0.07044 13
-101.000   32.000 -0.06780 7
-101.000   33.000 -0.06135 3
-101.000   34.000 -0.04668 0
-101.000   35.000 -0.03325 0
-101.000   36.000 -0.00448 0
-101.000   37.000  0.00000 0
-101.000   38.000  0.00000 0
-101.000   39.000  0.00000 0
-101.000   40.000  0.00000 0
-101.000   41.000  0.01677 0
-101.000   42.000  0.03353 0
-101.000   43.000  0.05117 4
-101.000   44.000  0.06802 4
-101.000   45.000  0.07788 9
-101.000   46.000  0.06544 5
-101.000   47.000  0.05031 11
-101.000   48.000  0.03544 7
-101.000   49.000  0.02324 13
-101.000   50.000  0.01455 11
-100.000   25.000  0.00746 11
-100.000   26.000  0.00395 13
-100.000   27.000 -0.00242 11
-100.000   28.000 -0.01154 11
-100.000   29.000 -0.02667 9
-100.000   30.000 -0.03898 8
-100.000   31.000 -0.06652 7
-100.000   32.000 -0.06094 4
-100.000   33.000 -0.05580 2
-100.000   34.000 -0.04170 0
-100.000   35.000 -0.02885 0
-100.000   36.000  0.00000 0
-100.000   37.000  0.00000 0
-100.000   38.000  0.00000 0
-100.000   39.000  0.00000 0
-100.000   40.000  0.00000 0
-100.000   41.000  0.01770 0
-100.000   42.000  0.03438 0
-100.000   43.000  0.05161 2
-100.000   44.000  0.06680 2
-100.000   45.000  0.07655 4
-100.000   46.000  0.06395 3
-100.000   47.000  0.05033 6
-100.000   48.000  0.03647 5
-100.000   49.000  0.02659 7
-100.000   50.000  0.01921 7
 -99.000   25.000  0.01028 21
 -99.000   26.000  0.00743 24
 -99.000   27.000  0.00186 21
 -99.000   28.000 -0.00620 21
 -99.000   29.000 -0.02075 17
 -99.000   30.000 -0.03294 15
 -99.000   31.000 -0.05729 13
 -99.000   32.000 -0.05336 8
 -99.000   33.000 -0.04885 4
 -99.000   34.000 -0.03579 0
 -99.000   35.000 -0.02397 0
 -99.000   36.000  0.00061 0
 -99.000   37.000  0.00076 0
 -99.000   38.000  0.00000 0
 -99.000   39.000 -0.00084 0
 -99.000   40.000 -0.00167 0
 -99.000   41.000  0.01675 0
 -99.000   42.000  0.03368 0
 -99.000   43.000  0.04985 4
 -99.000   44.000  0.06272 4
 -99.000   45.000  0.07249 8
 -99.000   46.000  0.05964 6
 -99.000   47.000  0.04670 12
 -99.000   48.000  0.03335 10
 -99.000   49.000  0.02665 14
 -99.000   50.000  0.02064 11
 -98.000   25.000  0.01231 10
 -98.000   26.000  0.00970 12
 -98.000   27.000  0.00436 11
 -98.000   28.000 -0.00346 13
 -98.000   29.000 -0.01805 10
 -98.000   30.000 -0.03039 10
 -98.000   31.000 -0.05187 7
 -98.000   32.000 -0.04968 5
 -98.000   33.000 -0.04468 2
 -98.000   34.000 -0.03192 0
 -98.000   35.000 -0.02079 0
 -98.000   36.000  0.00031 0
 -98.000   37.000  0.00152 0
 -98.000   38.000  0.00033 0
 -98.000   39.000 -0.00076 0
 -98.000   40.000 -0.00120 0
 -98.000   41.000  0.01666 0
 -98.000   42.000  0.03248 0
 -98.000   43.000  0.04676 2
 -98.000   44.000  0.05666 3
 -98.000   45.000  0.06489 5
 -98.000   46.000  0.05275 6
 -98.000   47.000  0.04179 8
 -98.000   48.000  0.03056 9
 -98.000   49.000  0.02719 9
 -98.000   50.000  0.02327 10
 -97.000   25.000  0.01537 20
 -97.000   26.000  0.01260 21
 -97.000   27.000  0.00630 18
 -97.000   28.000 -0.00234 19
 -97.000   29.000 -0.01745 16
 -97.000   30.000 -0.02898 17
 -97.000   31.000 -0.04670 14
 -97.000   32.000 -0.04434 12
 -97.000   33.000 -0.03796 7
 -97.000   34.000 -0.02589 3
 -97.000   35.000 -0.01645 1
 -97.000   36.000  0.00042 0
 -97.000   37.000  0.00131 0
 -97.000   38.000 -0.00070 0
 -97.000   39.000 -0.00126 0
 -97.000   40.000 -0.00103 0
 -97.000   41.000  0.01617 1
 -97.000   42.000  0.03072 1
 -97.000   43.000  0.04338 5
 -97.000   44.000  0.04981 6
 -97.000   45.000  0.05576 10
 -97.000   46.000  0.04285 9
 -97.000   47.000  0.03380 13
 -97.000   48.000  0.02348 12
 -97.000   49.000  0.02253 15
 -97.000   50.000  0.01974 13
 -96.000   25.000  0.01770 11
 -96.000   26.000  0.01451 12
 -96.000   27.000  0.00766 9
 -96.000   28.000 -0.00175 11
 -96.000   29.000 -0.01643 9
 -96.000   30.000 -0.02656 12
 -96.000   31.000 -0.03915 9
 -96.000   32.000 -0.03685 10
 -96.000   33.000 -0.02923 6
 -96.000   34.000 -0.01888 4
 -96.000   35.000 -0.01224 1
 -96.000   36.000 -0.00048 0
 -96.000   37.000  0.00100 0
 -96.000   38.000 -0.00096 0
 -96.000   39.000 -0.00003 0
 -96.000   40.000  0.00242 1
 -96.000   41.000  0.01794 2
 -96.000   42.000  0.02915 3
 -96.000   43.000  0.03858 4
 -96.000   44.000  0.04066 6
 -96.000   45.000  0.04296 7
 -96.000   46.000  0.02951 8
 -96.000   47.000  0.02303 8
 -96.000   48.000  0.01498 9
 -96.000   49.000  0.01630 9
 -96.000   50.000  0.01530 9
 -95.000   25.000  0.01680 22
 -95.000   26.000  0.01330 24
 -95.000   27.000  0.00638 18
 -95.000   28.000 -0.00286 20
 -95.000   29.000 -0.01558 16
 -95.000   30.000 -0.02269 19
 -95.000   31.000 -0.02874 14
 -95.000   32.000 -0.02557 16
 -95.000   33.000 -0.01639 11
 -95.000   34.000 -0.00742 9
 -95.000   35.000 -0.00264 3
 -95.000   36.000  0.00316 1
 -95.000   37.000  0.00429 0
 -95.000   38.000  0.00173 0
 -95.000   39.000  0.00360 1
 -95.000   40.000  0.00589 2
 -95.000   41.000  0.01847 4
 -95.000   42.000  0.02560 4
 -95.000   43.000  0.03147 7
 -95.000   44.000  0.02857 8
 -95.000   45.000  0.02824 11
 -95.000   46.000  0.01550 10
 -95.000   47.000  0.01239 12
 -95.000   48.000  0.00685 11
 -95.000   49.000  0.01068 14
 -95.000   50.000  0.01099 12
 -94.000   25.000  0.01303 13
 -94.000   26.000  0.00916 16
 -94.000   27.000  0.00280 11
 -94.000   28.000 -0.00621 14
 -94.000   29.000 -0.01659 10
 -94.000   30.000 -0.02101 13
 -94.000   31.000 -0.02266 8
 -94.000   32.000 -0.01893 10
 -94.000   33.000 -0.00973 6
 -94.000   34.000 -0.00191 6
 -94.000   35.000  0.00166 2
 -94.000   36.000  0.00428 2
 -94.000   37.000  0.00516 1
 -94.000   38.000  0.00344 2
 -94.000   39.000  0.00742 2
 -94.000   40.000  0.01072 4
 -94.000   41.000  0.02031 4
 -94.000   42.000  0.02352 5
 -94.000   43.000  0.02595 5
 -94.000   44.000  0.01872 7
 -94.000   45.000  0.01605 7
 -94.000   46.000  0.00524 8
 -94.000   47.000  0.00537 7
 -94.000   48.000  0.00214 8
 -94.000   49.000  0.00720 8
 -94.000   50.000  0.00802 9
 -93.000   25.000  0.00962 21
 -93.000   26.000  0.00594 26
 -93.000   27.000 -0.00011 19
 -93.000   28.000 -0.00814 23
 -93.000   29.000 -0.01615 17
 -93.000   30.000 -0.01767 21
 -93.000   31.000 -0.01617 14
 -93.000   32.000 -0.01083 16
 -93.000   33.000 -0.00224 10
 -93.000   34.000  0.00458 11
 -93.000   35.000  0.00656 6
 -93.000   36.000  0.00661 7
 -93.000   37.000  0.00595 4
 -93.000   38.000  0.00401 5
 -93.000   39.000  0.00842 4
 -93.000   40.000  0.01063 6
 -93.000   41.000  0.01854 6
 -93.000   42.000  0.01932 6
 -93.000   43.000  0.02034 8
 -93.000   44.000  0.01007 9
 -93.000   45.000  0.00721 11
 -93.000   46.000 -0.00335 10
 -93.000   47.000 -0.00147 11
 -93.000   48.000 -0.00402 10
 -93.000   49.000  0.00211 13
 -93.000   50.000  0.00258 12
 -92.000   25.000  0.00827 11
 -92.000   26.000  0.00484 16
 -92.000   27.000 -0.00110 11
 -92.000   28.000 -0.00824 15
 -92.000   29.000 -0.01474 10
 -92.000   30.000 -0.01541 15
 -92.000   31.000 -0.01302 10
 -92.000   32.000 -0.00741 12
 -92.000   33.000  0.00005 7
 -92.000   34.000  0.00635 9
 -92.000   35.000  0.00744 7
 -92.000   36.000  0.00634 10
 -92.000   37.000  0.00541 8
 -92.000   38.000  0.00364 10
 -92.000   39.000  0.00706 6
 -92.000   40.000  0.00826 8
 -92.000   41.000  0.01466 5
 -92.000   42.000  0.01392 7
 -92.000   43.000  0.01428 6
 -92.000   44.000  0.00355 8
 -92.000   45.000  0.00066 7
 -92.000   46.000 -0.00934 9
 -92.000   47.000 -0.00725 8
 -92.000   48.000 -0.01003 10
 -92.000   49.000 -0.00440 9
 -92.000   50.000 -0.00414 11
 -91.000   25.000  0.00607 18
 -91.000   26.000  0.00311 25
 -91.000   27.000 -0.00279 18
 -91.000   28.000 -0.00852 23
 -91.000   29.000 -0.01365 17
 -91.000   30.000 -0.01293 23
 -91.000   31.000 -0.01044 16
 -91.000   32.000 -0.00397 20
 -91.000   33.000  0.00251 13
 -91.000   34.000  0.00922 17
 -91.000   35.000  0.01042 12
 -91.000   36.000  0.00877 16
 -91.000   37.000  0.00660 12
 -91.000   38.000  0.00378 14
 -91.000   39.000  0.00502 9
 -91.000   40.000  0.00307 11
 -91.000   41.000  0.00852 8
 -91.000   42.000  0.00752 10
 -91.000   43.000  0.00874 10
 -91.000   44.000 -0.00163 11
 -91.000   45.000 -0.00277 11
 -91.000   46.000 -0.01188 11
 -91.000   47.000 -0.00946 12
 -91.000   48.000 -0.01250 12
 -91.000   49.000 -0.00680 14
 -91.000   50.000 -0.00695 13
 -90.000   25.000  0.01033 10
 -90.000   26.000  0.00704 15
 -90.000   27.000  0.00079 10
 -90.000   28.000 -0.00489 14
 -90.000   29.000 -0.01001 11
 -90.000   30.000 -0.00945 16
 -90.000   31.000 -0.00804 11
 -90.000   32.000 -0.00229 14
 -90.000   33.000  0.00208 10
 -90.000   34.000  0.00750 14
 -90.000   35.000  0.00748 11
 -90.000   36.000  0.00574 15
 -90.000   37.000  0.00317 13
 -90.000   38.000  0.00011 16
 -90.000   39.000 -0.00018 11
 -90.000   40.000 -0.00239 13
 -90.000   41.000  0.00258 8
 -90.000   42.000  0.00278 10
 -90.000   43.000  0.00544 7
 -90.000   44.000 -0.00260 9
 -90.000   45.000 -0.00342 7
 -90.000   46.000 -0.01208 10
 -90.000   47.000 -0.01132 9
 -90.000   48.000 -0.01556 13
 -90.000   49.000 -0.01145 11
 -90.000   50.000 -0.01187 15
 -89.000   25.000  0.01391 16
 -89.000   26.000  0.01095 23
 -89.000   27.000  0.00420 17
 -89.000   28.000 -0.00046 22
 -89.000   29.000 -0.00538 18
 -89.000   30.000 -0.00440 24
 -89.000   31.000 -0.00428 17
 -89.000   32.000  0.00116 21
 -89.000   33.000  0.00368 14
 -89.000   34.000  0.00782 20
 -89.000   35.000  0.00718 15
 -89.000   36.000  0.00588 19
 -89.000   37.000  0.00351 14
 -89.000   38.000  0.00003 17
 -89.000   39.000 -0.00176 13
 -89.000   40.000 -0.00538 16
 -89.000   41.000 -0.00076 11
 -89.000   42.000 -0.00028 13
 -89.000   43.000  0.00376 11
 -89.000   44.000 -0.00290 13
 -89.000   45.000 -0.00303 12
 -89.000   46.000 -0.01221 14
 -89.000   47.000 -0.01254 14
 -89.000   48.000 -0.01816 15
 -89.000   49.000 -0.01463 15
 -89.000   50.000 -0.01578 16
 -88.000   25.000  0.01882 11
 -88.000   26.000  0.01585 15
 -88.000   27.000  0.00911 11
 -88.000   28.000  0.00485 13
 -88.000   29.000  0.00002 12
 -88.000   30.000  0.00085 16
 -88.000   31.000  0.00006 13
 -88.000   32.000  0.00428 15
 -88.000   33.000  0.00486 11
 -88.000   34.000  0.00680 15
 -88.000   35.000  0.00557 13
 -88.000   36.000  0.00432 16
 -88.000   37.000  0.00262 13
 -88.000   38.000 -0.00034 16
 -88.000   39.000 -0.00244 13
 -88.000   40.000 -0.00642 16
 -88.000   41.000 -0.00328 10
 -88.000   42.000 -0.00327 12
 -88.000   43.000  0.00057 8
 -88.000   44.000 -0.00498 12
 -88.000   45.000 -0.00545 9
 -88.000   46.000 -0.01431 14
 -88.000   47.000 -0.01590 11
 -88.000   48.000 -0.02239 17
 -88.000   49.000 -0.02007 14
 -88.000   50.000 -0.02190 21
 -87.000   25.000  0.01696 19
 -87.000   26.000  0.01460 25
 -87.000   27.000  0.00861 19
 -87.000   28.000  0.00561 23
 -87.000   29.000  0.00163 19
 -87.000   30.000  0.00359 26
 -87.000   31.000  0.00237 20
 -87.000   32.000  0.00589 24
 -87.000   33.000  0.00550 15
 -87.000   34.000  0.00660 21
 -87.000   35.000  0.00585 17
 -87.000   36.000  0.00540 20
 -87.000   37.000  0.00475 15
 -87.000   38.000  0.00226 19
 -87.000   39.000  0.00039 16
 -87.000   40.000 -0.00473 20
 -87.000   41.000 -0.00316 13
 -87.000   42.000 -0.00485 17
 -87.000   43.000 -0.00176 13
 -87.000   44.000 -0.00725 17
 -87.000   45.000 -0.00677 14
 -87.000   46.000 -0.01410 16
 -87.000   47.000 -0.01479 14
 -87.000   48.000 -0.02096 16
 -87.000   49.000 -0.01860 15
 -87.000   50.000 -0.02116 17
 -86.000   25.000  0.01636 15
 -86.000   26.000  0.01492 18
 -86.000   27.000  0.01028 14
 -86.000   28.000  0.00847 15
 -86.000   29.000  0.00521 13
 -86.000   30.000  0.00686 17
 -86.000   31.000  0.00492 15
 -86.000   32.000  0.00676 17
 -86.000   33.000  0.00541 12
 -86.000   34.000  0.00557 15
 -86.000   35.000  0.00533 13
 -86.000   36.000  0.00524 16
 -86.000   37.000  0.00508 14
 -86.000   38.000  0.00292 18
 -86.000   39.000  0.00107 15
 -86.000   40.000 -0.00423 19
 -86.000   41.000 -0.00421 13
 -86.000   42.000 -0.00710 17
 -86.000   43.000 -0.00534 11
 -86.000   44.000 -0.01084 15
 -86.000   45.000 -0.01092 10
 -86.000   46.000 -0.01690 14
 -86.000   47.000 -0.01705 10
 -86.000   48.000 -0.02242 16
 -86.000   49.000 -0.02021 13
 -86.000   50.000 -0.02250 20
 -85.000   25.000  0.00910 21
 -85.000   26.000  0.00963 27
 -85.000   27.000  0.00659 21
 -85.000   28.000  0.00736 27
 -85.000   29.000  0.00564 22
 -85.000   30.000  0.00758 29
 -85.000   31.000  0.00470 21
 -85.000   32.000  0.00555 25
 -85.000   33.000  0.00361 17
 -85.000   34.000  0.00383 24
 -85.000   35.000  0.00437 19
 -85.000   36.000  0.00535 21
 -85.000   37.000  0.00586 16
 -85.000   38.000  0.00385 20
 -85.000   39.000  0.00252 17
 -85.000   40.000 -0.00287 22
 -85.000   41.000 -0.00287 16
 -85.000   42.000 -0.00627 21
 -85.000   43.000 -0.00455 15
 -85.000   44.000 -0.01042 19
 -85.000   45.000 -0.01026 15
 -85.000   46.000 -0.01579 17
 -85.000   47.000 -0.01511 14
 -85.000   48.000 -0.01988 16
 -85.000   49.000 -0.01742 13
 -85.000   50.000 -0.01971 15
 -84.000   25.000  0.00483 15
 -84.000   26.000  0.00651 18
 -84.000   27.000  0.00530 15
 -84.000   28.000  0.00766 18
 -84.000   29.000  0.00756 15
 -84.000   30.000  0.00917 18
 -84.000   31.000  0.00620 14
 -84.000   32.000  0.00582 17
 -84.000   33.000  0.00391 14
 -84.000   34.000  0.00383 18
 -84.000   35.000  0.00436 15
 -84.000   36.000  0.00531 16
 -84.000   37.000  0.00569 13
 -84.000   38.000  0.00354 16
 -84.000   39.000  0.00253 14
 -84.000   40.000 -0.00180 18
 -84.000   41.000 -0.00129 14
 -84.000   42.000 -0.00428 18
 -84.000   43.000 -0.00287 12
 -84.000   44.000 -0.00900 16
 -84.000   45.000 -0.01019 11
 -84.000   46.000 -0.01610 17
 -84.000   47.000 -0.01558 13
 -84.000   48.000 -0.01959 19
 -84.000   49.000 -0.01732 14
 -84.000   50.000 -0.01854 19
 -83.000   25.000 -0.00148 21
 -83.000   26.000  0.00142 28
 -83.000   27.000  0.00201 23
 -83.000   28.000  0.00619 30
 -83.000   29.000  0.00780 23
 -83.000   30.000  0.00978 29
 -83.000   31.000  0.00672 22
 -83.000   32.000  0.00554 28
 -83.000   33.000  0.00348 21
 -83.000   34.000  0.00332 27
 -83.000   35.000  0.00358 22
 -83.000   36.000  0.00470 26
 -83.000   37.000  0.00506 20
 -83.000   38.000  0.00306 22
 -83.000   39.000  0.00265 17
 -83.000   40.000 -0.00025 21
 -83.000   41.000  0.00193 17
 -83.000   42.000  0.00050 21
 -83.000   43.000  0.00296 16
 -83.000   44.000 -0.00200 20
 -83.000   45.000 -0.00312 16
 -83.000   46.000 -0.00868 18
 -83.000   47.000 -0.00844 14
 -83.000   48.000 -0.01201 16
 -83.000   49.000 -0.01023 13
 -83.000   50.000 -0.01079 14
 -82.000   25.000 -0.00224 15
 -82.000   26.000  0.00087 19
 -82.000   27.000  0.00308 16
 -82.000   28.000  0.00790 19
 -82.000   29.000  0.01114 14
 -82.000   30.000  0.01297 18
 -82.000   31.000  0.01064 15
 -82.000   32.000  0.00830 19
 -82.000   33.000  0.00571 15
 -82.000   34.000  0.00417 17
 -82.000   35.000  0.00343 14
 -82.000   36.000  0.00400 18
 -82.000   37.000  0.00430 16
 -82.000   38.000  0.00318 18
 -82.000   39.000  0.00347 13
 -82.000   40.000  0.00258 16
 -82.000   41.000  0.00562 14
 -82.000   42.000  0.00566 18
 -82.000   43.000  0.00790 13
 -82.000   44.000  0.00456 16
 -82.000   45.000  0.00301 12
 -82.000   46.000 -0.00143 16
 -82.000   47.000 -0.00171 12
 -82.000   48.000 -0.00404 16
 -82.000   49.000 -0.00281 13
 -82.000   50.000 -0.00225 17
 -81.000   25.000 -0.00449 23
 -81.000   26.000 -0.00124 31
 -81.000   27.000  0.00189 24
 -81.000   28.000  0.00747 29
 -81.000   29.000  0.01235 22
 -81.000   30.000  0.01494 29
 -81.000   31.000  0.01327 24
 -81.000   32.000  0.01049 29
 -81.000   33.000  0.00700 23
 -81.000   34.000  0.00385 27
 -81.000   35.000  0.00180 22
 -81.000   36.000  0.00210 29
 -81.000   37.000  0.00263 25
 -81.000   38.000  0.00253 27
 -81.000   39.000  0.00409 18
 -81.000   40.000  0.00534 20
 -81.000   41.000  0.00972 17
 -81.000   42.000  0.01094 21
 -81.000   43.000  0.01322 17
 -81.000   44.000  0.01121 20
 -81.000   45.000  0.01010 16
 -81.000   46.000  0.00693 17
 -81.000   47.000  0.00663 12
 -81.000   48.000  0.00585 13
 -81.000   49.000  0.00703 11
 -81.000   50.000  0.00790 13
 -80.000   25.000 -0.00354 16
 -80.000   26.000 -0.00067 19
 -80.000   27.000  0.00286 14
 -80.000   28.000  0.00839 17
 -80.000   29.000  0.01440 14
 -80.000   30.000  0.01751 18
 -80.000   31.000  0.01695 14
 -80.000   32.000  0.01411 17
 -80.000   33.000  0.01000 14
 -80.000   34.000  0.00548 17
 -80.000   35.000  0.00236 13
 -80.000   36.000  0.00231 17
 -80.000   37.000  0.00310 15
 -80.000   38.000  0.00424 18
 -80.000   39.000  0.00640 12
 -80.000   40.000  0.00937 14
 -80.000   41.000  0.01379 11
 -80.000   42.000  0.01507 16
 -80.000   43.000  0.01553 13
 -80.000   44.000  0.01425 17
 -80.000   45.000  0.01314 13
 -80.000   46.000  0.01171 17
 -80.000   47.000  0.01211 13
 -80.000   48.000  0.01389 17
 -80.000   49.000  0.01567 13
 -80.000   50.000  0.01726 17
 -79.000   25.000 -0.00314 25
 -79.000   26.000 -0.00045 30
 -79.000   27.000  0.00322 24
 -79.000   28.000  0.00905 30
 -79.000   29.000  0.01572 25
 -79.000   30.000  0.01955 30
 -79.000   31.000  0.01958 24
 -79.000   32.000  0.01671 28
 -79.000   33.000  0.01157 22
 -79.000   34.000  0.00574 27
 -79.000   35.000  0.00154 23
 -79.000   36.000  0.00093 30
 -79.000   37.000  0.00166 25
 -79.000   38.000  0.00352 28
 -79.000   39.000  0.00597 19
 -79.000   40.000  0.00997 21
 -79.000   41.000  0.01439 17
 -79.000   42.000  0.01543 21
 -79.000   43.000  0.01480 19
 -79.000   44.000  0.01378 23
 -79.000   45.000  0.01290 20
 -79.000   46.000  0.01241 22
 -79.000   47.000  0.01355 16
 -79.000   48.000  0.01718 17
 -79.000   49.000  0.01960 12
 -79.000   50.000  0.02138 14
 -78.000   25.000 -0.00156 14
 -78.000   26.000  0.00067 15
 -78.000   27.000  0.00417 13
 -78.000   28.000  0.00995 17
 -78.000   29.000  0.01689 15
 -78.000   30.000  0.02109 18
 -78.000   31.000  0.02186 14
 -78.000   32.000  0.01931 17
 -78.000   33.000  0.01378 12
 -78.000   34.000  0.00764 16
 -78.000   35.000  0.00329 13
 -78.000   36.000  0.00277 18
 -78.000   37.000  0.00363 14
 -78.000   38.000  0.00636 17
 -78.000   39.000  0.00871 11
 -78.000   40.000  0.01326 14
 -78.000   41.000  0.01679 11
 -78.000   42.000  0.01700 16
 -78.000   43.000  0.01441 14
 -78.000   44.000  0.01269 19
 -78.000   45.000  0.01090 17
 -78.000   46.000  0.01062 22
 -78.000   47.000  0.01242 18
 -78.000   48.000  0.01745 21
 -78.000   49.000  0.02050 14
 -78.000   50.000  0.02277 18
 -77.000   25.000 -0.00089 25
 -77.000   26.000  0.00087 30
 -77.000   27.000  0.00378 26
 -77.000   28.000  0.00938 30
 -77.000   29.000  0.01612 25
 -77.000   30.000  0.02056 29
 -77.000   31.000  0.02171 24
 -77.000   32.000  0.01960 27
 -77.000   33.000  0.01393 21
 -77.000   34.000  0.00769 25
 -77.000   35.000  0.00308 22
 -77.000   36.000  0.00225 29
 -77.000   37.000  0.00294 25
 -77.000   38.000  0.00562 28
 -77.000   39.000  0.00802 19
 -77.000   40.000  0.01263 21
 -77.000   41.000  0.01562 18
 -77.000   42.000  0.01486 21
 -77.000   43.000  0.01125 19
 -77.000   44.000  0.00828 23
 -77.000   45.000  0.00558 22
 -77.000   46.000  0.00472 26
 -77.000   47.000  0.00716 21
 -77.000   48.000  0.01281 23
 -77.000   49.000  0.01623 15
 -77.000   50.000  0.01878 17
 -76.000   25.000  0.00129 14
 -76.000   26.000  0.00222 18
 -76.000   27.000  0.00458 15
 -76.000   28.000  0.00934 16
 -76.000   29.000  0.01546 12
 -76.000   30.000  0.01947 15
 -76.000   31.000  0.02083 13
 -76.000   32.000  0.01879 15
 -76.000   33.000  0.01317 11
 -76.000   34.000  0.00715 14
 -76.000   35.000  0.00298 12
 -76.000   36.000  0.00255 17
 -76.000   37.000  0.00379 14
 -76.000   38.000  0.00736 17
 -76.000   39.000  0.01006 11
 -76.000   40.000  0.01472 13
 -76.000   41.000  0.01670 10
 -76.000   42.000  0.01549 13
 -76.000   43.000  0.01108 11
 -76.000   44.000  0.00769 17
 -76.000   45.000  0.00414 15
 -76.000   46.000  0.00301 23
 -76.000   47.000  0.00526 18
 -76.000   48.000  0.01031 25
 -76.000   49.000  0.01328 15
 -76.000   50.000  0.01582 21
 -75.000   25.000  0.00398 27
 -75.000   26.000  0.00438 35
 -75.000   27.000  0.00635 29
 -75.000   28.000  0.01044 33
 -75.000   29.000  0.01576 25
 -75.000   30.000  0.01884 29
 -75.000   31.000  0.01984 24
 -75.000   32.000  0.01736 26
 -75.000   33.000  0.01152 20
 -75.000   34.000  0.00541 24
 -75.000   35.000  0.00145 22
 -75.000   36.000  0.00098 28
 -75.000   37.000  0.00242 24
 -75.000   38.000  0.00602 27
 -75.000   39.000  0.00835 20
 -75.000   40.000  0.01201 21
 -75.000   41.000  0.01273 18
 -75.000   42.000  0.01097 19
 -75.000   43.000  0.00661 17
 -75.000   44.000  0.00304 22
 -75.000   45.000 -0.00069 20
 -75.000   46.000 -0.00186 27
 -75.000   47.000  0.00014 20
 -75.000   48.000  0.00434 27
 -75.000   49.000  0.00702 17
 -75.000   50.000  0.00977 20
 -74.000   25.000  0.00742 15
 -74.000   26.000  0.00736 21
 -74.000   27.000  0.00877 16
 -74.000   28.000  0.01170 20
 -74.000   29.000  0.01582 14
 -74.000   30.000  0.01755 18
 -74.000   31.000  0.01789 14
 -74.000   32.000  0.01502 16
 -74.000   33.000  0.00937 11
 -74.000   34.000  0.00386 15
 -74.000   35.000  0.00076 13
 -74.000   36.000  0.00110 17
 -74.000   37.000  0.00334 13
 -74.000   38.000  0.00771 16
 -74.000   39.000  0.00974 12
 -74.000   40.000  0.01273 14
 -74.000   41.000  0.01236 11
 -74.000   42.000  0.01055 13
 -74.000   43.000  0.00615 10
 -74.000   44.000  0.00306 18
 -74.000   45.000 -0.00069 15
 -74.000   46.000 -0.00146 25
 -74.000   47.000 -0.00012 16
 -74.000   48.000  0.00315 26
 -74.000   49.000  0.00529 15
 -74.000   50.000  0.00812 22
 -73.000   25.000  0.00989 27
 -73.000   26.000  0.00967 36
 -73.000   27.000  0.01068 27
 -73.000   28.000  0.01273 35
 -73.000   29.000  0.01592 25
 -73.000   30.000  0.01668 32
 -73.000   31.000  0.01631 23
 -73.000   32.000  0.01297 28
 -73.000   33.000  0.00727 20
 -73.000   34.000  0.00185 27
 -73.000   35.000 -0.00104 22
 -73.000   36.000 -0.00063 29
 -73.000   37.000  0.00177 22
 -73.000   38.000  0.00589 28
 -73.000   39.000  0.00740 21
 -73.000   40.000  0.00938 25
 -73.000   41.000  0.00831 19
 -73.000   42.000  0.00621 22
 -73.000   43.000  0.00204 17
 -73.000   44.000 -0.00113 23
 -73.000   45.000 -0.00471 19
 -73.000   46.000 -0.00525 26
 -73.000   47.000 -0.00393 19
 -73.000   48.000 -0.00064 26
 -73.000   49.000  0.00181 18
 -73.000   50.000  0.00522 21
 -72.000   25.000  0.01093 15
 -72.000   26.000  0.01081 21
 -72.000   27.000  0.01164 14
 -72.000   28.000  0.01313 20
 -72.000   29.000  0.01562 13
 -72.000   30.000  0.01581 18
 -72.000   31.000  0.01491 11
 -72.000   32.000  0.01142 16
 -72.000   33.000  0.00586 11
 -72.000   34.000  0.00102 17
 -72.000   35.000 -0.00122 12
 -72.000   36.000 -0.00001 19
 -72.000   37.000  0.00295 13
 -72.000   38.000  0.00749 19
 -72.000   39.000  0.00865 12
 -72.000   40.000  0.01025 17
 -72.000   41.000  0.00866 11
 -72.000   42.000  0.00669 16
 -72.000   43.000  0.00289 11
 -72.000   44.000  0.00038 20
 -72.000   45.000 -0.00296 15
 -72.000   46.000 -0.00339 24
 -72.000   47.000 -0.00273 15
 -72.000   48.000  0.00002 24
 -72.000   49.000  0.00210 15
 -72.000   50.000  0.00537 23
 -71.000   25.000  0.01137 25
 -71.000   26.000  0.01174 35
 -71.000   27.000  0.01276 25
 -71.000   28.000  0.01417 34
 -71.000   29.000  0.01620 23
 -71.000   30.000  0.01608 31
 -71.000   31.000  0.01455 20
 -71.000   32.000  0.01070 28
 -71.000   33.000  0.00500 20
 -71.000   34.000  0.00054 29
 -71.000   35.000 -0.00148 21
 -71.000   36.000 -0.00014 30
 -71.000   37.000  0.00258 21
 -71.000   38.000  0.00658 29
 -71.000   39.000  0.00698 20
 -71.000   40.000  0.00735 27
 -71.000   41.000  0.00486 19
 -71.000   42.000  0.00221 24
 -71.000   43.000 -0.00117 17
 -71.000   44.000 -0.00381 22
 -71.000   45.000 -0.00663 17
 -71.000   46.000 -0.00693 23
 -71.000   47.000 -0.00585 18
 -71.000   48.000 -0.00284 24
 -71.000   49.000 -0.00044 18
 -71.000   50.000  0.00316 24
 -70.000   25.000  0.01106 13
 -70.000   26.000  0.01189 20
 -70.000   27.000  0.01319 14
 -70.000   28.000  0.01440 20
 -70.000   29.000  0.01590 13
 -70.000   30.000  0.01558 18
 -70.000   31.000  0.01352 11
 -70.000   32.000  0.00956 17
 -70.000   33.000  0.00425 12
 -70.000   34.000  0.00077 18
 -70.000   35.000 -0.00070 12
 -70.000   36.000  0.00123 17
 -70.000   37.000  0.00404 11
 -70.000   38.000  0.00824 16
 -70.000   39.000  0.00869 11
 -70.000   40.000  0.00882 16
 -70.000   41.000  0.00557 11
 -70.000   42.000  0.00254 16
 -70.000   43.000 -0.00084 11
 -70.000   44.000 -0.00344 19
 -70.000   45.000 -0.00591 14
 -70.000   46.000 -0.00585 23
 -70.000   47.000 -0.00469 15
 -70.000   48.000 -0.00184 24
 -70.000   49.000  0.00019 15
 -70.000   50.000  0.00353 25
 -69.000   25.000  0.01034 22
 -69.000   26.000  0.01134 33
 -69.000   27.000  0.01276 23
 -69.000   28.000  0.01388 34
 -69.000   29.000  0.01522 23
 -69.000   30.000  0.01515 32
 -69.000   31.000  0.01305 21
 -69.000   32.000  0.00925 29
 -69.000   33.000  0.00417 20
 -69.000   34.000  0.00098 28
 -69.000   35.000 -0.00062 20
 -69.000   36.000  0.00093 26
 -69.000   37.000  0.00313 19
 -69.000   38.000  0.00677 26
 -69.000   39.000  0.00721 20
 -69.000   40.000  0.00708 26
 -69.000   41.000  0.00378 19
 -69.000   42.000  0.00067 24
 -69.000   43.000 -0.00231 17
 -69.000   44.000 -0.00526 22
 -69.000   45.000 -0.00772 17
 -69.000   46.000 -0.00787 23
 -69.000   47.000 -0.00648 18
 -69.000   48.000 -0.00351 24
 -69.000   49.000 -0.00145 18
 -69.000   50.000  0.00208 25
 -68.000   25.000  0.00992 12
 -68.000   26.000  0.01060 19
 -68.000   27.000  0.01165 12
 -68.000   28.000  0.01226 21
 -68.000   29.000  0.01325 14
 -68.000   30.000  0.01314 21
 -68.000   31.000  0.01129 13
 -68.000   32.000  0.00824 19
 -68.000   33.000  0.00409 12
 -68.000   34.000  0.00166 18
 -68.000   35.000  0.00045 12
 -68.000   36.000  0.00211 16
 -68.000   37.000  0.00405 11
 -68.000   38.000  0.00748 16
 -68.000   39.000  0.00809 12
 -68.000   40.000  0.00833 16
 -68.000   41.000  0.00553 11
 -68.000   42.000  0.00312 17
 -68.000   43.000  0.00081 12
 -68.000   44.000 -0.00159 21
 -68.000   45.000 -0.00394 15
 -68.000   46.000 -0.00424 24
 -68.000   47.000 -0.00337 15
 -68.000   48.000 -0.00106 24
 -68.000   49.000  0.00026 15
 -68.000   50.000  0.00327 24
 -67.000   25.000  0.01006 21
 -67.000   26.000  0.01038 33
 -67.000   27.000  0.01101 22
 -67.000   28.000  0.01117 36
 -67.000   29.000  0.01191 24
 -67.000   30.000  0.01167 35
 -67.000   31.000  0.01004 23
 -67.000   32.000  0.00761 32
 -67.000   33.000  0.00413 21
 -67.000   34.000  0.00211 30
 -67.000   35.000  0.00098 21
 -67.000   36.000  0.00231 28
 -67.000   37.000  0.00364 21
 -67.000   38.000  0.00646 28
 -67.000   39.000  0.00693 21
 -67.000   40.000  0.00722 26
 -67.000   41.000  0.00498 19
 -67.000   42.000  0.00330 25
 -67.000   43.000  0.00170 18
 -67.000   44.000 -0.00048 23
 -67.000   45.000 -0.00280 17
 -67.000   46.000 -0.00340 23
 -67.000   47.000 -0.00286 18
 -67.000   48.000 -0.00087 24
 -67.000   49.000  0.00016 18
 -67.000   50.000  0.00304 24
 -66.000   25.000  0.01017 12
 -66.000   26.000  0.01013 19
 -66.000   27.000  0.01039 12
 -66.000   28.000  0.01015 21
 -66.000   29.000  0.01068 14
 -66.000   30.000  0.01031 22
 -66.000   31.000  0.00891 14
 -66.000   32.000  0.00708 22
 -66.000   33.000  0.00431 14
 -66.000   34.000  0.00277 22
 -66.000   35.000  0.00193 14
 -66.000   36.000  0.00334 19
 -66.000   37.000  0.00453 12
 -66.000   38.000  0.00717 17
 -66.000   39.000  0.00760 12
 -66.000   40.000  0.00814 16
 -66.000   41.000  0.00633 11
 -66.000   42.000  0.00525 16
 -66.000   43.000  0.00400 11
 -66.000   44.000  0.00225 17
 -66.000   45.000 -0.00001 12
 -66.000   46.000 -0.00073 19
 -66.000   47.000 -0.00065 13
 -66.000   48.000  0.00088 20
 -66.000   49.000  0.00147 13
 -66.000   50.000  0.00399 20
 -65.000   25.000  0.01031 11
 -65.000   26.000  0.00966 17
 -65.000   27.000  0.00928 11
 -65.000   28.000  0.00875 18
 -65.000   29.000  0.00937 12
 -65.000   30.000  0.00910 18
 -65.000   31.000  0.00825 12
 -65.000   32.000  0.00718 18
 -65.000   33.000  0.00475 12
 -65.000   34.000  0.00305 18
 -65.000   35.000  0.00213 12
 -65.000   36.000  0.00321 16
 -65.000   37.000  0.00405 11
 -65.000   38.000  0.00628 15
 -65.000   39.000  0.00647 11
 -65.000   40.000  0.00726 14
 -65.000   41.000  0.00648 10
 -65.000   42.000  0.00646 13
 -65.000   43.000  0.00611 9
 -65.000   44.000  0.00480 11
 -65.000   45.000  0.00203 8
 -65.000   46.000  0.00037 11
 -65.000   47.000 -0.00049 9
 -65.000   48.000  0.00061 12
 -65.000   49.000  0.00088 9
 -65.000   50.000  0.00344 12
