-130.000   25.000  0.00592 6
-130.000   26.000  0.00572 8
-130.000   27.000  0.00692 11
-130.000   28.000  0.00726 9
-130.000   29.000  0.00877 12
-130.000   30.000  0.00748 10
-130.000   31.000  0.00763 15
-130.000   32.000  0.00587 12
-130.000   33.000  0.00628 16
-130.000   34.000  0.00514 12
-130.000   35.000  0.00655 14
-130.000   36.000  0.00604 11
-130.000   37.000  0.00656 13
-130.000   38.000  0.00352 11
-130.000   39.000  0.00181 12
-130.000   40.000 -0.00069 11
-130.000   41.000 -0.00107 12
-130.000   42.000 -0.00155 13
-130.000   43.000  0.00011 13
-130.000   44.000  0.00199 14
-130.000   45.000  0.00450 13
-130.000   46.000  0.00570 15
-130.000   47.000  0.00655 13
-130.000   48.000  0.00696 15
-130.000   49.000  0.00718 11
-130.000   50.000  0.00690 11
-129.000   25.000  0.00528 12
-129.000   26.000  0.00507 17
-129.000   27.000  0.00609 18
-129.000   28.000  0.00635 17
-129.000   29.000  0.00769 17
-129.000   30.000  0.00654 15
-129.000   31.000  0.00669 19
-129.000   32.000  0.00509 14
-129.000   33.000  0.00548 19
-129.000   34.000  0.00440 14
-129.000   35.000  0.00570 20
-129.000   36.000  0.00525 15
-129.000   37.000  0.00593 22
-129.000   38.000  0.00341 16
-129.000   39.000  0.00210 22
-129.000   40.000 -0.00018 16
-129.000   41.000 -0.00047 22
-129.000   42.000 -0.00090 16
-129.000   43.000  0.00052 21
-129.000   44.000  0.00226 15
-129.000   45.000  0.00476 21
-129.000   46.000  0.00601 16
-129.000   47.000  0.00667 20
-129.000   48.000  0.00665 15
-129.000   49.000  0.00670 14
-129.000   50.000  0.00616 9
-128.000   25.000  0.00449 13
-128.000   26.000  0.00442 14
-128.000   27.000  0.00534 18
-128.000   28.000  0.00568 14
-128.000   29.000  0.00664 18
-128.000   30.000  0.00536 13
-128.000   31.000  0.00522 19
-128.000   32.000  0.00373 12
-128.000   33.000  0.00406 17
-128.000   34.000  0.00329 12
-128.000   35.000  0.00486 17
-128.000   36.000  0.00478 13
-128.000   37.000  0.00545 18
-128.000   38.000  0.00294 14
-128.000   39.000  0.00162 17
-128.000   40.000 -0.00065 14
-128.000   41.000 -0.00092 17
-128.000   42.000 -0.00124 16
-128.000   43.000  0.00040 17
-128.000   44.000  0.00219 17
-128.000   45.000  0.00476 18
-128.000   46.000  0.00589 18
-128.000   47.000  0.00644 19
-128.000   48.000  0.00611 19
-128.000   49.000  0.00612 18
-128.000   50.000  0.00532 16
-127.000   25.000  0.00465 17
-127.000   26.000  0.00437 20
-127.000   27.000  0.00488 21
-127.000   28.000  0.00473 19
-127.000   29.000  0.00502 21
-127.000   30.000  0.00362 17
-127.000   31.000  0.00330 21
-127.000   32.000  0.00204 15
-127.000   33.000  0.00239 18
-127.000   34.000  0.00182 13
-127.000   35.000  0.00327 18
-127.000   36.000  0.00342 14
-127.000   37.000  0.00408 22
-127.000   38.000  0.00228 17
-127.000   39.000  0.00151 24
-127.000   40.000 -0.00012 17
-127.000   41.000 -0.00015 24
-127.000   42.000 -0.00016 16
-127.000   43.000  0.00134 22
-127.000   44.000  0.00277 15
-127.000   45.000  0.00507 23
-127.000   46.000  0.00614 16
-127.000   47.000  0.00644 22
-127.000   48.000  0.00542 15
-127.000   49.000  0.00541 18
-127.000   50.000  0.00425 12
-126.000   25.000  0.00492 16
-126.000   26.000  0.00437 14
-126.000   27.000  0.00440 19
-126.000   28.000  0.00383 14
-126.000   29.000  0.00333 22
-126.000   30.000  0.00184 14
-126.000   31.000  0.00125 22
-126.000   32.000  0.00029 14
-126.000   33.000  0.00045 21
-126.000   34.000 -0.00003 13
-126.000   35.000  0.00131 19
-126.000   36.000  0.00167 12
-126.000   37.000  0.00212 19
-126.000   38.000  0.00071 14
-126.000   39.000  0.00034 20
-126.000   40.000 -0.00061 15
-126.000   41.000 -0.00026 19
-126.000   42.000  0.00047 14
-126.000   43.000  0.00233 17
-126.000   44.000  0.00381 16
-126.000   45.000  0.00578 19
-126.000   46.000  0.00658 19
-126.000   47.000  0.00636 19
-126.000   48.000  0.00466 20
-126.000   49.000  0.00447 18
-126.000   50.000  0.00304 17
-125.000   25.000  0.00628 18
-125.000   26.000  0.00525 20
-125.000   27.000  0.00498 21
-125.000   28.000  0.00377 20
-125.000   29.000  0.00292 23
-125.000   30.000  0.00146 18
-125.000   31.000  0.00100 22
-125.000   32.000  0.00010 17
-125.000   33.000  0.00002 20
-125.000   34.000 -0.00078 14
-125.000   35.000  0.00002 18
-125.000   36.000  0.00016 14
-125.000   37.000  0.00024 20
-125.000   38.000 -0.00056 14
-125.000   39.000 -0.00034 20
-125.000   40.000 -0.00032 14
-125.000   41.000  0.00053 21
-125.000   42.000  0.00222 14
-125.000   43.000  0.00406 20
-125.000   44.000  0.00523 14
-125.000   45.000  0.00637 20
-125.000   46.000  0.00672 15
-125.000   47.000  0.00596 19
-125.000   48.000  0.00404 15
-125.000   49.000  0.00384 16
-125.000   50.000  0.00271 11
-124.000   25.000  0.00733 17
-124.000   26.000  0.00586 17
-124.000   27.000  0.00522 21
-124.000   28.000  0.00346 17
-124.000   29.000  0.00210 23
-124.000   30.000  0.00063 15
-124.000   31.000  0.00027 22
-124.000   32.000 -0.00025 14
-124.000   33.000 -0.00031 21
-124.000   34.000 -0.00096 13
-124.000   35.000 -0.00031 20
-124.000   36.000 -0.00030 14
-124.000   37.000 -0.00071 20
-124.000   38.000 -0.00137 13
-124.000   39.000 -0.00114 17
-124.000   40.000 -0.00083 13
-124.000   41.000  0.00012 18
-124.000   42.000  0.00271 14
-124.000   43.000  0.00487 16
-124.000   44.000  0.00605 16
-124.000   45.000  0.00650 18
-124.000   46.000  0.00649 20
-124.000   47.000  0.00513 18
-124.000   48.000  0.00314 21
-124.000   49.000  0.00278 17
-124.000   50.000  0.00229 16
-123.000   25.000  0.00813 15
-123.000   26.000  0.00627 20
-123.000   27.000  0.00526 21
-123.000   28.000  0.00299 22
-123.000   29.000  0.00148 22
-123.000   30.000  0.00047 19
-123.000   31.000  0.00061 21
-123.000   32.000  0.00049 18
-123.000   33.000  0.00049 20
-123.000   34.000 -0.00021 17
-123.000   35.000 -0.00010 19
-123.000   36.000 -0.00066 16
-123.000   37.000 -0.00144 18
-123.000   38.000 -0.00173 13
-123.000   39.000 -0.00140 15
-123.000   40.000 -0.00093 12
-123.000   41.000 -0.00008 18
-123.000   42.000  0.00287 14
-123.000   43.000  0.00480 17
-123.000   44.000  0.00589 13
-123.000   45.000  0.00587 18
-123.000   46.000  0.00589 15
-123.000   47.000  0.00445 18
-123.000   48.000  0.00284 15
-123.000   49.000  0.00242 16
-123.000   50.000  0.00252 11
-122.000   25.000  0.00667 16
-122.000   26.000  0.00501 18
-122.000   27.000  0.00396 21
-122.000   28.000  0.00202 18
-122.000   29.000  0.00056 22
-122.000   30.000  0.00013 17
-122.000   31.000  0.00063 22
-122.000   32.000  0.00117 17
-122.000   33.000  0.00124 22
-122.000   34.000  0.00071 17
-122.000   35.000  0.00052 21
-122.000   36.000 -0.00039 15
-122.000   37.000 -0.00132 19
-122.000   38.000 -0.00137 14
-122.000   39.000 -0.00123 18
-122.000   40.000 -0.00138 14
-122.000   41.000 -0.00107 18
-122.000   42.000  0.00170 13
-122.000   43.000  0.00348 14
-122.000   44.000  0.00492 14
-122.000   45.000  0.00534 17
-122.000   46.000  0.00565 19
-122.000   47.000  0.00402 18
-122.000   48.000  0.00252 21
-122.000   49.000  0.00177 18
-122.000   50.000  0.00204 16
-121.000   25.000  0.00319 14
-121.000   26.000  0.00214 18
-121.000   27.000  0.00147 18
-121.000   28.000  0.00055 21
-121.000   29.000 -0.00021 21
-121.000   30.000  0.00020 22
-121.000   31.000  0.00103 21
-121.000   32.000  0.00174 21
-121.000   33.000  0.00145 21
-121.000   34.000  0.00071 21
-121.000   35.000  0.00009 21
-121.000   36.000 -0.00091 17
-121.000   37.000 -0.00137 16
-121.000   38.000 -0.00085 13
-121.000   39.000 -0.00031 16
-121.000   40.000 -0.00057 13
-121.000   41.000 -0.00033 17
-121.000   42.000  0.00175 12
-121.000   43.000  0.00305 16
-121.000   44.000  0.00423 12
-121.000   45.000  0.00471 18
-121.000   46.000  0.00481 14
-121.000   47.000  0.00313 18
-121.000   48.000  0.00189 15
-121.000   49.000  0.00103 18
-121.000   50.000  0.00129 12
-120.000   25.000  0.00052 18
-120.000   26.000 -0.00001 20
-120.000   27.000 -0.00019 21
-120.000   28.000 -0.00008 19
-120.000   29.000 -0.00042 21
-120.000   30.000  0.00025 19
-120.000   31.000  0.00100 21
-120.000   32.000  0.00153 18
-120.000   33.000  0.00081 21
-120.000   34.000  0.00006 18
-120.000   35.000 -0.00050 21
-120.000   36.000 -0.00114 16
-120.000   37.000 -0.00104 19
-120.000   38.000 -0.00003 15
-120.000   39.000  0.00073 20
-120.000   40.000  0.00008 15
-120.000   41.000  0.00018 18
-120.000   42.000  0.00160 12
-120.000   43.000  0.00269 15
-120.000   44.000  0.00366 13
-120.000   45.000  0.00439 17
-120.000   46.000  0.00421 17
-120.000   47.000  0.00231 19
-120.000   48.000  0.00093 22
-120.000   49.000 -0.00006 21
-120.000   50.000 -0.00004 18
-119.000   25.000 -0.00130 16
-119.000   26.000 -0.00144 20
-119.000   27.000 -0.00116 19
-119.000   28.000 -0.00044 21
-119.000   29.000 -0.00021 19
-119.000   30.000  0.00065 21
-119.000   31.000  0.00128 20
-119.000   32.000  0.00133 21
-119.000   33.000  0.00004 20
-119.000   34.000 -0.00095 20
-119.000   35.000 -0.00165 19
-119.000   36.000 -0.00191 17
-119.000   37.000 -0.00113 16
-119.000   38.000  0.00041 15
-119.000   39.000  0.00157 17
-119.000   40.000  0.00104 14
-119.000   41.000  0.00130 17
-119.000   42.000  0.00203 13
-119.000   43.000  0.00279 18
-119.000   44.000  0.00329 12
-119.000   45.000  0.00411 18
-119.000   46.000  0.00352 13
-119.000   47.000  0.00170 19
-119.000   48.000  0.00032 16
-119.000   49.000 -0.00049 19
-119.000   50.000 -0.00091 13
-118.000   25.000 -0.00091 20
-118.000   26.000 -0.00108 24
-118.000   27.000 -0.00069 25
-118.000   28.000  0.00005 23
-118.000   29.000  0.00043 21
-118.000   30.000  0.00115 20
-118.000   31.000  0.00153 21
-118.000   32.000  0.00131 19
-118.000   33.000 -0.00021 21
-118.000   34.000 -0.00127 18
-118.000   35.000 -0.00221 21
-118.000   36.000 -0.00224 17
-118.000   37.000 -0.00122 21
-118.000   38.000  0.00056 17
-118.000   39.000  0.00169 22
-118.000   40.000  0.00122 16
-118.000   41.000  0.00154 19
-118.000   42.000  0.00194 13
-118.000   43.000  0.00255 17
-118.000   44.000  0.00296 12
-118.000   45.000  0.00397 16
-118.000   46.000  0.00330 14
-118.000   47.000  0.00137 19
-118.000   48.000 -0.00023 22
-118.000   49.000 -0.00102 22
-118.000   50.000 -0.00173 19
-117.000   25.000  0.00079 16
-117.000   26.000  0.00057 21
-117.000   27.000  0.00081 21
-117.000   28.000  0.00122 24
-117.000   29.000  0.00149 20
-117.000   30.000  0.00190 23
-117.000   31.000  0.00184 20
-117.000   32.000  0.00124 22
-117.000   33.000 -0.00041 19
-117.000   34.000 -0.00158 21
-117.000   35.000 -0.00273 21
-117.000   36.000 -0.00268 20
-117.000   37.000 -0.00157 18
-117.000   38.000  0.00012 16
-117.000   39.000  0.00126 17
-117.000   40.000  0.00131 16
-117.000   41.000  0.00196 17
-117.000   42.000  0.00234 14
-117.000   43.000  0.00276 17
-117.000   44.000  0.00284 12
-117.000   45.000  0.00314 16
-117.000   46.000  0.00199 11
-117.000   47.000  0.00014 17
-117.000   48.000 -0.00115 16
-117.000   49.000 -0.00168 19
-117.000   50.000 -0.00207 14
-116.000   25.000  0.00360 18
-116.000   26.000  0.00307 22
-116.000   27.000  0.00274 24
-116.000   28.000  0.00223 26
-116.000   29.000  0.00178 24
-116.000   30.000  0.00175 24
-116.000   31.000  0.00145 23
-116.000   32.000  0.00101 22
-116.000   33.000 -0.00010 23
-116.000   34.000 -0.00090 21
-116.000   35.000 -0.00206 25
-116.000   36.000 -0.00229 20
-116.000   37.000 -0.00171 23
-116.000   38.000 -0.00063 18
-116.000   39.000 -0.00006 22
-116.000   40.000 -0.00012 18
-116.000   41.000  0.00038 19
-116.000   42.000  0.00094 14
-116.000   43.000  0.00152 17
-116.000   44.000  0.00183 13
-116.000   45.000  0.00188 17
-116.000   46.000  0.00072 13
-116.000   47.000 -0.00106 18
-116.000   48.000 -0.00219 21
-116.000   49.000 -0.00281 23
-116.000   50.000 -0.00291 20
-115.000   25.000  0.00482 16
-115.000   26.000  0.00469 21
-115.000   27.000  0.00401 21
-115.000   28.000  0.00330 24
-115.000   29.000  0.00222 20
-115.000   30.000  0.00204 23
-115.000   31.000  0.00142 20
-115.000   32.000  0.00113 24
-115.000   33.000  0.00034 21
-115.000   34.000 -0.00028 23
-115.000   35.000 -0.00160 21
-115.000   36.000 -0.00238 22
-115.000   37.000 -0.00229 20
-115.000   38.000 -0.00178 19
-115.000   39.000 -0.00153 17
-115.000   40.000 -0.00148 17
-115.000   41.000 -0.00118 16
-115.000   42.000 -0.00055 14
-115.000   43.000  0.00009 15
-115.000   44.000  0.00063 12
-115.000   45.000  0.00038 16
-115.000   46.000 -0.00075 13
-115.000   47.000 -0.00232 18
-115.000   48.000 -0.00345 17
-115.000   49.000 -0.00422 19
-115.000   50.000 -0.00434 14
-114.000   25.000  0.00348 18
-114.000   26.000  0.00402 22
-114.000   27.000  0.00330 23
-114.000   28.000  0.00296 25
-114.000   29.000  0.00172 24
-114.000   30.000  0.00171 25
-114.000   31.000  0.00093 25
-114.000   32.000  0.00090 25
-114.000   33.000  0.00048 26
-114.000   34.000 -0.00007 23
-114.000   35.000 -0.00152 24
-114.000   36.000 -0.00281 22
-114.000   37.000 -0.00331 25
-114.000   38.000 -0.00342 22
-114.000   39.000 -0.00349 22
-114.000   40.000 -0.00342 18
-114.000   41.000 -0.00324 19
-114.000   42.000 -0.00246 15
-114.000   43.000 -0.00160 18
-114.000   44.000 -0.00050 14
-114.000   45.000 -0.00075 19
-114.000   46.000 -0.00156 15
-114.000   47.000 -0.00289 20
-114.000   48.000 -0.00370 20
-114.000   49.000 -0.00468 22
-114.000   50.000 -0.00474 17
-113.000   25.000  0.00043 15
-113.000   26.000  0.00206 21
-113.000   27.000  0.00192 22
-113.000   28.000  0.00263 24
-113.000   29.000  0.00170 21
-113.000   30.000  0.00210 24
-113.000   31.000  0.00102 21
-113.000   32.000  0.00075 24
-113.000   33.000 -0.00006 21
-113.000   34.000 -0.00087 23
-113.000   35.000 -0.00259 19
-113.000   36.000 -0.00429 22
-113.000   37.000 -0.00520 20
-113.000   38.000 -0.00556 23
-113.000   39.000 -0.00546 18
-113.000   40.000 -0.00489 19
-113.000   41.000 -0.00432 16
-113.000   42.000 -0.00305 15
-113.000   43.000 -0.00187 14
-113.000   44.000 -0.00043 12
-113.000   45.000 -0.00103 16
-113.000   46.000 -0.00197 14
-113.000   47.000 -0.00347 18
-113.000   48.000 -0.00410 17
-113.000   49.000 -0.00529 19
-113.000   50.000 -0.00534 13
-112.000   25.000 -0.00384 17
-112.000   26.000 -0.00142 21
-112.000   27.000 -0.00097 24
-112.000   28.000  0.00048 26
-112.000   29.000  0.00008 26
-112.000   30.000  0.00091 27
-112.000   31.000 -0.00012 27
-112.000   32.000 -0.00048 26
-112.000   33.000 -0.00144 26
-112.000   34.000 -0.00213 25
-112.000   35.000 -0.00361 25
-112.000   36.000 -0.00525 24
-112.000   37.000 -0.00634 25
-112.000   38.000 -0.00677 25
-112.000   39.000 -0.00670 23
-112.000   40.000 -0.00606 21
-112.000   41.000 -0.00537 20
-112.000   42.000 -0.00386 18
-112.000   43.000 -0.00236 20
-112.000   44.000 -0.00058 16
-112.000   45.000 -0.00098 20
-112.000   46.000 -0.00171 14
-112.000   47.000 -0.00312 19
-112.000   48.000 -0.00357 18
-112.000   49.000 -0.00482 20
-112.000   50.000 -0.00503 14
-111.000   25.000 -0.00581 16
-111.000   26.000 -0.00303 20
-111.000   27.000 -0.00215 22
-111.000   28.000 -0.00019 24
-111.000   29.000 -0.00035 22
-111.000   30.000  0.00049 23
-111.000   31.000 -0.00071 20
-111.000   32.000 -0.00118 22
-111.000   33.000 -0.00250 20
-111.000   34.000 -0.00286 23
-111.000   35.000 -0.00402 20
-111.000   36.000 -0.00520 23
-111.000   37.000 -0.00626 20
-111.000   38.000 -0.00662 24
-111.000   39.000 -0.00693 19
-111.000   40.000 -0.00653 21
-111.000   41.000 -0.00612 17
-111.000   42.000 -0.00464 18
-111.000   43.000 -0.00304 17
-111.000   44.000 -0.00084 15
-111.000   45.000 -0.00062 17
-111.000   46.000 -0.00096 14
-111.000   47.000 -0.00232 18
-111.000   48.000 -0.00324 17
-111.000   49.000 -0.00460 18
-111.000   50.000 -0.00541 12
-110.000   25.000 -0.00688 20
-110.000   26.000 -0.00424 22
-110.000   27.000 -0.00320 24
-110.000   28.000 -0.00117 25
-110.000   29.000 -0.00109 25
-110.000   30.000 -0.00042 25
-110.000   31.000 -0.00171 25
-110.000   32.000 -0.00205 26
-110.000   33.000 -0.00329 27
-110.000   34.000 -0.00300 27
-110.000   35.000 -0.00356 26
-110.000   36.000 -0.00379 26
-110.000   37.000 -0.00474 25
-110.000   38.000 -0.00502 25
-110.000   39.000 -0.00593 22
-110.000   40.000 -0.00587 21
-110.000   41.000 -0.00598 19
-110.000   42.000 -0.00483 18
-110.000   43.000 -0.00339 20
-110.000   44.000 -0.00108 17
-110.000   45.000 -0.00027 20
-110.000   46.000 -0.00003 15
-110.000   47.000 -0.00094 19
-110.000   48.000 -0.00197 17
-110.000   49.000 -0.00313 17
-110.000   50.000 -0.00421 11
-109.000   25.000 -0.00549 20
-109.000   26.000 -0.00316 22
-109.000   27.000 -0.00214 25
-109.000   28.000 -0.00039 23
-109.000   29.000 -0.00049 24
-109.000   30.000 -0.00016 21
-109.000   31.000 -0.00158 22
-109.000   32.000 -0.00182 21
-109.000   33.000 -0.00312 22
-109.000   34.000 -0.00231 22
-109.000   35.000 -0.00255 20
-109.000   36.000 -0.00197 22
-109.000   37.000 -0.00267 19
-109.000   38.000 -0.00258 23
-109.000   39.000 -0.00385 18
-109.000   40.000 -0.00425 21
-109.000   41.000 -0.00540 16
-109.000   42.000 -0.00507 17
-109.000   43.000 -0.00416 15
-109.000   44.000 -0.00197 15
-109.000   45.000 -0.00056 16
-109.000   46.000  0.00044 15
-109.000   47.000  0.00017 17
-109.000   48.000 -0.00111 17
-109.000   49.000 -0.00208 17
-109.000   50.000 -0.00341 12
-108.000   25.000 -0.00400 19
-108.000   26.000 -0.00222 22
-108.000   27.000 -0.00137 24
-108.000   28.000 -0.00016 24
-108.000   29.000 -0.00034 24
-108.000   30.000 -0.00056 24
-108.000   31.000 -0.00192 24
-108.000   32.000 -0.00237 25
-108.000   33.000 -0.00351 26
-108.000   34.000 -0.00277 27
-108.000   35.000 -0.00274 25
-108.000   36.000 -0.00183 25
-108.000   37.000 -0.00219 22
-108.000   38.000 -0.00184 23
-108.000   39.000 -0.00300 19
-108.000   40.000 -0.00374 21
-108.000   41.000 -0.00544 18
-108.000   42.000 -0.00580 18
-108.000   43.000 -0.00523 17
-108.000   44.000 -0.00339 16
-108.000   45.000 -0.00141 17
-108.000   46.000  0.00033 15
-108.000   47.000  0.00114 16
-108.000   48.000  0.00001 16
-108.000   49.000 -0.00049 15
-108.000   50.000 -0.00171 11
-107.000   25.000 -0.00332 20
-107.000   26.000 -0.00167 21
-107.000   27.000 -0.00079 25
-107.000   28.000  0.00025 22
-107.000   29.000  0.00031 24
-107.000   30.000 -0.00006 21
-107.000   31.000 -0.00132 23
-107.000   32.000 -0.00221 21
-107.000   33.000 -0.00350 23
-107.000   34.000 -0.00337 23
-107.000   35.000 -0.00361 22
-107.000   36.000 -0.00277 22
-107.000   37.000 -0.00253 19
-107.000   38.000 -0.00170 21
-107.000   39.000 -0.00240 18
-107.000   40.000 -0.00348 21
-107.000   41.000 -0.00591 18
-107.000   42.000 -0.00723 19
-107.000   43.000 -0.00729 16
-107.000   44.000 -0.00578 18
-107.000   45.000 -0.00309 16
-107.000   46.000 -0.00035 18
-107.000   47.000  0.00166 15
-107.000   48.000  0.00088 18
-107.000   49.000  0.00080 15
-107.000   50.000 -0.00032 14
-106.000   25.000 -0.00452 16
-106.000   26.000 -0.00296 20
-106.000   27.000 -0.00192 21
-106.000   28.000 -0.00090 24
-106.000   29.000 -0.00011 21
-106.000   30.000 -0.00029 24
-106.000   31.000 -0.00107 21
-106.000   32.000 -0.00247 25
-106.000   33.000 -0.00378 23
-106.000   34.000 -0.00459 27
-106.000   35.000 -0.00516 24
-106.000   36.000 -0.00491 26
-106.000   37.000 -0.00424 22
-106.000   38.000 -0.00306 23
-106.000   39.000 -0.00291 20
-106.000   40.000 -0.00373 22
-106.000   41.000 -0.00589 20
-106.000   42.000 -0.00752 20
-106.000   43.000 -0.00795 18
-106.000   44.000 -0.00710 18
-106.000   45.000 -0.00447 17
-106.000   46.000 -0.00142 17
-106.000   47.000  0.00130 15
-106.000   48.000  0.00140 16
-106.000   49.000  0.00186 13
-106.000   50.000  0.00128 11
-105.000   25.000 -0.00662 20
-105.000   26.000 -0.00486 20
-105.000   27.000 -0.00352 27
-105.000   28.000 -0.00244 23
-105.000   29.000 -0.00108 25
-105.000   30.000 -0.00098 22
-105.000   31.000 -0.00136 25
-105.000   32.000 -0.00294 23
-105.000   33.000 -0.00409 24
-105.000   34.000 -0.00534 23
-105.000   35.000 -0.00620 22
-105.000   36.000 -0.00627 22
-105.000   37.000 -0.00509 20
-105.000   38.000 -0.00329 23
-105.000   39.000 -0.00232 22
-105.000   40.000 -0.00293 23
-105.000   41.000 -0.00518 20
-105.000   42.000 -0.00751 18
-105.000   43.000 -0.00878 15
-105.000   44.000 -0.00855 18
-105.000   45.000 -0.00598 17
-105.000   46.000 -0.00253 20
-105.000   47.000  0.00081 15
-105.000   48.000  0.00187 19
-105.000   49.000  0.00273 15
-105.000   50.000  0.00258 15
-104.000   25.000 -0.00782 18
-104.000   26.000 -0.00619 20
-104.000   27.000 -0.00495 24
-104.000   28.000 -0.00399 25
-104.000   29.000 -0.00257 23
-104.000   30.000 -0.00235 25
-104.000   31.000 -0.00233 22
-104.000   32.000 -0.00386 25
-104.000   33.000 -0.00486 21
-104.000   34.000 -0.00649 25
-104.000   35.000 -0.00743 21
-104.000   36.000 -0.00794 25
-104.000   37.000 -0.00644 21
-104.000   38.000 -0.00430 25
-104.000   39.000 -0.00243 22
-104.000   40.000 -0.00264 24
-104.000   41.000 -0.00430 21
-104.000   42.000 -0.00671 19
-104.000   43.000 -0.00838 16
-104.000   44.000 -0.00875 16
-104.000   45.000 -0.00677 16
-104.000   46.000 -0.00378 16
-104.000   47.000 -0.00072 15
-104.000   48.000  0.00076 16
-104.000   49.000  0.00166 15
-104.000   50.000  0.00180 12
-103.000   25.000 -0.00859 22
-103.000   26.000 -0.00685 19
-103.000   27.000 -0.00565 29
-103.000   28.000 -0.00457 23
-103.000   29.000 -0.00329 28
-103.000   30.000 -0.00305 23
-103.000   31.000 -0.00324 27
-103.000   32.000 -0.00459 23
-103.000   33.000 -0.00557 26
-103.000   34.000 -0.00681 23
-103.000   35.000 -0.00736 24
-103.000   36.000 -0.00717 22
-103.000   37.000 -0.00492 22
-103.000   38.000 -0.00197 23
-103.000   39.000  0.00041 22
-103.000   40.000  0.00022 22
-103.000   41.000 -0.00205 19
-103.000   42.000 -0.00537 18
-103.000   43.000 -0.00806 15
-103.000   44.000 -0.00913 18
-103.000   45.000 -0.00762 16
-103.000   46.000 -0.00464 20
-103.000   47.000 -0.00178 16
-103.000   48.000 -0.00002 21
-103.000   49.000  0.00083 16
-103.000   50.000  0.00101 16
-102.000   25.000 -0.00736 20
-102.000   26.000 -0.00600 20
-102.000   27.000 -0.00512 25
-102.000   28.000 -0.00425 24
-102.000   29.000 -0.00347 24
-102.000   30.000 -0.00326 23
-102.000   31.000 -0.00356 22
-102.000   32.000 -0.00444 23
-102.000   33.000 -0.00518 23
-102.000   34.000 -0.00573 24
-102.000   35.000 -0.00571 23
-102.000   36.000 -0.00493 24
-102.000   37.000 -0.00256 24
-102.000   38.000  0.00050 25
-102.000   39.000  0.00290 24
-102.000   40.000  0.00278 23
-102.000   41.000  0.00056 21
-102.000   42.000 -0.00292 19
-102.000   43.000 -0.00611 18
-102.000   44.000 -0.00789 17
-102.000   45.000 -0.00773 18
-102.000   46.000 -0.00582 17
-102.000   47.000 -0.00385 19
-102.000   48.000 -0.00207 17
-102.000   49.000 -0.00149 18
-102.000   50.000 -0.00097 13
-101.000   25.000 -0.00668 22
-101.000   26.000 -0.00545 19
-101.000   27.000 -0.00455 29
-101.000   28.000 -0.00355 22
-101.000   29.000 -0.00287 28
-101.000   30.000 -0.00240 21
-101.000   31.000 -0.00291 27
-101.000   32.000 -0.00356 21
-101.000   33.000 -0.00442 28
-101.000   34.000 -0.00449 22
-101.000   35.000 -0.00420 28
-101.000   36.000 -0.00259 22
-101.000   37.000  0.00006 24
-101.000   38.000  0.00366 21
-101.000   39.000  0.00614 22
-101.000   40.000  0.00602 22
-101.000   41.000  0.00302 19
-101.000   42.000 -0.00114 18
-101.000   43.000 -0.00528 16
-101.000   44.000 -0.00780 19
-101.000   45.000 -0.00851 19
-101.000   46.000 -0.00649 21
-101.000   47.000 -0.00434 19
-101.000   48.000 -0.00200 22
-101.000   49.000 -0.00121 19
-101.000   50.000  0.00001 17
-100.000   25.000 -0.00603 20
-100.000   26.000 -0.00524 20
-100.000   27.000 -0.00456 25
-100.000   28.000 -0.00365 23
-100.000   29.000 -0.00292 24
-100.000   30.000 -0.00196 22
-100.000   31.000 -0.00204 22
-100.000   32.000 -0.00224 21
-100.000   33.000 -0.00300 23
-100.000   34.000 -0.00318 23
-100.000   35.000 -0.00303 25
-100.000   36.000 -0.00171 23
-100.000   37.000  0.00055 23
-100.000   38.000  0.00368 23
-100.000   39.000  0.00592 25
-100.000   40.000  0.00590 26
-100.000   41.000  0.00314 25
-100.000   42.000 -0.00067 20
-100.000   43.000 -0.00468 19
-100.000   44.000 -0.00734 17
-100.000   45.000 -0.00878 22
-100.000   46.000 -0.00710 18
-100.000   47.000 -0.00513 21
-100.000   48.000 -0.00239 17
-100.000   49.000 -0.00146 22
-100.000   50.000  0.00045 15
 -99.000   25.000 -0.00820 22
 -99.000   26.000 -0.00721 19
 -99.000   27.000 -0.00610 29
 -99.000   28.000 -0.00470 22
 -99.000   29.000 -0.00287 29
 -99.000   30.000 -0.00103 22
 -99.000   31.000 -0.00057 28
 -99.000   32.000 -0.00057 21
 -99.000   33.000 -0.00141 28
 -99.000   34.000 -0.00198 22
 -99.000   35.000 -0.00234 28
 -99.000   36.000 -0.00153 22
 -99.000   37.000  0.00008 24
 -99.000   38.000  0.00293 21
 -99.000   39.000  0.00491 22
 -99.000   40.000  0.00515 23
 -99.000   41.000  0.00229 21
 -99.000   42.000 -0.00115 19
 -99.000   43.000 -0.00509 16
 -99.000   44.000 -0.00757 18
 -99.000   45.000 -0.00887 19
 -99.000   46.000 -0.00672 19
 -99.000   47.000 -0.00438 17
 -99.000   48.000 -0.00161 20
 -99.000   49.000 -0.00056 19
 -99.000   50.000  0.00126 17
 -98.000   25.000 -0.00992 20
 -98.000   26.000 -0.00896 20
 -98.000   27.000 -0.00772 25
 -98.000   28.000 -0.00623 24
 -98.000   29.000 -0.00382 25
 -98.000   30.000 -0.00135 24
 -98.000   31.000 -0.00002 23
 -98.000   32.000  0.00059 23
 -98.000   33.000  0.00043 23
 -98.000   34.000 -0.00017 23
 -98.000   35.000 -0.00086 22
 -98.000   36.000 -0.00110 23
 -98.000   37.000 -0.00068 24
 -98.000   38.000  0.00089 26
 -98.000   39.000  0.00197 25
 -98.000   40.000  0.00214 25
 -98.000   41.000 -0.00011 23
 -98.000   42.000 -0.00255 20
 -98.000   43.000 -0.00554 19
 -98.000   44.000 -0.00739 18
 -98.000   45.000 -0.00851 20
 -98.000   46.000 -0.00700 17
 -98.000   47.000 -0.00513 19
 -98.000   48.000 -0.00327 17
 -98.000   49.000 -0.00257 19
 -98.000   50.000 -0.00135 13
 -97.000   25.000 -0.01259 22
 -97.000   26.000 -0.01112 19
 -97.000   27.000 -0.00948 29
 -97.000   28.000 -0.00754 23
 -97.000   29.000 -0.00428 28
 -97.000   30.000 -0.00115 23
 -97.000   31.000  0.00071 27
 -97.000   32.000  0.00167 24
 -97.000   33.000  0.00182 27
 -97.000   34.000  0.00112 23
 -97.000   35.000  0.00003 24
 -97.000   36.000 -0.00107 22
 -97.000   37.000 -0.00178 24
 -97.000   38.000 -0.00108 24
 -97.000   39.000 -0.00070 23
 -97.000   40.000 -0.00076 22
 -97.000   41.000 -0.00314 19
 -97.000   42.000 -0.00513 17
 -97.000   43.000 -0.00732 15
 -97.000   44.000 -0.00841 18
 -97.000   45.000 -0.00858 17
 -97.000   46.000 -0.00676 18
 -97.000   47.000 -0.00478 15
 -97.000   48.000 -0.00393 20
 -97.000   49.000 -0.00359 17
 -97.000   50.000 -0.00352 16
 -96.000   25.000 -0.01291 18
 -96.000   26.000 -0.01119 19
 -96.000   27.000 -0.00954 23
 -96.000   28.000 -0.00766 23
 -96.000   29.000 -0.00451 22
 -96.000   30.000 -0.00135 24
 -96.000   31.000  0.00058 22
 -96.000   32.000  0.00176 26
 -96.000   33.000  0.00226 22
 -96.000   34.000  0.00165 25
 -96.000   35.000  0.00046 21
 -96.000   36.000 -0.00136 25
 -96.000   37.000 -0.00312 23
 -96.000   38.000 -0.00355 27
 -96.000   39.000 -0.00395 24
 -96.000   40.000 -0.00418 25
 -96.000   41.000 -0.00596 22
 -96.000   42.000 -0.00699 20
 -96.000   43.000 -0.00785 18
 -96.000   44.000 -0.00800 18
 -96.000   45.000 -0.00751 18
 -96.000   46.000 -0.00633 18
 -96.000   47.000 -0.00503 18
 -96.000   48.000 -0.00547 19
 -96.000   49.000 -0.00571 18
 -96.000   50.000 -0.00687 13
 -95.000   25.000 -0.01271 20
 -95.000   26.000 -0.01061 19
 -95.000   27.000 -0.00883 26
 -95.000   28.000 -0.00690 22
 -95.000   29.000 -0.00377 25
 -95.000   30.000 -0.00071 23
 -95.000   31.000  0.00084 26
 -95.000   32.000  0.00179 25
 -95.000   33.000  0.00215 25
 -95.000   34.000  0.00164 24
 -95.000   35.000  0.00044 24
 -95.000   36.000 -0.00148 24
 -95.000   37.000 -0.00368 24
 -95.000   38.000 -0.00440 24
 -95.000   39.000 -0.00515 24
 -95.000   40.000 -0.00552 23
 -95.000   41.000 -0.00736 22
 -95.000   42.000 -0.00801 18
 -95.000   43.000 -0.00814 15
 -95.000   44.000 -0.00748 15
 -95.000   45.000 -0.00619 15
 -95.000   46.000 -0.00492 18
 -95.000   47.000 -0.00401 16
 -95.000   48.000 -0.00562 20
 -95.000   49.000 -0.00651 17
 -95.000   50.000 -0.00905 16
 -94.000   25.000 -0.01002 15
 -94.000   26.000 -0.00785 17
 -94.000   27.000 -0.00637 19
 -94.000   28.000 -0.00482 21
 -94.000   29.000 -0.00260 20
 -94.000   30.000 -0.00038 24
 -94.000   31.000  0.00023 22
 -94.000   32.000  0.00062 25
 -94.000   33.000  0.00073 22
 -94.000   34.000  0.00044 26
 -94.000   35.000 -0.00046 25
 -94.000   36.000 -0.00215 27
 -94.000   37.000 -0.00420 25
 -94.000   38.000 -0.00508 26
 -94.000   39.000 -0.00598 25
 -94.000   40.000 -0.00648 25
 -94.000   41.000 -0.00776 23
 -94.000   42.000 -0.00788 21
 -94.000   43.000 -0.00747 19
 -94.000   44.000 -0.00657 18
 -94.000   45.000 -0.00528 17
 -94.000   46.000 -0.00433 19
 -94.000   47.000 -0.00394 19
 -94.000   48.000 -0.00558 21
 -94.000   49.000 -0.00650 18
 -94.000   50.000 -0.00893 14
 -93.000   25.000 -0.00839 19
 -93.000   26.000 -0.00633 20
 -93.000   27.000 -0.00503 25
 -93.000   28.000 -0.00375 23
 -93.000   29.000 -0.00190 25
 -93.000   30.000 -0.00009 24
 -93.000   31.000  0.00001 25
 -93.000   32.000 -0.00005 23
 -93.000   33.000 -0.00042 23
 -93.000   34.000 -0.00088 23
 -93.000   35.000 -0.00171 24
 -93.000   36.000 -0.00302 23
 -93.000   37.000 -0.00436 23
 -93.000   38.000 -0.00452 22
 -93.000   39.000 -0.00484 23
 -93.000   40.000 -0.00516 22
 -93.000   41.000 -0.00635 21
 -93.000   42.000 -0.00661 18
 -93.000   43.000 -0.00658 16
 -93.000   44.000 -0.00590 15
 -93.000   45.000 -0.00490 14
 -93.000   46.000 -0.00360 16
 -93.000   47.000 -0.00329 16
 -93.000   48.000 -0.00419 19
 -93.000   49.000 -0.00489 17
 -93.000   50.000 -0.00671 15
 -92.000   25.000 -0.00674 18
 -92.000   26.000 -0.00492 19
 -92.000   27.000 -0.00384 23
 -92.000   28.000 -0.00289 21
 -92.000   29.000 -0.00159 23
 -92.000   30.000 -0.00046 23
 -92.000   31.000 -0.00079 24
 -92.000   32.000 -0.00135 24
 -92.000   33.000 -0.00197 25
 -92.000   34.000 -0.00255 27
 -92.000   35.000 -0.00322 27
 -92.000   36.000 -0.00425 27
 -92.000   37.000 -0.00484 24
 -92.000   38.000 -0.00461 25
 -92.000   39.000 -0.00445 24
 -92.000   40.000 -0.00456 25
 -92.000   41.000 -0.00516 23
 -92.000   42.000 -0.00515 22
 -92.000   43.000 -0.00536 20
 -92.000   44.000 -0.00503 18
 -92.000   45.000 -0.00459 18
 -92.000   46.000 -0.00341 18
 -92.000   47.000 -0.00332 20
 -92.000   48.000 -0.00335 20
 -92.000   49.000 -0.00361 20
 -92.000   50.000 -0.00432 14
 -91.000   25.000 -0.00614 20
 -91.000   26.000 -0.00469 22
 -91.000   27.000 -0.00379 26
 -91.000   28.000 -0.00305 23
 -91.000   29.000 -0.00193 24
 -91.000   30.000 -0.00099 22
 -91.000   31.000 -0.00110 23
 -91.000   32.000 -0.00153 22
 -91.000   33.000 -0.00193 22
 -91.000   34.000 -0.00253 22
 -91.000   35.000 -0.00313 22
 -91.000   36.000 -0.00414 23
 -91.000   37.000 -0.00423 21
 -91.000   38.000 -0.00373 22
 -91.000   39.000 -0.00315 21
 -91.000   40.000 -0.00318 22
 -91.000   41.000 -0.00367 21
 -91.000   42.000 -0.00388 19
 -91.000   43.000 -0.00463 17
 -91.000   44.000 -0.00476 14
 -91.000   45.000 -0.00487 16
 -91.000   46.000 -0.00379 15
 -91.000   47.000 -0.00390 18
 -91.000   48.000 -0.00345 16
 -91.000   49.000 -0.00352 18
 -91.000   50.000 -0.00358 12
 -90.000   25.000 -0.00424 20
 -90.000   26.000 -0.00316 19
 -90.000   27.000 -0.00236 23
 -90.000   28.000 -0.00187 20
 -90.000   29.000 -0.00097 23
 -90.000   30.000 -0.00057 22
 -90.000   31.000 -0.00072 23
 -90.000   32.000 -0.00146 23
 -90.000   33.000 -0.00181 25
 -90.000   34.000 -0.00259 27
 -90.000   35.000 -0.00307 27
 -90.000   36.000 -0.00410 28
 -90.000   37.000 -0.00390 25
 -90.000   38.000 -0.00359 26
 -90.000   39.000 -0.00311 25
 -90.000   40.000 -0.00351 26
 -90.000   41.000 -0.00387 26
 -90.000   42.000 -0.00416 24
 -90.000   43.000 -0.00500 24
 -90.000   44.000 -0.00548 20
 -90.000   45.000 -0.00596 23
 -90.000   46.000 -0.00516 20
 -90.000   47.000 -0.00529 24
 -90.000   48.000 -0.00436 20
 -90.000   49.000 -0.00407 21
 -90.000   50.000 -0.00314 13
 -89.000   25.000 -0.00352 17
 -89.000   26.000 -0.00283 20
 -89.000   27.000 -0.00209 22
 -89.000   28.000 -0.00160 22
 -89.000   29.000 -0.00059 21
 -89.000   30.000 -0.00007 22
 -89.000   31.000  0.00032 19
 -89.000   32.000 -0.00012 21
 -89.000   33.000 -0.00018 19
 -89.000   34.000 -0.00124 22
 -89.000   35.000 -0.00204 20
 -89.000   36.000 -0.00340 22
 -89.000   37.000 -0.00337 20
 -89.000   38.000 -0.00319 22
 -89.000   39.000 -0.00271 21
 -89.000   40.000 -0.00306 22
 -89.000   41.000 -0.00335 21
 -89.000   42.000 -0.00379 19
 -89.000   43.000 -0.00459 19
 -89.000   44.000 -0.00517 16
 -89.000   45.000 -0.00587 19
 -89.000   46.000 -0.00550 16
 -89.000   47.000 -0.00578 20
 -89.000   48.000 -0.00507 16
 -89.000   49.000 -0.00492 18
 -89.000   50.000 -0.00392 11
 -88.000   25.000 -0.00180 18
 -88.000   26.000 -0.00158 18
 -88.000   27.000 -0.00115 22
 -88.000   28.000 -0.00093 20
 -88.000   29.000 -0.00010 24
 -88.000   30.000  0.00040 23
 -88.000   31.000  0.00116 23
 -88.000   32.000  0.00104 23
 -88.000   33.000  0.00123 24
 -88.000   34.000  0.00011 26
 -88.000   35.000 -0.00095 25
 -88.000   36.000 -0.00246 26
 -88.000   37.000 -0.00271 25
 -88.000   38.000 -0.00289 26
 -88.000   39.000 -0.00284 26
 -88.000   40.000 -0.00340 26
 -88.000   41.000 -0.00375 26
 -88.000   42.000 -0.00418 24
 -88.000   43.000 -0.00459 25
 -88.000   44.000 -0.00483 21
 -88.000   45.000 -0.00534 23
 -88.000   46.000 -0.00523 18
 -88.000   47.000 -0.00558 22
 -88.000   48.000 -0.00530 20
 -88.000   49.000 -0.00536 22
 -88.000   50.000 -0.00450 15
 -87.000   25.000  0.00066 15
 -87.000   26.000  0.00015 19
 -87.000   27.000 -0.00009 20
 -87.000   28.000 -0.00051 21
 -87.000   29.000 -0.00019 20
 -87.000   30.000  0.00036 22
 -87.000   31.000  0.00154 19
 -87.000   32.000  0.00214 22
 -87.000   33.000  0.00253 19
 -87.000   34.000  0.00136 22
 -87.000   35.000 -0.00036 19
 -87.000   36.000 -0.00214 22
 -87.000   37.000 -0.00275 21
 -87.000   38.000 -0.00286 23
 -87.000   39.000 -0.00279 22
 -87.000   40.000 -0.00289 22
 -87.000   41.000 -0.00313 20
 -87.000   42.000 -0.00351 18
 -87.000   43.000 -0.00352 17
 -87.000   44.000 -0.00320 16
 -87.000   45.000 -0.00323 19
 -87.000   46.000 -0.00316 16
 -87.000   47.000 -0.00361 18
 -87.000   48.000 -0.00412 16
 -87.000   49.000 -0.00462 19
 -87.000   50.000 -0.00455 13
 -86.000   25.000  0.00318 18
 -86.000   26.000  0.00216 18
 -86.000   27.000  0.00131 20
 -86.000   28.000 -0.00004 19
 -86.000   29.000 -0.00032 22
 -86.000   30.000 -0.00020 23
 -86.000   31.000  0.00086 23
 -86.000   32.000  0.00164 24
 -86.000   33.000  0.00212 24
 -86.000   34.000  0.00121 25
 -86.000   35.000 -0.00043 24
 -86.000   36.000 -0.00179 24
 -86.000   37.000 -0.00229 25
 -86.000   38.000 -0.00234 25
 -86.000   39.000 -0.00243 27
 -86.000   40.000 -0.00261 26
 -86.000   41.000 -0.00318 27
 -86.000   42.000 -0.00373 24
 -86.000   43.000 -0.00338 24
 -86.000   44.000 -0.00249 21
 -86.000   45.000 -0.00201 23
 -86.000   46.000 -0.00168 18
 -86.000   47.000 -0.00199 20
 -86.000   48.000 -0.00274 19
 -86.000   49.000 -0.00350 22
 -86.000   50.000 -0.00379 16
 -85.000   25.000  0.00383 16
 -85.000   26.000  0.00266 19
 -85.000   27.000  0.00142 19
 -85.000   28.000 -0.00042 21
 -85.000   29.000 -0.00125 20
 -85.000   30.000 -0.00138 23
 -85.000   31.000 -0.00061 20
 -85.000   32.000  0.00044 23
 -85.000   33.000  0.00099 20
 -85.000   34.000  0.00045 24
 -85.000   35.000 -0.00108 21
 -85.000   36.000 -0.00196 23
 -85.000   37.000 -0.00215 21
 -85.000   38.000 -0.00182 22
 -85.000   39.000 -0.00151 22
 -85.000   40.000 -0.00127 21
 -85.000   41.000 -0.00176 21
 -85.000   42.000 -0.00253 18
 -85.000   43.000 -0.00206 19
 -85.000   44.000 -0.00090 18
 -85.000   45.000  0.00000 22
 -85.000   46.000  0.00041 18
 -85.000   47.000  0.00039 19
 -85.000   48.000 -0.00059 15
 -85.000   49.000 -0.00148 18
 -85.000   50.000 -0.00229 12
 -84.000   25.000  0.00372 19
 -84.000   26.000  0.00277 20
 -84.000   27.000  0.00132 22
 -84.000   28.000 -0.00081 20
 -84.000   29.000 -0.00217 22
 -84.000   30.000 -0.00250 23
 -84.000   31.000 -0.00224 24
 -84.000   32.000 -0.00121 24
 -84.000   33.000 -0.00057 23
 -84.000   34.000 -0.00046 24
 -84.000   35.000 -0.00108 24
 -84.000   36.000 -0.00097 23
 -84.000   37.000 -0.00048 23
 -84.000   38.000 -0.00000 22
 -84.000   39.000  0.00040 25
 -84.000   40.000  0.00016 24
 -84.000   41.000 -0.00091 26
 -84.000   42.000 -0.00234 23
 -84.000   43.000 -0.00202 25
 -84.000   44.000 -0.00093 23
 -84.000   45.000  0.00010 24
 -84.000   46.000  0.00056 20
 -84.000   47.000  0.00088 20
 -84.000   48.000  0.00011 18
 -84.000   49.000 -0.00069 19
 -84.000   50.000 -0.00151 14
 -83.000   25.000  0.00291 16
 -83.000   26.000  0.00252 20
 -83.000   27.000  0.00133 20
 -83.000   28.000 -0.00034 21
 -83.000   29.000 -0.00173 20
 -83.000   30.000 -0.00209 23
 -83.000   31.000 -0.00242 23
 -83.000   32.000 -0.00178 24
 -83.000   33.000 -0.00153 21
 -83.000   34.000 -0.00148 23
 -83.000   35.000 -0.00186 22
 -83.000   36.000 -0.00132 24
 -83.000   37.000 -0.00047 22
 -83.000   38.000  0.00024 22
 -83.000   39.000  0.00101 22
 -83.000   40.000  0.00098 20
 -83.000   41.000  0.00007 21
 -83.000   42.000 -0.00149 18
 -83.000   43.000 -0.00119 22
 -83.000   44.000 -0.00027 21
 -83.000   45.000  0.00085 23
 -83.000   46.000  0.00119 19
 -83.000   47.000  0.00199 19
 -83.000   48.000  0.00161 16
 -83.000   49.000  0.00118 17
 -83.000   50.000  0.00051 11
 -82.000   25.000  0.00290 21
 -82.000   26.000  0.00310 23
 -82.000   27.000  0.00239 25
 -82.000   28.000  0.00154 20
 -82.000   29.000  0.00032 21
 -82.000   30.000 -0.00016 21
 -82.000   31.000 -0.00112 24
 -82.000   32.000 -0.00119 23
 -82.000   33.000 -0.00150 23
 -82.000   34.000 -0.00177 22
 -82.000   35.000 -0.00171 23
 -82.000   36.000 -0.00082 22
 -82.000   37.000  0.00021 23
 -82.000   38.000  0.00077 22
 -82.000   39.000  0.00153 24
 -82.000   40.000  0.00127 22
 -82.000   41.000  0.00009 24
 -82.000   42.000 -0.00170 21
 -82.000   43.000 -0.00153 24
 -82.000   44.000 -0.00083 23
 -82.000   45.000 -0.00009 23
 -82.000   46.000  0.00005 22
 -82.000   47.000  0.00114 21
 -82.000   48.000  0.00140 20
 -82.000   49.000  0.00117 17
 -82.000   50.000  0.00107 12
 -81.000   25.000  0.00251 17
 -81.000   26.000  0.00326 21
 -81.000   27.000  0.00310 21
 -81.000   28.000  0.00343 22
 -81.000   29.000  0.00249 21
 -81.000   30.000  0.00194 23
 -81.000   31.000  0.00046 23
 -81.000   32.000 -0.00019 24
 -81.000   33.000 -0.00110 24
 -81.000   34.000 -0.00197 24
 -81.000   35.000 -0.00213 24
 -81.000   36.000 -0.00138 24
 -81.000   37.000 -0.00043 23
 -81.000   38.000  0.00014 23
 -81.000   39.000  0.00103 22
 -81.000   40.000  0.00115 20
 -81.000   41.000  0.00033 21
 -81.000   42.000 -0.00132 18
 -81.000   43.000 -0.00126 21
 -81.000   44.000 -0.00073 18
 -81.000   45.000 -0.00022 21
 -81.000   46.000 -0.00021 19
 -81.000   47.000  0.00112 21
 -81.000   48.000  0.00184 18
 -81.000   49.000  0.00188 18
 -81.000   50.000  0.00223 11
 -80.000   25.000  0.00464 21
 -80.000   26.000  0.00538 23
 -80.000   27.000  0.00532 27
 -80.000   28.000  0.00603 22
 -80.000   29.000  0.00478 23
 -80.000   30.000  0.00389 20
 -80.000   31.000  0.00207 22
 -80.000   32.000  0.00111 22
 -80.000   33.000 -0.00016 24
 -80.000   34.000 -0.00128 23
 -80.000   35.000 -0.00128 25
 -80.000   36.000 -0.00062 23
 -80.000   37.000  0.00006 24
 -80.000   38.000  0.00042 22
 -80.000   39.000  0.00125 22
 -80.000   40.000  0.00136 20
 -80.000   41.000  0.00046 22
 -80.000   42.000 -0.00115 20
 -80.000   43.000 -0.00122 21
 -80.000   44.000 -0.00092 19
 -80.000   45.000 -0.00106 21
 -80.000   46.000 -0.00131 22
 -80.000   47.000 -0.00033 22
 -80.000   48.000  0.00052 21
 -80.000   49.000  0.00036 18
 -80.000   50.000  0.00099 13
 -79.000   25.000  0.00749 16
 -79.000   26.000  0.00748 21
 -79.000   27.000  0.00721 23
 -79.000   28.000  0.00734 24
 -79.000   29.000  0.00579 22
 -79.000   30.000  0.00441 22
 -79.000   31.000  0.00266 22
 -79.000   32.000  0.00164 24
 -79.000   33.000  0.00044 24
 -79.000   34.000 -0.00088 24
 -79.000   35.000 -0.00117 25
 -79.000   36.000 -0.00084 25
 -79.000   37.000 -0.00054 25
 -79.000   38.000 -0.00032 24
 -79.000   39.000  0.00042 22
 -79.000   40.000  0.00085 20
 -79.000   41.000  0.00029 20
 -79.000   42.000 -0.00098 18
 -79.000   43.000 -0.00098 18
 -79.000   44.000 -0.00061 15
 -79.000   45.000 -0.00086 18
 -79.000   46.000 -0.00122 17
 -79.000   47.000 -0.00054 19
 -79.000   48.000  0.00009 17
 -79.000   49.000 -0.00026 18
 -79.000   50.000  0.00018 12
 -78.000   25.000  0.01045 20
 -78.000   26.000  0.00963 22
 -78.000   27.000  0.00912 29
 -78.000   28.000  0.00846 22
 -78.000   29.000  0.00636 26
 -78.000   30.000  0.00425 18
 -78.000   31.000  0.00252 23
 -78.000   32.000  0.00150 20
 -78.000   33.000  0.00061 24
 -78.000   34.000 -0.00036 21
 -78.000   35.000 -0.00014 24
 -78.000   36.000  0.00034 22
 -78.000   37.000  0.00041 25
 -78.000   38.000  0.00043 23
 -78.000   39.000  0.00097 23
 -78.000   40.000  0.00139 21
 -78.000   41.000  0.00082 22
 -78.000   42.000 -0.00033 20
 -78.000   43.000 -0.00033 19
 -78.000   44.000  0.00004 20
 -78.000   45.000 -0.00051 21
 -78.000   46.000 -0.00111 24
 -78.000   47.000 -0.00104 21
 -78.000   48.000 -0.00090 22
 -78.000   49.000 -0.00169 18
 -78.000   50.000 -0.00170 15
 -77.000   25.000  0.01041 17
 -77.000   26.000  0.00894 21
 -77.000   27.000  0.00845 24
 -77.000   28.000  0.00726 23
 -77.000   29.000  0.00519 25
 -77.000   30.000  0.00280 21
 -77.000   31.000  0.00129 23
 -77.000   32.000  0.00017 21
 -77.000   33.000 -0.00039 23
 -77.000   34.000 -0.00100 22
 -77.000   35.000 -0.00029 24
 -77.000   36.000  0.00056 24
 -77.000   37.000  0.00097 26
 -77.000   38.000  0.00113 24
 -77.000   39.000  0.00169 23
 -77.000   40.000  0.00215 21
 -77.000   41.000  0.00190 21
 -77.000   42.000  0.00092 19
 -77.000   43.000  0.00097 18
 -77.000   44.000  0.00134 18
 -77.000   45.000  0.00086 19
 -77.000   46.000 -0.00005 20
 -77.000   47.000 -0.00046 20
 -77.000   48.000 -0.00085 19
 -77.000   49.000 -0.00193 18
 -77.000   50.000 -0.00247 13
 -76.000   25.000  0.00968 21
 -76.000   26.000  0.00812 20
 -76.000   27.000  0.00792 27
 -76.000   28.000  0.00681 19
 -76.000   29.000  0.00511 29
 -76.000   30.000  0.00268 19
 -76.000   31.000  0.00132 27
 -76.000   32.000 -0.00006 19
 -76.000   33.000 -0.00063 26
 -76.000   34.000 -0.00086 20
 -76.000   35.000  0.00062 24
 -76.000   36.000  0.00195 20
 -76.000   37.000  0.00266 24
 -76.000   38.000  0.00271 21
 -76.000   39.000  0.00299 23
 -76.000   40.000  0.00326 21
 -76.000   41.000  0.00314 23
 -76.000   42.000  0.00229 21
 -76.000   43.000  0.00227 21
 -76.000   44.000  0.00256 22
 -76.000   45.000  0.00189 22
 -76.000   46.000  0.00047 26
 -76.000   47.000 -0.00050 24
 -76.000   48.000 -0.00122 26
 -76.000   49.000 -0.00244 22
 -76.000   50.000 -0.00346 18
 -75.000   25.000  0.00595 18
 -75.000   26.000  0.00470 20
 -75.000   27.000  0.00508 22
 -75.000   28.000  0.00458 21
 -75.000   29.000  0.00400 26
 -75.000   30.000  0.00222 23
 -75.000   31.000  0.00131 27
 -75.000   32.000 -0.00013 23
 -75.000   33.000 -0.00053 26
 -75.000   34.000 -0.00070 22
 -75.000   35.000  0.00098 24
 -75.000   36.000  0.00238 21
 -75.000   37.000  0.00329 26
 -75.000   38.000  0.00305 23
 -75.000   39.000  0.00304 26
 -75.000   40.000  0.00322 21
 -75.000   41.000  0.00353 23
 -75.000   42.000  0.00301 20
 -75.000   43.000  0.00322 22
 -75.000   44.000  0.00361 20
 -75.000   45.000  0.00310 21
 -75.000   46.000  0.00129 19
 -75.000   47.000  0.00004 22
 -75.000   48.000 -0.00085 20
 -75.000   49.000 -0.00206 22
 -75.000   50.000 -0.00338 14
 -74.000   25.000  0.00286 18
 -74.000   26.000  0.00221 17
 -74.000   27.000  0.00323 25
 -74.000   28.000  0.00393 18
 -74.000   29.000  0.00450 28
 -74.000   30.000  0.00365 19
 -74.000   31.000  0.00319 27
 -74.000   32.000  0.00183 19
 -74.000   33.000  0.00128 26
 -74.000   34.000  0.00105 20
 -74.000   35.000  0.00264 24
 -74.000   36.000  0.00377 19
 -74.000   37.000  0.00451 24
 -74.000   38.000  0.00377 21
 -74.000   39.000  0.00321 24
 -74.000   40.000  0.00332 21
 -74.000   41.000  0.00410 22
 -74.000   42.000  0.00393 20
 -74.000   43.000  0.00422 21
 -74.000   44.000  0.00472 21
 -74.000   45.000  0.00418 22
 -74.000   46.000  0.00225 23
 -74.000   47.000  0.00089 23
 -74.000   48.000  0.00045 24
 -74.000   49.000 -0.00044 23
 -74.000   50.000 -0.00162 21
 -73.000   25.000 -0.00044 18
 -73.000   26.000 -0.00058 21
 -73.000   27.000  0.00085 23
 -73.000   28.000  0.00224 21
 -73.000   29.000  0.00382 24
 -73.000   30.000  0.00399 22
 -73.000   31.000  0.00428 24
 -73.000   32.000  0.00323 20
 -73.000   33.000  0.00292 23
 -73.000   34.000  0.00246 21
 -73.000   35.000  0.00374 25
 -73.000   36.000  0.00421 22
 -73.000   37.000  0.00489 28
 -73.000   38.000  0.00371 24
 -73.000   39.000  0.00303 28
 -73.000   40.000  0.00271 23
 -73.000   41.000  0.00373 26
 -73.000   42.000  0.00348 21
 -73.000   43.000  0.00403 24
 -73.000   44.000  0.00469 20
 -73.000   45.000  0.00461 26
 -73.000   46.000  0.00303 20
 -73.000   47.000  0.00187 25
 -73.000   48.000  0.00185 18
 -73.000   49.000  0.00119 22
 -73.000   50.000  0.00024 16
 -72.000   25.000 -0.00175 17
 -72.000   26.000 -0.00157 17
 -72.000   27.000 -0.00007 24
 -72.000   28.000  0.00153 17
 -72.000   29.000  0.00356 24
 -72.000   30.000  0.00458 17
 -72.000   31.000  0.00575 23
 -72.000   32.000  0.00535 17
 -72.000   33.000  0.00540 23
 -72.000   34.000  0.00476 20
 -72.000   35.000  0.00560 24
 -72.000   36.000  0.00524 21
 -72.000   37.000  0.00544 24
 -72.000   38.000  0.00376 21
 -72.000   39.000  0.00280 21
 -72.000   40.000  0.00206 19
 -72.000   41.000  0.00295 19
 -72.000   42.000  0.00252 19
 -72.000   43.000  0.00310 19
 -72.000   44.000  0.00378 19
 -72.000   45.000  0.00404 21
 -72.000   46.000  0.00300 22
 -72.000   47.000  0.00228 23
 -72.000   48.000  0.00310 24
 -72.000   49.000  0.00303 22
 -72.000   50.000  0.00255 22
 -71.000   25.000 -0.00289 17
 -71.000   26.000 -0.00267 23
 -71.000   27.000 -0.00138 23
 -71.000   28.000 -0.00016 23
 -71.000   29.000  0.00189 24
 -71.000   30.000  0.00350 23
 -71.000   31.000  0.00574 25
 -71.000   32.000  0.00647 22
 -71.000   33.000  0.00751 25
 -71.000   34.000  0.00682 23
 -71.000   35.000  0.00762 25
 -71.000   36.000  0.00669 22
 -71.000   37.000  0.00663 26
 -71.000   38.000  0.00467 23
 -71.000   39.000  0.00413 26
 -71.000   40.000  0.00297 21
 -71.000   41.000  0.00340 25
 -71.000   42.000  0.00257 22
 -71.000   43.000  0.00334 26
 -71.000   44.000  0.00386 21
 -71.000   45.000  0.00420 27
 -71.000   46.000  0.00337 23
 -71.000   47.000  0.00261 28
 -71.000   48.000  0.00340 22
 -71.000   49.000  0.00329 22
 -71.000   50.000  0.00298 15
 -70.000   25.000 -0.00323 13
 -70.000   26.000 -0.00280 16
 -70.000   27.000 -0.00174 21
 -70.000   28.000 -0.00055 18
 -70.000   29.000  0.00114 24
 -70.000   30.000  0.00292 19
 -70.000   31.000  0.00583 25
 -70.000   32.000  0.00747 20
 -70.000   33.000  0.00906 24
 -70.000   34.000  0.00854 21
 -70.000   35.000  0.00938 22
 -70.000   36.000  0.00816 20
 -70.000   37.000  0.00772 20
 -70.000   38.000  0.00579 20
 -70.000   39.000  0.00557 19
 -70.000   40.000  0.00448 18
 -70.000   41.000  0.00458 16
 -70.000   42.000  0.00370 19
 -70.000   43.000  0.00438 18
 -70.000   44.000  0.00469 20
 -70.000   45.000  0.00458 18
 -70.000   46.000  0.00380 23
 -70.000   47.000  0.00291 21
 -70.000   48.000  0.00386 25
 -70.000   49.000  0.00383 19
 -70.000   50.000  0.00395 21
 -69.000   25.000 -0.00265 16
 -69.000   26.000 -0.00209 23
 -69.000   27.000 -0.00136 21
 -69.000   28.000 -0.00046 21
 -69.000   29.000  0.00045 22
 -69.000   30.000  0.00174 22
 -69.000   31.000  0.00481 25
 -69.000   32.000  0.00702 22
 -69.000   33.000  0.00933 25
 -69.000   34.000  0.00923 23
 -69.000   35.000  0.01071 25
 -69.000   36.000  0.00969 22
 -69.000   37.000  0.00925 25
 -69.000   38.000  0.00754 23
 -69.000   39.000  0.00783 25
 -69.000   40.000  0.00683 21
 -69.000   41.000  0.00621 22
 -69.000   42.000  0.00523 22
 -69.000   43.000  0.00578 24
 -69.000   44.000  0.00613 22
 -69.000   45.000  0.00552 23
 -69.000   46.000  0.00472 23
 -69.000   47.000  0.00335 24
 -69.000   48.000  0.00376 23
 -69.000   49.000  0.00309 20
 -69.000   50.000  0.00310 17
 -68.000   25.000  0.00019 13
 -68.000   26.000  0.00132 15
 -68.000   27.000  0.00160 18
 -68.000   28.000  0.00270 15
 -68.000   29.000  0.00204 20
 -68.000   30.000  0.00221 17
 -68.000   31.000  0.00431 22
 -68.000   32.000  0.00621 17
 -68.000   33.000  0.00833 21
 -68.000   34.000  0.00865 18
 -68.000   35.000  0.01052 20
 -68.000   36.000  0.00962 18
 -68.000   37.000  0.00900 20
 -68.000   38.000  0.00762 21
 -68.000   39.000  0.00808 21
 -68.000   40.000  0.00770 20
 -68.000   41.000  0.00690 17
 -68.000   42.000  0.00655 19
 -68.000   43.000  0.00690 17
 -68.000   44.000  0.00746 20
 -68.000   45.000  0.00616 17
 -68.000   46.000  0.00543 23
 -68.000   47.000  0.00347 19
 -68.000   48.000  0.00349 23
 -68.000   49.000  0.00239 17
 -68.000   50.000  0.00223 18
 -67.000   25.000  0.00627 11
 -67.000   26.000  0.00774 15
 -67.000   27.000  0.00736 15
 -67.000   28.000  0.00771 14
 -67.000   29.000  0.00546 16
 -67.000   30.000  0.00379 14
 -67.000   31.000  0.00446 18
 -67.000   32.000  0.00582 15
 -67.000   33.000  0.00819 20
 -67.000   34.000  0.00911 17
 -67.000   35.000  0.01203 19
 -67.000   36.000  0.01158 16
 -67.000   37.000  0.01118 20
 -67.000   38.000  0.00993 19
 -67.000   39.000  0.01048 21
 -67.000   40.000  0.01046 18
 -67.000   41.000  0.00924 19
 -67.000   42.000  0.00934 18
 -67.000   43.000  0.00949 19
 -67.000   44.000  0.01071 18
 -67.000   45.000  0.00882 19
 -67.000   46.000  0.00859 20
 -67.000   47.000  0.00592 20
 -67.000   48.000  0.00565 19
 -67.000   49.000  0.00367 15
 -67.000   50.000  0.00341 10
 -66.000   25.000  0.00892 5
 -66.000   26.000  0.01070 7
 -66.000   27.000  0.01009 11
 -66.000   28.000  0.01053 10
 -66.000   29.000  0.00747 12
 -66.000   30.000  0.00498 9
 -66.000   31.000  0.00474 11
 -66.000   32.000  0.00559 9
 -66.000   33.000  0.00767 11
 -66.000   34.000  0.00885 10
 -66.000   35.000  0.01191 10
 -66.000   36.000  0.01150 10
 -66.000   37.000  0.01101 10
 -66.000   38.000  0.00994 12
 -66.000   39.000  0.01042 12
 -66.000   40.000  0.01090 13
 -66.000   41.000  0.00985 12
 -66.000   42.000  0.01056 11
 -66.000   43.000  0.01063 10
 -66.000   44.000  0.01221 11
 -66.000   45.000  0.00995 12
 -66.000   46.000  0.00999 14
 -66.000   47.000  0.00707 12
 -66.000   48.000  0.00683 11
 -66.000   49.000  0.00457 8
 -66.000   50.000  0.00438 6
 -65.000   25.000  0.01370 3
 -65.000   26.000  0.01556 5
 -65.000   27.000  0.01445 6
 -65.000   28.000  0.01436 5
 -65.000   29.000  0.01011 6
 -65.000   30.000  0.00639 5
 -65.000   31.000  0.00500 7
 -65.000   32.000  0.00507 6
 -65.000   33.000  0.00715 9
 -65.000   34.000  0.00862 8
 -65.000   35.000  0.01204 10
 -65.000   36.000  0.01167 8
 -65.000   37.000  0.01133 9
 -65.000   38.000  0.01028 7
 -65.000   39.000  0.01050 8
 -65.000   40.000  0.01107 7
 -65.000   41.000  0.00980 8
 -65.000   42.000  0.01075 7
 -65.000   43.000  0.01070 8
 -65.000   44.000  0.01303 8
 -65.000   45.000  0.01103 9
 -65.000   46.000  0.01194 8
 -65.000   47.000  0.00895 8
 -65.000   48.000  0.00862 7
 -65.000   49.000  0.00587 6
 -65.000   50.000  0.00534 3
