-130.000   25.000  0.00155 0
-130.000   26.000 -0.00261 1
-130.000   27.000 -0.00428 5
-130.000   28.000 -0.00576 6
-130.000   29.000 -0.00928 8
-130.000   30.000 -0.01664 4
-130.000   31.000 -0.01925 6
-130.000   32.000 -0.02508 3
-130.000   33.000 -0.02905 6
-130.000   34.000 -0.04000 3
-130.000   35.000 -0.04538 5
-130.000   36.000 -0.05252 3
-130.000   37.000 -0.05735 4
-130.000   38.000 -0.05963 4
-130.000   39.000 -0.05587 4
-130.000   40.000 -0.05139 5
-130.000   41.000 -0.04453 4
-130.000   42.000 -0.03925 4
-130.000   43.000 -0.03594 3
-130.000   44.000 -0.04447 2
-130.000   45.000 -0.05003 2
-130.000   46.000 -0.06008 2
-130.000   47.000 -0.05970 3
-130.000   48.000 -0.05029 2
-130.000   49.000 -0.04240 1
-130.000   50.000 -0.03519 0
-129.000   25.000 -0.00795 0
-129.000   26.000 -0.01033 1
-129.000   27.000 -0.01054 3
-129.000   28.000 -0.00999 4
-129.000   29.000 -0.01051 5
-129.000   30.000 -0.01634 3
-129.000   31.000 -0.01880 4
-129.000   32.000 -0.02605 3
-129.000   33.000 -0.03140 5
-129.000   34.000 -0.04341 4
-129.000   35.000 -0.04725 5
-129.000   36.000 -0.05320 4
-129.000   37.000 -0.05514 4
-129.000   38.000 -0.05810 4
-129.000   39.000 -0.05473 4
-129.000   40.000 -0.05394 5
-129.000   41.000 -0.04924 4
-129.000   42.000 -0.04800 5
-129.000   43.000 -0.04532 4
-129.000   44.000 -0.05349 3
-129.000   45.000 -0.05824 3
-129.000   46.000 -0.06781 4
-129.000   47.000 -0.06773 6
-129.000   48.000 -0.05866 4
-129.000   49.000 -0.05193 2
-129.000   50.000 -0.04564 1
-128.000   25.000 -0.01330 5
-128.000   26.000 -0.01453 5
-128.000   27.000 -0.01337 11
-128.000   28.000 -0.01165 10
-128.000   29.000 -0.00946 13
-128.000   30.000 -0.01298 7
-128.000   31.000 -0.01446 9
-128.000   32.000 -0.02203 5
-128.000   33.000 -0.02773 9
-128.000   34.000 -0.03995 6
-128.000   35.000 -0.04400 9
-128.000   36.000 -0.04904 6
-128.000   37.000 -0.04935 7
-128.000   38.000 -0.05245 6
-128.000   39.000 -0.04934 7
-128.000   40.000 -0.05005 9
-128.000   41.000 -0.04633 8
-128.000   42.000 -0.04751 10
-128.000   43.000 -0.04529 8
-128.000   44.000 -0.05335 8
-128.000   45.000 -0.05701 7
-128.000   46.000 -0.06685 8
-128.000   47.000 -0.06713 8
-128.000   48.000 -0.06054 6
-128.000   49.000 -0.05475 3
-128.000   50.000 -0.05095 2
-127.000   25.000 -0.02287 5
-127.000   26.000 -0.02213 4
-127.000   27.000 -0.01867 8
-127.000   28.000 -0.01537 6
-127.000   29.000 -0.00928 8
-127.000   30.000 -0.01175 4
-127.000   31.000 -0.01305 5
-127.000   32.000 -0.02295 3
-127.000   33.000 -0.02972 5
-127.000   34.000 -0.04255 5
-127.000   35.000 -0.04412 6
-127.000   36.000 -0.04770 6
-127.000   37.000 -0.04390 6
-127.000   38.000 -0.04808 7
-127.000   39.000 -0.04541 6
-127.000   40.000 -0.05120 8
-127.000   41.000 -0.04997 6
-127.000   42.000 -0.05669 9
-127.000   43.000 -0.05532 6
-127.000   44.000 -0.06265 8
-127.000   45.000 -0.06428 6
-127.000   46.000 -0.07321 8
-127.000   47.000 -0.07499 8
-127.000   48.000 -0.06834 7
-127.000   49.000 -0.06423 5
-127.000   50.000 -0.06265 5
-126.000   25.000 -0.03369 9
-126.000   26.000 -0.03055 7
-126.000   27.000 -0.02453 14
-126.000   28.000 -0.01936 11
-126.000   29.000 -0.00864 14
-126.000   30.000 -0.00773 7
-126.000   31.000 -0.00746 10
-126.000   32.000 -0.01693 5
-126.000   33.000 -0.02336 9
-126.000   34.000 -0.03454 5
-126.000   35.000 -0.03496 9
-126.000   36.000 -0.03583 6
-126.000   37.000 -0.02922 8
-126.000   38.000 -0.03261 7
-126.000   39.000 -0.03048 8
-126.000   40.000 -0.03875 10
-126.000   41.000 -0.04068 9
-126.000   42.000 -0.05199 12
-126.000   43.000 -0.05225 9
-126.000   44.000 -0.05918 12
-126.000   45.000 -0.05898 8
-126.000   46.000 -0.06689 10
-126.000   47.000 -0.06750 7
-126.000   48.000 -0.06592 8
-126.000   49.000 -0.06366 5
-126.000   50.000 -0.06580 5
-125.000   25.000 -0.03632 4
-125.000   26.000 -0.03312 3
-125.000   27.000 -0.02688 6
-125.000   28.000 -0.02302 5
-125.000   29.000 -0.01191 7
-125.000   30.000 -0.01072 4
-125.000   31.000 -0.01004 7
-125.000   32.000 -0.01860 4
-125.000   33.000 -0.02279 6
-125.000   34.000 -0.03061 4
-125.000   35.000 -0.02691 6
-125.000   36.000 -0.02464 6
-125.000   37.000 -0.01498 7
-125.000   38.000 -0.01909 8
-125.000   39.000 -0.01852 7
-125.000   40.000 -0.03152 8
-125.000   41.000 -0.03786 6
-125.000   42.000 -0.05363 9
-125.000   43.000 -0.05448 6
-125.000   44.000 -0.06043 9
-125.000   45.000 -0.05755 6
-125.000   46.000 -0.06249 7
-125.000   47.000 -0.06101 8
-125.000   48.000 -0.06110 8
-125.000   49.000 -0.05939 8
-125.000   50.000 -0.06285 7
-124.000   25.000 -0.04224 6
-124.000   26.000 -0.03948 5
-124.000   27.000 -0.03283 11
-124.000   28.000 -0.03055 9
-124.000   29.000 -0.01812 14
-124.000   30.000 -0.01491 8
-124.000   31.000 -0.01214 14
-124.000   32.000 -0.01811 7
-124.000   33.000 -0.01922 11
-124.000   34.000 -0.02294 5
-124.000   35.000 -0.01803 9
-124.000   36.000 -0.01411 6
-124.000   37.000 -0.00395 8
-124.000   38.000 -0.00688 7
-124.000   39.000 -0.00686 8
-124.000   40.000 -0.02071 9
-124.000   41.000 -0.02955 8
-124.000   42.000 -0.04695 11
-124.000   43.000 -0.04989 8
-124.000   44.000 -0.05609 11
-124.000   45.000 -0.05147 7
-124.000   46.000 -0.05384 10
-124.000   47.000 -0.05105 8
-124.000   48.000 -0.05262 8
-124.000   49.000 -0.05133 5
-124.000   50.000 -0.05640 4
-123.000   25.000 -0.04473 4
-123.000   26.000 -0.04410 3
-123.000   27.000 -0.03904 7
-123.000   28.000 -0.04056 5
-123.000   29.000 -0.03006 10
-123.000   30.000 -0.02742 6
-123.000   31.000 -0.02378 11
-123.000   32.000 -0.02705 5
-123.000   33.000 -0.02464 7
-123.000   34.000 -0.02390 4
-123.000   35.000 -0.01545 7
-123.000   36.000 -0.01003 7
-123.000   37.000  0.00067 8
-123.000   38.000 -0.00333 8
-123.000   39.000 -0.00530 7
-123.000   40.000 -0.02233 7
-123.000   41.000 -0.03347 5
-123.000   42.000 -0.05200 8
-123.000   43.000 -0.05421 6
-123.000   44.000 -0.05856 9
-123.000   45.000 -0.05120 7
-123.000   46.000 -0.05031 9
-123.000   47.000 -0.04582 10
-123.000   48.000 -0.04722 9
-123.000   49.000 -0.04625 7
-123.000   50.000 -0.05098 6
-122.000   25.000 -0.05073 6
-122.000   26.000 -0.05206 5
-122.000   27.000 -0.04811 11
-122.000   28.000 -0.05211 8
-122.000   29.000 -0.04133 15
-122.000   30.000 -0.03608 9
-122.000   31.000 -0.02943 17
-122.000   32.000 -0.02867 8
-122.000   33.000 -0.02307 14
-122.000   34.000 -0.02005 7
-122.000   35.000 -0.01269 12
-122.000   36.000 -0.00822 7
-122.000   37.000  0.00044 9
-122.000   38.000 -0.00366 7
-122.000   39.000 -0.00640 8
-122.000   40.000 -0.02322 8
-122.000   41.000 -0.03561 6
-122.000   42.000 -0.05387 9
-122.000   43.000 -0.05712 7
-122.000   44.000 -0.06122 11
-122.000   45.000 -0.05386 7
-122.000   46.000 -0.05140 11
-122.000   47.000 -0.04869 8
-122.000   48.000 -0.05093 8
-122.000   49.000 -0.05168 4
-122.000   50.000 -0.05692 4
-121.000   25.000 -0.04762 6
-121.000   26.000 -0.05112 4
-121.000   27.000 -0.04783 9
-121.000   28.000 -0.05435 6
-121.000   29.000 -0.04406 11
-121.000   30.000 -0.03921 6
-121.000   31.000 -0.03135 12
-121.000   32.000 -0.02977 6
-121.000   33.000 -0.02292 11
-121.000   34.000 -0.01952 6
-121.000   35.000 -0.01176 11
-121.000   36.000 -0.00860 8
-121.000   37.000 -0.00096 10
-121.000   38.000 -0.00693 8
-121.000   39.000 -0.01089 8
-121.000   40.000 -0.02972 8
-121.000   41.000 -0.04293 6
-121.000   42.000 -0.06125 8
-121.000   43.000 -0.06381 7
-121.000   44.000 -0.06701 10
-121.000   45.000 -0.05884 8
-121.000   46.000 -0.05468 11
-121.000   47.000 -0.05297 10
-121.000   48.000 -0.05496 10
-121.000   49.000 -0.05648 6
-121.000   50.000 -0.06114 7
-120.000   25.000 -0.05012 6
-120.000   26.000 -0.05441 6
-120.000   27.000 -0.04959 9
-120.000   28.000 -0.05487 8
-120.000   29.000 -0.04170 11
-120.000   30.000 -0.03459 8
-120.000   31.000 -0.02396 15
-120.000   32.000 -0.02207 9
-120.000   33.000 -0.01632 16
-120.000   34.000 -0.01550 8
-120.000   35.000 -0.01108 15
-120.000   36.000 -0.01074 9
-120.000   37.000 -0.00551 12
-120.000   38.000 -0.01129 9
-120.000   39.000 -0.01493 9
-120.000   40.000 -0.03272 10
-120.000   41.000 -0.04622 7
-120.000   42.000 -0.06411 12
-120.000   43.000 -0.06882 9
-120.000   44.000 -0.07322 14
-120.000   45.000 -0.06712 8
-120.000   46.000 -0.06272 13
-120.000   47.000 -0.06343 9
-120.000   48.000 -0.06473 9
-120.000   49.000 -0.06717 6
-120.000   50.000 -0.07087 6
-119.000   25.000 -0.04040 6
-119.000   26.000 -0.04567 6
-119.000   27.000 -0.04055 10
-119.000   28.000 -0.04599 9
-119.000   29.000 -0.03262 11
-119.000   30.000 -0.02674 7
-119.000   31.000 -0.01618 11
-119.000   32.000 -0.01545 7
-119.000   33.000 -0.01122 11
-119.000   34.000 -0.01255 7
-119.000   35.000 -0.00891 12
-119.000   36.000 -0.01024 9
-119.000   37.000 -0.00662 11
-119.000   38.000 -0.01383 8
-119.000   39.000 -0.01805 9
-119.000   40.000 -0.03646 9
-119.000   41.000 -0.05001 8
-119.000   42.000 -0.06732 11
-119.000   43.000 -0.07207 10
-119.000   44.000 -0.07637 13
-119.000   45.000 -0.07135 10
-119.000   46.000 -0.06680 14
-119.000   47.000 -0.06880 12
-119.000   48.000 -0.06927 11
-119.000   49.000 -0.07206 7
-119.000   50.000 -0.07427 8
-118.000   25.000 -0.03743 6
-118.000   26.000 -0.04243 8
-118.000   27.000 -0.03617 10
-118.000   28.000 -0.03945 10
-118.000   29.000 -0.02421 11
-118.000   30.000 -0.01821 8
-118.000   31.000 -0.00698 12
-118.000   32.000 -0.00709 8
-118.000   33.000 -0.00450 13
-118.000   34.000 -0.00864 8
-118.000   35.000 -0.00746 14
-118.000   36.000 -0.01081 10
-118.000   37.000 -0.00958 11
-118.000   38.000 -0.01660 8
-118.000   39.000 -0.02113 8
-118.000   40.000 -0.03788 10
-118.000   41.000 -0.05209 7
-118.000   42.000 -0.06836 13
-118.000   43.000 -0.07579 10
-118.000   44.000 -0.08103 14
-118.000   45.000 -0.07916 8
-118.000   46.000 -0.07448 12
-118.000   47.000 -0.07855 11
-118.000   48.000 -0.07748 11
-118.000   49.000 -0.08065 9
-118.000   50.000 -0.08124 8
-117.000   25.000 -0.02429 6
-117.000   26.000 -0.02957 7
-117.000   27.000 -0.02391 13
-117.000   28.000 -0.02753 11
-117.000   29.000 -0.01409 15
-117.000   30.000 -0.01102 9
-117.000   31.000 -0.00167 13
-117.000   32.000 -0.00331 8
-117.000   33.000 -0.00146 12
-117.000   34.000 -0.00623 9
-117.000   35.000 -0.00500 12
-117.000   36.000 -0.00887 9
-117.000   37.000 -0.00884 10
-117.000   38.000 -0.01652 8
-117.000   39.000 -0.02252 10
-117.000   40.000 -0.03897 9
-117.000   41.000 -0.05372 8
-117.000   42.000 -0.06878 9
-117.000   43.000 -0.07768 9
-117.000   44.000 -0.08265 11
-117.000   45.000 -0.08228 9
-117.000   46.000 -0.07665 12
-117.000   47.000 -0.07971 12
-117.000   48.000 -0.07610 12
-117.000   49.000 -0.07822 8
-117.000   50.000 -0.07616 9
-116.000   25.000 -0.02529 5
-116.000   26.000 -0.03027 7
-116.000   27.000 -0.02529 10
-116.000   28.000 -0.02816 10
-116.000   29.000 -0.01603 13
-116.000   30.000 -0.01377 9
-116.000   31.000 -0.00505 12
-116.000   32.000 -0.00627 8
-116.000   33.000 -0.00429 13
-116.000   34.000 -0.00887 10
-116.000   35.000 -0.00781 14
-116.000   36.000 -0.01169 12
-116.000   37.000 -0.01327 14
-116.000   38.000 -0.02085 12
-116.000   39.000 -0.02850 11
-116.000   40.000 -0.04350 11
-116.000   41.000 -0.05971 9
-116.000   42.000 -0.07341 12
-116.000   43.000 -0.08433 9
-116.000   44.000 -0.08864 11
-116.000   45.000 -0.08991 8
-116.000   46.000 -0.08246 11
-116.000   47.000 -0.08433 13
-116.000   48.000 -0.07815 13
-116.000   49.000 -0.07931 11
-116.000   50.000 -0.07528 9
-115.000   25.000 -0.01521 5
-115.000   26.000 -0.02127 6
-115.000   27.000 -0.01849 12
-115.000   28.000 -0.02463 13
-115.000   29.000 -0.01582 18
-115.000   30.000 -0.01607 13
-115.000   31.000 -0.00895 16
-115.000   32.000 -0.00965 11
-115.000   33.000 -0.00670 15
-115.000   34.000 -0.00984 12
-115.000   35.000 -0.00806 14
-115.000   36.000 -0.01158 12
-115.000   37.000 -0.01442 15
-115.000   38.000 -0.02269 14
-115.000   39.000 -0.03205 14
-115.000   40.000 -0.04611 10
-115.000   41.000 -0.06300 9
-115.000   42.000 -0.07535 9
-115.000   43.000 -0.08693 10
-115.000   44.000 -0.09000 12
-115.000   45.000 -0.09212 12
-115.000   46.000 -0.08318 13
-115.000   47.000 -0.08309 13
-115.000   48.000 -0.07442 12
-115.000   49.000 -0.07434 9
-115.000   50.000 -0.06841 8
-114.000   25.000 -0.01561 3
-114.000   26.000 -0.02325 5
-114.000   27.000 -0.02196 9
-114.000   28.000 -0.03181 12
-114.000   29.000 -0.02487 16
-114.000   30.000 -0.02620 13
-114.000   31.000 -0.01890 15
-114.000   32.000 -0.01853 11
-114.000   33.000 -0.01358 15
-114.000   34.000 -0.01542 12
-114.000   35.000 -0.01344 15
-114.000   36.000 -0.01683 14
-114.000   37.000 -0.02069 17
-114.000   38.000 -0.02913 15
-114.000   39.000 -0.03969 14
-114.000   40.000 -0.05147 11
-114.000   41.000 -0.06852 10
-114.000   42.000 -0.07944 10
-114.000   43.000 -0.09203 10
-114.000   44.000 -0.09419 11
-114.000   45.000 -0.09784 13
-114.000   46.000 -0.08827 13
-114.000   47.000 -0.08765 16
-114.000   48.000 -0.07774 13
-114.000   49.000 -0.07711 13
-114.000   50.000 -0.07051 10
-113.000   25.000 -0.00867 5
-113.000   26.000 -0.01753 7
-113.000   27.000 -0.01749 13
-113.000   28.000 -0.03074 16
-113.000   29.000 -0.02593 20
-113.000   30.000 -0.02881 17
-113.000   31.000 -0.02234 20
-113.000   32.000 -0.02187 15
-113.000   33.000 -0.01630 17
-113.000   34.000 -0.01713 12
-113.000   35.000 -0.01514 16
-113.000   36.000 -0.01842 14
-113.000   37.000 -0.02288 17
-113.000   38.000 -0.03124 15
-113.000   39.000 -0.04204 15
-113.000   40.000 -0.05217 13
-113.000   41.000 -0.06874 11
-113.000   42.000 -0.07854 11
-113.000   43.000 -0.09186 11
-113.000   44.000 -0.09318 12
-113.000   45.000 -0.09749 13
-113.000   46.000 -0.08729 12
-113.000   47.000 -0.08597 13
-113.000   48.000 -0.07525 11
-113.000   49.000 -0.07433 10
-113.000   50.000 -0.06747 8
-112.000   25.000 -0.01272 3
-112.000   26.000 -0.02342 6
-112.000   27.000 -0.02360 9
-112.000   28.000 -0.03992 12
-112.000   29.000 -0.03506 15
-112.000   30.000 -0.03801 15
-112.000   31.000 -0.03089 18
-112.000   32.000 -0.03011 14
-112.000   33.000 -0.02401 15
-112.000   34.000 -0.02408 11
-112.000   35.000 -0.02221 15
-112.000   36.000 -0.02529 14
-112.000   37.000 -0.03046 17
-112.000   38.000 -0.03833 15
-112.000   39.000 -0.04848 16
-112.000   40.000 -0.05584 15
-112.000   41.000 -0.07013 13
-112.000   42.000 -0.07776 12
-112.000   43.000 -0.09036 12
-112.000   44.000 -0.09122 12
-112.000   45.000 -0.09606 15
-112.000   46.000 -0.08690 13
-112.000   47.000 -0.08572 18
-112.000   48.000 -0.07575 15
-112.000   49.000 -0.07492 16
-112.000   50.000 -0.06877 12
-111.000   25.000 -0.00774 6
-111.000   26.000 -0.01918 9
-111.000   27.000 -0.01993 13
-111.000   28.000 -0.03803 16
-111.000   29.000 -0.03423 19
-111.000   30.000 -0.03719 19
-111.000   31.000 -0.03093 21
-111.000   32.000 -0.03060 18
-111.000   33.000 -0.02565 18
-111.000   34.000 -0.02601 16
-111.000   35.000 -0.02556 17
-111.000   36.000 -0.02939 15
-111.000   37.000 -0.03616 15
-111.000   38.000 -0.04408 15
-111.000   39.000 -0.05373 15
-111.000   40.000 -0.05943 16
-111.000   41.000 -0.07097 13
-111.000   42.000 -0.07577 14
-111.000   43.000 -0.08622 13
-111.000   44.000 -0.08542 13
-111.000   45.000 -0.08915 14
-111.000   46.000 -0.08010 13
-111.000   47.000 -0.07860 15
-111.000   48.000 -0.06861 12
-111.000   49.000 -0.06785 10
-111.000   50.000 -0.06203 8
-110.000   25.000 -0.01141 3
-110.000   26.000 -0.02256 6
-110.000   27.000 -0.02336 8
-110.000   28.000 -0.04139 11
-110.000   29.000 -0.03830 13
-110.000   30.000 -0.04075 15
-110.000   31.000 -0.03547 16
-110.000   32.000 -0.03585 15
-110.000   33.000 -0.03184 15
-110.000   34.000 -0.03248 15
-110.000   35.000 -0.03341 14
-110.000   36.000 -0.03779 13
-110.000   37.000 -0.04518 13
-110.000   38.000 -0.05237 15
-110.000   39.000 -0.06056 16
-110.000   40.000 -0.06366 17
-110.000   41.000 -0.07144 16
-110.000   42.000 -0.07321 18
-110.000   43.000 -0.08106 18
-110.000   44.000 -0.07951 18
-110.000   45.000 -0.08227 18
-110.000   46.000 -0.07472 17
-110.000   47.000 -0.07361 19
-110.000   48.000 -0.06526 16
-110.000   49.000 -0.06489 14
-110.000   50.000 -0.06041 10
-109.000   25.000 -0.00943 5
-109.000   26.000 -0.01859 10
-109.000   27.000 -0.01981 12
-109.000   28.000 -0.03486 17
-109.000   29.000 -0.03353 17
-109.000   30.000 -0.03531 19
-109.000   31.000 -0.03228 19
-109.000   32.000 -0.03356 20
-109.000   33.000 -0.03243 20
-109.000   34.000 -0.03465 21
-109.000   35.000 -0.03831 18
-109.000   36.000 -0.04398 17
-109.000   37.000 -0.05261 13
-109.000   38.000 -0.05933 14
-109.000   39.000 -0.06648 12
-109.000   40.000 -0.06792 17
-109.000   41.000 -0.07301 17
-109.000   42.000 -0.07216 22
-109.000   43.000 -0.07729 19
-109.000   44.000 -0.07378 19
-109.000   45.000 -0.07473 16
-109.000   46.000 -0.06687 17
-109.000   47.000 -0.06512 16
-109.000   48.000 -0.05686 13
-109.000   49.000 -0.05668 8
-109.000   50.000 -0.05264 7
-108.000   25.000 -0.01189 2
-108.000   26.000 -0.01897 7
-108.000   27.000 -0.02044 7
-108.000   28.000 -0.03257 12
-108.000   29.000 -0.03235 10
-108.000   30.000 -0.03321 13
-108.000   31.000 -0.03179 12
-108.000   32.000 -0.03336 15
-108.000   33.000 -0.03422 14
-108.000   34.000 -0.03742 16
-108.000   35.000 -0.04321 13
-108.000   36.000 -0.04969 14
-108.000   37.000 -0.05896 12
-108.000   38.000 -0.06473 16
-108.000   39.000 -0.06991 17
-108.000   40.000 -0.06880 22
-108.000   41.000 -0.07072 21
-108.000   42.000 -0.06750 25
-108.000   43.000 -0.06994 22
-108.000   44.000 -0.06634 23
-108.000   45.000 -0.06718 19
-108.000   46.000 -0.06123 19
-108.000   47.000 -0.06013 19
-108.000   48.000 -0.05323 17
-108.000   49.000 -0.05344 13
-108.000   50.000 -0.05006 9
-107.000   25.000 -0.01226 4
-107.000   26.000 -0.01632 11
-107.000   27.000 -0.01861 11
-107.000   28.000 -0.02642 18
-107.000   29.000 -0.02838 15
-107.000   30.000 -0.02833 18
-107.000   31.000 -0.02905 17
-107.000   32.000 -0.03042 21
-107.000   33.000 -0.03352 20
-107.000   34.000 -0.03755 22
-107.000   35.000 -0.04482 19
-107.000   36.000 -0.05157 18
-107.000   37.000 -0.06141 12
-107.000   38.000 -0.06633 15
-107.000   39.000 -0.07064 15
-107.000   40.000 -0.06858 23
-107.000   41.000 -0.06973 19
-107.000   42.000 -0.06511 24
-107.000   43.000 -0.06645 19
-107.000   44.000 -0.06206 22
-107.000   45.000 -0.06247 16
-107.000   46.000 -0.05615 19
-107.000   47.000 -0.05435 17
-107.000   48.000 -0.04611 16
-107.000   49.000 -0.04579 9
-107.000   50.000 -0.04181 9
-106.000   25.000 -0.01711 3
-106.000   26.000 -0.01957 9
-106.000   27.000 -0.02248 8
-106.000   28.000 -0.02768 14
-106.000   29.000 -0.03072 10
-106.000   30.000 -0.02979 15
-106.000   31.000 -0.03090 12
-106.000   32.000 -0.03075 18
-106.000   33.000 -0.03383 14
-106.000   34.000 -0.03699 19
-106.000   35.000 -0.04417 14
-106.000   36.000 -0.05007 16
-106.000   37.000 -0.05898 10
-106.000   38.000 -0.06237 17
-106.000   39.000 -0.06501 18
-106.000   40.000 -0.06144 27
-106.000   41.000 -0.06149 21
-106.000   42.000 -0.05667 27
-106.000   43.000 -0.05772 20
-106.000   44.000 -0.05438 26
-106.000   45.000 -0.05581 18
-106.000   46.000 -0.05156 24
-106.000   47.000 -0.05082 20
-106.000   48.000 -0.04418 20
-106.000   49.000 -0.04427 11
-106.000   50.000 -0.04113 8
-105.000   25.000 -0.02369 5
-105.000   26.000 -0.02474 12
-105.000   27.000 -0.02792 11
-105.000   28.000 -0.03064 19
-105.000   29.000 -0.03438 16
-105.000   30.000 -0.03314 21
-105.000   31.000 -0.03466 18
-105.000   32.000 -0.03327 23
-105.000   33.000 -0.03643 20
-105.000   34.000 -0.03831 23
-105.000   35.000 -0.04446 20
-105.000   36.000 -0.04851 19
-105.000   37.000 -0.05661 12
-105.000   38.000 -0.05851 15
-105.000   39.000 -0.06082 14
-105.000   40.000 -0.05672 23
-105.000   41.000 -0.05747 17
-105.000   42.000 -0.05234 25
-105.000   43.000 -0.05342 18
-105.000   44.000 -0.04943 24
-105.000   45.000 -0.05021 14
-105.000   46.000 -0.04542 22
-105.000   47.000 -0.04436 16
-105.000   48.000 -0.03791 19
-105.000   49.000 -0.03771 8
-105.000   50.000 -0.03545 10
-104.000   25.000 -0.03450 3
-104.000   26.000 -0.03468 10
-104.000   27.000 -0.03719 9
-104.000   28.000 -0.03830 16
-104.000   29.000 -0.04181 11
-104.000   30.000 -0.04076 17
-104.000   31.000 -0.04192 12
-104.000   32.000 -0.03932 19
-104.000   33.000 -0.04063 14
-104.000   34.000 -0.03984 20
-104.000   35.000 -0.04321 14
-104.000   36.000 -0.04435 21
-104.000   37.000 -0.05030 14
-104.000   38.000 -0.05060 23
-104.000   39.000 -0.05231 16
-104.000   40.000 -0.04806 27
-104.000   41.000 -0.04878 17
-104.000   42.000 -0.04395 27
-104.000   43.000 -0.04513 19
-104.000   44.000 -0.04207 27
-104.000   45.000 -0.04340 17
-104.000   46.000 -0.04033 24
-104.000   47.000 -0.04050 17
-104.000   48.000 -0.03634 21
-104.000   49.000 -0.03639 10
-104.000   50.000 -0.03526 10
-103.000   25.000 -0.04522 5
-103.000   26.000 -0.04472 12
-103.000   27.000 -0.04603 11
-103.000   28.000 -0.04607 18
-103.000   29.000 -0.04894 15
-103.000   30.000 -0.04871 19
-103.000   31.000 -0.04972 16
-103.000   32.000 -0.04691 20
-103.000   33.000 -0.04648 18
-103.000   34.000 -0.04315 21
-103.000   35.000 -0.04341 20
-103.000   36.000 -0.04166 22
-103.000   37.000 -0.04616 17
-103.000   38.000 -0.04541 22
-103.000   39.000 -0.04769 17
-103.000   40.000 -0.04411 27
-103.000   41.000 -0.04606 17
-103.000   42.000 -0.04110 24
-103.000   43.000 -0.04252 15
-103.000   44.000 -0.03903 21
-103.000   45.000 -0.03968 12
-103.000   46.000 -0.03579 19
-103.000   47.000 -0.03536 12
-103.000   48.000 -0.03141 18
-103.000   49.000 -0.03092 8
-103.000   50.000 -0.02989 13
-102.000   25.000 -0.05406 3
-102.000   26.000 -0.05281 10
-102.000   27.000 -0.05225 9
-102.000   28.000 -0.05139 15
-102.000   29.000 -0.05318 10
-102.000   30.000 -0.05381 17
-102.000   31.000 -0.05451 13
-102.000   32.000 -0.05215 20
-102.000   33.000 -0.04957 14
-102.000   34.000 -0.04369 23
-102.000   35.000 -0.04093 18
-102.000   36.000 -0.03670 28
-102.000   37.000 -0.03899 18
-102.000   38.000 -0.03732 29
-102.000   39.000 -0.03967 18
-102.000   40.000 -0.03690 33
-102.000   41.000 -0.03936 20
-102.000   42.000 -0.03529 31
-102.000   43.000 -0.03692 17
-102.000   44.000 -0.03422 25
-102.000   45.000 -0.03453 16
-102.000   46.000 -0.03130 24
-102.000   47.000 -0.03122 17
-102.000   48.000 -0.02930 21
-102.000   49.000 -0.02883 11
-102.000   50.000 -0.02879 12
-101.000   25.000 -0.06026 5
-101.000   26.000 -0.05809 11
-101.000   27.000 -0.05560 10
-101.000   28.000 -0.05366 16
-101.000   29.000 -0.05410 14
-101.000   30.000 -0.05566 17
-101.000   31.000 -0.05656 15
-101.000   32.000 -0.05545 19
-101.000   33.000 -0.05195 18
-101.000   34.000 -0.04465 24
-101.000   35.000 -0.03982 23
-101.000   36.000 -0.03385 26
-101.000   37.000 -0.03494 19
-101.000   38.000 -0.03281 25
-101.000   39.000 -0.03596 20
-101.000   40.000 -0.03415 31
-101.000   41.000 -0.03770 20
-101.000   42.000 -0.03385 26
-101.000   43.000 -0.03482 12
-101.000   44.000 -0.03153 17
-101.000   45.000 -0.03062 10
-101.000   46.000 -0.02657 19
-101.000   47.000 -0.02585 14
-101.000   48.000 -0.02455 18
-101.000   49.000 -0.02380 9
-101.000   50.000 -0.02414 15
-100.000   25.000 -0.06053 3
-100.000   26.000 -0.05830 10
-100.000   27.000 -0.05478 9
-100.000   28.000 -0.05293 15
-100.000   29.000 -0.05260 10
-100.000   30.000 -0.05440 15
-100.000   31.000 -0.05512 11
-100.000   32.000 -0.05483 20
-100.000   33.000 -0.05046 16
-100.000   34.000 -0.04230 28
-100.000   35.000 -0.03565 20
-100.000   36.000 -0.02837 31
-100.000   37.000 -0.02741 19
-100.000   38.000 -0.02472 32
-100.000   39.000 -0.02761 20
-100.000   40.000 -0.02703 34
-100.000   41.000 -0.03105 20
-100.000   42.000 -0.02862 31
-100.000   43.000 -0.02989 15
-100.000   44.000 -0.02774 23
-100.000   45.000 -0.02712 14
-100.000   46.000 -0.02381 24
-100.000   47.000 -0.02343 18
-100.000   48.000 -0.02277 24
-100.000   49.000 -0.02194 14
-100.000   50.000 -0.02212 15
 -99.000   25.000 -0.05686 5
 -99.000   26.000 -0.05499 12
 -99.000   27.000 -0.05130 11
 -99.000   28.000 -0.04974 17
 -99.000   29.000 -0.04883 14
 -99.000   30.000 -0.05031 16
 -99.000   31.000 -0.05085 14
 -99.000   32.000 -0.05089 19
 -99.000   33.000 -0.04675 19
 -99.000   34.000 -0.03880 25
 -99.000   35.000 -0.03189 22
 -99.000   36.000 -0.02442 26
 -99.000   37.000 -0.02296 19
 -99.000   38.000 -0.02022 27
 -99.000   39.000 -0.02310 20
 -99.000   40.000 -0.02329 31
 -99.000   41.000 -0.02779 19
 -99.000   42.000 -0.02586 26
 -99.000   43.000 -0.02655 12
 -99.000   44.000 -0.02457 17
 -99.000   45.000 -0.02406 8
 -99.000   46.000 -0.02077 18
 -99.000   47.000 -0.02037 13
 -99.000   48.000 -0.01953 21
 -99.000   49.000 -0.01874 11
 -99.000   50.000 -0.01829 16
 -98.000   25.000 -0.05396 4
 -98.000   26.000 -0.05275 13
 -98.000   27.000 -0.04939 11
 -98.000   28.000 -0.04810 18
 -98.000   29.000 -0.04634 11
 -98.000   30.000 -0.04616 17
 -98.000   31.000 -0.04572 12
 -98.000   32.000 -0.04524 22
 -98.000   33.000 -0.04148 17
 -98.000   34.000 -0.03441 28
 -98.000   35.000 -0.02767 19
 -98.000   36.000 -0.02036 30
 -98.000   37.000 -0.01770 18
 -98.000   38.000 -0.01466 31
 -98.000   39.000 -0.01671 18
 -98.000   40.000 -0.01772 33
 -98.000   41.000 -0.02261 19
 -98.000   42.000 -0.02248 31
 -98.000   43.000 -0.02353 16
 -98.000   44.000 -0.02238 24
 -98.000   45.000 -0.02196 13
 -98.000   46.000 -0.01910 24
 -98.000   47.000 -0.01877 17
 -98.000   48.000 -0.01822 25
 -98.000   49.000 -0.01785 13
 -98.000   50.000 -0.01780 14
 -97.000   25.000 -0.05181 5
 -97.000   26.000 -0.05104 13
 -97.000   27.000 -0.04812 12
 -97.000   28.000 -0.04652 20
 -97.000   29.000 -0.04378 16
 -97.000   30.000 -0.04190 20
 -97.000   31.000 -0.04063 16
 -97.000   32.000 -0.03943 22
 -97.000   33.000 -0.03690 20
 -97.000   34.000 -0.03118 25
 -97.000   35.000 -0.02547 21
 -97.000   36.000 -0.01855 25
 -97.000   37.000 -0.01550 18
 -97.000   38.000 -0.01211 26
 -97.000   39.000 -0.01365 18
 -97.000   40.000 -0.01491 29
 -97.000   41.000 -0.02030 17
 -97.000   42.000 -0.02101 26
 -97.000   43.000 -0.02199 14
 -97.000   44.000 -0.02060 19
 -97.000   45.000 -0.02033 9
 -97.000   46.000 -0.01747 18
 -97.000   47.000 -0.01762 12
 -97.000   48.000 -0.01693 19
 -97.000   49.000 -0.01737 9
 -97.000   50.000 -0.01746 15
 -96.000   25.000 -0.05363 4
 -96.000   26.000 -0.05359 12
 -96.000   27.000 -0.05124 10
 -96.000   28.000 -0.04981 18
 -96.000   29.000 -0.04617 12
 -96.000   30.000 -0.04238 19
 -96.000   31.000 -0.03990 13
 -96.000   32.000 -0.03781 24
 -96.000   33.000 -0.03580 18
 -96.000   34.000 -0.03120 27
 -96.000   35.000 -0.02609 17
 -96.000   36.000 -0.01917 27
 -96.000   37.000 -0.01483 17
 -96.000   38.000 -0.01044 29
 -96.000   39.000 -0.01074 18
 -96.000   40.000 -0.01164 31
 -96.000   41.000 -0.01715 18
 -96.000   42.000 -0.01906 28
 -96.000   43.000 -0.02139 17
 -96.000   44.000 -0.02041 26
 -96.000   45.000 -0.02096 16
 -96.000   46.000 -0.01828 25
 -96.000   47.000 -0.01917 16
 -96.000   48.000 -0.01825 23
 -96.000   49.000 -0.01961 11
 -96.000   50.000 -0.01993 14
 -95.000   25.000 -0.05493 5
 -95.000   26.000 -0.05510 12
 -95.000   27.000 -0.05325 10
 -95.000   28.000 -0.05162 18
 -95.000   29.000 -0.04731 15
 -95.000   30.000 -0.04246 22
 -95.000   31.000 -0.03922 18
 -95.000   32.000 -0.03629 25
 -95.000   33.000 -0.03465 21
 -95.000   34.000 -0.03086 27
 -95.000   35.000 -0.02689 22
 -95.000   36.000 -0.02056 27
 -95.000   37.000 -0.01643 19
 -95.000   38.000 -0.01172 26
 -95.000   39.000 -0.01166 18
 -95.000   40.000 -0.01191 28
 -95.000   41.000 -0.01737 18
 -95.000   42.000 -0.01922 26
 -95.000   43.000 -0.02240 17
 -95.000   44.000 -0.02118 24
 -95.000   45.000 -0.02284 14
 -95.000   46.000 -0.02018 20
 -95.000   47.000 -0.02217 12
 -95.000   48.000 -0.02044 19
 -95.000   49.000 -0.02278 10
 -95.000   50.000 -0.02255 14
 -94.000   25.000 -0.05976 4
 -94.000   26.000 -0.06008 10
 -94.000   27.000 -0.05839 8
 -94.000   28.000 -0.05720 14
 -94.000   29.000 -0.05262 10
 -94.000   30.000 -0.04715 18
 -94.000   31.000 -0.04306 15
 -94.000   32.000 -0.03963 25
 -94.000   33.000 -0.03741 20
 -94.000   34.000 -0.03381 28
 -94.000   35.000 -0.02991 20
 -94.000   36.000 -0.02377 26
 -94.000   37.000 -0.01906 18
 -94.000   38.000 -0.01372 27
 -94.000   39.000 -0.01284 20
 -94.000   40.000 -0.01216 30
 -94.000   41.000 -0.01738 21
 -94.000   42.000 -0.01936 29
 -94.000   43.000 -0.02393 22
 -94.000   44.000 -0.02273 29
 -94.000   45.000 -0.02531 20
 -94.000   46.000 -0.02249 24
 -94.000   47.000 -0.02558 17
 -94.000   48.000 -0.02344 21
 -94.000   49.000 -0.02660 12
 -94.000   50.000 -0.02639 12
 -93.000   25.000 -0.06354 5
 -93.000   26.000 -0.06368 12
 -93.000   27.000 -0.06199 11
 -93.000   28.000 -0.06100 18
 -93.000   29.000 -0.05667 14
 -93.000   30.000 -0.05142 19
 -93.000   31.000 -0.04692 17
 -93.000   32.000 -0.04298 24
 -93.000   33.000 -0.04013 22
 -93.000   34.000 -0.03608 28
 -93.000   35.000 -0.03201 24
 -93.000   36.000 -0.02609 27
 -93.000   37.000 -0.02159 20
 -93.000   38.000 -0.01644 26
 -93.000   39.000 -0.01554 20
 -93.000   40.000 -0.01455 27
 -93.000   41.000 -0.01934 19
 -93.000   42.000 -0.02086 26
 -93.000   43.000 -0.02548 20
 -93.000   44.000 -0.02384 24
 -93.000   45.000 -0.02678 16
 -93.000   46.000 -0.02393 18
 -93.000   47.000 -0.02824 14
 -93.000   48.000 -0.02573 17
 -93.000   49.000 -0.02934 11
 -93.000   50.000 -0.02874 12
 -92.000   25.000 -0.06849 3
 -92.000   26.000 -0.06897 8
 -92.000   27.000 -0.06714 9
 -92.000   28.000 -0.06694 15
 -92.000   29.000 -0.06198 12
 -92.000   30.000 -0.05661 16
 -92.000   31.000 -0.05099 15
 -92.000   32.000 -0.04657 22
 -92.000   33.000 -0.04261 20
 -92.000   34.000 -0.03845 24
 -92.000   35.000 -0.03394 20
 -92.000   36.000 -0.02842 22
 -92.000   37.000 -0.02392 18
 -92.000   38.000 -0.01888 23
 -92.000   39.000 -0.01743 20
 -92.000   40.000 -0.01553 25
 -92.000   41.000 -0.01904 20
 -92.000   42.000 -0.01968 25
 -92.000   43.000 -0.02420 21
 -92.000   44.000 -0.02260 24
 -92.000   45.000 -0.02612 19
 -92.000   46.000 -0.02367 21
 -92.000   47.000 -0.02922 18
 -92.000   48.000 -0.02775 20
 -92.000   49.000 -0.03179 14
 -92.000   50.000 -0.03140 13
 -91.000   25.000 -0.06995 5
 -91.000   26.000 -0.07088 10
 -91.000   27.000 -0.06917 13
 -91.000   28.000 -0.06989 20
 -91.000   29.000 -0.06490 18
 -91.000   30.000 -0.06002 20
 -91.000   31.000 -0.05352 18
 -91.000   32.000 -0.04808 22
 -91.000   33.000 -0.04254 20
 -91.000   34.000 -0.03752 24
 -91.000   35.000 -0.03250 22
 -91.000   36.000 -0.02780 25
 -91.000   37.000 -0.02458 19
 -91.000   38.000 -0.02126 23
 -91.000   39.000 -0.02055 18
 -91.000   40.000 -0.01936 24
 -91.000   41.000 -0.02191 18
 -91.000   42.000 -0.02188 23
 -91.000   43.000 -0.02561 17
 -91.000   44.000 -0.02450 20
 -91.000   45.000 -0.02816 15
 -91.000   46.000 -0.02589 18
 -91.000   47.000 -0.03137 14
 -91.000   48.000 -0.03004 16
 -91.000   49.000 -0.03336 10
 -91.000   50.000 -0.03197 11
 -90.000   25.000 -0.07429 3
 -90.000   26.000 -0.07593 6
 -90.000   27.000 -0.07386 11
 -90.000   28.000 -0.07501 16
 -90.000   29.000 -0.06838 17
 -90.000   30.000 -0.06232 17
 -90.000   31.000 -0.05353 18
 -90.000   32.000 -0.04665 19
 -90.000   33.000 -0.03956 19
 -90.000   34.000 -0.03416 19
 -90.000   35.000 -0.02910 18
 -90.000   36.000 -0.02554 20
 -90.000   37.000 -0.02363 18
 -90.000   38.000 -0.02194 21
 -90.000   39.000 -0.02203 18
 -90.000   40.000 -0.02126 22
 -90.000   41.000 -0.02284 19
 -90.000   42.000 -0.02196 23
 -90.000   43.000 -0.02490 20
 -90.000   44.000 -0.02427 22
 -90.000   45.000 -0.02835 19
 -90.000   46.000 -0.02679 20
 -90.000   47.000 -0.03273 18
 -90.000   48.000 -0.03181 17
 -90.000   49.000 -0.03470 13
 -90.000   50.000 -0.03281 13
 -89.000   25.000 -0.07792 6
 -89.000   26.000 -0.07968 9
 -89.000   27.000 -0.07727 15
 -89.000   28.000 -0.07811 19
 -89.000   29.000 -0.07026 21
 -89.000   30.000 -0.06370 19
 -89.000   31.000 -0.05340 21
 -89.000   32.000 -0.04495 20
 -89.000   33.000 -0.03665 20
 -89.000   34.000 -0.03063 18
 -89.000   35.000 -0.02557 18
 -89.000   36.000 -0.02330 19
 -89.000   37.000 -0.02346 19
 -89.000   38.000 -0.02401 22
 -89.000   39.000 -0.02536 20
 -89.000   40.000 -0.02581 23
 -89.000   41.000 -0.02682 19
 -89.000   42.000 -0.02549 23
 -89.000   43.000 -0.02726 19
 -89.000   44.000 -0.02697 20
 -89.000   45.000 -0.03097 17
 -89.000   46.000 -0.02977 19
 -89.000   47.000 -0.03519 16
 -89.000   48.000 -0.03291 13
 -89.000   49.000 -0.03486 8
 -89.000   50.000 -0.03161 9
 -88.000   25.000 -0.08441 3
 -88.000   26.000 -0.08627 6
 -88.000   27.000 -0.08290 12
 -88.000   28.000 -0.08287 15
 -88.000   29.000 -0.07250 18
 -88.000   30.000 -0.06393 15
 -88.000   31.000 -0.05138 19
 -88.000   32.000 -0.04174 16
 -88.000   33.000 -0.03269 20
 -88.000   34.000 -0.02706 16
 -88.000   35.000 -0.02305 17
 -88.000   36.000 -0.02219 15
 -88.000   37.000 -0.02393 17
 -88.000   38.000 -0.02577 20
 -88.000   39.000 -0.02791 20
 -88.000   40.000 -0.02865 22
 -88.000   41.000 -0.02918 20
 -88.000   42.000 -0.02703 22
 -88.000   43.000 -0.02769 19
 -88.000   44.000 -0.02696 19
 -88.000   45.000 -0.03079 19
 -88.000   46.000 -0.02982 21
 -88.000   47.000 -0.03493 22
 -88.000   48.000 -0.03223 17
 -88.000   49.000 -0.03398 14
 -88.000   50.000 -0.03021 13
 -87.000   25.000 -0.08857 5
 -87.000   26.000 -0.08980 7
 -87.000   27.000 -0.08572 14
 -87.000   28.000 -0.08451 17
 -87.000   29.000 -0.07323 21
 -87.000   30.000 -0.06425 18
 -87.000   31.000 -0.05127 21
 -87.000   32.000 -0.04106 17
 -87.000   33.000 -0.03175 20
 -87.000   34.000 -0.02572 16
 -87.000   35.000 -0.02230 19
 -87.000   36.000 -0.02229 15
 -87.000   37.000 -0.02566 17
 -87.000   38.000 -0.02915 19
 -87.000   39.000 -0.03256 21
 -87.000   40.000 -0.03456 23
 -87.000   41.000 -0.03535 20
 -87.000   42.000 -0.03328 21
 -87.000   43.000 -0.03280 17
 -87.000   44.000 -0.03172 17
 -87.000   45.000 -0.03451 16
 -87.000   46.000 -0.03302 19
 -87.000   47.000 -0.03621 17
 -87.000   48.000 -0.03130 14
 -87.000   49.000 -0.03189 9
 -87.000   50.000 -0.02663 8
 -86.000   25.000 -0.09463 4
 -86.000   26.000 -0.09567 7
 -86.000   27.000 -0.09015 12
 -86.000   28.000 -0.08782 14
 -86.000   29.000 -0.07482 17
 -86.000   30.000 -0.06440 15
 -86.000   31.000 -0.05037 19
 -86.000   32.000 -0.04052 16
 -86.000   33.000 -0.03201 21
 -86.000   34.000 -0.02674 18
 -86.000   35.000 -0.02445 21
 -86.000   36.000 -0.02497 18
 -86.000   37.000 -0.02889 17
 -86.000   38.000 -0.03254 18
 -86.000   39.000 -0.03619 17
 -86.000   40.000 -0.03792 21
 -86.000   41.000 -0.03862 19
 -86.000   42.000 -0.03591 20
 -86.000   43.000 -0.03433 16
 -86.000   44.000 -0.03200 16
 -86.000   45.000 -0.03391 16
 -86.000   46.000 -0.03236 19
 -86.000   47.000 -0.03497 20
 -86.000   48.000 -0.02890 17
 -86.000   49.000 -0.02928 14
 -86.000   50.000 -0.02362 11
 -85.000   25.000 -0.10024 6
 -85.000   26.000 -0.10065 8
 -85.000   27.000 -0.09402 14
 -85.000   28.000 -0.09084 15
 -85.000   29.000 -0.07694 19
 -85.000   30.000 -0.06696 17
 -85.000   31.000 -0.05366 21
 -85.000   32.000 -0.04531 17
 -85.000   33.000 -0.03799 19
 -85.000   34.000 -0.03320 15
 -85.000   35.000 -0.03085 19
 -85.000   36.000 -0.03072 17
 -85.000   37.000 -0.03402 19
 -85.000   38.000 -0.03736 17
 -85.000   39.000 -0.04081 17
 -85.000   40.000 -0.04265 18
 -85.000   41.000 -0.04372 18
 -85.000   42.000 -0.04151 19
 -85.000   43.000 -0.03945 17
 -85.000   44.000 -0.03650 17
 -85.000   45.000 -0.03693 15
 -85.000   46.000 -0.03443 17
 -85.000   47.000 -0.03462 16
 -85.000   48.000 -0.02653 15
 -85.000   49.000 -0.02573 10
 -85.000   50.000 -0.01923 7
 -84.000   25.000 -0.10480 7
 -84.000   26.000 -0.10606 10
 -84.000   27.000 -0.09860 13
 -84.000   28.000 -0.09629 13
 -84.000   29.000 -0.08136 15
 -84.000   30.000 -0.07123 14
 -84.000   31.000 -0.05749 20
 -84.000   32.000 -0.05047 17
 -84.000   33.000 -0.04359 21
 -84.000   34.000 -0.03962 17
 -84.000   35.000 -0.03770 22
 -84.000   36.000 -0.03716 20
 -84.000   37.000 -0.03959 20
 -84.000   38.000 -0.04201 17
 -84.000   39.000 -0.04493 15
 -84.000   40.000 -0.04575 18
 -84.000   41.000 -0.04646 18
 -84.000   42.000 -0.04366 20
 -84.000   43.000 -0.04096 16
 -84.000   44.000 -0.03697 15
 -84.000   45.000 -0.03604 13
 -84.000   46.000 -0.03290 16
 -84.000   47.000 -0.03158 19
 -84.000   48.000 -0.02380 18
 -84.000   49.000 -0.02251 14
 -84.000   50.000 -0.01651 9
 -83.000   25.000 -0.10615 7
 -83.000   26.000 -0.10849 8
 -83.000   27.000 -0.10130 14
 -83.000   28.000 -0.10143 14
 -83.000   29.000 -0.08714 18
 -83.000   30.000 -0.07921 14
 -83.000   31.000 -0.06650 18
 -83.000   32.000 -0.06106 14
 -83.000   33.000 -0.05393 17
 -83.000   34.000 -0.04987 15
 -83.000   35.000 -0.04673 18
 -83.000   36.000 -0.04484 16
 -83.000   37.000 -0.04536 17
 -83.000   38.000 -0.04631 15
 -83.000   39.000 -0.04798 16
 -83.000   40.000 -0.04795 17
 -83.000   41.000 -0.04837 18
 -83.000   42.000 -0.04587 19
 -83.000   43.000 -0.04355 18
 -83.000   44.000 -0.03980 17
 -83.000   45.000 -0.03831 15
 -83.000   46.000 -0.03415 15
 -83.000   47.000 -0.03067 16
 -83.000   48.000 -0.02187 16
 -83.000   49.000 -0.01938 11
 -83.000   50.000 -0.01255 8
 -82.000   25.000 -0.10458 8
 -82.000   26.000 -0.10893 10
 -82.000   27.000 -0.10293 13
 -82.000   28.000 -0.10655 13
 -82.000   29.000 -0.09384 15
 -82.000   30.000 -0.08764 12
 -82.000   31.000 -0.07560 18
 -82.000   32.000 -0.07109 15
 -82.000   33.000 -0.06358 21
 -82.000   34.000 -0.05940 17
 -82.000   35.000 -0.05562 22
 -82.000   36.000 -0.05255 19
 -82.000   37.000 -0.05131 21
 -82.000   38.000 -0.05037 19
 -82.000   39.000 -0.05054 20
 -82.000   40.000 -0.04859 21
 -82.000   41.000 -0.04779 19
 -82.000   42.000 -0.04408 20
 -82.000   43.000 -0.04156 17
 -82.000   44.000 -0.03756 18
 -82.000   45.000 -0.03646 15
 -82.000   46.000 -0.03231 17
 -82.000   47.000 -0.02862 16
 -82.000   48.000 -0.02039 15
 -82.000   49.000 -0.01771 11
 -82.000   50.000 -0.01070 8
 -81.000   25.000 -0.10129 7
 -81.000   26.000 -0.10742 8
 -81.000   27.000 -0.10361 13
 -81.000   28.000 -0.11106 13
 -81.000   29.000 -0.10141 15
 -81.000   30.000 -0.09800 11
 -81.000   31.000 -0.08775 14
 -81.000   32.000 -0.08389 12
 -81.000   33.000 -0.07574 16
 -81.000   34.000 -0.07066 14
 -81.000   35.000 -0.06532 17
 -81.000   36.000 -0.06059 15
 -81.000   37.000 -0.05730 19
 -81.000   38.000 -0.05425 17
 -81.000   39.000 -0.05272 20
 -81.000   40.000 -0.04926 18
 -81.000   41.000 -0.04759 20
 -81.000   42.000 -0.04340 19
 -81.000   43.000 -0.04129 20
 -81.000   44.000 -0.03780 19
 -81.000   45.000 -0.03743 19
 -81.000   46.000 -0.03318 20
 -81.000   47.000 -0.02922 18
 -81.000   48.000 -0.02064 16
 -81.000   49.000 -0.01766 10
 -81.000   50.000 -0.01012 9
 -80.000   25.000 -0.09380 8
 -80.000   26.000 -0.10131 9
 -80.000   27.000 -0.09983 14
 -80.000   28.000 -0.11051 12
 -80.000   29.000 -0.10475 16
 -80.000   30.000 -0.10376 12
 -80.000   31.000 -0.09568 20
 -80.000   32.000 -0.09243 14
 -80.000   33.000 -0.08438 22
 -80.000   34.000 -0.07886 15
 -80.000   35.000 -0.07314 23
 -80.000   36.000 -0.06768 17
 -80.000   37.000 -0.06349 23
 -80.000   38.000 -0.05898 19
 -80.000   39.000 -0.05647 24
 -80.000   40.000 -0.05164 21
 -80.000   41.000 -0.04886 21
 -80.000   42.000 -0.04321 18
 -80.000   43.000 -0.04020 16
 -80.000   44.000 -0.03591 17
 -80.000   45.000 -0.03551 15
 -80.000   46.000 -0.03139 18
 -80.000   47.000 -0.02823 14
 -80.000   48.000 -0.02116 12
 -80.000   49.000 -0.01886 9
 -80.000   50.000 -0.01198 8
 -79.000   25.000 -0.08715 7
 -79.000   26.000 -0.09493 7
 -79.000   27.000 -0.09553 13
 -79.000   28.000 -0.10787 11
 -79.000   29.000 -0.10551 15
 -79.000   30.000 -0.10650 12
 -79.000   31.000 -0.10106 17
 -79.000   32.000 -0.09823 13
 -79.000   33.000 -0.09106 17
 -79.000   34.000 -0.08526 13
 -79.000   35.000 -0.07946 17
 -79.000   36.000 -0.07352 13
 -79.000   37.000 -0.06897 17
 -79.000   38.000 -0.06356 14
 -79.000   39.000 -0.06048 19
 -79.000   40.000 -0.05506 16
 -79.000   41.000 -0.05207 20
 -79.000   42.000 -0.04596 16
 -79.000   43.000 -0.04289 18
 -79.000   44.000 -0.03819 15
 -79.000   45.000 -0.03798 17
 -79.000   46.000 -0.03364 17
 -79.000   47.000 -0.03136 17
 -79.000   48.000 -0.02432 15
 -79.000   49.000 -0.02264 11
 -79.000   50.000 -0.01598 9
 -78.000   25.000 -0.07997 8
 -78.000   26.000 -0.08721 8
 -78.000   27.000 -0.08907 16
 -78.000   28.000 -0.10108 12
 -78.000   29.000 -0.10133 20
 -78.000   30.000 -0.10305 14
 -78.000   31.000 -0.09995 24
 -78.000   32.000 -0.09779 15
 -78.000   33.000 -0.09249 24
 -78.000   34.000 -0.08721 15
 -78.000   35.000 -0.08233 23
 -78.000   36.000 -0.07684 15
 -78.000   37.000 -0.07295 22
 -78.000   38.000 -0.06801 17
 -78.000   39.000 -0.06551 22
 -78.000   40.000 -0.06029 19
 -78.000   41.000 -0.05723 19
 -78.000   42.000 -0.05035 18
 -78.000   43.000 -0.04621 15
 -78.000   44.000 -0.04011 17
 -78.000   45.000 -0.03936 13
 -78.000   46.000 -0.03478 16
 -78.000   47.000 -0.03343 12
 -78.000   48.000 -0.02689 12
 -78.000   49.000 -0.02609 9
 -78.000   50.000 -0.02006 7
 -77.000   25.000 -0.07804 5
 -77.000   26.000 -0.08436 6
 -77.000   27.000 -0.08638 11
 -77.000   28.000 -0.09699 10
 -77.000   29.000 -0.09766 14
 -77.000   30.000 -0.09893 13
 -77.000   31.000 -0.09667 18
 -77.000   32.000 -0.09473 15
 -77.000   33.000 -0.09092 18
 -77.000   34.000 -0.08676 14
 -77.000   35.000 -0.08327 17
 -77.000   36.000 -0.07922 13
 -77.000   37.000 -0.07675 17
 -77.000   38.000 -0.07307 14
 -77.000   39.000 -0.07169 17
 -77.000   40.000 -0.06753 15
 -77.000   41.000 -0.06534 17
 -77.000   42.000 -0.05872 17
 -77.000   43.000 -0.05451 17
 -77.000   44.000 -0.04741 17
 -77.000   45.000 -0.04607 17
 -77.000   46.000 -0.04070 18
 -77.000   47.000 -0.03964 19
 -77.000   48.000 -0.03199 17
 -77.000   49.000 -0.03163 13
 -77.000   50.000 -0.02560 9
 -76.000   25.000 -0.07804 8
 -76.000   26.000 -0.08308 8
 -76.000   27.000 -0.08456 17
 -76.000   28.000 -0.09269 14
 -76.000   29.000 -0.09221 21
 -76.000   30.000 -0.09175 14
 -76.000   31.000 -0.08925 23
 -76.000   32.000 -0.08693 15
 -76.000   33.000 -0.08446 24
 -76.000   34.000 -0.08185 15
 -76.000   35.000 -0.08071 23
 -76.000   36.000 -0.07886 15
 -76.000   37.000 -0.07874 22
 -76.000   38.000 -0.07727 18
 -76.000   39.000 -0.07760 21
 -76.000   40.000 -0.07471 19
 -76.000   41.000 -0.07306 17
 -76.000   42.000 -0.06652 20
 -76.000   43.000 -0.06126 16
 -76.000   44.000 -0.05266 19
 -76.000   45.000 -0.04997 13
 -76.000   46.000 -0.04369 17
 -76.000   47.000 -0.04194 14
 -76.000   48.000 -0.03391 15
 -76.000   49.000 -0.03374 10
 -76.000   50.000 -0.02777 8
 -75.000   25.000 -0.08426 5
 -75.000   26.000 -0.08890 6
 -75.000   27.000 -0.08951 11
 -75.000   28.000 -0.09597 11
 -75.000   29.000 -0.09292 13
 -75.000   30.000 -0.08964 12
 -75.000   31.000 -0.08476 15
 -75.000   32.000 -0.08062 14
 -75.000   33.000 -0.07810 17
 -75.000   34.000 -0.07664 15
 -75.000   35.000 -0.07817 17
 -75.000   36.000 -0.07951 14
 -75.000   37.000 -0.08281 16
 -75.000   38.000 -0.08392 15
 -75.000   39.000 -0.08579 16
 -75.000   40.000 -0.08374 15
 -75.000   41.000 -0.08264 15
 -75.000   42.000 -0.07647 16
 -75.000   43.000 -0.07152 16
 -75.000   44.000 -0.06275 17
 -75.000   45.000 -0.05963 16
 -75.000   46.000 -0.05229 16
 -75.000   47.000 -0.04924 18
 -75.000   48.000 -0.03913 17
 -75.000   49.000 -0.03837 15
 -75.000   50.000 -0.03158 11
 -74.000   25.000 -0.09319 10
 -74.000   26.000 -0.09681 9
 -74.000   27.000 -0.09589 18
 -74.000   28.000 -0.09954 16
 -74.000   29.000 -0.09335 21
 -74.000   30.000 -0.08691 15
 -74.000   31.000 -0.07953 21
 -74.000   32.000 -0.07383 16
 -74.000   33.000 -0.07100 23
 -74.000   34.000 -0.07028 16
 -74.000   35.000 -0.07389 21
 -74.000   36.000 -0.07772 15
 -74.000   37.000 -0.08398 19
 -74.000   38.000 -0.08749 17
 -74.000   39.000 -0.09134 19
 -74.000   40.000 -0.09038 19
 -74.000   41.000 -0.08989 18
 -74.000   42.000 -0.08396 20
 -74.000   43.000 -0.07893 17
 -74.000   44.000 -0.06973 18
 -74.000   45.000 -0.06589 13
 -74.000   46.000 -0.05751 15
 -74.000   47.000 -0.05271 13
 -74.000   48.000 -0.04111 14
 -74.000   49.000 -0.03956 10
 -74.000   50.000 -0.03198 8
 -73.000   25.000 -0.10942 5
 -73.000   26.000 -0.11216 6
 -73.000   27.000 -0.10943 10
 -73.000   28.000 -0.11076 12
 -73.000   29.000 -0.10103 13
 -73.000   30.000 -0.09139 14
 -73.000   31.000 -0.08039 14
 -73.000   32.000 -0.07251 15
 -73.000   33.000 -0.06784 15
 -73.000   34.000 -0.06729 15
 -73.000   35.000 -0.07239 15
 -73.000   36.000 -0.07896 15
 -73.000   37.000 -0.08817 14
 -73.000   38.000 -0.09407 14
 -73.000   39.000 -0.09985 15
 -73.000   40.000 -0.09989 16
 -73.000   41.000 -0.10011 17
 -73.000   42.000 -0.09461 16
 -73.000   43.000 -0.08997 16
 -73.000   44.000 -0.08080 16
 -73.000   45.000 -0.07602 17
 -73.000   46.000 -0.06657 17
 -73.000   47.000 -0.05971 18
 -73.000   48.000 -0.04611 15
 -73.000   49.000 -0.04332 14
 -73.000   50.000 -0.03499 10
 -72.000   25.000 -0.12481 9
 -72.000   26.000 -0.12647 10
 -72.000   27.000 -0.12218 17
 -72.000   28.000 -0.12124 18
 -72.000   29.000 -0.10888 22
 -72.000   30.000 -0.09683 18
 -72.000   31.000 -0.08344 21
 -72.000   32.000 -0.07396 17
 -72.000   33.000 -0.06773 21
 -72.000   34.000 -0.06665 16
 -72.000   35.000 -0.07219 19
 -72.000   36.000 -0.07933 15
 -72.000   37.000 -0.09013 16
 -72.000   38.000 -0.09696 15
 -72.000   39.000 -0.10436 18
 -72.000   40.000 -0.10503 19
 -72.000   41.000 -0.10609 19
 -72.000   42.000 -0.10015 18
 -72.000   43.000 -0.09505 16
 -72.000   44.000 -0.08499 16
 -72.000   45.000 -0.07873 15
 -72.000   46.000 -0.06815 16
 -72.000   47.000 -0.06014 14
 -72.000   48.000 -0.04634 12
 -72.000   49.000 -0.04294 9
 -72.000   50.000 -0.03476 7
 -71.000   25.000 -0.14240 4
 -71.000   26.000 -0.14343 7
 -71.000   27.000 -0.13822 10
 -71.000   28.000 -0.13651 14
 -71.000   29.000 -0.12272 14
 -71.000   30.000 -0.10962 15
 -71.000   31.000 -0.09418 13
 -71.000   32.000 -0.08317 14
 -71.000   33.000 -0.07436 13
 -71.000   34.000 -0.07166 14
 -71.000   35.000 -0.07580 13
 -71.000   36.000 -0.08269 14
 -71.000   37.000 -0.09409 13
 -71.000   38.000 -0.10134 15
 -71.000   39.000 -0.10972 16
 -71.000   40.000 -0.11098 17
 -71.000   41.000 -0.11313 17
 -71.000   42.000 -0.10711 14
 -71.000   43.000 -0.10240 14
 -71.000   44.000 -0.09227 13
 -71.000   45.000 -0.08553 17
 -71.000   46.000 -0.07429 17
 -71.000   47.000 -0.06576 19
 -71.000   48.000 -0.05127 15
 -71.000   49.000 -0.04750 14
 -71.000   50.000 -0.03926 9
 -70.000   25.000 -0.15526 8
 -70.000   26.000 -0.15524 11
 -70.000   27.000 -0.14907 16
 -70.000   28.000 -0.14607 18
 -70.000   29.000 -0.13174 20
 -70.000   30.000 -0.11898 17
 -70.000   31.000 -0.10330 19
 -70.000   32.000 -0.09224 16
 -70.000   33.000 -0.08181 20
 -70.000   34.000 -0.07747 16
 -70.000   35.000 -0.07901 18
 -70.000   36.000 -0.08345 15
 -70.000   37.000 -0.09322 16
 -70.000   38.000 -0.09890 16
 -70.000   39.000 -0.10716 17
 -70.000   40.000 -0.10863 18
 -70.000   41.000 -0.11212 18
 -70.000   42.000 -0.10643 15
 -70.000   43.000 -0.10234 14
 -70.000   44.000 -0.09265 14
 -70.000   45.000 -0.08627 16
 -70.000   46.000 -0.07518 15
 -70.000   47.000 -0.06720 14
 -70.000   48.000 -0.05322 12
 -70.000   49.000 -0.04958 10
 -70.000   50.000 -0.04164 8
 -69.000   25.000 -0.15510 4
 -69.000   26.000 -0.15777 8
 -69.000   27.000 -0.15322 10
 -69.000   28.000 -0.15767 14
 -69.000   29.000 -0.14403 12
 -69.000   30.000 -0.13328 14
 -69.000   31.000 -0.11793 12
 -69.000   32.000 -0.10713 14
 -69.000   33.000 -0.09449 13
 -69.000   34.000 -0.08785 14
 -69.000   35.000 -0.08513 12
 -69.000   36.000 -0.08661 14
 -69.000   37.000 -0.09307 12
 -69.000   38.000 -0.09683 15
 -69.000   39.000 -0.10376 13
 -69.000   40.000 -0.10580 16
 -69.000   41.000 -0.11032 14
 -69.000   42.000 -0.10728 12
 -69.000   43.000 -0.10553 11
 -69.000   44.000 -0.09922 11
 -69.000   45.000 -0.09464 14
 -69.000   46.000 -0.08584 12
 -69.000   47.000 -0.07831 13
 -69.000   48.000 -0.06390 10
 -69.000   49.000 -0.05953 9
 -69.000   50.000 -0.05188 6
 -68.000   25.000 -0.14569 4
 -68.000   26.000 -0.14994 8
 -68.000   27.000 -0.14606 11
 -68.000   28.000 -0.15561 14
 -68.000   29.000 -0.14069 13
 -68.000   30.000 -0.13225 12
 -68.000   31.000 -0.11875 13
 -68.000   32.000 -0.10975 12
 -68.000   33.000 -0.09813 15
 -68.000   34.000 -0.09123 12
 -68.000   35.000 -0.08655 13
 -68.000   36.000 -0.08492 12
 -68.000   37.000 -0.08845 12
 -68.000   38.000 -0.08938 13
 -68.000   39.000 -0.09476 12
 -68.000   40.000 -0.09619 14
 -68.000   41.000 -0.10132 13
 -68.000   42.000 -0.10033 11
 -68.000   43.000 -0.10122 10
 -68.000   44.000 -0.09854 10
 -68.000   45.000 -0.09656 11
 -68.000   46.000 -0.09115 9
 -68.000   47.000 -0.08387 8
 -68.000   48.000 -0.07002 6
 -68.000   49.000 -0.06480 4
 -68.000   50.000 -0.05740 4
 -67.000   25.000 -0.11839 0
 -67.000   26.000 -0.12503 3
 -67.000   27.000 -0.12343 4
 -67.000   28.000 -0.13573 7
 -67.000   29.000 -0.12552 5
 -67.000   30.000 -0.11892 6
 -67.000   31.000 -0.10765 5
 -67.000   32.000 -0.10046 6
 -67.000   33.000 -0.09082 6
 -67.000   34.000 -0.08572 6
 -67.000   35.000 -0.08149 5
 -67.000   36.000 -0.08000 6
 -67.000   37.000 -0.08258 5
 -67.000   38.000 -0.08322 7
 -67.000   39.000 -0.08708 7
 -67.000   40.000 -0.08807 9
 -67.000   41.000 -0.09278 9
 -67.000   42.000 -0.09389 7
 -67.000   43.000 -0.09892 6
 -67.000   44.000 -0.09987 5
 -67.000   45.000 -0.10081 6
 -67.000   46.000 -0.09854 6
 -67.000   47.000 -0.08947 6
 -67.000   48.000 -0.07266 4
 -67.000   49.000 -0.06574 2
 -67.000   50.000 -0.05673 1
 -66.000   25.000 -0.10423 0
 -66.000   26.000 -0.11232 1
 -66.000   27.000 -0.11160 3
 -66.000   28.000 -0.12718 4
 -66.000   29.000 -0.11756 5
 -66.000   30.000 -0.11223 3
 -66.000   31.000 -0.10234 5
 -66.000   32.000 -0.09661 3
 -66.000   33.000 -0.08819 6
 -66.000   34.000 -0.08391 3
 -66.000   35.000 -0.07949 4
 -66.000   36.000 -0.07728 3
 -66.000   37.000 -0.07859 4
 -66.000   38.000 -0.07805 5
 -66.000   39.000 -0.08075 6
 -66.000   40.000 -0.08125 7
 -66.000   41.000 -0.08602 8
 -66.000   42.000 -0.08891 6
 -66.000   43.000 -0.09640 5
 -66.000   44.000 -0.10025 4
 -66.000   45.000 -0.10325 4
 -66.000   46.000 -0.10329 5
 -66.000   47.000 -0.09396 4
 -66.000   48.000 -0.07652 3
 -66.000   49.000 -0.06871 1
 -66.000   50.000 -0.05953 1
 -65.000   25.000 -0.08241 0
 -65.000   26.000 -0.09329 0
 -65.000   27.000 -0.09441 1
 -65.000   28.000 -0.11592 1
 -65.000   29.000 -0.10741 2
 -65.000   30.000 -0.10340 1
 -65.000   31.000 -0.09481 2
 -65.000   32.000 -0.09044 1
 -65.000   33.000 -0.08333 2
 -65.000   34.000 -0.08030 1
 -65.000   35.000 -0.07617 1
 -65.000   36.000 -0.07430 1
 -65.000   37.000 -0.07485 1
 -65.000   38.000 -0.07451 2
 -65.000   39.000 -0.07655 2
 -65.000   40.000 -0.07724 3
 -65.000   41.000 -0.08156 3
 -65.000   42.000 -0.08671 3
 -65.000   43.000 -0.09684 2
 -65.000   44.000 -0.10374 2
 -65.000   45.000 -0.10823 1
 -65.000   46.000 -0.11095 3
 -65.000   47.000 -0.10004 2
 -65.000   48.000 -0.08100 2
 -65.000   49.000 -0.07146 0
 -65.000   50.000 -0.06183 0
