-130.000   25.000 -0.11320 4
-130.000   26.000 -0.11634 7
-130.000   27.000 -0.11620 3
-130.000   28.000 -0.11590 6
-130.000   29.000 -0.10652 3
-130.000   30.000 -0.09401 6
-130.000   31.000 -0.08517 3
-130.000   32.000 -0.08371 6
-130.000   33.000 -0.09195 3
-130.000   34.000 -0.10390 5
-130.000   35.000 -0.11056 3
-130.000   36.000 -0.11146 4
-130.000   37.000 -0.10440 2
-130.000   38.000 -0.09369 4
-130.000   39.000 -0.08607 3
-130.000   40.000 -0.08153 6
-130.000   41.000 -0.08153 4
-130.000   42.000 -0.08328 6
-130.000   43.000 -0.08494 3
-130.000   44.000 -0.08712 4
-130.000   45.000 -0.09211 2
-130.000   46.000 -0.09534 4
-130.000   47.000 -0.09795 2
-130.000   48.000 -0.10401 5
-130.000   49.000 -0.10561 3
-130.000   50.000 -0.10453 5
-129.000   25.000 -0.11456 7
-129.000   26.000 -0.11759 13
-129.000   27.000 -0.11757 6
-129.000   28.000 -0.11736 12
-129.000   29.000 -0.10840 6
-129.000   30.000 -0.09659 12
-129.000   31.000 -0.08825 6
-129.000   32.000 -0.08637 12
-129.000   33.000 -0.09349 6
-129.000   34.000 -0.10329 10
-129.000   35.000 -0.10778 6
-129.000   36.000 -0.10720 9
-129.000   37.000 -0.09983 5
-129.000   38.000 -0.08970 8
-129.000   39.000 -0.08344 5
-129.000   40.000 -0.08067 11
-129.000   41.000 -0.08191 7
-129.000   42.000 -0.08465 12
-129.000   43.000 -0.08668 6
-129.000   44.000 -0.08981 9
-129.000   45.000 -0.09629 4
-129.000   46.000 -0.10027 8
-129.000   47.000 -0.10308 4
-129.000   48.000 -0.10934 9
-129.000   49.000 -0.11113 5
-129.000   50.000 -0.10890 8
-128.000   25.000 -0.11562 3
-128.000   26.000 -0.11864 6
-128.000   27.000 -0.11871 3
-128.000   28.000 -0.11879 6
-128.000   29.000 -0.11037 3
-128.000   30.000 -0.09910 6
-128.000   31.000 -0.09104 3
-128.000   32.000 -0.08860 6
-128.000   33.000 -0.09432 3
-128.000   34.000 -0.10199 5
-128.000   35.000 -0.10462 3
-128.000   36.000 -0.10287 5
-128.000   37.000 -0.09529 3
-128.000   38.000 -0.08595 4
-128.000   39.000 -0.08095 2
-128.000   40.000 -0.07954 5
-128.000   41.000 -0.08166 3
-128.000   42.000 -0.08523 6
-128.000   43.000 -0.08760 3
-128.000   44.000 -0.09118 5
-128.000   45.000 -0.09857 2
-128.000   46.000 -0.10333 4
-128.000   47.000 -0.10689 2
-128.000   48.000 -0.11324 4
-128.000   49.000 -0.11554 2
-128.000   50.000 -0.11299 3
-127.000   25.000 -0.11920 6
-127.000   26.000 -0.12162 12
-127.000   27.000 -0.12145 6
-127.000   28.000 -0.12112 12
-127.000   29.000 -0.11317 6
-127.000   30.000 -0.10292 12
-127.000   31.000 -0.09559 6
-127.000   32.000 -0.09218 12
-127.000   33.000 -0.09501 6
-127.000   34.000 -0.09859 10
-127.000   35.000 -0.09724 5
-127.000   36.000 -0.09346 10
-127.000   37.000 -0.08678 6
-127.000   38.000 -0.07996 9
-127.000   39.000 -0.07790 4
-127.000   40.000 -0.08006 11
-127.000   41.000 -0.08419 7
-127.000   42.000 -0.08871 14
-127.000   43.000 -0.09131 7
-127.000   44.000 -0.09618 11
-127.000   45.000 -0.10563 4
-127.000   46.000 -0.11143 7
-127.000   47.000 -0.11521 3
-127.000   48.000 -0.12174 7
-127.000   49.000 -0.12439 4
-127.000   50.000 -0.12017 7
-126.000   25.000 -0.12359 3
-126.000   26.000 -0.12506 6
-126.000   27.000 -0.12413 3
-126.000   28.000 -0.12290 6
-126.000   29.000 -0.11513 3
-126.000   30.000 -0.10531 6
-126.000   31.000 -0.09826 3
-126.000   32.000 -0.09375 6
-126.000   33.000 -0.09357 3
-126.000   34.000 -0.09354 5
-126.000   35.000 -0.08905 2
-126.000   36.000 -0.08441 5
-126.000   37.000 -0.07978 3
-126.000   38.000 -0.07611 5
-126.000   39.000 -0.07687 2
-126.000   40.000 -0.08207 6
-126.000   41.000 -0.08752 4
-126.000   42.000 -0.09200 8
-126.000   43.000 -0.09439 4
-126.000   44.000 -0.09952 6
-126.000   45.000 -0.10955 2
-126.000   46.000 -0.11597 3
-126.000   47.000 -0.12058 1
-126.000   48.000 -0.12716 3
-126.000   49.000 -0.13047 2
-126.000   50.000 -0.12624 4
-125.000   25.000 -0.12764 6
-125.000   26.000 -0.12804 12
-125.000   27.000 -0.12610 6
-125.000   28.000 -0.12385 12
-125.000   29.000 -0.11624 6
-125.000   30.000 -0.10659 12
-125.000   31.000 -0.09959 6
-125.000   32.000 -0.09463 12
-125.000   33.000 -0.09269 6
-125.000   34.000 -0.09002 12
-125.000   35.000 -0.08239 6
-125.000   36.000 -0.07679 11
-125.000   37.000 -0.07323 5
-125.000   38.000 -0.07119 10
-125.000   39.000 -0.07371 5
-125.000   40.000 -0.08164 13
-125.000   41.000 -0.08808 8
-125.000   42.000 -0.09252 15
-125.000   43.000 -0.09516 7
-125.000   44.000 -0.09939 11
-125.000   45.000 -0.10735 4
-125.000   46.000 -0.11296 6
-125.000   47.000 -0.11802 2
-125.000   48.000 -0.12330 5
-125.000   49.000 -0.12665 3
-125.000   50.000 -0.12446 6
-124.000   25.000 -0.13203 3
-124.000   26.000 -0.13103 6
-124.000   27.000 -0.12786 3
-124.000   28.000 -0.12402 6
-124.000   29.000 -0.11627 3
-124.000   30.000 -0.10685 6
-124.000   31.000 -0.10007 3
-124.000   32.000 -0.09566 6
-124.000   33.000 -0.09341 3
-124.000   34.000 -0.08909 7
-124.000   35.000 -0.07783 4
-124.000   36.000 -0.07044 6
-124.000   37.000 -0.06641 2
-124.000   38.000 -0.06418 5
-124.000   39.000 -0.06741 3
-124.000   40.000 -0.07838 7
-124.000   41.000 -0.08638 4
-124.000   42.000 -0.09134 7
-124.000   43.000 -0.09522 3
-124.000   44.000 -0.09846 5
-124.000   45.000 -0.10377 2
-124.000   46.000 -0.10774 3
-124.000   47.000 -0.11186 1
-124.000   48.000 -0.11455 2
-124.000   49.000 -0.11718 1
-124.000   50.000 -0.11663 2
-123.000   25.000 -0.13298 6
-123.000   26.000 -0.13133 12
-123.000   27.000 -0.12749 6
-123.000   28.000 -0.12287 12
-123.000   29.000 -0.11498 6
-123.000   30.000 -0.10544 13
-123.000   31.000 -0.09863 7
-123.000   32.000 -0.09470 13
-123.000   33.000 -0.09276 6
-123.000   34.000 -0.08845 14
-123.000   35.000 -0.07677 8
-123.000   36.000 -0.06993 12
-123.000   37.000 -0.06727 4
-123.000   38.000 -0.06563 9
-123.000   39.000 -0.06910 5
-123.000   40.000 -0.08084 11
-123.000   41.000 -0.08873 6
-123.000   42.000 -0.09257 12
-123.000   43.000 -0.09607 6
-123.000   44.000 -0.09797 9
-123.000   45.000 -0.10028 3
-123.000   46.000 -0.10179 6
-123.000   47.000 -0.10355 3
-123.000   48.000 -0.10379 5
-123.000   49.000 -0.10507 2
-123.000   50.000 -0.10514 4
-122.000   25.000 -0.12990 3
-122.000   26.000 -0.12872 6
-122.000   27.000 -0.12511 3
-122.000   28.000 -0.12101 6
-122.000   29.000 -0.11327 3
-122.000   30.000 -0.10347 7
-122.000   31.000 -0.09651 4
-122.000   32.000 -0.09296 7
-122.000   33.000 -0.09211 3
-122.000   34.000 -0.08935 7
-122.000   35.000 -0.07950 4
-122.000   36.000 -0.07455 6
-122.000   37.000 -0.07368 2
-122.000   38.000 -0.07254 4
-122.000   39.000 -0.07552 2
-122.000   40.000 -0.08631 4
-122.000   41.000 -0.09302 2
-122.000   42.000 -0.09507 5
-122.000   43.000 -0.09702 3
-122.000   44.000 -0.09722 4
-122.000   45.000 -0.09652 1
-122.000   46.000 -0.09495 3
-122.000   47.000 -0.09361 2
-122.000   48.000 -0.09154 3
-122.000   49.000 -0.09125 1
-122.000   50.000 -0.09101 2
-121.000   25.000 -0.12683 7
-121.000   26.000 -0.12620 13
-121.000   27.000 -0.12294 6
-121.000   28.000 -0.11942 12
-121.000   29.000 -0.11167 6
-121.000   30.000 -0.10183 13
-121.000   31.000 -0.09499 7
-121.000   32.000 -0.09281 14
-121.000   33.000 -0.09485 7
-121.000   34.000 -0.09493 14
-121.000   35.000 -0.08769 7
-121.000   36.000 -0.08430 12
-121.000   37.000 -0.08357 5
-121.000   38.000 -0.08056 9
-121.000   39.000 -0.08125 4
-121.000   40.000 -0.08958 8
-121.000   41.000 -0.09442 4
-121.000   42.000 -0.09481 9
-121.000   43.000 -0.09566 5
-121.000   44.000 -0.09475 7
-121.000   45.000 -0.09174 2
-121.000   46.000 -0.08766 5
-121.000   47.000 -0.08335 3
-121.000   48.000 -0.07943 5
-121.000   49.000 -0.07759 2
-121.000   50.000 -0.07694 4
-120.000   25.000 -0.12496 4
-120.000   26.000 -0.12472 7
-120.000   27.000 -0.12165 3
-120.000   28.000 -0.11833 6
-120.000   29.000 -0.11018 3
-120.000   30.000 -0.10024 6
-120.000   31.000 -0.09362 3
-120.000   32.000 -0.09312 7
-120.000   33.000 -0.09853 4
-120.000   34.000 -0.10211 7
-120.000   35.000 -0.09869 3
-120.000   36.000 -0.09772 6
-120.000   37.000 -0.09750 3
-120.000   38.000 -0.09240 5
-120.000   39.000 -0.09004 2
-120.000   40.000 -0.09454 4
-120.000   41.000 -0.09646 2
-120.000   42.000 -0.09437 4
-120.000   43.000 -0.09023 2
-120.000   44.000 -0.08563 3
-120.000   45.000 -0.07913 1
-120.000   46.000 -0.07130 2
-120.000   47.000 -0.06292 1
-120.000   48.000 -0.06244 2
-120.000   49.000 -0.06131 1
-120.000   50.000 -0.06158 2
-119.000   25.000 -0.11825 7
-119.000   26.000 -0.11882 14
-119.000   27.000 -0.11696 7
-119.000   28.000 -0.11473 13
-119.000   29.000 -0.10746 6
-119.000   30.000 -0.09897 12
-119.000   31.000 -0.09363 6
-119.000   32.000 -0.09462 13
-119.000   33.000 -0.10299 7
-119.000   34.000 -0.11093 13
-119.000   35.000 -0.11399 6
-119.000   36.000 -0.11705 12
-119.000   37.000 -0.11761 6
-119.000   38.000 -0.11084 10
-119.000   39.000 -0.10453 4
-119.000   40.000 -0.10211 8
-119.000   41.000 -0.09876 4
-119.000   42.000 -0.09345 8
-119.000   43.000 -0.08366 4
-119.000   44.000 -0.07567 5
-119.000   45.000 -0.06663 1
-119.000   46.000 -0.05845 2
-119.000   47.000 -0.04960 1
-119.000   48.000 -0.05315 2
-119.000   49.000 -0.05402 1
-119.000   50.000 -0.05673 3
-118.000   25.000 -0.11111 3
-118.000   26.000 -0.11193 7
-118.000   27.000 -0.11138 4
-118.000   28.000 -0.10967 7
-118.000   29.000 -0.10407 3
-118.000   30.000 -0.09865 6
-118.000   31.000 -0.09572 3
-118.000   32.000 -0.09900 6
-118.000   33.000 -0.11099 3
-118.000   34.000 -0.12357 6
-118.000   35.000 -0.13219 3
-118.000   36.000 -0.13775 6
-118.000   37.000 -0.13610 3
-118.000   38.000 -0.12526 5
-118.000   39.000 -0.11351 2
-118.000   40.000 -0.10367 4
-118.000   41.000 -0.09493 2
-118.000   42.000 -0.08786 4
-118.000   43.000 -0.07439 2
-118.000   44.000 -0.06365 2
-118.000   45.000 -0.05282 0
-118.000   46.000 -0.04552 0
-118.000   47.000 -0.03768 0
-118.000   48.000 -0.04446 0
-118.000   49.000 -0.04738 0
-118.000   50.000 -0.05286 1
-117.000   25.000 -0.10614 6
-117.000   26.000 -0.10689 15
-117.000   27.000 -0.10745 9
-117.000   28.000 -0.10637 17
-117.000   29.000 -0.10297 8
-117.000   30.000 -0.10101 15
-117.000   31.000 -0.10066 7
-117.000   32.000 -0.10639 14
-117.000   33.000 -0.12161 7
-117.000   34.000 -0.13688 13
-117.000   35.000 -0.14820 6
-117.000   36.000 -0.15378 12
-117.000   37.000 -0.14738 6
-117.000   38.000 -0.13095 10
-117.000   39.000 -0.11404 4
-117.000   40.000 -0.09857 8
-117.000   41.000 -0.08624 4
-117.000   42.000 -0.07961 8
-117.000   43.000 -0.06438 4
-117.000   44.000 -0.05351 4
-117.000   45.000 -0.04311 0
-117.000   46.000 -0.03725 0
-117.000   47.000 -0.03110 0
-117.000   48.000 -0.04100 1
-117.000   49.000 -0.04471 1
-117.000   50.000 -0.05119 2
-116.000   25.000 -0.09936 3
-116.000   26.000 -0.10087 8
-116.000   27.000 -0.10326 5
-116.000   28.000 -0.10422 10
-116.000   29.000 -0.10387 5
-116.000   30.000 -0.10534 9
-116.000   31.000 -0.10725 4
-116.000   32.000 -0.11418 8
-116.000   33.000 -0.13061 4
-116.000   34.000 -0.14692 7
-116.000   35.000 -0.15981 3
-116.000   36.000 -0.16460 6
-116.000   37.000 -0.15342 3
-116.000   38.000 -0.13270 5
-116.000   39.000 -0.11210 2
-116.000   40.000 -0.09235 4
-116.000   41.000 -0.07792 2
-116.000   42.000 -0.07294 4
-116.000   43.000 -0.05619 2
-116.000   44.000 -0.04493 2
-116.000   45.000 -0.03450 0
-116.000   46.000 -0.02936 0
-116.000   47.000 -0.02233 0
-116.000   48.000 -0.03290 1
-116.000   49.000 -0.03623 1
-116.000   50.000 -0.04178 1
-115.000   25.000 -0.09177 6
-115.000   26.000 -0.09448 15
-115.000   27.000 -0.09884 9
-115.000   28.000 -0.10221 17
-115.000   29.000 -0.10466 8
-115.000   30.000 -0.10892 17
-115.000   31.000 -0.11280 9
-115.000   32.000 -0.11995 17
-115.000   33.000 -0.13601 8
-115.000   34.000 -0.15258 14
-115.000   35.000 -0.16667 6
-115.000   36.000 -0.17015 12
-115.000   37.000 -0.15465 6
-115.000   38.000 -0.13111 10
-115.000   39.000 -0.10789 4
-115.000   40.000 -0.08449 8
-115.000   41.000 -0.06891 4
-115.000   42.000 -0.06530 7
-115.000   43.000 -0.05131 3
-115.000   44.000 -0.04183 3
-115.000   45.000 -0.03333 0
-115.000   46.000 -0.02996 1
-115.000   47.000 -0.02499 1
-115.000   48.000 -0.03153 2
-115.000   49.000 -0.03368 1
-115.000   50.000 -0.03714 1
-114.000   25.000 -0.08934 3
-114.000   26.000 -0.09311 7
-114.000   27.000 -0.09843 4
-114.000   28.000 -0.10331 7
-114.000   29.000 -0.10655 3
-114.000   30.000 -0.11130 8
-114.000   31.000 -0.11600 5
-114.000   32.000 -0.12285 9
-114.000   33.000 -0.13790 4
-114.000   34.000 -0.15384 7
-114.000   35.000 -0.16732 3
-114.000   36.000 -0.16843 6
-114.000   37.000 -0.14950 3
-114.000   38.000 -0.12428 5
-114.000   39.000 -0.09980 2
-114.000   40.000 -0.07499 4
-114.000   41.000 -0.05777 2
-114.000   42.000 -0.05484 3
-114.000   43.000 -0.04365 1
-114.000   44.000 -0.03574 1
-114.000   45.000 -0.02818 0
-114.000   46.000 -0.02510 1
-114.000   47.000 -0.02038 1
-114.000   48.000 -0.02360 1
-114.000   49.000 -0.02376 0
-114.000   50.000 -0.02466 0
-113.000   25.000 -0.10121 7
-113.000   26.000 -0.10517 15
-113.000   27.000 -0.10795 8
-113.000   28.000 -0.11236 14
-113.000   29.000 -0.11280 6
-113.000   30.000 -0.11284 15
-113.000   31.000 -0.11493 9
-113.000   32.000 -0.12131 16
-113.000   33.000 -0.13519 7
-113.000   34.000 -0.14966 13
-113.000   35.000 -0.16117 6
-113.000   36.000 -0.16007 12
-113.000   37.000 -0.13931 6
-113.000   38.000 -0.11311 10
-113.000   39.000 -0.08799 4
-113.000   40.000 -0.06304 8
-113.000   41.000 -0.04496 4
-113.000   42.000 -0.04149 5
-113.000   43.000 -0.03195 1
-113.000   44.000 -0.02583 2
-113.000   45.000 -0.02014 1
-113.000   46.000 -0.01763 3
-113.000   47.000 -0.01379 2
-113.000   48.000 -0.01570 2
-113.000   49.000 -0.01473 0
-113.000   50.000 -0.01339 0
-112.000   25.000 -0.12201 4
-112.000   26.000 -0.12547 8
-112.000   27.000 -0.12298 4
-112.000   28.000 -0.12470 7
-112.000   29.000 -0.11949 3
-112.000   30.000 -0.11149 7
-112.000   31.000 -0.10891 4
-112.000   32.000 -0.11535 7
-112.000   33.000 -0.12914 3
-112.000   34.000 -0.14351 6
-112.000   35.000 -0.15440 3
-112.000   36.000 -0.15243 6
-112.000   37.000 -0.13089 3
-112.000   38.000 -0.10347 5
-112.000   39.000 -0.07653 2
-112.000   40.000 -0.05001 4
-112.000   41.000 -0.03045 2
-112.000   42.000 -0.02509 2
-112.000   43.000 -0.01613 0
-112.000   44.000 -0.00937 1
-112.000   45.000 -0.00501 1
-112.000   46.000 -0.00374 2
-112.000   47.000 -0.00160 1
-112.000   48.000 -0.00348 1
-112.000   49.000 -0.00449 0
-112.000   50.000 -0.00299 0
-111.000   25.000 -0.12959 9
-111.000   26.000 -0.13332 18
-111.000   27.000 -0.12690 9
-111.000   28.000 -0.12745 15
-111.000   29.000 -0.11812 6
-111.000   30.000 -0.10364 13
-111.000   31.000 -0.09789 7
-111.000   32.000 -0.10524 14
-111.000   33.000 -0.12010 7
-111.000   34.000 -0.13591 13
-111.000   35.000 -0.14766 6
-111.000   36.000 -0.14697 12
-111.000   37.000 -0.12848 6
-111.000   38.000 -0.10198 10
-111.000   39.000 -0.07239 4
-111.000   40.000 -0.04267 8
-111.000   41.000 -0.01846 4
-111.000   42.000 -0.00676 5
-111.000   43.000  0.00372 1
-111.000   44.000  0.01058 3
-111.000   45.000  0.01260 2
-111.000   46.000  0.01101 3
-111.000   47.000  0.00841 1
-111.000   48.000  0.00446 1
-111.000   49.000  0.00041 0
-111.000   50.000  0.00027 0
-110.000   25.000 -0.12128 5
-110.000   26.000 -0.12653 10
-110.000   27.000 -0.11841 5
-110.000   28.000 -0.12053 8
-110.000   29.000 -0.11004 3
-110.000   30.000 -0.09173 6
-110.000   31.000 -0.08447 3
-110.000   32.000 -0.09318 7
-110.000   33.000 -0.10982 4
-110.000   34.000 -0.12776 7
-110.000   35.000 -0.14110 3
-110.000   36.000 -0.14346 6
-110.000   37.000 -0.13056 3
-110.000   38.000 -0.10691 5
-110.000   39.000 -0.07360 2
-110.000   40.000 -0.03933 4
-110.000   41.000 -0.00797 2
-110.000   42.000  0.01266 3
-110.000   43.000  0.02527 1
-110.000   44.000  0.02810 2
-110.000   45.000  0.02560 1
-110.000   46.000  0.01870 1
-110.000   47.000  0.01107 0
-110.000   48.000  0.00663 0
-110.000   49.000  0.00228 0
-110.000   50.000  0.00152 0
-109.000   25.000 -0.11798 10
-109.000   26.000 -0.12291 19
-109.000   27.000 -0.11250 9
-109.000   28.000 -0.11362 15
-109.000   29.000 -0.10060 6
-109.000   30.000 -0.07850 12
-109.000   31.000 -0.06910 6
-109.000   32.000 -0.07864 14
-109.000   33.000 -0.09879 8
-109.000   34.000 -0.11907 14
-109.000   35.000 -0.13457 6
-109.000   36.000 -0.13835 12
-109.000   37.000 -0.12829 6
-109.000   38.000 -0.10313 11
-109.000   39.000 -0.06553 5
-109.000   40.000 -0.02688 8
-109.000   41.000  0.00638 3
-109.000   42.000  0.03168 5
-109.000   43.000  0.04371 2
-109.000   44.000  0.04134 3
-109.000   45.000  0.03319 1
-109.000   46.000  0.02231 1
-109.000   47.000  0.01066 0
-109.000   48.000  0.00573 0
-109.000   49.000  0.00114 0
-109.000   50.000  0.00076 0
-108.000   25.000 -0.11369 5
-108.000   26.000 -0.11605 9
-108.000   27.000 -0.10486 4
-108.000   28.000 -0.10187 7
-108.000   29.000 -0.08607 3
-108.000   30.000 -0.06347 6
-108.000   31.000 -0.05365 3
-108.000   32.000 -0.06317 7
-108.000   33.000 -0.08765 4
-108.000   34.000 -0.11039 7
-108.000   35.000 -0.12819 3
-108.000   36.000 -0.12915 6
-108.000   37.000 -0.11665 3
-108.000   38.000 -0.08527 6
-108.000   39.000 -0.04355 3
-108.000   40.000 -0.00108 4
-108.000   41.000  0.02501 1
-108.000   42.000  0.04483 2
-108.000   43.000  0.05133 1
-108.000   44.000  0.04298 1
-108.000   45.000  0.02938 0
-108.000   46.000  0.01906 0
-108.000   47.000  0.00828 0
-108.000   48.000  0.00414 0
-108.000   49.000  0.00000 0
-108.000   50.000  0.00000 0
-107.000   25.000 -0.10227 8
-107.000   26.000 -0.10154 15
-107.000   27.000 -0.09018 7
-107.000   28.000 -0.08302 13
-107.000   29.000 -0.06560 6
-107.000   30.000 -0.04595 12
-107.000   31.000 -0.03884 6
-107.000   32.000 -0.04894 13
-107.000   33.000 -0.07690 7
-107.000   34.000 -0.10103 13
-107.000   35.000 -0.11982 7
-107.000   36.000 -0.11845 12
-107.000   37.000 -0.10834 6
-107.000   38.000 -0.07525 10
-107.000   39.000 -0.03219 5
-107.000   40.000  0.01194 7
-107.000   41.000  0.03265 2
-107.000   42.000  0.05082 3
-107.000   43.000  0.05415 1
-107.000   44.000  0.03992 1
-107.000   45.000  0.02269 0
-107.000   46.000  0.01338 0
-107.000   47.000  0.00414 0
-107.000   48.000  0.00207 0
-107.000   49.000  0.00000 0
-107.000   50.000  0.00000 0
-106.000   25.000 -0.10536 3
-106.000   26.000 -0.09958 6
-106.000   27.000 -0.08494 3
-106.000   28.000 -0.06997 6
-106.000   29.000 -0.04785 3
-106.000   30.000 -0.02985 6
-106.000   31.000 -0.02492 3
-106.000   32.000 -0.03568 6
-106.000   33.000 -0.06621 3
-106.000   34.000 -0.09008 6
-106.000   35.000 -0.10839 4
-106.000   36.000 -0.10452 6
-106.000   37.000 -0.09883 3
-106.000   38.000 -0.06617 4
-106.000   39.000 -0.02450 2
-106.000   40.000  0.01898 3
-106.000   41.000  0.03368 1
-106.000   42.000  0.05105 1
-106.000   43.000  0.05256 0
-106.000   44.000  0.03356 0
-106.000   45.000  0.01408 0
-106.000   46.000  0.00704 0
-106.000   47.000  0.00000 0
-106.000   48.000  0.00000 0
-106.000   49.000  0.00000 0
-106.000   50.000  0.00000 0
-105.000   25.000 -0.11870 7
-105.000   26.000 -0.10708 13
-105.000   27.000 -0.08749 6
-105.000   28.000 -0.06321 12
-105.000   29.000 -0.03499 7
-105.000   30.000 -0.01686 12
-105.000   31.000 -0.01275 6
-105.000   32.000 -0.02421 11
-105.000   33.000 -0.05749 7
-105.000   34.000 -0.08024 12
-105.000   35.000 -0.09685 8
-105.000   36.000 -0.08835 11
-105.000   37.000 -0.08264 6
-105.000   38.000 -0.04773 8
-105.000   39.000 -0.00895 4
-105.000   40.000  0.03161 6
-105.000   41.000  0.03697 2
-105.000   42.000  0.04806 2
-105.000   43.000  0.04771 0
-105.000   44.000  0.02736 0
-105.000   45.000  0.00704 0
-105.000   46.000  0.00352 0
-105.000   47.000  0.00000 0
-105.000   48.000  0.00000 0
-105.000   49.000  0.00000 0
-105.000   50.000  0.00000 0
-104.000   25.000 -0.12048 4
-104.000   26.000 -0.10557 7
-104.000   27.000 -0.08230 3
-104.000   28.000 -0.05295 6
-104.000   29.000 -0.02182 4
-104.000   30.000 -0.00441 6
-104.000   31.000 -0.00187 3
-104.000   32.000 -0.01504 5
-104.000   33.000 -0.05038 4
-104.000   34.000 -0.07140 6
-104.000   35.000 -0.08527 4
-104.000   36.000 -0.07378 5
-104.000   37.000 -0.06968 3
-104.000   38.000 -0.03601 4
-104.000   39.000 -0.00504 2
-104.000   40.000  0.02781 3
-104.000   41.000  0.02595 1
-104.000   42.000  0.03286 1
-104.000   43.000  0.03347 0
-104.000   44.000  0.01674 0
-104.000   45.000  0.00000 0
-104.000   46.000  0.00000 0
-104.000   47.000  0.00000 0
-104.000   48.000  0.00000 0
-104.000   49.000  0.00000 0
-104.000   50.000  0.00000 0
-103.000   25.000 -0.11291 7
-103.000   26.000 -0.09798 13
-103.000   27.000 -0.07206 6
-103.000   28.000 -0.04244 12
-103.000   29.000 -0.01053 8
-103.000   30.000  0.00687 12
-103.000   31.000  0.00789 6
-103.000   32.000 -0.00710 9
-103.000   33.000 -0.04264 7
-103.000   34.000 -0.06244 10
-103.000   35.000 -0.07457 7
-103.000   36.000 -0.06575 9
-103.000   37.000 -0.07196 6
-103.000   38.000 -0.04879 9
-103.000   39.000 -0.02609 5
-103.000   40.000 -0.00068 6
-103.000   41.000  0.00012 1
-103.000   42.000  0.01499 1
-103.000   43.000  0.02400 0
-103.000   44.000  0.01200 0
-103.000   45.000  0.00000 0
-103.000   46.000  0.00000 0
-103.000   47.000  0.00000 0
-103.000   48.000  0.00000 0
-103.000   49.000  0.00000 0
-103.000   50.000  0.00000 0
-102.000   25.000 -0.10484 3
-102.000   26.000 -0.09127 6
-102.000   27.000 -0.06408 3
-102.000   28.000 -0.03577 6
-102.000   29.000 -0.00351 4
-102.000   30.000  0.01578 6
-102.000   31.000  0.01737 3
-102.000   32.000  0.00198 4
-102.000   33.000 -0.03360 3
-102.000   34.000 -0.05382 4
-102.000   35.000 -0.06713 3
-102.000   36.000 -0.06461 4
-102.000   37.000 -0.08614 3
-102.000   38.000 -0.07983 5
-102.000   39.000 -0.06313 3
-102.000   40.000 -0.04241 3
-102.000   41.000 -0.03641 0
-102.000   42.000 -0.00843 0
-102.000   43.000  0.01541 0
-102.000   44.000  0.00770 0
-102.000   45.000  0.00000 0
-102.000   46.000  0.00000 0
-102.000   47.000  0.00000 0
-102.000   48.000  0.00000 0
-102.000   49.000  0.00000 0
-102.000   50.000  0.00000 0
-101.000   25.000 -0.09445 6
-101.000   26.000 -0.08318 11
-101.000   27.000 -0.05782 5
-101.000   28.000 -0.03227 10
-101.000   29.000 -0.00222 7
-101.000   30.000  0.01676 11
-101.000   31.000  0.01997 6
-101.000   32.000  0.00705 8
-101.000   33.000 -0.02527 6
-101.000   34.000 -0.04277 8
-101.000   35.000 -0.05450 6
-101.000   36.000 -0.05720 7
-101.000   37.000 -0.08991 5
-101.000   38.000 -0.09883 7
-101.000   39.000 -0.08869 4
-101.000   40.000 -0.07433 4
-101.000   41.000 -0.06497 0
-101.000   42.000 -0.02807 0
-101.000   43.000  0.00770 0
-101.000   44.000  0.00385 0
-101.000   45.000  0.00000 0
-101.000   46.000  0.00000 0
-101.000   47.000  0.00000 0
-101.000   48.000  0.00000 0
-101.000   49.000  0.00000 0
-101.000   50.000  0.00000 0
-100.000   25.000 -0.08941 3
-100.000   26.000 -0.07965 5
-100.000   27.000 -0.06029 2
-100.000   28.000 -0.03829 4
-100.000   29.000 -0.01378 3
-100.000   30.000  0.00268 5
-100.000   31.000  0.00860 3
-100.000   32.000  0.00494 4
-100.000   33.000 -0.01306 3
-100.000   34.000 -0.01983 4
-100.000   35.000 -0.02326 3
-100.000   36.000 -0.03283 3
-100.000   37.000 -0.08085 2
-100.000   38.000 -0.11277 2
-100.000   39.000 -0.11303 1
-100.000   40.000 -0.11023 1
-100.000   41.000 -0.09650 0
-100.000   42.000 -0.04825 0
-100.000   43.000  0.00000 0
-100.000   44.000  0.00000 0
-100.000   45.000  0.00000 0
-100.000   46.000  0.00000 0
-100.000   47.000  0.00000 0
-100.000   48.000  0.00000 0
-100.000   49.000  0.00000 0
-100.000   50.000  0.00000 0
 -99.000   25.000 -0.09141 5
 -99.000   26.000 -0.08152 10
 -99.000   27.000 -0.06467 5
 -99.000   28.000 -0.04327 8
 -99.000   29.000 -0.02211 4
 -99.000   30.000 -0.00616 7
 -99.000   31.000  0.00353 4
 -99.000   32.000  0.00760 6
 -99.000   33.000  0.00336 4
 -99.000   34.000  0.00668 6
 -99.000   35.000  0.01002 4
 -99.000   36.000 -0.00505 5
 -99.000   37.000 -0.07079 3
 -99.000   38.000 -0.12706 4
 -99.000   39.000 -0.13383 2
 -99.000   40.000 -0.13800 2
 -99.000   41.000 -0.12227 0
 -99.000   42.000 -0.06113 0
 -99.000   43.000  0.00000 0
 -99.000   44.000  0.00000 0
 -99.000   45.000  0.00000 0
 -99.000   46.000  0.00000 0
 -99.000   47.000  0.00000 0
 -99.000   48.000  0.00000 0
 -99.000   49.000  0.00000 0
 -99.000   50.000  0.00000 0
 -98.000   25.000 -0.09729 2
 -98.000   26.000 -0.08500 5
 -98.000   27.000 -0.06905 3
 -98.000   28.000 -0.04726 4
 -98.000   29.000 -0.02842 1
 -98.000   30.000 -0.01124 2
 -98.000   31.000  0.00210 1
 -98.000   32.000  0.01282 2
 -98.000   33.000  0.02094 1
 -98.000   34.000  0.03483 2
 -98.000   35.000  0.04557 1
 -98.000   36.000  0.03253 2
 -98.000   37.000 -0.03376 1
 -98.000   38.000 -0.09651 2
 -98.000   39.000 -0.11034 1
 -98.000   40.000 -0.12256 1
 -98.000   41.000 -0.11323 0
 -98.000   42.000 -0.05661 0
 -98.000   43.000  0.00000 0
 -98.000   44.000  0.00000 0
 -98.000   45.000  0.00000 0
 -98.000   46.000  0.00000 0
 -98.000   47.000  0.00000 0
 -98.000   48.000  0.00000 0
 -98.000   49.000  0.00000 0
 -98.000   50.000  0.00000 0
 -97.000   25.000 -0.09921 3
 -97.000   26.000 -0.08463 7
 -97.000   27.000 -0.07043 4
 -97.000   28.000 -0.04701 7
 -97.000   29.000 -0.02878 3
 -97.000   30.000 -0.01153 5
 -97.000   31.000  0.00452 2
 -97.000   32.000  0.02123 4
 -97.000   33.000  0.03990 2
 -97.000   34.000  0.06218 4
 -97.000   35.000  0.08070 2
 -97.000   36.000  0.07404 4
 -97.000   37.000  0.01743 2
 -97.000   38.000 -0.04129 3
 -97.000   39.000 -0.06240 1
 -97.000   40.000 -0.08402 1
 -97.000   41.000 -0.08525 0
 -97.000   42.000 -0.04263 0
 -97.000   43.000  0.00000 0
 -97.000   44.000  0.00000 0
 -97.000   45.000  0.00000 0
 -97.000   46.000  0.00000 0
 -97.000   47.000  0.00000 0
 -97.000   48.000  0.00000 0
 -97.000   49.000  0.00000 0
 -97.000   50.000  0.00000 0
 -96.000   25.000 -0.10094 1
 -96.000   26.000 -0.08418 2
 -96.000   27.000 -0.07011 1
 -96.000   28.000 -0.04398 3
 -96.000   29.000 -0.02368 2
 -96.000   30.000 -0.00364 3
 -96.000   31.000  0.01501 1
 -96.000   32.000  0.03515 2
 -96.000   33.000  0.05970 1
 -96.000   34.000  0.08445 2
 -96.000   35.000  0.10054 1
 -96.000   36.000  0.09454 2
 -96.000   37.000  0.04867 1
 -96.000   38.000 -0.00351 1
 -96.000   39.000 -0.02882 0
 -96.000   40.000 -0.05113 0
 -96.000   41.000 -0.05701 0
 -96.000   42.000 -0.02851 0
 -96.000   43.000  0.00000 0
 -96.000   44.000  0.00000 0
 -96.000   45.000  0.00000 0
 -96.000   46.000  0.00000 0
 -96.000   47.000  0.00000 0
 -96.000   48.000  0.00000 0
 -96.000   49.000  0.00000 0
 -96.000   50.000  0.00000 0
 -95.000   25.000 -0.10050 3
 -95.000   26.000 -0.08176 6
 -95.000   27.000 -0.06346 3
 -95.000   28.000 -0.03342 7
 -95.000   29.000 -0.00704 4
 -95.000   30.000  0.01799 7
 -95.000   31.000  0.03761 3
 -95.000   32.000  0.05294 6
 -95.000   33.000  0.06858 3
 -95.000   34.000  0.07941 5
 -95.000   35.000  0.07481 2
 -95.000   36.000  0.05953 3
 -95.000   37.000  0.02800 1
 -95.000   38.000 -0.00627 1
 -95.000   39.000 -0.02344 0
 -95.000   40.000 -0.02927 0
 -95.000   41.000 -0.02851 0
 -95.000   42.000 -0.01425 0
 -95.000   43.000  0.00000 0
 -95.000   44.000  0.00000 0
 -95.000   45.000  0.00000 0
 -95.000   46.000  0.00000 0
 -95.000   47.000  0.00000 0
 -95.000   48.000  0.00000 0
 -95.000   49.000  0.00000 0
 -95.000   50.000  0.00000 0
 -94.000   25.000 -0.09685 2
 -94.000   26.000 -0.07689 4
 -94.000   27.000 -0.05756 2
 -94.000   28.000 -0.02574 4
 -94.000   29.000  0.00535 2
 -94.000   30.000  0.03318 4
 -94.000   31.000  0.05192 2
 -94.000   32.000  0.06250 4
 -94.000   33.000  0.06620 2
 -94.000   34.000  0.05941 3
 -94.000   35.000  0.03525 1
 -94.000   36.000  0.00911 1
 -94.000   37.000 -0.00541 0
 -94.000   38.000 -0.01694 0
 -94.000   39.000 -0.02157 0
 -94.000   40.000 -0.01078 0
 -94.000   41.000  0.00000 0
 -94.000   42.000  0.00000 0
 -94.000   43.000  0.00000 0
 -94.000   44.000  0.00000 0
 -94.000   45.000  0.00000 0
 -94.000   46.000  0.00000 0
 -94.000   47.000  0.00000 0
 -94.000   48.000  0.00000 0
 -94.000   49.000  0.00000 0
 -94.000   50.000  0.00000 0
 -93.000   25.000 -0.08574 4
 -93.000   26.000 -0.06746 7
 -93.000   27.000 -0.04987 3
 -93.000   28.000 -0.01790 7
 -93.000   29.000  0.01499 4
 -93.000   30.000  0.04156 8
 -93.000   31.000  0.05859 4
 -93.000   32.000  0.06597 8
 -93.000   33.000  0.05880 4
 -93.000   34.000  0.03527 6
 -93.000   35.000 -0.00718 2
 -93.000   36.000 -0.04924 3
 -93.000   37.000 -0.06070 1
 -93.000   38.000 -0.06330 1
 -93.000   39.000 -0.05508 0
 -93.000   40.000 -0.02754 0
 -93.000   41.000  0.00000 0
 -93.000   42.000  0.00000 0
 -93.000   43.000  0.00000 0
 -93.000   44.000  0.00000 0
 -93.000   45.000  0.00000 0
 -93.000   46.000  0.00000 0
 -93.000   47.000  0.00000 0
 -93.000   48.000  0.00000 0
 -93.000   49.000  0.00000 0
 -93.000   50.000  0.00000 0
 -92.000   25.000 -0.07288 2
 -92.000   26.000 -0.05721 3
 -92.000   27.000 -0.04245 1
 -92.000   28.000 -0.01300 3
 -92.000   29.000  0.01777 2
 -92.000   30.000  0.04159 4
 -92.000   31.000  0.05676 2
 -92.000   32.000  0.06285 4
 -92.000   33.000  0.05035 2
 -92.000   34.000  0.02117 3
 -92.000   35.000 -0.02649 1
 -92.000   36.000 -0.07283 2
 -92.000   37.000 -0.08224 1
 -92.000   38.000 -0.07987 1
 -92.000   39.000 -0.06644 0
 -92.000   40.000 -0.03322 0
 -92.000   41.000  0.00000 0
 -92.000   42.000  0.00000 0
 -92.000   43.000  0.00000 0
 -92.000   44.000  0.00000 0
 -92.000   45.000  0.00000 0
 -92.000   46.000  0.00000 0
 -92.000   47.000  0.00000 0
 -92.000   48.000  0.00000 0
 -92.000   49.000  0.00000 0
 -92.000   50.000  0.00000 0
 -91.000   25.000 -0.05893 3
 -91.000   26.000 -0.04586 5
 -91.000   27.000 -0.03395 2
 -91.000   28.000 -0.00866 5
 -91.000   29.000  0.01826 3
 -91.000   30.000  0.03819 7
 -91.000   31.000  0.04991 4
 -91.000   32.000  0.05337 8
 -91.000   33.000  0.03660 4
 -91.000   34.000  0.00360 5
 -91.000   35.000 -0.04217 1
 -91.000   36.000 -0.08578 2
 -91.000   37.000 -0.09198 1
 -91.000   38.000 -0.08474 1
 -91.000   39.000 -0.06644 0
 -91.000   40.000 -0.03322 0
 -91.000   41.000  0.00000 0
 -91.000   42.000  0.00000 0
 -91.000   43.000  0.00000 0
 -91.000   44.000  0.00000 0
 -91.000   45.000  0.00000 0
 -91.000   46.000  0.00000 0
 -91.000   47.000  0.00000 0
 -91.000   48.000  0.00000 0
 -91.000   49.000  0.00000 0
 -91.000   50.000  0.00000 0
 -90.000   25.000 -0.04387 1
 -90.000   26.000 -0.03377 2
 -90.000   27.000 -0.02473 1
 -90.000   28.000 -0.00393 2
 -90.000   29.000  0.01880 1
 -90.000   30.000  0.03365 3
 -90.000   31.000  0.04005 2
 -90.000   32.000  0.04010 4
 -90.000   33.000  0.02358 2
 -90.000   34.000 -0.00499 2
 -90.000   35.000 -0.03679 0
 -90.000   36.000 -0.06464 0
 -90.000   37.000 -0.06698 0
 -90.000   38.000 -0.05924 0
 -90.000   39.000 -0.04429 0
 -90.000   40.000 -0.02215 0
 -90.000   41.000  0.00000 0
 -90.000   42.000  0.00000 0
 -90.000   43.000  0.00000 0
 -90.000   44.000  0.00000 0
 -90.000   45.000  0.00000 0
 -90.000   46.000  0.00000 0
 -90.000   47.000  0.00000 0
 -90.000   48.000  0.00000 0
 -90.000   49.000  0.00000 0
 -90.000   50.000  0.00000 0
 -89.000   25.000 -0.02917 2
 -89.000   26.000 -0.02242 4
 -89.000   27.000 -0.01607 2
 -89.000   28.000  0.00005 4
 -89.000   29.000  0.01861 2
 -89.000   30.000  0.02879 5
 -89.000   31.000  0.03067 3
 -89.000   32.000  0.02904 6
 -89.000   33.000  0.01741 3
 -89.000   34.000 -0.00264 3
 -89.000   35.000 -0.02073 0
 -89.000   36.000 -0.03326 0
 -89.000   37.000 -0.03349 0
 -89.000   38.000 -0.02962 0
 -89.000   39.000 -0.02215 0
 -89.000   40.000 -0.01107 0
 -89.000   41.000  0.00000 0
 -89.000   42.000  0.00000 0
 -89.000   43.000  0.00000 0
 -89.000   44.000  0.00000 0
 -89.000   45.000  0.00000 0
 -89.000   46.000  0.00000 0
 -89.000   47.000  0.00000 0
 -89.000   48.000  0.00000 0
 -89.000   49.000  0.00000 0
 -89.000   50.000  0.00000 0
 -88.000   25.000 -0.01682 1
 -88.000   26.000 -0.01238 2
 -88.000   27.000 -0.00786 1
 -88.000   28.000  0.00383 2
 -88.000   29.000  0.01686 1
 -88.000   30.000  0.02295 2
 -88.000   31.000  0.02198 1
 -88.000   32.000  0.01916 2
 -88.000   33.000  0.01252 1
 -88.000   34.000  0.00288 1
 -88.000   35.000 -0.00155 0
 -88.000   36.000 -0.00078 0
 -88.000   37.000  0.00000 0
 -88.000   38.000  0.00000 0
 -88.000   39.000  0.00000 0
 -88.000   40.000  0.00000 0
 -88.000   41.000  0.00000 0
 -88.000   42.000  0.00000 0
 -88.000   43.000  0.00000 0
 -88.000   44.000  0.00000 0
 -88.000   45.000  0.00000 0
 -88.000   46.000  0.00000 0
 -88.000   47.000  0.00000 0
 -88.000   48.000  0.00000 0
 -88.000   49.000  0.00000 0
 -88.000   50.000  0.00000 0
 -87.000   25.000 -0.00960 3
 -87.000   26.000 -0.00613 5
 -87.000   27.000 -0.00187 2
 -87.000   28.000  0.00689 4
 -87.000   29.000  0.01601 2
 -87.000   30.000  0.01924 3
 -87.000   31.000  0.01569 1
 -87.000   32.000  0.00996 2
 -87.000   33.000  0.00405 1
 -87.000   34.000 -0.00314 1
 -87.000   35.000 -0.00539 0
 -87.000   36.000 -0.00269 0
 -87.000   37.000  0.00000 0
 -87.000   38.000  0.00000 0
 -87.000   39.000  0.00000 0
 -87.000   40.000  0.00000 0
 -87.000   41.000  0.00000 0
 -87.000   42.000  0.00000 0
 -87.000   43.000  0.00000 0
 -87.000   44.000  0.00000 0
 -87.000   45.000  0.00000 0
 -87.000   46.000  0.00000 0
 -87.000   47.000  0.00000 0
 -87.000   48.000  0.00000 0
 -87.000   49.000  0.00000 0
 -87.000   50.000  0.00000 0
 -86.000   25.000 -0.00532 2
 -86.000   26.000 -0.00312 3
 -86.000   27.000  0.00037 1
 -86.000   28.000  0.00610 2
 -86.000   29.000  0.01190 1
 -86.000   30.000  0.01338 1
 -86.000   31.000  0.00929 0
 -86.000   32.000  0.00302 0
 -86.000   33.000 -0.00137 0
 -86.000   34.000 -0.00613 0
 -86.000   35.000 -0.00681 0
 -86.000   36.000 -0.00341 0
 -86.000   37.000  0.00000 0
 -86.000   38.000  0.00000 0
 -86.000   39.000  0.00000 0
 -86.000   40.000  0.00000 0
 -86.000   41.000  0.00000 0
 -86.000   42.000  0.00000 0
 -86.000   43.000  0.00000 0
 -86.000   44.000  0.00000 0
 -86.000   45.000  0.00000 0
 -86.000   46.000  0.00000 0
 -86.000   47.000  0.00000 0
 -86.000   48.000  0.00000 0
 -86.000   49.000  0.00000 0
 -86.000   50.000  0.00000 0
 -85.000   25.000 -0.00065 4
 -85.000   26.000  0.00151 6
 -85.000   27.000  0.00360 2
 -85.000   28.000  0.00716 3
 -85.000   29.000  0.00978 1
 -85.000   30.000  0.00967 1
 -85.000   31.000  0.00637 0
 -85.000   32.000  0.00228 0
 -85.000   33.000 -0.00069 0
 -85.000   34.000 -0.00307 0
 -85.000   35.000 -0.00341 0
 -85.000   36.000 -0.00170 0
 -85.000   37.000  0.00000 0
 -85.000   38.000  0.00000 0
 -85.000   39.000  0.00000 0
 -85.000   40.000  0.00000 0
 -85.000   41.000  0.00000 0
 -85.000   42.000  0.00000 0
 -85.000   43.000  0.00000 0
 -85.000   44.000  0.00000 0
 -85.000   45.000  0.00000 0
 -85.000   46.000  0.00000 0
 -85.000   47.000  0.00000 0
 -85.000   48.000  0.00000 0
 -85.000   49.000  0.00000 0
 -85.000   50.000  0.00000 0
 -84.000   25.000  0.00554 2
 -84.000   26.000  0.00882 3
 -84.000   27.000  0.00878 1
 -84.000   28.000  0.01088 1
 -84.000   29.000  0.01015 0
 -84.000   30.000  0.00718 0
 -84.000   31.000  0.00344 0
 -84.000   32.000  0.00172 0
 -84.000   33.000  0.00000 0
 -84.000   34.000  0.00000 0
 -84.000   35.000  0.00000 0
 -84.000   36.000  0.00000 0
 -84.000   37.000  0.00000 0
 -84.000   38.000  0.00000 0
 -84.000   39.000  0.00000 0
 -84.000   40.000  0.00000 0
 -84.000   41.000  0.00000 0
 -84.000   42.000  0.00000 0
 -84.000   43.000  0.00000 0
 -84.000   44.000  0.00000 0
 -84.000   45.000  0.00000 0
 -84.000   46.000  0.00000 0
 -84.000   47.000  0.00000 0
 -84.000   48.000  0.00000 0
 -84.000   49.000  0.00000 0
 -84.000   50.000  0.00000 0
 -83.000   25.000  0.01237 4
 -83.000   26.000  0.01642 6
 -83.000   27.000  0.01400 2
 -83.000   28.000  0.01461 2
 -83.000   29.000  0.01281 0
 -83.000   30.000  0.00744 0
 -83.000   31.000  0.00172 0
 -83.000   32.000  0.00086 0
 -83.000   33.000  0.00000 0
 -83.000   34.000  0.00000 0
 -83.000   35.000  0.00000 0
 -83.000   36.000  0.00000 0
 -83.000   37.000  0.00000 0
 -83.000   38.000  0.00000 0
 -83.000   39.000  0.00000 0
 -83.000   40.000  0.00000 0
 -83.000   41.000  0.00000 0
 -83.000   42.000  0.00000 0
 -83.000   43.000  0.00000 0
 -83.000   44.000  0.00000 0
 -83.000   45.000  0.00000 0
 -83.000   46.000  0.00000 0
 -83.000   47.000  0.00000 0
 -83.000   48.000  0.00000 0
 -83.000   49.000  0.00000 0
 -83.000   50.000  0.00000 0
 -82.000   25.000  0.01900 2
 -82.000   26.000  0.02117 3
 -82.000   27.000  0.01694 1
 -82.000   28.000  0.01480 1
 -82.000   29.000  0.01108 0
 -82.000   30.000  0.00554 0
 -82.000   31.000  0.00000 0
 -82.000   32.000  0.00000 0
 -82.000   33.000  0.00000 0
 -82.000   34.000  0.00000 0
 -82.000   35.000  0.00000 0
 -82.000   36.000  0.00000 0
 -82.000   37.000  0.00000 0
 -82.000   38.000  0.00000 0
 -82.000   39.000  0.00000 0
 -82.000   40.000  0.00000 0
 -82.000   41.000  0.00000 0
 -82.000   42.000  0.00000 0
 -82.000   43.000  0.00000 0
 -82.000   44.000  0.00000 0
 -82.000   45.000  0.00000 0
 -82.000   46.000  0.00000 0
 -82.000   47.000  0.00000 0
 -82.000   48.000  0.00000 0
 -82.000   49.000  0.00000 0
 -82.000   50.000  0.00000 0
 -81.000   25.000  0.02595 3
 -81.000   26.000  0.02682 4
 -81.000   27.000  0.02145 1
 -81.000   28.000  0.01745 1
 -81.000   29.000  0.01176 0
 -81.000   30.000  0.00588 0
 -81.000   31.000  0.00000 0
 -81.000   32.000  0.00000 0
 -81.000   33.000  0.00000 0
 -81.000   34.000  0.00000 0
 -81.000   35.000  0.00000 0
 -81.000   36.000  0.00000 0
 -81.000   37.000  0.00000 0
 -81.000   38.000  0.00000 0
 -81.000   39.000  0.00000 0
 -81.000   40.000  0.00000 0
 -81.000   41.000  0.00000 0
 -81.000   42.000  0.00000 0
 -81.000   43.000  0.00000 0
 -81.000   44.000  0.00000 0
 -81.000   45.000  0.00000 0
 -81.000   46.000  0.00000 0
 -81.000   47.000  0.00000 0
 -81.000   48.000  0.00000 0
 -81.000   49.000  0.00000 0
 -81.000   50.000  0.00000 0
 -80.000   25.000  0.02385 1
 -80.000   26.000  0.02394 1
 -80.000   27.000  0.01915 0
 -80.000   28.000  0.01508 0
 -80.000   29.000  0.00968 0
 -80.000   30.000  0.00484 0
 -80.000   31.000  0.00000 0
 -80.000   32.000  0.00000 0
 -80.000   33.000  0.00000 0
 -80.000   34.000  0.00000 0
 -80.000   35.000  0.00000 0
 -80.000   36.000  0.00000 0
 -80.000   37.000  0.00000 0
 -80.000   38.000  0.00000 0
 -80.000   39.000  0.00000 0
 -80.000   40.000  0.00000 0
 -80.000   41.000  0.00000 0
 -80.000   42.000  0.00000 0
 -80.000   43.000  0.00000 0
 -80.000   44.000  0.00000 0
 -80.000   45.000  0.00000 0
 -80.000   46.000  0.00000 0
 -80.000   47.000  0.00000 0
 -80.000   48.000  0.00000 0
 -80.000   49.000  0.00000 0
 -80.000   50.000  0.00000 0
 -79.000   25.000  0.01877 1
 -79.000   26.000  0.01710 1
 -79.000   27.000  0.01368 0
 -79.000   28.000  0.00950 0
 -79.000   29.000  0.00484 0
 -79.000   30.000  0.00242 0
 -79.000   31.000  0.00000 0
 -79.000   32.000  0.00000 0
 -79.000   33.000  0.00000 0
 -79.000   34.000  0.00000 0
 -79.000   35.000  0.00000 0
 -79.000   36.000  0.00000 0
 -79.000   37.000  0.00000 0
 -79.000   38.000  0.00000 0
 -79.000   39.000  0.00000 0
 -79.000   40.000  0.00000 0
 -79.000   41.000  0.00000 0
 -79.000   42.000  0.00000 0
 -79.000   43.000  0.00000 0
 -79.000   44.000  0.00000 0
 -79.000   45.000  0.00000 0
 -79.000   46.000  0.00049 0
 -79.000   47.000  0.00097 0
 -79.000   48.000  0.00103 0
 -79.000   49.000  0.00129 0
 -79.000   50.000  0.00172 0
 -78.000   25.000  0.01216 0
 -78.000   26.000  0.00912 0
 -78.000   27.000  0.00729 0
 -78.000   28.000  0.00365 0
 -78.000   29.000  0.00000 0
 -78.000   30.000  0.00000 0
 -78.000   31.000  0.00000 0
 -78.000   32.000  0.00000 0
 -78.000   33.000  0.00000 0
 -78.000   34.000  0.00000 0
 -78.000   35.000  0.00000 0
 -78.000   36.000  0.00000 0
 -78.000   37.000  0.00000 0
 -78.000   38.000  0.00000 0
 -78.000   39.000  0.00000 0
 -78.000   40.000  0.00000 0
 -78.000   41.000  0.00000 0
 -78.000   42.000  0.00000 0
 -78.000   43.000  0.00000 0
 -78.000   44.000  0.00000 0
 -78.000   45.000  0.00000 0
 -78.000   46.000  0.00097 0
 -78.000   47.000  0.00195 0
 -78.000   48.000  0.00206 0
 -78.000   49.000  0.00258 0
 -78.000   50.000  0.00344 0
 -77.000   25.000  0.00608 0
 -77.000   26.000  0.00456 0
 -77.000   27.000  0.00365 0
 -77.000   28.000  0.00182 0
 -77.000   29.000  0.00000 0
 -77.000   30.000  0.00000 0
 -77.000   31.000  0.00000 0
 -77.000   32.000  0.00000 0
 -77.000   33.000  0.00000 0
 -77.000   34.000  0.00000 0
 -77.000   35.000  0.00000 0
 -77.000   36.000  0.00000 0
 -77.000   37.000  0.00000 0
 -77.000   38.000  0.00000 0
 -77.000   39.000  0.00000 0
 -77.000   40.000 -0.00064 0
 -77.000   41.000 -0.00128 0
 -77.000   42.000 -0.00193 0
 -77.000   43.000 -0.00193 0
 -77.000   44.000 -0.00193 0
 -77.000   45.000 -0.00128 0
 -77.000   46.000  0.00082 0
 -77.000   47.000  0.00292 0
 -77.000   48.000  0.00223 1
 -77.000   49.000  0.00278 1
 -77.000   50.000  0.00371 2
 -76.000   25.000  0.00000 0
 -76.000   26.000  0.00000 0
 -76.000   27.000  0.00000 0
 -76.000   28.000  0.00000 0
 -76.000   29.000  0.00000 0
 -76.000   30.000  0.00000 0
 -76.000   31.000  0.00000 0
 -76.000   32.000  0.00000 0
 -76.000   33.000  0.00000 0
 -76.000   34.000  0.00000 0
 -76.000   35.000  0.00000 0
 -76.000   36.000  0.00000 0
 -76.000   37.000  0.00000 0
 -76.000   38.000  0.00000 0
 -76.000   39.000  0.00000 0
 -76.000   40.000 -0.00128 0
 -76.000   41.000 -0.00257 0
 -76.000   42.000 -0.00385 0
 -76.000   43.000 -0.00385 0
 -76.000   44.000 -0.00385 0
 -76.000   45.000 -0.00257 0
 -76.000   46.000  0.00018 0
 -76.000   47.000  0.00292 0
 -76.000   48.000 -0.00033 1
 -76.000   49.000 -0.00041 1
 -76.000   50.000 -0.00054 2
 -75.000   25.000 -0.00949 0
 -75.000   26.000 -0.00712 0
 -75.000   27.000 -0.00569 0
 -75.000   28.000 -0.00285 0
 -75.000   29.000  0.00000 0
 -75.000   30.000  0.00000 0
 -75.000   31.000  0.00000 0
 -75.000   32.000  0.00000 0
 -75.000   33.000  0.00000 0
 -75.000   34.000  0.00027 0
 -75.000   35.000  0.00053 0
 -75.000   36.000  0.00080 0
 -75.000   37.000  0.00080 0
 -75.000   38.000  0.00080 0
 -75.000   39.000  0.00053 0
 -75.000   40.000 -0.00166 0
 -75.000   41.000 -0.00385 0
 -75.000   42.000 -0.00578 1
 -75.000   43.000 -0.00578 1
 -75.000   44.000 -0.00578 1
 -75.000   45.000 -0.00385 0
 -75.000   46.000 -0.00486 0
 -75.000   47.000 -0.00587 0
 -75.000   48.000 -0.01259 1
 -75.000   49.000 -0.01574 1
 -75.000   50.000 -0.02098 3
 -74.000   25.000 -0.01898 0
 -74.000   26.000 -0.01424 0
 -74.000   27.000 -0.01139 0
 -74.000   28.000 -0.00569 0
 -74.000   29.000  0.00000 0
 -74.000   30.000  0.00000 0
 -74.000   31.000  0.00000 0
 -74.000   32.000  0.00000 0
 -74.000   33.000  0.00000 0
 -74.000   34.000  0.00053 0
 -74.000   35.000  0.00106 0
 -74.000   36.000  0.00160 0
 -74.000   37.000  0.00160 0
 -74.000   38.000  0.00160 0
 -74.000   39.000  0.00106 0
 -74.000   40.000 -0.00139 0
 -74.000   41.000 -0.00385 0
 -74.000   42.000 -0.00578 1
 -74.000   43.000 -0.00578 1
 -74.000   44.000 -0.00578 1
 -74.000   45.000 -0.00385 0
 -74.000   46.000 -0.00974 0
 -74.000   47.000 -0.01563 0
 -74.000   48.000 -0.02681 0
 -74.000   49.000 -0.03351 0
 -74.000   50.000 -0.04468 1
 -73.000   25.000 -0.03230 1
 -73.000   26.000 -0.02709 1
 -73.000   27.000 -0.02167 0
 -73.000   28.000 -0.01299 0
 -73.000   29.000 -0.00459 0
 -73.000   30.000 -0.00229 0
 -73.000   31.000  0.00000 0
 -73.000   32.000  0.00000 0
 -73.000   33.000  0.00000 0
 -73.000   34.000  0.00080 0
 -73.000   35.000  0.00160 0
 -73.000   36.000  0.00239 1
 -73.000   37.000  0.00239 1
 -73.000   38.000  0.00239 1
 -73.000   39.000  0.00160 0
 -73.000   40.000 -0.00113 0
 -73.000   41.000 -0.00385 0
 -73.000   42.000 -0.00578 1
 -73.000   43.000 -0.00578 1
 -73.000   44.000 -0.00603 1
 -73.000   45.000 -0.00435 0
 -73.000   46.000 -0.01383 0
 -73.000   47.000 -0.02474 0
 -73.000   48.000 -0.04050 1
 -73.000   49.000 -0.05031 1
 -73.000   50.000 -0.06667 2
 -72.000   25.000 -0.04568 1
 -72.000   26.000 -0.03999 1
 -72.000   27.000 -0.03199 0
 -72.000   28.000 -0.02025 0
 -72.000   29.000 -0.00917 0
 -72.000   30.000 -0.00459 0
 -72.000   31.000  0.00000 0
 -72.000   32.000  0.00000 0
 -72.000   33.000  0.00000 0
 -72.000   34.000  0.00080 0
 -72.000   35.000  0.00160 0
 -72.000   36.000  0.00239 1
 -72.000   37.000  0.00239 1
 -72.000   38.000  0.00239 1
 -72.000   39.000  0.00160 0
 -72.000   40.000 -0.00049 0
 -72.000   41.000 -0.00257 0
 -72.000   42.000 -0.00385 0
 -72.000   43.000 -0.00385 0
 -72.000   44.000 -0.00435 0
 -72.000   45.000 -0.00357 0
 -72.000   46.000 -0.01664 0
 -72.000   47.000 -0.03333 0
 -72.000   48.000 -0.05295 1
 -72.000   49.000 -0.06556 1
 -72.000   50.000 -0.08657 1
 -71.000   25.000 -0.05937 3
 -71.000   26.000 -0.05381 5
 -71.000   27.000 -0.04631 2
 -71.000   28.000 -0.03543 2
 -71.000   29.000 -0.02626 0
 -71.000   30.000 -0.02370 0
 -71.000   31.000 -0.01627 0
 -71.000   32.000 -0.01301 0
 -71.000   33.000 -0.00929 0
 -71.000   34.000 -0.00385 0
 -71.000   35.000  0.00160 0
 -71.000   36.000  0.00239 1
 -71.000   37.000  0.00239 1
 -71.000   38.000  0.00239 1
 -71.000   39.000  0.00160 0
 -71.000   40.000  0.00016 0
 -71.000   41.000 -0.00128 0
 -71.000   42.000 -0.00702 0
 -71.000   43.000 -0.01211 0
 -71.000   44.000 -0.01604 0
 -71.000   45.000 -0.01850 0
 -71.000   46.000 -0.03550 1
 -71.000   47.000 -0.05241 1
 -71.000   48.000 -0.06905 3
 -71.000   49.000 -0.08139 2
 -71.000   50.000 -0.10335 2
 -70.000   25.000 -0.06390 2
 -70.000   26.000 -0.06108 4
 -70.000   27.000 -0.05539 2
 -70.000   28.000 -0.04843 2
 -70.000   29.000 -0.04395 0
 -70.000   30.000 -0.04308 0
 -70.000   31.000 -0.03255 0
 -70.000   32.000 -0.02603 0
 -70.000   33.000 -0.01858 0
 -70.000   34.000 -0.00876 0
 -70.000   35.000  0.00106 0
 -70.000   36.000  0.00160 0
 -70.000   37.000  0.00160 0
 -70.000   38.000  0.00160 0
 -70.000   39.000  0.00106 0
 -70.000   40.000  0.00053 0
 -70.000   41.000  0.00000 0
 -70.000   42.000 -0.01018 0
 -70.000   43.000 -0.02036 0
 -70.000   44.000 -0.02931 0
 -70.000   45.000 -0.03737 0
 -70.000   46.000 -0.05557 1
 -70.000   47.000 -0.06364 1
 -70.000   48.000 -0.07171 2
 -70.000   49.000 -0.07845 1
 -70.000   50.000 -0.09117 1
 -69.000   25.000 -0.06795 4
 -69.000   26.000 -0.06801 8
 -69.000   27.000 -0.06431 4
 -69.000   28.000 -0.06112 6
 -69.000   29.000 -0.06040 2
 -69.000   30.000 -0.06021 3
 -69.000   31.000 -0.04979 1
 -69.000   32.000 -0.04279 1
 -69.000   33.000 -0.03444 0
 -69.000   34.000 -0.02384 0
 -69.000   35.000 -0.01076 0
 -69.000   36.000 -0.00726 0
 -69.000   37.000 -0.00436 0
 -69.000   38.000 -0.00178 0
 -69.000   39.000  0.00053 0
 -69.000   40.000 -0.00386 0
 -69.000   41.000 -0.00826 0
 -69.000   42.000 -0.02288 0
 -69.000   43.000 -0.03766 0
 -69.000   44.000 -0.05133 1
 -69.000   45.000 -0.06022 1
 -69.000   46.000 -0.07485 3
 -69.000   47.000 -0.07408 2
 -69.000   48.000 -0.07316 3
 -69.000   49.000 -0.07436 1
 -69.000   50.000 -0.07745 1
 -68.000   25.000 -0.06770 2
 -68.000   26.000 -0.06886 4
 -68.000   27.000 -0.06848 2
 -68.000   28.000 -0.06910 4
 -68.000   29.000 -0.07160 2
 -68.000   30.000 -0.07410 3
 -68.000   31.000 -0.06608 1
 -68.000   32.000 -0.05850 1
 -68.000   33.000 -0.04942 0
 -68.000   34.000 -0.03854 0
 -68.000   35.000 -0.02257 0
 -68.000   36.000 -0.01612 0
 -68.000   37.000 -0.01032 0
 -68.000   38.000 -0.00516 0
 -68.000   39.000  0.00000 0
 -68.000   40.000 -0.00826 0
 -68.000   41.000 -0.01652 0
 -68.000   42.000 -0.03526 0
 -68.000   43.000 -0.05414 0
 -68.000   44.000 -0.07167 1
 -68.000   45.000 -0.07618 1
 -68.000   46.000 -0.08358 2
 -68.000   47.000 -0.07416 1
 -68.000   48.000 -0.06460 1
 -68.000   49.000 -0.05884 0
 -68.000   50.000 -0.05718 0
 -67.000   25.000 -0.06738 4
 -67.000   26.000 -0.06966 8
 -67.000   27.000 -0.07261 4
 -67.000   28.000 -0.07712 8
 -67.000   29.000 -0.08279 4
 -67.000   30.000 -0.08800 7
 -67.000   31.000 -0.08238 3
 -67.000   32.000 -0.07420 4
 -67.000   33.000 -0.06440 1
 -67.000   34.000 -0.05298 2
 -67.000   35.000 -0.03386 1
 -67.000   36.000 -0.02419 1
 -67.000   37.000 -0.01548 0
 -67.000   38.000 -0.00774 0
 -67.000   39.000  0.00000 0
 -67.000   40.000 -0.01239 0
 -67.000   41.000 -0.02477 0
 -67.000   42.000 -0.04763 1
 -67.000   43.000 -0.07063 1
 -67.000   44.000 -0.09202 3
 -67.000   45.000 -0.09214 2
 -67.000   46.000 -0.09296 3
 -67.000   47.000 -0.07476 1
 -67.000   48.000 -0.05643 1
 -67.000   49.000 -0.04380 0
 -67.000   50.000 -0.03754 0
 -66.000   25.000 -0.06711 2
 -66.000   26.000 -0.06980 4
 -66.000   27.000 -0.07287 2
 -66.000   28.000 -0.07742 4
 -66.000   29.000 -0.08213 2
 -66.000   30.000 -0.08611 4
 -66.000   31.000 -0.08263 2
 -66.000   32.000 -0.07648 3
 -66.000   33.000 -0.06889 1
 -66.000   34.000 -0.06042 2
 -66.000   35.000 -0.04233 1
 -66.000   36.000 -0.03023 1
 -66.000   37.000 -0.01935 0
 -66.000   38.000 -0.00967 0
 -66.000   39.000  0.00000 0
 -66.000   40.000 -0.01548 0
 -66.000   41.000 -0.03097 0
 -66.000   42.000 -0.05318 1
 -66.000   43.000 -0.07556 1
 -66.000   44.000 -0.09801 2
 -66.000   45.000 -0.09491 1
 -66.000   46.000 -0.09182 1
 -66.000   47.000 -0.06961 0
 -66.000   48.000 -0.04722 0
 -66.000   49.000 -0.03097 0
 -66.000   50.000 -0.02065 0
 -65.000   25.000 -0.06612 2
 -65.000   26.000 -0.06908 4
 -65.000   27.000 -0.07253 2
 -65.000   28.000 -0.07681 4
 -65.000   29.000 -0.08003 2
 -65.000   30.000 -0.08251 4
 -65.000   31.000 -0.08305 2
 -65.000   32.000 -0.08029 3
 -65.000   33.000 -0.07636 1
 -65.000   34.000 -0.07283 2
 -65.000   35.000 -0.05644 1
 -65.000   36.000 -0.04031 1
 -65.000   37.000 -0.02580 0
 -65.000   38.000 -0.01290 0
 -65.000   39.000  0.00000 0
 -65.000   40.000 -0.02064 0
 -65.000   41.000 -0.04129 0
 -65.000   42.000 -0.06242 1
 -65.000   43.000 -0.08379 1
 -65.000   44.000 -0.10534 2
 -65.000   45.000 -0.09296 1
 -65.000   46.000 -0.08057 1
 -65.000   47.000 -0.05944 0
 -65.000   48.000 -0.03808 0
 -65.000   49.000 -0.02065 0
 -65.000   50.000 -0.01376 0
