-130.000   25.000  0.01600 8
-130.000   26.000  0.01736 10
-130.000   27.000  0.01732 12
-130.000   28.000  0.01807 11
-130.000   29.000  0.01797 13
-130.000   30.000  0.01764 12
-130.000   31.000  0.01790 12
-130.000   32.000  0.01888 11
-130.000   33.000  0.01991 12
-130.000   34.000  0.01982 12
-130.000   35.000  0.01968 13
-130.000   36.000  0.01828 13
-130.000   37.000  0.01731 14
-130.000   38.000  0.01615 14
-130.000   39.000  0.01591 17
-130.000   40.000  0.01428 17
-130.000   41.000  0.01334 19
-130.000   42.000  0.01238 17
-130.000   43.000  0.01246 16
-130.000   44.000  0.01199 17
-130.000   45.000  0.01217 13
-130.000   46.000  0.01164 16
-130.000   47.000  0.01071 9
-130.000   48.000  0.01020 17
-130.000   49.000  0.00945 11
-130.000   50.000  0.00888 14
-129.000   25.000  0.01667 15
-129.000   26.000  0.01737 16
-129.000   27.000  0.01723 18
-129.000   28.000  0.01743 15
-129.000   29.000  0.01721 17
-129.000   30.000  0.01656 17
-129.000   31.000  0.01696 17
-129.000   32.000  0.01773 18
-129.000   33.000  0.01883 17
-129.000   34.000  0.01865 19
-129.000   35.000  0.01872 17
-129.000   36.000  0.01734 18
-129.000   37.000  0.01635 16
-129.000   38.000  0.01509 18
-129.000   39.000  0.01486 18
-129.000   40.000  0.01335 19
-129.000   41.000  0.01245 18
-129.000   42.000  0.01146 18
-129.000   43.000  0.01134 15
-129.000   44.000  0.01074 20
-129.000   45.000  0.01096 17
-129.000   46.000  0.01084 25
-129.000   47.000  0.01074 17
-129.000   48.000  0.01092 25
-129.000   49.000  0.01066 17
-129.000   50.000  0.01047 19
-128.000   25.000  0.01724 11
-128.000   26.000  0.01769 15
-128.000   27.000  0.01752 17
-128.000   28.000  0.01760 18
-128.000   29.000  0.01747 17
-128.000   30.000  0.01670 17
-128.000   31.000  0.01699 16
-128.000   32.000  0.01752 16
-128.000   33.000  0.01837 15
-128.000   34.000  0.01795 15
-128.000   35.000  0.01784 16
-128.000   36.000  0.01688 16
-128.000   37.000  0.01620 18
-128.000   38.000  0.01548 18
-128.000   39.000  0.01527 22
-128.000   40.000  0.01417 20
-128.000   41.000  0.01302 23
-128.000   42.000  0.01190 19
-128.000   43.000  0.01123 19
-128.000   44.000  0.01080 20
-128.000   45.000  0.01102 17
-128.000   46.000  0.01107 22
-128.000   47.000  0.01101 14
-128.000   48.000  0.01126 24
-128.000   49.000  0.01098 16
-128.000   50.000  0.01056 20
-127.000   25.000  0.01798 19
-127.000   26.000  0.01779 18
-127.000   27.000  0.01724 23
-127.000   28.000  0.01647 18
-127.000   29.000  0.01571 21
-127.000   30.000  0.01421 19
-127.000   31.000  0.01402 20
-127.000   32.000  0.01435 20
-127.000   33.000  0.01532 18
-127.000   34.000  0.01551 19
-127.000   35.000  0.01596 17
-127.000   36.000  0.01570 19
-127.000   37.000  0.01507 18
-127.000   38.000  0.01440 20
-127.000   39.000  0.01376 19
-127.000   40.000  0.01290 19
-127.000   41.000  0.01184 18
-127.000   42.000  0.01105 17
-127.000   43.000  0.01030 14
-127.000   44.000  0.01001 18
-127.000   45.000  0.01033 17
-127.000   46.000  0.01066 26
-127.000   47.000  0.01125 20
-127.000   48.000  0.01202 28
-127.000   49.000  0.01218 20
-127.000   50.000  0.01202 22
-126.000   25.000  0.01740 16
-126.000   26.000  0.01721 15
-126.000   27.000  0.01661 20
-126.000   28.000  0.01591 17
-126.000   29.000  0.01509 20
-126.000   30.000  0.01354 18
-126.000   31.000  0.01293 20
-126.000   32.000  0.01308 18
-126.000   33.000  0.01381 18
-126.000   34.000  0.01437 16
-126.000   35.000  0.01498 18
-126.000   36.000  0.01551 17
-126.000   37.000  0.01514 20
-126.000   38.000  0.01496 18
-126.000   39.000  0.01384 21
-126.000   40.000  0.01343 18
-126.000   41.000  0.01225 22
-126.000   42.000  0.01182 18
-126.000   43.000  0.01079 18
-126.000   44.000  0.01083 18
-126.000   45.000  0.01088 17
-126.000   46.000  0.01094 22
-126.000   47.000  0.01102 15
-126.000   48.000  0.01140 22
-126.000   49.000  0.01132 14
-126.000   50.000  0.01085 18
-125.000   25.000  0.01728 22
-125.000   26.000  0.01718 20
-125.000   27.000  0.01617 26
-125.000   28.000  0.01536 19
-125.000   29.000  0.01377 22
-125.000   30.000  0.01205 18
-125.000   31.000  0.01064 20
-125.000   32.000  0.01099 19
-125.000   33.000  0.01170 18
-125.000   34.000  0.01326 18
-125.000   35.000  0.01419 18
-125.000   36.000  0.01572 20
-125.000   37.000  0.01524 20
-125.000   38.000  0.01493 20
-125.000   39.000  0.01303 18
-125.000   40.000  0.01262 18
-125.000   41.000  0.01137 18
-125.000   42.000  0.01142 18
-125.000   43.000  0.01072 14
-125.000   44.000  0.01069 17
-125.000   45.000  0.01029 16
-125.000   46.000  0.01004 24
-125.000   47.000  0.01025 20
-125.000   48.000  0.01074 27
-125.000   49.000  0.01114 20
-125.000   50.000  0.01161 21
-124.000   25.000  0.01623 18
-124.000   26.000  0.01659 18
-124.000   27.000  0.01547 23
-124.000   28.000  0.01506 19
-124.000   29.000  0.01311 21
-124.000   30.000  0.01161 18
-124.000   31.000  0.00937 22
-124.000   32.000  0.00967 20
-124.000   33.000  0.00985 22
-124.000   34.000  0.01218 18
-124.000   35.000  0.01319 22
-124.000   36.000  0.01575 19
-124.000   37.000  0.01545 23
-124.000   38.000  0.01571 18
-124.000   39.000  0.01330 21
-124.000   40.000  0.01331 17
-124.000   41.000  0.01206 21
-124.000   42.000  0.01270 18
-124.000   43.000  0.01213 18
-124.000   44.000  0.01222 19
-124.000   45.000  0.01146 18
-124.000   46.000  0.01064 22
-124.000   47.000  0.01040 16
-124.000   48.000  0.01035 22
-124.000   49.000  0.01075 15
-124.000   50.000  0.01111 18
-123.000   25.000  0.01579 21
-123.000   26.000  0.01634 22
-123.000   27.000  0.01503 26
-123.000   28.000  0.01468 20
-123.000   29.000  0.01199 22
-123.000   30.000  0.01059 19
-123.000   31.000  0.00773 21
-123.000   32.000  0.00829 21
-123.000   33.000  0.00851 20
-123.000   34.000  0.01212 21
-123.000   35.000  0.01386 21
-123.000   36.000  0.01722 21
-123.000   37.000  0.01676 20
-123.000   38.000  0.01681 18
-123.000   39.000  0.01381 18
-123.000   40.000  0.01354 18
-123.000   41.000  0.01250 18
-123.000   42.000  0.01348 17
-123.000   43.000  0.01331 14
-123.000   44.000  0.01300 18
-123.000   45.000  0.01193 17
-123.000   46.000  0.01067 22
-123.000   47.000  0.01069 20
-123.000   48.000  0.01075 27
-123.000   49.000  0.01159 23
-123.000   50.000  0.01243 21
-122.000   25.000  0.01587 20
-122.000   26.000  0.01601 19
-122.000   27.000  0.01475 24
-122.000   28.000  0.01407 18
-122.000   29.000  0.01105 21
-122.000   30.000  0.00973 19
-122.000   31.000  0.00686 23
-122.000   32.000  0.00732 23
-122.000   33.000  0.00729 24
-122.000   34.000  0.01128 22
-122.000   35.000  0.01312 24
-122.000   36.000  0.01691 19
-122.000   37.000  0.01665 22
-122.000   38.000  0.01754 17
-122.000   39.000  0.01496 22
-122.000   40.000  0.01554 18
-122.000   41.000  0.01491 21
-122.000   42.000  0.01610 17
-122.000   43.000  0.01565 17
-122.000   44.000  0.01477 19
-122.000   45.000  0.01297 19
-122.000   46.000  0.01101 22
-122.000   47.000  0.01075 17
-122.000   48.000  0.01044 21
-122.000   49.000  0.01125 17
-122.000   50.000  0.01178 17
-121.000   25.000  0.01687 21
-121.000   26.000  0.01629 22
-121.000   27.000  0.01493 25
-121.000   28.000  0.01367 20
-121.000   29.000  0.01043 21
-121.000   30.000  0.00932 20
-121.000   31.000  0.00689 21
-121.000   32.000  0.00764 23
-121.000   33.000  0.00774 20
-121.000   34.000  0.01186 22
-121.000   35.000  0.01382 20
-121.000   36.000  0.01792 19
-121.000   37.000  0.01804 17
-121.000   38.000  0.01942 17
-121.000   39.000  0.01742 18
-121.000   40.000  0.01843 18
-121.000   41.000  0.01811 17
-121.000   42.000  0.01894 15
-121.000   43.000  0.01799 13
-121.000   44.000  0.01642 17
-121.000   45.000  0.01424 18
-121.000   46.000  0.01179 21
-121.000   47.000  0.01151 19
-121.000   48.000  0.01121 23
-121.000   49.000  0.01216 23
-121.000   50.000  0.01250 19
-120.000   25.000  0.01801 21
-120.000   26.000  0.01622 20
-120.000   27.000  0.01471 26
-120.000   28.000  0.01231 19
-120.000   29.000  0.00901 23
-120.000   30.000  0.00776 19
-120.000   31.000  0.00617 22
-120.000   32.000  0.00699 22
-120.000   33.000  0.00723 24
-120.000   34.000  0.01080 23
-120.000   35.000  0.01233 24
-120.000   36.000  0.01630 19
-120.000   37.000  0.01683 22
-120.000   38.000  0.01933 18
-120.000   39.000  0.01858 23
-120.000   40.000  0.02090 18
-120.000   41.000  0.02114 19
-120.000   42.000  0.02189 16
-120.000   43.000  0.02032 17
-120.000   44.000  0.01817 20
-120.000   45.000  0.01533 20
-120.000   46.000  0.01218 23
-120.000   47.000  0.01139 18
-120.000   48.000  0.01044 21
-120.000   49.000  0.01114 18
-120.000   50.000  0.01072 17
-119.000   25.000  0.01880 22
-119.000   26.000  0.01625 24
-119.000   27.000  0.01452 27
-119.000   28.000  0.01139 22
-119.000   29.000  0.00809 24
-119.000   30.000  0.00684 21
-119.000   31.000  0.00611 21
-119.000   32.000  0.00738 22
-119.000   33.000  0.00809 21
-119.000   34.000  0.01140 23
-119.000   35.000  0.01282 20
-119.000   36.000  0.01645 20
-119.000   37.000  0.01702 18
-119.000   38.000  0.01979 19
-119.000   39.000  0.01980 19
-119.000   40.000  0.02264 18
-119.000   41.000  0.02329 15
-119.000   42.000  0.02404 15
-119.000   43.000  0.02218 14
-119.000   44.000  0.01982 17
-119.000   45.000  0.01659 17
-119.000   46.000  0.01302 20
-119.000   47.000  0.01157 19
-119.000   48.000  0.01020 22
-119.000   49.000  0.01046 22
-119.000   50.000  0.00955 19
-118.000   25.000  0.01802 22
-118.000   26.000  0.01531 22
-118.000   27.000  0.01369 29
-118.000   28.000  0.01042 22
-118.000   29.000  0.00771 27
-118.000   30.000  0.00653 20
-118.000   31.000  0.00656 24
-118.000   32.000  0.00778 21
-118.000   33.000  0.00858 24
-118.000   34.000  0.01099 23
-118.000   35.000  0.01180 26
-118.000   36.000  0.01459 23
-118.000   37.000  0.01517 24
-118.000   38.000  0.01841 19
-118.000   39.000  0.01948 22
-118.000   40.000  0.02308 18
-118.000   41.000  0.02404 18
-118.000   42.000  0.02497 18
-118.000   43.000  0.02289 18
-118.000   44.000  0.02009 20
-118.000   45.000  0.01634 18
-118.000   46.000  0.01245 21
-118.000   47.000  0.01051 19
-118.000   48.000  0.00846 23
-118.000   49.000  0.00842 20
-118.000   50.000  0.00712 18
-117.000   25.000  0.01609 21
-117.000   26.000  0.01419 24
-117.000   27.000  0.01295 28
-117.000   28.000  0.01054 25
-117.000   29.000  0.00879 26
-117.000   30.000  0.00822 23
-117.000   31.000  0.00870 25
-117.000   32.000  0.00991 24
-117.000   33.000  0.01070 22
-117.000   34.000  0.01233 22
-117.000   35.000  0.01270 22
-117.000   36.000  0.01463 23
-117.000   37.000  0.01505 20
-117.000   38.000  0.01800 21
-117.000   39.000  0.01944 18
-117.000   40.000  0.02281 20
-117.000   41.000  0.02368 15
-117.000   42.000  0.02465 18
-117.000   43.000  0.02258 15
-117.000   44.000  0.01994 17
-117.000   45.000  0.01626 15
-117.000   46.000  0.01267 17
-117.000   47.000  0.01048 17
-117.000   48.000  0.00841 23
-117.000   49.000  0.00805 22
-117.000   50.000  0.00679 20
-116.000   25.000  0.01337 21
-116.000   26.000  0.01223 21
-116.000   27.000  0.01160 29
-116.000   28.000  0.01020 23
-116.000   29.000  0.00956 29
-116.000   30.000  0.00933 22
-116.000   31.000  0.01026 29
-116.000   32.000  0.01113 23
-116.000   33.000  0.01184 25
-116.000   34.000  0.01258 22
-116.000   35.000  0.01258 25
-116.000   36.000  0.01350 23
-116.000   37.000  0.01365 22
-116.000   38.000  0.01633 21
-116.000   39.000  0.01838 21
-116.000   40.000  0.02162 21
-116.000   41.000  0.02251 18
-116.000   42.000  0.02344 20
-116.000   43.000  0.02170 18
-116.000   44.000  0.01885 21
-116.000   45.000  0.01548 18
-116.000   46.000  0.01213 20
-116.000   47.000  0.01034 19
-116.000   48.000  0.00797 27
-116.000   49.000  0.00758 24
-116.000   50.000  0.00611 21
-115.000   25.000  0.01073 21
-115.000   26.000  0.01033 24
-115.000   27.000  0.01041 28
-115.000   28.000  0.00998 25
-115.000   29.000  0.01030 27
-115.000   30.000  0.01048 25
-115.000   31.000  0.01181 27
-115.000   32.000  0.01252 26
-115.000   33.000  0.01336 24
-115.000   34.000  0.01379 24
-115.000   35.000  0.01375 22
-115.000   36.000  0.01388 24
-115.000   37.000  0.01359 20
-115.000   38.000  0.01556 24
-115.000   39.000  0.01770 18
-115.000   40.000  0.02057 23
-115.000   41.000  0.02173 15
-115.000   42.000  0.02276 19
-115.000   43.000  0.02153 14
-115.000   44.000  0.01894 18
-115.000   45.000  0.01613 15
-115.000   46.000  0.01305 18
-115.000   47.000  0.01158 17
-115.000   48.000  0.00933 24
-115.000   49.000  0.00878 22
-115.000   50.000  0.00735 20
-114.000   25.000  0.01011 21
-114.000   26.000  0.00994 21
-114.000   27.000  0.01066 29
-114.000   28.000  0.01080 23
-114.000   29.000  0.01192 30
-114.000   30.000  0.01210 23
-114.000   31.000  0.01370 30
-114.000   32.000  0.01402 24
-114.000   33.000  0.01482 27
-114.000   34.000  0.01505 22
-114.000   35.000  0.01514 23
-114.000   36.000  0.01502 23
-114.000   37.000  0.01455 22
-114.000   38.000  0.01620 24
-114.000   39.000  0.01831 20
-114.000   40.000  0.02059 23
-114.000   41.000  0.02153 18
-114.000   42.000  0.02222 21
-114.000   43.000  0.02127 17
-114.000   44.000  0.01827 21
-114.000   45.000  0.01593 18
-114.000   46.000  0.01285 23
-114.000   47.000  0.01181 22
-114.000   48.000  0.00914 29
-114.000   49.000  0.00872 25
-114.000   50.000  0.00723 21
-113.000   25.000  0.01041 20
-113.000   26.000  0.01039 23
-113.000   27.000  0.01154 28
-113.000   28.000  0.01207 25
-113.000   29.000  0.01383 27
-113.000   30.000  0.01403 25
-113.000   31.000  0.01574 27
-113.000   32.000  0.01582 27
-113.000   33.000  0.01668 27
-113.000   34.000  0.01681 26
-113.000   35.000  0.01698 24
-113.000   36.000  0.01680 26
-113.000   37.000  0.01625 23
-113.000   38.000  0.01726 27
-113.000   39.000  0.01865 18
-113.000   40.000  0.02016 24
-113.000   41.000  0.02091 15
-113.000   42.000  0.02139 21
-113.000   43.000  0.02083 14
-113.000   44.000  0.01824 19
-113.000   45.000  0.01640 15
-113.000   46.000  0.01348 19
-113.000   47.000  0.01253 16
-113.000   48.000  0.00986 21
-113.000   49.000  0.00940 17
-113.000   50.000  0.00832 15
-112.000   25.000  0.01222 20
-112.000   26.000  0.01197 20
-112.000   27.000  0.01318 29
-112.000   28.000  0.01374 23
-112.000   29.000  0.01576 30
-112.000   30.000  0.01571 23
-112.000   31.000  0.01749 29
-112.000   32.000  0.01749 23
-112.000   33.000  0.01852 27
-112.000   34.000  0.01876 22
-112.000   35.000  0.01928 21
-112.000   36.000  0.01951 22
-112.000   37.000  0.01916 21
-112.000   38.000  0.01978 27
-112.000   39.000  0.02050 20
-112.000   40.000  0.02119 25
-112.000   41.000  0.02136 17
-112.000   42.000  0.02117 23
-112.000   43.000  0.02062 18
-112.000   44.000  0.01802 24
-112.000   45.000  0.01659 19
-112.000   46.000  0.01357 23
-112.000   47.000  0.01262 20
-112.000   48.000  0.00940 26
-112.000   49.000  0.00891 22
-112.000   50.000  0.00767 18
-111.000   25.000  0.01168 22
-111.000   26.000  0.01179 23
-111.000   27.000  0.01329 29
-111.000   28.000  0.01439 25
-111.000   29.000  0.01694 29
-111.000   30.000  0.01714 25
-111.000   31.000  0.01908 28
-111.000   32.000  0.01911 27
-111.000   33.000  0.02033 29
-111.000   34.000  0.02063 28
-111.000   35.000  0.02142 25
-111.000   36.000  0.02171 27
-111.000   37.000  0.02138 23
-111.000   38.000  0.02127 30
-111.000   39.000  0.02088 20
-111.000   40.000  0.02056 27
-111.000   41.000  0.01997 15
-111.000   42.000  0.01927 23
-111.000   43.000  0.01853 15
-111.000   44.000  0.01647 22
-111.000   45.000  0.01533 15
-111.000   46.000  0.01292 19
-111.000   47.000  0.01207 14
-111.000   48.000  0.00940 20
-111.000   49.000  0.00899 15
-111.000   50.000  0.00826 13
-110.000   25.000  0.01152 20
-110.000   26.000  0.01194 19
-110.000   27.000  0.01354 28
-110.000   28.000  0.01488 22
-110.000   29.000  0.01759 29
-110.000   30.000  0.01817 21
-110.000   31.000  0.02050 27
-110.000   32.000  0.02098 22
-110.000   33.000  0.02253 25
-110.000   34.000  0.02336 21
-110.000   35.000  0.02472 20
-110.000   36.000  0.02550 22
-110.000   37.000  0.02552 19
-110.000   38.000  0.02543 26
-110.000   39.000  0.02422 19
-110.000   40.000  0.02282 25
-110.000   41.000  0.02074 15
-110.000   42.000  0.01888 22
-110.000   43.000  0.01700 16
-110.000   44.000  0.01469 24
-110.000   45.000  0.01311 18
-110.000   46.000  0.01095 25
-110.000   47.000  0.00986 20
-110.000   48.000  0.00755 27
-110.000   49.000  0.00717 22
-110.000   50.000  0.00674 19
-109.000   25.000  0.01018 24
-109.000   26.000  0.01098 22
-109.000   27.000  0.01271 29
-109.000   28.000  0.01425 23
-109.000   29.000  0.01724 29
-109.000   30.000  0.01848 23
-109.000   31.000  0.02129 28
-109.000   32.000  0.02207 26
-109.000   33.000  0.02386 28
-109.000   34.000  0.02473 27
-109.000   35.000  0.02614 26
-109.000   36.000  0.02667 27
-109.000   37.000  0.02668 21
-109.000   38.000  0.02624 26
-109.000   39.000  0.02436 18
-109.000   40.000  0.02210 26
-109.000   41.000  0.01898 15
-109.000   42.000  0.01631 22
-109.000   43.000  0.01355 13
-109.000   44.000  0.01125 20
-109.000   45.000  0.00948 13
-109.000   46.000  0.00813 19
-109.000   47.000  0.00750 13
-109.000   48.000  0.00645 20
-109.000   49.000  0.00647 14
-109.000   50.000  0.00679 13
-108.000   25.000  0.01159 19
-108.000   26.000  0.01181 16
-108.000   27.000  0.01303 24
-108.000   28.000  0.01363 17
-108.000   29.000  0.01592 24
-108.000   30.000  0.01742 19
-108.000   31.000  0.02077 24
-108.000   32.000  0.02240 21
-108.000   33.000  0.02463 21
-108.000   34.000  0.02627 20
-108.000   35.000  0.02785 19
-108.000   36.000  0.02857 21
-108.000   37.000  0.02848 16
-108.000   38.000  0.02818 21
-108.000   39.000  0.02597 16
-108.000   40.000  0.02336 23
-108.000   41.000  0.01938 14
-108.000   42.000  0.01602 21
-108.000   43.000  0.01237 15
-108.000   44.000  0.00983 23
-108.000   45.000  0.00771 18
-108.000   46.000  0.00619 23
-108.000   47.000  0.00511 19
-108.000   48.000  0.00393 22
-108.000   49.000  0.00360 19
-108.000   50.000  0.00331 17
-107.000   25.000  0.01273 26
-107.000   26.000  0.01263 23
-107.000   27.000  0.01350 30
-107.000   28.000  0.01317 21
-107.000   29.000  0.01479 28
-107.000   30.000  0.01618 22
-107.000   31.000  0.01978 29
-107.000   32.000  0.02183 26
-107.000   33.000  0.02458 29
-107.000   34.000  0.02654 27
-107.000   35.000  0.02792 27
-107.000   36.000  0.02809 26
-107.000   37.000  0.02728 22
-107.000   38.000  0.02647 25
-107.000   39.000  0.02379 21
-107.000   40.000  0.02077 27
-107.000   41.000  0.01642 19
-107.000   42.000  0.01294 23
-107.000   43.000  0.00928 16
-107.000   44.000  0.00682 21
-107.000   45.000  0.00468 15
-107.000   46.000  0.00327 18
-107.000   47.000  0.00237 13
-107.000   48.000  0.00138 16
-107.000   49.000  0.00111 12
-107.000   50.000  0.00084 11
-106.000   25.000  0.01925 18
-106.000   26.000  0.01823 16
-106.000   27.000  0.01808 22
-106.000   28.000  0.01586 15
-106.000   29.000  0.01552 20
-106.000   30.000  0.01577 17
-106.000   31.000  0.01882 22
-106.000   32.000  0.02142 21
-106.000   33.000  0.02472 22
-106.000   34.000  0.02763 21
-106.000   35.000  0.02888 20
-106.000   36.000  0.02905 20
-106.000   37.000  0.02741 18
-106.000   38.000  0.02631 22
-106.000   39.000  0.02313 19
-106.000   40.000  0.01989 24
-106.000   41.000  0.01522 17
-106.000   42.000  0.01179 23
-106.000   43.000  0.00831 18
-106.000   44.000  0.00590 23
-106.000   45.000  0.00371 19
-106.000   46.000  0.00175 21
-106.000   47.000  0.00013 19
-106.000   48.000 -0.00195 20
-106.000   49.000 -0.00277 19
-106.000   50.000 -0.00395 17
-105.000   25.000  0.02435 26
-105.000   26.000  0.02284 25
-105.000   27.000  0.02211 32
-105.000   28.000  0.01871 24
-105.000   29.000  0.01720 29
-105.000   30.000  0.01621 23
-105.000   31.000  0.01811 29
-105.000   32.000  0.01998 25
-105.000   33.000  0.02296 29
-105.000   34.000  0.02547 26
-105.000   35.000  0.02620 28
-105.000   36.000  0.02607 25
-105.000   37.000  0.02402 24
-105.000   38.000  0.02256 25
-105.000   39.000  0.01922 24
-105.000   40.000  0.01578 27
-105.000   41.000  0.01106 23
-105.000   42.000  0.00774 24
-105.000   43.000  0.00496 18
-105.000   44.000  0.00278 20
-105.000   45.000  0.00116 15
-105.000   46.000 -0.00049 17
-105.000   47.000 -0.00188 12
-105.000   48.000 -0.00446 16
-105.000   49.000 -0.00529 13
-105.000   50.000 -0.00675 12
-104.000   25.000  0.03041 17
-104.000   26.000  0.02824 17
-104.000   27.000  0.02689 21
-104.000   28.000  0.02248 17
-104.000   29.000  0.01973 20
-104.000   30.000  0.01734 18
-104.000   31.000  0.01759 20
-104.000   32.000  0.01841 19
-104.000   33.000  0.02050 21
-104.000   34.000  0.02248 21
-104.000   35.000  0.02284 21
-104.000   36.000  0.02294 20
-104.000   37.000  0.02107 19
-104.000   38.000  0.01973 22
-104.000   39.000  0.01676 19
-104.000   40.000  0.01370 24
-104.000   41.000  0.00950 18
-104.000   42.000  0.00670 22
-104.000   43.000  0.00478 15
-104.000   44.000  0.00315 20
-104.000   45.000  0.00188 18
-104.000   46.000  0.00020 20
-104.000   47.000 -0.00198 18
-104.000   48.000 -0.00566 20
-104.000   49.000 -0.00718 21
-104.000   50.000 -0.00954 19
-103.000   25.000  0.03349 27
-103.000   26.000  0.03166 29
-103.000   27.000  0.03029 34
-103.000   28.000  0.02633 28
-103.000   29.000  0.02320 30
-103.000   30.000  0.02000 25
-103.000   31.000  0.01857 28
-103.000   32.000  0.01782 25
-103.000   33.000  0.01830 29
-103.000   34.000  0.01875 27
-103.000   35.000  0.01835 30
-103.000   36.000  0.01821 25
-103.000   37.000  0.01655 26
-103.000   38.000  0.01537 25
-103.000   39.000  0.01318 26
-103.000   40.000  0.01056 27
-103.000   41.000  0.00698 24
-103.000   42.000  0.00460 22
-103.000   43.000  0.00335 15
-103.000   44.000  0.00202 18
-103.000   45.000  0.00120 16
-103.000   46.000  0.00011 20
-103.000   47.000 -0.00177 14
-103.000   48.000 -0.00518 17
-103.000   49.000 -0.00657 14
-103.000   50.000 -0.00871 13
-102.000   25.000  0.03745 16
-102.000   26.000  0.03603 18
-102.000   27.000  0.03455 21
-102.000   28.000  0.03144 18
-102.000   29.000  0.02784 19
-102.000   30.000  0.02412 17
-102.000   31.000  0.02074 18
-102.000   32.000  0.01853 19
-102.000   33.000  0.01675 21
-102.000   34.000  0.01575 23
-102.000   35.000  0.01438 24
-102.000   36.000  0.01416 24
-102.000   37.000  0.01266 24
-102.000   38.000  0.01198 26
-102.000   39.000  0.01083 22
-102.000   40.000  0.00908 26
-102.000   41.000  0.00650 19
-102.000   42.000  0.00489 23
-102.000   43.000  0.00419 15
-102.000   44.000  0.00301 20
-102.000   45.000  0.00223 19
-102.000   46.000  0.00133 23
-102.000   47.000 -0.00083 22
-102.000   48.000 -0.00429 23
-102.000   49.000 -0.00591 23
-102.000   50.000 -0.00810 20
-101.000   25.000  0.03759 27
-101.000   26.000  0.03693 29
-101.000   27.000  0.03599 34
-101.000   28.000  0.03444 29
-101.000   29.000  0.03158 31
-101.000   30.000  0.02822 28
-101.000   31.000  0.02362 29
-101.000   32.000  0.01988 27
-101.000   33.000  0.01569 28
-101.000   34.000  0.01271 26
-101.000   35.000  0.01008 30
-101.000   36.000  0.00961 26
-101.000   37.000  0.00844 29
-101.000   38.000  0.00841 26
-101.000   39.000  0.00829 27
-101.000   40.000  0.00730 27
-101.000   41.000  0.00541 25
-101.000   42.000  0.00419 24
-101.000   43.000  0.00374 18
-101.000   44.000  0.00252 20
-101.000   45.000  0.00156 17
-101.000   46.000  0.00086 22
-101.000   47.000 -0.00109 17
-101.000   48.000 -0.00408 22
-101.000   49.000 -0.00561 17
-101.000   50.000 -0.00710 15
-100.000   25.000  0.03811 15
-100.000   26.000  0.03838 16
-100.000   27.000  0.03801 20
-100.000   28.000  0.03794 18
-100.000   29.000  0.03561 21
-100.000   30.000  0.03232 20
-100.000   31.000  0.02647 20
-100.000   32.000  0.02149 20
-100.000   33.000  0.01545 20
-100.000   34.000  0.01133 21
-100.000   35.000  0.00773 22
-100.000   36.000  0.00696 24
-100.000   37.000  0.00567 24
-100.000   38.000  0.00581 26
-100.000   39.000  0.00611 21
-100.000   40.000  0.00594 26
-100.000   41.000  0.00533 20
-100.000   42.000  0.00513 24
-100.000   43.000  0.00528 17
-100.000   44.000  0.00430 22
-100.000   45.000  0.00294 20
-100.000   46.000  0.00134 23
-100.000   47.000 -0.00139 22
-100.000   48.000 -0.00478 26
-100.000   49.000 -0.00670 26
-100.000   50.000 -0.00826 22
 -99.000   25.000  0.03725 27
 -99.000   26.000  0.03869 29
 -99.000   27.000  0.03889 34
 -99.000   28.000  0.04017 29
 -99.000   29.000  0.03840 32
 -99.000   30.000  0.03554 29
 -99.000   31.000  0.02945 31
 -99.000   32.000  0.02424 28
 -99.000   33.000  0.01759 29
 -99.000   34.000  0.01291 26
 -99.000   35.000  0.00853 28
 -99.000   36.000  0.00701 24
 -99.000   37.000  0.00503 26
 -99.000   38.000  0.00474 25
 -99.000   39.000  0.00484 26
 -99.000   40.000  0.00475 27
 -99.000   41.000  0.00446 25
 -99.000   42.000  0.00444 23
 -99.000   43.000  0.00484 18
 -99.000   44.000  0.00399 21
 -99.000   45.000  0.00263 19
 -99.000   46.000  0.00032 21
 -99.000   47.000 -0.00275 15
 -99.000   48.000 -0.00673 20
 -99.000   49.000 -0.00897 17
 -99.000   50.000 -0.01099 15
 -98.000   25.000  0.03672 16
 -98.000   26.000  0.03866 18
 -98.000   27.000  0.03912 21
 -98.000   28.000  0.04107 18
 -98.000   29.000  0.03952 20
 -98.000   30.000  0.03693 18
 -98.000   31.000  0.03095 20
 -98.000   32.000  0.02579 20
 -98.000   33.000  0.01899 21
 -98.000   34.000  0.01410 22
 -98.000   35.000  0.00926 21
 -98.000   36.000  0.00687 22
 -98.000   37.000  0.00419 20
 -98.000   38.000  0.00322 24
 -98.000   39.000  0.00308 20
 -98.000   40.000  0.00304 25
 -98.000   41.000  0.00349 18
 -98.000   42.000  0.00388 22
 -98.000   43.000  0.00480 16
 -98.000   44.000  0.00401 21
 -98.000   45.000  0.00246 19
 -98.000   46.000 -0.00099 20
 -98.000   47.000 -0.00467 20
 -98.000   48.000 -0.00956 22
 -98.000   49.000 -0.01217 24
 -98.000   50.000 -0.01481 20
 -97.000   25.000  0.03226 26
 -97.000   26.000  0.03484 28
 -97.000   27.000  0.03582 33
 -97.000   28.000  0.03863 26
 -97.000   29.000  0.03817 30
 -97.000   30.000  0.03657 25
 -97.000   31.000  0.03160 30
 -97.000   32.000  0.02697 27
 -97.000   33.000  0.02063 30
 -97.000   34.000  0.01571 27
 -97.000   35.000  0.01079 29
 -97.000   36.000  0.00785 25
 -97.000   37.000  0.00496 26
 -97.000   38.000  0.00349 25
 -97.000   39.000  0.00290 26
 -97.000   40.000  0.00222 26
 -97.000   41.000  0.00224 24
 -97.000   42.000  0.00199 23
 -97.000   43.000  0.00281 19
 -97.000   44.000  0.00201 20
 -97.000   45.000  0.00087 17
 -97.000   46.000 -0.00266 18
 -97.000   47.000 -0.00607 14
 -97.000   48.000 -0.01117 17
 -97.000   49.000 -0.01374 15
 -97.000   50.000 -0.01693 13
 -96.000   25.000  0.02876 16
 -96.000   26.000  0.03129 16
 -96.000   27.000  0.03214 20
 -96.000   28.000  0.03544 15
 -96.000   29.000  0.03565 19
 -96.000   30.000  0.03495 17
 -96.000   31.000  0.03080 20
 -96.000   32.000  0.02685 20
 -96.000   33.000  0.02064 21
 -96.000   34.000  0.01570 21
 -96.000   35.000  0.01071 21
 -96.000   36.000  0.00757 21
 -96.000   37.000  0.00488 20
 -96.000   38.000  0.00329 21
 -96.000   39.000  0.00258 18
 -96.000   40.000  0.00169 21
 -96.000   41.000  0.00178 17
 -96.000   42.000  0.00126 21
 -96.000   43.000  0.00186 16
 -96.000   44.000  0.00093 19
 -96.000   45.000  0.00007 16
 -96.000   46.000 -0.00352 19
 -96.000   47.000 -0.00685 19
 -96.000   48.000 -0.01208 22
 -96.000   49.000 -0.01451 23
 -96.000   50.000 -0.01829 20
 -95.000   25.000  0.02389 24
 -95.000   26.000  0.02647 22
 -95.000   27.000  0.02722 30
 -95.000   28.000  0.03106 22
 -95.000   29.000  0.03217 29
 -95.000   30.000  0.03270 24
 -95.000   31.000  0.02992 30
 -95.000   32.000  0.02726 27
 -95.000   33.000  0.02191 29
 -95.000   34.000  0.01713 26
 -95.000   35.000  0.01218 29
 -95.000   36.000  0.00892 27
 -95.000   37.000  0.00622 28
 -95.000   38.000  0.00449 26
 -95.000   39.000  0.00356 26
 -95.000   40.000  0.00218 26
 -95.000   41.000  0.00132 24
 -95.000   42.000 -0.00019 23
 -95.000   43.000 -0.00049 19
 -95.000   44.000 -0.00175 19
 -95.000   45.000 -0.00211 16
 -95.000   46.000 -0.00472 19
 -95.000   47.000 -0.00703 16
 -95.000   48.000 -0.01157 19
 -95.000   49.000 -0.01350 15
 -95.000   50.000 -0.01739 13
 -94.000   25.000  0.02196 18
 -94.000   26.000  0.02357 15
 -94.000   27.000  0.02375 22
 -94.000   28.000  0.02742 14
 -94.000   29.000  0.02854 19
 -94.000   30.000  0.02964 17
 -94.000   31.000  0.02772 21
 -94.000   32.000  0.02611 21
 -94.000   33.000  0.02109 20
 -94.000   34.000  0.01643 20
 -94.000   35.000  0.01115 20
 -94.000   36.000  0.00823 20
 -94.000   37.000  0.00568 19
 -94.000   38.000  0.00442 19
 -94.000   39.000  0.00367 18
 -94.000   40.000  0.00267 19
 -94.000   41.000  0.00144 15
 -94.000   42.000 -0.00045 18
 -94.000   43.000 -0.00164 15
 -94.000   44.000 -0.00342 18
 -94.000   45.000 -0.00416 15
 -94.000   46.000 -0.00639 19
 -94.000   47.000 -0.00839 20
 -94.000   48.000 -0.01216 22
 -94.000   49.000 -0.01376 21
 -94.000   50.000 -0.01714 18
 -93.000   25.000  0.01727 25
 -93.000   26.000  0.01872 22
 -93.000   27.000  0.01901 31
 -93.000   28.000  0.02297 22
 -93.000   29.000  0.02487 28
 -93.000   30.000  0.02657 23
 -93.000   31.000  0.02550 28
 -93.000   32.000  0.02452 26
 -93.000   33.000  0.02019 27
 -93.000   34.000  0.01566 26
 -93.000   35.000  0.01050 28
 -93.000   36.000  0.00808 27
 -93.000   37.000  0.00589 25
 -93.000   38.000  0.00503 25
 -93.000   39.000  0.00429 25
 -93.000   40.000  0.00336 27
 -93.000   41.000  0.00126 22
 -93.000   42.000 -0.00127 22
 -93.000   43.000 -0.00350 18
 -93.000   44.000 -0.00563 19
 -93.000   45.000 -0.00655 15
 -93.000   46.000 -0.00808 17
 -93.000   47.000 -0.00973 16
 -93.000   48.000 -0.01273 18
 -93.000   49.000 -0.01415 15
 -93.000   50.000 -0.01713 12
 -92.000   25.000  0.01721 20
 -92.000   26.000  0.01777 17
 -92.000   27.000  0.01776 26
 -92.000   28.000  0.02137 16
 -92.000   29.000  0.02320 22
 -92.000   30.000  0.02534 17
 -92.000   31.000  0.02487 21
 -92.000   32.000  0.02450 19
 -92.000   33.000  0.02032 19
 -92.000   34.000  0.01595 20
 -92.000   35.000  0.01015 20
 -92.000   36.000  0.00801 21
 -92.000   37.000  0.00575 17
 -92.000   38.000  0.00536 19
 -92.000   39.000  0.00475 17
 -92.000   40.000  0.00431 20
 -92.000   41.000  0.00213 15
 -92.000   42.000 -0.00031 18
 -92.000   43.000 -0.00317 14
 -92.000   44.000 -0.00587 18
 -92.000   45.000 -0.00770 15
 -92.000   46.000 -0.00948 20
 -92.000   47.000 -0.01178 19
 -92.000   48.000 -0.01468 22
 -92.000   49.000 -0.01626 21
 -92.000   50.000 -0.01869 18
 -91.000   25.000  0.01681 24
 -91.000   26.000  0.01721 23
 -91.000   27.000  0.01742 31
 -91.000   28.000  0.02083 24
 -91.000   29.000  0.02293 29
 -91.000   30.000  0.02526 23
 -91.000   31.000  0.02528 27
 -91.000   32.000  0.02498 25
 -91.000   33.000  0.02128 27
 -91.000   34.000  0.01687 27
 -91.000   35.000  0.01085 27
 -91.000   36.000  0.00862 28
 -91.000   37.000  0.00625 24
 -91.000   38.000  0.00603 28
 -91.000   39.000  0.00555 24
 -91.000   40.000  0.00540 29
 -91.000   41.000  0.00305 22
 -91.000   42.000  0.00065 25
 -91.000   43.000 -0.00278 18
 -91.000   44.000 -0.00601 20
 -91.000   45.000 -0.00879 15
 -91.000   46.000 -0.01085 19
 -91.000   47.000 -0.01359 16
 -91.000   48.000 -0.01618 20
 -91.000   49.000 -0.01788 17
 -91.000   50.000 -0.01952 14
 -90.000   25.000  0.02124 21
 -90.000   26.000  0.02066 19
 -90.000   27.000  0.02035 29
 -90.000   28.000  0.02275 19
 -90.000   29.000  0.02431 27
 -90.000   30.000  0.02708 19
 -90.000   31.000  0.02750 25
 -90.000   32.000  0.02735 20
 -90.000   33.000  0.02330 23
 -90.000   34.000  0.01846 21
 -90.000   35.000  0.01119 20
 -90.000   36.000  0.00815 21
 -90.000   37.000  0.00544 19
 -90.000   38.000  0.00525 23
 -90.000   39.000  0.00508 19
 -90.000   40.000  0.00530 22
 -90.000   41.000  0.00366 17
 -90.000   42.000  0.00180 21
 -90.000   43.000 -0.00136 16
 -90.000   44.000 -0.00492 21
 -90.000   45.000 -0.00878 17
 -90.000   46.000 -0.01162 24
 -90.000   47.000 -0.01540 21
 -90.000   48.000 -0.01804 26
 -90.000   49.000 -0.02007 23
 -90.000   50.000 -0.02079 19
 -89.000   25.000  0.02309 23
 -89.000   26.000  0.02251 24
 -89.000   27.000  0.02234 30
 -89.000   28.000  0.02420 24
 -89.000   29.000  0.02626 28
 -89.000   30.000  0.02920 23
 -89.000   31.000  0.02979 26
 -89.000   32.000  0.02904 25
 -89.000   33.000  0.02470 27
 -89.000   34.000  0.01902 27
 -89.000   35.000  0.01125 25
 -89.000   36.000  0.00738 27
 -89.000   37.000  0.00487 24
 -89.000   38.000  0.00466 28
 -89.000   39.000  0.00493 23
 -89.000   40.000  0.00534 28
 -89.000   41.000  0.00440 22
 -89.000   42.000  0.00292 26
 -89.000   43.000  0.00011 20
 -89.000   44.000 -0.00350 22
 -89.000   45.000 -0.00790 17
 -89.000   46.000 -0.01113 19
 -89.000   47.000 -0.01532 17
 -89.000   48.000 -0.01782 19
 -89.000   49.000 -0.01995 17
 -89.000   50.000 -0.01990 13
 -88.000   25.000  0.02920 21
 -88.000   26.000  0.02744 19
 -88.000   27.000  0.02653 29
 -88.000   28.000  0.02693 19
 -88.000   29.000  0.02839 28
 -88.000   30.000  0.03146 20
 -88.000   31.000  0.03248 26
 -88.000   32.000  0.03181 20
 -88.000   33.000  0.02724 24
 -88.000   34.000  0.02110 21
 -88.000   35.000  0.01217 21
 -88.000   36.000  0.00714 21
 -88.000   37.000  0.00416 20
 -88.000   38.000  0.00365 23
 -88.000   39.000  0.00376 20
 -88.000   40.000  0.00428 24
 -88.000   41.000  0.00403 19
 -88.000   42.000  0.00330 22
 -88.000   43.000  0.00115 17
 -88.000   44.000 -0.00193 21
 -88.000   45.000 -0.00643 18
 -88.000   46.000 -0.00965 22
 -88.000   47.000 -0.01431 21
 -88.000   48.000 -0.01695 25
 -88.000   49.000 -0.01928 23
 -88.000   50.000 -0.01879 18
 -87.000   25.000  0.03208 20
 -87.000   26.000  0.02966 22
 -87.000   27.000  0.02850 27
 -87.000   28.000  0.02780 23
 -87.000   29.000  0.02913 26
 -87.000   30.000  0.03173 23
 -87.000   31.000  0.03302 25
 -87.000   32.000  0.03216 25
 -87.000   33.000  0.02775 25
 -87.000   34.000  0.02141 26
 -87.000   35.000  0.01256 24
 -87.000   36.000  0.00700 26
 -87.000   37.000  0.00387 23
 -87.000   38.000  0.00321 27
 -87.000   39.000  0.00321 23
 -87.000   40.000  0.00409 28
 -87.000   41.000  0.00436 22
 -87.000   42.000  0.00435 25
 -87.000   43.000  0.00268 19
 -87.000   44.000  0.00029 21
 -87.000   45.000 -0.00413 18
 -87.000   46.000 -0.00741 18
 -87.000   47.000 -0.01234 16
 -87.000   48.000 -0.01524 18
 -87.000   49.000 -0.01777 18
 -87.000   50.000 -0.01743 15
 -86.000   25.000  0.03675 21
 -86.000   26.000  0.03327 19
 -86.000   27.000  0.03149 28
 -86.000   28.000  0.02907 19
 -86.000   29.000  0.02920 28
 -86.000   30.000  0.03076 21
 -86.000   31.000  0.03223 28
 -86.000   32.000  0.03155 22
 -86.000   33.000  0.02790 25
 -86.000   34.000  0.02231 23
 -86.000   35.000  0.01389 23
 -86.000   36.000  0.00790 22
 -86.000   37.000  0.00428 20
 -86.000   38.000  0.00317 23
 -86.000   39.000  0.00274 22
 -86.000   40.000  0.00366 25
 -86.000   41.000  0.00447 21
 -86.000   42.000  0.00522 23
 -86.000   43.000  0.00428 19
 -86.000   44.000  0.00287 23
 -86.000   45.000 -0.00096 20
 -86.000   46.000 -0.00405 21
 -86.000   47.000 -0.00941 19
 -86.000   48.000 -0.01282 24
 -86.000   49.000 -0.01570 24
 -86.000   50.000 -0.01613 20
 -85.000   25.000  0.03534 20
 -85.000   26.000  0.03214 22
 -85.000   27.000  0.03068 25
 -85.000   28.000  0.02807 22
 -85.000   29.000  0.02803 25
 -85.000   30.000  0.02863 24
 -85.000   31.000  0.02999 26
 -85.000   32.000  0.02930 26
 -85.000   33.000  0.02660 23
 -85.000   34.000  0.02197 26
 -85.000   35.000  0.01490 22
 -85.000   36.000  0.00932 26
 -85.000   37.000  0.00575 21
 -85.000   38.000  0.00443 26
 -85.000   39.000  0.00388 23
 -85.000   40.000  0.00507 27
 -85.000   41.000  0.00625 23
 -85.000   42.000  0.00742 26
 -85.000   43.000  0.00692 22
 -85.000   44.000  0.00628 27
 -85.000   45.000  0.00308 23
 -85.000   46.000 -0.00001 23
 -85.000   47.000 -0.00587 17
 -85.000   48.000 -0.01036 18
 -85.000   49.000 -0.01377 18
 -85.000   50.000 -0.01555 16
 -84.000   25.000  0.03550 22
 -84.000   26.000  0.03290 21
 -84.000   27.000  0.03163 28
 -84.000   28.000  0.02886 19
 -84.000   29.000  0.02814 27
 -84.000   30.000  0.02757 21
 -84.000   31.000  0.02836 29
 -84.000   32.000  0.02772 23
 -84.000   33.000  0.02624 24
 -84.000   34.000  0.02298 23
 -84.000   35.000  0.01710 24
 -84.000   36.000  0.01204 25
 -84.000   37.000  0.00848 22
 -84.000   38.000  0.00678 22
 -84.000   39.000  0.00573 22
 -84.000   40.000  0.00659 23
 -84.000   41.000  0.00770 22
 -84.000   42.000  0.00882 24
 -84.000   43.000  0.00838 22
 -84.000   44.000  0.00841 27
 -84.000   45.000  0.00599 22
 -84.000   46.000  0.00325 24
 -84.000   47.000 -0.00294 19
 -84.000   48.000 -0.00790 22
 -84.000   49.000 -0.01166 19
 -84.000   50.000 -0.01452 16
 -83.000   25.000  0.03216 21
 -83.000   26.000  0.03106 24
 -83.000   27.000  0.03056 26
 -83.000   28.000  0.02908 22
 -83.000   29.000  0.02871 24
 -83.000   30.000  0.02767 24
 -83.000   31.000  0.02772 26
 -83.000   32.000  0.02701 26
 -83.000   33.000  0.02604 22
 -83.000   34.000  0.02373 25
 -83.000   35.000  0.01921 22
 -83.000   36.000  0.01515 27
 -83.000   37.000  0.01191 23
 -83.000   38.000  0.01017 27
 -83.000   39.000  0.00912 24
 -83.000   40.000  0.00985 27
 -83.000   41.000  0.01078 23
 -83.000   42.000  0.01170 26
 -83.000   43.000  0.01099 22
 -83.000   44.000  0.01120 29
 -83.000   45.000  0.00899 24
 -83.000   46.000  0.00644 27
 -83.000   47.000 -0.00018 20
 -83.000   48.000 -0.00569 20
 -83.000   49.000 -0.00990 18
 -83.000   50.000 -0.01356 15
 -82.000   25.000  0.03237 23
 -82.000   26.000  0.03260 23
 -82.000   27.000  0.03273 30
 -82.000   28.000  0.03211 21
 -82.000   29.000  0.03140 28
 -82.000   30.000  0.02919 22
 -82.000   31.000  0.02798 27
 -82.000   32.000  0.02665 23
 -82.000   33.000  0.02610 26
 -82.000   34.000  0.02445 26
 -82.000   35.000  0.02106 28
 -82.000   36.000  0.01778 26
 -82.000   37.000  0.01499 25
 -82.000   38.000  0.01315 22
 -82.000   39.000  0.01212 23
 -82.000   40.000  0.01228 22
 -82.000   41.000  0.01269 21
 -82.000   42.000  0.01292 22
 -82.000   43.000  0.01157 20
 -82.000   44.000  0.01176 25
 -82.000   45.000  0.00988 21
 -82.000   46.000  0.00819 25
 -82.000   47.000  0.00199 20
 -82.000   48.000 -0.00254 21
 -82.000   49.000 -0.00650 18
 -82.000   50.000 -0.00989 15
 -81.000   25.000  0.03096 21
 -81.000   26.000  0.03253 24
 -81.000   27.000  0.03339 28
 -81.000   28.000  0.03449 24
 -81.000   29.000  0.03440 25
 -81.000   30.000  0.03247 24
 -81.000   31.000  0.03064 23
 -81.000   32.000  0.02928 26
 -81.000   33.000  0.02849 24
 -81.000   34.000  0.02714 28
 -81.000   35.000  0.02429 24
 -81.000   36.000  0.02179 27
 -81.000   37.000  0.01900 23
 -81.000   38.000  0.01719 27
 -81.000   39.000  0.01600 24
 -81.000   40.000  0.01575 27
 -81.000   41.000  0.01520 22
 -81.000   42.000  0.01497 24
 -81.000   43.000  0.01306 20
 -81.000   44.000  0.01328 24
 -81.000   45.000  0.01127 22
 -81.000   46.000  0.01034 25
 -81.000   47.000  0.00438 23
 -81.000   48.000  0.00023 20
 -81.000   49.000 -0.00391 21
 -81.000   50.000 -0.00687 15
 -80.000   25.000  0.03511 21
 -80.000   26.000  0.03707 21
 -80.000   27.000  0.03790 30
 -80.000   28.000  0.03920 23
 -80.000   29.000  0.03858 27
 -80.000   30.000  0.03585 21
 -80.000   31.000  0.03295 25
 -80.000   32.000  0.03102 25
 -80.000   33.000  0.02988 28
 -80.000   34.000  0.02869 26
 -80.000   35.000  0.02621 28
 -80.000   36.000  0.02450 25
 -80.000   37.000  0.02205 27
 -80.000   38.000  0.02068 23
 -80.000   39.000  0.01925 23
 -80.000   40.000  0.01832 20
 -80.000   41.000  0.01637 19
 -80.000   42.000  0.01530 20
 -80.000   43.000  0.01241 18
 -80.000   44.000  0.01234 20
 -80.000   45.000  0.01011 18
 -80.000   46.000  0.01021 22
 -80.000   47.000  0.00535 19
 -80.000   48.000  0.00273 19
 -80.000   49.000 -0.00083 17
 -80.000   50.000 -0.00248 14
 -79.000   25.000  0.03919 20
 -79.000   26.000  0.04077 22
 -79.000   27.000  0.04120 28
 -79.000   28.000  0.04244 24
 -79.000   29.000  0.04150 23
 -79.000   30.000  0.03907 22
 -79.000   31.000  0.03583 22
 -79.000   32.000  0.03405 27
 -79.000   33.000  0.03225 23
 -79.000   34.000  0.03136 26
 -79.000   35.000  0.02898 23
 -79.000   36.000  0.02828 28
 -79.000   37.000  0.02598 25
 -79.000   38.000  0.02535 28
 -79.000   39.000  0.02367 23
 -79.000   40.000  0.02256 25
 -79.000   41.000  0.01952 22
 -79.000   42.000  0.01821 24
 -79.000   43.000  0.01473 21
 -79.000   44.000  0.01418 23
 -79.000   45.000  0.01117 22
 -79.000   46.000  0.01140 24
 -79.000   47.000  0.00680 23
 -79.000   48.000  0.00431 23
 -79.000   49.000  0.00082 24
 -79.000   50.000 -0.00016 18
 -78.000   25.000  0.04612 21
 -78.000   26.000  0.04718 19
 -78.000   27.000  0.04692 27
 -78.000   28.000  0.04715 20
 -78.000   29.000  0.04484 25
 -78.000   30.000  0.04115 21
 -78.000   31.000  0.03679 25
 -78.000   32.000  0.03434 25
 -78.000   33.000  0.03221 27
 -78.000   34.000  0.03180 25
 -78.000   35.000  0.03016 28
 -78.000   36.000  0.03047 25
 -78.000   37.000  0.02898 29
 -78.000   38.000  0.02912 24
 -78.000   39.000  0.02764 25
 -78.000   40.000  0.02639 20
 -78.000   41.000  0.02280 21
 -78.000   42.000  0.02085 20
 -78.000   43.000  0.01662 19
 -78.000   44.000  0.01503 22
 -78.000   45.000  0.01131 20
 -78.000   46.000  0.01122 25
 -78.000   47.000  0.00731 19
 -78.000   48.000  0.00534 22
 -78.000   49.000  0.00245 17
 -78.000   50.000  0.00216 16
 -77.000   25.000  0.05024 21
 -77.000   26.000  0.05063 21
 -77.000   27.000  0.04946 26
 -77.000   28.000  0.04877 21
 -77.000   29.000  0.04537 24
 -77.000   30.000  0.04171 24
 -77.000   31.000  0.03701 24
 -77.000   32.000  0.03492 26
 -77.000   33.000  0.03281 25
 -77.000   34.000  0.03339 28
 -77.000   35.000  0.03246 28
 -77.000   36.000  0.03377 29
 -77.000   37.000  0.03284 28
 -77.000   38.000  0.03361 28
 -77.000   39.000  0.03211 27
 -77.000   40.000  0.03099 27
 -77.000   41.000  0.02733 26
 -77.000   42.000  0.02542 25
 -77.000   43.000  0.02112 23
 -77.000   44.000  0.01902 26
 -77.000   45.000  0.01463 25
 -77.000   46.000  0.01376 29
 -77.000   47.000  0.00946 27
 -77.000   48.000  0.00651 30
 -77.000   49.000  0.00335 27
 -77.000   50.000  0.00269 22
 -76.000   25.000  0.05457 19
 -76.000   26.000  0.05482 17
 -76.000   27.000  0.05274 23
 -76.000   28.000  0.05109 18
 -76.000   29.000  0.04611 24
 -76.000   30.000  0.04126 23
 -76.000   31.000  0.03583 27
 -76.000   32.000  0.03351 24
 -76.000   33.000  0.03194 27
 -76.000   34.000  0.03311 23
 -76.000   35.000  0.03360 28
 -76.000   36.000  0.03537 23
 -76.000   37.000  0.03567 29
 -76.000   38.000  0.03649 24
 -76.000   39.000  0.03580 28
 -76.000   40.000  0.03459 22
 -76.000   41.000  0.03135 24
 -76.000   42.000  0.02867 20
 -76.000   43.000  0.02405 19
 -76.000   44.000  0.02089 21
 -76.000   45.000  0.01608 20
 -76.000   46.000  0.01443 26
 -76.000   47.000  0.01048 21
 -76.000   48.000  0.00740 26
 -76.000   49.000  0.00458 19
 -76.000   50.000  0.00371 18
 -75.000   25.000  0.05538 21
 -75.000   26.000  0.05559 20
 -75.000   27.000  0.05293 27
 -75.000   28.000  0.05104 20
 -75.000   29.000  0.04525 25
 -75.000   30.000  0.04012 24
 -75.000   31.000  0.03435 27
 -75.000   32.000  0.03224 26
 -75.000   33.000  0.03084 26
 -75.000   34.000  0.03260 25
 -75.000   35.000  0.03417 26
 -75.000   36.000  0.03673 25
 -75.000   37.000  0.03800 27
 -75.000   38.000  0.03942 27
 -75.000   39.000  0.03958 28
 -75.000   40.000  0.03923 26
 -75.000   41.000  0.03681 26
 -75.000   42.000  0.03454 23
 -75.000   43.000  0.02998 21
 -75.000   44.000  0.02637 22
 -75.000   45.000  0.02065 22
 -75.000   46.000  0.01810 29
 -75.000   47.000  0.01341 27
 -75.000   48.000  0.00977 33
 -75.000   49.000  0.00675 27
 -75.000   50.000  0.00564 25
 -74.000   25.000  0.05520 16
 -74.000   26.000  0.05607 16
 -74.000   27.000  0.05344 23
 -74.000   28.000  0.05219 18
 -74.000   29.000  0.04607 22
 -74.000   30.000  0.04002 19
 -74.000   31.000  0.03375 22
 -74.000   32.000  0.03114 20
 -74.000   33.000  0.02993 22
 -74.000   34.000  0.03142 19
 -74.000   35.000  0.03433 22
 -74.000   36.000  0.03697 19
 -74.000   37.000  0.03937 25
 -74.000   38.000  0.04067 22
 -74.000   39.000  0.04203 26
 -74.000   40.000  0.04195 20
 -74.000   41.000  0.04026 23
 -74.000   42.000  0.03781 18
 -74.000   43.000  0.03334 18
 -74.000   44.000  0.02918 17
 -74.000   45.000  0.02294 16
 -74.000   46.000  0.02013 23
 -74.000   47.000  0.01575 18
 -74.000   48.000  0.01254 26
 -74.000   49.000  0.00985 17
 -74.000   50.000  0.00933 21
 -73.000   25.000  0.05392 19
 -73.000   26.000  0.05478 21
 -73.000   27.000  0.05213 26
 -73.000   28.000  0.05127 21
 -73.000   29.000  0.04515 24
 -73.000   30.000  0.03950 21
 -73.000   31.000  0.03304 22
 -73.000   32.000  0.03053 23
 -73.000   33.000  0.02876 24
 -73.000   34.000  0.03023 25
 -73.000   35.000  0.03334 24
 -73.000   36.000  0.03660 25
 -73.000   37.000  0.03948 26
 -73.000   38.000  0.04151 27
 -73.000   39.000  0.04329 26
 -73.000   40.000  0.04397 24
 -73.000   41.000  0.04281 23
 -73.000   42.000  0.04121 21
 -73.000   43.000  0.03714 19
 -73.000   44.000  0.03344 21
 -73.000   45.000  0.02703 20
 -73.000   46.000  0.02461 29
 -73.000   47.000  0.02005 25
 -73.000   48.000  0.01749 33
 -73.000   49.000  0.01493 25
 -73.000   50.000  0.01521 27
 -72.000   25.000  0.05591 13
 -72.000   26.000  0.05632 17
 -72.000   27.000  0.05362 19
 -72.000   28.000  0.05261 18
 -72.000   29.000  0.04656 19
 -72.000   30.000  0.04110 17
 -72.000   31.000  0.03479 17
 -72.000   32.000  0.03188 17
 -72.000   33.000  0.02979 18
 -72.000   34.000  0.03016 18
 -72.000   35.000  0.03314 18
 -72.000   36.000  0.03587 19
 -72.000   37.000  0.03926 21
 -72.000   38.000  0.04107 22
 -72.000   39.000  0.04343 23
 -72.000   40.000  0.04409 20
 -72.000   41.000  0.04324 21
 -72.000   42.000  0.04158 19
 -72.000   43.000  0.03791 19
 -72.000   44.000  0.03471 20
 -72.000   45.000  0.02898 17
 -72.000   46.000  0.02752 23
 -72.000   47.000  0.02382 17
 -72.000   48.000  0.02216 27
 -72.000   49.000  0.01989 19
 -72.000   50.000  0.02085 23
 -71.000   25.000  0.05793 18
 -71.000   26.000  0.05743 21
 -71.000   27.000  0.05468 23
 -71.000   28.000  0.05310 20
 -71.000   29.000  0.04723 23
 -71.000   30.000  0.04247 22
 -71.000   31.000  0.03588 23
 -71.000   32.000  0.03258 23
 -71.000   33.000  0.02896 23
 -71.000   34.000  0.02853 24
 -71.000   35.000  0.03027 22
 -71.000   36.000  0.03368 25
 -71.000   37.000  0.03737 22
 -71.000   38.000  0.04068 26
 -71.000   39.000  0.04323 23
 -71.000   40.000  0.04492 25
 -71.000   41.000  0.04413 22
 -71.000   42.000  0.04319 23
 -71.000   43.000  0.03934 19
 -71.000   44.000  0.03689 23
 -71.000   45.000  0.03128 20
 -71.000   46.000  0.03049 28
 -71.000   47.000  0.02662 23
 -71.000   48.000  0.02583 31
 -71.000   49.000  0.02362 25
 -71.000   50.000  0.02527 25
 -70.000   25.000  0.06327 14
 -70.000   26.000  0.06135 17
 -70.000   27.000  0.05814 19
 -70.000   28.000  0.05521 16
 -70.000   29.000  0.04911 19
 -70.000   30.000  0.04488 17
 -70.000   31.000  0.03879 19
 -70.000   32.000  0.03536 17
 -70.000   33.000  0.03132 17
 -70.000   34.000  0.02975 16
 -70.000   35.000  0.03051 16
 -70.000   36.000  0.03321 18
 -70.000   37.000  0.03700 18
 -70.000   38.000  0.04018 21
 -70.000   39.000  0.04308 20
 -70.000   40.000  0.04482 20
 -70.000   41.000  0.04414 19
 -70.000   42.000  0.04266 20
 -70.000   43.000  0.03849 19
 -70.000   44.000  0.03600 20
 -70.000   45.000  0.03080 16
 -70.000   46.000  0.03063 20
 -70.000   47.000  0.02773 15
 -70.000   48.000  0.02808 23
 -70.000   49.000  0.02631 17
 -70.000   50.000  0.02853 20
 -69.000   25.000  0.06699 19
 -69.000   26.000  0.06304 21
 -69.000   27.000  0.05888 24
 -69.000   28.000  0.05405 20
 -69.000   29.000  0.04681 23
 -69.000   30.000  0.04319 22
 -69.000   31.000  0.03759 23
 -69.000   32.000  0.03475 22
 -69.000   33.000  0.02991 23
 -69.000   34.000  0.02816 23
 -69.000   35.000  0.02782 24
 -69.000   36.000  0.03087 25
 -69.000   37.000  0.03441 25
 -69.000   38.000  0.03854 25
 -69.000   39.000  0.04139 21
 -69.000   40.000  0.04370 21
 -69.000   41.000  0.04292 18
 -69.000   42.000  0.04157 21
 -69.000   43.000  0.03691 17
 -69.000   44.000  0.03478 21
 -69.000   45.000  0.02980 18
 -69.000   46.000  0.02996 23
 -69.000   47.000  0.02732 19
 -69.000   48.000  0.02887 24
 -69.000   49.000  0.02751 21
 -69.000   50.000  0.03028 22
 -68.000   25.000  0.06970 17
 -68.000   26.000  0.06362 18
 -68.000   27.000  0.05858 21
 -68.000   28.000  0.05149 17
 -68.000   29.000  0.04349 21
 -68.000   30.000  0.04016 18
 -68.000   31.000  0.03642 19
 -68.000   32.000  0.03433 16
 -68.000   33.000  0.03048 17
 -68.000   34.000  0.02813 17
 -68.000   35.000  0.02740 18
 -68.000   36.000  0.02906 19
 -68.000   37.000  0.03248 20
 -68.000   38.000  0.03572 20
 -68.000   39.000  0.03886 18
 -68.000   40.000  0.04081 16
 -68.000   41.000  0.04031 15
 -68.000   42.000  0.03828 16
 -68.000   43.000  0.03381 15
 -68.000   44.000  0.03167 19
 -68.000   45.000  0.02719 17
 -68.000   46.000  0.02766 22
 -68.000   47.000  0.02635 16
 -68.000   48.000  0.02887 22
 -68.000   49.000  0.02816 16
 -68.000   50.000  0.03153 19
 -67.000   25.000  0.07055 17
 -67.000   26.000  0.06245 17
 -67.000   27.000  0.05653 23
 -67.000   28.000  0.04717 17
 -67.000   29.000  0.03806 22
 -67.000   30.000  0.03392 19
 -67.000   31.000  0.03098 20
 -67.000   32.000  0.02895 17
 -67.000   33.000  0.02488 18
 -67.000   34.000  0.02200 17
 -67.000   35.000  0.02062 20
 -67.000   36.000  0.02221 18
 -67.000   37.000  0.02578 21
 -67.000   38.000  0.03000 17
 -67.000   39.000  0.03358 19
 -67.000   40.000  0.03560 15
 -67.000   41.000  0.03456 17
 -67.000   42.000  0.03248 14
 -67.000   43.000  0.02821 12
 -67.000   44.000  0.02640 15
 -67.000   45.000  0.02217 14
 -67.000   46.000  0.02326 21
 -67.000   47.000  0.02270 16
 -67.000   48.000  0.02617 23
 -67.000   49.000  0.02600 17
 -67.000   50.000  0.03072 17
 -66.000   25.000  0.07174 12
 -66.000   26.000  0.06234 12
 -66.000   27.000  0.05577 18
 -66.000   28.000  0.04504 12
 -66.000   29.000  0.03529 17
 -66.000   30.000  0.03083 12
 -66.000   31.000  0.02890 15
 -66.000   32.000  0.02728 11
 -66.000   33.000  0.02392 12
 -66.000   34.000  0.02077 10
 -66.000   35.000  0.01943 11
 -66.000   36.000  0.02038 10
 -66.000   37.000  0.02404 11
 -66.000   38.000  0.02787 10
 -66.000   39.000  0.03174 12
 -66.000   40.000  0.03347 10
 -66.000   41.000  0.03251 12
 -66.000   42.000  0.03005 8
 -66.000   43.000  0.02604 7
 -66.000   44.000  0.02400 9
 -66.000   45.000  0.01979 9
 -66.000   46.000  0.02093 14
 -66.000   47.000  0.02122 9
 -66.000   48.000  0.02528 16
 -66.000   49.000  0.02569 10
 -66.000   50.000  0.03123 11
 -65.000   25.000  0.06982 8
 -65.000   26.000  0.05927 8
 -65.000   27.000  0.05228 14
 -65.000   28.000  0.04056 9
 -65.000   29.000  0.03009 12
 -65.000   30.000  0.02504 9
 -65.000   31.000  0.02365 11
 -65.000   32.000  0.02220 10
 -65.000   33.000  0.01896 10
 -65.000   34.000  0.01593 8
 -65.000   35.000  0.01473 9
 -65.000   36.000  0.01588 8
 -65.000   37.000  0.01960 10
 -65.000   38.000  0.02383 7
 -65.000   39.000  0.02757 9
 -65.000   40.000  0.02911 6
 -65.000   41.000  0.02802 9
 -65.000   42.000  0.02595 5
 -65.000   43.000  0.02255 5
 -65.000   44.000  0.02105 4
 -65.000   45.000  0.01715 4
 -65.000   46.000  0.01852 6
 -65.000   47.000  0.01916 4
 -65.000   48.000  0.02371 11
 -65.000   49.000  0.02450 8
 -65.000   50.000  0.03100 9
