-130.000   25.000 -0.00040 13
-130.000   26.000 -0.00068 17
-130.000   27.000  0.00004 12
-130.000   28.000 -0.00026 16
-130.000   29.000 -0.00110 11
-130.000   30.000  0.00101 14
-130.000   31.000  0.00114 9
-130.000   32.000  0.00043 11
-130.000   33.000 -0.00228 8
-130.000   34.000 -0.00134 10
-130.000   35.000 -0.00184 8
-130.000   36.000  0.00189 10
-130.000   37.000  0.00423 7
-130.000   38.000  0.00858 11
-130.000   39.000  0.00922 9
-130.000   40.000  0.01203 13
-130.000   41.000  0.01088 9
-130.000   42.000  0.01316 13
-130.000   43.000  0.01348 10
-130.000   44.000  0.01620 13
-130.000   45.000  0.01248 9
-130.000   46.000  0.01182 14
-130.000   47.000  0.00790 12
-130.000   48.000  0.00913 17
-130.000   49.000  0.00725 13
-130.000   50.000  0.01044 17
-129.000   25.000  0.00044 22
-129.000   26.000  0.00007 26
-129.000   27.000  0.00028 20
-129.000   28.000 -0.00026 23
-129.000   29.000 -0.00152 17
-129.000   30.000 -0.00044 20
-129.000   31.000 -0.00106 15
-129.000   32.000 -0.00197 17
-129.000   33.000 -0.00421 14
-129.000   34.000 -0.00283 15
-129.000   35.000 -0.00242 13
-129.000   36.000  0.00200 14
-129.000   37.000  0.00494 11
-129.000   38.000  0.00903 16
-129.000   39.000  0.00907 15
-129.000   40.000  0.01188 20
-129.000   41.000  0.01113 15
-129.000   42.000  0.01373 20
-129.000   43.000  0.01402 17
-129.000   44.000  0.01662 21
-129.000   45.000  0.01259 16
-129.000   46.000  0.01133 21
-129.000   47.000  0.00733 18
-129.000   48.000  0.00893 22
-129.000   49.000  0.00760 18
-129.000   50.000  0.01105 21
-128.000   25.000  0.00174 11
-128.000   26.000  0.00173 13
-128.000   27.000  0.00168 10
-128.000   28.000  0.00147 11
-128.000   29.000 -0.00003 8
-128.000   30.000 -0.00029 11
-128.000   31.000 -0.00241 9
-128.000   32.000 -0.00395 12
-128.000   33.000 -0.00599 9
-128.000   34.000 -0.00414 11
-128.000   35.000 -0.00251 8
-128.000   36.000  0.00311 10
-128.000   37.000  0.00696 7
-128.000   38.000  0.01105 11
-128.000   39.000  0.01078 9
-128.000   40.000  0.01348 13
-128.000   41.000  0.01279 9
-128.000   42.000  0.01516 13
-128.000   43.000  0.01502 10
-128.000   44.000  0.01735 14
-128.000   45.000  0.01349 10
-128.000   46.000  0.01236 15
-128.000   47.000  0.00880 11
-128.000   48.000  0.01075 15
-128.000   49.000  0.00992 10
-128.000   50.000  0.01336 15
-127.000   25.000  0.00302 21
-127.000   26.000  0.00258 24
-127.000   27.000  0.00150 19
-127.000   28.000  0.00082 20
-127.000   29.000 -0.00128 15
-127.000   30.000 -0.00235 17
-127.000   31.000 -0.00462 14
-127.000   32.000 -0.00558 17
-127.000   33.000 -0.00698 15
-127.000   34.000 -0.00490 16
-127.000   35.000 -0.00276 13
-127.000   36.000  0.00285 15
-127.000   37.000  0.00699 12
-127.000   38.000  0.01149 16
-127.000   39.000  0.01127 14
-127.000   40.000  0.01430 19
-127.000   41.000  0.01410 15
-127.000   42.000  0.01681 20
-127.000   43.000  0.01600 17
-127.000   44.000  0.01763 22
-127.000   45.000  0.01343 17
-127.000   46.000  0.01205 23
-127.000   47.000  0.00861 18
-127.000   48.000  0.01083 22
-127.000   49.000  0.01078 16
-127.000   50.000  0.01425 20
-126.000   25.000  0.00475 11
-126.000   26.000  0.00399 13
-126.000   27.000  0.00195 10
-126.000   28.000  0.00101 11
-126.000   29.000 -0.00149 8
-126.000   30.000 -0.00280 9
-126.000   31.000 -0.00492 7
-126.000   32.000 -0.00510 10
-126.000   33.000 -0.00597 9
-126.000   34.000 -0.00398 11
-126.000   35.000 -0.00200 8
-126.000   36.000  0.00299 11
-126.000   37.000  0.00703 8
-126.000   38.000  0.01236 11
-126.000   39.000  0.01313 8
-126.000   40.000  0.01672 12
-126.000   41.000  0.01670 9
-126.000   42.000  0.01942 13
-126.000   43.000  0.01761 10
-126.000   44.000  0.01825 14
-126.000   45.000  0.01438 10
-126.000   46.000  0.01389 15
-126.000   47.000  0.01104 11
-126.000   48.000  0.01300 15
-126.000   49.000  0.01337 10
-126.000   50.000  0.01613 15
-125.000   25.000  0.00647 22
-125.000   26.000  0.00590 26
-125.000   27.000  0.00355 21
-125.000   28.000  0.00291 24
-125.000   29.000  0.00019 18
-125.000   30.000 -0.00169 19
-125.000   31.000 -0.00478 14
-125.000   32.000 -0.00569 18
-125.000   33.000 -0.00695 16
-125.000   34.000 -0.00548 19
-125.000   35.000 -0.00300 15
-125.000   36.000  0.00231 18
-125.000   37.000  0.00717 13
-125.000   38.000  0.01369 16
-125.000   39.000  0.01561 13
-125.000   40.000  0.01902 19
-125.000   41.000  0.01818 16
-125.000   42.000  0.02032 20
-125.000   43.000  0.01729 16
-125.000   44.000  0.01696 20
-125.000   45.000  0.01354 16
-125.000   46.000  0.01397 21
-125.000   47.000  0.01107 17
-125.000   48.000  0.01190 23
-125.000   49.000  0.01196 18
-125.000   50.000  0.01326 21
-124.000   25.000  0.00705 11
-124.000   26.000  0.00624 13
-124.000   27.000  0.00369 11
-124.000   28.000  0.00291 13
-124.000   29.000  0.00011 10
-124.000   30.000 -0.00168 11
-124.000   31.000 -0.00462 8
-124.000   32.000 -0.00562 11
-124.000   33.000 -0.00687 9
-124.000   34.000 -0.00568 13
-124.000   35.000 -0.00237 10
-124.000   36.000  0.00291 13
-124.000   37.000  0.00817 8
-124.000   38.000  0.01530 11
-124.000   39.000  0.01789 8
-124.000   40.000  0.02032 13
-124.000   41.000  0.01871 10
-124.000   42.000  0.02041 13
-124.000   43.000  0.01704 9
-124.000   44.000  0.01653 12
-124.000   45.000  0.01393 9
-124.000   46.000  0.01494 12
-124.000   47.000  0.01139 9
-124.000   48.000  0.01062 14
-124.000   49.000  0.00981 11
-124.000   50.000  0.00925 15
-123.000   25.000  0.00659 22
-123.000   26.000  0.00558 26
-123.000   27.000  0.00309 22
-123.000   28.000  0.00230 26
-123.000   29.000 -0.00012 20
-123.000   30.000 -0.00074 22
-123.000   31.000 -0.00233 16
-123.000   32.000 -0.00287 20
-123.000   33.000 -0.00423 16
-123.000   34.000 -0.00386 21
-123.000   35.000 -0.00117 17
-123.000   36.000  0.00230 19
-123.000   37.000  0.00634 12
-123.000   38.000  0.01289 15
-123.000   39.000  0.01536 13
-123.000   40.000  0.01582 20
-123.000   41.000  0.01270 17
-123.000   42.000  0.01378 20
-123.000   43.000  0.01107 15
-123.000   44.000  0.01133 18
-123.000   45.000  0.01060 15
-123.000   46.000  0.01289 19
-123.000   47.000  0.00922 15
-123.000   48.000  0.00660 20
-123.000   49.000  0.00448 16
-123.000   50.000  0.00190 20
-122.000   25.000  0.00582 11
-122.000   26.000  0.00536 13
-122.000   27.000  0.00355 11
-122.000   28.000  0.00359 13
-122.000   29.000  0.00206 10
-122.000   30.000  0.00236 11
-122.000   31.000  0.00147 8
-122.000   32.000  0.00109 10
-122.000   33.000 -0.00029 8
-122.000   34.000 -0.00041 11
-122.000   35.000  0.00170 9
-122.000   36.000  0.00362 11
-122.000   37.000  0.00603 7
-122.000   38.000  0.01045 10
-122.000   39.000  0.01139 8
-122.000   40.000  0.00926 13
-122.000   41.000  0.00427 10
-122.000   42.000  0.00429 13
-122.000   43.000  0.00302 9
-122.000   44.000  0.00485 12
-122.000   45.000  0.00660 9
-122.000   46.000  0.01044 13
-122.000   47.000  0.00754 9
-122.000   48.000  0.00378 13
-122.000   49.000  0.00060 9
-122.000   50.000 -0.00344 15
-121.000   25.000  0.00423 23
-121.000   26.000  0.00426 27
-121.000   27.000  0.00338 22
-121.000   28.000  0.00411 26
-121.000   29.000  0.00360 20
-121.000   30.000  0.00457 22
-121.000   31.000  0.00434 16
-121.000   32.000  0.00421 20
-121.000   33.000  0.00320 16
-121.000   34.000  0.00328 20
-121.000   35.000  0.00532 16
-121.000   36.000  0.00665 18
-121.000   37.000  0.00797 12
-121.000   38.000  0.01017 16
-121.000   39.000  0.00872 13
-121.000   40.000  0.00400 19
-121.000   41.000 -0.00284 15
-121.000   42.000 -0.00473 20
-121.000   43.000 -0.00596 16
-121.000   44.000 -0.00315 19
-121.000   45.000  0.00017 15
-121.000   46.000  0.00472 19
-121.000   47.000  0.00277 14
-121.000   48.000 -0.00068 19
-121.000   49.000 -0.00409 15
-121.000   50.000 -0.00855 21
-120.000   25.000  0.00225 12
-120.000   26.000  0.00246 14
-120.000   27.000  0.00234 11
-120.000   28.000  0.00351 13
-120.000   29.000  0.00411 10
-120.000   30.000  0.00640 11
-120.000   31.000  0.00801 8
-120.000   32.000  0.00954 10
-120.000   33.000  0.00952 8
-120.000   34.000  0.01030 10
-120.000   35.000  0.01123 8
-120.000   36.000  0.01165 10
-120.000   37.000  0.01159 7
-120.000   38.000  0.01215 11
-120.000   39.000  0.00878 8
-120.000   40.000  0.00323 12
-120.000   41.000 -0.00482 8
-120.000   42.000 -0.00905 13
-120.000   43.000 -0.01197 10
-120.000   44.000 -0.00968 13
-120.000   45.000 -0.00647 9
-120.000   46.000 -0.00187 12
-120.000   47.000 -0.00242 8
-120.000   48.000 -0.00386 13
-120.000   49.000 -0.00636 10
-120.000   50.000 -0.00984 16
-119.000   25.000  0.00259 24
-119.000   26.000  0.00296 30
-119.000   27.000  0.00302 23
-119.000   28.000  0.00446 27
-119.000   29.000  0.00581 20
-119.000   30.000  0.00913 24
-119.000   31.000  0.01201 18
-119.000   32.000  0.01511 23
-119.000   33.000  0.01557 17
-119.000   34.000  0.01661 22
-119.000   35.000  0.01444 17
-119.000   36.000  0.01270 21
-119.000   37.000  0.00894 14
-119.000   38.000  0.00774 18
-119.000   39.000  0.00232 13
-119.000   40.000 -0.00235 16
-119.000   41.000 -0.01072 13
-119.000   42.000 -0.01495 18
-119.000   43.000 -0.01900 18
-119.000   44.000 -0.01668 20
-119.000   45.000 -0.01305 16
-119.000   46.000 -0.00699 19
-119.000   47.000 -0.00460 14
-119.000   48.000 -0.00344 18
-119.000   49.000 -0.00431 15
-119.000   50.000 -0.00622 21
-118.000   25.000  0.00557 12
-118.000   26.000  0.00549 16
-118.000   27.000  0.00494 12
-118.000   28.000  0.00570 14
-118.000   29.000  0.00688 10
-118.000   30.000  0.01033 13
-118.000   31.000  0.01359 10
-118.000   32.000  0.01777 13
-118.000   33.000  0.01855 9
-118.000   34.000  0.02007 12
-118.000   35.000  0.01452 9
-118.000   36.000  0.01116 12
-118.000   37.000  0.00354 8
-118.000   38.000  0.00131 10
-118.000   39.000 -0.00582 7
-118.000   40.000 -0.00771 9
-118.000   41.000 -0.01492 8
-118.000   42.000 -0.01682 11
-118.000   43.000 -0.02157 11
-118.000   44.000 -0.01911 13
-118.000   45.000 -0.01574 10
-118.000   46.000 -0.00897 13
-118.000   47.000 -0.00436 9
-118.000   48.000 -0.00077 13
-118.000   49.000  0.00009 10
-118.000   50.000 -0.00017 16
-117.000   25.000  0.00900 21
-117.000   26.000  0.00825 30
-117.000   27.000  0.00709 24
-117.000   28.000  0.00660 30
-117.000   29.000  0.00695 22
-117.000   30.000  0.00954 28
-117.000   31.000  0.01240 21
-117.000   32.000  0.01642 26
-117.000   33.000  0.01708 18
-117.000   34.000  0.01877 24
-117.000   35.000  0.01205 18
-117.000   36.000  0.00829 23
-117.000   37.000 -0.00154 16
-117.000   38.000 -0.00471 19
-117.000   39.000 -0.01336 14
-117.000   40.000 -0.01414 16
-117.000   41.000 -0.02101 14
-117.000   42.000 -0.02109 15
-117.000   43.000 -0.02615 16
-117.000   44.000 -0.02275 18
-117.000   45.000 -0.01947 17
-117.000   46.000 -0.01156 19
-117.000   47.000 -0.00508 15
-117.000   48.000  0.00128 19
-117.000   49.000  0.00356 17
-117.000   50.000  0.00505 22
-116.000   25.000  0.01342 9
-116.000   26.000  0.01264 14
-116.000   27.000  0.01131 12
-116.000   28.000  0.00993 16
-116.000   29.000  0.00917 12
-116.000   30.000  0.00985 15
-116.000   31.000  0.01063 11
-116.000   32.000  0.01232 13
-116.000   33.000  0.01168 9
-116.000   34.000  0.01241 12
-116.000   35.000  0.00619 9
-116.000   36.000  0.00267 11
-116.000   37.000 -0.00820 8
-116.000   38.000 -0.01287 10
-116.000   39.000 -0.02285 8
-116.000   40.000 -0.02441 10
-116.000   41.000 -0.03205 8
-116.000   42.000 -0.03036 8
-116.000   43.000 -0.03378 7
-116.000   44.000 -0.02793 10
-116.000   45.000 -0.02372 10
-116.000   46.000 -0.01393 13
-116.000   47.000 -0.00588 10
-116.000   48.000  0.00241 15
-116.000   49.000  0.00516 12
-116.000   50.000  0.00775 17
-115.000   25.000  0.01773 18
-115.000   26.000  0.01720 26
-115.000   27.000  0.01590 21
-115.000   28.000  0.01401 28
-115.000   29.000  0.01229 21
-115.000   30.000  0.01068 29
-115.000   31.000  0.00867 22
-115.000   32.000  0.00709 27
-115.000   33.000  0.00443 18
-115.000   34.000  0.00346 23
-115.000   35.000 -0.00235 16
-115.000   36.000 -0.00614 21
-115.000   37.000 -0.01770 15
-115.000   38.000 -0.02317 20
-115.000   39.000 -0.03386 15
-115.000   40.000 -0.03654 18
-115.000   41.000 -0.04546 14
-115.000   42.000 -0.04192 14
-115.000   43.000 -0.04345 13
-115.000   44.000 -0.03459 16
-115.000   45.000 -0.02861 16
-115.000   46.000 -0.01551 19
-115.000   47.000 -0.00597 17
-115.000   48.000  0.00386 21
-115.000   49.000  0.00639 19
-115.000   50.000  0.00969 21
-114.000   25.000  0.01926 9
-114.000   26.000  0.01897 12
-114.000   27.000  0.01830 9
-114.000   28.000  0.01618 12
-114.000   29.000  0.01409 9
-114.000   30.000  0.01070 14
-114.000   31.000  0.00682 11
-114.000   32.000  0.00228 14
-114.000   33.000 -0.00228 9
-114.000   34.000 -0.00512 11
-114.000   35.000 -0.00984 7
-114.000   36.000 -0.01351 10
-114.000   37.000 -0.02309 7
-114.000   38.000 -0.02741 10
-114.000   39.000 -0.03713 7
-114.000   40.000 -0.04103 9
-114.000   41.000 -0.05266 7
-114.000   42.000 -0.05013 8
-114.000   43.000 -0.05207 7
-114.000   44.000 -0.04211 9
-114.000   45.000 -0.03575 8
-114.000   46.000 -0.01930 12
-114.000   47.000 -0.00938 11
-114.000   48.000  0.00199 16
-114.000   49.000  0.00407 13
-114.000   50.000  0.00825 16
-113.000   25.000  0.01741 20
-113.000   26.000  0.01763 25
-113.000   27.000  0.01825 18
-113.000   28.000  0.01676 24
-113.000   29.000  0.01517 18
-113.000   30.000  0.01109 26
-113.000   31.000  0.00658 19
-113.000   32.000  0.00017 25
-113.000   33.000 -0.00534 16
-113.000   34.000 -0.00951 22
-113.000   35.000 -0.01187 13
-113.000   36.000 -0.01491 20
-113.000   37.000 -0.02180 12
-113.000   38.000 -0.02533 20
-113.000   39.000 -0.03423 13
-113.000   40.000 -0.04044 18
-113.000   41.000 -0.05570 12
-113.000   42.000 -0.05583 14
-113.000   43.000 -0.05906 12
-113.000   44.000 -0.04833 16
-113.000   45.000 -0.04229 15
-113.000   46.000 -0.02289 18
-113.000   47.000 -0.01353 17
-113.000   48.000 -0.00083 20
-113.000   49.000  0.00015 19
-113.000   50.000  0.00476 19
-112.000   25.000  0.01432 11
-112.000   26.000  0.01496 13
-112.000   27.000  0.01671 9
-112.000   28.000  0.01638 12
-112.000   29.000  0.01591 9
-112.000   30.000  0.01232 12
-112.000   31.000  0.00840 8
-112.000   32.000  0.00202 11
-112.000   33.000 -0.00298 7
-112.000   34.000 -0.00720 11
-112.000   35.000 -0.00822 6
-112.000   36.000 -0.01098 10
-112.000   37.000 -0.01670 5
-112.000   38.000 -0.01977 10
-112.000   39.000 -0.02831 6
-112.000   40.000 -0.03541 9
-112.000   41.000 -0.05367 5
-112.000   42.000 -0.05558 6
-112.000   43.000 -0.06054 5
-112.000   44.000 -0.05009 8
-112.000   45.000 -0.04528 8
-112.000   46.000 -0.02402 10
-112.000   47.000 -0.01597 9
-112.000   48.000 -0.00307 13
-112.000   49.000 -0.00341 12
-112.000   50.000  0.00098 15
-111.000   25.000  0.00958 22
-111.000   26.000  0.01058 26
-111.000   27.000  0.01323 18
-111.000   28.000  0.01458 24
-111.000   29.000  0.01594 18
-111.000   30.000  0.01414 24
-111.000   31.000  0.01196 16
-111.000   32.000  0.00694 21
-111.000   33.000  0.00254 13
-111.000   34.000 -0.00161 19
-111.000   35.000 -0.00304 10
-111.000   36.000 -0.00610 17
-111.000   37.000 -0.01087 9
-111.000   38.000 -0.01260 17
-111.000   39.000 -0.02041 9
-111.000   40.000 -0.02664 14
-111.000   41.000 -0.04612 8
-111.000   42.000 -0.04986 11
-111.000   43.000 -0.05763 10
-111.000   44.000 -0.04911 16
-111.000   45.000 -0.04619 16
-111.000   46.000 -0.02449 19
-111.000   47.000 -0.01786 17
-111.000   48.000 -0.00505 18
-111.000   49.000 -0.00582 17
-111.000   50.000 -0.00150 17
-110.000   25.000  0.00447 11
-110.000   26.000  0.00605 13
-110.000   27.000  0.00960 9
-110.000   28.000  0.01308 12
-110.000   29.000  0.01649 9
-110.000   30.000  0.01709 12
-110.000   31.000  0.01697 8
-110.000   32.000  0.01355 10
-110.000   33.000  0.00935 6
-110.000   34.000  0.00494 8
-110.000   35.000  0.00299 4
-110.000   36.000  0.00003 7
-110.000   37.000 -0.00338 4
-110.000   38.000 -0.00458 7
-110.000   39.000 -0.01213 3
-110.000   40.000 -0.01806 5
-110.000   41.000 -0.03725 3
-110.000   42.000 -0.04340 5
-110.000   43.000 -0.05309 5
-110.000   44.000 -0.04628 8
-110.000   45.000 -0.04421 8
-110.000   46.000 -0.02365 11
-110.000   47.000 -0.01775 10
-110.000   48.000 -0.00503 13
-110.000   49.000 -0.00538 11
-110.000   50.000 -0.00131 14
-109.000   25.000 -0.00068 23
-109.000   26.000  0.00164 28
-109.000   27.000  0.00608 21
-109.000   28.000  0.01179 26
-109.000   29.000  0.01753 19
-109.000   30.000  0.02080 24
-109.000   31.000  0.02288 16
-109.000   32.000  0.02102 20
-109.000   33.000  0.01760 11
-109.000   34.000  0.01317 14
-109.000   35.000  0.01101 6
-109.000   36.000  0.00820 11
-109.000   37.000  0.00551 6
-109.000   38.000  0.00395 11
-109.000   39.000 -0.00269 5
-109.000   40.000 -0.00804 9
-109.000   41.000 -0.02733 5
-109.000   42.000 -0.03625 9
-109.000   43.000 -0.04803 8
-109.000   44.000 -0.04410 13
-109.000   45.000 -0.04348 14
-109.000   46.000 -0.02397 18
-109.000   47.000 -0.01792 18
-109.000   48.000 -0.00536 17
-109.000   49.000 -0.00536 16
-109.000   50.000 -0.00195 15
-108.000   25.000 -0.00571 12
-108.000   26.000 -0.00264 15
-108.000   27.000  0.00270 12
-108.000   28.000  0.01031 14
-108.000   29.000  0.01855 10
-108.000   30.000  0.02425 12
-108.000   31.000  0.02840 8
-108.000   32.000  0.02715 10
-108.000   33.000  0.02465 5
-108.000   34.000  0.02031 6
-108.000   35.000  0.01723 2
-108.000   36.000  0.01347 4
-108.000   37.000  0.01119 2
-108.000   38.000  0.01269 4
-108.000   39.000  0.01041 2
-108.000   40.000  0.00862 4
-108.000   41.000 -0.01114 2
-108.000   42.000 -0.02324 4
-108.000   43.000 -0.04143 3
-108.000   44.000 -0.04391 5
-108.000   45.000 -0.04647 6
-108.000   46.000 -0.02600 9
-108.000   47.000 -0.01751 10
-108.000   48.000 -0.00347 11
-108.000   49.000 -0.00262 10
-108.000   50.000  0.00067 11
-107.000   25.000 -0.00951 22
-107.000   26.000 -0.00587 26
-107.000   27.000 -0.00015 22
-107.000   28.000  0.00856 24
-107.000   29.000  0.01857 18
-107.000   30.000  0.02645 20
-107.000   31.000  0.03292 15
-107.000   32.000  0.03172 17
-107.000   33.000  0.02941 9
-107.000   34.000  0.02464 9
-107.000   35.000  0.01995 3
-107.000   36.000  0.01422 5
-107.000   37.000  0.01303 2
-107.000   38.000  0.01856 4
-107.000   39.000  0.02141 2
-107.000   40.000  0.02351 5
-107.000   41.000  0.00388 3
-107.000   42.000 -0.00954 6
-107.000   43.000 -0.03301 5
-107.000   44.000 -0.04306 8
-107.000   45.000 -0.04991 11
-107.000   46.000 -0.03042 13
-107.000   47.000 -0.02168 16
-107.000   48.000 -0.00758 13
-107.000   49.000 -0.00552 15
-107.000   50.000 -0.00162 12
-106.000   25.000 -0.01170 10
-106.000   26.000 -0.00781 11
-106.000   27.000 -0.00221 10
-106.000   28.000  0.00676 10
-106.000   29.000  0.01773 8
-106.000   30.000  0.02771 8
-106.000   31.000  0.03774 7
-106.000   32.000  0.03627 7
-106.000   33.000  0.03350 4
-106.000   34.000  0.02764 3
-106.000   35.000  0.02104 1
-106.000   36.000  0.01175 1
-106.000   37.000  0.01140 0
-106.000   38.000  0.01762 0
-106.000   39.000  0.02234 0
-106.000   40.000  0.02582 1
-106.000   41.000  0.01015 1
-106.000   42.000  0.00176 2
-106.000   43.000 -0.02011 2
-106.000   44.000 -0.03211 3
-106.000   45.000 -0.04095 5
-106.000   46.000 -0.02645 6
-106.000   47.000 -0.02302 8
-106.000   48.000 -0.01058 7
-106.000   49.000 -0.00849 8
-106.000   50.000 -0.00373 8
-105.000   25.000 -0.01144 20
-105.000   26.000 -0.00751 22
-105.000   27.000 -0.00224 20
-105.000   28.000  0.00666 20
-105.000   29.000  0.01795 17
-105.000   30.000  0.02895 16
-105.000   31.000  0.04052 14
-105.000   32.000  0.03845 11
-105.000   33.000  0.03561 6
-105.000   34.000  0.02904 3
-105.000   35.000  0.02103 1
-105.000   36.000  0.00936 1
-105.000   37.000  0.00878 0
-105.000   38.000  0.01517 0
-105.000   39.000  0.02142 0
-105.000   40.000  0.02624 1
-105.000   41.000  0.01335 1
-105.000   42.000  0.01119 2
-105.000   43.000 -0.00960 2
-105.000   44.000 -0.02291 4
-105.000   45.000 -0.03360 8
-105.000   46.000 -0.02244 9
-105.000   47.000 -0.02495 13
-105.000   48.000 -0.01434 10
-105.000   49.000 -0.01312 14
-105.000   50.000 -0.00841 11
-104.000   25.000 -0.00931 10
-104.000   26.000 -0.00547 11
-104.000   27.000 -0.00068 10
-104.000   28.000  0.00830 10
-104.000   29.000  0.01934 9
-104.000   30.000  0.03064 8
-104.000   31.000  0.04239 7
-104.000   32.000  0.03965 4
-104.000   33.000  0.03606 2
-104.000   34.000  0.02859 0
-104.000   35.000  0.01942 0
-104.000   36.000  0.00645 0
-104.000   37.000  0.00550 0
-104.000   38.000  0.01160 0
-104.000   39.000  0.01770 0
-104.000   40.000  0.02272 0
-104.000   41.000  0.01361 0
-104.000   42.000  0.01497 0
-104.000   43.000 -0.00496 0
-104.000   44.000 -0.01733 1
-104.000   45.000 -0.02807 3
-104.000   46.000 -0.02071 4
-104.000   47.000 -0.02639 6
-104.000   48.000 -0.01624 5
-104.000   49.000 -0.01590 7
-104.000   50.000 -0.01166 6
-103.000   25.000 -0.00756 21
-103.000   26.000 -0.00389 24
-103.000   27.000  0.00017 21
-103.000   28.000  0.00819 21
-103.000   29.000  0.01788 18
-103.000   30.000  0.02730 14
-103.000   31.000  0.03843 13
-103.000   32.000  0.02837 7
-103.000   33.000  0.02445 5
-103.000   34.000  0.01623 0
-103.000   35.000  0.00853 0
-103.000   36.000 -0.00402 0
-103.000   37.000  0.00275 0
-103.000   38.000  0.00580 0
-103.000   39.000  0.00885 0
-103.000   40.000  0.01136 0
-103.000   41.000  0.00681 0
-103.000   42.000  0.01112 0
-103.000   43.000 -0.00322 0
-103.000   44.000 -0.01242 1
-103.000   45.000 -0.02184 5
-103.000   46.000 -0.01997 7
-103.000   47.000 -0.02914 12
-103.000   48.000 -0.02092 10
-103.000   49.000 -0.02018 14
-103.000   50.000 -0.01539 12
-102.000   25.000 -0.00749 11
-102.000   26.000 -0.00387 13
-102.000   27.000 -0.00021 11
-102.000   28.000  0.00649 11
-102.000   29.000  0.01468 9
-102.000   30.000  0.02058 6
-102.000   31.000  0.02984 6
-102.000   32.000  0.01246 3
-102.000   33.000  0.00895 3
-102.000   34.000  0.00041 0
-102.000   35.000 -0.00384 0
-102.000   36.000 -0.01450 0
-102.000   37.000  0.00000 0
-102.000   38.000  0.00000 0
-102.000   39.000  0.00000 0
-102.000   40.000  0.00000 0
-102.000   41.000  0.00000 0
-102.000   42.000  0.00543 0
-102.000   43.000 -0.00417 0
-102.000   44.000 -0.00981 0
-102.000   45.000 -0.01693 2
-102.000   46.000 -0.01799 3
-102.000   47.000 -0.02775 6
-102.000   48.000 -0.01975 5
-102.000   49.000 -0.01764 7
-102.000   50.000 -0.01166 7
-101.000   25.000 -0.00843 21
-101.000   26.000 -0.00467 24
-101.000   27.000 -0.00093 21
-101.000   28.000  0.00560 21
-101.000   29.000  0.01360 18
-101.000   30.000  0.01717 13
-101.000   31.000  0.02315 12
-101.000   32.000  0.00318 7
-101.000   33.000  0.00061 6
-101.000   34.000 -0.00414 1
-101.000   35.000 -0.00590 0
-101.000   36.000 -0.01320 0
-101.000   37.000  0.00397 0
-101.000   38.000  0.00383 0
-101.000   39.000  0.00000 0
-101.000   40.000  0.00000 0
-101.000   41.000  0.00000 0
-101.000   42.000  0.00097 0
-101.000   43.000 -0.01026 0
-101.000   44.000 -0.01650 1
-101.000   45.000 -0.02294 5
-101.000   46.000 -0.02210 6
-101.000   47.000 -0.02683 10
-101.000   48.000 -0.01690 9
-101.000   49.000 -0.01332 14
-101.000   50.000 -0.00703 14
-100.000   25.000 -0.01161 10
-100.000   26.000 -0.00752 11
-100.000   27.000 -0.00346 10
-100.000   28.000  0.00359 10
-100.000   29.000  0.01261 9
-100.000   30.000  0.01613 7
-100.000   31.000  0.02055 6
-100.000   32.000 -0.00032 4
-100.000   33.000 -0.00242 3
-100.000   34.000 -0.00399 1
-100.000   35.000 -0.00500 0
-100.000   36.000 -0.01038 0
-100.000   37.000  0.00793 0
-100.000   38.000  0.00765 0
-100.000   39.000  0.00000 0
-100.000   40.000  0.00000 0
-100.000   41.000  0.00000 0
-100.000   42.000 -0.00261 0
-100.000   43.000 -0.01429 0
-100.000   44.000 -0.02083 1
-100.000   45.000 -0.02683 3
-100.000   46.000 -0.02480 3
-100.000   47.000 -0.02519 4
-100.000   48.000 -0.01329 4
-100.000   49.000 -0.00845 7
-100.000   50.000 -0.00127 8
 -99.000   25.000 -0.01493 19
 -99.000   26.000 -0.01096 20
 -99.000   27.000 -0.00679 19
 -99.000   28.000  0.00008 19
 -99.000   29.000  0.01014 18
 -99.000   30.000  0.01487 14
 -99.000   31.000  0.02010 12
 -99.000   32.000 -0.00048 8
 -99.000   33.000 -0.00192 7
 -99.000   34.000 -0.00078 4
 -99.000   35.000  0.00083 2
 -99.000   36.000 -0.00082 1
 -99.000   37.000  0.01779 0
 -99.000   38.000  0.01748 0
 -99.000   39.000  0.00664 0
 -99.000   40.000  0.00377 0
 -99.000   41.000 -0.00023 0
 -99.000   42.000 -0.00308 0
 -99.000   43.000 -0.01303 0
 -99.000   44.000 -0.02050 1
 -99.000   45.000 -0.02690 5
 -99.000   46.000 -0.02500 7
 -99.000   47.000 -0.02476 10
 -99.000   48.000 -0.01366 9
 -99.000   49.000 -0.00774 13
 -99.000   50.000  0.00035 14
 -98.000   25.000 -0.01608 9
 -98.000   26.000 -0.01268 9
 -98.000   27.000 -0.00857 9
 -98.000   28.000 -0.00137 9
 -98.000   29.000  0.01019 9
 -98.000   30.000  0.01862 7
 -98.000   31.000  0.02635 6
 -98.000   32.000  0.01438 4
 -98.000   33.000  0.01234 4
 -98.000   34.000  0.01509 3
 -98.000   35.000  0.01651 2
 -98.000   36.000  0.01682 1
 -98.000   37.000  0.02721 0
 -98.000   38.000  0.02699 0
 -98.000   39.000  0.01328 0
 -98.000   40.000  0.00754 0
 -98.000   41.000 -0.00047 0
 -98.000   42.000 -0.00268 0
 -98.000   43.000 -0.01107 0
 -98.000   44.000 -0.01923 0
 -98.000   45.000 -0.02611 2
 -98.000   46.000 -0.02491 4
 -98.000   47.000 -0.02518 6
 -98.000   48.000 -0.01497 6
 -98.000   49.000 -0.00851 7
 -98.000   50.000  0.00011 9
 -97.000   25.000 -0.01513 19
 -97.000   26.000 -0.01248 20
 -97.000   27.000 -0.00830 19
 -97.000   28.000 -0.00052 19
 -97.000   29.000  0.01282 17
 -97.000   30.000  0.02564 14
 -97.000   31.000  0.03642 12
 -97.000   32.000  0.03377 9
 -97.000   33.000  0.03058 8
 -97.000   34.000  0.03439 5
 -97.000   35.000  0.03337 4
 -97.000   36.000  0.03488 3
 -97.000   37.000  0.03955 2
 -97.000   38.000  0.04347 1
 -97.000   39.000  0.03233 0
 -97.000   40.000  0.03011 0
 -97.000   41.000  0.01878 0
 -97.000   42.000  0.01288 0
 -97.000   43.000  0.00129 1
 -97.000   44.000 -0.01181 1
 -97.000   45.000 -0.02377 5
 -97.000   46.000 -0.02466 7
 -97.000   47.000 -0.02534 11
 -97.000   48.000 -0.01602 10
 -97.000   49.000 -0.01038 13
 -97.000   50.000 -0.00288 13
 -96.000   25.000 -0.01272 10
 -96.000   26.000 -0.01109 11
 -96.000   27.000 -0.00694 10
 -96.000   28.000  0.00021 10
 -96.000   29.000  0.01423 8
 -96.000   30.000  0.02912 7
 -96.000   31.000  0.04286 6
 -96.000   32.000  0.04561 5
 -96.000   33.000  0.04219 4
 -96.000   34.000  0.04420 2
 -96.000   35.000  0.04191 2
 -96.000   36.000  0.04464 2
 -96.000   37.000  0.04737 2
 -96.000   38.000  0.05543 1
 -96.000   39.000  0.05073 0
 -96.000   40.000  0.05269 0
 -96.000   41.000  0.03879 0
 -96.000   42.000  0.02899 0
 -96.000   43.000  0.01403 1
 -96.000   44.000 -0.00428 1
 -96.000   45.000 -0.02144 3
 -96.000   46.000 -0.02432 3
 -96.000   47.000 -0.02438 5
 -96.000   48.000 -0.01557 6
 -96.000   49.000 -0.01003 8
 -96.000   50.000 -0.00270 9
 -95.000   25.000 -0.00952 20
 -95.000   26.000 -0.00885 22
 -95.000   27.000 -0.00458 20
 -95.000   28.000  0.00148 21
 -95.000   29.000  0.01540 17
 -95.000   30.000  0.03040 17
 -95.000   31.000  0.04638 14
 -95.000   32.000  0.05127 12
 -95.000   33.000  0.04710 8
 -95.000   34.000  0.04673 5
 -95.000   35.000  0.04409 5
 -95.000   36.000  0.04663 6
 -95.000   37.000  0.04748 5
 -95.000   38.000  0.05770 5
 -95.000   39.000  0.05684 2
 -95.000   40.000  0.05967 3
 -95.000   41.000  0.04506 1
 -95.000   42.000  0.03430 1
 -95.000   43.000  0.01907 2
 -95.000   44.000 -0.00176 4
 -95.000   45.000 -0.02118 8
 -95.000   46.000 -0.02716 9
 -95.000   47.000 -0.02744 11
 -95.000   48.000 -0.02072 10
 -95.000   49.000 -0.01525 13
 -95.000   50.000 -0.00824 12
 -94.000   25.000 -0.00745 10
 -94.000   26.000 -0.00705 11
 -94.000   27.000 -0.00197 10
 -94.000   28.000  0.00383 11
 -94.000   29.000  0.01796 9
 -94.000   30.000  0.03216 10
 -94.000   31.000  0.04863 8
 -94.000   32.000  0.05337 7
 -94.000   33.000  0.04758 4
 -94.000   34.000  0.04435 3
 -94.000   35.000  0.03866 3
 -94.000   36.000  0.03709 4
 -94.000   37.000  0.03583 3
 -94.000   38.000  0.04707 4
 -94.000   39.000  0.04913 2
 -94.000   40.000  0.05555 3
 -94.000   41.000  0.04576 1
 -94.000   42.000  0.03676 1
 -94.000   43.000  0.02270 1
 -94.000   44.000 -0.00062 3
 -94.000   45.000 -0.02299 5
 -94.000   46.000 -0.03314 8
 -94.000   47.000 -0.03455 8
 -94.000   48.000 -0.02953 9
 -94.000   49.000 -0.02349 8
 -94.000   50.000 -0.01532 9
 -93.000   25.000 -0.00602 20
 -93.000   26.000 -0.00557 24
 -93.000   27.000  0.00037 20
 -93.000   28.000  0.00612 21
 -93.000   29.000  0.02040 16
 -93.000   30.000  0.03278 19
 -93.000   31.000  0.04814 16
 -93.000   32.000  0.05199 15
 -93.000   33.000  0.04627 9
 -93.000   34.000  0.04089 8
 -93.000   35.000  0.03258 7
 -93.000   36.000  0.02811 9
 -93.000   37.000  0.02610 6
 -93.000   38.000  0.03707 9
 -93.000   39.000  0.04133 5
 -93.000   40.000  0.05164 8
 -93.000   41.000  0.04689 4
 -93.000   42.000  0.03863 6
 -93.000   43.000  0.02463 5
 -93.000   44.000 -0.00034 8
 -93.000   45.000 -0.02470 10
 -93.000   46.000 -0.03906 13
 -93.000   47.000 -0.04151 13
 -93.000   48.000 -0.03785 12
 -93.000   49.000 -0.03191 12
 -93.000   50.000 -0.02388 11
 -92.000   25.000 -0.00499 10
 -92.000   26.000 -0.00445 13
 -92.000   27.000  0.00210 10
 -92.000   28.000  0.00812 10
 -92.000   29.000  0.02259 7
 -92.000   30.000  0.03346 9
 -92.000   31.000  0.04733 8
 -92.000   32.000  0.04969 8
 -92.000   33.000  0.04466 5
 -92.000   34.000  0.03717 5
 -92.000   35.000  0.02683 4
 -92.000   36.000  0.01968 5
 -92.000   37.000  0.01457 3
 -92.000   38.000  0.02045 5
 -92.000   39.000  0.02124 3
 -92.000   40.000  0.02917 5
 -92.000   41.000  0.02888 3
 -92.000   42.000  0.02491 5
 -92.000   43.000  0.01475 4
 -92.000   44.000 -0.00707 5
 -92.000   45.000 -0.02832 5
 -92.000   46.000 -0.04585 8
 -92.000   47.000 -0.04996 8
 -92.000   48.000 -0.04782 10
 -92.000   49.000 -0.04154 8
 -92.000   50.000 -0.03332 10
 -91.000   25.000 -0.00401 19
 -91.000   26.000 -0.00303 25
 -91.000   27.000  0.00428 19
 -91.000   28.000  0.01099 22
 -91.000   29.000  0.02558 16
 -91.000   30.000  0.03518 21
 -91.000   31.000  0.04694 17
 -91.000   32.000  0.04636 19
 -91.000   33.000  0.04093 12
 -91.000   34.000  0.03109 14
 -91.000   35.000  0.01921 10
 -91.000   36.000  0.00956 14
 -91.000   37.000  0.00210 9
 -91.000   38.000  0.00356 13
 -91.000   39.000  0.00105 7
 -91.000   40.000  0.00566 12
 -91.000   41.000  0.00826 8
 -91.000   42.000  0.00855 13
 -91.000   43.000  0.00195 9
 -91.000   44.000 -0.01573 11
 -91.000   45.000 -0.03231 10
 -91.000   46.000 -0.05077 13
 -91.000   47.000 -0.05634 13
 -91.000   48.000 -0.05631 13
 -91.000   49.000 -0.05045 12
 -91.000   50.000 -0.04381 12
 -90.000   25.000 -0.00235 9
 -90.000   26.000 -0.00089 12
 -90.000   27.000  0.00712 9
 -90.000   28.000  0.01428 12
 -90.000   29.000  0.02852 9
 -90.000   30.000  0.03673 12
 -90.000   31.000  0.04640 9
 -90.000   32.000  0.04390 11
 -90.000   33.000  0.03854 7
 -90.000   34.000  0.02770 9
 -90.000   35.000  0.01500 6
 -90.000   36.000  0.00446 9
 -90.000   37.000 -0.00379 6
 -90.000   38.000 -0.00432 8
 -90.000   39.000 -0.00731 4
 -90.000   40.000 -0.00293 7
 -90.000   41.000  0.00014 5
 -90.000   42.000  0.00060 8
 -90.000   43.000 -0.00598 5
 -90.000   44.000 -0.02315 6
 -90.000   45.000 -0.03853 5
 -90.000   46.000 -0.05644 8
 -90.000   47.000 -0.06165 8
 -90.000   48.000 -0.06240 11
 -90.000   49.000 -0.05655 9
 -90.000   50.000 -0.05094 12
 -89.000   25.000  0.00077 19
 -89.000   26.000  0.00266 25
 -89.000   27.000  0.01094 18
 -89.000   28.000  0.01788 23
 -89.000   29.000  0.03074 17
 -89.000   30.000  0.03725 23
 -89.000   31.000  0.04458 18
 -89.000   32.000  0.04115 23
 -89.000   33.000  0.03685 15
 -89.000   34.000  0.02668 20
 -89.000   35.000  0.01415 13
 -89.000   36.000  0.00424 19
 -89.000   37.000 -0.00368 12
 -89.000   38.000 -0.00516 18
 -89.000   39.000 -0.00794 12
 -89.000   40.000 -0.00323 18
 -89.000   41.000 -0.00139 13
 -89.000   42.000 -0.00309 18
 -89.000   43.000 -0.01183 12
 -89.000   44.000 -0.02705 14
 -89.000   45.000 -0.03969 11
 -89.000   46.000 -0.05405 14
 -89.000   47.000 -0.05731 13
 -89.000   48.000 -0.05730 13
 -89.000   49.000 -0.05248 12
 -89.000   50.000 -0.04914 12
 -88.000   25.000  0.00493 10
 -88.000   26.000  0.00745 13
 -88.000   27.000  0.01620 9
 -88.000   28.000  0.02278 11
 -88.000   29.000  0.03374 8
 -88.000   30.000  0.03857 11
 -88.000   31.000  0.04328 9
 -88.000   32.000  0.03802 12
 -88.000   33.000  0.03318 8
 -88.000   34.000  0.02373 11
 -88.000   35.000  0.01187 7
 -88.000   36.000  0.00267 10
 -88.000   37.000 -0.00498 6
 -88.000   38.000 -0.00619 10
 -88.000   39.000 -0.00796 8
 -88.000   40.000 -0.00277 11
 -88.000   41.000 -0.00249 8
 -88.000   42.000 -0.00539 10
 -88.000   43.000 -0.01582 7
 -88.000   44.000 -0.02924 8
 -88.000   45.000 -0.04015 6
 -88.000   46.000 -0.05044 8
 -88.000   47.000 -0.05223 7
 -88.000   48.000 -0.05126 10
 -88.000   49.000 -0.04772 9
 -88.000   50.000 -0.04594 12
 -87.000   25.000  0.00905 20
 -87.000   26.000  0.01131 27
 -87.000   27.000  0.01950 19
 -87.000   28.000  0.02492 24
 -87.000   29.000  0.03404 17
 -87.000   30.000  0.03731 25
 -87.000   31.000  0.04041 21
 -87.000   32.000  0.03409 27
 -87.000   33.000  0.02842 18
 -87.000   34.000  0.01947 22
 -87.000   35.000  0.00873 15
 -87.000   36.000  0.00025 20
 -87.000   37.000 -0.00680 15
 -87.000   38.000 -0.00689 21
 -87.000   39.000 -0.00734 17
 -87.000   40.000 -0.00223 21
 -87.000   41.000 -0.00373 16
 -87.000   42.000 -0.00698 20
 -87.000   43.000 -0.01790 16
 -87.000   44.000 -0.02847 17
 -87.000   45.000 -0.03687 13
 -87.000   46.000 -0.04255 15
 -87.000   47.000 -0.04266 14
 -87.000   48.000 -0.04067 15
 -87.000   49.000 -0.03866 13
 -87.000   50.000 -0.03831 13
 -86.000   25.000  0.01275 10
 -86.000   26.000  0.01380 14
 -86.000   27.000  0.02038 10
 -86.000   28.000  0.02369 13
 -86.000   29.000  0.03113 9
 -86.000   30.000  0.03292 14
 -86.000   31.000  0.03548 12
 -86.000   32.000  0.02972 15
 -86.000   33.000  0.02473 10
 -86.000   34.000  0.01637 11
 -86.000   35.000  0.00708 8
 -86.000   36.000 -0.00059 10
 -86.000   37.000 -0.00655 9
 -86.000   38.000 -0.00607 11
 -86.000   39.000 -0.00546 9
 -86.000   40.000 -0.00065 10
 -86.000   41.000 -0.00298 8
 -86.000   42.000 -0.00651 10
 -86.000   43.000 -0.01722 9
 -86.000   44.000 -0.02684 10
 -86.000   45.000 -0.03506 8
 -86.000   46.000 -0.03928 11
 -86.000   47.000 -0.03932 10
 -86.000   48.000 -0.03690 14
 -86.000   49.000 -0.03568 10
 -86.000   50.000 -0.03510 13
 -85.000   25.000  0.01654 21
 -85.000   26.000  0.01612 30
 -85.000   27.000  0.02077 22
 -85.000   28.000  0.02175 30
 -85.000   29.000  0.02735 22
 -85.000   30.000  0.02769 29
 -85.000   31.000  0.03004 22
 -85.000   32.000  0.02555 28
 -85.000   33.000  0.02215 20
 -85.000   34.000  0.01483 24
 -85.000   35.000  0.00735 18
 -85.000   36.000  0.00069 22
 -85.000   37.000 -0.00413 19
 -85.000   38.000 -0.00367 22
 -85.000   39.000 -0.00232 18
 -85.000   40.000  0.00203 19
 -85.000   41.000 -0.00085 15
 -85.000   42.000 -0.00438 17
 -85.000   43.000 -0.01438 15
 -85.000   44.000 -0.02195 17
 -85.000   45.000 -0.02917 16
 -85.000   46.000 -0.03139 18
 -85.000   47.000 -0.03115 16
 -85.000   48.000 -0.02829 17
 -85.000   49.000 -0.02811 14
 -85.000   50.000 -0.02750 15
 -84.000   25.000  0.01956 11
 -84.000   26.000  0.01754 16
 -84.000   27.000  0.02018 12
 -84.000   28.000  0.01902 17
 -84.000   29.000  0.02326 13
 -84.000   30.000  0.02237 15
 -84.000   31.000  0.02509 10
 -84.000   32.000  0.02208 13
 -84.000   33.000  0.02043 10
 -84.000   34.000  0.01402 13
 -84.000   35.000  0.00838 10
 -84.000   36.000  0.00256 12
 -84.000   37.000 -0.00122 10
 -84.000   38.000 -0.00160 11
 -84.000   39.000 -0.00053 9
 -84.000   40.000  0.00180 10
 -84.000   41.000 -0.00189 8
 -84.000   42.000 -0.00628 9
 -84.000   43.000 -0.01524 7
 -84.000   44.000 -0.02232 10
 -84.000   45.000 -0.02889 10
 -84.000   46.000 -0.03094 13
 -84.000   47.000 -0.03052 10
 -84.000   48.000 -0.02788 13
 -84.000   49.000 -0.02780 10
 -84.000   50.000 -0.02677 14
 -83.000   25.000  0.02114 24
 -83.000   26.000  0.01725 34
 -83.000   27.000  0.01806 25
 -83.000   28.000  0.01528 33
 -83.000   29.000  0.01921 25
 -83.000   30.000  0.01761 30
 -83.000   31.000  0.02135 21
 -83.000   32.000  0.01987 27
 -83.000   33.000  0.01983 21
 -83.000   34.000  0.01381 27
 -83.000   35.000  0.01008 21
 -83.000   36.000  0.00517 25
 -83.000   37.000  0.00263 21
 -83.000   38.000  0.00157 22
 -83.000   39.000  0.00206 18
 -83.000   40.000  0.00217 18
 -83.000   41.000 -0.00196 15
 -83.000   42.000 -0.00681 16
 -83.000   43.000 -0.01424 14
 -83.000   44.000 -0.02015 16
 -83.000   45.000 -0.02529 15
 -83.000   46.000 -0.02664 16
 -83.000   47.000 -0.02578 14
 -83.000   48.000 -0.02341 15
 -83.000   49.000 -0.02329 14
 -83.000   50.000 -0.02189 16
 -82.000   25.000  0.02233 13
 -82.000   26.000  0.01740 18
 -82.000   27.000  0.01775 13
 -82.000   28.000  0.01453 16
 -82.000   29.000  0.01859 12
 -82.000   30.000  0.01663 15
 -82.000   31.000  0.02073 11
 -82.000   32.000  0.01936 14
 -82.000   33.000  0.01996 11
 -82.000   34.000  0.01434 14
 -82.000   35.000  0.01256 11
 -82.000   36.000  0.00874 13
 -82.000   37.000  0.00708 11
 -82.000   38.000  0.00474 12
 -82.000   39.000  0.00372 10
 -82.000   40.000  0.00072 11
 -82.000   41.000 -0.00437 9
 -82.000   42.000 -0.01025 11
 -82.000   43.000 -0.01629 9
 -82.000   44.000 -0.02175 11
 -82.000   45.000 -0.02569 8
 -82.000   46.000 -0.02698 10
 -82.000   47.000 -0.02554 8
 -82.000   48.000 -0.02342 11
 -82.000   49.000 -0.02292 9
 -82.000   50.000 -0.02103 13
 -81.000   25.000  0.02350 26
 -81.000   26.000  0.01856 34
 -81.000   27.000  0.01919 25
 -81.000   28.000  0.01633 31
 -81.000   29.000  0.02021 24
 -81.000   30.000  0.01789 29
 -81.000   31.000  0.02160 22
 -81.000   32.000  0.01975 28
 -81.000   33.000  0.02073 23
 -81.000   34.000  0.01593 29
 -81.000   35.000  0.01563 23
 -81.000   36.000  0.01268 26
 -81.000   37.000  0.01105 21
 -81.000   38.000  0.00743 22
 -81.000   39.000  0.00503 18
 -81.000   40.000  0.00050 18
 -81.000   41.000 -0.00487 15
 -81.000   42.000 -0.00977 17
 -81.000   43.000 -0.01369 16
 -81.000   44.000 -0.01671 17
 -81.000   45.000 -0.01929 14
 -81.000   46.000 -0.01940 16
 -81.000   47.000 -0.01813 15
 -81.000   48.000 -0.01666 18
 -81.000   49.000 -0.01695 14
 -81.000   50.000 -0.01502 18
 -80.000   25.000  0.02423 13
 -80.000   26.000  0.01955 16
 -80.000   27.000  0.02044 12
 -80.000   28.000  0.01797 15
 -80.000   29.000  0.02165 12
 -80.000   30.000  0.01899 14
 -80.000   31.000  0.02234 11
 -80.000   32.000  0.02021 14
 -80.000   33.000  0.02167 12
 -80.000   34.000  0.01778 15
 -80.000   35.000  0.01864 12
 -80.000   36.000  0.01640 14
 -80.000   37.000  0.01444 11
 -80.000   38.000  0.00947 13
 -80.000   39.000  0.00513 10
 -80.000   40.000 -0.00131 12
 -80.000   41.000 -0.00744 9
 -80.000   42.000 -0.01128 12
 -80.000   43.000 -0.01258 10
 -80.000   44.000 -0.01285 12
 -80.000   45.000 -0.01371 9
 -80.000   46.000 -0.01261 12
 -80.000   47.000 -0.01181 10
 -80.000   48.000 -0.01168 15
 -80.000   49.000 -0.01289 10
 -80.000   50.000 -0.01120 16
 -79.000   25.000  0.02340 25
 -79.000   26.000  0.01912 30
 -79.000   27.000  0.02009 23
 -79.000   28.000  0.01804 29
 -79.000   29.000  0.02150 24
 -79.000   30.000  0.01908 29
 -79.000   31.000  0.02243 22
 -79.000   32.000  0.02068 28
 -79.000   33.000  0.02287 22
 -79.000   34.000  0.01982 28
 -79.000   35.000  0.02113 22
 -79.000   36.000  0.01903 26
 -79.000   37.000  0.01630 20
 -79.000   38.000  0.01065 22
 -79.000   39.000  0.00531 17
 -79.000   40.000 -0.00076 20
 -79.000   41.000 -0.00604 15
 -79.000   42.000 -0.00696 19
 -79.000   43.000 -0.00558 16
 -79.000   44.000 -0.00207 21
 -79.000   45.000 -0.00137 17
 -79.000   46.000  0.00146 21
 -79.000   47.000  0.00103 17
 -79.000   48.000 -0.00031 22
 -79.000   49.000 -0.00297 15
 -79.000   50.000 -0.00221 20
 -78.000   25.000  0.02187 12
 -78.000   26.000  0.01827 14
 -78.000   27.000  0.01889 11
 -78.000   28.000  0.01695 14
 -78.000   29.000  0.01944 12
 -78.000   30.000  0.01740 15
 -78.000   31.000  0.02091 11
 -78.000   32.000  0.02037 14
 -78.000   33.000  0.02371 10
 -78.000   34.000  0.02221 14
 -78.000   35.000  0.02374 11
 -78.000   36.000  0.02166 15
 -78.000   37.000  0.01804 11
 -78.000   38.000  0.01195 14
 -78.000   39.000  0.00575 10
 -78.000   40.000 -0.00014 14
 -78.000   41.000 -0.00527 9
 -78.000   42.000 -0.00419 13
 -78.000   43.000 -0.00099 9
 -78.000   44.000  0.00517 15
 -78.000   45.000  0.00769 11
 -78.000   46.000  0.01213 15
 -78.000   47.000  0.01113 10
 -78.000   48.000  0.00858 14
 -78.000   49.000  0.00521 9
 -78.000   50.000  0.00480 14
 -77.000   25.000  0.01948 25
 -77.000   26.000  0.01697 31
 -77.000   27.000  0.01711 24
 -77.000   28.000  0.01523 29
 -77.000   29.000  0.01640 23
 -77.000   30.000  0.01480 29
 -77.000   31.000  0.01846 22
 -77.000   32.000  0.01959 27
 -77.000   33.000  0.02449 19
 -77.000   34.000  0.02476 26
 -77.000   35.000  0.02602 20
 -77.000   36.000  0.02340 26
 -77.000   37.000  0.01862 19
 -77.000   38.000  0.01236 23
 -77.000   39.000  0.00621 17
 -77.000   40.000  0.00202 22
 -77.000   41.000 -0.00185 15
 -77.000   42.000  0.00195 20
 -77.000   43.000  0.00656 15
 -77.000   44.000  0.01498 25
 -77.000   45.000  0.01826 20
 -77.000   46.000  0.02348 26
 -77.000   47.000  0.02085 18
 -77.000   48.000  0.01695 22
 -77.000   49.000  0.01249 14
 -77.000   50.000  0.01068 17
 -76.000   25.000  0.01589 13
 -76.000   26.000  0.01443 17
 -76.000   27.000  0.01424 13
 -76.000   28.000  0.01270 15
 -76.000   29.000  0.01299 11
 -76.000   30.000  0.01218 14
 -76.000   31.000  0.01612 11
 -76.000   32.000  0.01887 13
 -76.000   33.000  0.02499 9
 -76.000   34.000  0.02719 14
 -76.000   35.000  0.02881 11
 -76.000   36.000  0.02668 16
 -76.000   37.000  0.02225 11
 -76.000   38.000  0.01679 15
 -76.000   39.000  0.01103 10
 -76.000   40.000  0.00727 14
 -76.000   41.000  0.00306 9
 -76.000   42.000  0.00628 13
 -76.000   43.000  0.00991 9
 -76.000   44.000  0.01784 16
 -76.000   45.000  0.02155 12
 -76.000   46.000  0.02709 17
 -76.000   47.000  0.02418 11
 -76.000   48.000  0.02012 15
 -76.000   49.000  0.01584 9
 -76.000   50.000  0.01300 14
 -75.000   25.000  0.01149 26
 -75.000   26.000  0.01086 34
 -75.000   27.000  0.01055 26
 -75.000   28.000  0.00948 32
 -75.000   29.000  0.00931 23
 -75.000   30.000  0.00966 29
 -75.000   31.000  0.01393 21
 -75.000   32.000  0.01789 26
 -75.000   33.000  0.02465 18
 -75.000   34.000  0.02800 25
 -75.000   35.000  0.02972 19
 -75.000   36.000  0.02766 25
 -75.000   37.000  0.02324 18
 -75.000   38.000  0.01817 23
 -75.000   39.000  0.01302 16
 -75.000   40.000  0.01043 21
 -75.000   41.000  0.00703 14
 -75.000   42.000  0.01024 20
 -75.000   43.000  0.01293 15
 -75.000   44.000  0.02026 26
 -75.000   45.000  0.02370 21
 -75.000   46.000  0.02874 29
 -75.000   47.000  0.02557 20
 -75.000   48.000  0.02182 26
 -75.000   49.000  0.01786 17
 -75.000   50.000  0.01414 20
 -74.000   25.000  0.00711 13
 -74.000   26.000  0.00719 17
 -74.000   27.000  0.00712 13
 -74.000   28.000  0.00671 17
 -74.000   29.000  0.00654 12
 -74.000   30.000  0.00781 16
 -74.000   31.000  0.01192 11
 -74.000   32.000  0.01622 15
 -74.000   33.000  0.02304 10
 -74.000   34.000  0.02732 15
 -74.000   35.000  0.02975 11
 -74.000   36.000  0.02897 15
 -74.000   37.000  0.02560 10
 -74.000   38.000  0.02142 14
 -74.000   39.000  0.01667 9
 -74.000   40.000  0.01426 13
 -74.000   41.000  0.01033 8
 -74.000   42.000  0.01207 13
 -74.000   43.000  0.01314 9
 -74.000   44.000  0.01901 16
 -74.000   45.000  0.02173 12
 -74.000   46.000  0.02597 18
 -74.000   47.000  0.02335 12
 -74.000   48.000  0.02035 17
 -74.000   49.000  0.01710 11
 -74.000   50.000  0.01337 18
 -73.000   25.000  0.00427 25
 -73.000   26.000  0.00493 33
 -73.000   27.000  0.00520 26
 -73.000   28.000  0.00543 33
 -73.000   29.000  0.00534 23
 -73.000   30.000  0.00686 30
 -73.000   31.000  0.01044 21
 -73.000   32.000  0.01448 28
 -73.000   33.000  0.02121 19
 -73.000   34.000  0.02587 26
 -73.000   35.000  0.02888 19
 -73.000   36.000  0.02870 26
 -73.000   37.000  0.02559 19
 -73.000   38.000  0.02115 24
 -73.000   39.000  0.01632 16
 -73.000   40.000  0.01400 21
 -73.000   41.000  0.01035 15
 -73.000   42.000  0.01176 21
 -73.000   43.000  0.01237 16
 -73.000   44.000  0.01745 26
 -73.000   45.000  0.01909 21
 -73.000   46.000  0.02205 29
 -73.000   47.000  0.01935 20
 -73.000   48.000  0.01674 26
 -73.000   49.000  0.01374 18
 -73.000   50.000  0.01033 21
 -72.000   25.000  0.00270 13
 -72.000   26.000  0.00365 18
 -72.000   27.000  0.00406 14
 -72.000   28.000  0.00467 18
 -72.000   29.000  0.00447 12
 -72.000   30.000  0.00558 16
 -72.000   31.000  0.00827 11
 -72.000   32.000  0.01183 16
 -72.000   33.000  0.01845 11
 -72.000   34.000  0.02357 16
 -72.000   35.000  0.02744 11
 -72.000   36.000  0.02845 17
 -72.000   37.000  0.02600 12
 -72.000   38.000  0.02169 16
 -72.000   39.000  0.01679 10
 -72.000   40.000  0.01443 14
 -72.000   41.000  0.01065 10
 -72.000   42.000  0.01144 14
 -72.000   43.000  0.01130 10
 -72.000   44.000  0.01550 16
 -72.000   45.000  0.01634 12
 -72.000   46.000  0.01857 18
 -72.000   47.000  0.01657 12
 -72.000   48.000  0.01475 17
 -72.000   49.000  0.01240 11
 -72.000   50.000  0.00961 18
 -71.000   25.000  0.00307 24
 -71.000   26.000  0.00404 34
 -71.000   27.000  0.00446 26
 -71.000   28.000  0.00512 34
 -71.000   29.000  0.00456 23
 -71.000   30.000  0.00512 29
 -71.000   31.000  0.00700 19
 -71.000   32.000  0.00985 26
 -71.000   33.000  0.01603 19
 -71.000   34.000  0.02091 26
 -71.000   35.000  0.02499 19
 -71.000   36.000  0.02593 27
 -71.000   37.000  0.02279 20
 -71.000   38.000  0.01742 25
 -71.000   39.000  0.01183 17
 -71.000   40.000  0.00932 22
 -71.000   41.000  0.00619 17
 -71.000   42.000  0.00801 22
 -71.000   43.000  0.00886 17
 -71.000   44.000  0.01401 25
 -71.000   45.000  0.01517 20
 -71.000   46.000  0.01753 28
 -71.000   47.000  0.01626 20
 -71.000   48.000  0.01484 27
 -71.000   49.000  0.01283 19
 -71.000   50.000  0.01031 22
 -70.000   25.000  0.00422 13
 -70.000   26.000  0.00505 20
 -70.000   27.000  0.00534 14
 -70.000   28.000  0.00583 20
 -70.000   29.000  0.00485 13
 -70.000   30.000  0.00457 17
 -70.000   31.000  0.00565 10
 -70.000   32.000  0.00788 15
 -70.000   33.000  0.01373 11
 -70.000   34.000  0.01863 16
 -70.000   35.000  0.02317 11
 -70.000   36.000  0.02451 15
 -70.000   37.000  0.02148 10
 -70.000   38.000  0.01594 14
 -70.000   39.000  0.01022 10
 -70.000   40.000  0.00746 14
 -70.000   41.000  0.00462 10
 -70.000   42.000  0.00680 14
 -70.000   43.000  0.00802 10
 -70.000   44.000  0.01325 15
 -70.000   45.000  0.01464 11
 -70.000   46.000  0.01711 18
 -70.000   47.000  0.01647 13
 -70.000   48.000  0.01534 20
 -70.000   49.000  0.01378 13
 -70.000   50.000  0.01160 21
 -69.000   25.000  0.00576 23
 -69.000   26.000  0.00659 34
 -69.000   27.000  0.00666 24
 -69.000   28.000  0.00704 33
 -69.000   29.000  0.00567 22
 -69.000   30.000  0.00475 30
 -69.000   31.000  0.00543 20
 -69.000   32.000  0.00738 28
 -69.000   33.000  0.01300 20
 -69.000   34.000  0.01768 28
 -69.000   35.000  0.02212 20
 -69.000   36.000  0.02296 26
 -69.000   37.000  0.01942 18
 -69.000   38.000  0.01342 23
 -69.000   39.000  0.00749 18
 -69.000   40.000  0.00425 23
 -69.000   41.000  0.00165 18
 -69.000   42.000  0.00434 23
 -69.000   43.000  0.00630 18
 -69.000   44.000  0.01203 25
 -69.000   45.000  0.01432 19
 -69.000   46.000  0.01759 27
 -69.000   47.000  0.01754 20
 -69.000   48.000  0.01649 28
 -69.000   49.000  0.01522 20
 -69.000   50.000  0.01302 24
 -68.000   25.000  0.00571 13
 -68.000   26.000  0.00666 20
 -68.000   27.000  0.00674 13
 -68.000   28.000  0.00724 19
 -68.000   29.000  0.00595 12
 -68.000   30.000  0.00486 18
 -68.000   31.000  0.00527 12
 -68.000   32.000  0.00694 18
 -68.000   33.000  0.01215 12
 -68.000   34.000  0.01644 18
 -68.000   35.000  0.02061 12
 -68.000   36.000  0.02141 16
 -68.000   37.000  0.01816 10
 -68.000   38.000  0.01260 14
 -68.000   39.000  0.00697 11
 -68.000   40.000  0.00352 15
 -68.000   41.000  0.00082 11
 -68.000   42.000  0.00317 15
 -68.000   43.000  0.00506 11
 -68.000   44.000  0.01045 17
 -68.000   45.000  0.01322 12
 -68.000   46.000  0.01690 19
 -68.000   47.000  0.01752 13
 -68.000   48.000  0.01669 21
 -68.000   49.000  0.01589 14
 -68.000   50.000  0.01394 22
 -67.000   25.000  0.00545 23
 -67.000   26.000  0.00663 34
 -67.000   27.000  0.00684 23
 -67.000   28.000  0.00758 32
 -67.000   29.000  0.00654 21
 -67.000   30.000  0.00588 30
 -67.000   31.000  0.00639 21
 -67.000   32.000  0.00786 30
 -67.000   33.000  0.01244 21
 -67.000   34.000  0.01601 30
 -67.000   35.000  0.01949 21
 -67.000   36.000  0.01971 28
 -67.000   37.000  0.01633 19
 -67.000   38.000  0.01095 25
 -67.000   39.000  0.00553 20
 -67.000   40.000  0.00180 25
 -67.000   41.000 -0.00107 19
 -67.000   42.000  0.00105 24
 -67.000   43.000  0.00314 19
 -67.000   44.000  0.00860 26
 -67.000   45.000  0.01215 19
 -67.000   46.000  0.01653 27
 -67.000   47.000  0.01793 20
 -67.000   48.000  0.01724 28
 -67.000   49.000  0.01678 20
 -67.000   50.000  0.01490 25
 -66.000   25.000  0.00479 13
 -66.000   26.000  0.00609 19
 -66.000   27.000  0.00641 12
 -66.000   28.000  0.00730 17
 -66.000   29.000  0.00650 11
 -66.000   30.000  0.00602 16
 -66.000   31.000  0.00651 11
 -66.000   32.000  0.00781 17
 -66.000   33.000  0.01205 12
 -66.000   34.000  0.01526 18
 -66.000   35.000  0.01847 12
 -66.000   36.000  0.01863 17
 -66.000   37.000  0.01547 11
 -66.000   38.000  0.01046 16
 -66.000   39.000  0.00533 12
 -66.000   40.000  0.00153 16
 -66.000   41.000 -0.00145 11
 -66.000   42.000  0.00038 15
 -66.000   43.000  0.00242 11
 -66.000   44.000  0.00764 17
 -66.000   45.000  0.01146 12
 -66.000   46.000  0.01606 19
 -66.000   47.000  0.01785 13
 -66.000   48.000  0.01727 20
 -66.000   49.000  0.01704 13
 -66.000   50.000  0.01530 20
 -65.000   25.000  0.00338 12
 -65.000   26.000  0.00504 17
 -65.000   27.000  0.00554 11
 -65.000   28.000  0.00687 15
 -65.000   29.000  0.00648 10
 -65.000   30.000  0.00650 14
 -65.000   31.000  0.00715 10
 -65.000   32.000  0.00851 15
 -65.000   33.000  0.01253 11
 -65.000   34.000  0.01528 16
 -65.000   35.000  0.01789 11
 -65.000   36.000  0.01773 15
 -65.000   37.000  0.01450 10
 -65.000   38.000  0.00968 14
 -65.000   39.000  0.00483 11
 -65.000   40.000  0.00110 14
 -65.000   41.000 -0.00211 10
 -65.000   42.000 -0.00071 13
 -65.000   43.000  0.00103 10
 -65.000   44.000  0.00594 14
 -65.000   45.000  0.00994 10
 -65.000   46.000  0.01486 15
 -65.000   47.000  0.01725 11
 -65.000   48.000  0.01686 15
 -65.000   49.000  0.01690 10
 -65.000   50.000  0.01527 13
