-130.000   25.000 -0.01351 9
-130.000   26.000 -0.01147 12
-130.000   27.000 -0.01935 9
-130.000   28.000 -0.02002 11
-130.000   29.000 -0.02869 8
-130.000   30.000 -0.02065 11
-130.000   31.000 -0.01845 8
-130.000   32.000 -0.00358 10
-130.000   33.000  0.00244 6
-130.000   34.000  0.01600 9
-130.000   35.000  0.01578 6
-130.000   36.000  0.01984 9
-130.000   37.000  0.01931 6
-130.000   38.000  0.02204 11
-130.000   39.000  0.02118 8
-130.000   40.000  0.02507 12
-130.000   41.000  0.02722 6
-130.000   42.000  0.03069 9
-130.000   43.000  0.03157 4
-130.000   44.000  0.03400 8
-130.000   45.000  0.02582 5
-130.000   46.000  0.02041 8
-130.000   47.000  0.01147 5
-130.000   48.000  0.00885 9
-130.000   49.000  0.00313 6
-130.000   50.000  0.00697 11
-129.000   25.000 -0.01328 17
-129.000   26.000 -0.01096 22
-129.000   27.000 -0.01859 17
-129.000   28.000 -0.01879 21
-129.000   29.000 -0.02735 16
-129.000   30.000 -0.01850 20
-129.000   31.000 -0.01610 14
-129.000   32.000 -0.00106 18
-129.000   33.000  0.00498 12
-129.000   34.000  0.01857 18
-129.000   35.000  0.01792 12
-129.000   36.000  0.02158 18
-129.000   37.000  0.02025 12
-129.000   38.000  0.02224 22
-129.000   39.000  0.02054 16
-129.000   40.000  0.02388 23
-129.000   41.000  0.02542 11
-129.000   42.000  0.02845 17
-129.000   43.000  0.02911 8
-129.000   44.000  0.03137 16
-129.000   45.000  0.02365 9
-129.000   46.000  0.01879 17
-129.000   47.000  0.01032 11
-129.000   48.000  0.00811 19
-129.000   49.000  0.00291 11
-129.000   50.000  0.00651 21
-128.000   25.000 -0.01277 8
-128.000   26.000 -0.01055 10
-128.000   27.000 -0.01800 8
-128.000   28.000 -0.01795 10
-128.000   29.000 -0.02605 8
-128.000   30.000 -0.01618 9
-128.000   31.000 -0.01328 6
-128.000   32.000  0.00204 8
-128.000   33.000  0.00804 6
-128.000   34.000  0.02126 9
-128.000   35.000  0.02010 6
-128.000   36.000  0.02313 9
-128.000   37.000  0.02055 6
-128.000   38.000  0.02158 11
-128.000   39.000  0.01905 8
-128.000   40.000  0.02175 11
-128.000   41.000  0.02276 5
-128.000   42.000  0.02567 8
-128.000   43.000  0.02612 4
-128.000   44.000  0.02825 8
-128.000   45.000  0.02110 4
-128.000   46.000  0.01697 9
-128.000   47.000  0.00895 6
-128.000   48.000  0.00733 10
-128.000   49.000  0.00260 5
-128.000   50.000  0.00585 10
-127.000   25.000 -0.01295 16
-127.000   26.000 -0.01038 20
-127.000   27.000 -0.01747 16
-127.000   28.000 -0.01660 21
-127.000   29.000 -0.02409 17
-127.000   30.000 -0.01274 20
-127.000   31.000 -0.00922 13
-127.000   32.000  0.00653 17
-127.000   33.000  0.01250 12
-127.000   34.000  0.02553 18
-127.000   35.000  0.02383 12
-127.000   36.000  0.02630 18
-127.000   37.000  0.02238 12
-127.000   38.000  0.02251 20
-127.000   39.000  0.01895 14
-127.000   40.000  0.02083 20
-127.000   41.000  0.02058 10
-127.000   42.000  0.02284 16
-127.000   43.000  0.02273 8
-127.000   44.000  0.02427 16
-127.000   45.000  0.01778 8
-127.000   46.000  0.01468 18
-127.000   47.000  0.00753 12
-127.000   48.000  0.00630 21
-127.000   49.000  0.00234 12
-127.000   50.000  0.00496 20
-126.000   25.000 -0.01347 8
-126.000   26.000 -0.01120 10
-126.000   27.000 -0.01816 8
-126.000   28.000 -0.01664 11
-126.000   29.000 -0.02272 9
-126.000   30.000 -0.00973 11
-126.000   31.000 -0.00506 7
-126.000   32.000  0.01131 9
-126.000   33.000  0.01700 6
-126.000   34.000  0.02912 9
-126.000   35.000  0.02703 6
-126.000   36.000  0.02900 9
-126.000   37.000  0.02387 6
-126.000   38.000  0.02350 9
-126.000   39.000  0.01951 6
-126.000   40.000  0.02074 9
-126.000   41.000  0.01920 5
-126.000   42.000  0.02109 8
-126.000   43.000  0.02023 4
-126.000   44.000  0.02110 8
-126.000   45.000  0.01518 4
-126.000   46.000  0.01324 9
-126.000   47.000  0.00670 6
-126.000   48.000  0.00562 11
-126.000   49.000  0.00204 7
-126.000   50.000  0.00371 10
-125.000   25.000 -0.01252 16
-125.000   26.000 -0.01069 20
-125.000   27.000 -0.01745 16
-125.000   28.000 -0.01517 21
-125.000   29.000 -0.01943 17
-125.000   30.000 -0.00522 22
-125.000   31.000  0.00028 15
-125.000   32.000  0.01692 20
-125.000   33.000  0.02180 13
-125.000   34.000  0.03242 20
-125.000   35.000  0.03003 13
-125.000   36.000  0.03229 19
-125.000   37.000  0.02673 12
-125.000   38.000  0.02687 18
-125.000   39.000  0.02318 12
-125.000   40.000  0.02428 19
-125.000   41.000  0.02108 11
-125.000   42.000  0.02215 17
-125.000   43.000  0.01967 8
-125.000   44.000  0.01941 16
-125.000   45.000  0.01376 8
-125.000   46.000  0.01298 17
-125.000   47.000  0.00665 11
-125.000   48.000  0.00568 21
-125.000   49.000  0.00233 14
-125.000   50.000  0.00278 20
-124.000   25.000 -0.01070 8
-124.000   26.000 -0.00860 10
-124.000   27.000 -0.01496 8
-124.000   28.000 -0.01149 10
-124.000   29.000 -0.01443 8
-124.000   30.000  0.00005 11
-124.000   31.000  0.00541 8
-124.000   32.000  0.02177 11
-124.000   33.000  0.02556 7
-124.000   34.000  0.03515 11
-124.000   35.000  0.03278 7
-124.000   36.000  0.03665 10
-124.000   37.000  0.03204 6
-124.000   38.000  0.03415 9
-124.000   39.000  0.03156 6
-124.000   40.000  0.03324 10
-124.000   41.000  0.02782 6
-124.000   42.000  0.02726 9
-124.000   43.000  0.02234 4
-124.000   44.000  0.02032 8
-124.000   45.000  0.01456 4
-124.000   46.000  0.01467 8
-124.000   47.000  0.00841 5
-124.000   48.000  0.00715 10
-124.000   49.000  0.00412 7
-124.000   50.000  0.00317 10
-123.000   25.000 -0.00774 16
-123.000   26.000 -0.00529 20
-123.000   27.000 -0.01115 16
-123.000   28.000 -0.00651 20
-123.000   29.000 -0.00820 16
-123.000   30.000  0.00606 22
-123.000   31.000  0.01098 17
-123.000   32.000  0.02649 23
-123.000   33.000  0.02880 15
-123.000   34.000  0.03721 22
-123.000   35.000  0.03499 14
-123.000   36.000  0.04066 19
-123.000   37.000  0.03780 11
-123.000   38.000  0.04255 17
-123.000   39.000  0.04129 12
-123.000   40.000  0.04431 19
-123.000   41.000  0.03808 11
-123.000   42.000  0.03641 17
-123.000   43.000  0.02920 8
-123.000   44.000  0.02554 15
-123.000   45.000  0.01873 7
-123.000   46.000  0.01810 14
-123.000   47.000  0.01120 8
-123.000   48.000  0.00949 16
-123.000   49.000  0.00671 11
-123.000   50.000  0.00475 17
-122.000   25.000 -0.00284 8
-122.000   26.000 -0.00009 10
-122.000   27.000 -0.00527 8
-122.000   28.000  0.00040 10
-122.000   29.000 -0.00021 8
-122.000   30.000  0.01364 11
-122.000   31.000  0.01791 9
-122.000   32.000  0.03205 12
-122.000   33.000  0.03250 8
-122.000   34.000  0.03951 11
-122.000   35.000  0.03719 7
-122.000   36.000  0.04432 9
-122.000   37.000  0.04316 5
-122.000   38.000  0.05042 8
-122.000   39.000  0.05005 6
-122.000   40.000  0.05493 9
-122.000   41.000  0.04947 5
-122.000   42.000  0.04736 8
-122.000   43.000  0.03816 4
-122.000   44.000  0.03328 7
-122.000   45.000  0.02473 3
-122.000   46.000  0.02197 6
-122.000   47.000  0.01393 3
-122.000   48.000  0.01225 6
-122.000   49.000  0.00991 4
-122.000   50.000  0.00739 7
-121.000   25.000  0.00299 17
-121.000   26.000  0.00625 21
-121.000   27.000  0.00192 16
-121.000   28.000  0.00812 20
-121.000   29.000  0.00775 16
-121.000   30.000  0.02048 22
-121.000   31.000  0.02402 18
-121.000   32.000  0.03671 24
-121.000   33.000  0.03609 16
-121.000   34.000  0.04251 21
-121.000   35.000  0.04022 13
-121.000   36.000  0.04800 18
-121.000   37.000  0.04756 11
-121.000   38.000  0.05628 18
-121.000   39.000  0.05612 13
-121.000   40.000  0.06280 18
-121.000   41.000  0.05919 9
-121.000   42.000  0.05821 15
-121.000   43.000  0.04915 8
-121.000   44.000  0.04438 15
-121.000   45.000  0.03445 7
-121.000   46.000  0.02912 14
-121.000   47.000  0.01899 7
-121.000   48.000  0.01627 13
-121.000   49.000  0.01368 8
-121.000   50.000  0.01047 14
-120.000   25.000  0.00787 9
-120.000   26.000  0.01132 11
-120.000   27.000  0.00773 8
-120.000   28.000  0.01361 10
-120.000   29.000  0.01303 8
-120.000   30.000  0.02451 11
-120.000   31.000  0.02815 9
-120.000   32.000  0.03987 12
-120.000   33.000  0.03928 8
-120.000   34.000  0.04575 10
-120.000   35.000  0.04376 6
-120.000   36.000  0.05059 9
-120.000   37.000  0.04913 6
-120.000   38.000  0.05763 10
-120.000   39.000  0.05686 7
-120.000   40.000  0.06494 9
-120.000   41.000  0.06465 4
-120.000   42.000  0.06718 7
-120.000   43.000  0.06111 4
-120.000   44.000  0.05828 8
-120.000   45.000  0.04767 4
-120.000   46.000  0.03946 8
-120.000   47.000  0.02642 4
-120.000   48.000  0.02137 7
-120.000   49.000  0.01755 4
-120.000   50.000  0.01330 7
-119.000   25.000  0.00539 18
-119.000   26.000  0.00842 23
-119.000   27.000  0.00690 17
-119.000   28.000  0.01265 21
-119.000   29.000  0.01392 16
-119.000   30.000  0.02668 21
-119.000   31.000  0.03258 17
-119.000   32.000  0.04381 23
-119.000   33.000  0.04414 16
-119.000   34.000  0.05046 20
-119.000   35.000  0.04832 12
-119.000   36.000  0.05291 18
-119.000   37.000  0.04941 12
-119.000   38.000  0.05606 19
-119.000   39.000  0.05472 13
-119.000   40.000  0.06393 17
-119.000   41.000  0.06791 8
-119.000   42.000  0.07475 14
-119.000   43.000  0.07255 8
-119.000   44.000  0.07201 16
-119.000   45.000  0.06158 8
-119.000   46.000  0.05112 15
-119.000   47.000  0.03647 7
-119.000   48.000  0.02930 13
-119.000   49.000  0.02439 8
-119.000   50.000  0.01968 14
-118.000   25.000 -0.00472 9
-118.000   26.000 -0.00194 12
-118.000   27.000 -0.00001 9
-118.000   28.000  0.00628 11
-118.000   29.000  0.01121 8
-118.000   30.000  0.02737 10
-118.000   31.000  0.03692 8
-118.000   32.000  0.04824 11
-118.000   33.000  0.05046 8
-118.000   34.000  0.05692 10
-118.000   35.000  0.05430 6
-118.000   36.000  0.05649 9
-118.000   37.000  0.05066 6
-118.000   38.000  0.05472 9
-118.000   39.000  0.05332 6
-118.000   40.000  0.06341 8
-118.000   41.000  0.07064 4
-118.000   42.000  0.08110 7
-118.000   43.000  0.08267 4
-118.000   44.000  0.08421 8
-118.000   45.000  0.07577 4
-118.000   46.000  0.06517 7
-118.000   47.000  0.05114 3
-118.000   48.000  0.04177 6
-118.000   49.000  0.03611 4
-118.000   50.000  0.03078 7
-117.000   25.000 -0.01005 18
-117.000   26.000 -0.00678 24
-117.000   27.000 -0.00275 18
-117.000   28.000  0.00452 23
-117.000   29.000  0.01139 17
-117.000   30.000  0.02948 20
-117.000   31.000  0.04127 15
-117.000   32.000  0.05315 20
-117.000   33.000  0.05706 16
-117.000   34.000  0.06356 19
-117.000   35.000  0.05965 12
-117.000   36.000  0.05901 16
-117.000   37.000  0.05057 11
-117.000   38.000  0.05205 16
-117.000   39.000  0.05120 10
-117.000   40.000  0.06192 15
-117.000   41.000  0.07110 8
-117.000   42.000  0.08450 14
-117.000   43.000  0.08990 7
-117.000   44.000  0.09316 14
-117.000   45.000  0.08696 7
-117.000   46.000  0.07757 12
-117.000   47.000  0.06474 5
-117.000   48.000  0.05315 11
-117.000   49.000  0.04667 7
-117.000   50.000  0.04123 13
-116.000   25.000 -0.00861 9
-116.000   26.000 -0.00389 12
-116.000   27.000  0.00068 9
-116.000   28.000  0.00984 12
-116.000   29.000  0.01732 9
-116.000   30.000  0.03623 10
-116.000   31.000  0.04821 7
-116.000   32.000  0.06063 9
-116.000   33.000  0.06476 8
-116.000   34.000  0.07010 9
-116.000   35.000  0.06363 6
-116.000   36.000  0.06021 7
-116.000   37.000  0.04977 5
-116.000   38.000  0.04960 7
-116.000   39.000  0.05027 4
-116.000   40.000  0.06199 7
-116.000   41.000  0.07223 4
-116.000   42.000  0.08704 7
-116.000   43.000  0.09445 3
-116.000   44.000  0.09804 6
-116.000   45.000  0.09323 3
-116.000   46.000  0.08539 5
-116.000   47.000  0.07479 2
-116.000   48.000  0.06281 5
-116.000   49.000  0.05633 3
-116.000   50.000  0.05202 6
-115.000   25.000 -0.00277 17
-115.000   26.000  0.00190 22
-115.000   27.000  0.00613 17
-115.000   28.000  0.01253 21
-115.000   29.000  0.01617 16
-115.000   30.000  0.03317 18
-115.000   31.000  0.04502 14
-115.000   32.000  0.05748 17
-115.000   33.000  0.06410 15
-115.000   34.000  0.07103 17
-115.000   35.000  0.06521 12
-115.000   36.000  0.06009 14
-115.000   37.000  0.04928 10
-115.000   38.000  0.04859 15
-115.000   39.000  0.05129 9
-115.000   40.000  0.06380 14
-115.000   41.000  0.07402 7
-115.000   42.000  0.08805 13
-115.000   43.000  0.09482 6
-115.000   44.000  0.09714 13
-115.000   45.000  0.09354 7
-115.000   46.000  0.08733 11
-115.000   47.000  0.07940 4
-115.000   48.000  0.06832 9
-115.000   49.000  0.06273 5
-115.000   50.000  0.05923 9
-114.000   25.000  0.01336 8
-114.000   26.000  0.01688 10
-114.000   27.000  0.01854 8
-114.000   28.000  0.01706 9
-114.000   29.000  0.01050 7
-114.000   30.000  0.02060 8
-114.000   31.000  0.03066 7
-114.000   32.000  0.04264 8
-114.000   33.000  0.05387 7
-114.000   34.000  0.06550 8
-114.000   35.000  0.06384 6
-114.000   36.000  0.05768 7
-114.000   37.000  0.04744 5
-114.000   38.000  0.04722 8
-114.000   39.000  0.05153 5
-114.000   40.000  0.06441 7
-114.000   41.000  0.07402 3
-114.000   42.000  0.08628 6
-114.000   43.000  0.09114 3
-114.000   44.000  0.09209 7
-114.000   45.000  0.08922 4
-114.000   46.000  0.08390 6
-114.000   47.000  0.07724 2
-114.000   48.000  0.06750 4
-114.000   49.000  0.06258 2
-114.000   50.000  0.05888 3
-113.000   25.000  0.04339 17
-113.000   26.000  0.04612 21
-113.000   27.000  0.04164 16
-113.000   28.000  0.03309 18
-113.000   29.000  0.01507 14
-113.000   30.000  0.01645 17
-113.000   31.000  0.02140 15
-113.000   32.000  0.03290 17
-113.000   33.000  0.04592 14
-113.000   34.000  0.06007 16
-113.000   35.000  0.06169 12
-113.000   36.000  0.05564 14
-113.000   37.000  0.04671 10
-113.000   38.000  0.04746 15
-113.000   39.000  0.05212 9
-113.000   40.000  0.06360 13
-113.000   41.000  0.07106 6
-113.000   42.000  0.08088 11
-113.000   43.000  0.08370 5
-113.000   44.000  0.08354 11
-113.000   45.000  0.08053 6
-113.000   46.000  0.07566 11
-113.000   47.000  0.06905 5
-113.000   48.000  0.06088 9
-113.000   49.000  0.05644 4
-113.000   50.000  0.05274 6
-112.000   25.000  0.07609 9
-112.000   26.000  0.07779 11
-112.000   27.000  0.06602 8
-112.000   28.000  0.05181 9
-112.000   29.000  0.02453 7
-112.000   30.000  0.01932 9
-112.000   31.000  0.01838 8
-112.000   32.000  0.02958 9
-112.000   33.000  0.04213 7
-112.000   34.000  0.05662 8
-112.000   35.000  0.06064 6
-112.000   36.000  0.05611 7
-112.000   37.000  0.04928 5
-112.000   38.000  0.05072 7
-112.000   39.000  0.05446 4
-112.000   40.000  0.06286 6
-112.000   41.000  0.06713 3
-112.000   42.000  0.07399 5
-112.000   43.000  0.07466 2
-112.000   44.000  0.07378 4
-112.000   45.000  0.07121 2
-112.000   46.000  0.06686 5
-112.000   47.000  0.06047 3
-112.000   48.000  0.05386 5
-112.000   49.000  0.05004 2
-112.000   50.000  0.04598 3
-111.000   25.000  0.09984 16
-111.000   26.000  0.10313 20
-111.000   27.000  0.08822 16
-111.000   28.000  0.07196 17
-111.000   29.000  0.03748 13
-111.000   30.000  0.02646 16
-111.000   31.000  0.01867 15
-111.000   32.000  0.02634 17
-111.000   33.000  0.03630 14
-111.000   34.000  0.05117 16
-111.000   35.000  0.05783 12
-111.000   36.000  0.05481 15
-111.000   37.000  0.05018 11
-111.000   38.000  0.05148 14
-111.000   39.000  0.05391 7
-111.000   40.000  0.05930 11
-111.000   41.000  0.06084 6
-111.000   42.000  0.06479 11
-111.000   43.000  0.06374 5
-111.000   44.000  0.06298 10
-111.000   45.000  0.06181 5
-111.000   46.000  0.05831 10
-111.000   47.000  0.05216 5
-111.000   48.000  0.04650 8
-111.000   49.000  0.04319 3
-111.000   50.000  0.03789 4
-110.000   25.000  0.11715 7
-110.000   26.000  0.12710 9
-110.000   27.000  0.11204 8
-110.000   28.000  0.10293 8
-110.000   29.000  0.06652 6
-110.000   30.000  0.05197 7
-110.000   31.000  0.03462 7
-110.000   32.000  0.03642 8
-110.000   33.000  0.03789 7
-110.000   34.000  0.04911 8
-110.000   35.000  0.05396 6
-110.000   36.000  0.05133 8
-110.000   37.000  0.04809 6
-110.000   38.000  0.04829 7
-110.000   39.000  0.04957 3
-110.000   40.000  0.05267 5
-110.000   41.000  0.05202 3
-110.000   42.000  0.05357 6
-110.000   43.000  0.05206 3
-110.000   44.000  0.05227 6
-110.000   45.000  0.05280 3
-110.000   46.000  0.05098 5
-110.000   47.000  0.04572 2
-110.000   48.000  0.04095 3
-110.000   49.000  0.03807 1
-110.000   50.000  0.03239 1
-109.000   25.000  0.11945 14
-109.000   26.000  0.13646 17
-109.000   27.000  0.12382 15
-109.000   28.000  0.12852 16
-109.000   29.000  0.10044 13
-109.000   30.000  0.09161 14
-109.000   31.000  0.06989 13
-109.000   32.000  0.06834 15
-109.000   33.000  0.05734 14
-109.000   34.000  0.05862 16
-109.000   35.000  0.05389 12
-109.000   36.000  0.04829 15
-109.000   37.000  0.04322 11
-109.000   38.000  0.04130 13
-109.000   39.000  0.04168 6
-109.000   40.000  0.04283 10
-109.000   41.000  0.04087 6
-109.000   42.000  0.04133 11
-109.000   43.000  0.04079 5
-109.000   44.000  0.04215 11
-109.000   45.000  0.04367 6
-109.000   46.000  0.04329 10
-109.000   47.000  0.03964 4
-109.000   48.000  0.03590 6
-109.000   49.000  0.03368 2
-109.000   50.000  0.02925 2
-108.000   25.000  0.10489 7
-108.000   26.000  0.12773 8
-108.000   27.000  0.12114 7
-108.000   28.000  0.14009 8
-108.000   29.000  0.12439 7
-108.000   30.000  0.12654 7
-108.000   31.000  0.10710 6
-108.000   32.000  0.10411 7
-108.000   33.000  0.08175 7
-108.000   34.000  0.07244 8
-108.000   35.000  0.05523 6
-108.000   36.000  0.04288 7
-108.000   37.000  0.03295 5
-108.000   38.000  0.02832 6
-108.000   39.000  0.02871 3
-108.000   40.000  0.02959 5
-108.000   41.000  0.02810 3
-108.000   42.000  0.02810 5
-108.000   43.000  0.02742 2
-108.000   44.000  0.02864 5
-108.000   45.000  0.02978 3
-108.000   46.000  0.02916 5
-108.000   47.000  0.02681 2
-108.000   48.000  0.02504 3
-108.000   49.000  0.02393 1
-108.000   50.000  0.02119 1
-107.000   25.000  0.08103 15
-107.000   26.000  0.10703 18
-107.000   27.000  0.10692 15
-107.000   28.000  0.13437 17
-107.000   29.000  0.12855 14
-107.000   30.000  0.13998 15
-107.000   31.000  0.12670 13
-107.000   32.000  0.12541 15
-107.000   33.000  0.10115 14
-107.000   34.000  0.08824 16
-107.000   35.000  0.06382 12
-107.000   36.000  0.04399 14
-107.000   37.000  0.02790 9
-107.000   38.000  0.01813 12
-107.000   39.000  0.01697 6
-107.000   40.000  0.01699 10
-107.000   41.000  0.01721 5
-107.000   42.000  0.01743 9
-107.000   43.000  0.01739 4
-107.000   44.000  0.01878 8
-107.000   45.000  0.01976 4
-107.000   46.000  0.01906 7
-107.000   47.000  0.01747 3
-107.000   48.000  0.01650 4
-107.000   49.000  0.01585 1
-107.000   50.000  0.01418 1
-106.000   25.000  0.05849 8
-106.000   26.000  0.08191 10
-106.000   27.000  0.08394 8
-106.000   28.000  0.11221 9
-106.000   29.000  0.11418 7
-106.000   30.000  0.13479 8
-106.000   31.000  0.13204 7
-106.000   32.000  0.13875 8
-106.000   33.000  0.12121 7
-106.000   34.000  0.10913 8
-106.000   35.000  0.08136 6
-106.000   36.000  0.05471 7
-106.000   37.000  0.03197 4
-106.000   38.000  0.01570 6
-106.000   39.000  0.01103 3
-106.000   40.000  0.00844 5
-106.000   41.000  0.00979 2
-106.000   42.000  0.01071 4
-106.000   43.000  0.01143 2
-106.000   44.000  0.01270 3
-106.000   45.000  0.01317 1
-106.000   46.000  0.01272 2
-106.000   47.000  0.01101 1
-106.000   48.000  0.00996 1
-106.000   49.000  0.00933 0
-106.000   50.000  0.00852 0
-105.000   25.000  0.03593 14
-105.000   26.000  0.05274 18
-105.000   27.000  0.05430 15
-105.000   28.000  0.07828 19
-105.000   29.000  0.08647 15
-105.000   30.000  0.11468 17
-105.000   31.000  0.12433 14
-105.000   32.000  0.14117 16
-105.000   33.000  0.13446 14
-105.000   34.000  0.12513 16
-105.000   35.000  0.09782 13
-105.000   36.000  0.06670 15
-105.000   37.000  0.03827 9
-105.000   38.000  0.01555 11
-105.000   39.000  0.00550 5
-105.000   40.000 -0.00216 8
-105.000   41.000  0.00009 3
-105.000   42.000 -0.00009 5
-105.000   43.000 -0.00061 2
-105.000   44.000  0.00031 4
-105.000   45.000  0.00150 2
-105.000   46.000 -0.00121 4
-105.000   47.000 -0.00436 2
-105.000   48.000 -0.00654 2
-105.000   49.000 -0.00783 0
-105.000   50.000 -0.01153 0
-104.000   25.000  0.02223 6
-104.000   26.000  0.03291 8
-104.000   27.000  0.03152 7
-104.000   28.000  0.04799 10
-104.000   29.000  0.05529 8
-104.000   30.000  0.08212 9
-104.000   31.000  0.09797 7
-104.000   32.000  0.12205 8
-104.000   33.000  0.12884 7
-104.000   34.000  0.12688 8
-104.000   35.000  0.10754 7
-104.000   36.000  0.07676 8
-104.000   37.000  0.04643 5
-104.000   38.000  0.01739 5
-104.000   39.000  0.00006 2
-104.000   40.000 -0.01470 3
-104.000   41.000 -0.01200 1
-104.000   42.000 -0.01548 1
-104.000   43.000 -0.01881 0
-104.000   44.000 -0.01919 1
-104.000   45.000 -0.01519 1
-104.000   46.000 -0.02184 2
-104.000   47.000 -0.02452 1
-104.000   48.000 -0.02605 1
-104.000   49.000 -0.02591 0
-104.000   50.000 -0.03388 0
-103.000   25.000  0.01581 11
-103.000   26.000  0.02142 16
-103.000   27.000  0.01565 14
-103.000   28.000  0.02294 19
-103.000   29.000  0.02453 14
-103.000   30.000  0.04453 17
-103.000   31.000  0.06097 14
-103.000   32.000  0.08930 16
-103.000   33.000  0.10975 13
-103.000   34.000  0.11855 14
-103.000   35.000  0.11305 13
-103.000   36.000  0.08720 15
-103.000   37.000  0.05864 10
-103.000   38.000  0.02485 10
-103.000   39.000  0.00005 4
-103.000   40.000 -0.02306 6
-103.000   41.000 -0.02091 2
-103.000   42.000 -0.02764 2
-103.000   43.000 -0.03249 0
-103.000   44.000 -0.03305 2
-103.000   45.000 -0.02513 2
-103.000   46.000 -0.03448 3
-103.000   47.000 -0.03687 1
-103.000   48.000 -0.03905 2
-103.000   49.000 -0.03813 1
-103.000   50.000 -0.05104 1
-102.000   25.000  0.00756 5
-102.000   26.000  0.01060 8
-102.000   27.000  0.00255 7
-102.000   28.000  0.00478 9
-102.000   29.000  0.00252 6
-102.000   30.000  0.01704 8
-102.000   31.000  0.03135 7
-102.000   32.000  0.05942 8
-102.000   33.000  0.08579 6
-102.000   34.000  0.10158 6
-102.000   35.000  0.10990 6
-102.000   36.000  0.09280 7
-102.000   37.000  0.06895 5
-102.000   38.000  0.03571 5
-102.000   39.000  0.00899 2
-102.000   40.000 -0.02011 3
-102.000   41.000 -0.02125 1
-102.000   42.000 -0.02815 1
-102.000   43.000 -0.03298 0
-102.000   44.000 -0.03351 1
-102.000   45.000 -0.02532 1
-102.000   46.000 -0.03411 1
-102.000   47.000 -0.03633 0
-102.000   48.000 -0.03856 1
-102.000   49.000 -0.03766 1
-102.000   50.000 -0.05073 1
-101.000   25.000  0.00120 10
-101.000   26.000  0.00324 15
-101.000   27.000 -0.00569 12
-101.000   28.000 -0.00538 16
-101.000   29.000 -0.01014 11
-101.000   30.000  0.00008 15
-101.000   31.000  0.01069 14
-101.000   32.000  0.03567 15
-101.000   33.000  0.06254 11
-101.000   34.000  0.08241 11
-101.000   35.000  0.10220 11
-101.000   36.000  0.09393 12
-101.000   37.000  0.07523 7
-101.000   38.000  0.04405 6
-101.000   39.000  0.01645 2
-101.000   40.000 -0.01826 3
-101.000   41.000 -0.02248 1
-101.000   42.000 -0.03000 1
-101.000   43.000 -0.03546 0
-101.000   44.000 -0.03623 1
-101.000   45.000 -0.02787 1
-101.000   46.000 -0.03682 1
-101.000   47.000 -0.03811 0
-101.000   48.000 -0.03941 1
-101.000   49.000 -0.03805 1
-101.000   50.000 -0.05099 1
-100.000   25.000 -0.00219 5
-100.000   26.000 -0.00122 7
-100.000   27.000 -0.01092 5
-100.000   28.000 -0.01180 7
-100.000   29.000 -0.01827 5
-100.000   30.000 -0.00954 7
-100.000   31.000 -0.00168 7
-100.000   32.000  0.02113 7
-100.000   33.000  0.04790 5
-100.000   34.000  0.07272 5
-100.000   35.000  0.10277 5
-100.000   36.000  0.09928 5
-100.000   37.000  0.08468 2
-100.000   38.000  0.05536 1
-100.000   39.000  0.02655 0
-100.000   40.000 -0.01377 0
-100.000   41.000 -0.01847 0
-100.000   42.000 -0.02475 0
-100.000   43.000 -0.02936 0
-100.000   44.000 -0.03067 0
-100.000   45.000 -0.02399 0
-100.000   46.000 -0.03120 0
-100.000   47.000 -0.03042 0
-100.000   48.000 -0.02965 0
-100.000   49.000 -0.02706 0
-100.000   50.000 -0.03608 0
 -99.000   25.000 -0.00586 11
 -99.000   26.000 -0.00513 15
 -99.000   27.000 -0.01475 11
 -99.000   28.000 -0.01482 14
 -99.000   29.000 -0.02166 10
 -99.000   30.000 -0.01141 13
 -99.000   31.000 -0.00492 12
 -99.000   32.000  0.01705 13
 -99.000   33.000  0.04304 9
 -99.000   34.000  0.07310 9
 -99.000   35.000  0.10688 8
 -99.000   36.000  0.10552 7
 -99.000   37.000  0.09120 3
 -99.000   38.000  0.05994 1
 -99.000   39.000  0.02646 0
 -99.000   40.000 -0.01405 0
 -99.000   41.000 -0.01860 0
 -99.000   42.000 -0.01960 0
 -99.000   43.000 -0.01829 0
 -99.000   44.000 -0.01534 0
 -99.000   45.000 -0.01199 0
 -99.000   46.000 -0.01560 0
 -99.000   47.000 -0.01521 0
 -99.000   48.000 -0.01482 0
 -99.000   49.000 -0.01353 0
 -99.000   50.000 -0.01804 0
 -98.000   25.000 -0.01042 6
 -98.000   26.000 -0.00955 8
 -98.000   27.000 -0.01890 6
 -98.000   28.000 -0.01717 7
 -98.000   29.000 -0.02428 5
 -98.000   30.000 -0.01207 6
 -98.000   31.000 -0.00584 5
 -98.000   32.000  0.01718 6
 -98.000   33.000  0.04439 4
 -98.000   34.000  0.08229 4
 -98.000   35.000  0.11607 3
 -98.000   36.000  0.11510 2
 -98.000   37.000  0.09906 1
 -98.000   38.000  0.06391 0
 -98.000   39.000  0.02296 0
 -98.000   40.000 -0.01486 0
 -98.000   41.000 -0.01873 0
 -98.000   42.000 -0.01445 0
 -98.000   43.000 -0.00722 0
 -98.000   44.000  0.00000 0
 -98.000   45.000  0.00000 0
 -98.000   46.000  0.00000 0
 -98.000   47.000  0.00000 0
 -98.000   48.000  0.00000 0
 -98.000   49.000  0.00000 0
 -98.000   50.000  0.00000 0
 -97.000   25.000 -0.01547 11
 -97.000   26.000 -0.01396 14
 -97.000   27.000 -0.02304 12
 -97.000   28.000 -0.01930 13
 -97.000   29.000 -0.02642 10
 -97.000   30.000 -0.01200 10
 -97.000   31.000 -0.00478 10
 -97.000   32.000  0.02102 10
 -97.000   33.000  0.04982 8
 -97.000   34.000  0.09186 6
 -97.000   35.000  0.12248 5
 -97.000   36.000  0.11775 3
 -97.000   37.000  0.09740 3
 -97.000   38.000  0.05666 1
 -97.000   39.000  0.00842 2
 -97.000   40.000 -0.02750 1
 -97.000   41.000 -0.02809 1
 -97.000   42.000 -0.02167 0
 -97.000   43.000 -0.01084 0
 -97.000   44.000  0.00000 0
 -97.000   45.000  0.00000 0
 -97.000   46.000  0.00000 0
 -97.000   47.000  0.00000 0
 -97.000   48.000  0.00000 0
 -97.000   49.000  0.00000 0
 -97.000   50.000  0.00000 0
 -96.000   25.000 -0.02485 5
 -96.000   26.000 -0.02152 6
 -96.000   27.000 -0.02988 6
 -96.000   28.000 -0.02339 6
 -96.000   29.000 -0.02966 5
 -96.000   30.000 -0.01257 4
 -96.000   31.000 -0.00406 5
 -96.000   32.000  0.02486 4
 -96.000   33.000  0.05449 4
 -96.000   34.000  0.09814 2
 -96.000   35.000  0.12516 2
 -96.000   36.000  0.11694 1
 -96.000   37.000  0.09426 2
 -96.000   38.000  0.05275 1
 -96.000   39.000  0.00330 2
 -96.000   40.000 -0.03010 1
 -96.000   41.000 -0.02809 1
 -96.000   42.000 -0.02167 0
 -96.000   43.000 -0.01084 0
 -96.000   44.000  0.00000 0
 -96.000   45.000  0.00000 0
 -96.000   46.000  0.00000 0
 -96.000   47.000  0.00000 0
 -96.000   48.000  0.00000 0
 -96.000   49.000  0.00000 0
 -96.000   50.000  0.00000 0
 -95.000   25.000 -0.03526 11
 -95.000   26.000 -0.02994 11
 -95.000   27.000 -0.03768 11
 -95.000   28.000 -0.02866 10
 -95.000   29.000 -0.03411 10
 -95.000   30.000 -0.01549 8
 -95.000   31.000 -0.00605 10
 -95.000   32.000  0.02434 8
 -95.000   33.000  0.05481 8
 -95.000   34.000  0.10011 4
 -95.000   35.000  0.12467 5
 -95.000   36.000  0.11602 3
 -95.000   37.000  0.09293 4
 -95.000   38.000  0.05106 1
 -95.000   39.000  0.00059 2
 -95.000   40.000 -0.03010 1
 -95.000   41.000 -0.02809 1
 -95.000   42.000 -0.02167 0
 -95.000   43.000 -0.01084 0
 -95.000   44.000  0.00000 0
 -95.000   45.000  0.00000 0
 -95.000   46.000  0.00000 0
 -95.000   47.000  0.00000 0
 -95.000   48.000  0.00000 0
 -95.000   49.000  0.00000 0
 -95.000   50.000  0.00000 0
 -94.000   25.000 -0.04304 6
 -94.000   26.000 -0.03648 5
 -94.000   27.000 -0.04434 5
 -94.000   28.000 -0.03439 4
 -94.000   29.000 -0.03989 5
 -94.000   30.000 -0.02140 4
 -94.000   31.000 -0.01167 5
 -94.000   32.000  0.01900 4
 -94.000   33.000  0.05033 4
 -94.000   34.000  0.09996 2
 -94.000   35.000  0.13062 3
 -94.000   36.000  0.12291 2
 -94.000   37.000  0.10313 2
 -94.000   38.000  0.06482 0
 -94.000   39.000  0.01487 0
 -94.000   40.000 -0.02007 0
 -94.000   41.000 -0.01873 0
 -94.000   42.000 -0.01445 0
 -94.000   43.000 -0.00722 0
 -94.000   44.000  0.00000 0
 -94.000   45.000  0.00000 0
 -94.000   46.000  0.00000 0
 -94.000   47.000  0.00000 0
 -94.000   48.000  0.00000 0
 -94.000   49.000  0.00000 0
 -94.000   50.000  0.00000 0
 -93.000   25.000 -0.04766 10
 -93.000   26.000 -0.04040 9
 -93.000   27.000 -0.04868 10
 -93.000   28.000 -0.03875 8
 -93.000   29.000 -0.04369 9
 -93.000   30.000 -0.02473 7
 -93.000   31.000 -0.01417 8
 -93.000   32.000  0.01693 7
 -93.000   33.000  0.04811 8
 -93.000   34.000  0.09462 5
 -93.000   35.000  0.12886 6
 -93.000   36.000  0.12136 3
 -93.000   37.000  0.10449 3
 -93.000   38.000  0.07056 0
 -93.000   39.000  0.02744 0
 -93.000   40.000 -0.01003 0
 -93.000   41.000 -0.00936 0
 -93.000   42.000 -0.00722 0
 -93.000   43.000 -0.00361 0
 -93.000   44.000  0.00000 0
 -93.000   45.000  0.00000 0
 -93.000   46.000  0.00586 0
 -93.000   47.000  0.01171 0
 -93.000   48.000  0.01757 0
 -93.000   49.000  0.02196 0
 -93.000   50.000  0.02928 0
 -92.000   25.000 -0.04887 4
 -92.000   26.000 -0.04159 4
 -92.000   27.000 -0.05044 5
 -92.000   28.000 -0.04076 4
 -92.000   29.000 -0.04508 4
 -92.000   30.000 -0.02531 3
 -92.000   31.000 -0.01346 3
 -92.000   32.000  0.01919 3
 -92.000   33.000  0.05101 4
 -92.000   34.000  0.09518 3
 -92.000   35.000  0.13014 3
 -92.000   36.000  0.12223 1
 -92.000   37.000  0.10675 1
 -92.000   38.000  0.07590 0
 -92.000   39.000  0.03795 0
 -92.000   40.000  0.00000 0
 -92.000   41.000  0.00000 0
 -92.000   42.000  0.00000 0
 -92.000   43.000  0.00000 0
 -92.000   44.000  0.00000 0
 -92.000   45.000  0.00000 0
 -92.000   46.000  0.01171 0
 -92.000   47.000  0.02343 0
 -92.000   48.000  0.03514 0
 -92.000   49.000  0.04392 0
 -92.000   50.000  0.05856 0
 -91.000   25.000 -0.04694 7
 -91.000   26.000 -0.04007 7
 -91.000   27.000 -0.04865 8
 -91.000   28.000 -0.04053 7
 -91.000   29.000 -0.04501 7
 -91.000   30.000 -0.02544 6
 -91.000   31.000 -0.01253 7
 -91.000   32.000  0.01919 7
 -91.000   33.000  0.05198 8
 -91.000   34.000  0.09633 5
 -91.000   35.000  0.13285 6
 -91.000   36.000  0.13464 3
 -91.000   37.000  0.13409 3
 -91.000   38.000  0.11757 0
 -91.000   39.000  0.07907 0
 -91.000   40.000  0.03949 0
 -91.000   41.000  0.02821 0
 -91.000   42.000  0.01159 0
 -91.000   43.000 -0.00663 0
 -91.000   44.000 -0.00774 0
 -91.000   45.000 -0.00583 0
 -91.000   46.000  0.00994 0
 -91.000   47.000  0.02839 0
 -91.000   48.000  0.04842 1
 -91.000   49.000  0.06191 1
 -91.000   50.000  0.08014 1
 -90.000   25.000 -0.04494 3
 -90.000   26.000 -0.03800 3
 -90.000   27.000 -0.04540 3
 -90.000   28.000 -0.03889 3
 -90.000   29.000 -0.04331 3
 -90.000   30.000 -0.02341 3
 -90.000   31.000 -0.00882 4
 -90.000   32.000  0.02213 4
 -90.000   33.000  0.05471 4
 -90.000   34.000  0.09773 2
 -90.000   35.000  0.13418 3
 -90.000   36.000  0.14466 2
 -90.000   37.000  0.15784 2
 -90.000   38.000  0.15704 0
 -90.000   39.000  0.11946 0
 -90.000   40.000  0.07898 0
 -90.000   41.000  0.05642 0
 -90.000   42.000  0.02317 0
 -90.000   43.000 -0.01327 0
 -90.000   44.000 -0.01548 0
 -90.000   45.000 -0.01166 0
 -90.000   46.000  0.00704 0
 -90.000   47.000  0.03104 0
 -90.000   48.000  0.05822 1
 -90.000   49.000  0.07553 1
 -90.000   50.000  0.09589 1
 -89.000   25.000 -0.04519 7
 -89.000   26.000 -0.03794 7
 -89.000   27.000 -0.04289 6
 -89.000   28.000 -0.03621 7
 -89.000   29.000 -0.03825 8
 -89.000   30.000 -0.01685 9
 -89.000   31.000  0.00032 9
 -89.000   32.000  0.03029 8
 -89.000   33.000  0.06105 7
 -89.000   34.000  0.09684 5
 -89.000   35.000  0.12823 6
 -89.000   36.000  0.14034 5
 -89.000   37.000  0.15559 4
 -89.000   38.000  0.15666 2
 -89.000   39.000  0.11850 1
 -89.000   40.000  0.07660 1
 -89.000   41.000  0.04915 0
 -89.000   42.000  0.01006 1
 -89.000   43.000 -0.02904 1
 -89.000   44.000 -0.02634 2
 -89.000   45.000 -0.01663 1
 -89.000   46.000  0.00487 2
 -89.000   47.000  0.03466 1
 -89.000   48.000  0.06825 3
 -89.000   49.000  0.08938 2
 -89.000   50.000  0.11142 2
 -88.000   25.000 -0.04718 4
 -88.000   26.000 -0.03962 4
 -88.000   27.000 -0.04147 3
 -88.000   28.000 -0.03391 4
 -88.000   29.000 -0.03294 5
 -88.000   30.000 -0.01112 6
 -88.000   31.000  0.00817 5
 -88.000   32.000  0.03530 4
 -88.000   33.000  0.06343 3
 -88.000   34.000  0.09459 3
 -88.000   35.000  0.12589 3
 -88.000   36.000  0.13406 3
 -88.000   37.000  0.14739 2
 -88.000   38.000  0.14733 2
 -88.000   39.000  0.10609 1
 -88.000   40.000  0.05675 1
 -88.000   41.000  0.03129 0
 -88.000   42.000 -0.00838 1
 -88.000   43.000 -0.04606 1
 -88.000   44.000 -0.03841 2
 -88.000   45.000 -0.02067 1
 -88.000   46.000 -0.00294 2
 -88.000   47.000  0.02354 1
 -88.000   48.000  0.05383 2
 -88.000   49.000  0.07262 1
 -88.000   50.000  0.08560 1
 -87.000   25.000 -0.04795 10
 -87.000   26.000 -0.04103 11
 -87.000   27.000 -0.04019 9
 -87.000   28.000 -0.03345 11
 -87.000   29.000 -0.03047 10
 -87.000   30.000 -0.01044 11
 -87.000   31.000  0.00815 9
 -87.000   32.000  0.02932 9
 -87.000   33.000  0.05517 7
 -87.000   34.000  0.08431 8
 -87.000   35.000  0.11872 7
 -87.000   36.000  0.12663 6
 -87.000   37.000  0.14161 3
 -87.000   38.000  0.14067 4
 -87.000   39.000  0.09572 3
 -87.000   40.000  0.03643 5
 -87.000   41.000  0.00477 2
 -87.000   42.000 -0.03819 3
 -87.000   43.000 -0.07441 1
 -87.000   44.000 -0.06268 4
 -87.000   45.000 -0.03518 3
 -87.000   46.000 -0.01336 5
 -87.000   47.000  0.01462 2
 -87.000   48.000  0.04427 3
 -87.000   49.000  0.06193 1
 -87.000   50.000  0.06789 1
 -86.000   25.000 -0.04739 6
 -86.000   26.000 -0.04230 7
 -86.000   27.000 -0.04004 6
 -86.000   28.000 -0.03438 7
 -86.000   29.000 -0.02955 5
 -86.000   30.000 -0.01183 5
 -86.000   31.000  0.00476 4
 -86.000   32.000  0.02085 5
 -86.000   33.000  0.04475 4
 -86.000   34.000  0.07108 5
 -86.000   35.000  0.10809 4
 -86.000   36.000  0.10714 3
 -86.000   37.000  0.10962 1
 -86.000   38.000  0.09223 2
 -86.000   39.000  0.04499 2
 -86.000   40.000 -0.02343 4
 -86.000   41.000 -0.05025 2
 -86.000   42.000 -0.08257 2
 -86.000   43.000 -0.09648 0
 -86.000   44.000 -0.07943 2
 -86.000   45.000 -0.04502 2
 -86.000   46.000 -0.01726 3
 -86.000   47.000  0.01398 1
 -86.000   48.000  0.03797 1
 -86.000   49.000  0.05267 0
 -86.000   50.000  0.05796 0
 -85.000   25.000 -0.04451 13
 -85.000   26.000 -0.04121 15
 -85.000   27.000 -0.03837 12
 -85.000   28.000 -0.03314 14
 -85.000   29.000 -0.02670 12
 -85.000   30.000 -0.01200 12
 -85.000   31.000  0.00267 10
 -85.000   32.000  0.01499 12
 -85.000   33.000  0.03657 10
 -85.000   34.000  0.05711 12
 -85.000   35.000  0.09073 9
 -85.000   36.000  0.08109 8
 -85.000   37.000  0.07043 3
 -85.000   38.000  0.03743 5
 -85.000   39.000 -0.00740 5
 -85.000   40.000 -0.07522 8
 -85.000   41.000 -0.09456 4
 -85.000   42.000 -0.11409 5
 -85.000   43.000 -0.10772 2
 -85.000   44.000 -0.08770 4
 -85.000   45.000 -0.04984 2
 -85.000   46.000 -0.01942 3
 -85.000   47.000  0.01307 1
 -85.000   48.000  0.03261 2
 -85.000   49.000  0.04494 1
 -85.000   50.000  0.04926 2
 -84.000   25.000 -0.03749 7
 -84.000   26.000 -0.03555 8
 -84.000   27.000 -0.03314 6
 -84.000   28.000 -0.02934 7
 -84.000   29.000 -0.02337 7
 -84.000   30.000 -0.01250 7
 -84.000   31.000 -0.00013 6
 -84.000   32.000  0.00939 7
 -84.000   33.000  0.02866 6
 -84.000   34.000  0.04319 7
 -84.000   35.000  0.07104 5
 -84.000   36.000  0.05880 5
 -84.000   37.000  0.04554 2
 -84.000   38.000  0.01299 3
 -84.000   39.000 -0.02104 3
 -84.000   40.000 -0.07950 4
 -84.000   41.000 -0.09595 2
 -84.000   42.000 -0.11226 3
 -84.000   43.000 -0.10217 2
 -84.000   44.000 -0.08659 2
 -84.000   45.000 -0.05163 0
 -84.000   46.000 -0.02101 0
 -84.000   47.000  0.01048 0
 -84.000   48.000  0.02590 1
 -84.000   49.000  0.03558 1
 -84.000   50.000  0.03892 2
 -83.000   25.000 -0.03295 13
 -83.000   26.000 -0.03220 16
 -83.000   27.000 -0.02986 13
 -83.000   28.000 -0.02753 14
 -83.000   29.000 -0.02190 13
 -83.000   30.000 -0.01437 14
 -83.000   31.000 -0.00433 13
 -83.000   32.000  0.00262 15
 -83.000   33.000  0.01962 13
 -83.000   34.000  0.03006 14
 -83.000   35.000  0.05200 10
 -83.000   36.000  0.04494 11
 -83.000   37.000  0.03683 6
 -83.000   38.000  0.01027 8
 -83.000   39.000 -0.01338 5
 -83.000   40.000 -0.06020 8
 -83.000   41.000 -0.08086 5
 -83.000   42.000 -0.09966 8
 -83.000   43.000 -0.09039 5
 -83.000   44.000 -0.08073 5
 -83.000   45.000 -0.05209 1
 -83.000   46.000 -0.02245 2
 -83.000   47.000  0.00828 1
 -83.000   48.000  0.02142 4
 -83.000   49.000  0.02982 3
 -83.000   50.000  0.03575 7
 -82.000   25.000 -0.03520 6
 -82.000   26.000 -0.03418 8
 -82.000   27.000 -0.03037 7
 -82.000   28.000 -0.02702 7
 -82.000   29.000 -0.01913 6
 -82.000   30.000 -0.01285 7
 -82.000   31.000 -0.00278 7
 -82.000   32.000  0.00254 8
 -82.000   33.000  0.01624 7
 -82.000   34.000  0.02242 7
 -82.000   35.000  0.03797 5
 -82.000   36.000  0.03441 6
 -82.000   37.000  0.03114 4
 -82.000   38.000  0.01237 5
 -82.000   39.000 -0.00138 2
 -82.000   40.000 -0.03596 4
 -82.000   41.000 -0.05270 3
 -82.000   42.000 -0.07150 5
 -82.000   43.000 -0.06420 3
 -82.000   44.000 -0.06064 3
 -82.000   45.000 -0.04059 1
 -82.000   46.000 -0.02116 2
 -82.000   47.000  0.00236 1
 -82.000   48.000  0.00969 3
 -82.000   49.000  0.01524 2
 -82.000   50.000  0.02144 5
 -81.000   25.000 -0.03370 11
 -81.000   26.000 -0.03229 14
 -81.000   27.000 -0.02710 12
 -81.000   28.000 -0.02260 14
 -81.000   29.000 -0.01387 13
 -81.000   30.000 -0.00971 14
 -81.000   31.000  0.00029 13
 -81.000   32.000  0.00427 15
 -81.000   33.000  0.01413 14
 -81.000   34.000  0.01660 15
 -81.000   35.000  0.02571 11
 -81.000   36.000  0.02456 13
 -81.000   37.000  0.02509 9
 -81.000   38.000  0.01413 11
 -81.000   39.000  0.00972 6
 -81.000   40.000 -0.01117 9
 -81.000   41.000 -0.02274 6
 -81.000   42.000 -0.03900 9
 -81.000   43.000 -0.03626 6
 -81.000   44.000 -0.03928 9
 -81.000   45.000 -0.02711 5
 -81.000   46.000 -0.01844 8
 -81.000   47.000 -0.00410 4
 -81.000   48.000  0.00026 9
 -81.000   49.000  0.00476 5
 -81.000   50.000  0.00858 12
 -80.000   25.000 -0.02870 5
 -80.000   26.000 -0.02804 6
 -80.000   27.000 -0.02161 5
 -80.000   28.000 -0.01716 7
 -80.000   29.000 -0.00913 7
 -80.000   30.000 -0.00798 7
 -80.000   31.000 -0.00013 6
 -80.000   32.000  0.00154 7
 -80.000   33.000  0.00808 7
 -80.000   34.000  0.00968 8
 -80.000   35.000  0.01780 6
 -80.000   36.000  0.02048 7
 -80.000   37.000  0.02513 5
 -80.000   38.000  0.02026 6
 -80.000   39.000  0.02108 4
 -80.000   40.000  0.00584 5
 -80.000   41.000 -0.00240 3
 -80.000   42.000 -0.01843 4
 -80.000   43.000 -0.01821 3
 -80.000   44.000 -0.02570 6
 -80.000   45.000 -0.01815 4
 -80.000   46.000 -0.01623 6
 -80.000   47.000 -0.00732 3
 -80.000   48.000 -0.00565 6
 -80.000   49.000 -0.00171 3
 -80.000   50.000  0.00142 7
 -79.000   25.000 -0.02740 10
 -79.000   26.000 -0.02705 11
 -79.000   27.000 -0.01867 9
 -79.000   28.000 -0.01352 13
 -79.000   29.000 -0.00406 13
 -79.000   30.000 -0.00410 16
 -79.000   31.000  0.00247 13
 -79.000   32.000  0.00151 14
 -79.000   33.000  0.00524 12
 -79.000   34.000  0.00634 14
 -79.000   35.000  0.01420 11
 -79.000   36.000  0.01882 13
 -79.000   37.000  0.02652 10
 -79.000   38.000  0.02513 12
 -79.000   39.000  0.02788 8
 -79.000   40.000  0.01490 10
 -79.000   41.000  0.00992 7
 -79.000   42.000 -0.00519 9
 -79.000   43.000 -0.00538 7
 -79.000   44.000 -0.01535 12
 -79.000   45.000 -0.01079 8
 -79.000   46.000 -0.01411 13
 -79.000   47.000 -0.01028 7
 -79.000   48.000 -0.01168 14
 -79.000   49.000 -0.00858 7
 -79.000   50.000 -0.00622 15
 -78.000   25.000 -0.02366 5
 -78.000   26.000 -0.02302 5
 -78.000   27.000 -0.01313 4
 -78.000   28.000 -0.00705 6
 -78.000   29.000  0.00383 6
 -78.000   30.000  0.00286 9
 -78.000   31.000  0.00841 7
 -78.000   32.000  0.00497 7
 -78.000   33.000  0.00606 5
 -78.000   34.000  0.00521 6
 -78.000   35.000  0.01115 5
 -78.000   36.000  0.01482 6
 -78.000   37.000  0.02217 5
 -78.000   38.000  0.02144 6
 -78.000   39.000  0.02556 4
 -78.000   40.000  0.01606 5
 -78.000   41.000  0.01571 4
 -78.000   42.000  0.00337 5
 -78.000   43.000  0.00404 4
 -78.000   44.000 -0.00645 6
 -78.000   45.000 -0.00409 4
 -78.000   46.000 -0.01158 7
 -78.000   47.000 -0.01115 4
 -78.000   48.000 -0.01444 8
 -78.000   49.000 -0.01235 4
 -78.000   50.000 -0.01152 8
 -77.000   25.000 -0.01317 10
 -77.000   26.000 -0.01259 11
 -77.000   27.000 -0.00273 9
 -77.000   28.000  0.00300 11
 -77.000   29.000  0.01243 11
 -77.000   30.000  0.00955 15
 -77.000   31.000  0.01229 14
 -77.000   32.000  0.00640 15
 -77.000   33.000  0.00481 12
 -77.000   34.000  0.00219 14
 -77.000   35.000  0.00610 11
 -77.000   36.000  0.00843 15
 -77.000   37.000  0.01417 12
 -77.000   38.000  0.01322 15
 -77.000   39.000  0.01853 9
 -77.000   40.000  0.01315 12
 -77.000   41.000  0.01769 9
 -77.000   42.000  0.00877 13
 -77.000   43.000  0.01141 10
 -77.000   44.000  0.00139 15
 -77.000   45.000  0.00204 9
 -77.000   46.000 -0.00783 15
 -77.000   47.000 -0.00871 8
 -77.000   48.000 -0.01273 16
 -77.000   49.000 -0.01120 8
 -77.000   50.000 -0.01115 14
 -76.000   25.000 -0.00660 5
 -76.000   26.000 -0.00533 6
 -76.000   27.000  0.00461 5
 -76.000   28.000  0.01084 5
 -76.000   29.000  0.02009 5
 -76.000   30.000  0.01663 6
 -76.000   31.000  0.01588 7
 -76.000   32.000  0.00749 8
 -76.000   33.000  0.00253 7
 -76.000   34.000 -0.00240 8
 -76.000   35.000 -0.00097 6
 -76.000   36.000  0.00069 9
 -76.000   37.000  0.00518 7
 -76.000   38.000  0.00511 9
 -76.000   39.000  0.01147 5
 -76.000   40.000  0.00993 7
 -76.000   41.000  0.01852 5
 -76.000   42.000  0.01355 8
 -76.000   43.000  0.01821 6
 -76.000   44.000  0.00903 9
 -76.000   45.000  0.00815 5
 -76.000   46.000 -0.00314 8
 -76.000   47.000 -0.00557 4
 -76.000   48.000 -0.01040 8
 -76.000   49.000 -0.00962 4
 -76.000   50.000 -0.00990 6
 -75.000   25.000 -0.00481 11
 -75.000   26.000 -0.00246 15
 -75.000   27.000  0.00767 13
 -75.000   28.000  0.01464 14
 -75.000   29.000  0.02477 12
 -75.000   30.000  0.02186 13
 -75.000   31.000  0.01937 13
 -75.000   32.000  0.00995 13
 -75.000   33.000  0.00303 11
 -75.000   34.000 -0.00373 12
 -75.000   35.000 -0.00460 10
 -75.000   36.000 -0.00395 16
 -75.000   37.000 -0.00053 13
 -75.000   38.000  0.00029 18
 -75.000   39.000  0.00727 11
 -75.000   40.000  0.00911 17
 -75.000   41.000  0.02011 12
 -75.000   42.000  0.01835 18
 -75.000   43.000  0.02394 12
 -75.000   44.000  0.01605 19
 -75.000   45.000  0.01424 11
 -75.000   46.000  0.00242 17
 -75.000   47.000 -0.00219 8
 -75.000   48.000 -0.00765 16
 -75.000   49.000 -0.00798 8
 -75.000   50.000 -0.00936 14
 -74.000   25.000 -0.00058 6
 -74.000   26.000  0.00169 9
 -74.000   27.000  0.01126 8
 -74.000   28.000  0.01744 9
 -74.000   29.000  0.02601 7
 -74.000   30.000  0.02209 7
 -74.000   31.000  0.01684 6
 -74.000   32.000  0.00701 5
 -74.000   33.000 -0.00062 4
 -74.000   34.000 -0.00679 4
 -74.000   35.000 -0.00765 4
 -74.000   36.000 -0.00498 7
 -74.000   37.000 -0.00096 6
 -74.000   38.000  0.00174 9
 -74.000   39.000  0.00922 6
 -74.000   40.000  0.01326 10
 -74.000   41.000  0.02411 7
 -74.000   42.000  0.02273 10
 -74.000   43.000  0.02699 6
 -74.000   44.000  0.02000 10
 -74.000   45.000  0.01842 6
 -74.000   46.000  0.00767 9
 -74.000   47.000  0.00245 4
 -74.000   48.000 -0.00228 8
 -74.000   49.000 -0.00330 4
 -74.000   50.000 -0.00606 8
 -73.000   25.000  0.00470 14
 -73.000   26.000  0.00597 21
 -73.000   27.000  0.01429 16
 -73.000   28.000  0.01878 20
 -73.000   29.000  0.02543 15
 -73.000   30.000  0.02071 16
 -73.000   31.000  0.01318 13
 -73.000   32.000  0.00349 13
 -73.000   33.000 -0.00419 10
 -73.000   34.000 -0.00938 11
 -73.000   35.000 -0.00951 9
 -73.000   36.000 -0.00425 15
 -73.000   37.000  0.00069 12
 -73.000   38.000  0.00535 18
 -73.000   39.000  0.01316 12
 -73.000   40.000  0.01813 20
 -73.000   41.000  0.02784 14
 -73.000   42.000  0.02612 21
 -73.000   43.000  0.02900 12
 -73.000   44.000  0.02220 20
 -73.000   45.000  0.02031 11
 -73.000   46.000  0.01142 18
 -73.000   47.000  0.00766 8
 -73.000   48.000  0.00427 16
 -73.000   49.000  0.00340 8
 -73.000   50.000  0.00168 15
 -72.000   25.000  0.00791 8
 -72.000   26.000  0.00796 12
 -72.000   27.000  0.01529 8
 -72.000   28.000  0.01860 11
 -72.000   29.000  0.02534 8
 -72.000   30.000  0.02107 9
 -72.000   31.000  0.01372 7
 -72.000   32.000  0.00479 8
 -72.000   33.000 -0.00217 6
 -72.000   34.000 -0.00751 7
 -72.000   35.000 -0.00758 5
 -72.000   36.000 -0.00149 8
 -72.000   37.000  0.00386 6
 -72.000   38.000  0.00910 9
 -72.000   39.000  0.01664 6
 -72.000   40.000  0.02163 10
 -72.000   41.000  0.03014 7
 -72.000   42.000  0.02832 11
 -72.000   43.000  0.03067 6
 -72.000   44.000  0.02390 10
 -72.000   45.000  0.02099 5
 -72.000   46.000  0.01345 9
 -72.000   47.000  0.01144 4
 -72.000   48.000  0.00871 8
 -72.000   49.000  0.00821 4
 -72.000   50.000  0.00857 7
 -71.000   25.000  0.01200 16
 -71.000   26.000  0.01094 24
 -71.000   27.000  0.01745 18
 -71.000   28.000  0.01953 24
 -71.000   29.000  0.02577 17
 -71.000   30.000  0.02133 19
 -71.000   31.000  0.01516 14
 -71.000   32.000  0.00725 16
 -71.000   33.000  0.00178 12
 -71.000   34.000 -0.00319 15
 -71.000   35.000 -0.00266 11
 -71.000   36.000  0.00346 16
 -71.000   37.000  0.00918 11
 -71.000   38.000  0.01420 18
 -71.000   39.000  0.02126 13
 -71.000   40.000  0.02588 21
 -71.000   41.000  0.03290 14
 -71.000   42.000  0.03059 21
 -71.000   43.000  0.03210 11
 -71.000   44.000  0.02573 18
 -71.000   45.000  0.02222 9
 -71.000   46.000  0.01560 18
 -71.000   47.000  0.01397 9
 -71.000   48.000  0.01140 17
 -71.000   49.000  0.01079 8
 -71.000   50.000  0.01181 15
 -70.000   25.000  0.01736 8
 -70.000   26.000  0.01568 12
 -70.000   27.000  0.02150 10
 -70.000   28.000  0.02280 13
 -70.000   29.000  0.02835 9
 -70.000   30.000  0.02364 10
 -70.000   31.000  0.01770 7
 -70.000   32.000  0.00976 8
 -70.000   33.000  0.00455 6
 -70.000   34.000 -0.00047 8
 -70.000   35.000  0.00034 6
 -70.000   36.000  0.00631 8
 -70.000   37.000  0.01252 5
 -70.000   38.000  0.01756 9
 -70.000   39.000  0.02483 7
 -70.000   40.000  0.02945 11
 -70.000   41.000  0.03688 7
 -70.000   42.000  0.03536 10
 -70.000   43.000  0.03767 5
 -70.000   44.000  0.03143 8
 -70.000   45.000  0.02702 4
 -70.000   46.000  0.01966 9
 -70.000   47.000  0.01710 5
 -70.000   48.000  0.01307 9
 -70.000   49.000  0.01206 4
 -70.000   50.000  0.01337 8
 -69.000   25.000  0.02146 15
 -69.000   26.000  0.01964 24
 -69.000   27.000  0.02445 18
 -69.000   28.000  0.02542 26
 -69.000   29.000  0.03063 19
 -69.000   30.000  0.02660 23
 -69.000   31.000  0.02115 15
 -69.000   32.000  0.01374 19
 -69.000   33.000  0.00877 13
 -69.000   34.000  0.00370 19
 -69.000   35.000  0.00436 13
 -69.000   36.000  0.00934 19
 -69.000   37.000  0.01503 12
 -69.000   38.000  0.01924 19
 -69.000   39.000  0.02626 13
 -69.000   40.000  0.03023 21
 -69.000   41.000  0.03862 13
 -69.000   42.000  0.03869 19
 -69.000   43.000  0.04272 9
 -69.000   44.000  0.03645 15
 -69.000   45.000  0.03089 7
 -69.000   46.000  0.02260 16
 -69.000   47.000  0.01973 9
 -69.000   48.000  0.01444 17
 -69.000   49.000  0.01348 8
 -69.000   50.000  0.01619 16
 -68.000   25.000  0.02555 7
 -68.000   26.000  0.02379 12
 -68.000   27.000  0.02700 8
 -68.000   28.000  0.02721 13
 -68.000   29.000  0.03044 10
 -68.000   30.000  0.02637 13
 -68.000   31.000  0.02061 8
 -68.000   32.000  0.01457 11
 -68.000   33.000  0.01065 7
 -68.000   34.000  0.00744 11
 -68.000   35.000  0.00878 7
 -68.000   36.000  0.01377 11
 -68.000   37.000  0.01908 7
 -68.000   38.000  0.02228 10
 -68.000   39.000  0.02918 6
 -68.000   40.000  0.03282 10
 -68.000   41.000  0.04248 7
 -68.000   42.000  0.04368 10
 -68.000   43.000  0.04907 6
 -68.000   44.000  0.04252 8
 -68.000   45.000  0.03662 4
 -68.000   46.000  0.02716 7
 -68.000   47.000  0.02354 4
 -68.000   48.000  0.01751 8
 -68.000   49.000  0.01673 4
 -68.000   50.000  0.01941 8
 -67.000   25.000  0.02987 13
 -67.000   26.000  0.02829 23
 -67.000   27.000  0.02999 15
 -67.000   28.000  0.02921 25
 -67.000   29.000  0.02927 18
 -67.000   30.000  0.02408 25
 -67.000   31.000  0.01696 16
 -67.000   32.000  0.01210 24
 -67.000   33.000  0.00923 15
 -67.000   34.000  0.00892 23
 -67.000   35.000  0.01161 14
 -67.000   36.000  0.01766 22
 -67.000   37.000  0.02304 14
 -67.000   38.000  0.02565 20
 -67.000   39.000  0.03215 12
 -67.000   40.000  0.03544 19
 -67.000   41.000  0.04551 13
 -67.000   42.000  0.04680 18
 -67.000   43.000  0.05204 11
 -67.000   44.000  0.04594 15
 -67.000   45.000  0.04093 8
 -67.000   46.000  0.03106 13
 -67.000   47.000  0.02635 7
 -67.000   48.000  0.02059 14
 -67.000   49.000  0.01968 7
 -67.000   50.000  0.02082 14
 -66.000   25.000  0.03212 6
 -66.000   26.000  0.03060 11
 -66.000   27.000  0.03137 7
 -66.000   28.000  0.02999 12
 -66.000   29.000  0.02839 8
 -66.000   30.000  0.02277 12
 -66.000   31.000  0.01509 8
 -66.000   32.000  0.01108 13
 -66.000   33.000  0.00897 8
 -66.000   34.000  0.01030 12
 -66.000   35.000  0.01359 7
 -66.000   36.000  0.02010 11
 -66.000   37.000  0.02543 7
 -66.000   38.000  0.02759 10
 -66.000   39.000  0.03414 6
 -66.000   40.000  0.03748 9
 -66.000   41.000  0.04846 7
 -66.000   42.000  0.05005 9
 -66.000   43.000  0.05572 7
 -66.000   44.000  0.04950 8
 -66.000   45.000  0.04472 5
 -66.000   46.000  0.03396 6
 -66.000   47.000  0.02854 3
 -66.000   48.000  0.02253 6
 -66.000   49.000  0.02160 3
 -66.000   50.000  0.02195 6
 -65.000   25.000  0.03162 6
 -65.000   26.000  0.03023 11
 -65.000   27.000  0.02971 7
 -65.000   28.000  0.02796 12
 -65.000   29.000  0.02546 8
 -65.000   30.000  0.02062 12
 -65.000   31.000  0.01353 8
 -65.000   32.000  0.01165 13
 -65.000   33.000  0.01117 8
 -65.000   34.000  0.01428 12
 -65.000   35.000  0.01781 7
 -65.000   36.000  0.02411 11
 -65.000   37.000  0.02857 7
 -65.000   38.000  0.02942 10
 -65.000   39.000  0.03503 6
 -65.000   40.000  0.03755 9
 -65.000   41.000  0.04825 6
 -65.000   42.000  0.04973 8
 -65.000   43.000  0.05519 5
 -65.000   44.000  0.04886 7
 -65.000   45.000  0.04432 4
 -65.000   46.000  0.03400 6
 -65.000   47.000  0.02967 3
 -65.000   48.000  0.02514 6
 -65.000   49.000  0.02491 3
 -65.000   50.000  0.02594 6
