-130.000   25.000 -0.01057 16
-130.000   26.000 -0.01586 16
-130.000   27.000 -0.01632 18
-130.000   28.000 -0.01953 15
-130.000   29.000 -0.01619 17
-130.000   30.000 -0.01030 13
-130.000   31.000 -0.00246 17
-130.000   32.000  0.00061 12
-130.000   33.000  0.00356 17
-130.000   34.000  0.00065 11
-130.000   35.000 -0.00283 17
-130.000   36.000 -0.00640 11
-130.000   37.000 -0.00850 14
-130.000   38.000 -0.01184 11
-130.000   39.000 -0.01439 13
-130.000   40.000 -0.01764 11
-130.000   41.000 -0.01937 11
-130.000   42.000 -0.01966 10
-130.000   43.000 -0.01937 13
-130.000   44.000 -0.01749 11
-130.000   45.000 -0.01503 14
-130.000   46.000 -0.01246 10
-130.000   47.000 -0.01220 16
-130.000   48.000 -0.01256 13
-130.000   49.000 -0.01247 18
-130.000   50.000 -0.01342 13
-129.000   25.000 -0.01460 17
-129.000   26.000 -0.01779 20
-129.000   27.000 -0.01756 18
-129.000   28.000 -0.01900 17
-129.000   29.000 -0.01529 16
-129.000   30.000 -0.01027 13
-129.000   31.000 -0.00354 16
-129.000   32.000 -0.00085 14
-129.000   33.000  0.00183 20
-129.000   34.000 -0.00071 15
-129.000   35.000 -0.00364 20
-129.000   36.000 -0.00726 14
-129.000   37.000 -0.00941 19
-129.000   38.000 -0.01281 16
-129.000   39.000 -0.01522 20
-129.000   40.000 -0.01824 17
-129.000   41.000 -0.01924 18
-129.000   42.000 -0.01916 15
-129.000   43.000 -0.01811 18
-129.000   44.000 -0.01617 15
-129.000   45.000 -0.01341 19
-129.000   46.000 -0.01111 14
-129.000   47.000 -0.01068 20
-129.000   48.000 -0.01122 16
-129.000   49.000 -0.01081 20
-129.000   50.000 -0.01187 15
-128.000   25.000 -0.01556 22
-128.000   26.000 -0.01743 21
-128.000   27.000 -0.01702 22
-128.000   28.000 -0.01730 17
-128.000   29.000 -0.01396 19
-128.000   30.000 -0.00913 14
-128.000   31.000 -0.00369 18
-128.000   32.000 -0.00120 14
-128.000   33.000  0.00051 20
-128.000   34.000 -0.00188 13
-128.000   35.000 -0.00484 17
-128.000   36.000 -0.00801 9
-128.000   37.000 -0.00990 15
-128.000   38.000 -0.01240 13
-128.000   39.000 -0.01408 18
-128.000   40.000 -0.01632 15
-128.000   41.000 -0.01693 15
-128.000   42.000 -0.01683 12
-128.000   43.000 -0.01606 15
-128.000   44.000 -0.01423 13
-128.000   45.000 -0.01167 17
-128.000   46.000 -0.00934 14
-128.000   47.000 -0.00901 19
-128.000   48.000 -0.00947 17
-128.000   49.000 -0.00909 21
-128.000   50.000 -0.01018 18
-127.000   25.000 -0.01520 17
-127.000   26.000 -0.01517 19
-127.000   27.000 -0.01446 16
-127.000   28.000 -0.01315 15
-127.000   29.000 -0.01025 15
-127.000   30.000 -0.00654 13
-127.000   31.000 -0.00337 15
-127.000   32.000 -0.00195 15
-127.000   33.000 -0.00153 20
-127.000   34.000 -0.00389 16
-127.000   35.000 -0.00639 19
-127.000   36.000 -0.00893 13
-127.000   37.000 -0.01019 18
-127.000   38.000 -0.01199 14
-127.000   39.000 -0.01283 19
-127.000   40.000 -0.01406 15
-127.000   41.000 -0.01375 16
-127.000   42.000 -0.01361 11
-127.000   43.000 -0.01268 15
-127.000   44.000 -0.01074 13
-127.000   45.000 -0.00797 19
-127.000   46.000 -0.00603 15
-127.000   47.000 -0.00541 20
-127.000   48.000 -0.00595 16
-127.000   49.000 -0.00562 19
-127.000   50.000 -0.00722 15
-126.000   25.000 -0.01842 21
-126.000   26.000 -0.01645 21
-126.000   27.000 -0.01509 21
-126.000   28.000 -0.01156 17
-126.000   29.000 -0.00869 19
-126.000   30.000 -0.00567 15
-126.000   31.000 -0.00497 18
-126.000   32.000 -0.00513 15
-126.000   33.000 -0.00663 19
-126.000   34.000 -0.00895 13
-126.000   35.000 -0.01080 16
-126.000   36.000 -0.01209 11
-126.000   37.000 -0.01186 16
-126.000   38.000 -0.01294 13
-126.000   39.000 -0.01296 17
-126.000   40.000 -0.01387 13
-126.000   41.000 -0.01276 15
-126.000   42.000 -0.01244 11
-126.000   43.000 -0.01103 15
-126.000   44.000 -0.00869 12
-126.000   45.000 -0.00548 17
-126.000   46.000 -0.00392 15
-126.000   47.000 -0.00383 19
-126.000   48.000 -0.00483 17
-126.000   49.000 -0.00503 20
-126.000   50.000 -0.00708 18
-125.000   25.000 -0.01929 16
-125.000   26.000 -0.01648 20
-125.000   27.000 -0.01475 17
-125.000   28.000 -0.01001 17
-125.000   29.000 -0.00689 16
-125.000   30.000 -0.00483 14
-125.000   31.000 -0.00575 15
-125.000   32.000 -0.00772 15
-125.000   33.000 -0.01044 18
-125.000   34.000 -0.01329 14
-125.000   35.000 -0.01433 16
-125.000   36.000 -0.01509 13
-125.000   37.000 -0.01356 17
-125.000   38.000 -0.01466 13
-125.000   39.000 -0.01414 16
-125.000   40.000 -0.01529 12
-125.000   41.000 -0.01317 14
-125.000   42.000 -0.01262 9
-125.000   43.000 -0.01048 14
-125.000   44.000 -0.00821 11
-125.000   45.000 -0.00424 17
-125.000   46.000 -0.00348 12
-125.000   47.000 -0.00338 17
-125.000   48.000 -0.00489 14
-125.000   49.000 -0.00516 18
-125.000   50.000 -0.00764 15
-124.000   25.000 -0.01885 21
-124.000   26.000 -0.01671 24
-124.000   27.000 -0.01510 22
-124.000   28.000 -0.01074 21
-124.000   29.000 -0.00812 21
-124.000   30.000 -0.00631 18
-124.000   31.000 -0.00792 18
-124.000   32.000 -0.01050 16
-124.000   33.000 -0.01367 18
-124.000   34.000 -0.01603 14
-124.000   35.000 -0.01642 15
-124.000   36.000 -0.01617 12
-124.000   37.000 -0.01378 14
-124.000   38.000 -0.01467 11
-124.000   39.000 -0.01412 15
-124.000   40.000 -0.01544 14
-124.000   41.000 -0.01313 18
-124.000   42.000 -0.01267 13
-124.000   43.000 -0.01040 16
-124.000   44.000 -0.00816 11
-124.000   45.000 -0.00376 15
-124.000   46.000 -0.00298 11
-124.000   47.000 -0.00287 15
-124.000   48.000 -0.00474 15
-124.000   49.000 -0.00517 19
-124.000   50.000 -0.00776 19
-123.000   25.000 -0.01686 16
-123.000   26.000 -0.01594 20
-123.000   27.000 -0.01453 16
-123.000   28.000 -0.01151 16
-123.000   29.000 -0.00924 16
-123.000   30.000 -0.00805 15
-123.000   31.000 -0.00886 17
-123.000   32.000 -0.01119 16
-123.000   33.000 -0.01300 19
-123.000   34.000 -0.01446 16
-123.000   35.000 -0.01417 18
-123.000   36.000 -0.01420 14
-123.000   37.000 -0.01216 16
-123.000   38.000 -0.01373 12
-123.000   39.000 -0.01372 17
-123.000   40.000 -0.01505 15
-123.000   41.000 -0.01225 17
-123.000   42.000 -0.01139 10
-123.000   43.000 -0.00868 14
-123.000   44.000 -0.00670 10
-123.000   45.000 -0.00231 15
-123.000   46.000 -0.00197 8
-123.000   47.000 -0.00186 13
-123.000   48.000 -0.00424 11
-123.000   49.000 -0.00464 15
-123.000   50.000 -0.00732 14
-122.000   25.000 -0.01953 21
-122.000   26.000 -0.01896 25
-122.000   27.000 -0.01749 21
-122.000   28.000 -0.01484 20
-122.000   29.000 -0.01231 20
-122.000   30.000 -0.01066 20
-122.000   31.000 -0.01026 20
-122.000   32.000 -0.01156 18
-122.000   33.000 -0.01223 18
-122.000   34.000 -0.01253 17
-122.000   35.000 -0.01234 16
-122.000   36.000 -0.01314 13
-122.000   37.000 -0.01213 12
-122.000   38.000 -0.01426 10
-122.000   39.000 -0.01491 15
-122.000   40.000 -0.01652 16
-122.000   41.000 -0.01324 19
-122.000   42.000 -0.01158 13
-122.000   43.000 -0.00818 15
-122.000   44.000 -0.00690 11
-122.000   45.000 -0.00270 15
-122.000   46.000 -0.00281 11
-122.000   47.000 -0.00302 15
-122.000   48.000 -0.00592 15
-122.000   49.000 -0.00596 17
-122.000   50.000 -0.00821 18
-121.000   25.000 -0.02014 15
-121.000   26.000 -0.01953 20
-121.000   27.000 -0.01763 16
-121.000   28.000 -0.01499 15
-121.000   29.000 -0.01182 15
-121.000   30.000 -0.00980 16
-121.000   31.000 -0.00788 19
-121.000   32.000 -0.00817 17
-121.000   33.000 -0.00763 19
-121.000   34.000 -0.00749 16
-121.000   35.000 -0.00777 17
-121.000   36.000 -0.01018 13
-121.000   37.000 -0.01092 15
-121.000   38.000 -0.01360 12
-121.000   39.000 -0.01431 17
-121.000   40.000 -0.01520 15
-121.000   41.000 -0.01109 17
-121.000   42.000 -0.00853 10
-121.000   43.000 -0.00490 15
-121.000   44.000 -0.00487 11
-121.000   45.000 -0.00174 17
-121.000   46.000 -0.00270 10
-121.000   47.000 -0.00286 16
-121.000   48.000 -0.00574 12
-121.000   49.000 -0.00513 15
-121.000   50.000 -0.00681 12
-120.000   25.000 -0.01784 21
-120.000   26.000 -0.01703 26
-120.000   27.000 -0.01559 22
-120.000   28.000 -0.01360 22
-120.000   29.000 -0.01147 20
-120.000   30.000 -0.00985 21
-120.000   31.000 -0.00780 19
-120.000   32.000 -0.00697 19
-120.000   33.000 -0.00488 17
-120.000   34.000 -0.00328 18
-120.000   35.000 -0.00333 14
-120.000   36.000 -0.00606 14
-120.000   37.000 -0.00767 13
-120.000   38.000 -0.01048 14
-120.000   39.000 -0.01119 15
-120.000   40.000 -0.01154 15
-120.000   41.000 -0.00765 16
-120.000   42.000 -0.00573 12
-120.000   43.000 -0.00295 15
-120.000   44.000 -0.00449 12
-120.000   45.000 -0.00268 16
-120.000   46.000 -0.00385 12
-120.000   47.000 -0.00325 16
-120.000   48.000 -0.00538 16
-120.000   49.000 -0.00397 17
-120.000   50.000 -0.00496 17
-119.000   25.000 -0.01723 14
-119.000   26.000 -0.01550 19
-119.000   27.000 -0.01377 17
-119.000   28.000 -0.01151 17
-119.000   29.000 -0.00965 16
-119.000   30.000 -0.00908 17
-119.000   31.000 -0.00709 18
-119.000   32.000 -0.00614 17
-119.000   33.000 -0.00253 18
-119.000   34.000  0.00005 17
-119.000   35.000  0.00105 18
-119.000   36.000 -0.00167 16
-119.000   37.000 -0.00337 19
-119.000   38.000 -0.00605 17
-119.000   39.000 -0.00638 19
-119.000   40.000 -0.00556 14
-119.000   41.000 -0.00178 16
-119.000   42.000  0.00012 10
-119.000   43.000  0.00197 16
-119.000   44.000 -0.00012 11
-119.000   45.000  0.00012 17
-119.000   46.000 -0.00137 10
-119.000   47.000 -0.00086 16
-119.000   48.000 -0.00255 12
-119.000   49.000 -0.00124 16
-119.000   50.000 -0.00217 12
-118.000   25.000 -0.01774 18
-118.000   26.000 -0.01575 24
-118.000   27.000 -0.01411 21
-118.000   28.000 -0.01200 22
-118.000   29.000 -0.01068 19
-118.000   30.000 -0.01096 22
-118.000   31.000 -0.00910 20
-118.000   32.000 -0.00789 22
-118.000   33.000 -0.00309 18
-118.000   34.000  0.00035 21
-118.000   35.000  0.00259 17
-118.000   36.000  0.00032 19
-118.000   37.000 -0.00111 17
-118.000   38.000 -0.00427 19
-118.000   39.000 -0.00452 18
-118.000   40.000 -0.00365 14
-118.000   41.000 -0.00017 15
-118.000   42.000  0.00167 11
-118.000   43.000  0.00336 16
-118.000   44.000  0.00142 11
-118.000   45.000  0.00111 14
-118.000   46.000 -0.00060 11
-118.000   47.000 -0.00019 15
-118.000   48.000 -0.00127 16
-118.000   49.000 -0.00007 18
-118.000   50.000 -0.00063 18
-117.000   25.000 -0.01779 11
-117.000   26.000 -0.01671 17
-117.000   27.000 -0.01500 16
-117.000   28.000 -0.01406 17
-117.000   29.000 -0.01297 16
-117.000   30.000 -0.01420 20
-117.000   31.000 -0.01143 21
-117.000   32.000 -0.00990 23
-117.000   33.000 -0.00362 20
-117.000   34.000  0.00008 20
-117.000   35.000  0.00383 19
-117.000   36.000  0.00202 19
-117.000   37.000  0.00096 20
-117.000   38.000 -0.00240 18
-117.000   39.000 -0.00215 21
-117.000   40.000 -0.00048 15
-117.000   41.000  0.00298 19
-117.000   42.000  0.00529 12
-117.000   43.000  0.00699 19
-117.000   44.000  0.00614 12
-117.000   45.000  0.00528 17
-117.000   46.000  0.00390 12
-117.000   47.000  0.00393 18
-117.000   48.000  0.00367 15
-117.000   49.000  0.00438 19
-117.000   50.000  0.00428 15
-116.000   25.000 -0.01666 15
-116.000   26.000 -0.01666 24
-116.000   27.000 -0.01561 21
-116.000   28.000 -0.01626 24
-116.000   29.000 -0.01629 21
-116.000   30.000 -0.01833 26
-116.000   31.000 -0.01518 25
-116.000   32.000 -0.01274 29
-116.000   33.000 -0.00528 25
-116.000   34.000 -0.00067 27
-116.000   35.000  0.00421 22
-116.000   36.000  0.00333 23
-116.000   37.000  0.00254 21
-116.000   38.000 -0.00070 21
-116.000   39.000 -0.00050 23
-116.000   40.000  0.00108 19
-116.000   41.000  0.00399 22
-116.000   42.000  0.00623 14
-116.000   43.000  0.00820 20
-116.000   44.000  0.00866 13
-116.000   45.000  0.00777 20
-116.000   46.000  0.00660 15
-116.000   47.000  0.00620 23
-116.000   48.000  0.00659 20
-116.000   49.000  0.00650 24
-116.000   50.000  0.00691 20
-115.000   25.000 -0.01549 10
-115.000   26.000 -0.01607 17
-115.000   27.000 -0.01518 17
-115.000   28.000 -0.01649 19
-115.000   29.000 -0.01666 19
-115.000   30.000 -0.01935 21
-115.000   31.000 -0.01632 22
-115.000   32.000 -0.01451 23
-115.000   33.000 -0.00759 23
-115.000   34.000 -0.00362 22
-115.000   35.000  0.00166 22
-115.000   36.000  0.00176 20
-115.000   37.000  0.00213 23
-115.000   38.000  0.00020 19
-115.000   39.000  0.00130 24
-115.000   40.000  0.00368 19
-115.000   41.000  0.00668 23
-115.000   42.000  0.00953 14
-115.000   43.000  0.01212 19
-115.000   44.000  0.01425 13
-115.000   45.000  0.01330 20
-115.000   46.000  0.01236 14
-115.000   47.000  0.01095 21
-115.000   48.000  0.01133 16
-115.000   49.000  0.00997 20
-115.000   50.000  0.01045 15
-114.000   25.000 -0.01343 15
-114.000   26.000 -0.01455 24
-114.000   27.000 -0.01404 22
-114.000   28.000 -0.01568 27
-114.000   29.000 -0.01568 25
-114.000   30.000 -0.01777 28
-114.000   31.000 -0.01477 26
-114.000   32.000 -0.01312 28
-114.000   33.000 -0.00765 28
-114.000   34.000 -0.00484 28
-114.000   35.000 -0.00052 27
-114.000   36.000 -0.00015 24
-114.000   37.000  0.00058 26
-114.000   38.000 -0.00047 22
-114.000   39.000  0.00128 25
-114.000   40.000  0.00369 20
-114.000   41.000  0.00696 23
-114.000   42.000  0.01025 16
-114.000   43.000  0.01377 21
-114.000   44.000  0.01657 14
-114.000   45.000  0.01556 23
-114.000   46.000  0.01359 15
-114.000   47.000  0.01104 25
-114.000   48.000  0.01114 17
-114.000   49.000  0.00880 24
-114.000   50.000  0.00941 18
-113.000   25.000 -0.00884 11
-113.000   26.000 -0.00950 16
-113.000   27.000 -0.00889 17
-113.000   28.000 -0.01011 20
-113.000   29.000 -0.00977 21
-113.000   30.000 -0.01187 21
-113.000   31.000 -0.01021 21
-113.000   32.000 -0.01042 21
-113.000   33.000 -0.00742 21
-113.000   34.000 -0.00648 19
-113.000   35.000 -0.00310 21
-113.000   36.000 -0.00225 19
-113.000   37.000 -0.00041 24
-113.000   38.000  0.00003 19
-113.000   39.000  0.00289 23
-113.000   40.000  0.00587 17
-113.000   41.000  0.00949 20
-113.000   42.000  0.01298 15
-113.000   43.000  0.01697 18
-113.000   44.000  0.02014 13
-113.000   45.000  0.01907 17
-113.000   46.000  0.01678 12
-113.000   47.000  0.01336 17
-113.000   48.000  0.01267 12
-113.000   49.000  0.00952 16
-113.000   50.000  0.00955 13
-112.000   25.000 -0.00486 18
-112.000   26.000 -0.00458 24
-112.000   27.000 -0.00394 22
-112.000   28.000 -0.00407 27
-112.000   29.000 -0.00353 27
-112.000   30.000 -0.00523 31
-112.000   31.000 -0.00503 28
-112.000   32.000 -0.00633 30
-112.000   33.000 -0.00541 28
-112.000   34.000 -0.00540 27
-112.000   35.000 -0.00281 27
-112.000   36.000 -0.00131 24
-112.000   37.000  0.00133 29
-112.000   38.000  0.00283 23
-112.000   39.000  0.00613 26
-112.000   40.000  0.00885 19
-112.000   41.000  0.01207 22
-112.000   42.000  0.01484 17
-112.000   43.000  0.01858 22
-112.000   44.000  0.02128 16
-112.000   45.000  0.02001 24
-112.000   46.000  0.01719 15
-112.000   47.000  0.01311 23
-112.000   48.000  0.01113 13
-112.000   49.000  0.00732 21
-112.000   50.000  0.00641 14
-111.000   25.000  0.00029 13
-111.000   26.000  0.00061 17
-111.000   27.000  0.00132 17
-111.000   28.000  0.00157 19
-111.000   29.000  0.00248 21
-111.000   30.000  0.00163 22
-111.000   31.000  0.00144 22
-111.000   32.000 -0.00042 21
-111.000   33.000 -0.00104 20
-111.000   34.000 -0.00205 18
-111.000   35.000 -0.00048 19
-111.000   36.000  0.00109 16
-111.000   37.000  0.00390 22
-111.000   38.000  0.00612 18
-111.000   39.000  0.00967 24
-111.000   40.000  0.01261 17
-111.000   41.000  0.01547 19
-111.000   42.000  0.01781 13
-111.000   43.000  0.02093 16
-111.000   44.000  0.02331 13
-111.000   45.000  0.02204 18
-111.000   46.000  0.01988 14
-111.000   47.000  0.01553 17
-111.000   48.000  0.01266 12
-111.000   49.000  0.00871 15
-111.000   50.000  0.00699 12
-110.000   25.000  0.00471 20
-110.000   26.000  0.00413 26
-110.000   27.000  0.00442 24
-110.000   28.000  0.00392 28
-110.000   29.000  0.00479 27
-110.000   30.000  0.00496 30
-110.000   31.000  0.00587 28
-110.000   32.000  0.00541 29
-110.000   33.000  0.00527 28
-110.000   34.000  0.00449 26
-110.000   35.000  0.00536 27
-110.000   36.000  0.00644 23
-110.000   37.000  0.00851 28
-110.000   38.000  0.01060 21
-110.000   39.000  0.01372 25
-110.000   40.000  0.01621 18
-110.000   41.000  0.01831 22
-110.000   42.000  0.01983 17
-110.000   43.000  0.02166 23
-110.000   44.000  0.02322 18
-110.000   45.000  0.02200 26
-110.000   46.000  0.02048 17
-110.000   47.000  0.01611 24
-110.000   48.000  0.01257 14
-110.000   49.000  0.00888 21
-110.000   50.000  0.00663 13
-109.000   25.000  0.00827 12
-109.000   26.000  0.00636 17
-109.000   27.000  0.00634 18
-109.000   28.000  0.00454 20
-109.000   29.000  0.00550 20
-109.000   30.000  0.00668 20
-109.000   31.000  0.00926 21
-109.000   32.000  0.01057 20
-109.000   33.000  0.01163 20
-109.000   34.000  0.01148 17
-109.000   35.000  0.01151 18
-109.000   36.000  0.01162 16
-109.000   37.000  0.01226 20
-109.000   38.000  0.01360 15
-109.000   39.000  0.01575 20
-109.000   40.000  0.01775 15
-109.000   41.000  0.01933 19
-109.000   42.000  0.02049 14
-109.000   43.000  0.02159 17
-109.000   44.000  0.02305 14
-109.000   45.000  0.02269 18
-109.000   46.000  0.02304 14
-109.000   47.000  0.01947 18
-109.000   48.000  0.01628 14
-109.000   49.000  0.01341 17
-109.000   50.000  0.01133 14
-108.000   25.000  0.00792 20
-108.000   26.000  0.00510 25
-108.000   27.000  0.00459 25
-108.000   28.000  0.00196 28
-108.000   29.000  0.00264 27
-108.000   30.000  0.00443 28
-108.000   31.000  0.00835 28
-108.000   32.000  0.01189 28
-108.000   33.000  0.01476 29
-108.000   34.000  0.01646 26
-108.000   35.000  0.01722 28
-108.000   36.000  0.01782 25
-108.000   37.000  0.01838 29
-108.000   38.000  0.01961 22
-108.000   39.000  0.02103 26
-108.000   40.000  0.02161 20
-108.000   41.000  0.02169 26
-108.000   42.000  0.02127 20
-108.000   43.000  0.02091 26
-108.000   44.000  0.02165 19
-108.000   45.000  0.02186 25
-108.000   46.000  0.02340 16
-108.000   47.000  0.02070 23
-108.000   48.000  0.01803 14
-108.000   49.000  0.01578 21
-108.000   50.000  0.01400 13
-107.000   25.000  0.00696 13
-107.000   26.000  0.00354 16
-107.000   27.000  0.00260 19
-107.000   28.000 -0.00102 19
-107.000   29.000 -0.00097 20
-107.000   30.000  0.00067 19
-107.000   31.000  0.00515 20
-107.000   32.000  0.01005 19
-107.000   33.000  0.01465 20
-107.000   34.000  0.01832 18
-107.000   35.000  0.02045 19
-107.000   36.000  0.02221 17
-107.000   37.000  0.02311 21
-107.000   38.000  0.02416 17
-107.000   39.000  0.02468 22
-107.000   40.000  0.02402 17
-107.000   41.000  0.02276 21
-107.000   42.000  0.02125 15
-107.000   43.000  0.02009 19
-107.000   44.000  0.02066 15
-107.000   45.000  0.02157 18
-107.000   46.000  0.02425 13
-107.000   47.000  0.02258 16
-107.000   48.000  0.02099 14
-107.000   49.000  0.01959 17
-107.000   50.000  0.01843 16
-106.000   25.000  0.00688 22
-106.000   26.000  0.00361 25
-106.000   27.000  0.00226 27
-106.000   28.000 -0.00179 28
-106.000   29.000 -0.00257 28
-106.000   30.000 -0.00199 27
-106.000   31.000  0.00196 28
-106.000   32.000  0.00725 28
-106.000   33.000  0.01304 29
-106.000   34.000  0.01833 26
-106.000   35.000  0.02183 28
-106.000   36.000  0.02480 25
-106.000   37.000  0.02650 30
-106.000   38.000  0.02780 26
-106.000   39.000  0.02808 31
-106.000   40.000  0.02692 24
-106.000   41.000  0.02478 28
-106.000   42.000  0.02219 20
-106.000   43.000  0.02004 26
-106.000   44.000  0.01983 18
-106.000   45.000  0.02058 24
-106.000   46.000  0.02316 16
-106.000   47.000  0.02228 22
-106.000   48.000  0.02124 16
-106.000   49.000  0.02029 22
-106.000   50.000  0.01932 17
-105.000   25.000  0.00631 14
-105.000   26.000  0.00384 16
-105.000   27.000  0.00279 20
-105.000   28.000 -0.00077 19
-105.000   29.000 -0.00163 21
-105.000   30.000 -0.00199 19
-105.000   31.000  0.00062 20
-105.000   32.000  0.00468 19
-105.000   33.000  0.00984 20
-105.000   34.000  0.01530 18
-105.000   35.000  0.01920 19
-105.000   36.000  0.02283 17
-105.000   37.000  0.02444 20
-105.000   38.000  0.02557 17
-105.000   39.000  0.02543 21
-105.000   40.000  0.02504 16
-105.000   41.000  0.02319 19
-105.000   42.000  0.02150 13
-105.000   43.000  0.01991 18
-105.000   44.000  0.01999 14
-105.000   45.000  0.02044 17
-105.000   46.000  0.02287 12
-105.000   47.000  0.02268 15
-105.000   48.000  0.02262 15
-105.000   49.000  0.02217 18
-105.000   50.000  0.02178 19
-104.000   25.000  0.00707 22
-104.000   26.000  0.00596 24
-104.000   27.000  0.00563 26
-104.000   28.000  0.00363 27
-104.000   29.000  0.00329 28
-104.000   30.000  0.00219 27
-104.000   31.000  0.00305 28
-104.000   32.000  0.00511 28
-104.000   33.000  0.00862 30
-104.000   34.000  0.01326 28
-104.000   35.000  0.01727 30
-104.000   36.000  0.02161 27
-104.000   37.000  0.02381 31
-104.000   38.000  0.02536 28
-104.000   39.000  0.02533 32
-104.000   40.000  0.02536 25
-104.000   41.000  0.02356 27
-104.000   42.000  0.02206 18
-104.000   43.000  0.02036 24
-104.000   44.000  0.01998 18
-104.000   45.000  0.01973 24
-104.000   46.000  0.02130 17
-104.000   47.000  0.02144 22
-104.000   48.000  0.02167 18
-104.000   49.000  0.02155 23
-104.000   50.000  0.02141 19
-103.000   25.000  0.00660 14
-103.000   26.000  0.00714 15
-103.000   27.000  0.00816 19
-103.000   28.000  0.00836 18
-103.000   29.000  0.00958 21
-103.000   30.000  0.00840 19
-103.000   31.000  0.00755 19
-103.000   32.000  0.00675 18
-103.000   33.000  0.00756 20
-103.000   34.000  0.01033 20
-103.000   35.000  0.01358 21
-103.000   36.000  0.01795 19
-103.000   37.000  0.02007 21
-103.000   38.000  0.02164 18
-103.000   39.000  0.02138 21
-103.000   40.000  0.02210 16
-103.000   41.000  0.02090 18
-103.000   42.000  0.02083 11
-103.000   43.000  0.01986 17
-103.000   44.000  0.01971 15
-103.000   45.000  0.01892 19
-103.000   46.000  0.02002 14
-103.000   47.000  0.02020 16
-103.000   48.000  0.02086 16
-103.000   49.000  0.02120 18
-103.000   50.000  0.02160 19
-102.000   25.000  0.00886 20
-102.000   26.000  0.01065 23
-102.000   27.000  0.01283 25
-102.000   28.000  0.01500 27
-102.000   29.000  0.01792 28
-102.000   30.000  0.01733 27
-102.000   31.000  0.01567 26
-102.000   32.000  0.01298 26
-102.000   33.000  0.01138 28
-102.000   34.000  0.01202 29
-102.000   35.000  0.01326 32
-102.000   36.000  0.01643 30
-102.000   37.000  0.01772 34
-102.000   38.000  0.01930 30
-102.000   39.000  0.01886 33
-102.000   40.000  0.02022 27
-102.000   41.000  0.01977 29
-102.000   42.000  0.02069 20
-102.000   43.000  0.01999 24
-102.000   44.000  0.01962 19
-102.000   45.000  0.01832 27
-102.000   46.000  0.01862 21
-102.000   47.000  0.01863 25
-102.000   48.000  0.01919 20
-102.000   49.000  0.01972 24
-102.000   50.000  0.02028 20
-101.000   25.000  0.00849 12
-101.000   26.000  0.01125 14
-101.000   27.000  0.01421 18
-101.000   28.000  0.01782 18
-101.000   29.000  0.02174 22
-101.000   30.000  0.02176 20
-101.000   31.000  0.01929 20
-101.000   32.000  0.01484 18
-101.000   33.000  0.01109 19
-101.000   34.000  0.01023 19
-101.000   35.000  0.01065 21
-101.000   36.000  0.01366 20
-101.000   37.000  0.01530 22
-101.000   38.000  0.01748 18
-101.000   39.000  0.01722 21
-101.000   40.000  0.01879 17
-101.000   41.000  0.01853 20
-101.000   42.000  0.02004 13
-101.000   43.000  0.01938 17
-101.000   44.000  0.01906 14
-101.000   45.000  0.01757 20
-101.000   46.000  0.01756 16
-101.000   47.000  0.01713 18
-101.000   48.000  0.01757 16
-101.000   49.000  0.01807 18
-101.000   50.000  0.01863 18
-100.000   25.000  0.00936 19
-100.000   26.000  0.01229 23
-100.000   27.000  0.01535 25
-100.000   28.000  0.01950 27
-100.000   29.000  0.02378 29
-100.000   30.000  0.02466 28
-100.000   31.000  0.02255 28
-100.000   32.000  0.01843 27
-100.000   33.000  0.01440 28
-100.000   34.000  0.01314 28
-100.000   35.000  0.01284 30
-100.000   36.000  0.01531 29
-100.000   37.000  0.01693 32
-100.000   38.000  0.01935 29
-100.000   39.000  0.01912 32
-100.000   40.000  0.02013 26
-100.000   41.000  0.01970 28
-100.000   42.000  0.02089 21
-100.000   43.000  0.01981 26
-100.000   44.000  0.01907 20
-100.000   45.000  0.01749 26
-100.000   46.000  0.01678 20
-100.000   47.000  0.01570 26
-100.000   48.000  0.01560 21
-100.000   49.000  0.01585 25
-100.000   50.000  0.01619 19
 -99.000   25.000  0.00980 13
 -99.000   26.000  0.01275 15
 -99.000   27.000  0.01509 19
 -99.000   28.000  0.01876 18
 -99.000   29.000  0.02171 22
 -99.000   30.000  0.02187 20
 -99.000   31.000  0.01906 22
 -99.000   32.000  0.01453 20
 -99.000   33.000  0.01045 21
 -99.000   34.000  0.00927 19
 -99.000   35.000  0.00982 19
 -99.000   36.000  0.01260 18
 -99.000   37.000  0.01552 19
 -99.000   38.000  0.01863 17
 -99.000   39.000  0.01942 20
 -99.000   40.000  0.02051 15
 -99.000   41.000  0.02016 17
 -99.000   42.000  0.02104 11
 -99.000   43.000  0.01969 18
 -99.000   44.000  0.01852 14
 -99.000   45.000  0.01649 17
 -99.000   46.000  0.01529 12
 -99.000   47.000  0.01365 17
 -99.000   48.000  0.01318 17
 -99.000   49.000  0.01308 19
 -99.000   50.000  0.01317 18
 -98.000   25.000  0.01080 20
 -98.000   26.000  0.01268 23
 -98.000   27.000  0.01390 24
 -98.000   28.000  0.01614 24
 -98.000   29.000  0.01789 27
 -98.000   30.000  0.01813 27
 -98.000   31.000  0.01633 29
 -98.000   32.000  0.01377 28
 -98.000   33.000  0.01110 29
 -98.000   34.000  0.01080 28
 -98.000   35.000  0.01109 28
 -98.000   36.000  0.01323 27
 -98.000   37.000  0.01564 29
 -98.000   38.000  0.01877 28
 -98.000   39.000  0.01983 31
 -98.000   40.000  0.02126 25
 -98.000   41.000  0.02118 27
 -98.000   42.000  0.02192 20
 -98.000   43.000  0.02040 26
 -98.000   44.000  0.01891 19
 -98.000   45.000  0.01652 23
 -98.000   46.000  0.01451 17
 -98.000   47.000  0.01232 24
 -98.000   48.000  0.01142 21
 -98.000   49.000  0.01087 25
 -98.000   50.000  0.01074 20
 -97.000   25.000  0.01033 13
 -97.000   26.000  0.01142 14
 -97.000   27.000  0.01159 17
 -97.000   28.000  0.01213 15
 -97.000   29.000  0.01239 20
 -97.000   30.000  0.01179 19
 -97.000   31.000  0.00983 22
 -97.000   32.000  0.00742 20
 -97.000   33.000  0.00544 22
 -97.000   34.000  0.00565 20
 -97.000   35.000  0.00698 21
 -97.000   36.000  0.00972 19
 -97.000   37.000  0.01352 20
 -97.000   38.000  0.01758 17
 -97.000   39.000  0.01988 20
 -97.000   40.000  0.02183 16
 -97.000   41.000  0.02181 19
 -97.000   42.000  0.02200 12
 -97.000   43.000  0.02002 17
 -97.000   44.000  0.01822 12
 -97.000   45.000  0.01547 16
 -97.000   46.000  0.01329 12
 -97.000   47.000  0.01093 16
 -97.000   48.000  0.00987 16
 -97.000   49.000  0.00901 18
 -97.000   50.000  0.00866 19
 -96.000   25.000  0.01057 18
 -96.000   26.000  0.01060 20
 -96.000   27.000  0.00992 21
 -96.000   28.000  0.00882 21
 -96.000   29.000  0.00831 25
 -96.000   30.000  0.00755 26
 -96.000   31.000  0.00664 29
 -96.000   32.000  0.00616 28
 -96.000   33.000  0.00611 28
 -96.000   34.000  0.00758 27
 -96.000   35.000  0.00904 28
 -96.000   36.000  0.01159 27
 -96.000   37.000  0.01461 28
 -96.000   38.000  0.01821 25
 -96.000   39.000  0.02014 29
 -96.000   40.000  0.02222 24
 -96.000   41.000  0.02212 28
 -96.000   42.000  0.02227 20
 -96.000   43.000  0.02033 25
 -96.000   44.000  0.01868 18
 -96.000   45.000  0.01584 24
 -96.000   46.000  0.01352 20
 -96.000   47.000  0.01092 25
 -96.000   48.000  0.00953 20
 -96.000   49.000  0.00839 23
 -96.000   50.000  0.00789 19
 -95.000   25.000  0.00968 12
 -95.000   26.000  0.00926 13
 -95.000   27.000  0.00796 17
 -95.000   28.000  0.00544 15
 -95.000   29.000  0.00394 20
 -95.000   30.000  0.00235 19
 -95.000   31.000  0.00147 22
 -95.000   32.000  0.00120 20
 -95.000   33.000  0.00213 21
 -95.000   34.000  0.00424 19
 -95.000   35.000  0.00673 21
 -95.000   36.000  0.01006 19
 -95.000   37.000  0.01409 20
 -95.000   38.000  0.01842 15
 -95.000   39.000  0.02115 19
 -95.000   40.000  0.02363 14
 -95.000   41.000  0.02311 18
 -95.000   42.000  0.02246 11
 -95.000   43.000  0.01984 16
 -95.000   44.000  0.01787 11
 -95.000   45.000  0.01486 16
 -95.000   46.000  0.01276 13
 -95.000   47.000  0.01032 17
 -95.000   48.000  0.00878 15
 -95.000   49.000  0.00754 17
 -95.000   50.000  0.00664 18
 -94.000   25.000  0.00958 17
 -94.000   26.000  0.00846 19
 -94.000   27.000  0.00669 20
 -94.000   28.000  0.00324 20
 -94.000   29.000  0.00175 23
 -94.000   30.000  0.00090 25
 -94.000   31.000  0.00130 27
 -94.000   32.000  0.00290 27
 -94.000   33.000  0.00512 26
 -94.000   34.000  0.00827 26
 -94.000   35.000  0.01040 27
 -94.000   36.000  0.01367 26
 -94.000   37.000  0.01664 27
 -94.000   38.000  0.02055 24
 -94.000   39.000  0.02233 28
 -94.000   40.000  0.02452 23
 -94.000   41.000  0.02335 27
 -94.000   42.000  0.02256 20
 -94.000   43.000  0.01988 24
 -94.000   44.000  0.01833 18
 -94.000   45.000  0.01571 24
 -94.000   46.000  0.01393 21
 -94.000   47.000  0.01145 25
 -94.000   48.000  0.00960 19
 -94.000   49.000  0.00815 22
 -94.000   50.000  0.00689 17
 -93.000   25.000  0.00940 12
 -93.000   26.000  0.00802 13
 -93.000   27.000  0.00584 16
 -93.000   28.000  0.00141 14
 -93.000   29.000 -0.00076 18
 -93.000   30.000 -0.00204 18
 -93.000   31.000 -0.00147 20
 -93.000   32.000  0.00012 19
 -93.000   33.000  0.00294 20
 -93.000   34.000  0.00637 19
 -93.000   35.000  0.00925 21
 -93.000   36.000  0.01294 19
 -93.000   37.000  0.01665 21
 -93.000   38.000  0.02103 17
 -93.000   39.000  0.02327 21
 -93.000   40.000  0.02554 16
 -93.000   41.000  0.02402 19
 -93.000   42.000  0.02280 12
 -93.000   43.000  0.01967 15
 -93.000   44.000  0.01793 11
 -93.000   45.000  0.01544 15
 -93.000   46.000  0.01414 13
 -93.000   47.000  0.01182 16
 -93.000   48.000  0.00998 15
 -93.000   49.000  0.00863 17
 -93.000   50.000  0.00710 16
 -92.000   25.000  0.01028 17
 -92.000   26.000  0.00876 19
 -92.000   27.000  0.00645 20
 -92.000   28.000  0.00218 20
 -92.000   29.000  0.00020 22
 -92.000   30.000 -0.00046 24
 -92.000   31.000  0.00074 24
 -92.000   32.000  0.00348 25
 -92.000   33.000  0.00684 25
 -92.000   34.000  0.01084 26
 -92.000   35.000  0.01327 27
 -92.000   36.000  0.01666 26
 -92.000   37.000  0.01910 28
 -92.000   38.000  0.02258 25
 -92.000   39.000  0.02360 28
 -92.000   40.000  0.02535 24
 -92.000   41.000  0.02352 28
 -92.000   42.000  0.02275 22
 -92.000   43.000  0.02010 25
 -92.000   44.000  0.01913 20
 -92.000   45.000  0.01713 23
 -92.000   46.000  0.01637 20
 -92.000   47.000  0.01396 23
 -92.000   48.000  0.01209 20
 -92.000   49.000  0.01059 23
 -92.000   50.000  0.00901 17
 -91.000   25.000  0.00995 12
 -91.000   26.000  0.00831 13
 -91.000   27.000  0.00592 17
 -91.000   28.000  0.00125 15
 -91.000   29.000 -0.00109 19
 -91.000   30.000 -0.00197 18
 -91.000   31.000 -0.00065 19
 -91.000   32.000  0.00195 18
 -91.000   33.000  0.00561 20
 -91.000   34.000  0.00973 19
 -91.000   35.000  0.01273 21
 -91.000   36.000  0.01629 18
 -91.000   37.000  0.01921 22
 -91.000   38.000  0.02295 18
 -91.000   39.000  0.02427 23
 -91.000   40.000  0.02590 17
 -91.000   41.000  0.02394 20
 -91.000   42.000  0.02310 13
 -91.000   43.000  0.02028 16
 -91.000   44.000  0.01918 12
 -91.000   45.000  0.01730 14
 -91.000   46.000  0.01713 13
 -91.000   47.000  0.01492 16
 -91.000   48.000  0.01349 16
 -91.000   49.000  0.01230 17
 -91.000   50.000  0.01103 16
 -90.000   25.000  0.01002 18
 -90.000   26.000  0.00830 20
 -90.000   27.000  0.00609 22
 -90.000   28.000  0.00201 21
 -90.000   29.000  0.00032 23
 -90.000   30.000  0.00036 24
 -90.000   31.000  0.00242 24
 -90.000   32.000  0.00589 25
 -90.000   33.000  0.00969 25
 -90.000   34.000  0.01392 26
 -90.000   35.000  0.01635 27
 -90.000   36.000  0.01928 25
 -90.000   37.000  0.02103 28
 -90.000   38.000  0.02377 25
 -90.000   39.000  0.02395 28
 -90.000   40.000  0.02477 23
 -90.000   41.000  0.02259 26
 -90.000   42.000  0.02211 22
 -90.000   43.000  0.01982 26
 -90.000   44.000  0.01956 22
 -90.000   45.000  0.01828 23
 -90.000   46.000  0.01884 19
 -90.000   47.000  0.01681 21
 -90.000   48.000  0.01580 19
 -90.000   49.000  0.01460 22
 -90.000   50.000  0.01372 18
 -89.000   25.000  0.00882 12
 -89.000   26.000  0.00696 14
 -89.000   27.000  0.00466 17
 -89.000   28.000  0.00024 16
 -89.000   29.000 -0.00176 19
 -89.000   30.000 -0.00199 18
 -89.000   31.000  0.00050 20
 -89.000   32.000  0.00462 18
 -89.000   33.000  0.00938 19
 -89.000   34.000  0.01438 18
 -89.000   35.000  0.01760 21
 -89.000   36.000  0.02089 18
 -89.000   37.000  0.02260 22
 -89.000   38.000  0.02534 19
 -89.000   39.000  0.02520 24
 -89.000   40.000  0.02543 18
 -89.000   41.000  0.02238 20
 -89.000   42.000  0.02118 14
 -89.000   43.000  0.01847 17
 -89.000   44.000  0.01825 13
 -89.000   45.000  0.01733 15
 -89.000   46.000  0.01873 13
 -89.000   47.000  0.01741 15
 -89.000   48.000  0.01699 14
 -89.000   49.000  0.01596 15
 -89.000   50.000  0.01547 14
 -88.000   25.000  0.00673 20
 -88.000   26.000  0.00549 22
 -88.000   27.000  0.00379 22
 -88.000   28.000  0.00075 22
 -88.000   29.000 -0.00018 23
 -88.000   30.000  0.00042 24
 -88.000   31.000  0.00330 25
 -88.000   32.000  0.00823 25
 -88.000   33.000  0.01336 24
 -88.000   34.000  0.01893 24
 -88.000   35.000  0.02181 24
 -88.000   36.000  0.02496 22
 -88.000   37.000  0.02548 25
 -88.000   38.000  0.02713 24
 -88.000   39.000  0.02541 28
 -88.000   40.000  0.02461 24
 -88.000   41.000  0.02084 27
 -88.000   42.000  0.01945 22
 -88.000   43.000  0.01701 25
 -88.000   44.000  0.01749 20
 -88.000   45.000  0.01722 22
 -88.000   46.000  0.01921 17
 -88.000   47.000  0.01832 20
 -88.000   48.000  0.01813 18
 -88.000   49.000  0.01699 22
 -88.000   50.000  0.01671 18
 -87.000   25.000  0.00281 14
 -87.000   26.000  0.00169 16
 -87.000   27.000  0.00027 17
 -87.000   28.000 -0.00244 17
 -87.000   29.000 -0.00303 19
 -87.000   30.000 -0.00199 18
 -87.000   31.000  0.00137 20
 -87.000   32.000  0.00694 17
 -87.000   33.000  0.01288 18
 -87.000   34.000  0.01927 16
 -87.000   35.000  0.02261 19
 -87.000   36.000  0.02623 16
 -87.000   37.000  0.02658 21
 -87.000   38.000  0.02814 19
 -87.000   39.000  0.02585 25
 -87.000   40.000  0.02449 20
 -87.000   41.000  0.02008 23
 -87.000   42.000  0.01816 16
 -87.000   43.000  0.01532 19
 -87.000   44.000  0.01543 14
 -87.000   45.000  0.01519 16
 -87.000   46.000  0.01722 12
 -87.000   47.000  0.01675 15
 -87.000   48.000  0.01670 14
 -87.000   49.000  0.01571 16
 -87.000   50.000  0.01565 14
 -86.000   25.000  0.00110 21
 -86.000   26.000  0.00033 23
 -86.000   27.000 -0.00064 21
 -86.000   28.000 -0.00218 22
 -86.000   29.000 -0.00194 23
 -86.000   30.000 -0.00003 24
 -86.000   31.000  0.00349 24
 -86.000   32.000  0.00905 23
 -86.000   33.000  0.01476 23
 -86.000   34.000  0.02088 22
 -86.000   35.000  0.02387 22
 -86.000   36.000  0.02697 20
 -86.000   37.000  0.02671 23
 -86.000   38.000  0.02728 22
 -86.000   39.000  0.02431 28
 -86.000   40.000  0.02249 24
 -86.000   41.000  0.01840 29
 -86.000   42.000  0.01666 22
 -86.000   43.000  0.01429 28
 -86.000   44.000  0.01448 22
 -86.000   45.000  0.01427 25
 -86.000   46.000  0.01595 18
 -86.000   47.000  0.01563 21
 -86.000   48.000  0.01566 18
 -86.000   49.000  0.01469 21
 -86.000   50.000  0.01475 18
 -85.000   25.000 -0.00032 13
 -85.000   26.000 -0.00177 16
 -85.000   27.000 -0.00282 16
 -85.000   28.000 -0.00454 17
 -85.000   29.000 -0.00423 19
 -85.000   30.000 -0.00161 18
 -85.000   31.000  0.00232 19
 -85.000   32.000  0.00792 16
 -85.000   33.000  0.01359 18
 -85.000   34.000  0.01957 16
 -85.000   35.000  0.02264 20
 -85.000   36.000  0.02586 18
 -85.000   37.000  0.02575 22
 -85.000   38.000  0.02622 17
 -85.000   39.000  0.02340 23
 -85.000   40.000  0.02173 17
 -85.000   41.000  0.01791 24
 -85.000   42.000  0.01609 16
 -85.000   43.000  0.01355 25
 -85.000   44.000  0.01319 18
 -85.000   45.000  0.01250 22
 -85.000   46.000  0.01364 14
 -85.000   47.000  0.01346 17
 -85.000   48.000  0.01361 14
 -85.000   49.000  0.01278 16
 -85.000   50.000  0.01296 14
 -84.000   25.000 -0.00065 21
 -84.000   26.000 -0.00205 24
 -84.000   27.000 -0.00266 21
 -84.000   28.000 -0.00348 23
 -84.000   29.000 -0.00244 23
 -84.000   30.000  0.00092 23
 -84.000   31.000  0.00474 21
 -84.000   32.000  0.00941 22
 -84.000   33.000  0.01402 22
 -84.000   34.000  0.01878 23
 -84.000   35.000  0.02134 22
 -84.000   36.000  0.02398 22
 -84.000   37.000  0.02403 22
 -84.000   38.000  0.02403 20
 -84.000   39.000  0.02156 23
 -84.000   40.000  0.02020 20
 -84.000   41.000  0.01747 26
 -84.000   42.000  0.01644 21
 -84.000   43.000  0.01450 26
 -84.000   44.000  0.01425 20
 -84.000   45.000  0.01333 23
 -84.000   46.000  0.01385 19
 -84.000   47.000  0.01332 21
 -84.000   48.000  0.01353 19
 -84.000   49.000  0.01272 19
 -84.000   50.000  0.01301 18
 -83.000   25.000 -0.00092 15
 -83.000   26.000 -0.00309 19
 -83.000   27.000 -0.00374 17
 -83.000   28.000 -0.00507 18
 -83.000   29.000 -0.00366 18
 -83.000   30.000  0.00054 17
 -83.000   31.000  0.00520 17
 -83.000   32.000  0.00957 16
 -83.000   33.000  0.01377 18
 -83.000   34.000  0.01740 18
 -83.000   35.000  0.01939 21
 -83.000   36.000  0.02142 19
 -83.000   37.000  0.02174 21
 -83.000   38.000  0.02209 17
 -83.000   39.000  0.02037 19
 -83.000   40.000  0.01965 14
 -83.000   41.000  0.01752 19
 -83.000   42.000  0.01692 15
 -83.000   43.000  0.01492 21
 -83.000   44.000  0.01466 15
 -83.000   45.000  0.01338 19
 -83.000   46.000  0.01359 14
 -83.000   47.000  0.01289 17
 -83.000   48.000  0.01295 14
 -83.000   49.000  0.01209 15
 -83.000   50.000  0.01235 13
 -82.000   25.000  0.00147 22
 -82.000   26.000 -0.00081 27
 -82.000   27.000 -0.00132 23
 -82.000   28.000 -0.00277 24
 -82.000   29.000 -0.00126 22
 -82.000   30.000  0.00255 23
 -82.000   31.000  0.00725 21
 -82.000   32.000  0.01059 22
 -82.000   33.000  0.01420 21
 -82.000   34.000  0.01652 23
 -82.000   35.000  0.01827 22
 -82.000   36.000  0.01946 22
 -82.000   37.000  0.02028 21
 -82.000   38.000  0.02077 21
 -82.000   39.000  0.01999 20
 -82.000   40.000  0.01983 19
 -82.000   41.000  0.01843 21
 -82.000   42.000  0.01824 21
 -82.000   43.000  0.01643 21
 -82.000   44.000  0.01641 18
 -82.000   45.000  0.01506 18
 -82.000   46.000  0.01534 18
 -82.000   47.000  0.01460 17
 -82.000   48.000  0.01487 17
 -82.000   49.000  0.01405 15
 -82.000   50.000  0.01445 16
 -81.000   25.000  0.00207 15
 -81.000   26.000 -0.00034 22
 -81.000   27.000 -0.00086 19
 -81.000   28.000 -0.00293 19
 -81.000   29.000 -0.00149 17
 -81.000   30.000  0.00165 17
 -81.000   31.000  0.00657 19
 -81.000   32.000  0.00969 16
 -81.000   33.000  0.01360 19
 -81.000   34.000  0.01559 17
 -81.000   35.000  0.01726 21
 -81.000   36.000  0.01831 18
 -81.000   37.000  0.01923 21
 -81.000   38.000  0.02027 18
 -81.000   39.000  0.01987 19
 -81.000   40.000  0.02024 14
 -81.000   41.000  0.01863 17
 -81.000   42.000  0.01846 14
 -81.000   43.000  0.01626 19
 -81.000   44.000  0.01675 14
 -81.000   45.000  0.01564 18
 -81.000   46.000  0.01674 13
 -81.000   47.000  0.01627 15
 -81.000   48.000  0.01640 11
 -81.000   49.000  0.01544 13
 -81.000   50.000  0.01563 12
 -80.000   25.000  0.00322 22
 -80.000   26.000  0.00188 30
 -80.000   27.000  0.00202 26
 -80.000   28.000  0.00072 26
 -80.000   29.000  0.00253 23
 -80.000   30.000  0.00427 23
 -80.000   31.000  0.00814 24
 -80.000   32.000  0.00992 22
 -80.000   33.000  0.01319 22
 -80.000   34.000  0.01446 21
 -80.000   35.000  0.01601 21
 -80.000   36.000  0.01694 21
 -80.000   37.000  0.01803 21
 -80.000   38.000  0.01943 21
 -80.000   39.000  0.01928 20
 -80.000   40.000  0.01988 19
 -80.000   41.000  0.01829 19
 -80.000   42.000  0.01832 19
 -80.000   43.000  0.01624 20
 -80.000   44.000  0.01736 19
 -80.000   45.000  0.01684 20
 -80.000   46.000  0.01874 19
 -80.000   47.000  0.01832 19
 -80.000   48.000  0.01843 18
 -80.000   49.000  0.01741 18
 -80.000   50.000  0.01733 19
 -79.000   25.000  0.00363 17
 -79.000   26.000  0.00357 25
 -79.000   27.000  0.00418 20
 -79.000   28.000  0.00368 20
 -79.000   29.000  0.00577 18
 -79.000   30.000  0.00631 17
 -79.000   31.000  0.00890 20
 -79.000   32.000  0.00966 15
 -79.000   33.000  0.01232 19
 -79.000   34.000  0.01307 16
 -79.000   35.000  0.01392 21
 -79.000   36.000  0.01452 18
 -79.000   37.000  0.01504 21
 -79.000   38.000  0.01647 18
 -79.000   39.000  0.01610 20
 -79.000   40.000  0.01721 16
 -79.000   41.000  0.01569 16
 -79.000   42.000  0.01595 12
 -79.000   43.000  0.01389 17
 -79.000   44.000  0.01548 15
 -79.000   45.000  0.01541 21
 -79.000   46.000  0.01831 16
 -79.000   47.000  0.01840 20
 -79.000   48.000  0.01830 15
 -79.000   49.000  0.01745 17
 -79.000   50.000  0.01693 15
 -78.000   25.000  0.00571 24
 -78.000   26.000  0.00707 30
 -78.000   27.000  0.00854 25
 -78.000   28.000  0.00948 25
 -78.000   29.000  0.01175 25
 -78.000   30.000  0.01075 24
 -78.000   31.000  0.01134 26
 -78.000   32.000  0.01044 22
 -78.000   33.000  0.01176 24
 -78.000   34.000  0.01187 22
 -78.000   35.000  0.01233 24
 -78.000   36.000  0.01274 22
 -78.000   37.000  0.01273 23
 -78.000   38.000  0.01382 22
 -78.000   39.000  0.01329 23
 -78.000   40.000  0.01457 22
 -78.000   41.000  0.01354 20
 -78.000   42.000  0.01410 18
 -78.000   43.000  0.01255 20
 -78.000   44.000  0.01419 21
 -78.000   45.000  0.01456 24
 -78.000   46.000  0.01788 22
 -78.000   47.000  0.01842 24
 -78.000   48.000  0.01869 22
 -78.000   49.000  0.01834 23
 -78.000   50.000  0.01787 22
 -77.000   25.000  0.00646 17
 -77.000   26.000  0.00903 22
 -77.000   27.000  0.01095 18
 -77.000   28.000  0.01309 18
 -77.000   29.000  0.01525 18
 -77.000   30.000  0.01337 17
 -77.000   31.000  0.01249 20
 -77.000   32.000  0.01086 17
 -77.000   33.000  0.01126 21
 -77.000   34.000  0.01103 19
 -77.000   35.000  0.01058 23
 -77.000   36.000  0.01032 20
 -77.000   37.000  0.00883 23
 -77.000   38.000  0.00908 20
 -77.000   39.000  0.00782 23
 -77.000   40.000  0.00932 19
 -77.000   41.000  0.00881 18
 -77.000   42.000  0.01017 12
 -77.000   43.000  0.00920 16
 -77.000   44.000  0.01116 15
 -77.000   45.000  0.01207 21
 -77.000   46.000  0.01602 17
 -77.000   47.000  0.01731 21
 -77.000   48.000  0.01801 17
 -77.000   49.000  0.01846 19
 -77.000   50.000  0.01819 17
 -76.000   25.000  0.00722 22
 -76.000   26.000  0.01092 26
 -76.000   27.000  0.01374 25
 -76.000   28.000  0.01752 24
 -76.000   29.000  0.02012 25
 -76.000   30.000  0.01785 23
 -76.000   31.000  0.01558 26
 -76.000   32.000  0.01273 24
 -76.000   33.000  0.01159 26
 -76.000   34.000  0.01062 24
 -76.000   35.000  0.00952 24
 -76.000   36.000  0.00873 23
 -76.000   37.000  0.00643 24
 -76.000   38.000  0.00577 24
 -76.000   39.000  0.00402 24
 -76.000   40.000  0.00511 22
 -76.000   41.000  0.00532 20
 -76.000   42.000  0.00733 18
 -76.000   43.000  0.00738 19
 -76.000   44.000  0.00934 20
 -76.000   45.000  0.01054 23
 -76.000   46.000  0.01395 22
 -76.000   47.000  0.01515 25
 -76.000   48.000  0.01635 23
 -76.000   49.000  0.01734 25
 -76.000   50.000  0.01763 23
 -75.000   25.000  0.00623 16
 -75.000   26.000  0.01034 22
 -75.000   27.000  0.01312 20
 -75.000   28.000  0.01734 19
 -75.000   29.000  0.01970 17
 -75.000   30.000  0.01755 16
 -75.000   31.000  0.01499 19
 -75.000   32.000  0.01227 17
 -75.000   33.000  0.01097 19
 -75.000   34.000  0.01011 18
 -75.000   35.000  0.00846 21
 -75.000   36.000  0.00691 20
 -75.000   37.000  0.00368 22
 -75.000   38.000  0.00232 20
 -75.000   39.000  0.00017 22
 -75.000   40.000  0.00124 18
 -75.000   41.000  0.00220 18
 -75.000   42.000  0.00511 13
 -75.000   43.000  0.00552 15
 -75.000   44.000  0.00714 14
 -75.000   45.000  0.00799 20
 -75.000   46.000  0.01090 18
 -75.000   47.000  0.01212 23
 -75.000   48.000  0.01408 19
 -75.000   49.000  0.01577 20
 -75.000   50.000  0.01711 16
 -74.000   25.000  0.00429 23
 -74.000   26.000  0.00825 27
 -74.000   27.000  0.01140 27
 -74.000   28.000  0.01609 25
 -74.000   29.000  0.01890 24
 -74.000   30.000  0.01754 22
 -74.000   31.000  0.01543 24
 -74.000   32.000  0.01276 22
 -74.000   33.000  0.01103 23
 -74.000   34.000  0.00991 22
 -74.000   35.000  0.00790 25
 -74.000   36.000  0.00580 24
 -74.000   37.000  0.00234 24
 -74.000   38.000  0.00063 22
 -74.000   39.000 -0.00123 22
 -74.000   40.000 -0.00041 21
 -74.000   41.000  0.00151 20
 -74.000   42.000  0.00496 19
 -74.000   43.000  0.00585 18
 -74.000   44.000  0.00682 19
 -74.000   45.000  0.00716 22
 -74.000   46.000  0.00875 23
 -74.000   47.000  0.00942 27
 -74.000   48.000  0.01202 25
 -74.000   49.000  0.01396 26
 -74.000   50.000  0.01636 22
 -73.000   25.000  0.00133 18
 -73.000   26.000  0.00445 24
 -73.000   27.000  0.00676 21
 -73.000   28.000  0.01078 21
 -73.000   29.000  0.01316 17
 -73.000   30.000  0.01246 16
 -73.000   31.000  0.01136 17
 -73.000   32.000  0.01000 16
 -73.000   33.000  0.00906 19
 -73.000   34.000  0.00854 18
 -73.000   35.000  0.00631 24
 -73.000   36.000  0.00387 21
 -73.000   37.000  0.00023 23
 -73.000   38.000 -0.00132 18
 -73.000   39.000 -0.00257 20
 -73.000   40.000 -0.00119 17
 -73.000   41.000  0.00165 19
 -73.000   42.000  0.00574 15
 -73.000   43.000  0.00654 17
 -73.000   44.000  0.00692 15
 -73.000   45.000  0.00657 22
 -73.000   46.000  0.00743 20
 -73.000   47.000  0.00760 25
 -73.000   48.000  0.01024 20
 -73.000   49.000  0.01217 22
 -73.000   50.000  0.01496 17
 -72.000   25.000 -0.00113 23
 -72.000   26.000  0.00098 26
 -72.000   27.000  0.00281 25
 -72.000   28.000  0.00620 25
 -72.000   29.000  0.00893 23
 -72.000   30.000  0.00902 22
 -72.000   31.000  0.00902 22
 -72.000   32.000  0.00849 22
 -72.000   33.000  0.00802 24
 -72.000   34.000  0.00747 23
 -72.000   35.000  0.00531 27
 -72.000   36.000  0.00297 25
 -72.000   37.000  0.00001 26
 -72.000   38.000 -0.00117 22
 -72.000   39.000 -0.00139 21
 -72.000   40.000  0.00025 20
 -72.000   41.000  0.00385 20
 -72.000   42.000  0.00789 20
 -72.000   43.000  0.00909 20
 -72.000   44.000  0.00906 20
 -72.000   45.000  0.00835 23
 -72.000   46.000  0.00807 23
 -72.000   47.000  0.00731 26
 -72.000   48.000  0.00908 24
 -72.000   49.000  0.01027 26
 -72.000   50.000  0.01254 23
 -71.000   25.000 -0.00272 17
 -71.000   26.000 -0.00208 23
 -71.000   27.000 -0.00158 19
 -71.000   28.000  0.00016 21
 -71.000   29.000  0.00221 17
 -71.000   30.000  0.00263 16
 -71.000   31.000  0.00380 17
 -71.000   32.000  0.00491 16
 -71.000   33.000  0.00584 21
 -71.000   34.000  0.00625 18
 -71.000   35.000  0.00450 24
 -71.000   36.000  0.00257 21
 -71.000   37.000  0.00012 25
 -71.000   38.000 -0.00040 20
 -71.000   39.000  0.00012 20
 -71.000   40.000  0.00242 16
 -71.000   41.000  0.00641 19
 -71.000   42.000  0.01045 17
 -71.000   43.000  0.01142 19
 -71.000   44.000  0.01084 16
 -71.000   45.000  0.00980 21
 -71.000   46.000  0.00921 19
 -71.000   47.000  0.00817 23
 -71.000   48.000  0.00917 19
 -71.000   49.000  0.01010 21
 -71.000   50.000  0.01181 17
 -70.000   25.000 -0.00285 21
 -70.000   26.000 -0.00319 26
 -70.000   27.000 -0.00313 24
 -70.000   28.000 -0.00235 26
 -70.000   29.000 -0.00028 23
 -70.000   30.000  0.00027 22
 -70.000   31.000  0.00224 22
 -70.000   32.000  0.00409 21
 -70.000   33.000  0.00569 25
 -70.000   34.000  0.00636 23
 -70.000   35.000  0.00509 27
 -70.000   36.000  0.00361 25
 -70.000   37.000  0.00166 27
 -70.000   38.000  0.00137 24
 -70.000   39.000  0.00221 22
 -70.000   40.000  0.00449 20
 -70.000   41.000  0.00847 20
 -70.000   42.000  0.01213 21
 -70.000   43.000  0.01355 20
 -70.000   44.000  0.01302 20
 -70.000   45.000  0.01246 20
 -70.000   46.000  0.01172 21
 -70.000   47.000  0.01077 23
 -70.000   48.000  0.01077 23
 -70.000   49.000  0.01141 24
 -70.000   50.000  0.01224 22
 -69.000   25.000 -0.00268 16
 -69.000   26.000 -0.00382 24
 -69.000   27.000 -0.00433 20
 -69.000   28.000 -0.00464 23
 -69.000   29.000 -0.00320 19
 -69.000   30.000 -0.00280 18
 -69.000   31.000 -0.00041 18
 -69.000   32.000  0.00213 15
 -69.000   33.000  0.00438 21
 -69.000   34.000  0.00575 18
 -69.000   35.000  0.00517 23
 -69.000   36.000  0.00439 19
 -69.000   37.000  0.00280 23
 -69.000   38.000  0.00284 20
 -69.000   39.000  0.00355 20
 -69.000   40.000  0.00566 15
 -69.000   41.000  0.00918 17
 -69.000   42.000  0.01263 15
 -69.000   43.000  0.01426 18
 -69.000   44.000  0.01399 16
 -69.000   45.000  0.01417 20
 -69.000   46.000  0.01382 18
 -69.000   47.000  0.01315 21
 -69.000   48.000  0.01247 18
 -69.000   49.000  0.01316 20
 -69.000   50.000  0.01333 17
 -68.000   25.000 -0.00210 20
 -68.000   26.000 -0.00330 28
 -68.000   27.000 -0.00369 24
 -68.000   28.000 -0.00442 29
 -68.000   29.000 -0.00317 25
 -68.000   30.000 -0.00317 27
 -68.000   31.000 -0.00098 24
 -68.000   32.000  0.00143 22
 -68.000   33.000  0.00388 24
 -68.000   34.000  0.00551 23
 -68.000   35.000  0.00593 25
 -68.000   36.000  0.00594 22
 -68.000   37.000  0.00483 24
 -68.000   38.000  0.00471 23
 -68.000   39.000  0.00501 23
 -68.000   40.000  0.00629 21
 -68.000   41.000  0.00903 20
 -68.000   42.000  0.01196 20
 -68.000   43.000  0.01428 20
 -68.000   44.000  0.01468 21
 -68.000   45.000  0.01588 22
 -68.000   46.000  0.01586 22
 -68.000   47.000  0.01547 23
 -68.000   48.000  0.01415 22
 -68.000   49.000  0.01472 24
 -68.000   50.000  0.01422 23
 -67.000   25.000 -0.00379 16
 -67.000   26.000 -0.00491 25
 -67.000   27.000 -0.00528 20
 -67.000   28.000 -0.00611 24
 -67.000   29.000 -0.00537 20
 -67.000   30.000 -0.00537 22
 -67.000   31.000 -0.00343 21
 -67.000   32.000 -0.00102 18
 -67.000   33.000  0.00134 20
 -67.000   34.000  0.00345 19
 -67.000   35.000  0.00469 23
 -67.000   36.000  0.00552 19
 -67.000   37.000  0.00493 22
 -67.000   38.000  0.00497 19
 -67.000   39.000  0.00500 22
 -67.000   40.000  0.00546 18
 -67.000   41.000  0.00748 19
 -67.000   42.000  0.01021 16
 -67.000   43.000  0.01264 19
 -67.000   44.000  0.01350 18
 -67.000   45.000  0.01555 22
 -67.000   46.000  0.01616 19
 -67.000   47.000  0.01605 22
 -67.000   48.000  0.01501 18
 -67.000   49.000  0.01577 22
 -67.000   50.000  0.01546 19
 -66.000   25.000 -0.00398 14
 -66.000   26.000 -0.00469 22
 -66.000   27.000 -0.00461 20
 -66.000   28.000 -0.00500 23
 -66.000   29.000 -0.00411 19
 -66.000   30.000 -0.00421 21
 -66.000   31.000 -0.00254 19
 -66.000   32.000 -0.00055 18
 -66.000   33.000  0.00141 17
 -66.000   34.000  0.00337 17
 -66.000   35.000  0.00480 18
 -66.000   36.000  0.00577 17
 -66.000   37.000  0.00517 17
 -66.000   38.000  0.00494 16
 -66.000   39.000  0.00463 17
 -66.000   40.000  0.00453 16
 -66.000   41.000  0.00614 15
 -66.000   42.000  0.00872 14
 -66.000   43.000  0.01150 14
 -66.000   44.000  0.01279 14
 -66.000   45.000  0.01545 15
 -66.000   46.000  0.01633 14
 -66.000   47.000  0.01659 16
 -66.000   48.000  0.01575 14
 -66.000   49.000  0.01667 18
 -66.000   50.000  0.01647 16
 -65.000   25.000 -0.00570 7
 -65.000   26.000 -0.00612 12
 -65.000   27.000 -0.00581 11
 -65.000   28.000 -0.00590 11
 -65.000   29.000 -0.00514 9
 -65.000   30.000 -0.00495 10
 -65.000   31.000 -0.00350 11
 -65.000   32.000 -0.00165 11
 -65.000   33.000 -0.00010 11
 -65.000   34.000  0.00193 11
 -65.000   35.000  0.00346 12
 -65.000   36.000  0.00468 10
 -65.000   37.000  0.00414 10
 -65.000   38.000  0.00398 8
 -65.000   39.000  0.00362 10
 -65.000   40.000  0.00322 7
 -65.000   41.000  0.00467 8
 -65.000   42.000  0.00735 5
 -65.000   43.000  0.01037 8
 -65.000   44.000  0.01199 7
 -65.000   45.000  0.01512 10
 -65.000   46.000  0.01629 8
 -65.000   47.000  0.01652 10
 -65.000   48.000  0.01571 8
 -65.000   49.000  0.01661 11
 -65.000   50.000  0.01647 9
