-130.000   25.000  0.01178 0
-130.000   26.000  0.00286 0
-130.000   27.000 -0.00167 1
-130.000   28.000 -0.00884 3
-130.000   29.000 -0.01360 4
-130.000   30.000 -0.01412 5
-130.000   31.000 -0.00966 4
-130.000   32.000 -0.00653 5
-130.000   33.000 -0.00321 4
-130.000   34.000 -0.00395 5
-130.000   35.000 -0.00519 4
-130.000   36.000 -0.00633 4
-130.000   37.000 -0.00237 2
-130.000   38.000  0.00245 2
-130.000   39.000  0.00990 1
-130.000   40.000  0.01666 2
-130.000   41.000  0.02280 1
-130.000   42.000  0.02006 2
-130.000   43.000  0.00725 1
-130.000   44.000 -0.00238 1
-130.000   45.000 -0.00618 0
-130.000   46.000 -0.01023 0
-130.000   47.000 -0.01127 0
-130.000   48.000 -0.00427 0
-130.000   49.000 -0.00008 0
-130.000   50.000 -0.00228 0
-129.000   25.000  0.01153 0
-129.000   26.000  0.00290 0
-129.000   27.000 -0.00144 1
-129.000   28.000 -0.00809 2
-129.000   29.000 -0.01297 3
-129.000   30.000 -0.01366 3
-129.000   31.000 -0.00966 3
-129.000   32.000 -0.00685 3
-129.000   33.000 -0.00368 3
-129.000   34.000 -0.00390 3
-129.000   35.000 -0.00450 3
-129.000   36.000 -0.00495 3
-129.000   37.000 -0.00060 2
-129.000   38.000  0.00409 2
-129.000   39.000  0.01084 1
-129.000   40.000  0.01611 3
-129.000   41.000  0.02060 2
-129.000   42.000  0.01592 4
-129.000   43.000  0.00299 2
-129.000   44.000 -0.00622 4
-129.000   45.000 -0.00831 2
-129.000   46.000 -0.01063 3
-129.000   47.000 -0.00950 1
-129.000   48.000 -0.00233 2
-129.000   49.000  0.00210 1
-129.000   50.000 -0.00059 2
-128.000   25.000  0.01104 1
-128.000   26.000  0.00301 1
-128.000   27.000 -0.00105 4
-128.000   28.000 -0.00726 5
-128.000   29.000 -0.01209 7
-128.000   30.000 -0.01295 6
-128.000   31.000 -0.00954 6
-128.000   32.000 -0.00715 6
-128.000   33.000 -0.00407 6
-128.000   34.000 -0.00382 6
-128.000   35.000 -0.00384 6
-128.000   36.000 -0.00407 6
-128.000   37.000  0.00030 4
-128.000   38.000  0.00462 4
-128.000   39.000  0.01080 2
-128.000   40.000  0.01529 6
-128.000   41.000  0.01947 4
-128.000   42.000  0.01445 7
-128.000   43.000  0.00213 3
-128.000   44.000 -0.00630 5
-128.000   45.000 -0.00743 2
-128.000   46.000 -0.00891 4
-128.000   47.000 -0.00687 2
-128.000   48.000  0.00021 3
-128.000   49.000  0.00452 1
-128.000   50.000  0.00160 2
-127.000   25.000  0.01079 5
-127.000   26.000  0.00384 3
-127.000   27.000  0.00028 6
-127.000   28.000 -0.00537 4
-127.000   29.000 -0.01021 6
-127.000   30.000 -0.01122 4
-127.000   31.000 -0.00890 4
-127.000   32.000 -0.00732 3
-127.000   33.000 -0.00419 3
-127.000   34.000 -0.00310 3
-127.000   35.000 -0.00221 3
-127.000   36.000 -0.00214 3
-127.000   37.000  0.00246 3
-127.000   38.000  0.00648 3
-127.000   39.000  0.01203 3
-127.000   40.000  0.01494 5
-127.000   41.000  0.01759 4
-127.000   42.000  0.00984 7
-127.000   43.000 -0.00356 4
-127.000   44.000 -0.01255 8
-127.000   45.000 -0.01212 5
-127.000   46.000 -0.01176 9
-127.000   47.000 -0.00709 6
-127.000   48.000  0.00047 7
-127.000   49.000  0.00530 4
-127.000   50.000  0.00149 4
-126.000   25.000  0.01016 6
-126.000   26.000  0.00465 4
-126.000   27.000  0.00170 8
-126.000   28.000 -0.00299 6
-126.000   29.000 -0.00769 9
-126.000   30.000 -0.00884 7
-126.000   31.000 -0.00763 7
-126.000   32.000 -0.00703 6
-126.000   33.000 -0.00428 6
-126.000   34.000 -0.00270 6
-126.000   35.000 -0.00090 6
-126.000   36.000 -0.00077 6
-126.000   37.000  0.00370 5
-126.000   38.000  0.00734 5
-126.000   39.000  0.01271 4
-126.000   40.000  0.01511 6
-126.000   41.000  0.01813 4
-126.000   42.000  0.01169 6
-126.000   43.000  0.00047 3
-126.000   44.000 -0.00735 5
-126.000   45.000 -0.00676 3
-126.000   46.000 -0.00657 6
-126.000   47.000 -0.00282 5
-126.000   48.000  0.00275 5
-126.000   49.000  0.00623 4
-126.000   50.000  0.00196 3
-125.000   25.000  0.00291 7
-125.000   26.000  0.00024 4
-125.000   27.000 -0.00124 7
-125.000   28.000 -0.00327 4
-125.000   29.000 -0.00600 7
-125.000   30.000 -0.00700 5
-125.000   31.000 -0.00654 6
-125.000   32.000 -0.00652 4
-125.000   33.000 -0.00392 4
-125.000   34.000 -0.00197 3
-125.000   35.000  0.00041 3
-125.000   36.000  0.00008 3
-125.000   37.000  0.00394 3
-125.000   38.000  0.00712 3
-125.000   39.000  0.01290 4
-125.000   40.000  0.01554 5
-125.000   41.000  0.01981 4
-125.000   42.000  0.01484 7
-125.000   43.000  0.00574 5
-125.000   44.000 -0.00229 9
-125.000   45.000 -0.00323 6
-125.000   46.000 -0.00454 10
-125.000   47.000 -0.00187 8
-125.000   48.000  0.00153 8
-125.000   49.000  0.00396 7
-125.000   50.000  0.00024 6
-124.000   25.000  0.00181 3
-124.000   26.000  0.00053 2
-124.000   27.000 -0.00046 5
-124.000   28.000 -0.00201 5
-124.000   29.000 -0.00441 8
-124.000   30.000 -0.00545 7
-124.000   31.000 -0.00551 8
-124.000   32.000 -0.00565 7
-124.000   33.000 -0.00325 7
-124.000   34.000 -0.00125 6
-124.000   35.000  0.00087 6
-124.000   36.000 -0.00029 6
-124.000   37.000  0.00196 5
-124.000   38.000  0.00424 5
-124.000   39.000  0.01059 4
-124.000   40.000  0.01490 5
-124.000   41.000  0.02138 3
-124.000   42.000  0.01918 5
-124.000   43.000  0.01220 3
-124.000   44.000  0.00398 5
-124.000   45.000  0.00052 3
-124.000   46.000 -0.00343 5
-124.000   47.000 -0.00277 5
-124.000   48.000 -0.00045 5
-124.000   49.000  0.00101 6
-124.000   50.000 -0.00172 5
-123.000   25.000 -0.00155 5
-123.000   26.000 -0.00170 3
-123.000   27.000 -0.00214 7
-123.000   28.000 -0.00280 5
-123.000   29.000 -0.00434 9
-123.000   30.000 -0.00476 6
-123.000   31.000 -0.00451 8
-123.000   32.000 -0.00415 5
-123.000   33.000 -0.00211 5
-123.000   34.000 -0.00020 3
-123.000   35.000  0.00122 3
-123.000   36.000 -0.00062 3
-123.000   37.000  0.00009 3
-123.000   38.000  0.00208 4
-123.000   39.000  0.00915 5
-123.000   40.000  0.01509 6
-123.000   41.000  0.02315 5
-123.000   42.000  0.02315 8
-123.000   43.000  0.01762 6
-123.000   44.000  0.00854 9
-123.000   45.000  0.00247 6
-123.000   46.000 -0.00407 10
-123.000   47.000 -0.00527 9
-123.000   48.000 -0.00417 9
-123.000   49.000 -0.00342 7
-123.000   50.000 -0.00514 6
-122.000   25.000 -0.00512 3
-122.000   26.000 -0.00422 2
-122.000   27.000 -0.00402 6
-122.000   28.000 -0.00369 6
-122.000   29.000 -0.00431 10
-122.000   30.000 -0.00404 8
-122.000   31.000 -0.00332 9
-122.000   32.000 -0.00247 7
-122.000   33.000 -0.00083 7
-122.000   34.000  0.00078 6
-122.000   35.000  0.00142 6
-122.000   36.000 -0.00080 6
-122.000   37.000 -0.00204 6
-122.000   38.000 -0.00119 7
-122.000   39.000  0.00517 6
-122.000   40.000  0.01224 5
-122.000   41.000  0.02113 3
-122.000   42.000  0.02372 4
-122.000   43.000  0.02028 3
-122.000   44.000  0.01202 4
-122.000   45.000  0.00398 3
-122.000   46.000 -0.00446 5
-122.000   47.000 -0.00689 6
-122.000   48.000 -0.00555 6
-122.000   49.000 -0.00510 6
-122.000   50.000 -0.00503 4
-121.000   25.000 -0.00845 6
-121.000   26.000 -0.00708 4
-121.000   27.000 -0.00640 9
-121.000   28.000 -0.00534 6
-121.000   29.000 -0.00496 10
-121.000   30.000 -0.00380 6
-121.000   31.000 -0.00222 8
-121.000   32.000 -0.00059 5
-121.000   33.000  0.00088 6
-121.000   34.000  0.00218 4
-121.000   35.000  0.00213 5
-121.000   36.000 -0.00033 5
-121.000   37.000 -0.00254 5
-121.000   38.000 -0.00213 6
-121.000   39.000  0.00423 6
-121.000   40.000  0.01188 7
-121.000   41.000  0.02115 6
-121.000   42.000  0.02469 8
-121.000   43.000  0.02255 6
-121.000   44.000  0.01404 8
-121.000   45.000  0.00454 6
-121.000   46.000 -0.00544 10
-121.000   47.000 -0.00836 9
-121.000   48.000 -0.00720 9
-121.000   49.000 -0.00677 7
-121.000   50.000 -0.00513 5
-120.000   25.000 -0.01191 3
-120.000   26.000 -0.00973 2
-120.000   27.000 -0.00859 6
-120.000   28.000 -0.00716 7
-120.000   29.000 -0.00600 11
-120.000   30.000 -0.00391 9
-120.000   31.000 -0.00175 10
-120.000   32.000  0.00055 8
-120.000   33.000  0.00196 9
-120.000   34.000  0.00327 7
-120.000   35.000  0.00292 8
-120.000   36.000  0.00059 8
-120.000   37.000 -0.00217 8
-120.000   38.000 -0.00205 8
-120.000   39.000  0.00375 7
-120.000   40.000  0.01109 6
-120.000   41.000  0.01942 5
-120.000   42.000  0.02320 5
-120.000   43.000  0.02271 4
-120.000   44.000  0.01473 4
-120.000   45.000  0.00521 3
-120.000   46.000 -0.00516 5
-120.000   47.000 -0.00772 6
-120.000   48.000 -0.00687 6
-120.000   49.000 -0.00625 7
-120.000   50.000 -0.00350 4
-119.000   25.000 -0.01599 4
-119.000   26.000 -0.01333 3
-119.000   27.000 -0.01185 7
-119.000   28.000 -0.00981 6
-119.000   29.000 -0.00778 10
-119.000   30.000 -0.00474 7
-119.000   31.000 -0.00173 9
-119.000   32.000  0.00157 6
-119.000   33.000  0.00363 9
-119.000   34.000  0.00500 6
-119.000   35.000  0.00495 8
-119.000   36.000  0.00280 7
-119.000   37.000  0.00063 7
-119.000   38.000  0.00107 7
-119.000   39.000  0.00740 7
-119.000   40.000  0.01378 8
-119.000   41.000  0.02099 8
-119.000   42.000  0.02381 9
-119.000   43.000  0.02396 8
-119.000   44.000  0.01529 8
-119.000   45.000  0.00587 6
-119.000   46.000 -0.00475 9
-119.000   47.000 -0.00745 8
-119.000   48.000 -0.00828 7
-119.000   49.000 -0.00784 7
-119.000   50.000 -0.00479 5
-118.000   25.000 -0.01496 3
-118.000   26.000 -0.01227 3
-118.000   27.000 -0.01091 6
-118.000   28.000 -0.00923 8
-118.000   29.000 -0.00755 12
-118.000   30.000 -0.00458 12
-118.000   31.000 -0.00178 12
-118.000   32.000  0.00161 9
-118.000   33.000  0.00409 10
-118.000   34.000  0.00587 8
-118.000   35.000  0.00659 9
-118.000   36.000  0.00511 8
-118.000   37.000  0.00422 8
-118.000   38.000  0.00523 8
-118.000   39.000  0.01162 8
-118.000   40.000  0.01679 7
-118.000   41.000  0.02294 7
-118.000   42.000  0.02485 6
-118.000   43.000  0.02565 6
-118.000   44.000  0.01654 4
-118.000   45.000  0.00760 4
-118.000   46.000 -0.00320 5
-118.000   47.000 -0.00610 6
-118.000   48.000 -0.00847 5
-118.000   49.000 -0.00781 7
-118.000   50.000 -0.00466 5
-117.000   25.000 -0.00999 4
-117.000   26.000 -0.00829 4
-117.000   27.000 -0.00758 7
-117.000   28.000 -0.00713 6
-117.000   29.000 -0.00659 9
-117.000   30.000 -0.00445 8
-117.000   31.000 -0.00192 10
-117.000   32.000  0.00198 7
-117.000   33.000  0.00530 10
-117.000   34.000  0.00768 7
-117.000   35.000  0.00910 8
-117.000   36.000  0.00804 6
-117.000   37.000  0.00811 6
-117.000   38.000  0.00972 7
-117.000   39.000  0.01658 6
-117.000   40.000  0.02044 7
-117.000   41.000  0.02555 7
-117.000   42.000  0.02602 9
-117.000   43.000  0.02691 9
-117.000   44.000  0.01695 9
-117.000   45.000  0.00884 7
-117.000   46.000 -0.00173 8
-117.000   47.000 -0.00492 7
-117.000   48.000 -0.00941 6
-117.000   49.000 -0.00903 8
-117.000   50.000 -0.00644 6
-116.000   25.000 -0.00634 5
-116.000   26.000 -0.00571 5
-116.000   27.000 -0.00548 8
-116.000   28.000 -0.00639 9
-116.000   29.000 -0.00655 11
-116.000   30.000 -0.00496 11
-116.000   31.000 -0.00260 11
-116.000   32.000  0.00130 10
-116.000   33.000  0.00480 11
-116.000   34.000  0.00769 9
-116.000   35.000  0.00964 9
-116.000   36.000  0.00927 8
-116.000   37.000  0.01021 9
-116.000   38.000  0.01243 9
-116.000   39.000  0.01876 10
-116.000   40.000  0.02187 8
-116.000   41.000  0.02641 9
-116.000   42.000  0.02705 7
-116.000   43.000  0.02765 8
-116.000   44.000  0.01791 6
-116.000   45.000  0.01059 6
-116.000   46.000  0.00039 7
-116.000   47.000 -0.00346 8
-116.000   48.000 -0.00804 8
-116.000   49.000 -0.00725 9
-116.000   50.000 -0.00486 6
-115.000   25.000 -0.00476 4
-115.000   26.000 -0.00500 4
-115.000   27.000 -0.00492 7
-115.000   28.000 -0.00633 7
-115.000   29.000 -0.00627 10
-115.000   30.000 -0.00470 9
-115.000   31.000 -0.00184 11
-115.000   32.000  0.00196 9
-115.000   33.000  0.00531 11
-115.000   34.000  0.00782 8
-115.000   35.000  0.00944 8
-115.000   36.000  0.00913 9
-115.000   37.000  0.01057 9
-115.000   38.000  0.01293 11
-115.000   39.000  0.01796 9
-115.000   40.000  0.02047 9
-115.000   41.000  0.02449 9
-115.000   42.000  0.02542 9
-115.000   43.000  0.02578 9
-115.000   44.000  0.01798 8
-115.000   45.000  0.01173 7
-115.000   46.000  0.00279 8
-115.000   47.000 -0.00143 9
-115.000   48.000 -0.00529 8
-115.000   49.000 -0.00456 10
-115.000   50.000 -0.00215 6
-114.000   25.000 -0.00572 4
-114.000   26.000 -0.00592 6
-114.000   27.000 -0.00545 7
-114.000   28.000 -0.00636 11
-114.000   29.000 -0.00542 11
-114.000   30.000 -0.00357 14
-114.000   31.000 -0.00080 11
-114.000   32.000  0.00184 12
-114.000   33.000  0.00380 10
-114.000   34.000  0.00541 10
-114.000   35.000  0.00650 9
-114.000   36.000  0.00639 11
-114.000   37.000  0.00839 11
-114.000   38.000  0.01066 13
-114.000   39.000  0.01398 11
-114.000   40.000  0.01642 9
-114.000   41.000  0.02087 9
-114.000   42.000  0.02306 8
-114.000   43.000  0.02404 10
-114.000   44.000  0.01867 7
-114.000   45.000  0.01326 8
-114.000   46.000  0.00516 8
-114.000   47.000  0.00084 9
-114.000   48.000 -0.00165 8
-114.000   49.000 -0.00044 9
-114.000   50.000  0.00237 6
-113.000   25.000 -0.00759 3
-113.000   26.000 -0.00738 5
-113.000   27.000 -0.00638 6
-113.000   28.000 -0.00652 9
-113.000   29.000 -0.00442 10
-113.000   30.000 -0.00195 13
-113.000   31.000  0.00108 11
-113.000   32.000  0.00291 12
-113.000   33.000  0.00388 10
-113.000   34.000  0.00398 12
-113.000   35.000  0.00336 9
-113.000   36.000  0.00243 14
-113.000   37.000  0.00439 10
-113.000   38.000  0.00595 15
-113.000   39.000  0.00771 7
-113.000   40.000  0.00985 9
-113.000   41.000  0.01400 6
-113.000   42.000  0.01657 9
-113.000   43.000  0.01842 9
-113.000   44.000  0.01663 9
-113.000   45.000  0.01352 10
-113.000   46.000  0.00773 9
-113.000   47.000  0.00433 9
-113.000   48.000  0.00322 8
-113.000   49.000  0.00409 9
-113.000   50.000  0.00711 6
-112.000   25.000 -0.01079 3
-112.000   26.000 -0.00979 7
-112.000   27.000 -0.00825 7
-112.000   28.000 -0.00703 13
-112.000   29.000 -0.00405 10
-112.000   30.000 -0.00095 16
-112.000   31.000  0.00200 10
-112.000   32.000  0.00285 16
-112.000   33.000  0.00260 10
-112.000   34.000  0.00145 16
-112.000   35.000 -0.00048 10
-112.000   36.000 -0.00173 15
-112.000   37.000  0.00058 9
-112.000   38.000  0.00178 13
-112.000   39.000  0.00296 6
-112.000   40.000  0.00549 8
-112.000   41.000  0.01024 6
-112.000   42.000  0.01346 9
-112.000   43.000  0.01589 11
-112.000   44.000  0.01607 11
-112.000   45.000  0.01396 13
-112.000   46.000  0.00934 11
-112.000   47.000  0.00672 9
-112.000   48.000  0.00705 8
-112.000   49.000  0.00818 6
-112.000   50.000  0.01195 6
-111.000   25.000 -0.01039 3
-111.000   26.000 -0.00870 5
-111.000   27.000 -0.00706 5
-111.000   28.000 -0.00490 9
-111.000   29.000 -0.00194 9
-111.000   30.000  0.00131 13
-111.000   31.000  0.00390 10
-111.000   32.000  0.00429 15
-111.000   33.000  0.00357 11
-111.000   34.000  0.00147 18
-111.000   35.000 -0.00186 11
-111.000   36.000 -0.00389 17
-111.000   37.000 -0.00204 8
-111.000   38.000 -0.00183 15
-111.000   39.000 -0.00126 7
-111.000   40.000  0.00099 12
-111.000   41.000  0.00513 7
-111.000   42.000  0.00736 10
-111.000   43.000  0.01056 8
-111.000   44.000  0.01276 10
-111.000   45.000  0.01271 11
-111.000   46.000  0.01055 11
-111.000   47.000  0.01005 9
-111.000   48.000  0.01135 10
-111.000   49.000  0.01234 8
-111.000   50.000  0.01624 7
-110.000   25.000 -0.00581 3
-110.000   26.000 -0.00375 9
-110.000   27.000 -0.00225 7
-110.000   28.000  0.00025 14
-110.000   29.000  0.00218 9
-110.000   30.000  0.00418 16
-110.000   31.000  0.00497 10
-110.000   32.000  0.00421 17
-110.000   33.000  0.00274 10
-110.000   34.000  0.00037 18
-110.000   35.000 -0.00302 10
-110.000   36.000 -0.00478 16
-110.000   37.000 -0.00262 7
-110.000   38.000 -0.00235 13
-110.000   39.000 -0.00041 6
-110.000   40.000  0.00198 9
-110.000   41.000  0.00649 6
-110.000   42.000  0.00793 9
-110.000   43.000  0.01079 10
-110.000   44.000  0.01147 11
-110.000   45.000  0.01157 12
-110.000   46.000  0.01020 11
-110.000   47.000  0.01093 8
-110.000   48.000  0.01332 7
-110.000   49.000  0.01504 5
-110.000   50.000  0.01976 6
-109.000   25.000  0.00292 2
-109.000   26.000  0.00419 6
-109.000   27.000  0.00470 5
-109.000   28.000  0.00578 10
-109.000   29.000  0.00552 8
-109.000   30.000  0.00576 13
-109.000   31.000  0.00481 10
-109.000   32.000  0.00375 15
-109.000   33.000  0.00290 10
-109.000   34.000  0.00147 17
-109.000   35.000 -0.00111 10
-109.000   36.000 -0.00224 16
-109.000   37.000 -0.00064 7
-109.000   38.000 -0.00124 14
-109.000   39.000  0.00026 7
-109.000   40.000  0.00152 12
-109.000   41.000  0.00503 8
-109.000   42.000  0.00528 13
-109.000   43.000  0.00737 11
-109.000   44.000  0.00752 13
-109.000   45.000  0.00871 10
-109.000   46.000  0.00875 11
-109.000   47.000  0.01067 8
-109.000   48.000  0.01430 9
-109.000   49.000  0.01645 6
-109.000   50.000  0.02103 5
-108.000   25.000  0.01068 3
-108.000   26.000  0.01120 10
-108.000   27.000  0.01099 8
-108.000   28.000  0.01074 15
-108.000   29.000  0.00848 9
-108.000   30.000  0.00681 16
-108.000   31.000  0.00410 10
-108.000   32.000  0.00250 17
-108.000   33.000  0.00205 9
-108.000   34.000  0.00198 17
-108.000   35.000  0.00145 9
-108.000   36.000  0.00181 17
-108.000   37.000  0.00335 8
-108.000   38.000  0.00261 12
-108.000   39.000  0.00446 5
-108.000   40.000  0.00529 8
-108.000   41.000  0.00856 7
-108.000   42.000  0.00835 11
-108.000   43.000  0.00919 13
-108.000   44.000  0.00728 14
-108.000   45.000  0.00724 12
-108.000   46.000  0.00688 12
-108.000   47.000  0.00877 9
-108.000   48.000  0.01411 8
-108.000   49.000  0.01704 3
-108.000   50.000  0.02214 4
-107.000   25.000  0.01840 2
-107.000   26.000  0.01744 6
-107.000   27.000  0.01606 6
-107.000   28.000  0.01307 12
-107.000   29.000  0.00907 10
-107.000   30.000  0.00571 15
-107.000   31.000  0.00206 11
-107.000   32.000  0.00075 16
-107.000   33.000  0.00179 9
-107.000   34.000  0.00403 16
-107.000   35.000  0.00668 9
-107.000   36.000  0.00924 16
-107.000   37.000  0.01064 7
-107.000   38.000  0.00920 13
-107.000   39.000  0.00936 7
-107.000   40.000  0.00804 12
-107.000   41.000  0.00945 9
-107.000   42.000  0.00857 14
-107.000   43.000  0.00864 13
-107.000   44.000  0.00659 15
-107.000   45.000  0.00636 11
-107.000   46.000  0.00582 13
-107.000   47.000  0.00689 10
-107.000   48.000  0.01215 11
-107.000   49.000  0.01477 5
-107.000   50.000  0.01864 4
-106.000   25.000  0.02343 3
-106.000   26.000  0.02178 8
-106.000   27.000  0.01979 6
-106.000   28.000  0.01542 13
-106.000   29.000  0.01021 9
-106.000   30.000  0.00562 16
-106.000   31.000  0.00155 10
-106.000   32.000  0.00037 18
-106.000   33.000  0.00228 10
-106.000   34.000  0.00617 19
-106.000   35.000  0.01085 10
-106.000   36.000  0.01484 16
-106.000   37.000  0.01647 6
-106.000   38.000  0.01509 11
-106.000   39.000  0.01444 6
-106.000   40.000  0.01225 10
-106.000   41.000  0.01283 8
-106.000   42.000  0.01221 11
-106.000   43.000  0.01190 11
-106.000   44.000  0.00972 13
-106.000   45.000  0.00834 12
-106.000   46.000  0.00649 14
-106.000   47.000  0.00513 10
-106.000   48.000  0.01017 9
-106.000   49.000  0.01206 3
-106.000   50.000  0.01520 4
-105.000   25.000  0.02354 1
-105.000   26.000  0.02165 5
-105.000   27.000  0.01955 6
-105.000   28.000  0.01471 13
-105.000   29.000  0.00977 11
-105.000   30.000  0.00480 16
-105.000   31.000  0.00115 10
-105.000   32.000  0.00080 16
-105.000   33.000  0.00431 9
-105.000   34.000  0.00983 17
-105.000   35.000  0.01613 9
-105.000   36.000  0.02159 15
-105.000   37.000  0.02302 6
-105.000   38.000  0.02103 12
-105.000   39.000  0.01809 7
-105.000   40.000  0.01442 14
-105.000   41.000  0.01316 12
-105.000   42.000  0.01255 17
-105.000   43.000  0.01228 15
-105.000   44.000  0.01145 17
-105.000   45.000  0.00993 15
-105.000   46.000  0.00740 16
-105.000   47.000  0.00470 12
-105.000   48.000  0.00845 10
-105.000   49.000  0.00927 4
-105.000   50.000  0.01122 4
-104.000   25.000  0.02135 2
-104.000   26.000  0.01984 6
-104.000   27.000  0.01839 5
-104.000   28.000  0.01409 11
-104.000   29.000  0.01031 8
-104.000   30.000  0.00570 13
-104.000   31.000  0.00309 7
-104.000   32.000  0.00315 15
-104.000   33.000  0.00724 9
-104.000   34.000  0.01321 18
-104.000   35.000  0.01969 9
-104.000   36.000  0.02541 15
-104.000   37.000  0.02700 6
-104.000   38.000  0.02526 11
-104.000   39.000  0.02138 6
-104.000   40.000  0.01721 13
-104.000   41.000  0.01475 11
-104.000   42.000  0.01400 17
-104.000   43.000  0.01387 14
-104.000   44.000  0.01404 18
-104.000   45.000  0.01230 14
-104.000   46.000  0.01008 16
-104.000   47.000  0.00788 10
-104.000   48.000  0.01234 9
-104.000   49.000  0.01323 3
-104.000   50.000  0.01630 5
-103.000   25.000  0.01770 1
-103.000   26.000  0.01666 6
-103.000   27.000  0.01601 7
-103.000   28.000  0.01245 14
-103.000   29.000  0.01068 11
-103.000   30.000  0.00632 15
-103.000   31.000  0.00390 8
-103.000   32.000  0.00420 14
-103.000   33.000  0.00932 8
-103.000   34.000  0.01537 16
-103.000   35.000  0.02190 8
-103.000   36.000  0.02834 17
-103.000   37.000  0.02971 9
-103.000   38.000  0.02705 18
-103.000   39.000  0.02174 12
-103.000   40.000  0.01713 21
-103.000   41.000  0.01374 17
-103.000   42.000  0.01298 24
-103.000   43.000  0.01313 21
-103.000   44.000  0.01460 24
-103.000   45.000  0.01352 18
-103.000   46.000  0.01232 18
-103.000   47.000  0.01146 12
-103.000   48.000  0.01607 11
-103.000   49.000  0.01722 5
-103.000   50.000  0.02081 6
-102.000   25.000  0.01513 2
-102.000   26.000  0.01498 6
-102.000   27.000  0.01531 5
-102.000   28.000  0.01337 10
-102.000   29.000  0.01297 7
-102.000   30.000  0.00909 11
-102.000   31.000  0.00640 6
-102.000   32.000  0.00620 11
-102.000   33.000  0.01100 6
-102.000   34.000  0.01539 13
-102.000   35.000  0.01994 7
-102.000   36.000  0.02535 16
-102.000   37.000  0.02632 9
-102.000   38.000  0.02314 19
-102.000   39.000  0.01857 12
-102.000   40.000  0.01551 24
-102.000   41.000  0.01323 17
-102.000   42.000  0.01280 27
-102.000   43.000  0.01322 18
-102.000   44.000  0.01506 24
-102.000   45.000  0.01436 14
-102.000   46.000  0.01464 18
-102.000   47.000  0.01720 10
-102.000   48.000  0.02443 12
-102.000   49.000  0.02727 5
-102.000   50.000  0.03364 7
-101.000   25.000  0.01302 1
-101.000   26.000  0.01314 6
-101.000   27.000  0.01397 7
-101.000   28.000  0.01260 14
-101.000   29.000  0.01335 11
-101.000   30.000  0.00960 16
-101.000   31.000  0.00623 10
-101.000   32.000  0.00578 16
-101.000   33.000  0.01075 9
-101.000   34.000  0.01417 17
-101.000   35.000  0.01801 9
-101.000   36.000  0.02316 20
-101.000   37.000  0.02369 11
-101.000   38.000  0.01958 24
-101.000   39.000  0.01537 16
-101.000   40.000  0.01312 30
-101.000   41.000  0.01181 22
-101.000   42.000  0.01147 30
-101.000   43.000  0.01190 21
-101.000   44.000  0.01349 25
-101.000   45.000  0.01321 17
-101.000   46.000  0.01452 21
-101.000   47.000  0.01976 13
-101.000   48.000  0.02778 15
-101.000   49.000  0.03184 6
-101.000   50.000  0.03924 7
-100.000   25.000  0.01360 3
-100.000   26.000  0.01372 8
-100.000   27.000  0.01441 6
-100.000   28.000  0.01321 11
-100.000   29.000  0.01367 7
-100.000   30.000  0.00975 11
-100.000   31.000  0.00571 7
-100.000   32.000  0.00476 11
-100.000   33.000  0.00883 6
-100.000   34.000  0.01076 12
-100.000   35.000  0.01348 7
-100.000   36.000  0.01753 17
-100.000   37.000  0.01806 11
-100.000   38.000  0.01406 24
-100.000   39.000  0.01160 15
-100.000   40.000  0.01061 30
-100.000   41.000  0.01079 19
-100.000   42.000  0.01051 30
-100.000   43.000  0.01094 16
-100.000   44.000  0.01168 23
-100.000   45.000  0.01156 12
-100.000   46.000  0.01377 20
-100.000   47.000  0.02136 11
-100.000   48.000  0.03068 16
-100.000   49.000  0.03611 6
-100.000   50.000  0.04487 8
 -99.000   25.000  0.01405 2
 -99.000   26.000  0.01398 8
 -99.000   27.000  0.01421 8
 -99.000   28.000  0.01322 16
 -99.000   29.000  0.01318 12
 -99.000   30.000  0.00853 18
 -99.000   31.000  0.00359 12
 -99.000   32.000  0.00281 18
 -99.000   33.000  0.00717 10
 -99.000   34.000  0.00874 19
 -99.000   35.000  0.01119 12
 -99.000   36.000  0.01528 23
 -99.000   37.000  0.01565 14
 -99.000   38.000  0.01130 28
 -99.000   39.000  0.00967 20
 -99.000   40.000  0.00943 32
 -99.000   41.000  0.01022 22
 -99.000   42.000  0.00977 29
 -99.000   43.000  0.00946 20
 -99.000   44.000  0.00917 24
 -99.000   45.000  0.00893 17
 -99.000   46.000  0.01104 22
 -99.000   47.000  0.01835 14
 -99.000   48.000  0.02647 17
 -99.000   49.000  0.03171 7
 -99.000   50.000  0.03923 8
 -98.000   25.000  0.01849 4
 -98.000   26.000  0.01778 9
 -98.000   27.000  0.01687 6
 -98.000   28.000  0.01548 12
 -98.000   29.000  0.01366 8
 -98.000   30.000  0.00836 13
 -98.000   31.000  0.00317 8
 -98.000   32.000  0.00244 12
 -98.000   33.000  0.00583 6
 -98.000   34.000  0.00664 13
 -98.000   35.000  0.00842 9
 -98.000   36.000  0.01169 18
 -98.000   37.000  0.01245 13
 -98.000   38.000  0.00908 25
 -98.000   39.000  0.00872 19
 -98.000   40.000  0.00903 28
 -98.000   41.000  0.01000 18
 -98.000   42.000  0.00897 26
 -98.000   43.000  0.00760 17
 -98.000   44.000  0.00616 21
 -98.000   45.000  0.00527 12
 -98.000   46.000  0.00724 17
 -98.000   47.000  0.01422 11
 -98.000   48.000  0.02146 15
 -98.000   49.000  0.02652 7
 -98.000   50.000  0.03359 10
 -97.000   25.000  0.02331 2
 -97.000   26.000  0.02142 7
 -97.000   27.000  0.01950 7
 -97.000   28.000  0.01609 15
 -97.000   29.000  0.01308 12
 -97.000   30.000  0.00749 17
 -97.000   31.000  0.00206 11
 -97.000   32.000  0.00171 16
 -97.000   33.000  0.00529 9
 -97.000   34.000  0.00672 17
 -97.000   35.000  0.00887 11
 -97.000   36.000  0.01258 22
 -97.000   37.000  0.01339 15
 -97.000   38.000  0.01010 27
 -97.000   39.000  0.00947 21
 -97.000   40.000  0.00936 28
 -97.000   41.000  0.00925 21
 -97.000   42.000  0.00732 26
 -97.000   43.000  0.00472 22
 -97.000   44.000  0.00240 23
 -97.000   45.000  0.00089 17
 -97.000   46.000  0.00216 19
 -97.000   47.000  0.00640 14
 -97.000   48.000  0.01109 16
 -97.000   49.000  0.01462 8
 -97.000   50.000  0.01926 10
 -96.000   25.000  0.02189 3
 -96.000   26.000  0.02024 7
 -96.000   27.000  0.01853 5
 -96.000   28.000  0.01556 10
 -96.000   29.000  0.01224 7
 -96.000   30.000  0.00705 12
 -96.000   31.000  0.00167 8
 -96.000   32.000  0.00097 14
 -96.000   33.000  0.00384 8
 -96.000   34.000  0.00532 15
 -96.000   35.000  0.00764 8
 -96.000   36.000  0.01160 17
 -96.000   37.000  0.01308 12
 -96.000   38.000  0.01065 21
 -96.000   39.000  0.01014 17
 -96.000   40.000  0.00950 22
 -96.000   41.000  0.00854 18
 -96.000   42.000  0.00573 22
 -96.000   43.000  0.00218 18
 -96.000   44.000 -0.00079 20
 -96.000   45.000 -0.00296 14
 -96.000   46.000 -0.00223 16
 -96.000   47.000  0.00007 10
 -96.000   48.000  0.00305 12
 -96.000   49.000  0.00548 6
 -96.000   50.000  0.00907 9
 -95.000   25.000  0.01382 1
 -95.000   26.000  0.01361 5
 -95.000   27.000  0.01327 6
 -95.000   28.000  0.01314 12
 -95.000   29.000  0.01134 10
 -95.000   30.000  0.00714 15
 -95.000   31.000  0.00170 11
 -95.000   32.000  0.00116 16
 -95.000   33.000  0.00423 9
 -95.000   34.000  0.00622 16
 -95.000   35.000  0.00888 9
 -95.000   36.000  0.01374 20
 -95.000   37.000  0.01492 13
 -95.000   38.000  0.01195 24
 -95.000   39.000  0.01040 18
 -95.000   40.000  0.00909 25
 -95.000   41.000  0.00716 21
 -95.000   42.000  0.00387 25
 -95.000   43.000 -0.00041 22
 -95.000   44.000 -0.00371 25
 -95.000   45.000 -0.00648 20
 -95.000   46.000 -0.00657 22
 -95.000   47.000 -0.00661 15
 -95.000   48.000 -0.00540 16
 -95.000   49.000 -0.00434 9
 -95.000   50.000 -0.00221 9
 -94.000   25.000  0.00940 2
 -94.000   26.000  0.00995 7
 -94.000   27.000  0.01037 6
 -94.000   28.000  0.01143 12
 -94.000   29.000  0.01048 8
 -94.000   30.000  0.00714 15
 -94.000   31.000  0.00165 10
 -94.000   32.000  0.00041 17
 -94.000   33.000  0.00244 9
 -94.000   34.000  0.00403 17
 -94.000   35.000  0.00686 9
 -94.000   36.000  0.01198 17
 -94.000   37.000  0.01375 10
 -94.000   38.000  0.01146 17
 -94.000   39.000  0.01015 14
 -94.000   40.000  0.00827 18
 -94.000   41.000  0.00619 17
 -94.000   42.000  0.00277 19
 -94.000   43.000 -0.00130 18
 -94.000   44.000 -0.00480 21
 -94.000   45.000 -0.00783 17
 -94.000   46.000 -0.00850 18
 -94.000   47.000 -0.00988 11
 -94.000   48.000 -0.00985 12
 -94.000   49.000 -0.00966 7
 -94.000   50.000 -0.00796 8
 -93.000   25.000  0.00683 1
 -93.000   26.000  0.00740 5
 -93.000   27.000  0.00834 7
 -93.000   28.000  0.00917 13
 -93.000   29.000  0.00897 11
 -93.000   30.000  0.00669 15
 -93.000   31.000  0.00119 11
 -93.000   32.000 -0.00024 16
 -93.000   33.000  0.00166 9
 -93.000   34.000  0.00340 17
 -93.000   35.000  0.00642 10
 -93.000   36.000  0.01185 20
 -93.000   37.000  0.01332 11
 -93.000   38.000  0.01049 21
 -93.000   39.000  0.00866 14
 -93.000   40.000  0.00624 20
 -93.000   41.000  0.00408 16
 -93.000   42.000  0.00068 21
 -93.000   43.000 -0.00276 20
 -93.000   44.000 -0.00616 23
 -93.000   45.000 -0.00911 18
 -93.000   46.000 -0.01056 20
 -93.000   47.000 -0.01319 14
 -93.000   48.000 -0.01397 16
 -93.000   49.000 -0.01459 9
 -93.000   50.000 -0.01366 8
 -92.000   25.000  0.00152 2
 -92.000   26.000  0.00287 9
 -92.000   27.000  0.00442 9
 -92.000   28.000  0.00670 17
 -92.000   29.000  0.00745 11
 -92.000   30.000  0.00625 17
 -92.000   31.000  0.00142 10
 -92.000   32.000 -0.00049 16
 -92.000   33.000  0.00008 8
 -92.000   34.000  0.00076 16
 -92.000   35.000  0.00301 9
 -92.000   36.000  0.00754 17
 -92.000   37.000  0.00945 10
 -92.000   38.000  0.00746 17
 -92.000   39.000  0.00643 13
 -92.000   40.000  0.00400 16
 -92.000   41.000  0.00263 15
 -92.000   42.000 -0.00050 18
 -92.000   43.000 -0.00291 19
 -92.000   44.000 -0.00608 20
 -92.000   45.000 -0.00836 17
 -92.000   46.000 -0.01002 17
 -92.000   47.000 -0.01254 11
 -92.000   48.000 -0.01353 10
 -92.000   49.000 -0.01420 4
 -92.000   50.000 -0.01333 5
 -91.000   25.000  0.00481 2
 -91.000   26.000  0.00525 6
 -91.000   27.000  0.00619 7
 -91.000   28.000  0.00742 13
 -91.000   29.000  0.00804 11
 -91.000   30.000  0.00717 14
 -91.000   31.000  0.00264 10
 -91.000   32.000  0.00087 14
 -91.000   33.000  0.00103 9
 -91.000   34.000  0.00097 16
 -91.000   35.000  0.00222 10
 -91.000   36.000  0.00597 19
 -91.000   37.000  0.00736 11
 -91.000   38.000  0.00481 21
 -91.000   39.000  0.00357 13
 -91.000   40.000  0.00136 19
 -91.000   41.000  0.00056 14
 -91.000   42.000 -0.00232 19
 -91.000   43.000 -0.00378 16
 -91.000   44.000 -0.00648 19
 -91.000   45.000 -0.00809 16
 -91.000   46.000 -0.01009 19
 -91.000   47.000 -0.01208 14
 -91.000   48.000 -0.01311 14
 -91.000   49.000 -0.01370 8
 -91.000   50.000 -0.01304 6
 -90.000   25.000  0.01315 3
 -90.000   26.000  0.01165 9
 -90.000   27.000  0.01113 8
 -90.000   28.000  0.00888 16
 -90.000   29.000  0.00803 11
 -90.000   30.000  0.00648 17
 -90.000   31.000  0.00238 10
 -90.000   32.000  0.00046 16
 -90.000   33.000  0.00065 9
 -90.000   34.000  0.00007 15
 -90.000   35.000  0.00070 8
 -90.000   36.000  0.00321 15
 -90.000   37.000  0.00461 10
 -90.000   38.000  0.00184 18
 -90.000   39.000  0.00091 14
 -90.000   40.000 -0.00090 18
 -90.000   41.000 -0.00064 15
 -90.000   42.000 -0.00302 17
 -90.000   43.000 -0.00340 16
 -90.000   44.000 -0.00559 18
 -90.000   45.000 -0.00649 17
 -90.000   46.000 -0.00891 17
 -90.000   47.000 -0.01067 13
 -90.000   48.000 -0.01186 10
 -90.000   49.000 -0.01231 6
 -90.000   50.000 -0.01192 5
 -89.000   25.000  0.01812 3
 -89.000   26.000  0.01575 5
 -89.000   27.000  0.01449 7
 -89.000   28.000  0.01041 11
 -89.000   29.000  0.00852 11
 -89.000   30.000  0.00629 13
 -89.000   31.000  0.00260 10
 -89.000   32.000  0.00096 16
 -89.000   33.000  0.00205 12
 -89.000   34.000  0.00170 18
 -89.000   35.000  0.00210 10
 -89.000   36.000  0.00352 18
 -89.000   37.000  0.00401 11
 -89.000   38.000 -0.00001 20
 -89.000   39.000 -0.00169 12
 -89.000   40.000 -0.00315 19
 -89.000   41.000 -0.00229 14
 -89.000   42.000 -0.00399 18
 -89.000   43.000 -0.00348 15
 -89.000   44.000 -0.00479 18
 -89.000   45.000 -0.00518 17
 -89.000   46.000 -0.00792 17
 -89.000   47.000 -0.00948 15
 -89.000   48.000 -0.01078 14
 -89.000   49.000 -0.01124 10
 -89.000   50.000 -0.01131 6
 -88.000   25.000  0.01693 3
 -88.000   26.000  0.01435 7
 -88.000   27.000  0.01260 8
 -88.000   28.000  0.00792 14
 -88.000   29.000  0.00513 11
 -88.000   30.000  0.00219 16
 -88.000   31.000 -0.00063 10
 -88.000   32.000 -0.00109 17
 -88.000   33.000  0.00187 11
 -88.000   34.000  0.00331 17
 -88.000   35.000  0.00472 10
 -88.000   36.000  0.00590 15
 -88.000   37.000  0.00582 11
 -88.000   38.000  0.00109 18
 -88.000   39.000 -0.00132 14
 -88.000   40.000 -0.00266 18
 -88.000   41.000 -0.00133 15
 -88.000   42.000 -0.00203 17
 -88.000   43.000 -0.00072 17
 -88.000   44.000 -0.00172 17
 -88.000   45.000 -0.00204 17
 -88.000   46.000 -0.00535 14
 -88.000   47.000 -0.00738 13
 -88.000   48.000 -0.00925 10
 -88.000   49.000 -0.00974 7
 -88.000   50.000 -0.01021 4
 -87.000   25.000  0.01451 3
 -87.000   26.000  0.01184 5
 -87.000   27.000  0.00984 7
 -87.000   28.000  0.00478 10
 -87.000   29.000  0.00165 11
 -87.000   30.000 -0.00160 13
 -87.000   31.000 -0.00351 11
 -87.000   32.000 -0.00242 14
 -87.000   33.000  0.00262 12
 -87.000   34.000  0.00618 16
 -87.000   35.000  0.00879 11
 -87.000   36.000  0.01022 16
 -87.000   37.000  0.00917 11
 -87.000   38.000  0.00358 19
 -87.000   39.000 -0.00009 12
 -87.000   40.000 -0.00165 17
 -87.000   41.000 -0.00064 13
 -87.000   42.000 -0.00056 17
 -87.000   43.000  0.00139 16
 -87.000   44.000  0.00098 15
 -87.000   45.000  0.00066 16
 -87.000   46.000 -0.00299 13
 -87.000   47.000 -0.00533 15
 -87.000   48.000 -0.00769 11
 -87.000   49.000 -0.00853 11
 -87.000   50.000 -0.00936 5
 -86.000   25.000  0.00642 4
 -86.000   26.000  0.00455 6
 -86.000   27.000  0.00283 8
 -86.000   28.000 -0.00154 12
 -86.000   29.000 -0.00461 12
 -86.000   30.000 -0.00806 15
 -86.000   31.000 -0.00908 12
 -86.000   32.000 -0.00630 15
 -86.000   33.000  0.00130 12
 -86.000   34.000  0.00784 15
 -86.000   35.000  0.01245 12
 -86.000   36.000  0.01487 15
 -86.000   37.000  0.01348 14
 -86.000   38.000  0.00763 18
 -86.000   39.000  0.00296 16
 -86.000   40.000  0.00124 15
 -86.000   41.000  0.00194 16
 -86.000   42.000  0.00278 15
 -86.000   43.000  0.00504 19
 -86.000   44.000  0.00479 13
 -86.000   45.000  0.00432 15
 -86.000   46.000  0.00046 10
 -86.000   47.000 -0.00223 13
 -86.000   48.000 -0.00514 9
 -86.000   49.000 -0.00615 10
 -86.000   50.000 -0.00717 5
 -85.000   25.000 -0.00361 4
 -85.000   26.000 -0.00412 4
 -85.000   27.000 -0.00498 8
 -85.000   28.000 -0.00745 8
 -85.000   29.000 -0.00942 11
 -85.000   30.000 -0.01176 11
 -85.000   31.000 -0.01152 13
 -85.000   32.000 -0.00736 14
 -85.000   33.000  0.00131 14
 -85.000   34.000  0.00939 14
 -85.000   35.000  0.01483 11
 -85.000   36.000  0.01729 14
 -85.000   37.000  0.01529 14
 -85.000   38.000  0.00969 18
 -85.000   39.000  0.00454 16
 -85.000   40.000  0.00274 15
 -85.000   41.000  0.00300 17
 -85.000   42.000  0.00421 16
 -85.000   43.000  0.00656 21
 -85.000   44.000  0.00654 16
 -85.000   45.000  0.00620 18
 -85.000   46.000  0.00292 12
 -85.000   47.000  0.00053 16
 -85.000   48.000 -0.00245 11
 -85.000   49.000 -0.00353 13
 -85.000   50.000 -0.00459 6
 -84.000   25.000 -0.01356 5
 -84.000   26.000 -0.01291 5
 -84.000   27.000 -0.01275 10
 -84.000   28.000 -0.01322 12
 -84.000   29.000 -0.01388 14
 -84.000   30.000 -0.01519 15
 -84.000   31.000 -0.01387 14
 -84.000   32.000 -0.00866 17
 -84.000   33.000  0.00094 15
 -84.000   34.000  0.01012 17
 -84.000   35.000  0.01611 13
 -84.000   36.000  0.01866 14
 -84.000   37.000  0.01643 15
 -84.000   38.000  0.01121 16
 -84.000   39.000  0.00616 18
 -84.000   40.000  0.00456 13
 -84.000   41.000  0.00461 18
 -84.000   42.000  0.00575 13
 -84.000   43.000  0.00776 20
 -84.000   44.000  0.00738 13
 -84.000   45.000  0.00705 16
 -84.000   46.000  0.00466 10
 -84.000   47.000  0.00283 13
 -84.000   48.000 -0.00012 10
 -84.000   49.000 -0.00104 11
 -84.000   50.000 -0.00197 6
 -83.000   25.000 -0.01458 4
 -83.000   26.000 -0.01386 4
 -83.000   27.000 -0.01325 8
 -83.000   28.000 -0.01334 9
 -83.000   29.000 -0.01318 12
 -83.000   30.000 -0.01416 12
 -83.000   31.000 -0.01220 13
 -83.000   32.000 -0.00728 13
 -83.000   33.000  0.00152 15
 -83.000   34.000  0.00957 14
 -83.000   35.000  0.01479 13
 -83.000   36.000  0.01630 11
 -83.000   37.000  0.01363 13
 -83.000   38.000  0.00902 15
 -83.000   39.000  0.00484 17
 -83.000   40.000  0.00359 15
 -83.000   41.000  0.00356 17
 -83.000   42.000  0.00445 15
 -83.000   43.000  0.00601 19
 -83.000   44.000  0.00543 15
 -83.000   45.000  0.00521 18
 -83.000   46.000  0.00403 13
 -83.000   47.000  0.00329 15
 -83.000   48.000  0.00102 9
 -83.000   49.000  0.00044 11
 -83.000   50.000 -0.00018 6
 -82.000   25.000 -0.01361 3
 -82.000   26.000 -0.01315 4
 -82.000   27.000 -0.01230 8
 -82.000   28.000 -0.01269 13
 -82.000   29.000 -0.01219 16
 -82.000   30.000 -0.01365 18
 -82.000   31.000 -0.01165 16
 -82.000   32.000 -0.00747 17
 -82.000   33.000  0.00062 16
 -82.000   34.000  0.00748 16
 -82.000   35.000  0.01209 14
 -82.000   36.000  0.01271 13
 -82.000   37.000  0.01005 13
 -82.000   38.000  0.00575 13
 -82.000   39.000  0.00267 15
 -82.000   40.000  0.00214 12
 -82.000   41.000  0.00252 16
 -82.000   42.000  0.00303 12
 -82.000   43.000  0.00386 17
 -82.000   44.000  0.00259 10
 -82.000   45.000  0.00210 15
 -82.000   46.000  0.00190 10
 -82.000   47.000  0.00218 13
 -82.000   48.000  0.00118 7
 -82.000   49.000  0.00143 9
 -82.000   50.000  0.00149 5
 -81.000   25.000 -0.00770 4
 -81.000   26.000 -0.00801 4
 -81.000   27.000 -0.00750 9
 -81.000   28.000 -0.00901 10
 -81.000   29.000 -0.00892 14
 -81.000   30.000 -0.01088 12
 -81.000   31.000 -0.00930 14
 -81.000   32.000 -0.00648 12
 -81.000   33.000 -0.00060 15
 -81.000   34.000  0.00373 11
 -81.000   35.000  0.00721 13
 -81.000   36.000  0.00679 11
 -81.000   37.000  0.00451 15
 -81.000   38.000  0.00119 14
 -81.000   39.000  0.00004 16
 -81.000   40.000  0.00018 14
 -81.000   41.000  0.00112 17
 -81.000   42.000  0.00110 15
 -81.000   43.000  0.00124 18
 -81.000   44.000 -0.00072 14
 -81.000   45.000 -0.00176 18
 -81.000   46.000 -0.00155 15
 -81.000   47.000 -0.00062 17
 -81.000   48.000  0.00005 10
 -81.000   49.000  0.00096 11
 -81.000   50.000  0.00176 6
 -80.000   25.000  0.00100 3
 -80.000   26.000 -0.00091 4
 -80.000   27.000 -0.00144 9
 -80.000   28.000 -0.00540 13
 -80.000   29.000 -0.00653 16
 -80.000   30.000 -0.00946 17
 -80.000   31.000 -0.00873 16
 -80.000   32.000 -0.00696 16
 -80.000   33.000 -0.00230 15
 -80.000   34.000  0.00070 14
 -80.000   35.000  0.00348 13
 -80.000   36.000  0.00291 13
 -80.000   37.000  0.00136 14
 -80.000   38.000 -0.00147 14
 -80.000   39.000 -0.00159 14
 -80.000   40.000 -0.00091 11
 -80.000   41.000  0.00056 15
 -80.000   42.000  0.00004 12
 -80.000   43.000 -0.00038 16
 -80.000   44.000 -0.00287 10
 -80.000   45.000 -0.00453 16
 -80.000   46.000 -0.00471 12
 -80.000   47.000 -0.00389 16
 -80.000   48.000 -0.00218 9
 -80.000   49.000 -0.00096 11
 -80.000   50.000  0.00026 5
 -79.000   25.000  0.00974 7
 -79.000   26.000  0.00652 6
 -79.000   27.000  0.00488 13
 -79.000   28.000 -0.00102 11
 -79.000   29.000 -0.00341 16
 -79.000   30.000 -0.00695 12
 -79.000   31.000 -0.00736 15
 -79.000   32.000 -0.00694 11
 -79.000   33.000 -0.00423 14
 -79.000   34.000 -0.00259 10
 -79.000   35.000 -0.00025 13
 -79.000   36.000 -0.00022 10
 -79.000   37.000 -0.00029 15
 -79.000   38.000 -0.00224 14
 -79.000   39.000 -0.00153 17
 -79.000   40.000 -0.00095 13
 -79.000   41.000  0.00067 16
 -79.000   42.000 -0.00054 14
 -79.000   43.000 -0.00143 16
 -79.000   44.000 -0.00424 13
 -79.000   45.000 -0.00640 17
 -79.000   46.000 -0.00755 16
 -79.000   47.000 -0.00737 18
 -79.000   48.000 -0.00510 12
 -79.000   49.000 -0.00388 11
 -79.000   50.000 -0.00268 5
 -78.000   25.000  0.00653 4
 -78.000   26.000  0.00455 5
 -78.000   27.000  0.00346 10
 -78.000   28.000 -0.00104 13
 -78.000   29.000 -0.00303 16
 -78.000   30.000 -0.00591 17
 -78.000   31.000 -0.00724 16
 -78.000   32.000 -0.00769 15
 -78.000   33.000 -0.00595 14
 -78.000   34.000 -0.00467 13
 -78.000   35.000 -0.00227 13
 -78.000   36.000 -0.00150 12
 -78.000   37.000 -0.00003 13
 -78.000   38.000 -0.00147 14
 -78.000   39.000 -0.00077 15
 -78.000   40.000 -0.00055 12
 -78.000   41.000  0.00099 14
 -78.000   42.000 -0.00101 11
 -78.000   43.000 -0.00229 14
 -78.000   44.000 -0.00483 9
 -78.000   45.000 -0.00670 15
 -78.000   46.000 -0.00839 12
 -78.000   47.000 -0.00865 16
 -78.000   48.000 -0.00640 9
 -78.000   49.000 -0.00533 10
 -78.000   50.000 -0.00448 4
 -77.000   25.000  0.00399 8
 -77.000   26.000  0.00346 6
 -77.000   27.000  0.00301 12
 -77.000   28.000  0.00033 10
 -77.000   29.000 -0.00148 16
 -77.000   30.000 -0.00410 13
 -77.000   31.000 -0.00668 17
 -77.000   32.000 -0.00840 12
 -77.000   33.000 -0.00808 15
 -77.000   34.000 -0.00690 10
 -77.000   35.000 -0.00371 15
 -77.000   36.000 -0.00137 11
 -77.000   37.000  0.00209 16
 -77.000   38.000  0.00186 12
 -77.000   39.000  0.00252 17
 -77.000   40.000  0.00183 13
 -77.000   41.000  0.00251 16
 -77.000   42.000 -0.00061 14
 -77.000   43.000 -0.00247 15
 -77.000   44.000 -0.00484 13
 -77.000   45.000 -0.00621 15
 -77.000   46.000 -0.00850 15
 -77.000   47.000 -0.00929 17
 -77.000   48.000 -0.00773 12
 -77.000   49.000 -0.00707 11
 -77.000   50.000 -0.00708 6
 -76.000   25.000 -0.00130 5
 -76.000   26.000  0.00001 4
 -76.000   27.000  0.00063 9
 -76.000   28.000 -0.00012 12
 -76.000   29.000 -0.00117 16
 -76.000   30.000 -0.00387 16
 -76.000   31.000 -0.00741 15
 -76.000   32.000 -0.00997 14
 -76.000   33.000 -0.00974 14
 -76.000   34.000 -0.00792 13
 -76.000   35.000 -0.00365 15
 -76.000   36.000 -0.00027 14
 -76.000   37.000  0.00438 14
 -76.000   38.000  0.00433 12
 -76.000   39.000  0.00411 14
 -76.000   40.000  0.00230 13
 -76.000   41.000  0.00215 15
 -76.000   42.000 -0.00160 12
 -76.000   43.000 -0.00332 13
 -76.000   44.000 -0.00486 9
 -76.000   45.000 -0.00498 14
 -76.000   46.000 -0.00716 12
 -76.000   47.000 -0.00830 16
 -76.000   48.000 -0.00832 9
 -76.000   49.000 -0.00825 12
 -76.000   50.000 -0.00935 7
 -75.000   25.000 -0.00340 9
 -75.000   26.000 -0.00116 6
 -75.000   27.000 -0.00001 12
 -75.000   28.000  0.00041 10
 -75.000   29.000 -0.00042 16
 -75.000   30.000 -0.00351 12
 -75.000   31.000 -0.00757 16
 -75.000   32.000 -0.01064 11
 -75.000   33.000 -0.01047 16
 -75.000   34.000 -0.00818 11
 -75.000   35.000 -0.00320 18
 -75.000   36.000  0.00080 13
 -75.000   37.000  0.00577 18
 -75.000   38.000  0.00606 11
 -75.000   39.000  0.00529 17
 -75.000   40.000  0.00287 12
 -75.000   41.000  0.00210 16
 -75.000   42.000 -0.00165 13
 -75.000   43.000 -0.00309 15
 -75.000   44.000 -0.00415 13
 -75.000   45.000 -0.00336 15
 -75.000   46.000 -0.00523 15
 -75.000   47.000 -0.00664 16
 -75.000   48.000 -0.00825 12
 -75.000   49.000 -0.00867 12
 -75.000   50.000 -0.01079 9
 -74.000   25.000 -0.00607 6
 -74.000   26.000 -0.00323 5
 -74.000   27.000 -0.00174 11
 -74.000   28.000 -0.00123 11
 -74.000   29.000 -0.00183 15
 -74.000   30.000 -0.00524 12
 -74.000   31.000 -0.00905 13
 -74.000   32.000 -0.01178 12
 -74.000   33.000 -0.01072 15
 -74.000   34.000 -0.00774 14
 -74.000   35.000 -0.00251 17
 -74.000   36.000  0.00115 15
 -74.000   37.000  0.00524 15
 -74.000   38.000  0.00540 12
 -74.000   39.000  0.00411 14
 -74.000   40.000  0.00141 13
 -74.000   41.000 -0.00025 14
 -74.000   42.000 -0.00349 11
 -74.000   43.000 -0.00429 12
 -74.000   44.000 -0.00452 9
 -74.000   45.000 -0.00276 14
 -74.000   46.000 -0.00335 13
 -74.000   47.000 -0.00392 16
 -74.000   48.000 -0.00625 10
 -74.000   49.000 -0.00685 12
 -74.000   50.000 -0.00893 8
 -73.000   25.000 -0.00493 9
 -73.000   26.000 -0.00309 7
 -73.000   27.000 -0.00201 13
 -73.000   28.000 -0.00227 10
 -73.000   29.000 -0.00291 14
 -73.000   30.000 -0.00604 10
 -73.000   31.000 -0.00859 15
 -73.000   32.000 -0.01050 11
 -73.000   33.000 -0.00913 17
 -73.000   34.000 -0.00624 12
 -73.000   35.000 -0.00164 19
 -73.000   36.000  0.00140 13
 -73.000   37.000  0.00424 19
 -73.000   38.000  0.00445 12
 -73.000   39.000  0.00287 17
 -73.000   40.000 -0.00004 12
 -73.000   41.000 -0.00308 15
 -73.000   42.000 -0.00588 12
 -73.000   43.000 -0.00659 13
 -73.000   44.000 -0.00631 13
 -73.000   45.000 -0.00407 14
 -73.000   46.000 -0.00293 15
 -73.000   47.000 -0.00233 14
 -73.000   48.000 -0.00430 13
 -73.000   49.000 -0.00474 12
 -73.000   50.000 -0.00619 10
 -72.000   25.000 -0.00580 6
 -72.000   26.000 -0.00466 5
 -72.000   27.000 -0.00380 11
 -72.000   28.000 -0.00484 10
 -72.000   29.000 -0.00525 14
 -72.000   30.000 -0.00760 11
 -72.000   31.000 -0.00846 13
 -72.000   32.000 -0.00905 11
 -72.000   33.000 -0.00674 15
 -72.000   34.000 -0.00376 14
 -72.000   35.000  0.00016 18
 -72.000   36.000  0.00216 15
 -72.000   37.000  0.00366 15
 -72.000   38.000  0.00345 13
 -72.000   39.000  0.00124 14
 -72.000   40.000 -0.00208 16
 -72.000   41.000 -0.00653 14
 -72.000   42.000 -0.00886 14
 -72.000   43.000 -0.00915 11
 -72.000   44.000 -0.00784 12
 -72.000   45.000 -0.00524 13
 -72.000   46.000 -0.00225 14
 -72.000   47.000 -0.00038 15
 -72.000   48.000 -0.00135 11
 -72.000   49.000 -0.00163 12
 -72.000   50.000 -0.00169 8
 -71.000   25.000 -0.00536 9
 -71.000   26.000 -0.00564 7
 -71.000   27.000 -0.00530 13
 -71.000   28.000 -0.00722 11
 -71.000   29.000 -0.00726 15
 -71.000   30.000 -0.00814 12
 -71.000   31.000 -0.00693 15
 -71.000   32.000 -0.00621 11
 -71.000   33.000 -0.00370 16
 -71.000   34.000 -0.00131 12
 -71.000   35.000  0.00135 18
 -71.000   36.000  0.00242 12
 -71.000   37.000  0.00277 17
 -71.000   38.000  0.00253 12
 -71.000   39.000 -0.00009 16
 -71.000   40.000 -0.00351 14
 -71.000   41.000 -0.00926 15
 -71.000   42.000 -0.01099 14
 -71.000   43.000 -0.01139 12
 -71.000   44.000 -0.00928 13
 -71.000   45.000 -0.00680 13
 -71.000   46.000 -0.00207 15
 -71.000   47.000  0.00071 14
 -71.000   48.000  0.00091 13
 -71.000   49.000  0.00086 12
 -71.000   50.000  0.00218 10
 -70.000   25.000 -0.00819 6
 -70.000   26.000 -0.00845 5
 -70.000   27.000 -0.00798 11
 -70.000   28.000 -0.01001 10
 -70.000   29.000 -0.00975 15
 -70.000   30.000 -0.00963 12
 -70.000   31.000 -0.00702 14
 -70.000   32.000 -0.00512 11
 -70.000   33.000 -0.00196 15
 -70.000   34.000  0.00083 13
 -70.000   35.000  0.00321 16
 -70.000   36.000  0.00386 14
 -70.000   37.000  0.00382 14
 -70.000   38.000  0.00374 14
 -70.000   39.000  0.00129 13
 -70.000   40.000 -0.00263 17
 -70.000   41.000 -0.00982 13
 -70.000   42.000 -0.01149 16
 -70.000   43.000 -0.01094 11
 -70.000   44.000 -0.00808 13
 -70.000   45.000 -0.00535 12
 -70.000   46.000  0.00041 14
 -70.000   47.000  0.00281 13
 -70.000   48.000  0.00221 9
 -70.000   49.000  0.00126 8
 -70.000   50.000  0.00270 6
 -69.000   25.000 -0.00969 5
 -69.000   26.000 -0.01026 5
 -69.000   27.000 -0.00968 9
 -69.000   28.000 -0.01195 9
 -69.000   29.000 -0.01113 11
 -69.000   30.000 -0.01015 10
 -69.000   31.000 -0.00650 11
 -69.000   32.000 -0.00388 10
 -69.000   33.000 -0.00066 12
 -69.000   34.000  0.00232 10
 -69.000   35.000  0.00456 11
 -69.000   36.000  0.00498 9
 -69.000   37.000  0.00461 10
 -69.000   38.000  0.00501 9
 -69.000   39.000  0.00332 9
 -69.000   40.000 -0.00142 10
 -69.000   41.000 -0.01106 9
 -69.000   42.000 -0.01259 10
 -69.000   43.000 -0.01145 7
 -69.000   44.000 -0.00863 8
 -69.000   45.000 -0.00518 7
 -69.000   46.000  0.00265 9
 -69.000   47.000  0.00415 7
 -69.000   48.000  0.00232 6
 -69.000   49.000  0.00036 4
 -69.000   50.000  0.00098 5
 -68.000   25.000 -0.00870 1
 -68.000   26.000 -0.00951 2
 -68.000   27.000 -0.00914 5
 -68.000   28.000 -0.01209 7
 -68.000   29.000 -0.01235 9
 -68.000   30.000 -0.01143 9
 -68.000   31.000 -0.00657 9
 -68.000   32.000 -0.00175 9
 -68.000   33.000  0.00349 9
 -68.000   34.000  0.00856 9
 -68.000   35.000  0.01076 8
 -68.000   36.000  0.01025 9
 -68.000   37.000  0.00811 6
 -68.000   38.000  0.00761 8
 -68.000   39.000  0.00579 6
 -68.000   40.000  0.00034 10
 -68.000   41.000 -0.01109 6
 -68.000   42.000 -0.01246 8
 -68.000   43.000 -0.01014 4
 -68.000   44.000 -0.00741 7
 -68.000   45.000 -0.00325 5
 -68.000   46.000  0.00564 7
 -68.000   47.000  0.00548 4
 -68.000   48.000  0.00128 3
 -68.000   49.000 -0.00216 1
 -68.000   50.000 -0.00306 2
 -67.000   25.000 -0.00636 0
 -67.000   26.000 -0.00805 1
 -67.000   27.000 -0.00842 2
 -67.000   28.000 -0.01215 4
 -67.000   29.000 -0.01430 4
 -67.000   30.000 -0.01271 5
 -67.000   31.000 -0.00442 4
 -67.000   32.000  0.00429 5
 -67.000   33.000  0.01390 4
 -67.000   34.000  0.02214 5
 -67.000   35.000  0.02320 4
 -67.000   36.000  0.01938 4
 -67.000   37.000  0.01273 2
 -67.000   38.000  0.00763 2
 -67.000   39.000  0.00367 2
 -67.000   40.000 -0.00111 3
 -67.000   41.000 -0.01098 2
 -67.000   42.000 -0.01097 2
 -67.000   43.000 -0.00719 1
 -67.000   44.000 -0.00390 2
 -67.000   45.000  0.00019 3
 -67.000   46.000  0.00756 4
 -67.000   47.000  0.00622 3
 -67.000   48.000  0.00064 2
 -67.000   49.000 -0.00339 1
 -67.000   50.000 -0.00587 2
 -66.000   25.000 -0.00513 0
 -66.000   26.000 -0.00694 0
 -66.000   27.000 -0.00763 1
 -66.000   28.000 -0.01188 3
 -66.000   29.000 -0.01513 4
 -66.000   30.000 -0.01385 5
 -66.000   31.000 -0.00465 4
 -66.000   32.000  0.00563 5
 -66.000   33.000  0.01717 4
 -66.000   34.000  0.02725 5
 -66.000   35.000  0.02828 4
 -66.000   36.000  0.02337 5
 -66.000   37.000  0.01505 3
 -66.000   38.000  0.00869 3
 -66.000   39.000  0.00470 2
 -66.000   40.000 -0.00016 3
 -66.000   41.000 -0.01033 2
 -66.000   42.000 -0.00994 2
 -66.000   43.000 -0.00496 1
 -66.000   44.000 -0.00197 2
 -66.000   45.000  0.00253 3
 -66.000   46.000  0.00985 4
 -66.000   47.000  0.00739 3
 -66.000   48.000 -0.00004 2
 -66.000   49.000 -0.00504 1
 -66.000   50.000 -0.00905 1
 -65.000   25.000 -0.00257 0
 -65.000   26.000 -0.00525 0
 -65.000   27.000 -0.00646 0
 -65.000   28.000 -0.01159 1
 -65.000   29.000 -0.01586 1
 -65.000   30.000 -0.01415 2
 -65.000   31.000 -0.00301 1
 -65.000   32.000  0.00946 2
 -65.000   33.000  0.02319 1
 -65.000   34.000  0.03489 2
 -65.000   35.000  0.03518 1
 -65.000   36.000  0.02834 2
 -65.000   37.000  0.01711 1
 -65.000   38.000  0.00841 1
 -65.000   39.000  0.00333 1
 -65.000   40.000 -0.00158 1
 -65.000   41.000 -0.01248 1
 -65.000   42.000 -0.01150 0
 -65.000   43.000 -0.00664 0
 -65.000   44.000 -0.00386 0
 -65.000   45.000  0.00100 1
 -65.000   46.000  0.00932 1
 -65.000   47.000  0.00740 1
 -65.000   48.000  0.00068 0
 -65.000   49.000 -0.00389 0
 -65.000   50.000 -0.00808 0
