-130.000   25.000 -0.01710 11
-130.000   26.000 -0.01764 14
-130.000   27.000 -0.01979 11
-130.000   28.000 -0.01967 13
-130.000   29.000 -0.02079 9
-130.000   30.000 -0.01898 12
-130.000   31.000 -0.01971 9
-130.000   32.000 -0.01629 11
-130.000   33.000 -0.01643 8
-130.000   34.000 -0.01428 9
-130.000   35.000 -0.01441 7
-130.000   36.000 -0.01042 8
-130.000   37.000 -0.00942 7
-130.000   38.000 -0.00427 10
-130.000   39.000 -0.00201 8
-130.000   40.000  0.00447 11
-130.000   41.000  0.00572 8
-130.000   42.000  0.00963 12
-130.000   43.000  0.00798 9
-130.000   44.000  0.01094 11
-130.000   45.000  0.01186 8
-130.000   46.000  0.01553 11
-130.000   47.000  0.01794 9
-130.000   48.000  0.02157 12
-130.000   49.000  0.02298 9
-130.000   50.000  0.02267 11
-129.000   25.000 -0.01599 23
-129.000   26.000 -0.01655 27
-129.000   27.000 -0.01862 21
-129.000   28.000 -0.01876 25
-129.000   29.000 -0.02010 19
-129.000   30.000 -0.01823 24
-129.000   31.000 -0.01873 18
-129.000   32.000 -0.01554 23
-129.000   33.000 -0.01595 17
-129.000   34.000 -0.01391 20
-129.000   35.000 -0.01423 15
-129.000   36.000 -0.01064 17
-129.000   37.000 -0.00977 14
-129.000   38.000 -0.00396 20
-129.000   39.000 -0.00060 16
-129.000   40.000  0.00630 22
-129.000   41.000  0.00754 16
-129.000   42.000  0.01129 24
-129.000   43.000  0.00922 18
-129.000   44.000  0.01158 23
-129.000   45.000  0.01250 17
-129.000   46.000  0.01666 24
-129.000   47.000  0.01968 19
-129.000   48.000  0.02329 24
-129.000   49.000  0.02467 17
-129.000   50.000  0.02424 21
-128.000   25.000 -0.01583 12
-128.000   26.000 -0.01626 13
-128.000   27.000 -0.01809 10
-128.000   28.000 -0.01820 12
-128.000   29.000 -0.01929 10
-128.000   30.000 -0.01694 12
-128.000   31.000 -0.01676 9
-128.000   32.000 -0.01352 12
-128.000   33.000 -0.01431 9
-128.000   34.000 -0.01259 11
-128.000   35.000 -0.01356 8
-128.000   36.000 -0.01083 9
-128.000   37.000 -0.01052 7
-128.000   38.000 -0.00444 10
-128.000   39.000 -0.00046 8
-128.000   40.000  0.00653 11
-128.000   41.000  0.00784 8
-128.000   42.000  0.01156 12
-128.000   43.000  0.00949 9
-128.000   44.000  0.01190 12
-128.000   45.000  0.01329 9
-128.000   46.000  0.01802 13
-128.000   47.000  0.02158 10
-128.000   48.000  0.02520 12
-128.000   49.000  0.02646 8
-128.000   50.000  0.02575 10
-127.000   25.000 -0.01238 23
-127.000   26.000 -0.01301 27
-127.000   27.000 -0.01469 21
-127.000   28.000 -0.01536 25
-127.000   29.000 -0.01681 20
-127.000   30.000 -0.01501 24
-127.000   31.000 -0.01509 18
-127.000   32.000 -0.01271 24
-127.000   33.000 -0.01382 18
-127.000   34.000 -0.01212 22
-127.000   35.000 -0.01291 16
-127.000   36.000 -0.00998 19
-127.000   37.000 -0.00961 15
-127.000   38.000 -0.00283 20
-127.000   39.000  0.00201 15
-127.000   40.000  0.00897 20
-127.000   41.000  0.00954 15
-127.000   42.000  0.01259 23
-127.000   43.000  0.00976 18
-127.000   44.000  0.01128 24
-127.000   45.000  0.01277 18
-127.000   46.000  0.01823 25
-127.000   47.000  0.02276 19
-127.000   48.000  0.02632 23
-127.000   49.000  0.02758 16
-127.000   50.000  0.02678 20
-126.000   25.000 -0.00853 11
-126.000   26.000 -0.00944 14
-126.000   27.000 -0.01087 11
-126.000   28.000 -0.01188 13
-126.000   29.000 -0.01321 10
-126.000   30.000 -0.01218 12
-126.000   31.000 -0.01273 9
-126.000   32.000 -0.01118 12
-126.000   33.000 -0.01250 9
-126.000   34.000 -0.01086 11
-126.000   35.000 -0.01143 8
-126.000   36.000 -0.00786 10
-126.000   37.000 -0.00756 8
-126.000   38.000 -0.00097 10
-126.000   39.000  0.00300 7
-126.000   40.000  0.00882 9
-126.000   41.000  0.00793 7
-126.000   42.000  0.01003 11
-126.000   43.000  0.00682 9
-126.000   44.000  0.00821 12
-126.000   45.000  0.01016 9
-126.000   46.000  0.01614 12
-126.000   47.000  0.02138 9
-126.000   48.000  0.02497 11
-126.000   49.000  0.02630 8
-126.000   50.000  0.02565 10
-125.000   25.000 -0.00453 21
-125.000   26.000 -0.00528 28
-125.000   27.000 -0.00622 21
-125.000   28.000 -0.00702 27
-125.000   29.000 -0.00788 21
-125.000   30.000 -0.00728 27
-125.000   31.000 -0.00813 20
-125.000   32.000 -0.00721 26
-125.000   33.000 -0.00880 19
-125.000   34.000 -0.00723 24
-125.000   35.000 -0.00786 17
-125.000   36.000 -0.00406 21
-125.000   37.000 -0.00391 16
-125.000   38.000  0.00175 20
-125.000   39.000  0.00388 14
-125.000   40.000  0.00772 19
-125.000   41.000  0.00546 14
-125.000   42.000  0.00625 22
-125.000   43.000  0.00292 17
-125.000   44.000  0.00475 23
-125.000   45.000  0.00767 17
-125.000   46.000  0.01399 21
-125.000   47.000  0.01972 16
-125.000   48.000  0.02361 21
-125.000   49.000  0.02510 17
-125.000   50.000  0.02453 22
-124.000   25.000  0.00144 10
-124.000   26.000  0.00105 14
-124.000   27.000  0.00057 10
-124.000   28.000  0.00002 14
-124.000   29.000 -0.00096 11
-124.000   30.000 -0.00127 15
-124.000   31.000 -0.00317 11
-124.000   32.000 -0.00329 14
-124.000   33.000 -0.00502 10
-124.000   34.000 -0.00307 13
-124.000   35.000 -0.00302 9
-124.000   36.000  0.00153 11
-124.000   37.000  0.00226 8
-124.000   38.000  0.00691 10
-124.000   39.000  0.00713 7
-124.000   40.000  0.00867 10
-124.000   41.000  0.00497 7
-124.000   42.000  0.00386 11
-124.000   43.000 -0.00010 8
-124.000   44.000  0.00153 11
-124.000   45.000  0.00506 8
-124.000   46.000  0.01137 9
-124.000   47.000  0.01755 7
-124.000   48.000  0.02198 10
-124.000   49.000  0.02391 9
-124.000   50.000  0.02362 12
-123.000   25.000  0.00854 21
-123.000   26.000  0.00836 29
-123.000   27.000  0.00800 20
-123.000   28.000  0.00759 28
-123.000   29.000  0.00609 21
-123.000   30.000  0.00451 29
-123.000   31.000  0.00121 20
-123.000   32.000  0.00024 28
-123.000   33.000 -0.00117 20
-123.000   34.000  0.00141 27
-123.000   35.000  0.00259 18
-123.000   36.000  0.00856 21
-123.000   37.000  0.01056 15
-123.000   38.000  0.01434 19
-123.000   39.000  0.01260 14
-123.000   40.000  0.01203 20
-123.000   41.000  0.00689 14
-123.000   42.000  0.00336 22
-123.000   43.000 -0.00215 16
-123.000   44.000 -0.00176 21
-123.000   45.000  0.00140 15
-123.000   46.000  0.00683 18
-123.000   47.000  0.01335 15
-123.000   48.000  0.01878 21
-123.000   49.000  0.02173 17
-123.000   50.000  0.02241 23
-122.000   25.000  0.01454 11
-122.000   26.000  0.01473 15
-122.000   27.000  0.01436 10
-122.000   28.000  0.01430 14
-122.000   29.000  0.01228 10
-122.000   30.000  0.01018 14
-122.000   31.000  0.00637 9
-122.000   32.000  0.00542 14
-122.000   33.000  0.00447 10
-122.000   34.000  0.00754 14
-122.000   35.000  0.00925 9
-122.000   36.000  0.01571 10
-122.000   37.000  0.01882 7
-122.000   38.000  0.02198 9
-122.000   39.000  0.01914 7
-122.000   40.000  0.01719 10
-122.000   41.000  0.01176 7
-122.000   42.000  0.00587 11
-122.000   43.000 -0.00183 8
-122.000   44.000 -0.00332 10
-122.000   45.000 -0.00117 7
-122.000   46.000  0.00262 9
-122.000   47.000  0.00955 8
-122.000   48.000  0.01658 11
-122.000   49.000  0.02093 8
-122.000   50.000  0.02296 11
-121.000   25.000  0.01743 22
-121.000   26.000  0.01825 31
-121.000   27.000  0.01799 21
-121.000   28.000  0.01871 29
-121.000   29.000  0.01656 20
-121.000   30.000  0.01497 28
-121.000   31.000  0.01136 18
-121.000   32.000  0.01069 27
-121.000   33.000  0.00971 18
-121.000   34.000  0.01292 27
-121.000   35.000  0.01509 17
-121.000   36.000  0.02138 22
-121.000   37.000  0.02536 14
-121.000   38.000  0.02830 21
-121.000   39.000  0.02520 15
-121.000   40.000  0.02199 21
-121.000   41.000  0.01650 12
-121.000   42.000  0.00918 20
-121.000   43.000  0.00068 13
-121.000   44.000 -0.00200 19
-121.000   45.000 -0.00055 12
-121.000   46.000  0.00196 19
-121.000   47.000  0.00875 15
-121.000   48.000  0.01615 23
-121.000   49.000  0.02105 16
-121.000   50.000  0.02373 24
-120.000   25.000  0.01741 11
-120.000   26.000  0.01858 16
-120.000   27.000  0.01840 11
-120.000   28.000  0.02000 15
-120.000   29.000  0.01827 10
-120.000   30.000  0.01763 14
-120.000   31.000  0.01458 9
-120.000   32.000  0.01424 13
-120.000   33.000  0.01291 8
-120.000   34.000  0.01591 13
-120.000   35.000  0.01877 8
-120.000   36.000  0.02512 12
-120.000   37.000  0.02956 7
-120.000   38.000  0.03248 12
-120.000   39.000  0.02917 8
-120.000   40.000  0.02453 11
-120.000   41.000  0.01843 5
-120.000   42.000  0.01082 9
-120.000   43.000  0.00281 5
-120.000   44.000 -0.00029 9
-120.000   45.000  0.00060 5
-120.000   46.000  0.00222 10
-120.000   47.000  0.00830 7
-120.000   48.000  0.01488 12
-120.000   49.000  0.01958 8
-120.000   50.000  0.02251 13
-119.000   25.000  0.01442 21
-119.000   26.000  0.01581 31
-119.000   27.000  0.01550 22
-119.000   28.000  0.01777 29
-119.000   29.000  0.01642 19
-119.000   30.000  0.01663 28
-119.000   31.000  0.01413 19
-119.000   32.000  0.01435 28
-119.000   33.000  0.01292 17
-119.000   34.000  0.01561 27
-119.000   35.000  0.01886 16
-119.000   36.000  0.02523 25
-119.000   37.000  0.02990 14
-119.000   38.000  0.03316 23
-119.000   39.000  0.03058 13
-119.000   40.000  0.02582 20
-119.000   41.000  0.01959 9
-119.000   42.000  0.01221 18
-119.000   43.000  0.00451 10
-119.000   44.000  0.00059 20
-119.000   45.000  0.00063 12
-119.000   46.000  0.00138 23
-119.000   47.000  0.00701 15
-119.000   48.000  0.01297 25
-119.000   49.000  0.01756 16
-119.000   50.000  0.02065 25
-118.000   25.000  0.00931 10
-118.000   26.000  0.01113 15
-118.000   27.000  0.01080 11
-118.000   28.000  0.01371 14
-118.000   29.000  0.01246 9
-118.000   30.000  0.01326 14
-118.000   31.000  0.01092 10
-118.000   32.000  0.01127 15
-118.000   33.000  0.00970 9
-118.000   34.000  0.01216 14
-118.000   35.000  0.01570 8
-118.000   36.000  0.02188 13
-118.000   37.000  0.02660 7
-118.000   38.000  0.03040 11
-118.000   39.000  0.02943 5
-118.000   40.000  0.02544 9
-118.000   41.000  0.01960 4
-118.000   42.000  0.01282 9
-118.000   43.000  0.00563 5
-118.000   44.000  0.00093 11
-118.000   45.000  0.00042 7
-118.000   46.000  0.00084 13
-118.000   47.000  0.00633 8
-118.000   48.000  0.01168 13
-118.000   49.000  0.01591 8
-118.000   50.000  0.01865 12
-117.000   25.000  0.00266 20
-117.000   26.000  0.00478 30
-117.000   27.000  0.00441 22
-117.000   28.000  0.00767 29
-117.000   29.000  0.00646 19
-117.000   30.000  0.00802 28
-117.000   31.000  0.00594 19
-117.000   32.000  0.00654 29
-117.000   33.000  0.00490 18
-117.000   34.000  0.00768 28
-117.000   35.000  0.01185 16
-117.000   36.000  0.01867 25
-117.000   37.000  0.02424 13
-117.000   38.000  0.02914 21
-117.000   39.000  0.02963 10
-117.000   40.000  0.02623 19
-117.000   41.000  0.01971 9
-117.000   42.000  0.01257 18
-117.000   43.000  0.00572 9
-117.000   44.000  0.00044 21
-117.000   45.000 -0.00020 14
-117.000   46.000  0.00045 27
-117.000   47.000  0.00606 17
-117.000   48.000  0.01040 26
-117.000   49.000  0.01408 15
-117.000   50.000  0.01588 23
-116.000   25.000 -0.00364 10
-116.000   26.000 -0.00140 15
-116.000   27.000 -0.00208 11
-116.000   28.000  0.00111 15
-116.000   29.000 -0.00040 10
-116.000   30.000  0.00182 14
-116.000   31.000  0.00022 9
-116.000   32.000  0.00177 14
-116.000   33.000  0.00085 9
-116.000   34.000  0.00470 14
-116.000   35.000  0.00944 8
-116.000   36.000  0.01756 12
-116.000   37.000  0.02481 6
-116.000   38.000  0.03126 10
-116.000   39.000  0.03296 5
-116.000   40.000  0.03057 10
-116.000   41.000  0.02319 5
-116.000   42.000  0.01385 9
-116.000   43.000  0.00511 4
-116.000   44.000 -0.00186 10
-116.000   45.000 -0.00307 7
-116.000   46.000 -0.00282 14
-116.000   47.000  0.00373 9
-116.000   48.000  0.00844 13
-116.000   49.000  0.01252 7
-116.000   50.000  0.01371 11
-115.000   25.000 -0.00876 19
-115.000   26.000 -0.00623 29
-115.000   27.000 -0.00731 22
-115.000   28.000 -0.00400 30
-115.000   29.000 -0.00626 20
-115.000   30.000 -0.00356 28
-115.000   31.000 -0.00468 19
-115.000   32.000 -0.00154 27
-115.000   33.000 -0.00122 17
-115.000   34.000  0.00389 24
-115.000   35.000  0.00822 14
-115.000   36.000  0.01651 21
-115.000   37.000  0.02410 11
-115.000   38.000  0.03092 19
-115.000   39.000  0.03327 10
-115.000   40.000  0.03236 19
-115.000   41.000  0.02534 9
-115.000   42.000  0.01424 16
-115.000   43.000  0.00370 7
-115.000   44.000 -0.00477 19
-115.000   45.000 -0.00634 14
-115.000   46.000 -0.00665 26
-115.000   47.000  0.00144 16
-115.000   48.000  0.00704 23
-115.000   49.000  0.01207 13
-115.000   50.000  0.01303 20
-114.000   25.000 -0.01249 9
-114.000   26.000 -0.00967 14
-114.000   27.000 -0.01115 11
-114.000   28.000 -0.00733 15
-114.000   29.000 -0.01023 10
-114.000   30.000 -0.00668 14
-114.000   31.000 -0.00698 10
-114.000   32.000 -0.00170 13
-114.000   33.000 -0.00016 8
-114.000   34.000  0.00614 10
-114.000   35.000  0.00956 6
-114.000   36.000  0.01689 9
-114.000   37.000  0.02266 5
-114.000   38.000  0.02810 9
-114.000   39.000  0.02946 5
-114.000   40.000  0.02904 9
-114.000   41.000  0.02278 4
-114.000   42.000  0.01166 7
-114.000   43.000  0.00144 3
-114.000   44.000 -0.00695 9
-114.000   45.000 -0.00812 7
-114.000   46.000 -0.00877 12
-114.000   47.000  0.00058 7
-114.000   48.000  0.00609 10
-114.000   49.000  0.01174 6
-114.000   50.000  0.01251 9
-113.000   25.000 -0.01547 20
-113.000   26.000 -0.01225 28
-113.000   27.000 -0.01393 22
-113.000   28.000 -0.00962 29
-113.000   29.000 -0.01267 20
-113.000   30.000 -0.00773 28
-113.000   31.000 -0.00739 20
-113.000   32.000 -0.00027 26
-113.000   33.000  0.00180 16
-113.000   34.000  0.00914 20
-113.000   35.000  0.01196 12
-113.000   36.000  0.01865 18
-113.000   37.000  0.02265 10
-113.000   38.000  0.02651 16
-113.000   39.000  0.02590 8
-113.000   40.000  0.02480 15
-113.000   41.000  0.01904 7
-113.000   42.000  0.00828 13
-113.000   43.000 -0.00119 6
-113.000   44.000 -0.00871 15
-113.000   45.000 -0.00943 12
-113.000   46.000 -0.01061 20
-113.000   47.000 -0.00072 13
-113.000   48.000  0.00462 18
-113.000   49.000  0.01074 12
-113.000   50.000  0.01159 19
-112.000   25.000 -0.01824 11
-112.000   26.000 -0.01415 14
-112.000   27.000 -0.01570 11
-112.000   28.000 -0.01061 14
-112.000   29.000 -0.01359 10
-112.000   30.000 -0.00719 14
-112.000   31.000 -0.00703 10
-112.000   32.000  0.00094 13
-112.000   33.000  0.00247 8
-112.000   34.000  0.01024 10
-112.000   35.000  0.01240 6
-112.000   36.000  0.01798 9
-112.000   37.000  0.01952 5
-112.000   38.000  0.02140 7
-112.000   39.000  0.01888 3
-112.000   40.000  0.01692 6
-112.000   41.000  0.01264 3
-112.000   42.000  0.00390 6
-112.000   43.000 -0.00416 3
-112.000   44.000 -0.01021 6
-112.000   45.000 -0.01051 5
-112.000   46.000 -0.01225 8
-112.000   47.000 -0.00246 6
-112.000   48.000  0.00317 8
-112.000   49.000  0.00959 6
-112.000   50.000  0.01089 10
-111.000   25.000 -0.01840 22
-111.000   26.000 -0.01393 28
-111.000   27.000 -0.01592 22
-111.000   28.000 -0.01045 27
-111.000   29.000 -0.01446 19
-111.000   30.000 -0.00761 24
-111.000   31.000 -0.00856 17
-111.000   32.000 -0.00012 21
-111.000   33.000  0.00034 14
-111.000   34.000  0.00809 17
-111.000   35.000  0.00901 10
-111.000   36.000  0.01286 15
-111.000   37.000  0.01123 8
-111.000   38.000  0.01112 13
-111.000   39.000  0.00812 6
-111.000   40.000  0.00645 12
-111.000   41.000  0.00452 6
-111.000   42.000 -0.00058 12
-111.000   43.000 -0.00592 6
-111.000   44.000 -0.01058 12
-111.000   45.000 -0.01052 8
-111.000   46.000 -0.01200 15
-111.000   47.000 -0.00247 11
-111.000   48.000  0.00311 15
-111.000   49.000  0.00963 11
-111.000   50.000  0.01192 17
-110.000   25.000 -0.01642 11
-110.000   26.000 -0.01253 14
-110.000   27.000 -0.01571 11
-110.000   28.000 -0.01099 13
-110.000   29.000 -0.01728 9
-110.000   30.000 -0.01114 10
-110.000   31.000 -0.01402 7
-110.000   32.000 -0.00561 8
-110.000   33.000 -0.00657 6
-110.000   34.000  0.00129 7
-110.000   35.000  0.00150 4
-110.000   36.000  0.00498 6
-110.000   37.000  0.00194 3
-110.000   38.000  0.00160 6
-110.000   39.000  0.00002 3
-110.000   40.000 -0.00023 6
-110.000   41.000 -0.00057 3
-110.000   42.000 -0.00280 6
-110.000   43.000 -0.00596 3
-110.000   44.000 -0.01042 6
-110.000   45.000 -0.01080 3
-110.000   46.000 -0.01145 7
-110.000   47.000 -0.00217 5
-110.000   48.000  0.00343 7
-110.000   49.000  0.01008 5
-110.000   50.000  0.01395 7
-109.000   25.000 -0.01210 21
-109.000   26.000 -0.00892 25
-109.000   27.000 -0.01374 21
-109.000   28.000 -0.01110 24
-109.000   29.000 -0.02031 18
-109.000   30.000 -0.01596 18
-109.000   31.000 -0.02115 13
-109.000   32.000 -0.01283 14
-109.000   33.000 -0.01400 11
-109.000   34.000 -0.00507 12
-109.000   35.000 -0.00422 7
-109.000   36.000  0.00036 11
-109.000   37.000 -0.00219 6
-109.000   38.000 -0.00189 12
-109.000   39.000 -0.00212 6
-109.000   40.000 -0.00155 12
-109.000   41.000 -0.00123 6
-109.000   42.000 -0.00234 11
-109.000   43.000 -0.00499 5
-109.000   44.000 -0.00978 10
-109.000   45.000 -0.01096 5
-109.000   46.000 -0.01167 12
-109.000   47.000 -0.00336 9
-109.000   48.000  0.00118 13
-109.000   49.000  0.00738 10
-109.000   50.000  0.01168 13
-108.000   25.000 -0.00480 10
-108.000   26.000 -0.00245 11
-108.000   27.000 -0.00959 10
-108.000   28.000 -0.01005 11
-108.000   29.000 -0.02311 9
-108.000   30.000 -0.02177 8
-108.000   31.000 -0.02926 6
-108.000   32.000 -0.02018 6
-108.000   33.000 -0.01959 5
-108.000   34.000 -0.00848 5
-108.000   35.000 -0.00603 3
-108.000   36.000 -0.00007 5
-108.000   37.000 -0.00235 3
-108.000   38.000 -0.00210 6
-108.000   39.000 -0.00189 3
-108.000   40.000 -0.00140 6
-108.000   41.000 -0.00111 3
-108.000   42.000 -0.00161 5
-108.000   43.000 -0.00371 2
-108.000   44.000 -0.00849 4
-108.000   45.000 -0.01009 2
-108.000   46.000 -0.01124 5
-108.000   47.000 -0.00418 4
-108.000   48.000 -0.00246 6
-108.000   49.000  0.00260 5
-108.000   50.000  0.00596 6
-107.000   25.000  0.00089 20
-107.000   26.000  0.00194 22
-107.000   27.000 -0.00654 20
-107.000   28.000 -0.00981 20
-107.000   29.000 -0.02543 17
-107.000   30.000 -0.02755 15
-107.000   31.000 -0.03740 13
-107.000   32.000 -0.02947 12
-107.000   33.000 -0.02868 10
-107.000   34.000 -0.01602 10
-107.000   35.000 -0.01171 6
-107.000   36.000 -0.00346 9
-107.000   37.000 -0.00398 5
-107.000   38.000 -0.00180 10
-107.000   39.000 -0.00089 5
-107.000   40.000 -0.00115 10
-107.000   41.000 -0.00284 5
-107.000   42.000 -0.00404 10
-107.000   43.000 -0.00505 5
-107.000   44.000 -0.00946 9
-107.000   45.000 -0.00994 4
-107.000   46.000 -0.01047 9
-107.000   47.000 -0.00437 7
-107.000   48.000 -0.00617 11
-107.000   49.000 -0.00321 10
-107.000   50.000 -0.00227 13
-106.000   25.000  0.00219 10
-106.000   26.000  0.00232 11
-106.000   27.000 -0.00540 10
-106.000   28.000 -0.01041 9
-106.000   29.000 -0.02589 8
-106.000   30.000 -0.03083 7
-106.000   31.000 -0.04269 7
-106.000   32.000 -0.03898 6
-106.000   33.000 -0.04021 5
-106.000   34.000 -0.02725 5
-106.000   35.000 -0.02083 3
-106.000   36.000 -0.00988 4
-106.000   37.000 -0.00678 2
-106.000   38.000 -0.00113 4
-106.000   39.000 -0.00019 2
-106.000   40.000 -0.00256 4
-106.000   41.000 -0.00765 2
-106.000   42.000 -0.01091 5
-106.000   43.000 -0.01057 3
-106.000   44.000 -0.01297 5
-106.000   45.000 -0.00995 2
-106.000   46.000 -0.00979 4
-106.000   47.000 -0.00462 3
-106.000   48.000 -0.01010 5
-106.000   49.000 -0.01058 5
-106.000   50.000 -0.01474 7
-105.000   25.000  0.00186 19
-105.000   26.000  0.00070 20
-105.000   27.000 -0.00592 19
-105.000   28.000 -0.01236 16
-105.000   29.000 -0.02548 15
-105.000   30.000 -0.03107 12
-105.000   31.000 -0.04252 14
-105.000   32.000 -0.04217 11
-105.000   33.000 -0.04491 11
-105.000   34.000 -0.03270 9
-105.000   35.000 -0.02530 6
-105.000   36.000 -0.01287 5
-105.000   37.000 -0.00674 2
-105.000   38.000  0.00166 4
-105.000   39.000  0.00132 2
-105.000   40.000 -0.00477 6
-105.000   41.000 -0.01345 4
-105.000   42.000 -0.01963 10
-105.000   43.000 -0.02088 6
-105.000   44.000 -0.02421 9
-105.000   45.000 -0.02005 3
-105.000   46.000 -0.02023 6
-105.000   47.000 -0.01480 4
-105.000   48.000 -0.02069 9
-105.000   49.000 -0.02180 10
-105.000   50.000 -0.02724 14
-104.000   25.000 -0.00037 9
-104.000   26.000 -0.00402 9
-104.000   27.000 -0.00942 9
-104.000   28.000 -0.01666 7
-104.000   29.000 -0.02594 7
-104.000   30.000 -0.03026 5
-104.000   31.000 -0.03946 7
-104.000   32.000 -0.04212 5
-104.000   33.000 -0.04749 6
-104.000   34.000 -0.03769 4
-104.000   35.000 -0.03105 3
-104.000   36.000 -0.01811 1
-104.000   37.000 -0.00902 0
-104.000   38.000  0.00273 0
-104.000   39.000  0.00187 0
-104.000   40.000 -0.00855 2
-104.000   41.000 -0.02119 2
-104.000   42.000 -0.03083 5
-104.000   43.000 -0.03486 3
-104.000   44.000 -0.04127 4
-104.000   45.000 -0.03587 1
-104.000   46.000 -0.03574 2
-104.000   47.000 -0.02807 1
-104.000   48.000 -0.03105 4
-104.000   49.000 -0.03046 5
-104.000   50.000 -0.03434 7
-103.000   25.000 -0.00427 18
-103.000   26.000 -0.01072 17
-103.000   27.000 -0.01452 17
-103.000   28.000 -0.02270 14
-103.000   29.000 -0.02858 15
-103.000   30.000 -0.03238 12
-103.000   31.000 -0.03915 15
-103.000   32.000 -0.04547 11
-103.000   33.000 -0.05378 13
-103.000   34.000 -0.05108 8
-103.000   35.000 -0.04478 6
-103.000   36.000 -0.03162 1
-103.000   37.000 -0.01925 0
-103.000   38.000 -0.00353 0
-103.000   39.000  0.00086 0
-103.000   40.000 -0.01609 2
-103.000   41.000 -0.03559 2
-103.000   42.000 -0.04879 7
-103.000   43.000 -0.05374 5
-103.000   44.000 -0.06141 8
-103.000   45.000 -0.04975 3
-103.000   46.000 -0.04380 6
-103.000   47.000 -0.03256 4
-103.000   48.000 -0.03257 9
-103.000   49.000 -0.03092 10
-103.000   50.000 -0.03346 14
-102.000   25.000 -0.00522 9
-102.000   26.000 -0.01448 8
-102.000   27.000 -0.01797 8
-102.000   28.000 -0.02881 7
-102.000   29.000 -0.03401 8
-102.000   30.000 -0.03915 7
-102.000   31.000 -0.04315 8
-102.000   32.000 -0.05090 6
-102.000   33.000 -0.05853 7
-102.000   34.000 -0.06104 4
-102.000   35.000 -0.05375 3
-102.000   36.000 -0.04130 0
-102.000   37.000 -0.02716 0
-102.000   38.000 -0.00966 0
-102.000   39.000 -0.00016 0
-102.000   40.000 -0.02929 0
-102.000   41.000 -0.06063 0
-102.000   42.000 -0.07680 2
-102.000   43.000 -0.08110 2
-102.000   44.000 -0.08817 4
-102.000   45.000 -0.06304 2
-102.000   46.000 -0.04387 4
-102.000   47.000 -0.02820 3
-102.000   48.000 -0.02637 5
-102.000   49.000 -0.02403 5
-102.000   50.000 -0.02537 7
-101.000   25.000 -0.00293 18
-101.000   26.000 -0.01437 16
-101.000   27.000 -0.01883 16
-101.000   28.000 -0.03288 14
-101.000   29.000 -0.03920 16
-101.000   30.000 -0.04635 13
-101.000   31.000 -0.04811 15
-101.000   32.000 -0.05624 11
-101.000   33.000 -0.06073 13
-101.000   34.000 -0.06783 8
-101.000   35.000 -0.06121 6
-101.000   36.000 -0.05722 1
-101.000   37.000 -0.04176 0
-101.000   38.000 -0.02451 0
-101.000   39.000 -0.00994 0
-101.000   40.000 -0.04558 0
-101.000   41.000 -0.07702 0
-101.000   42.000 -0.09713 3
-101.000   43.000 -0.10133 3
-101.000   44.000 -0.10922 7
-101.000   45.000 -0.07628 4
-101.000   46.000 -0.04729 8
-101.000   47.000 -0.02500 6
-101.000   48.000 -0.02151 10
-101.000   49.000 -0.01698 10
-101.000   50.000 -0.01423 13
-100.000   25.000 -0.00048 9
-100.000   26.000 -0.01253 8
-100.000   27.000 -0.01741 8
-100.000   28.000 -0.03443 7
-100.000   29.000 -0.04287 8
-100.000   30.000 -0.05410 6
-100.000   31.000 -0.05614 7
-100.000   32.000 -0.06739 5
-100.000   33.000 -0.06891 6
-100.000   34.000 -0.07986 4
-100.000   35.000 -0.07206 3
-100.000   36.000 -0.07532 1
-100.000   37.000 -0.05668 0
-100.000   38.000 -0.03952 0
-100.000   39.000 -0.01971 0
-100.000   40.000 -0.05984 0
-100.000   41.000 -0.08963 0
-100.000   42.000 -0.11623 1
-100.000   43.000 -0.11871 1
-100.000   44.000 -0.12441 3
-100.000   45.000 -0.08287 2
-100.000   46.000 -0.04509 4
-100.000   47.000 -0.01413 3
-100.000   48.000 -0.01154 5
-100.000   49.000 -0.00731 5
-100.000   50.000 -0.00429 6
 -99.000   25.000  0.00183 18
 -99.000   26.000 -0.00918 16
 -99.000   27.000 -0.01400 16
 -99.000   28.000 -0.03182 13
 -99.000   29.000 -0.04264 15
 -99.000   30.000 -0.05716 11
 -99.000   31.000 -0.06139 14
 -99.000   32.000 -0.07496 10
 -99.000   33.000 -0.07457 12
 -99.000   34.000 -0.08705 8
 -99.000   35.000 -0.07741 7
 -99.000   36.000 -0.08385 4
 -99.000   37.000 -0.06622 2
 -99.000   38.000 -0.05133 1
 -99.000   39.000 -0.02699 0
 -99.000   40.000 -0.07081 0
 -99.000   41.000 -0.10441 0
 -99.000   42.000 -0.13411 3
 -99.000   43.000 -0.13357 3
 -99.000   44.000 -0.13696 5
 -99.000   45.000 -0.08789 2
 -99.000   46.000 -0.03839 7
 -99.000   47.000  0.00010 7
 -99.000   48.000  0.00325 11
 -99.000   49.000  0.00640 10
 -99.000   50.000  0.00908 13
 -98.000   25.000  0.00379 9
 -98.000   26.000 -0.00542 8
 -98.000   27.000 -0.00999 8
 -98.000   28.000 -0.02587 6
 -98.000   29.000 -0.03746 7
 -98.000   30.000 -0.05213 5
 -98.000   31.000 -0.05876 7
 -98.000   32.000 -0.07325 5
 -98.000   33.000 -0.07261 6
 -98.000   34.000 -0.08131 4
 -98.000   35.000 -0.07139 4
 -98.000   36.000 -0.08019 3
 -98.000   37.000 -0.06526 2
 -98.000   38.000 -0.05357 1
 -98.000   39.000 -0.03167 0
 -98.000   40.000 -0.07645 0
 -98.000   41.000 -0.11658 0
 -98.000   42.000 -0.14886 2
 -98.000   43.000 -0.14715 2
 -98.000   44.000 -0.15084 2
 -98.000   45.000 -0.10020 0
 -98.000   46.000 -0.03834 3
 -98.000   47.000  0.00716 4
 -98.000   48.000  0.01422 6
 -98.000   49.000  0.01858 5
 -98.000   50.000  0.02337 7
 -97.000   25.000  0.00538 18
 -97.000   26.000 -0.00157 15
 -97.000   27.000 -0.00576 15
 -97.000   28.000 -0.01751 11
 -97.000   29.000 -0.02825 14
 -97.000   30.000 -0.04006 11
 -97.000   31.000 -0.04920 14
 -97.000   32.000 -0.06393 11
 -97.000   33.000 -0.06525 12
 -97.000   34.000 -0.07147 9
 -97.000   35.000 -0.06415 8
 -97.000   36.000 -0.07295 6
 -97.000   37.000 -0.05797 4
 -97.000   38.000 -0.04616 4
 -97.000   39.000 -0.02368 2
 -97.000   40.000 -0.05533 3
 -97.000   41.000 -0.08862 1
 -97.000   42.000 -0.12094 4
 -97.000   43.000 -0.12118 3
 -97.000   44.000 -0.13050 4
 -97.000   45.000 -0.09448 1
 -97.000   46.000 -0.03834 5
 -97.000   47.000  0.00735 6
 -97.000   48.000  0.01610 10
 -97.000   49.000  0.02204 10
 -97.000   50.000  0.02952 14
 -96.000   25.000  0.00671 9
 -96.000   26.000  0.00192 7
 -96.000   27.000 -0.00198 7
 -96.000   28.000 -0.00847 5
 -96.000   29.000 -0.01781 7
 -96.000   30.000 -0.02463 6
 -96.000   31.000 -0.03580 7
 -96.000   32.000 -0.04834 6
 -96.000   33.000 -0.05274 6
 -96.000   34.000 -0.05622 5
 -96.000   35.000 -0.05112 4
 -96.000   36.000 -0.05145 3
 -96.000   37.000 -0.03695 2
 -96.000   38.000 -0.02320 3
 -96.000   39.000  0.00085 2
 -96.000   40.000 -0.01801 3
 -96.000   41.000 -0.04690 1
 -96.000   42.000 -0.07325 2
 -96.000   43.000 -0.07539 1
 -96.000   44.000 -0.09145 2
 -96.000   45.000 -0.07153 1
 -96.000   46.000 -0.02801 2
 -96.000   47.000  0.00956 2
 -96.000   48.000  0.01707 4
 -96.000   49.000  0.02371 5
 -96.000   50.000  0.03243 7
 -95.000   25.000  0.00779 18
 -95.000   26.000  0.00466 15
 -95.000   27.000  0.00078 15
 -95.000   28.000 -0.00070 11
 -95.000   29.000 -0.00873 13
 -95.000   30.000 -0.01011 11
 -95.000   31.000 -0.02310 13
 -95.000   32.000 -0.03112 11
 -95.000   33.000 -0.03866 11
 -95.000   34.000 -0.03730 9
 -95.000   35.000 -0.03386 8
 -95.000   36.000 -0.02343 7
 -95.000   37.000 -0.00945 6
 -95.000   38.000  0.00758 9
 -95.000   39.000  0.03074 6
 -95.000   40.000  0.02102 8
 -95.000   41.000 -0.00792 3
 -95.000   42.000 -0.02803 5
 -95.000   43.000 -0.03420 2
 -95.000   44.000 -0.05605 4
 -95.000   45.000 -0.04948 2
 -95.000   46.000 -0.01654 5
 -95.000   47.000  0.01066 6
 -95.000   48.000  0.01799 10
 -95.000   49.000  0.02513 11
 -95.000   50.000  0.03495 14
 -94.000   25.000  0.00897 9
 -94.000   26.000  0.00691 8
 -94.000   27.000  0.00278 8
 -94.000   28.000  0.00404 6
 -94.000   29.000 -0.00345 6
 -94.000   30.000 -0.00155 5
 -94.000   31.000 -0.01663 6
 -94.000   32.000 -0.02136 5
 -94.000   33.000 -0.03114 5
 -94.000   34.000 -0.02512 4
 -94.000   35.000 -0.02200 4
 -94.000   36.000 -0.00176 4
 -94.000   37.000  0.01776 4
 -94.000   38.000  0.04167 6
 -94.000   39.000  0.06293 4
 -94.000   40.000  0.06124 5
 -94.000   41.000  0.03591 2
 -94.000   42.000  0.01686 3
 -94.000   43.000  0.00477 1
 -94.000   44.000 -0.02061 2
 -94.000   45.000 -0.02608 1
 -94.000   46.000 -0.00637 3
 -94.000   47.000  0.01092 4
 -94.000   48.000  0.01523 6
 -94.000   49.000  0.02200 6
 -94.000   50.000  0.03221 7
 -93.000   25.000  0.00920 16
 -93.000   26.000  0.00745 16
 -93.000   27.000  0.00296 17
 -93.000   28.000  0.00479 13
 -93.000   29.000 -0.00296 12
 -93.000   30.000 -0.00003 10
 -93.000   31.000 -0.01738 12
 -93.000   32.000 -0.01972 10
 -93.000   33.000 -0.03027 10
 -93.000   34.000 -0.01998 9
 -93.000   35.000 -0.01576 9
 -93.000   36.000  0.01325 10
 -93.000   37.000  0.03737 9
 -93.000   38.000  0.06526 13
 -93.000   39.000  0.08231 8
 -93.000   40.000  0.08678 10
 -93.000   41.000  0.07169 4
 -93.000   42.000  0.05469 7
 -93.000   43.000  0.03922 3
 -93.000   44.000  0.01356 6
 -93.000   45.000 -0.00125 4
 -93.000   46.000 -0.00032 8
 -93.000   47.000  0.00732 8
 -93.000   48.000  0.00777 11
 -93.000   49.000  0.01376 11
 -93.000   50.000  0.02293 14
 -92.000   25.000  0.00839 7
 -92.000   26.000  0.00635 8
 -92.000   27.000  0.00156 9
 -92.000   28.000  0.00268 7
 -92.000   29.000 -0.00595 6
 -92.000   30.000 -0.00356 5
 -92.000   31.000 -0.02336 6
 -92.000   32.000 -0.02347 5
 -92.000   33.000 -0.03321 5
 -92.000   34.000 -0.01743 5
 -92.000   35.000 -0.00981 5
 -92.000   36.000  0.02537 6
 -92.000   37.000  0.04874 5
 -92.000   38.000  0.07408 7
 -92.000   39.000  0.08068 4
 -92.000   40.000  0.08180 5
 -92.000   41.000  0.07087 2
 -92.000   42.000  0.05519 4
 -92.000   43.000  0.03987 2
 -92.000   44.000  0.01861 4
 -92.000   45.000  0.00368 3
 -92.000   46.000 -0.00436 5
 -92.000   47.000 -0.00009 4
 -92.000   48.000  0.00082 5
 -92.000   49.000  0.00755 5
 -92.000   50.000  0.01613 7
 -91.000   25.000  0.00686 16
 -91.000   26.000  0.00425 16
 -91.000   27.000 -0.00090 15
 -91.000   28.000 -0.00218 12
 -91.000   29.000 -0.01275 12
 -91.000   30.000 -0.01205 12
 -91.000   31.000 -0.03119 13
 -91.000   32.000 -0.02826 11
 -91.000   33.000 -0.03506 10
 -91.000   34.000 -0.01403 11
 -91.000   35.000 -0.00312 11
 -91.000   36.000  0.03267 13
 -91.000   37.000  0.05165 10
 -91.000   38.000  0.07127 14
 -91.000   39.000  0.06698 8
 -91.000   40.000  0.05996 11
 -91.000   41.000  0.04514 5
 -91.000   42.000  0.02683 9
 -91.000   43.000  0.01190 5
 -91.000   44.000 -0.00340 9
 -91.000   45.000 -0.01222 7
 -91.000   46.000 -0.01800 10
 -91.000   47.000 -0.01034 8
 -91.000   48.000 -0.00580 11
 -91.000   49.000  0.00218 10
 -91.000   50.000  0.01037 15
 -90.000   25.000  0.00468 9
 -90.000   26.000  0.00156 8
 -90.000   27.000 -0.00380 6
 -90.000   28.000 -0.00770 5
 -90.000   29.000 -0.02065 6
 -90.000   30.000 -0.02116 7
 -90.000   31.000 -0.03671 7
 -90.000   32.000 -0.02979 6
 -90.000   33.000 -0.03250 5
 -90.000   34.000 -0.00920 6
 -90.000   35.000  0.00205 6
 -90.000   36.000  0.03176 7
 -90.000   37.000  0.04250 5
 -90.000   38.000  0.05364 7
 -90.000   39.000  0.04239 4
 -90.000   40.000  0.03027 6
 -90.000   41.000  0.01536 3
 -90.000   42.000 -0.00238 5
 -90.000   43.000 -0.01367 3
 -90.000   44.000 -0.02338 5
 -90.000   45.000 -0.02607 4
 -90.000   46.000 -0.02938 5
 -90.000   47.000 -0.01910 4
 -90.000   48.000 -0.01256 6
 -90.000   49.000 -0.00362 5
 -90.000   50.000  0.00340 8
 -89.000   25.000  0.00271 18
 -89.000   26.000 -0.00080 18
 -89.000   27.000 -0.00665 14
 -89.000   28.000 -0.01228 13
 -89.000   29.000 -0.02677 13
 -89.000   30.000 -0.02802 15
 -89.000   31.000 -0.04000 14
 -89.000   32.000 -0.02971 14
 -89.000   33.000 -0.02876 11
 -89.000   34.000 -0.00539 12
 -89.000   35.000  0.00470 10
 -89.000   36.000  0.02529 12
 -89.000   37.000  0.02533 9
 -89.000   38.000  0.02716 13
 -89.000   39.000  0.01302 9
 -89.000   40.000 -0.00041 13
 -89.000   41.000 -0.01167 7
 -89.000   42.000 -0.02403 12
 -89.000   43.000 -0.02959 8
 -89.000   44.000 -0.03542 14
 -89.000   45.000 -0.03383 10
 -89.000   46.000 -0.03498 14
 -89.000   47.000 -0.02415 10
 -89.000   48.000 -0.01729 16
 -89.000   49.000 -0.00867 12
 -89.000   50.000 -0.00412 19
 -88.000   25.000  0.00180 9
 -88.000   26.000 -0.00192 10
 -88.000   27.000 -0.00857 8
 -88.000   28.000 -0.01493 8
 -88.000   29.000 -0.03011 7
 -88.000   30.000 -0.03124 8
 -88.000   31.000 -0.03962 7
 -88.000   32.000 -0.02654 8
 -88.000   33.000 -0.02312 6
 -88.000   34.000 -0.00162 6
 -88.000   35.000  0.00545 4
 -88.000   36.000  0.01644 5
 -88.000   37.000  0.00750 4
 -88.000   38.000  0.00435 6
 -88.000   39.000 -0.00654 5
 -88.000   40.000 -0.01740 7
 -88.000   41.000 -0.02435 4
 -88.000   42.000 -0.03051 7
 -88.000   43.000 -0.03235 5
 -88.000   44.000 -0.03788 9
 -88.000   45.000 -0.03470 6
 -88.000   46.000 -0.03369 9
 -88.000   47.000 -0.02401 6
 -88.000   48.000 -0.01952 10
 -88.000   49.000 -0.01295 7
 -88.000   50.000 -0.01135 11
 -87.000   25.000  0.00038 19
 -87.000   26.000 -0.00302 23
 -87.000   27.000 -0.01020 17
 -87.000   28.000 -0.01651 20
 -87.000   29.000 -0.03162 16
 -87.000   30.000 -0.03191 19
 -87.000   31.000 -0.03610 15
 -87.000   32.000 -0.02089 17
 -87.000   33.000 -0.01554 12
 -87.000   34.000  0.00311 13
 -87.000   35.000  0.00624 9
 -87.000   36.000  0.00934 11
 -87.000   37.000 -0.00439 8
 -87.000   38.000 -0.00838 13
 -87.000   39.000 -0.01305 11
 -87.000   40.000 -0.01924 16
 -87.000   41.000 -0.02391 10
 -87.000   42.000 -0.02612 18
 -87.000   43.000 -0.02674 12
 -87.000   44.000 -0.03315 20
 -87.000   45.000 -0.02996 11
 -87.000   46.000 -0.02726 20
 -87.000   47.000 -0.02038 13
 -87.000   48.000 -0.02047 22
 -87.000   49.000 -0.01744 14
 -87.000   50.000 -0.01939 22
 -86.000   25.000 -0.00182 10
 -86.000   26.000 -0.00462 13
 -86.000   27.000 -0.01203 9
 -86.000   28.000 -0.01729 12
 -86.000   29.000 -0.03120 9
 -86.000   30.000 -0.03055 11
 -86.000   31.000 -0.03330 8
 -86.000   32.000 -0.01765 9
 -86.000   33.000 -0.01136 6
 -86.000   34.000  0.00489 7
 -86.000   35.000  0.00571 5
 -86.000   36.000  0.00647 6
 -86.000   37.000 -0.00745 4
 -86.000   38.000 -0.01005 7
 -86.000   39.000 -0.00964 6
 -86.000   40.000 -0.01117 9
 -86.000   41.000 -0.01443 6
 -86.000   42.000 -0.01381 11
 -86.000   43.000 -0.01379 7
 -86.000   44.000 -0.02065 11
 -86.000   45.000 -0.01861 5
 -86.000   46.000 -0.01635 11
 -86.000   47.000 -0.01439 7
 -86.000   48.000 -0.02009 12
 -86.000   49.000 -0.02124 7
 -86.000   50.000 -0.02708 11
 -85.000   25.000 -0.00418 21
 -85.000   26.000 -0.00653 27
 -85.000   27.000 -0.01409 18
 -85.000   28.000 -0.01801 24
 -85.000   29.000 -0.02982 18
 -85.000   30.000 -0.02819 22
 -85.000   31.000 -0.03154 16
 -85.000   32.000 -0.01733 20
 -85.000   33.000 -0.01196 14
 -85.000   34.000  0.00241 18
 -85.000   35.000  0.00281 12
 -85.000   36.000  0.00532 17
 -85.000   37.000 -0.00572 11
 -85.000   38.000 -0.00522 16
 -85.000   39.000 -0.00160 11
 -85.000   40.000  0.00042 18
 -85.000   41.000 -0.00209 12
 -85.000   42.000  0.00084 22
 -85.000   43.000  0.00120 13
 -85.000   44.000 -0.00582 22
 -85.000   45.000 -0.00578 10
 -85.000   46.000 -0.00516 22
 -85.000   47.000 -0.00805 14
 -85.000   48.000 -0.01850 25
 -85.000   49.000 -0.02326 15
 -85.000   50.000 -0.03205 22
 -84.000   25.000 -0.00753 11
 -84.000   26.000 -0.00963 14
 -84.000   27.000 -0.01685 9
 -84.000   28.000 -0.02017 12
 -84.000   29.000 -0.03030 9
 -84.000   30.000 -0.02763 11
 -84.000   31.000 -0.03071 8
 -84.000   32.000 -0.01814 11
 -84.000   33.000 -0.01400 8
 -84.000   34.000 -0.00122 11
 -84.000   35.000 -0.00061 7
 -84.000   36.000  0.00435 11
 -84.000   37.000 -0.00232 7
 -84.000   38.000  0.00121 9
 -84.000   39.000  0.00558 5
 -84.000   40.000  0.00882 9
 -84.000   41.000  0.00573 6
 -84.000   42.000  0.00839 11
 -84.000   43.000  0.00877 6
 -84.000   44.000  0.00290 11
 -84.000   45.000  0.00205 5
 -84.000   46.000  0.00086 11
 -84.000   47.000 -0.00490 7
 -84.000   48.000 -0.01807 13
 -84.000   49.000 -0.02465 8
 -84.000   50.000 -0.03463 11
 -83.000   25.000 -0.01047 22
 -83.000   26.000 -0.01204 29
 -83.000   27.000 -0.01843 19
 -83.000   28.000 -0.02124 25
 -83.000   29.000 -0.03016 18
 -83.000   30.000 -0.02679 24
 -83.000   31.000 -0.02948 18
 -83.000   32.000 -0.01862 25
 -83.000   33.000 -0.01555 17
 -83.000   34.000 -0.00398 23
 -83.000   35.000 -0.00310 14
 -83.000   36.000  0.00434 23
 -83.000   37.000  0.00207 15
 -83.000   38.000  0.00761 21
 -83.000   39.000  0.01129 12
 -83.000   40.000  0.01498 21
 -83.000   41.000  0.01122 13
 -83.000   42.000  0.01230 23
 -83.000   43.000  0.01202 12
 -83.000   44.000  0.00704 22
 -83.000   45.000  0.00466 10
 -83.000   46.000  0.00083 19
 -83.000   47.000 -0.00659 11
 -83.000   48.000 -0.02061 21
 -83.000   49.000 -0.02738 14
 -83.000   50.000 -0.03652 20
 -82.000   25.000 -0.01129 11
 -82.000   26.000 -0.01235 15
 -82.000   27.000 -0.01806 10
 -82.000   28.000 -0.02046 13
 -82.000   29.000 -0.02857 9
 -82.000   30.000 -0.02500 13
 -82.000   31.000 -0.02780 10
 -82.000   32.000 -0.01860 14
 -82.000   33.000 -0.01690 9
 -82.000   34.000 -0.00692 12
 -82.000   35.000 -0.00642 7
 -82.000   36.000  0.00142 12
 -82.000   37.000  0.00124 8
 -82.000   38.000  0.00740 12
 -82.000   39.000  0.01067 7
 -82.000   40.000  0.01539 12
 -82.000   41.000  0.01339 7
 -82.000   42.000  0.01430 12
 -82.000   43.000  0.01357 6
 -82.000   44.000  0.00844 11
 -82.000   45.000  0.00367 5
 -82.000   46.000 -0.00301 8
 -82.000   47.000 -0.01075 4
 -82.000   48.000 -0.02398 8
 -82.000   49.000 -0.02972 6
 -82.000   50.000 -0.03653 9
 -81.000   25.000 -0.00963 23
 -81.000   26.000 -0.01041 31
 -81.000   27.000 -0.01593 20
 -81.000   28.000 -0.01818 27
 -81.000   29.000 -0.02544 19
 -81.000   30.000 -0.02160 27
 -81.000   31.000 -0.02420 20
 -81.000   32.000 -0.01623 29
 -81.000   33.000 -0.01614 19
 -81.000   34.000 -0.00841 27
 -81.000   35.000 -0.00918 16
 -81.000   36.000 -0.00279 27
 -81.000   37.000 -0.00303 17
 -81.000   38.000  0.00278 26
 -81.000   39.000  0.00564 16
 -81.000   40.000  0.01072 25
 -81.000   41.000  0.01043 14
 -81.000   42.000  0.01112 23
 -81.000   43.000  0.00916 12
 -81.000   44.000  0.00291 23
 -81.000   45.000 -0.00352 11
 -81.000   46.000 -0.01160 21
 -81.000   47.000 -0.01736 12
 -81.000   48.000 -0.02744 22
 -81.000   49.000 -0.03084 14
 -81.000   50.000 -0.03465 22
 -80.000   25.000 -0.00605 12
 -80.000   26.000 -0.00641 16
 -80.000   27.000 -0.01201 10
 -80.000   28.000 -0.01378 14
 -80.000   29.000 -0.01989 10
 -80.000   30.000 -0.01563 14
 -80.000   31.000 -0.01789 10
 -80.000   32.000 -0.01046 15
 -80.000   33.000 -0.01147 10
 -80.000   34.000 -0.00620 15
 -80.000   35.000 -0.00909 9
 -80.000   36.000 -0.00480 15
 -80.000   37.000 -0.00598 9
 -80.000   38.000 -0.00091 14
 -80.000   39.000  0.00168 9
 -80.000   40.000  0.00693 13
 -80.000   41.000  0.00750 7
 -80.000   42.000  0.00704 11
 -80.000   43.000  0.00299 6
 -80.000   44.000 -0.00522 12
 -80.000   45.000 -0.01265 6
 -80.000   46.000 -0.02131 13
 -80.000   47.000 -0.02460 8
 -80.000   48.000 -0.03137 14
 -80.000   49.000 -0.03232 8
 -80.000   50.000 -0.03390 13
 -79.000   25.000 -0.00194 23
 -79.000   26.000 -0.00182 30
 -79.000   27.000 -0.00740 19
 -79.000   28.000 -0.00853 27
 -79.000   29.000 -0.01366 20
 -79.000   30.000 -0.00928 29
 -79.000   31.000 -0.01137 20
 -79.000   32.000 -0.00423 29
 -79.000   33.000 -0.00574 19
 -79.000   34.000 -0.00257 28
 -79.000   35.000 -0.00792 18
 -79.000   36.000 -0.00612 29
 -79.000   37.000 -0.00920 20
 -79.000   38.000 -0.00554 28
 -79.000   39.000 -0.00307 18
 -79.000   40.000  0.00250 25
 -79.000   41.000  0.00381 16
 -79.000   42.000  0.00271 24
 -79.000   43.000 -0.00275 15
 -79.000   44.000 -0.01223 25
 -79.000   45.000 -0.01968 14
 -79.000   46.000 -0.02782 26
 -79.000   47.000 -0.02901 17
 -79.000   48.000 -0.03314 27
 -79.000   49.000 -0.03239 16
 -79.000   50.000 -0.03270 25
 -78.000   25.000  0.00139 11
 -78.000   26.000  0.00165 14
 -78.000   27.000 -0.00395 9
 -78.000   28.000 -0.00480 13
 -78.000   29.000 -0.00904 10
 -78.000   30.000 -0.00441 15
 -78.000   31.000 -0.00582 10
 -78.000   32.000  0.00116 14
 -78.000   33.000 -0.00082 9
 -78.000   34.000  0.00043 13
 -78.000   35.000 -0.00717 9
 -78.000   36.000 -0.00781 14
 -78.000   37.000 -0.01247 11
 -78.000   38.000 -0.00988 14
 -78.000   39.000 -0.00764 9
 -78.000   40.000 -0.00252 12
 -78.000   41.000 -0.00161 9
 -78.000   42.000 -0.00363 13
 -78.000   43.000 -0.00975 9
 -78.000   44.000 -0.01881 13
 -78.000   45.000 -0.02418 8
 -78.000   46.000 -0.03012 13
 -78.000   47.000 -0.02904 9
 -78.000   48.000 -0.03083 13
 -78.000   49.000 -0.02910 8
 -78.000   50.000 -0.02944 12
 -77.000   25.000  0.00392 22
 -77.000   26.000  0.00369 30
 -77.000   27.000 -0.00196 20
 -77.000   28.000 -0.00313 27
 -77.000   29.000 -0.00655 20
 -77.000   30.000 -0.00193 28
 -77.000   31.000 -0.00216 20
 -77.000   32.000  0.00468 24
 -77.000   33.000  0.00261 16
 -77.000   34.000  0.00260 23
 -77.000   35.000 -0.00606 18
 -77.000   36.000 -0.00820 28
 -77.000   37.000 -0.01366 22
 -77.000   38.000 -0.01145 27
 -77.000   39.000 -0.00963 17
 -77.000   40.000 -0.00523 22
 -77.000   41.000 -0.00540 17
 -77.000   42.000 -0.00819 24
 -77.000   43.000 -0.01448 17
 -77.000   44.000 -0.02216 26
 -77.000   45.000 -0.02474 17
 -77.000   46.000 -0.02775 28
 -77.000   47.000 -0.02457 19
 -77.000   48.000 -0.02411 28
 -77.000   49.000 -0.02175 17
 -77.000   50.000 -0.02257 24
 -76.000   25.000  0.00521 11
 -76.000   26.000  0.00413 16
 -76.000   27.000 -0.00126 11
 -76.000   28.000 -0.00316 14
 -76.000   29.000 -0.00624 10
 -76.000   30.000 -0.00233 13
 -76.000   31.000 -0.00166 10
 -76.000   32.000  0.00465 10
 -76.000   33.000  0.00286 7
 -76.000   34.000  0.00267 10
 -76.000   35.000 -0.00560 9
 -76.000   36.000 -0.00821 14
 -76.000   37.000 -0.01414 11
 -76.000   38.000 -0.01213 13
 -76.000   39.000 -0.01076 8
 -76.000   40.000 -0.00625 10
 -76.000   41.000 -0.00607 8
 -76.000   42.000 -0.00760 11
 -76.000   43.000 -0.01259 8
 -76.000   44.000 -0.01798 13
 -76.000   45.000 -0.01873 9
 -76.000   46.000 -0.01976 15
 -76.000   47.000 -0.01581 10
 -76.000   48.000 -0.01406 15
 -76.000   49.000 -0.01156 9
 -76.000   50.000 -0.01252 12
 -75.000   25.000  0.00571 23
 -75.000   26.000  0.00387 32
 -75.000   27.000 -0.00100 23
 -75.000   28.000 -0.00360 29
 -75.000   29.000 -0.00678 22
 -75.000   30.000 -0.00391 28
 -75.000   31.000 -0.00283 21
 -75.000   32.000  0.00274 23
 -75.000   33.000  0.00134 16
 -75.000   34.000  0.00172 23
 -75.000   35.000 -0.00552 19
 -75.000   36.000 -0.00782 28
 -75.000   37.000 -0.01382 21
 -75.000   38.000 -0.01242 26
 -75.000   39.000 -0.01243 17
 -75.000   40.000 -0.00813 22
 -75.000   41.000 -0.00721 16
 -75.000   42.000 -0.00673 22
 -75.000   43.000 -0.00935 15
 -75.000   44.000 -0.01125 25
 -75.000   45.000 -0.01037 18
 -75.000   46.000 -0.01008 30
 -75.000   47.000 -0.00644 21
 -75.000   48.000 -0.00451 30
 -75.000   49.000 -0.00244 19
 -75.000   50.000 -0.00333 26
 -74.000   25.000  0.00675 12
 -74.000   26.000  0.00429 16
 -74.000   27.000 -0.00014 12
 -74.000   28.000 -0.00327 15
 -74.000   29.000 -0.00651 12
 -74.000   30.000 -0.00459 15
 -74.000   31.000 -0.00319 11
 -74.000   32.000  0.00181 13
 -74.000   33.000  0.00085 9
 -74.000   34.000  0.00193 13
 -74.000   35.000 -0.00413 10
 -74.000   36.000 -0.00562 14
 -74.000   37.000 -0.01121 10
 -74.000   38.000 -0.01058 13
 -74.000   39.000 -0.01289 9
 -74.000   40.000 -0.00939 12
 -74.000   41.000 -0.00806 8
 -74.000   42.000 -0.00626 11
 -74.000   43.000 -0.00691 7
 -74.000   44.000 -0.00555 12
 -74.000   45.000 -0.00343 9
 -74.000   46.000 -0.00278 15
 -74.000   47.000  0.00020 11
 -74.000   48.000  0.00198 15
 -74.000   49.000  0.00380 10
 -74.000   50.000  0.00311 14
 -73.000   25.000  0.00773 25
 -73.000   26.000  0.00476 32
 -73.000   27.000  0.00082 24
 -73.000   28.000 -0.00273 30
 -73.000   29.000 -0.00570 24
 -73.000   30.000 -0.00440 30
 -73.000   31.000 -0.00269 22
 -73.000   32.000  0.00182 26
 -73.000   33.000  0.00127 18
 -73.000   34.000  0.00299 26
 -73.000   35.000 -0.00185 20
 -73.000   36.000 -0.00222 29
 -73.000   37.000 -0.00717 21
 -73.000   38.000 -0.00689 28
 -73.000   39.000 -0.01111 19
 -73.000   40.000 -0.00791 26
 -73.000   41.000 -0.00623 17
 -73.000   42.000 -0.00311 23
 -73.000   43.000 -0.00196 14
 -73.000   44.000  0.00168 24
 -73.000   45.000  0.00397 18
 -73.000   46.000  0.00396 29
 -73.000   47.000  0.00577 21
 -73.000   48.000  0.00689 29
 -73.000   49.000  0.00837 20
 -73.000   50.000  0.00798 28
 -72.000   25.000  0.00874 13
 -72.000   26.000  0.00566 16
 -72.000   27.000  0.00227 12
 -72.000   28.000 -0.00133 15
 -72.000   29.000 -0.00371 12
 -72.000   30.000 -0.00234 15
 -72.000   31.000 -0.00033 11
 -72.000   32.000  0.00385 13
 -72.000   33.000  0.00336 9
 -72.000   34.000  0.00515 13
 -72.000   35.000  0.00050 10
 -72.000   36.000  0.00065 15
 -72.000   37.000 -0.00406 11
 -72.000   38.000 -0.00410 15
 -72.000   39.000 -0.00979 10
 -72.000   40.000 -0.00685 14
 -72.000   41.000 -0.00523 9
 -72.000   42.000 -0.00111 12
 -72.000   43.000  0.00202 7
 -72.000   44.000  0.00737 12
 -72.000   45.000  0.00967 9
 -72.000   46.000  0.00882 14
 -72.000   47.000  0.00928 10
 -72.000   48.000  0.00896 14
 -72.000   49.000  0.00978 10
 -72.000   50.000  0.00953 14
 -71.000   25.000  0.00942 23
 -71.000   26.000  0.00665 30
 -71.000   27.000  0.00387 24
 -71.000   28.000  0.00066 31
 -71.000   29.000 -0.00090 24
 -71.000   30.000  0.00105 30
 -71.000   31.000  0.00335 21
 -71.000   32.000  0.00739 27
 -71.000   33.000  0.00671 19
 -71.000   34.000  0.00809 27
 -71.000   35.000  0.00279 20
 -71.000   36.000  0.00268 27
 -71.000   37.000 -0.00212 19
 -71.000   38.000 -0.00256 26
 -71.000   39.000 -0.00922 19
 -71.000   40.000 -0.00690 27
 -71.000   41.000 -0.00612 18
 -71.000   42.000 -0.00220 24
 -71.000   43.000  0.00196 14
 -71.000   44.000  0.00817 23
 -71.000   45.000  0.01107 17
 -71.000   46.000  0.01029 27
 -71.000   47.000  0.01043 20
 -71.000   48.000  0.00879 28
 -71.000   49.000  0.00919 20
 -71.000   50.000  0.00866 28
 -70.000   25.000  0.00917 10
 -70.000   26.000  0.00672 14
 -70.000   27.000  0.00465 12
 -70.000   28.000  0.00189 16
 -70.000   29.000  0.00133 12
 -70.000   30.000  0.00398 15
 -70.000   31.000  0.00669 10
 -70.000   32.000  0.01056 14
 -70.000   33.000  0.00970 10
 -70.000   34.000  0.01054 14
 -70.000   35.000  0.00461 10
 -70.000   36.000  0.00381 12
 -70.000   37.000 -0.00145 8
 -70.000   38.000 -0.00178 11
 -70.000   39.000 -0.00824 9
 -70.000   40.000 -0.00603 13
 -70.000   41.000 -0.00638 9
 -70.000   42.000 -0.00265 12
 -70.000   43.000  0.00178 7
 -70.000   44.000  0.00797 11
 -70.000   45.000  0.01162 8
 -70.000   46.000  0.01209 13
 -70.000   47.000  0.01273 10
 -70.000   48.000  0.01026 14
 -70.000   49.000  0.01052 10
 -70.000   50.000  0.00939 14
 -69.000   25.000  0.00850 20
 -69.000   26.000  0.00638 29
 -69.000   27.000  0.00486 24
 -69.000   28.000  0.00269 34
 -69.000   29.000  0.00316 25
 -69.000   30.000  0.00650 33
 -69.000   31.000  0.00952 22
 -69.000   32.000  0.01308 31
 -69.000   33.000  0.01176 21
 -69.000   34.000  0.01177 29
 -69.000   35.000  0.00536 20
 -69.000   36.000  0.00387 25
 -69.000   37.000 -0.00166 17
 -69.000   38.000 -0.00127 23
 -69.000   39.000 -0.00647 18
 -69.000   40.000 -0.00391 25
 -69.000   41.000 -0.00525 17
 -69.000   42.000 -0.00137 23
 -69.000   43.000  0.00338 14
 -69.000   44.000  0.00923 23
 -69.000   45.000  0.01339 17
 -69.000   46.000  0.01547 27
 -69.000   47.000  0.01686 20
 -69.000   48.000  0.01402 28
 -69.000   49.000  0.01414 20
 -69.000   50.000  0.01266 29
 -68.000   25.000  0.00801 10
 -68.000   26.000  0.00627 15
 -68.000   27.000  0.00503 12
 -68.000   28.000  0.00363 18
 -68.000   29.000  0.00489 13
 -68.000   30.000  0.00869 18
 -68.000   31.000  0.01181 12
 -68.000   32.000  0.01506 17
 -68.000   33.000  0.01303 11
 -68.000   34.000  0.01216 15
 -68.000   35.000  0.00553 10
 -68.000   36.000  0.00355 13
 -68.000   37.000 -0.00177 9
 -68.000   38.000 -0.00062 12
 -68.000   39.000 -0.00499 9
 -68.000   40.000 -0.00283 12
 -68.000   41.000 -0.00546 9
 -68.000   42.000 -0.00179 12
 -68.000   43.000  0.00309 8
 -68.000   44.000  0.00931 12
 -68.000   45.000  0.01458 9
 -68.000   46.000  0.01891 14
 -68.000   47.000  0.02150 10
 -68.000   48.000  0.01889 14
 -68.000   49.000  0.01902 10
 -68.000   50.000  0.01751 15
 -67.000   25.000  0.00753 22
 -67.000   26.000  0.00613 32
 -67.000   27.000  0.00499 24
 -67.000   28.000  0.00434 35
 -67.000   29.000  0.00609 25
 -67.000   30.000  0.01014 34
 -67.000   31.000  0.01327 23
 -67.000   32.000  0.01629 34
 -67.000   33.000  0.01363 23
 -67.000   34.000  0.01207 32
 -67.000   35.000  0.00542 21
 -67.000   36.000  0.00305 27
 -67.000   37.000 -0.00190 18
 -67.000   38.000 -0.00019 24
 -67.000   39.000 -0.00381 18
 -67.000   40.000 -0.00230 24
 -67.000   41.000 -0.00602 18
 -67.000   42.000 -0.00300 25
 -67.000   43.000  0.00144 17
 -67.000   44.000  0.00791 24
 -67.000   45.000  0.01443 17
 -67.000   46.000  0.02104 27
 -67.000   47.000  0.02520 20
 -67.000   48.000  0.02336 28
 -67.000   49.000  0.02379 20
 -67.000   50.000  0.02225 29
 -66.000   25.000  0.00733 12
 -66.000   26.000  0.00612 17
 -66.000   27.000  0.00500 12
 -66.000   28.000  0.00478 17
 -66.000   29.000  0.00677 12
 -66.000   30.000  0.01094 16
 -66.000   31.000  0.01404 11
 -66.000   32.000  0.01691 17
 -66.000   33.000  0.01387 12
 -66.000   34.000  0.01190 17
 -66.000   35.000  0.00528 11
 -66.000   36.000  0.00275 14
 -66.000   37.000 -0.00193 9
 -66.000   38.000  0.00013 12
 -66.000   39.000 -0.00326 9
 -66.000   40.000 -0.00227 12
 -66.000   41.000 -0.00676 10
 -66.000   42.000 -0.00404 14
 -66.000   43.000  0.00027 10
 -66.000   44.000  0.00711 12
 -66.000   45.000  0.01444 8
 -66.000   46.000  0.02244 13
 -66.000   47.000  0.02739 10
 -66.000   48.000  0.02595 14
 -66.000   49.000  0.02651 10
 -66.000   50.000  0.02504 14
 -65.000   25.000  0.00760 12
 -65.000   26.000  0.00659 17
 -65.000   27.000  0.00526 12
 -65.000   28.000  0.00551 17
 -65.000   29.000  0.00756 12
 -65.000   30.000  0.01173 16
 -65.000   31.000  0.01460 11
 -65.000   32.000  0.01726 17
 -65.000   33.000  0.01358 12
 -65.000   34.000  0.01109 17
 -65.000   35.000  0.00460 11
 -65.000   36.000  0.00229 14
 -65.000   37.000 -0.00168 9
 -65.000   38.000  0.00081 12
 -65.000   39.000 -0.00241 9
 -65.000   40.000 -0.00189 12
 -65.000   41.000 -0.00671 9
 -65.000   42.000 -0.00391 13
 -65.000   43.000  0.00099 9
 -65.000   44.000  0.00867 12
 -65.000   45.000  0.01636 8
 -65.000   46.000  0.02490 13
 -65.000   47.000  0.03006 10
 -65.000   48.000  0.02896 14
 -65.000   49.000  0.02935 10
 -65.000   50.000  0.02848 14
