-130.000   25.000  0.00303 0
-130.000   26.000  0.00357 0
-130.000   27.000  0.00440 4
-130.000   28.000  0.00610 4
-130.000   29.000  0.00808 8
-130.000   30.000  0.00920 4
-130.000   31.000  0.01244 8
-130.000   32.000  0.01617 4
-130.000   33.000  0.01826 8
-130.000   34.000  0.01754 4
-130.000   35.000  0.01478 7
-130.000   36.000  0.00934 3
-130.000   37.000  0.00360 5
-130.000   38.000  0.00055 2
-130.000   39.000 -0.00140 4
-130.000   40.000 -0.00091 2
-130.000   41.000  0.00129 4
-130.000   42.000  0.00400 3
-130.000   43.000  0.00512 3
-130.000   44.000  0.00699 4
-130.000   45.000  0.00870 3
-130.000   46.000  0.00774 6
-130.000   47.000  0.00274 3
-130.000   48.000 -0.00437 4
-130.000   49.000 -0.00740 1
-130.000   50.000 -0.01327 1
-129.000   25.000  0.00139 0
-129.000   26.000  0.00205 1
-129.000   27.000  0.00338 3
-129.000   28.000  0.00556 4
-129.000   29.000  0.00858 5
-129.000   30.000  0.01018 4
-129.000   31.000  0.01384 5
-129.000   32.000  0.01728 4
-129.000   33.000  0.01891 5
-129.000   34.000  0.01783 4
-129.000   35.000  0.01486 5
-129.000   36.000  0.00918 4
-129.000   37.000  0.00312 4
-129.000   38.000 -0.00039 2
-129.000   39.000 -0.00242 3
-129.000   40.000 -0.00190 4
-129.000   41.000  0.00051 6
-129.000   42.000  0.00338 7
-129.000   43.000  0.00475 6
-129.000   44.000  0.00648 7
-129.000   45.000  0.00829 5
-129.000   46.000  0.00714 7
-129.000   47.000  0.00307 5
-129.000   48.000 -0.00327 5
-129.000   49.000 -0.00579 2
-129.000   50.000 -0.01123 1
-128.000   25.000  0.00079 4
-128.000   26.000  0.00147 5
-128.000   27.000  0.00295 9
-128.000   28.000  0.00517 8
-128.000   29.000  0.00840 11
-128.000   30.000  0.00987 7
-128.000   31.000  0.01349 10
-128.000   32.000  0.01707 6
-128.000   33.000  0.01876 9
-128.000   34.000  0.01808 6
-128.000   35.000  0.01529 9
-128.000   36.000  0.00939 6
-128.000   37.000  0.00274 9
-128.000   38.000 -0.00114 5
-128.000   39.000 -0.00325 7
-128.000   40.000 -0.00256 6
-128.000   41.000  0.00021 9
-128.000   42.000  0.00323 9
-128.000   43.000  0.00445 7
-128.000   44.000  0.00596 8
-128.000   45.000  0.00764 6
-128.000   46.000  0.00648 10
-128.000   47.000  0.00289 7
-128.000   48.000 -0.00272 9
-128.000   49.000 -0.00499 4
-128.000   50.000 -0.01012 4
-127.000   25.000  0.00113 4
-127.000   26.000  0.00187 5
-127.000   27.000  0.00330 8
-127.000   28.000  0.00541 8
-127.000   29.000  0.00831 9
-127.000   30.000  0.00908 7
-127.000   31.000  0.01236 7
-127.000   32.000  0.01591 6
-127.000   33.000  0.01761 6
-127.000   34.000  0.01749 6
-127.000   35.000  0.01539 6
-127.000   36.000  0.00976 6
-127.000   37.000  0.00239 7
-127.000   38.000 -0.00256 6
-127.000   39.000 -0.00482 6
-127.000   40.000 -0.00420 7
-127.000   41.000 -0.00136 9
-127.000   42.000  0.00193 10
-127.000   43.000  0.00366 8
-127.000   44.000  0.00540 8
-127.000   45.000  0.00754 7
-127.000   46.000  0.00707 9
-127.000   47.000  0.00551 8
-127.000   48.000  0.00154 8
-127.000   49.000  0.00019 5
-127.000   50.000 -0.00397 4
-126.000   25.000  0.00060 8
-126.000   26.000  0.00156 7
-126.000   27.000  0.00318 10
-126.000   28.000  0.00485 8
-126.000   29.000  0.00819 12
-126.000   30.000  0.00835 7
-126.000   31.000  0.01111 11
-126.000   32.000  0.01408 7
-126.000   33.000  0.01566 10
-126.000   34.000  0.01566 6
-126.000   35.000  0.01387 9
-126.000   36.000  0.00835 6
-126.000   37.000  0.00093 11
-126.000   38.000 -0.00369 8
-126.000   39.000 -0.00542 9
-126.000   40.000 -0.00448 6
-126.000   41.000 -0.00140 8
-126.000   42.000  0.00210 9
-126.000   43.000  0.00359 7
-126.000   44.000  0.00509 8
-126.000   45.000  0.00686 6
-126.000   46.000  0.00679 11
-126.000   47.000  0.00603 8
-126.000   48.000  0.00364 10
-126.000   49.000  0.00274 5
-126.000   50.000 -0.00039 6
-125.000   25.000  0.00251 4
-125.000   26.000  0.00342 3
-125.000   27.000  0.00470 5
-125.000   28.000  0.00564 6
-125.000   29.000  0.00813 9
-125.000   30.000  0.00745 7
-125.000   31.000  0.00933 8
-125.000   32.000  0.01138 7
-125.000   33.000  0.01265 7
-125.000   34.000  0.01271 6
-125.000   35.000  0.01131 6
-125.000   36.000  0.00705 6
-125.000   37.000  0.00083 7
-125.000   38.000 -0.00303 7
-125.000   39.000 -0.00423 6
-125.000   40.000 -0.00326 5
-125.000   41.000 -0.00104 6
-125.000   42.000  0.00207 7
-125.000   43.000  0.00319 7
-125.000   44.000  0.00470 6
-125.000   45.000  0.00637 6
-125.000   46.000  0.00752 7
-125.000   47.000  0.00832 9
-125.000   48.000  0.00835 8
-125.000   49.000  0.00852 7
-125.000   50.000  0.00717 4
-124.000   25.000  0.00374 8
-124.000   26.000  0.00408 6
-124.000   27.000  0.00513 8
-124.000   28.000  0.00488 8
-124.000   29.000  0.00675 12
-124.000   30.000  0.00495 8
-124.000   31.000  0.00683 12
-124.000   32.000  0.00879 8
-124.000   33.000  0.01102 11
-124.000   34.000  0.01126 6
-124.000   35.000  0.01072 10
-124.000   36.000  0.00767 7
-124.000   37.000  0.00239 10
-124.000   38.000 -0.00103 6
-124.000   39.000 -0.00187 7
-124.000   40.000 -0.00108 5
-124.000   41.000 -0.00001 7
-124.000   42.000  0.00216 9
-124.000   43.000  0.00256 8
-124.000   44.000  0.00416 9
-124.000   45.000  0.00554 6
-124.000   46.000  0.00770 11
-124.000   47.000  0.00945 10
-124.000   48.000  0.01158 11
-124.000   49.000  0.01237 6
-124.000   50.000  0.01250 5
-123.000   25.000  0.00382 4
-123.000   26.000  0.00398 3
-123.000   27.000  0.00485 6
-123.000   28.000  0.00391 7
-123.000   29.000  0.00565 10
-123.000   30.000  0.00347 8
-123.000   31.000  0.00565 9
-123.000   32.000  0.00736 7
-123.000   33.000  0.01036 7
-123.000   34.000  0.01048 6
-123.000   35.000  0.01056 7
-123.000   36.000  0.00862 7
-123.000   37.000  0.00494 7
-123.000   38.000  0.00202 6
-123.000   39.000  0.00139 5
-123.000   40.000  0.00140 5
-123.000   41.000  0.00099 5
-123.000   42.000  0.00175 6
-123.000   43.000  0.00160 6
-123.000   44.000  0.00325 6
-123.000   45.000  0.00455 7
-123.000   46.000  0.00738 8
-123.000   47.000  0.01019 12
-123.000   48.000  0.01443 10
-123.000   49.000  0.01592 9
-123.000   50.000  0.01762 4
-122.000   25.000  0.00224 8
-122.000   26.000  0.00212 6
-122.000   27.000  0.00318 8
-122.000   28.000  0.00207 8
-122.000   29.000  0.00447 10
-122.000   30.000  0.00266 8
-122.000   31.000  0.00552 11
-122.000   32.000  0.00729 9
-122.000   33.000  0.01043 12
-122.000   34.000  0.00993 10
-122.000   35.000  0.01025 13
-122.000   36.000  0.00925 10
-122.000   37.000  0.00697 10
-122.000   38.000  0.00471 8
-122.000   39.000  0.00470 9
-122.000   40.000  0.00435 10
-122.000   41.000  0.00289 9
-122.000   42.000  0.00212 11
-122.000   43.000  0.00158 8
-122.000   44.000  0.00297 10
-122.000   45.000  0.00379 8
-122.000   46.000  0.00620 13
-122.000   47.000  0.00885 13
-122.000   48.000  0.01469 12
-122.000   49.000  0.01624 7
-122.000   50.000  0.01885 4
-121.000   25.000  0.00273 4
-121.000   26.000  0.00279 4
-121.000   27.000  0.00366 7
-121.000   28.000  0.00251 8
-121.000   29.000  0.00485 10
-121.000   30.000  0.00364 9
-121.000   31.000  0.00634 10
-121.000   32.000  0.00784 9
-121.000   33.000  0.01061 9
-121.000   34.000  0.00984 9
-121.000   35.000  0.01033 9
-121.000   36.000  0.01024 8
-121.000   37.000  0.00979 8
-121.000   38.000  0.00809 8
-121.000   39.000  0.00860 9
-121.000   40.000  0.00728 9
-121.000   41.000  0.00459 7
-121.000   42.000  0.00192 7
-121.000   43.000  0.00143 5
-121.000   44.000  0.00256 6
-121.000   45.000  0.00338 7
-121.000   46.000  0.00543 9
-121.000   47.000  0.00818 13
-121.000   48.000  0.01463 10
-121.000   49.000  0.01597 10
-121.000   50.000  0.01916 5
-120.000   25.000  0.00370 8
-120.000   26.000  0.00343 7
-120.000   27.000  0.00390 9
-120.000   28.000  0.00238 10
-120.000   29.000  0.00435 11
-120.000   30.000  0.00336 11
-120.000   31.000  0.00605 11
-120.000   32.000  0.00742 11
-120.000   33.000  0.01020 12
-120.000   34.000  0.00939 14
-120.000   35.000  0.01037 15
-120.000   36.000  0.01064 12
-120.000   37.000  0.01141 10
-120.000   38.000  0.00976 8
-120.000   39.000  0.01055 10
-120.000   40.000  0.00834 11
-120.000   41.000  0.00525 10
-120.000   42.000  0.00121 12
-120.000   43.000  0.00097 8
-120.000   44.000  0.00186 10
-120.000   45.000  0.00294 7
-120.000   46.000  0.00459 12
-120.000   47.000  0.00721 12
-120.000   48.000  0.01428 10
-120.000   49.000  0.01548 7
-120.000   50.000  0.01875 5
-119.000   25.000  0.00736 5
-119.000   26.000  0.00689 6
-119.000   27.000  0.00671 10
-119.000   28.000  0.00513 11
-119.000   29.000  0.00581 13
-119.000   30.000  0.00494 12
-119.000   31.000  0.00666 13
-119.000   32.000  0.00742 12
-119.000   33.000  0.00888 11
-119.000   34.000  0.00784 10
-119.000   35.000  0.00894 10
-119.000   36.000  0.00943 8
-119.000   37.000  0.01131 8
-119.000   38.000  0.01041 5
-119.000   39.000  0.01200 7
-119.000   40.000  0.00918 6
-119.000   41.000  0.00632 6
-119.000   42.000  0.00134 6
-119.000   43.000  0.00119 5
-119.000   44.000  0.00101 6
-119.000   45.000  0.00222 7
-119.000   46.000  0.00337 8
-119.000   47.000  0.00612 11
-119.000   48.000  0.01316 9
-119.000   49.000  0.01472 10
-119.000   50.000  0.01814 8
-118.000   25.000  0.01133 10
-118.000   26.000  0.00996 9
-118.000   27.000  0.00908 11
-118.000   28.000  0.00666 10
-118.000   29.000  0.00598 10
-118.000   30.000  0.00482 11
-118.000   31.000  0.00561 11
-118.000   32.000  0.00576 13
-118.000   33.000  0.00599 11
-118.000   34.000  0.00495 13
-118.000   35.000  0.00606 12
-118.000   36.000  0.00697 12
-118.000   37.000  0.00933 10
-118.000   38.000  0.00908 10
-118.000   39.000  0.01119 10
-118.000   40.000  0.00843 11
-118.000   41.000  0.00613 10
-118.000   42.000  0.00121 13
-118.000   43.000  0.00132 10
-118.000   44.000  0.00027 12
-118.000   45.000  0.00131 9
-118.000   46.000  0.00198 12
-118.000   47.000  0.00463 11
-118.000   48.000  0.01139 10
-118.000   49.000  0.01329 7
-118.000   50.000  0.01681 7
-117.000   25.000  0.01904 7
-117.000   26.000  0.01613 8
-117.000   27.000  0.01413 13
-117.000   28.000  0.01006 13
-117.000   29.000  0.00757 15
-117.000   30.000  0.00583 13
-117.000   31.000  0.00584 15
-117.000   32.000  0.00577 15
-117.000   33.000  0.00534 15
-117.000   34.000  0.00443 12
-117.000   35.000  0.00521 11
-117.000   36.000  0.00584 10
-117.000   37.000  0.00772 10
-117.000   38.000  0.00742 11
-117.000   39.000  0.00946 11
-117.000   40.000  0.00693 11
-117.000   41.000  0.00550 8
-117.000   42.000  0.00112 9
-117.000   43.000  0.00111 8
-117.000   44.000 -0.00132 10
-117.000   45.000 -0.00096 11
-117.000   46.000 -0.00073 12
-117.000   47.000  0.00228 14
-117.000   48.000  0.00862 12
-117.000   49.000  0.01147 12
-117.000   50.000  0.01551 10
-116.000   25.000  0.02398 9
-116.000   26.000  0.01928 9
-116.000   27.000  0.01636 12
-116.000   28.000  0.01061 12
-116.000   29.000  0.00712 13
-116.000   30.000  0.00477 13
-116.000   31.000  0.00490 12
-116.000   32.000  0.00498 14
-116.000   33.000  0.00461 12
-116.000   34.000  0.00393 14
-116.000   35.000  0.00434 11
-116.000   36.000  0.00463 13
-116.000   37.000  0.00564 12
-116.000   38.000  0.00505 16
-116.000   39.000  0.00633 14
-116.000   40.000  0.00396 15
-116.000   41.000  0.00273 13
-116.000   42.000 -0.00117 15
-116.000   43.000 -0.00222 11
-116.000   44.000 -0.00593 12
-116.000   45.000 -0.00701 10
-116.000   46.000 -0.00693 12
-116.000   47.000 -0.00368 11
-116.000   48.000  0.00386 11
-116.000   49.000  0.00787 10
-116.000   50.000  0.01352 9
-115.000   25.000  0.02722 7
-115.000   26.000  0.02182 8
-115.000   27.000  0.01846 14
-115.000   28.000  0.01208 15
-115.000   29.000  0.00807 19
-115.000   30.000  0.00585 17
-115.000   31.000  0.00571 18
-115.000   32.000  0.00584 16
-115.000   33.000  0.00498 17
-115.000   34.000  0.00434 16
-115.000   35.000  0.00407 16
-115.000   36.000  0.00414 15
-115.000   37.000  0.00452 15
-115.000   38.000  0.00414 16
-115.000   39.000  0.00525 15
-115.000   40.000  0.00316 14
-115.000   41.000  0.00204 13
-115.000   42.000 -0.00152 12
-115.000   43.000 -0.00317 12
-115.000   44.000 -0.00793 11
-115.000   45.000 -0.00998 14
-115.000   46.000 -0.01006 12
-115.000   47.000 -0.00633 15
-115.000   48.000  0.00128 13
-115.000   49.000  0.00598 15
-115.000   50.000  0.01254 11
-114.000   25.000  0.02484 9
-114.000   26.000  0.01953 9
-114.000   27.000  0.01628 12
-114.000   28.000  0.00993 12
-114.000   29.000  0.00646 14
-114.000   30.000  0.00450 14
-114.000   31.000  0.00432 14
-114.000   32.000  0.00447 14
-114.000   33.000  0.00340 12
-114.000   34.000  0.00300 14
-114.000   35.000  0.00223 13
-114.000   36.000  0.00230 16
-114.000   37.000  0.00229 17
-114.000   38.000  0.00236 19
-114.000   39.000  0.00314 19
-114.000   40.000  0.00176 17
-114.000   41.000  0.00021 17
-114.000   42.000 -0.00294 15
-114.000   43.000 -0.00553 15
-114.000   44.000 -0.01059 13
-114.000   45.000 -0.01388 13
-114.000   46.000 -0.01372 9
-114.000   47.000 -0.01010 11
-114.000   48.000 -0.00179 11
-114.000   49.000  0.00299 12
-114.000   50.000  0.01047 9
-113.000   25.000  0.02264 9
-113.000   26.000  0.01803 9
-113.000   27.000  0.01498 15
-113.000   28.000  0.00921 15
-113.000   29.000  0.00595 19
-113.000   30.000  0.00403 16
-113.000   31.000  0.00342 18
-113.000   32.000  0.00332 16
-113.000   33.000  0.00202 18
-113.000   34.000  0.00144 17
-113.000   35.000  0.00064 19
-113.000   36.000  0.00096 20
-113.000   37.000  0.00135 21
-113.000   38.000  0.00217 20
-113.000   39.000  0.00369 20
-113.000   40.000  0.00334 18
-113.000   41.000  0.00177 17
-113.000   42.000 -0.00131 14
-113.000   43.000 -0.00457 17
-113.000   44.000 -0.01007 15
-113.000   45.000 -0.01452 18
-113.000   46.000 -0.01434 12
-113.000   47.000 -0.01101 18
-113.000   48.000 -0.00258 14
-113.000   49.000  0.00204 18
-113.000   50.000  0.00994 12
-112.000   25.000  0.01715 9
-112.000   26.000  0.01381 11
-112.000   27.000  0.01133 13
-112.000   28.000  0.00701 14
-112.000   29.000  0.00422 15
-112.000   30.000  0.00204 14
-112.000   31.000  0.00089 14
-112.000   32.000  0.00040 16
-112.000   33.000 -0.00117 16
-112.000   34.000 -0.00172 18
-112.000   35.000 -0.00226 16
-112.000   36.000 -0.00116 19
-112.000   37.000 -0.00012 19
-112.000   38.000  0.00189 20
-112.000   39.000  0.00382 21
-112.000   40.000  0.00420 20
-112.000   41.000  0.00183 19
-112.000   42.000 -0.00135 16
-112.000   43.000 -0.00586 16
-112.000   44.000 -0.01111 15
-112.000   45.000 -0.01677 16
-112.000   46.000 -0.01644 11
-112.000   47.000 -0.01397 15
-112.000   48.000 -0.00510 12
-112.000   49.000 -0.00131 15
-112.000   50.000  0.00701 10
-111.000   25.000  0.01181 8
-111.000   26.000  0.00999 10
-111.000   27.000  0.00817 15
-111.000   28.000  0.00556 16
-111.000   29.000  0.00303 19
-111.000   30.000  0.00120 17
-111.000   31.000 -0.00063 19
-111.000   32.000 -0.00171 19
-111.000   33.000 -0.00384 21
-111.000   34.000 -0.00427 21
-111.000   35.000 -0.00408 22
-111.000   36.000 -0.00196 23
-111.000   37.000  0.00035 24
-111.000   38.000  0.00372 23
-111.000   39.000  0.00655 22
-111.000   40.000  0.00754 20
-111.000   41.000  0.00519 19
-111.000   42.000  0.00207 17
-111.000   43.000 -0.00275 18
-111.000   44.000 -0.00786 16
-111.000   45.000 -0.01386 19
-111.000   46.000 -0.01401 13
-111.000   47.000 -0.01251 19
-111.000   48.000 -0.00469 14
-111.000   49.000 -0.00186 19
-111.000   50.000  0.00552 11
-110.000   25.000  0.00506 7
-110.000   26.000  0.00414 9
-110.000   27.000  0.00309 11
-110.000   28.000  0.00159 14
-110.000   29.000 -0.00002 14
-110.000   30.000 -0.00136 15
-110.000   31.000 -0.00313 15
-110.000   32.000 -0.00447 19
-110.000   33.000 -0.00665 18
-110.000   34.000 -0.00675 21
-110.000   35.000 -0.00590 19
-110.000   36.000 -0.00305 21
-110.000   37.000 -0.00041 20
-110.000   38.000  0.00356 21
-110.000   39.000  0.00619 21
-110.000   40.000  0.00738 20
-110.000   41.000  0.00471 20
-110.000   42.000  0.00225 19
-110.000   43.000 -0.00311 18
-110.000   44.000 -0.00769 16
-110.000   45.000 -0.01468 16
-110.000   46.000 -0.01534 13
-110.000   47.000 -0.01501 16
-110.000   48.000 -0.00751 14
-110.000   49.000 -0.00573 15
-110.000   50.000  0.00163 9
-109.000   25.000  0.00128 7
-109.000   26.000  0.00060 8
-109.000   27.000 -0.00028 13
-109.000   28.000 -0.00158 15
-109.000   29.000 -0.00310 17
-109.000   30.000 -0.00375 16
-109.000   31.000 -0.00500 19
-109.000   32.000 -0.00567 20
-109.000   33.000 -0.00700 21
-109.000   34.000 -0.00633 22
-109.000   35.000 -0.00486 23
-109.000   36.000 -0.00181 26
-109.000   37.000  0.00087 25
-109.000   38.000  0.00453 26
-109.000   39.000  0.00718 21
-109.000   40.000  0.00851 22
-109.000   41.000  0.00665 19
-109.000   42.000  0.00464 21
-109.000   43.000 -0.00031 17
-109.000   44.000 -0.00440 17
-109.000   45.000 -0.01129 15
-109.000   46.000 -0.01285 14
-109.000   47.000 -0.01369 17
-109.000   48.000 -0.00756 15
-109.000   49.000 -0.00684 17
-109.000   50.000 -0.00085 9
-108.000   25.000 -0.00391 5
-108.000   26.000 -0.00428 8
-108.000   27.000 -0.00469 10
-108.000   28.000 -0.00542 14
-108.000   29.000 -0.00642 12
-108.000   30.000 -0.00605 14
-108.000   31.000 -0.00636 13
-108.000   32.000 -0.00607 18
-108.000   33.000 -0.00653 17
-108.000   34.000 -0.00504 22
-108.000   35.000 -0.00357 19
-108.000   36.000 -0.00087 23
-108.000   37.000  0.00100 18
-108.000   38.000  0.00383 21
-108.000   39.000  0.00558 16
-108.000   40.000  0.00660 20
-108.000   41.000  0.00492 17
-108.000   42.000  0.00338 21
-108.000   43.000 -0.00157 15
-108.000   44.000 -0.00491 18
-108.000   45.000 -0.01169 13
-108.000   46.000 -0.01350 16
-108.000   47.000 -0.01510 14
-108.000   48.000 -0.00902 15
-108.000   49.000 -0.00894 14
-108.000   50.000 -0.00332 10
-107.000   25.000 -0.00673 6
-107.000   26.000 -0.00678 13
-107.000   27.000 -0.00693 13
-107.000   28.000 -0.00708 18
-107.000   29.000 -0.00771 15
-107.000   30.000 -0.00621 18
-107.000   31.000 -0.00552 17
-107.000   32.000 -0.00406 22
-107.000   33.000 -0.00358 21
-107.000   34.000 -0.00124 28
-107.000   35.000  0.00047 24
-107.000   36.000  0.00288 30
-107.000   37.000  0.00438 23
-107.000   38.000  0.00641 27
-107.000   39.000  0.00784 19
-107.000   40.000  0.00840 25
-107.000   41.000  0.00729 18
-107.000   42.000  0.00565 24
-107.000   43.000  0.00135 14
-107.000   44.000 -0.00136 20
-107.000   45.000 -0.00673 13
-107.000   46.000 -0.00877 19
-107.000   47.000 -0.01122 15
-107.000   48.000 -0.00690 15
-107.000   49.000 -0.00769 12
-107.000   50.000 -0.00443 8
-106.000   25.000 -0.01023 4
-106.000   26.000 -0.01005 12
-106.000   27.000 -0.00967 9
-106.000   28.000 -0.00909 16
-106.000   29.000 -0.00858 10
-106.000   30.000 -0.00588 16
-106.000   31.000 -0.00419 12
-106.000   32.000 -0.00189 19
-106.000   33.000 -0.00096 16
-106.000   34.000  0.00165 24
-106.000   35.000  0.00314 19
-106.000   36.000  0.00516 23
-106.000   37.000  0.00602 16
-106.000   38.000  0.00728 19
-106.000   39.000  0.00810 15
-106.000   40.000  0.00809 19
-106.000   41.000  0.00708 15
-106.000   42.000  0.00520 20
-106.000   43.000  0.00095 14
-106.000   44.000 -0.00169 19
-106.000   45.000 -0.00628 13
-106.000   46.000 -0.00794 19
-106.000   47.000 -0.00979 14
-106.000   48.000 -0.00496 17
-106.000   49.000 -0.00529 11
-106.000   50.000 -0.00213 11
-105.000   25.000 -0.00918 7
-105.000   26.000 -0.00883 17
-105.000   27.000 -0.00858 12
-105.000   28.000 -0.00767 21
-105.000   29.000 -0.00730 15
-105.000   30.000 -0.00432 22
-105.000   31.000 -0.00220 18
-105.000   32.000  0.00104 26
-105.000   33.000  0.00278 22
-105.000   34.000  0.00598 31
-105.000   35.000  0.00747 24
-105.000   36.000  0.00907 31
-105.000   37.000  0.00968 22
-105.000   38.000  0.01016 28
-105.000   39.000  0.01096 21
-105.000   40.000  0.01058 27
-105.000   41.000  0.01010 19
-105.000   42.000  0.00757 24
-105.000   43.000  0.00376 15
-105.000   44.000  0.00121 20
-105.000   45.000 -0.00194 13
-105.000   46.000 -0.00312 21
-105.000   47.000 -0.00450 16
-105.000   48.000 -0.00020 18
-105.000   49.000 -0.00041 9
-105.000   50.000  0.00148 9
-104.000   25.000 -0.00868 4
-104.000   26.000 -0.00803 13
-104.000   27.000 -0.00765 10
-104.000   28.000 -0.00620 19
-104.000   29.000 -0.00545 12
-104.000   30.000 -0.00244 19
-104.000   31.000 -0.00038 13
-104.000   32.000  0.00289 20
-104.000   33.000  0.00467 16
-104.000   34.000  0.00781 22
-104.000   35.000  0.00935 17
-104.000   36.000  0.01080 21
-104.000   37.000  0.01135 16
-104.000   38.000  0.01135 20
-104.000   39.000  0.01197 16
-104.000   40.000  0.01102 20
-104.000   41.000  0.01051 15
-104.000   42.000  0.00750 19
-104.000   43.000  0.00402 15
-104.000   44.000  0.00119 18
-104.000   45.000 -0.00149 13
-104.000   46.000 -0.00216 17
-104.000   47.000 -0.00236 15
-104.000   48.000  0.00277 20
-104.000   49.000  0.00334 12
-104.000   50.000  0.00595 13
-103.000   25.000 -0.00322 7
-103.000   26.000 -0.00291 19
-103.000   27.000 -0.00289 14
-103.000   28.000 -0.00195 26
-103.000   29.000 -0.00147 17
-103.000   30.000  0.00100 25
-103.000   31.000  0.00270 17
-103.000   32.000  0.00563 28
-103.000   33.000  0.00735 23
-103.000   34.000  0.01013 32
-103.000   35.000  0.01194 23
-103.000   36.000  0.01333 31
-103.000   37.000  0.01431 23
-103.000   38.000  0.01404 31
-103.000   39.000  0.01493 23
-103.000   40.000  0.01351 30
-103.000   41.000  0.01329 21
-103.000   42.000  0.00986 26
-103.000   43.000  0.00699 18
-103.000   44.000  0.00422 22
-103.000   45.000  0.00258 15
-103.000   46.000  0.00216 21
-103.000   47.000  0.00239 17
-103.000   48.000  0.00690 19
-103.000   49.000  0.00751 9
-103.000   50.000  0.00931 9
-102.000   25.000  0.00077 4
-102.000   26.000  0.00009 14
-102.000   27.000 -0.00024 11
-102.000   28.000 -0.00088 22
-102.000   29.000 -0.00046 13
-102.000   30.000  0.00157 22
-102.000   31.000  0.00310 13
-102.000   32.000  0.00534 24
-102.000   33.000  0.00696 17
-102.000   34.000  0.00903 26
-102.000   35.000  0.01100 17
-102.000   36.000  0.01215 22
-102.000   37.000  0.01355 15
-102.000   38.000  0.01321 20
-102.000   39.000  0.01452 17
-102.000   40.000  0.01310 22
-102.000   41.000  0.01348 19
-102.000   42.000  0.01023 21
-102.000   43.000  0.00804 17
-102.000   44.000  0.00526 18
-102.000   45.000  0.00404 16
-102.000   46.000  0.00395 19
-102.000   47.000  0.00546 18
-102.000   48.000  0.01059 22
-102.000   49.000  0.01190 15
-102.000   50.000  0.01461 15
-101.000   25.000  0.00531 8
-101.000   26.000  0.00407 20
-101.000   27.000  0.00340 14
-101.000   28.000  0.00170 26
-101.000   29.000  0.00149 16
-101.000   30.000  0.00238 25
-101.000   31.000  0.00376 17
-101.000   32.000  0.00550 30
-101.000   33.000  0.00773 23
-101.000   34.000  0.00964 34
-101.000   35.000  0.01213 23
-101.000   36.000  0.01295 33
-101.000   37.000  0.01475 23
-101.000   38.000  0.01427 31
-101.000   39.000  0.01596 23
-101.000   40.000  0.01471 30
-101.000   41.000  0.01599 24
-101.000   42.000  0.01324 27
-101.000   43.000  0.01195 18
-101.000   44.000  0.00992 21
-101.000   45.000  0.00975 16
-101.000   46.000  0.00980 23
-101.000   47.000  0.01105 17
-101.000   48.000  0.01514 18
-101.000   49.000  0.01606 9
-101.000   50.000  0.01763 11
-100.000   25.000  0.00602 4
-100.000   26.000  0.00458 13
-100.000   27.000  0.00392 10
-100.000   28.000  0.00190 21
-100.000   29.000  0.00148 13
-100.000   30.000  0.00136 23
-100.000   31.000  0.00258 14
-100.000   32.000  0.00358 26
-100.000   33.000  0.00602 17
-100.000   34.000  0.00773 28
-100.000   35.000  0.01078 17
-100.000   36.000  0.01168 24
-100.000   37.000  0.01406 15
-100.000   38.000  0.01394 20
-100.000   39.000  0.01593 17
-100.000   40.000  0.01496 22
-100.000   41.000  0.01680 21
-100.000   42.000  0.01471 21
-100.000   43.000  0.01401 16
-100.000   44.000  0.01246 16
-100.000   45.000  0.01261 15
-100.000   46.000  0.01259 19
-100.000   47.000  0.01370 17
-100.000   48.000  0.01729 23
-100.000   49.000  0.01813 16
-100.000   50.000  0.01955 18
 -99.000   25.000  0.00752 8
 -99.000   26.000  0.00609 19
 -99.000   27.000  0.00569 13
 -99.000   28.000  0.00340 26
 -99.000   29.000  0.00289 17
 -99.000   30.000  0.00221 25
 -99.000   31.000  0.00361 16
 -99.000   32.000  0.00403 29
 -99.000   33.000  0.00696 23
 -99.000   34.000  0.00878 34
 -99.000   35.000  0.01249 23
 -99.000   36.000  0.01351 33
 -99.000   37.000  0.01651 23
 -99.000   38.000  0.01675 32
 -99.000   39.000  0.01884 24
 -99.000   40.000  0.01798 31
 -99.000   41.000  0.01987 25
 -99.000   42.000  0.01805 29
 -99.000   43.000  0.01754 20
 -99.000   44.000  0.01664 22
 -99.000   45.000  0.01746 15
 -99.000   46.000  0.01760 23
 -99.000   47.000  0.01842 17
 -99.000   48.000  0.02123 20
 -99.000   49.000  0.02172 9
 -99.000   50.000  0.02224 11
 -98.000   25.000  0.00467 4
 -98.000   26.000  0.00355 13
 -98.000   27.000  0.00377 10
 -98.000   28.000  0.00163 23
 -98.000   29.000  0.00169 15
 -98.000   30.000  0.00125 25
 -98.000   31.000  0.00307 14
 -98.000   32.000  0.00299 25
 -98.000   33.000  0.00602 17
 -98.000   34.000  0.00783 26
 -98.000   35.000  0.01187 17
 -98.000   36.000  0.01311 23
 -98.000   37.000  0.01670 16
 -98.000   38.000  0.01772 22
 -98.000   39.000  0.02010 18
 -98.000   40.000  0.01956 23
 -98.000   41.000  0.02117 20
 -98.000   42.000  0.01951 22
 -98.000   43.000  0.01897 17
 -98.000   44.000  0.01824 17
 -98.000   45.000  0.01916 14
 -98.000   46.000  0.01981 19
 -98.000   47.000  0.02132 17
 -98.000   48.000  0.02398 24
 -98.000   49.000  0.02474 15
 -98.000   50.000  0.02564 17
 -97.000   25.000 -0.00023 8
 -97.000   26.000 -0.00065 19
 -97.000   27.000  0.00051 13
 -97.000   28.000 -0.00035 27
 -97.000   29.000  0.00084 18
 -97.000   30.000  0.00137 30
 -97.000   31.000  0.00456 19
 -97.000   32.000  0.00497 31
 -97.000   33.000  0.00876 22
 -97.000   34.000  0.01100 31
 -97.000   35.000  0.01558 22
 -97.000   36.000  0.01705 31
 -97.000   37.000  0.02101 24
 -97.000   38.000  0.02248 33
 -97.000   39.000  0.02491 24
 -97.000   40.000  0.02433 32
 -97.000   41.000  0.02515 24
 -97.000   42.000  0.02304 29
 -97.000   43.000  0.02211 19
 -97.000   44.000  0.02120 22
 -97.000   45.000  0.02205 15
 -97.000   46.000  0.02314 24
 -97.000   47.000  0.02558 18
 -97.000   48.000  0.02851 21
 -97.000   49.000  0.02970 9
 -97.000   50.000  0.03100 11
 -96.000   25.000 -0.00517 4
 -96.000   26.000 -0.00538 14
 -96.000   27.000 -0.00382 11
 -96.000   28.000 -0.00412 23
 -96.000   29.000 -0.00185 15
 -96.000   30.000 -0.00026 27
 -96.000   31.000  0.00402 17
 -96.000   32.000  0.00517 24
 -96.000   33.000  0.00922 15
 -96.000   34.000  0.01141 21
 -96.000   35.000  0.01579 16
 -96.000   36.000  0.01732 22
 -96.000   37.000  0.02127 18
 -96.000   38.000  0.02319 23
 -96.000   39.000  0.02594 17
 -96.000   40.000  0.02593 21
 -96.000   41.000  0.02643 16
 -96.000   42.000  0.02442 18
 -96.000   43.000  0.02336 13
 -96.000   44.000  0.02227 16
 -96.000   45.000  0.02245 13
 -96.000   46.000  0.02387 18
 -96.000   47.000  0.02707 14
 -96.000   48.000  0.03019 21
 -96.000   49.000  0.03175 13
 -96.000   50.000  0.03397 17
 -95.000   25.000 -0.00873 8
 -95.000   26.000 -0.00896 18
 -95.000   27.000 -0.00703 12
 -95.000   28.000 -0.00697 23
 -95.000   29.000 -0.00350 16
 -95.000   30.000 -0.00074 27
 -95.000   31.000  0.00479 19
 -95.000   32.000  0.00690 29
 -95.000   33.000  0.01166 21
 -95.000   34.000  0.01386 31
 -95.000   35.000  0.01835 23
 -95.000   36.000  0.02004 32
 -95.000   37.000  0.02418 24
 -95.000   38.000  0.02615 33
 -95.000   39.000  0.02917 24
 -95.000   40.000  0.02943 31
 -95.000   41.000  0.02966 22
 -95.000   42.000  0.02735 27
 -95.000   43.000  0.02636 18
 -95.000   44.000  0.02509 23
 -95.000   45.000  0.02501 16
 -95.000   46.000  0.02649 23
 -95.000   47.000  0.03000 16
 -95.000   48.000  0.03295 20
 -95.000   49.000  0.03460 11
 -95.000   50.000  0.03694 12
 -94.000   25.000 -0.01189 4
 -94.000   26.000 -0.01220 13
 -94.000   27.000 -0.01027 11
 -94.000   28.000 -0.00975 20
 -94.000   29.000 -0.00575 14
 -94.000   30.000 -0.00259 21
 -94.000   31.000  0.00320 15
 -94.000   32.000  0.00590 22
 -94.000   33.000  0.01063 17
 -94.000   34.000  0.01277 25
 -94.000   35.000  0.01707 19
 -94.000   36.000  0.01921 26
 -94.000   37.000  0.02342 19
 -94.000   38.000  0.02571 26
 -94.000   39.000  0.02907 19
 -94.000   40.000  0.02994 23
 -94.000   41.000  0.03033 16
 -94.000   42.000  0.02851 20
 -94.000   43.000  0.02806 15
 -94.000   44.000  0.02702 19
 -94.000   45.000  0.02653 14
 -94.000   46.000  0.02783 18
 -94.000   47.000  0.03094 13
 -94.000   48.000  0.03309 19
 -94.000   49.000  0.03431 14
 -94.000   50.000  0.03667 16
 -93.000   25.000 -0.01440 6
 -93.000   26.000 -0.01504 12
 -93.000   27.000 -0.01311 12
 -93.000   28.000 -0.01219 19
 -93.000   29.000 -0.00744 16
 -93.000   30.000 -0.00399 23
 -93.000   31.000  0.00241 19
 -93.000   32.000  0.00590 27
 -93.000   33.000  0.01109 21
 -93.000   34.000  0.01345 30
 -93.000   35.000  0.01805 24
 -93.000   36.000  0.02088 33
 -93.000   37.000  0.02548 25
 -93.000   38.000  0.02805 33
 -93.000   39.000  0.03173 24
 -93.000   40.000  0.03297 32
 -93.000   41.000  0.03358 23
 -93.000   42.000  0.03184 30
 -93.000   43.000  0.03162 20
 -93.000   44.000  0.03036 25
 -93.000   45.000  0.02944 16
 -93.000   46.000  0.02986 21
 -93.000   47.000  0.03221 16
 -93.000   48.000  0.03349 19
 -93.000   49.000  0.03424 15
 -93.000   50.000  0.03605 12
 -92.000   25.000 -0.01510 5
 -92.000   26.000 -0.01633 9
 -92.000   27.000 -0.01463 12
 -92.000   28.000 -0.01420 17
 -92.000   29.000 -0.00961 15
 -92.000   30.000 -0.00667 22
 -92.000   31.000 -0.00069 19
 -92.000   32.000  0.00266 24
 -92.000   33.000  0.00761 18
 -92.000   34.000  0.01014 24
 -92.000   35.000  0.01460 20
 -92.000   36.000  0.01802 25
 -92.000   37.000  0.02280 19
 -92.000   38.000  0.02599 24
 -92.000   39.000  0.03003 18
 -92.000   40.000  0.03201 23
 -92.000   41.000  0.03313 17
 -92.000   42.000  0.03205 21
 -92.000   43.000  0.03193 15
 -92.000   44.000  0.03056 18
 -92.000   45.000  0.02935 13
 -92.000   46.000  0.02916 16
 -92.000   47.000  0.03052 15
 -92.000   48.000  0.03077 18
 -92.000   49.000  0.03103 16
 -92.000   50.000  0.03231 13
 -91.000   25.000 -0.01624 7
 -91.000   26.000 -0.01786 8
 -91.000   27.000 -0.01608 12
 -91.000   28.000 -0.01618 14
 -91.000   29.000 -0.01154 15
 -91.000   30.000 -0.00894 20
 -91.000   31.000 -0.00293 20
 -91.000   32.000  0.00015 24
 -91.000   33.000  0.00534 21
 -91.000   34.000  0.00799 26
 -91.000   35.000  0.01282 25
 -91.000   36.000  0.01670 28
 -91.000   37.000  0.02221 25
 -91.000   38.000  0.02629 26
 -91.000   39.000  0.03117 23
 -91.000   40.000  0.03380 25
 -91.000   41.000  0.03535 23
 -91.000   42.000  0.03426 24
 -91.000   43.000  0.03372 20
 -91.000   44.000  0.03195 21
 -91.000   45.000  0.03067 18
 -91.000   46.000  0.02977 18
 -91.000   47.000  0.03037 18
 -91.000   48.000  0.02970 17
 -91.000   49.000  0.02950 17
 -91.000   50.000  0.02979 11
 -90.000   25.000 -0.01648 8
 -90.000   26.000 -0.01852 10
 -90.000   27.000 -0.01682 12
 -90.000   28.000 -0.01775 14
 -90.000   29.000 -0.01342 13
 -90.000   30.000 -0.01099 18
 -90.000   31.000 -0.00517 17
 -90.000   32.000 -0.00232 22
 -90.000   33.000  0.00261 20
 -90.000   34.000  0.00544 25
 -90.000   35.000  0.00999 22
 -90.000   36.000  0.01409 23
 -90.000   37.000  0.01962 21
 -90.000   38.000  0.02448 21
 -90.000   39.000  0.02976 19
 -90.000   40.000  0.03283 19
 -90.000   41.000  0.03420 19
 -90.000   42.000  0.03310 19
 -90.000   43.000  0.03198 17
 -90.000   44.000  0.03011 16
 -90.000   45.000  0.02900 16
 -90.000   46.000  0.02824 15
 -90.000   47.000  0.02871 17
 -90.000   48.000  0.02750 15
 -90.000   49.000  0.02698 14
 -90.000   50.000  0.02673 10
 -89.000   25.000 -0.01771 8
 -89.000   26.000 -0.01977 9
 -89.000   27.000 -0.01802 13
 -89.000   28.000 -0.01929 14
 -89.000   29.000 -0.01481 15
 -89.000   30.000 -0.01195 16
 -89.000   31.000 -0.00559 16
 -89.000   32.000 -0.00250 20
 -89.000   33.000  0.00266 22
 -89.000   34.000  0.00563 26
 -89.000   35.000  0.00997 25
 -89.000   36.000  0.01392 24
 -89.000   37.000  0.01953 25
 -89.000   38.000  0.02508 23
 -89.000   39.000  0.03081 25
 -89.000   40.000  0.03421 22
 -89.000   41.000  0.03534 25
 -89.000   42.000  0.03391 23
 -89.000   43.000  0.03178 22
 -89.000   44.000  0.02949 20
 -89.000   45.000  0.02847 22
 -89.000   46.000  0.02792 20
 -89.000   47.000  0.02862 22
 -89.000   48.000  0.02747 16
 -89.000   49.000  0.02703 18
 -89.000   50.000  0.02639 12
 -88.000   25.000 -0.01694 9
 -88.000   26.000 -0.01902 11
 -88.000   27.000 -0.01766 13
 -88.000   28.000 -0.01932 15
 -88.000   29.000 -0.01538 14
 -88.000   30.000 -0.01243 17
 -88.000   31.000 -0.00612 15
 -88.000   32.000 -0.00263 20
 -88.000   33.000  0.00260 21
 -88.000   34.000  0.00600 25
 -88.000   35.000  0.00987 23
 -88.000   36.000  0.01342 21
 -88.000   37.000  0.01817 21
 -88.000   38.000  0.02357 21
 -88.000   39.000  0.02861 21
 -88.000   40.000  0.03175 21
 -88.000   41.000  0.03242 20
 -88.000   42.000  0.03108 22
 -88.000   43.000  0.02841 19
 -88.000   44.000  0.02626 18
 -88.000   45.000  0.02567 17
 -88.000   46.000  0.02597 15
 -88.000   47.000  0.02728 18
 -88.000   48.000  0.02665 14
 -88.000   49.000  0.02654 15
 -88.000   50.000  0.02600 10
 -87.000   25.000 -0.01719 9
 -87.000   26.000 -0.01889 10
 -87.000   27.000 -0.01781 14
 -87.000   28.000 -0.01901 15
 -87.000   29.000 -0.01532 16
 -87.000   30.000 -0.01210 17
 -87.000   31.000 -0.00558 16
 -87.000   32.000 -0.00169 19
 -87.000   33.000  0.00366 22
 -87.000   34.000  0.00709 24
 -87.000   35.000  0.01078 25
 -87.000   36.000  0.01395 22
 -87.000   37.000  0.01824 24
 -87.000   38.000  0.02335 22
 -87.000   39.000  0.02799 25
 -87.000   40.000  0.03111 23
 -87.000   41.000  0.03171 24
 -87.000   42.000  0.03083 22
 -87.000   43.000  0.02829 21
 -87.000   44.000  0.02679 19
 -87.000   45.000  0.02645 21
 -87.000   46.000  0.02712 20
 -87.000   47.000  0.02826 23
 -87.000   48.000  0.02762 17
 -87.000   49.000  0.02734 18
 -87.000   50.000  0.02633 12
 -86.000   25.000 -0.01623 9
 -86.000   26.000 -0.01857 11
 -86.000   27.000 -0.01830 13
 -86.000   28.000 -0.01943 15
 -86.000   29.000 -0.01598 14
 -86.000   30.000 -0.01228 17
 -86.000   31.000 -0.00532 15
 -86.000   32.000 -0.00044 19
 -86.000   33.000  0.00490 19
 -86.000   34.000  0.00852 21
 -86.000   35.000  0.01188 21
 -86.000   36.000  0.01508 21
 -86.000   37.000  0.01848 23
 -86.000   38.000  0.02285 23
 -86.000   39.000  0.02616 22
 -86.000   40.000  0.02871 22
 -86.000   41.000  0.02885 21
 -86.000   42.000  0.02861 22
 -86.000   43.000  0.02657 20
 -86.000   44.000  0.02601 18
 -86.000   45.000  0.02601 17
 -86.000   46.000  0.02701 15
 -86.000   47.000  0.02781 16
 -86.000   48.000  0.02712 14
 -86.000   49.000  0.02660 12
 -86.000   50.000  0.02520 9
 -85.000   25.000 -0.01625 7
 -85.000   26.000 -0.01925 8
 -85.000   27.000 -0.01945 12
 -85.000   28.000 -0.02044 14
 -85.000   29.000 -0.01691 16
 -85.000   30.000 -0.01303 17
 -85.000   31.000 -0.00571 16
 -85.000   32.000 -0.00051 19
 -85.000   33.000  0.00477 19
 -85.000   34.000  0.00823 20
 -85.000   35.000  0.01184 19
 -85.000   36.000  0.01542 20
 -85.000   37.000  0.01880 22
 -85.000   38.000  0.02297 22
 -85.000   39.000  0.02560 23
 -85.000   40.000  0.02805 22
 -85.000   41.000  0.02834 24
 -85.000   42.000  0.02908 22
 -85.000   43.000  0.02762 21
 -85.000   44.000  0.02772 18
 -85.000   45.000  0.02738 20
 -85.000   46.000  0.02795 20
 -85.000   47.000  0.02759 22
 -85.000   48.000  0.02641 18
 -85.000   49.000  0.02554 16
 -85.000   50.000  0.02383 11
 -84.000   25.000 -0.01524 9
 -84.000   26.000 -0.01928 10
 -84.000   27.000 -0.02028 12
 -84.000   28.000 -0.02186 15
 -84.000   29.000 -0.01875 15
 -84.000   30.000 -0.01530 18
 -84.000   31.000 -0.00810 15
 -84.000   32.000 -0.00244 20
 -84.000   33.000  0.00317 17
 -84.000   34.000  0.00677 21
 -84.000   35.000  0.01062 18
 -84.000   36.000  0.01466 21
 -84.000   37.000  0.01803 21
 -84.000   38.000  0.02179 23
 -84.000   39.000  0.02375 24
 -84.000   40.000  0.02605 24
 -84.000   41.000  0.02659 23
 -84.000   42.000  0.02795 22
 -84.000   43.000  0.02698 18
 -84.000   44.000  0.02735 19
 -84.000   45.000  0.02681 16
 -84.000   46.000  0.02676 19
 -84.000   47.000  0.02508 17
 -84.000   48.000  0.02307 17
 -84.000   49.000  0.02175 12
 -84.000   50.000  0.01962 9
 -83.000   25.000 -0.01376 7
 -83.000   26.000 -0.01813 7
 -83.000   27.000 -0.01943 11
 -83.000   28.000 -0.02131 12
 -83.000   29.000 -0.01883 14
 -83.000   30.000 -0.01633 16
 -83.000   31.000 -0.00994 16
 -83.000   32.000 -0.00485 20
 -83.000   33.000  0.00073 17
 -83.000   34.000  0.00399 18
 -83.000   35.000  0.00809 15
 -83.000   36.000  0.01244 16
 -83.000   37.000  0.01637 16
 -83.000   38.000  0.02000 17
 -83.000   39.000  0.02193 21
 -83.000   40.000  0.02424 21
 -83.000   41.000  0.02507 21
 -83.000   42.000  0.02661 18
 -83.000   43.000  0.02605 17
 -83.000   44.000  0.02678 18
 -83.000   45.000  0.02634 17
 -83.000   46.000  0.02588 19
 -83.000   47.000  0.02353 19
 -83.000   48.000  0.02113 18
 -83.000   49.000  0.01954 15
 -83.000   50.000  0.01722 11
 -82.000   25.000 -0.01246 11
 -82.000   26.000 -0.01703 11
 -82.000   27.000 -0.01858 14
 -82.000   28.000 -0.02083 15
 -82.000   29.000 -0.01891 15
 -82.000   30.000 -0.01710 18
 -82.000   31.000 -0.01128 16
 -82.000   32.000 -0.00627 20
 -82.000   33.000 -0.00061 16
 -82.000   34.000  0.00253 19
 -82.000   35.000  0.00648 17
 -82.000   36.000  0.01056 20
 -82.000   37.000  0.01439 20
 -82.000   38.000  0.01765 21
 -82.000   39.000  0.01961 22
 -82.000   40.000  0.02173 23
 -82.000   41.000  0.02266 20
 -82.000   42.000  0.02403 20
 -82.000   43.000  0.02378 15
 -82.000   44.000  0.02451 19
 -82.000   45.000  0.02436 14
 -82.000   46.000  0.02398 20
 -82.000   47.000  0.02195 16
 -82.000   48.000  0.01988 17
 -82.000   49.000  0.01843 10
 -82.000   50.000  0.01655 8
 -81.000   25.000 -0.01089 7
 -81.000   26.000 -0.01475 8
 -81.000   27.000 -0.01565 13
 -81.000   28.000 -0.01774 12
 -81.000   29.000 -0.01624 13
 -81.000   30.000 -0.01510 14
 -81.000   31.000 -0.01041 14
 -81.000   32.000 -0.00674 17
 -81.000   33.000 -0.00189 13
 -81.000   34.000  0.00069 14
 -81.000   35.000  0.00392 12
 -81.000   36.000  0.00693 13
 -81.000   37.000  0.01035 14
 -81.000   38.000  0.01316 13
 -81.000   39.000  0.01536 14
 -81.000   40.000  0.01752 15
 -81.000   41.000  0.01893 15
 -81.000   42.000  0.02039 16
 -81.000   43.000  0.02042 15
 -81.000   44.000  0.02107 16
 -81.000   45.000  0.02100 16
 -81.000   46.000  0.02089 16
 -81.000   47.000  0.01928 17
 -81.000   48.000  0.01803 14
 -81.000   49.000  0.01694 14
 -81.000   50.000  0.01607 10
 -80.000   25.000 -0.00989 11
 -80.000   26.000 -0.01299 12
 -80.000   27.000 -0.01332 16
 -80.000   28.000 -0.01518 16
 -80.000   29.000 -0.01380 16
 -80.000   30.000 -0.01274 17
 -80.000   31.000 -0.00874 16
 -80.000   32.000 -0.00582 18
 -80.000   33.000 -0.00170 15
 -80.000   34.000  0.00027 18
 -80.000   35.000  0.00225 17
 -80.000   36.000  0.00384 21
 -80.000   37.000  0.00653 20
 -80.000   38.000  0.00908 21
 -80.000   39.000  0.01195 18
 -80.000   40.000  0.01478 21
 -80.000   41.000  0.01729 17
 -80.000   42.000  0.01899 21
 -80.000   43.000  0.01923 15
 -80.000   44.000  0.01930 19
 -80.000   45.000  0.01879 15
 -80.000   46.000  0.01806 19
 -80.000   47.000  0.01619 17
 -80.000   48.000  0.01481 15
 -80.000   49.000  0.01363 11
 -80.000   50.000  0.01307 7
 -79.000   25.000 -0.00900 7
 -79.000   26.000 -0.01135 9
 -79.000   27.000 -0.01051 13
 -79.000   28.000 -0.01187 12
 -79.000   29.000 -0.00980 11
 -79.000   30.000 -0.00841 12
 -79.000   31.000 -0.00487 12
 -79.000   32.000 -0.00350 15
 -79.000   33.000 -0.00114 11
 -79.000   34.000 -0.00040 14
 -79.000   35.000  0.00019 11
 -79.000   36.000  0.00049 15
 -79.000   37.000  0.00236 13
 -79.000   38.000  0.00474 15
 -79.000   39.000  0.00801 13
 -79.000   40.000  0.01147 15
 -79.000   41.000  0.01460 13
 -79.000   42.000  0.01661 14
 -79.000   43.000  0.01685 14
 -79.000   44.000  0.01653 15
 -79.000   45.000  0.01545 17
 -79.000   46.000  0.01430 14
 -79.000   47.000  0.01273 18
 -79.000   48.000  0.01194 13
 -79.000   49.000  0.01103 15
 -79.000   50.000  0.01096 8
 -78.000   25.000 -0.01090 11
 -78.000   26.000 -0.01272 12
 -78.000   27.000 -0.01097 15
 -78.000   28.000 -0.01163 16
 -78.000   29.000 -0.00839 15
 -78.000   30.000 -0.00576 17
 -78.000   31.000 -0.00155 16
 -78.000   32.000 -0.00042 19
 -78.000   33.000  0.00098 16
 -78.000   34.000  0.00095 17
 -78.000   35.000  0.00049 16
 -78.000   36.000 -0.00023 20
 -78.000   37.000  0.00083 20
 -78.000   38.000  0.00341 21
 -78.000   39.000  0.00731 19
 -78.000   40.000  0.01153 21
 -78.000   41.000  0.01516 19
 -78.000   42.000  0.01744 20
 -78.000   43.000  0.01736 17
 -78.000   44.000  0.01633 18
 -78.000   45.000  0.01425 16
 -78.000   46.000  0.01217 18
 -78.000   47.000  0.00992 17
 -78.000   48.000  0.00860 17
 -78.000   49.000  0.00732 12
 -78.000   50.000  0.00682 8
 -77.000   25.000 -0.01261 7
 -77.000   26.000 -0.01368 9
 -77.000   27.000 -0.01094 12
 -77.000   28.000 -0.01080 13
 -77.000   29.000 -0.00637 12
 -77.000   30.000 -0.00271 14
 -77.000   31.000  0.00168 11
 -77.000   32.000  0.00209 15
 -77.000   33.000  0.00245 11
 -77.000   34.000  0.00177 14
 -77.000   35.000  0.00069 11
 -77.000   36.000 -0.00065 15
 -77.000   37.000 -0.00009 14
 -77.000   38.000  0.00221 15
 -77.000   39.000  0.00588 14
 -77.000   40.000  0.00995 14
 -77.000   41.000  0.01322 15
 -77.000   42.000  0.01517 13
 -77.000   43.000  0.01435 15
 -77.000   44.000  0.01288 12
 -77.000   45.000  0.01008 17
 -77.000   46.000  0.00757 15
 -77.000   47.000  0.00471 20
 -77.000   48.000  0.00320 15
 -77.000   49.000  0.00161 16
 -77.000   50.000  0.00077 9
 -76.000   25.000 -0.01470 10
 -76.000   26.000 -0.01519 12
 -76.000   27.000 -0.01199 15
 -76.000   28.000 -0.01113 17
 -76.000   29.000 -0.00583 18
 -76.000   30.000 -0.00133 18
 -76.000   31.000  0.00348 17
 -76.000   32.000  0.00424 18
 -76.000   33.000  0.00473 17
 -76.000   34.000  0.00411 16
 -76.000   35.000  0.00288 17
 -76.000   36.000  0.00160 18
 -76.000   37.000  0.00191 21
 -76.000   38.000  0.00423 19
 -76.000   39.000  0.00761 20
 -76.000   40.000  0.01177 18
 -76.000   41.000  0.01447 20
 -76.000   42.000  0.01595 19
 -76.000   43.000  0.01420 19
 -76.000   44.000  0.01239 17
 -76.000   45.000  0.00889 17
 -76.000   46.000  0.00557 20
 -76.000   47.000  0.00159 19
 -76.000   48.000 -0.00097 19
 -76.000   49.000 -0.00339 14
 -76.000   50.000 -0.00537 11
 -75.000   25.000 -0.01622 5
 -75.000   26.000 -0.01586 9
 -75.000   27.000 -0.01239 11
 -75.000   28.000 -0.01032 14
 -75.000   29.000 -0.00446 13
 -75.000   30.000 -0.00002 14
 -75.000   31.000  0.00463 12
 -75.000   32.000  0.00554 14
 -75.000   33.000  0.00628 12
 -75.000   34.000  0.00571 14
 -75.000   35.000  0.00457 12
 -75.000   36.000  0.00336 15
 -75.000   37.000  0.00336 14
 -75.000   38.000  0.00507 16
 -75.000   39.000  0.00736 14
 -75.000   40.000  0.01066 13
 -75.000   41.000  0.01194 14
 -75.000   42.000  0.01274 13
 -75.000   43.000  0.01017 16
 -75.000   44.000  0.00871 13
 -75.000   45.000  0.00506 18
 -75.000   46.000  0.00220 17
 -75.000   47.000 -0.00183 21
 -75.000   48.000 -0.00381 16
 -75.000   49.000 -0.00649 16
 -75.000   50.000 -0.00830 9
 -74.000   25.000 -0.01769 8
 -74.000   26.000 -0.01694 12
 -74.000   27.000 -0.01375 15
 -74.000   28.000 -0.01091 18
 -74.000   29.000 -0.00491 18
 -74.000   30.000 -0.00035 18
 -74.000   31.000  0.00462 18
 -74.000   32.000  0.00665 18
 -74.000   33.000  0.00839 18
 -74.000   34.000  0.00836 17
 -74.000   35.000  0.00733 18
 -74.000   36.000  0.00622 17
 -74.000   37.000  0.00574 20
 -74.000   38.000  0.00684 19
 -74.000   39.000  0.00804 21
 -74.000   40.000  0.01053 18
 -74.000   41.000  0.01066 20
 -74.000   42.000  0.01105 18
 -74.000   43.000  0.00822 19
 -74.000   44.000  0.00744 18
 -74.000   45.000  0.00410 18
 -74.000   46.000  0.00170 20
 -74.000   47.000 -0.00252 18
 -74.000   48.000 -0.00465 19
 -74.000   49.000 -0.00784 14
 -74.000   50.000 -0.00992 11
 -73.000   25.000 -0.02056 5
 -73.000   26.000 -0.01923 10
 -73.000   27.000 -0.01615 11
 -73.000   28.000 -0.01219 15
 -73.000   29.000 -0.00587 12
 -73.000   30.000 -0.00168 15
 -73.000   31.000  0.00319 12
 -73.000   32.000  0.00584 15
 -73.000   33.000  0.00818 12
 -73.000   34.000  0.00836 15
 -73.000   35.000  0.00747 12
 -73.000   36.000  0.00664 14
 -73.000   37.000  0.00606 12
 -73.000   38.000  0.00660 15
 -73.000   39.000  0.00669 15
 -73.000   40.000  0.00830 16
 -73.000   41.000  0.00744 16
 -73.000   42.000  0.00775 15
 -73.000   43.000  0.00502 16
 -73.000   44.000  0.00523 15
 -73.000   45.000  0.00209 17
 -73.000   46.000  0.00017 16
 -73.000   47.000 -0.00466 18
 -73.000   48.000 -0.00665 15
 -73.000   49.000 -0.01035 15
 -73.000   50.000 -0.01209 9
 -72.000   25.000 -0.02094 9
 -72.000   26.000 -0.02004 13
 -72.000   27.000 -0.01739 16
 -72.000   28.000 -0.01352 18
 -72.000   29.000 -0.00734 18
 -72.000   30.000 -0.00360 18
 -72.000   31.000  0.00137 18
 -72.000   32.000  0.00483 18
 -72.000   33.000  0.00775 18
 -72.000   34.000  0.00828 18
 -72.000   35.000  0.00754 18
 -72.000   36.000  0.00725 16
 -72.000   37.000  0.00654 18
 -72.000   38.000  0.00694 17
 -72.000   39.000  0.00639 22
 -72.000   40.000  0.00769 19
 -72.000   41.000  0.00669 21
 -72.000   42.000  0.00753 17
 -72.000   43.000  0.00560 18
 -72.000   44.000  0.00669 18
 -72.000   45.000  0.00410 18
 -72.000   46.000  0.00219 18
 -72.000   47.000 -0.00331 16
 -72.000   48.000 -0.00581 17
 -72.000   49.000 -0.00986 15
 -72.000   50.000 -0.01176 12
 -71.000   25.000 -0.02029 6
 -71.000   26.000 -0.01971 11
 -71.000   27.000 -0.01772 11
 -71.000   28.000 -0.01441 15
 -71.000   29.000 -0.00917 12
 -71.000   30.000 -0.00652 15
 -71.000   31.000 -0.00216 12
 -71.000   32.000  0.00140 15
 -71.000   33.000  0.00468 12
 -71.000   34.000  0.00562 15
 -71.000   35.000  0.00565 12
 -71.000   36.000  0.00595 13
 -71.000   37.000  0.00554 12
 -71.000   38.000  0.00568 14
 -71.000   39.000  0.00472 16
 -71.000   40.000  0.00524 16
 -71.000   41.000  0.00405 16
 -71.000   42.000  0.00527 15
 -71.000   43.000  0.00426 16
 -71.000   44.000  0.00611 16
 -71.000   45.000  0.00404 17
 -71.000   46.000  0.00262 16
 -71.000   47.000 -0.00290 17
 -71.000   48.000 -0.00492 14
 -71.000   49.000 -0.00887 13
 -71.000   50.000 -0.00994 9
 -70.000   25.000 -0.01724 9
 -70.000   26.000 -0.01800 13
 -70.000   27.000 -0.01719 16
 -70.000   28.000 -0.01609 18
 -70.000   29.000 -0.01249 18
 -70.000   30.000 -0.01055 18
 -70.000   31.000 -0.00625 18
 -70.000   32.000 -0.00198 18
 -70.000   33.000  0.00212 18
 -70.000   34.000  0.00399 18
 -70.000   35.000  0.00507 18
 -70.000   36.000  0.00618 15
 -70.000   37.000  0.00597 18
 -70.000   38.000  0.00612 16
 -70.000   39.000  0.00501 22
 -70.000   40.000  0.00521 17
 -70.000   41.000  0.00435 20
 -70.000   42.000  0.00640 15
 -70.000   43.000  0.00690 17
 -70.000   44.000  0.00953 16
 -70.000   45.000  0.00867 18
 -70.000   46.000  0.00761 18
 -70.000   47.000  0.00240 17
 -70.000   48.000  0.00008 16
 -70.000   49.000 -0.00340 13
 -70.000   50.000 -0.00449 11
 -69.000   25.000 -0.01222 6
 -69.000   26.000 -0.01445 11
 -69.000   27.000 -0.01556 11
 -69.000   28.000 -0.01777 15
 -69.000   29.000 -0.01706 12
 -69.000   30.000 -0.01664 15
 -69.000   31.000 -0.01294 12
 -69.000   32.000 -0.00811 15
 -69.000   33.000 -0.00256 12
 -69.000   34.000  0.00092 14
 -69.000   35.000  0.00394 13
 -69.000   36.000  0.00670 13
 -69.000   37.000  0.00782 14
 -69.000   38.000  0.00872 13
 -69.000   39.000  0.00798 16
 -69.000   40.000  0.00847 14
 -69.000   41.000  0.00759 15
 -69.000   42.000  0.01046 13
 -69.000   43.000  0.01199 14
 -69.000   44.000  0.01580 13
 -69.000   45.000  0.01556 14
 -69.000   46.000  0.01458 13
 -69.000   47.000  0.00844 14
 -69.000   48.000  0.00435 11
 -69.000   49.000  0.00018 9
 -69.000   50.000 -0.00192 6
 -68.000   25.000 -0.00901 5
 -68.000   26.000 -0.01278 9
 -68.000   27.000 -0.01480 11
 -68.000   28.000 -0.01996 14
 -68.000   29.000 -0.02029 13
 -68.000   30.000 -0.02040 14
 -68.000   31.000 -0.01562 13
 -68.000   32.000 -0.00950 14
 -68.000   33.000 -0.00177 13
 -68.000   34.000  0.00323 13
 -68.000   35.000  0.00824 14
 -68.000   36.000  0.01257 12
 -68.000   37.000  0.01438 15
 -68.000   38.000  0.01620 12
 -68.000   39.000  0.01609 17
 -68.000   40.000  0.01771 13
 -68.000   41.000  0.01744 15
 -68.000   42.000  0.02183 11
 -68.000   43.000  0.02548 12
 -68.000   44.000  0.02917 11
 -68.000   45.000  0.02814 12
 -68.000   46.000  0.02516 12
 -68.000   47.000  0.01731 12
 -68.000   48.000  0.00926 10
 -68.000   49.000  0.00464 8
 -68.000   50.000  0.00135 5
 -67.000   25.000 -0.00548 1
 -67.000   26.000 -0.00920 4
 -67.000   27.000 -0.01128 4
 -67.000   28.000 -0.01624 7
 -67.000   29.000 -0.01685 5
 -67.000   30.000 -0.01645 7
 -67.000   31.000 -0.01075 5
 -67.000   32.000 -0.00320 7
 -67.000   33.000  0.00517 5
 -67.000   34.000  0.01058 6
 -67.000   35.000  0.01618 7
 -67.000   36.000  0.02138 7
 -67.000   37.000  0.02337 8
 -67.000   38.000  0.02653 7
 -67.000   39.000  0.02810 9
 -67.000   40.000  0.03109 9
 -67.000   41.000  0.03075 8
 -67.000   42.000  0.03518 8
 -67.000   43.000  0.03935 7
 -67.000   44.000  0.04090 8
 -67.000   45.000  0.03685 7
 -67.000   46.000  0.03084 8
 -67.000   47.000  0.01935 7
 -67.000   48.000  0.00632 6
 -67.000   49.000  0.00011 4
 -67.000   50.000 -0.00443 2
 -66.000   25.000 -0.00359 0
 -66.000   26.000 -0.00797 1
 -66.000   27.000 -0.01051 3
 -66.000   28.000 -0.01652 4
 -66.000   29.000 -0.01755 5
 -66.000   30.000 -0.01700 4
 -66.000   31.000 -0.01049 5
 -66.000   32.000 -0.00185 4
 -66.000   33.000  0.00759 5
 -66.000   34.000  0.01369 4
 -66.000   35.000  0.01998 6
 -66.000   36.000  0.02606 4
 -66.000   37.000  0.02839 6
 -66.000   38.000  0.03241 5
 -66.000   39.000  0.03461 8
 -66.000   40.000  0.03862 7
 -66.000   41.000  0.03838 6
 -66.000   42.000  0.04344 6
 -66.000   43.000  0.04834 5
 -66.000   44.000  0.04951 6
 -66.000   45.000  0.04457 4
 -66.000   46.000  0.03708 7
 -66.000   47.000  0.02399 6
 -66.000   48.000  0.00794 6
 -66.000   49.000  0.00101 3
 -66.000   50.000 -0.00474 2
 -65.000   25.000 -0.00345 0
 -65.000   26.000 -0.00786 0
 -65.000   27.000 -0.01035 1
 -65.000   28.000 -0.01652 1
 -65.000   29.000 -0.01719 2
 -65.000   30.000 -0.01621 1
 -65.000   31.000 -0.00870 2
 -65.000   32.000  0.00101 1
 -65.000   33.000  0.01150 2
 -65.000   34.000  0.01820 1
 -65.000   35.000  0.02513 3
 -65.000   36.000  0.03218 2
 -65.000   37.000  0.03507 3
 -65.000   38.000  0.04027 2
 -65.000   39.000  0.04344 3
 -65.000   40.000  0.04886 3
 -65.000   41.000  0.04849 2
 -65.000   42.000  0.05380 3
 -65.000   43.000  0.05888 2
 -65.000   44.000  0.05903 3
 -65.000   45.000  0.05180 1
 -65.000   46.000  0.04187 3
 -65.000   47.000  0.02574 2
 -65.000   48.000  0.00539 3
 -65.000   49.000 -0.00317 1
 -65.000   50.000 -0.01051 1
