-130.000   25.000  0.00391 0
-130.000   26.000  0.00469 0
-130.000   27.000  0.00488 3
-130.000   28.000  0.00762 3
-130.000   29.000  0.00938 7
-130.000   30.000  0.01446 4
-130.000   31.000  0.01703 8
-130.000   32.000  0.02034 4
-130.000   33.000  0.01884 8
-130.000   34.000  0.01630 4
-130.000   35.000  0.00858 8
-130.000   36.000  0.00150 4
-130.000   37.000 -0.00670 7
-130.000   38.000 -0.00841 3
-130.000   39.000 -0.00890 5
-130.000   40.000 -0.00437 3
-130.000   41.000 -0.00093 5
-130.000   42.000  0.00351 4
-130.000   43.000  0.00334 5
-130.000   44.000  0.00210 4
-130.000   45.000 -0.00140 3
-130.000   46.000 -0.00296 4
-130.000   47.000 -0.00265 3
-130.000   48.000 -0.00405 4
-130.000   49.000 -0.00339 1
-130.000   50.000 -0.00275 2
-129.000   25.000  0.00615 0
-129.000   26.000  0.00737 1
-129.000   27.000  0.00744 3
-129.000   28.000  0.01041 4
-129.000   29.000  0.01144 5
-129.000   30.000  0.01605 4
-129.000   31.000  0.01801 5
-129.000   32.000  0.02143 4
-129.000   33.000  0.01951 5
-129.000   34.000  0.01720 4
-129.000   35.000  0.00871 5
-129.000   36.000  0.00123 3
-129.000   37.000 -0.00757 5
-129.000   38.000 -0.00916 3
-129.000   39.000 -0.00924 5
-129.000   40.000 -0.00420 5
-129.000   41.000 -0.00025 7
-129.000   42.000  0.00448 8
-129.000   43.000  0.00464 7
-129.000   44.000  0.00363 7
-129.000   45.000  0.00111 5
-129.000   46.000 -0.00006 6
-129.000   47.000  0.00124 5
-129.000   48.000 -0.00022 5
-129.000   49.000  0.00073 2
-129.000   50.000  0.00125 1
-128.000   25.000  0.00513 4
-128.000   26.000  0.00636 5
-128.000   27.000  0.00587 9
-128.000   28.000  0.00814 8
-128.000   29.000  0.00816 10
-128.000   30.000  0.01194 6
-128.000   31.000  0.01357 9
-128.000   32.000  0.01781 6
-128.000   33.000  0.01669 9
-128.000   34.000  0.01515 6
-128.000   35.000  0.00737 9
-128.000   36.000  0.00030 5
-128.000   37.000 -0.00886 10
-128.000   38.000 -0.01083 6
-128.000   39.000 -0.01098 9
-128.000   40.000 -0.00592 6
-128.000   41.000 -0.00174 9
-128.000   42.000  0.00332 9
-128.000   43.000  0.00406 8
-128.000   44.000  0.00353 8
-128.000   45.000  0.00144 6
-128.000   46.000  0.00003 9
-128.000   47.000  0.00138 7
-128.000   48.000 -0.00042 9
-128.000   49.000  0.00049 4
-128.000   50.000  0.00071 5
-127.000   25.000  0.00325 4
-127.000   26.000  0.00574 6
-127.000   27.000  0.00522 10
-127.000   28.000  0.00833 10
-127.000   29.000  0.00775 10
-127.000   30.000  0.01126 7
-127.000   31.000  0.01179 7
-127.000   32.000  0.01676 6
-127.000   33.000  0.01544 6
-127.000   34.000  0.01529 6
-127.000   35.000  0.00805 6
-127.000   36.000  0.00192 5
-127.000   37.000 -0.00763 7
-127.000   38.000 -0.00949 5
-127.000   39.000 -0.00968 7
-127.000   40.000 -0.00464 7
-127.000   41.000 -0.00031 10
-127.000   42.000  0.00467 10
-127.000   43.000  0.00572 8
-127.000   44.000  0.00532 8
-127.000   45.000  0.00467 7
-127.000   46.000  0.00349 9
-127.000   47.000  0.00555 8
-127.000   48.000  0.00306 8
-127.000   49.000  0.00419 5
-127.000   50.000  0.00329 5
-126.000   25.000 -0.00041 8
-126.000   26.000  0.00168 8
-126.000   27.000  0.00048 11
-126.000   28.000  0.00213 9
-126.000   29.000 -0.00021 12
-126.000   30.000  0.00233 7
-126.000   31.000  0.00259 11
-126.000   32.000  0.00872 7
-126.000   33.000  0.00894 10
-126.000   34.000  0.01077 6
-126.000   35.000  0.00559 9
-126.000   36.000  0.00105 6
-126.000   37.000 -0.00825 11
-126.000   38.000 -0.01033 8
-126.000   39.000 -0.01072 10
-126.000   40.000 -0.00596 7
-126.000   41.000 -0.00181 9
-126.000   42.000  0.00296 9
-126.000   43.000  0.00439 7
-126.000   44.000  0.00424 8
-126.000   45.000  0.00391 6
-126.000   46.000  0.00226 11
-126.000   47.000  0.00375 8
-126.000   48.000 -0.00015 10
-126.000   49.000  0.00050 5
-126.000   50.000 -0.00154 7
-125.000   25.000 -0.00426 4
-125.000   26.000 -0.00163 4
-125.000   27.000 -0.00254 6
-125.000   28.000 -0.00032 7
-125.000   29.000 -0.00301 10
-125.000   30.000 -0.00042 8
-125.000   31.000 -0.00092 9
-125.000   32.000  0.00536 7
-125.000   33.000  0.00568 7
-125.000   34.000  0.00921 6
-125.000   35.000  0.00570 6
-125.000   36.000  0.00365 6
-125.000   37.000 -0.00457 7
-125.000   38.000 -0.00621 6
-125.000   39.000 -0.00689 7
-125.000   40.000 -0.00297 6
-125.000   41.000  0.00036 8
-125.000   42.000  0.00422 7
-125.000   43.000  0.00535 7
-125.000   44.000  0.00462 6
-125.000   45.000  0.00484 6
-125.000   46.000  0.00322 7
-125.000   47.000  0.00517 9
-125.000   48.000  0.00077 8
-125.000   49.000  0.00179 7
-125.000   50.000 -0.00080 4
-124.000   25.000 -0.00991 8
-124.000   26.000 -0.00754 7
-124.000   27.000 -0.00897 8
-124.000   28.000 -0.00704 8
-124.000   29.000 -0.01062 12
-124.000   30.000 -0.00834 8
-124.000   31.000 -0.00934 11
-124.000   32.000 -0.00266 7
-124.000   33.000 -0.00139 10
-124.000   34.000  0.00397 6
-124.000   35.000  0.00339 10
-124.000   36.000  0.00465 7
-124.000   37.000 -0.00130 11
-124.000   38.000 -0.00234 8
-124.000   39.000 -0.00339 10
-124.000   40.000 -0.00080 7
-124.000   41.000  0.00105 8
-124.000   42.000  0.00341 9
-124.000   43.000  0.00400 8
-124.000   44.000  0.00286 9
-124.000   45.000  0.00307 6
-124.000   46.000  0.00118 11
-124.000   47.000  0.00292 10
-124.000   48.000 -0.00236 11
-124.000   49.000 -0.00148 6
-124.000   50.000 -0.00489 5
-123.000   25.000 -0.01298 4
-123.000   26.000 -0.01019 5
-123.000   27.000 -0.01103 7
-123.000   28.000 -0.00766 9
-123.000   29.000 -0.01072 11
-123.000   30.000 -0.00828 9
-123.000   31.000 -0.00996 9
-123.000   32.000 -0.00448 7
-123.000   33.000 -0.00386 7
-123.000   34.000  0.00214 6
-123.000   35.000  0.00319 7
-123.000   36.000  0.00699 7
-123.000   37.000  0.00368 7
-123.000   38.000  0.00394 6
-123.000   39.000  0.00280 6
-123.000   40.000  0.00396 5
-123.000   41.000  0.00431 6
-123.000   42.000  0.00491 6
-123.000   43.000  0.00451 8
-123.000   44.000  0.00244 7
-123.000   45.000  0.00305 8
-123.000   46.000  0.00189 8
-123.000   47.000  0.00447 12
-123.000   48.000 -0.00014 10
-123.000   49.000  0.00157 9
-123.000   50.000 -0.00168 4
-122.000   25.000 -0.01408 8
-122.000   26.000 -0.01186 8
-122.000   27.000 -0.01282 9
-122.000   28.000 -0.00995 10
-122.000   29.000 -0.01325 11
-122.000   30.000 -0.01119 10
-122.000   31.000 -0.01325 12
-122.000   32.000 -0.00860 11
-122.000   33.000 -0.00794 13
-122.000   34.000 -0.00170 11
-122.000   35.000  0.00099 14
-122.000   36.000  0.00698 11
-122.000   37.000  0.00629 11
-122.000   38.000  0.00790 9
-122.000   39.000  0.00718 10
-122.000   40.000  0.00704 10
-122.000   41.000  0.00542 9
-122.000   42.000  0.00396 10
-122.000   43.000  0.00237 10
-122.000   44.000 -0.00014 11
-122.000   45.000  0.00081 10
-122.000   46.000  0.00040 13
-122.000   47.000  0.00369 13
-122.000   48.000 -0.00008 12
-122.000   49.000  0.00190 7
-122.000   50.000 -0.00107 4
-121.000   25.000 -0.01097 4
-121.000   26.000 -0.00873 5
-121.000   27.000 -0.00933 8
-121.000   28.000 -0.00639 11
-121.000   29.000 -0.00885 12
-121.000   30.000 -0.00703 12
-121.000   31.000 -0.00956 12
-121.000   32.000 -0.00662 12
-121.000   33.000 -0.00696 11
-121.000   34.000 -0.00181 10
-121.000   35.000  0.00067 9
-121.000   36.000  0.00733 8
-121.000   37.000  0.00869 7
-121.000   38.000  0.01159 7
-121.000   39.000  0.01146 8
-121.000   40.000  0.01025 8
-121.000   41.000  0.00688 7
-121.000   42.000  0.00351 6
-121.000   43.000  0.00119 8
-121.000   44.000 -0.00131 8
-121.000   45.000  0.00065 10
-121.000   46.000  0.00172 9
-121.000   47.000  0.00611 13
-121.000   48.000  0.00361 11
-121.000   49.000  0.00581 10
-121.000   50.000  0.00333 6
-120.000   25.000 -0.00764 8
-120.000   26.000 -0.00617 7
-120.000   27.000 -0.00725 9
-120.000   28.000 -0.00569 12
-120.000   29.000 -0.00835 13
-120.000   30.000 -0.00720 14
-120.000   31.000 -0.00975 13
-120.000   32.000 -0.00796 14
-120.000   33.000 -0.00835 13
-120.000   34.000 -0.00403 13
-120.000   35.000 -0.00131 13
-120.000   36.000  0.00547 11
-120.000   37.000  0.00869 10
-120.000   38.000  0.01246 9
-120.000   39.000  0.01251 11
-120.000   40.000  0.01060 12
-120.000   41.000  0.00579 10
-120.000   42.000  0.00094 10
-120.000   43.000 -0.00192 10
-120.000   44.000 -0.00368 12
-120.000   45.000 -0.00112 11
-120.000   46.000  0.00067 12
-120.000   47.000  0.00481 12
-120.000   48.000  0.00353 12
-120.000   49.000  0.00528 8
-120.000   50.000  0.00280 7
-119.000   25.000 -0.00097 5
-119.000   26.000 -0.00014 6
-119.000   27.000 -0.00126 10
-119.000   28.000 -0.00087 13
-119.000   29.000 -0.00358 15
-119.000   30.000 -0.00324 14
-119.000   31.000 -0.00598 13
-119.000   32.000 -0.00550 12
-119.000   33.000 -0.00653 11
-119.000   34.000 -0.00365 10
-119.000   35.000 -0.00150 9
-119.000   36.000  0.00450 7
-119.000   37.000  0.00831 7
-119.000   38.000  0.01269 6
-119.000   39.000  0.01301 8
-119.000   40.000  0.01099 7
-119.000   41.000  0.00561 7
-119.000   42.000  0.00050 6
-119.000   43.000 -0.00254 8
-119.000   44.000 -0.00362 8
-119.000   45.000 -0.00084 10
-119.000   46.000  0.00162 8
-119.000   47.000  0.00481 11
-119.000   48.000  0.00424 10
-119.000   49.000  0.00544 11
-119.000   50.000  0.00323 10
-118.000   25.000  0.00529 10
-118.000   26.000  0.00484 9
-118.000   27.000  0.00307 12
-118.000   28.000  0.00119 12
-118.000   29.000 -0.00217 13
-118.000   30.000 -0.00257 13
-118.000   31.000 -0.00513 12
-118.000   32.000 -0.00486 13
-118.000   33.000 -0.00556 11
-118.000   34.000 -0.00319 13
-118.000   35.000 -0.00122 11
-118.000   36.000  0.00419 11
-118.000   37.000  0.00813 9
-118.000   38.000  0.01253 10
-118.000   39.000  0.01298 11
-118.000   40.000  0.01123 12
-118.000   41.000  0.00575 12
-118.000   42.000  0.00051 13
-118.000   43.000 -0.00284 12
-118.000   44.000 -0.00365 12
-118.000   45.000 -0.00125 11
-118.000   46.000  0.00103 12
-118.000   47.000  0.00305 12
-118.000   48.000  0.00274 10
-118.000   49.000  0.00330 8
-118.000   50.000  0.00121 8
-117.000   25.000  0.01121 7
-117.000   26.000  0.00941 8
-117.000   27.000  0.00726 14
-117.000   28.000  0.00425 13
-117.000   29.000  0.00069 15
-117.000   30.000 -0.00013 12
-117.000   31.000 -0.00196 14
-117.000   32.000 -0.00155 14
-117.000   33.000 -0.00225 15
-117.000   34.000 -0.00065 14
-117.000   35.000  0.00064 13
-117.000   36.000  0.00471 12
-117.000   37.000  0.00774 12
-117.000   38.000  0.01158 12
-117.000   39.000  0.01198 13
-117.000   40.000  0.01101 12
-117.000   41.000  0.00684 12
-117.000   42.000  0.00299 11
-117.000   43.000  0.00023 11
-117.000   44.000 -0.00029 10
-117.000   45.000  0.00098 12
-117.000   46.000  0.00216 12
-117.000   47.000  0.00189 15
-117.000   48.000  0.00051 12
-117.000   49.000  0.00002 13
-117.000   50.000 -0.00217 11
-116.000   25.000  0.01475 11
-116.000   26.000  0.01159 10
-116.000   27.000  0.00895 14
-116.000   28.000  0.00492 12
-116.000   29.000  0.00113 13
-116.000   30.000  0.00046 12
-116.000   31.000 -0.00004 12
-116.000   32.000  0.00134 14
-116.000   33.000  0.00125 12
-116.000   34.000  0.00277 15
-116.000   35.000  0.00359 12
-116.000   36.000  0.00637 15
-116.000   37.000  0.00813 14
-116.000   38.000  0.01087 17
-116.000   39.000  0.01088 17
-116.000   40.000  0.01071 16
-116.000   41.000  0.00816 15
-116.000   42.000  0.00597 14
-116.000   43.000  0.00408 13
-116.000   44.000  0.00356 12
-116.000   45.000  0.00326 12
-116.000   46.000  0.00276 12
-116.000   47.000  0.00062 13
-116.000   48.000 -0.00100 11
-116.000   49.000 -0.00191 10
-116.000   50.000 -0.00358 9
-115.000   25.000  0.01414 7
-115.000   26.000  0.01095 8
-115.000   27.000  0.00875 15
-115.000   28.000  0.00531 14
-115.000   29.000  0.00239 17
-115.000   30.000  0.00242 14
-115.000   31.000  0.00299 17
-115.000   32.000  0.00505 16
-115.000   33.000  0.00514 17
-115.000   34.000  0.00641 16
-115.000   35.000  0.00660 17
-115.000   36.000  0.00805 18
-115.000   37.000  0.00826 19
-115.000   38.000  0.00974 19
-115.000   39.000  0.00955 18
-115.000   40.000  0.01000 15
-115.000   41.000  0.00919 14
-115.000   42.000  0.00890 11
-115.000   43.000  0.00815 14
-115.000   44.000  0.00775 12
-115.000   45.000  0.00636 16
-115.000   46.000  0.00464 12
-115.000   47.000  0.00142 17
-115.000   48.000 -0.00093 14
-115.000   49.000 -0.00228 16
-115.000   50.000 -0.00353 11
-114.000   25.000  0.01255 9
-114.000   26.000  0.00960 9
-114.000   27.000  0.00786 13
-114.000   28.000  0.00483 12
-114.000   29.000  0.00281 14
-114.000   30.000  0.00332 14
-114.000   31.000  0.00493 15
-114.000   32.000  0.00784 16
-114.000   33.000  0.00861 13
-114.000   34.000  0.00995 15
-114.000   35.000  0.00945 13
-114.000   36.000  0.00962 17
-114.000   37.000  0.00841 17
-114.000   38.000  0.00874 18
-114.000   39.000  0.00842 19
-114.000   40.000  0.00948 16
-114.000   41.000  0.00967 18
-114.000   42.000  0.00990 13
-114.000   43.000  0.00960 16
-114.000   44.000  0.00922 11
-114.000   45.000  0.00749 15
-114.000   46.000  0.00558 10
-114.000   47.000  0.00293 14
-114.000   48.000  0.00135 11
-114.000   49.000  0.00023 12
-114.000   50.000 -0.00053 9
-113.000   25.000  0.01034 7
-113.000   26.000  0.00790 8
-113.000   27.000  0.00654 15
-113.000   28.000  0.00443 14
-113.000   29.000  0.00313 18
-113.000   30.000  0.00401 15
-113.000   31.000  0.00624 19
-113.000   32.000  0.00944 17
-113.000   33.000  0.01040 18
-113.000   34.000  0.01133 16
-113.000   35.000  0.01019 18
-113.000   36.000  0.00938 20
-113.000   37.000  0.00734 23
-113.000   38.000  0.00701 22
-113.000   39.000  0.00673 22
-113.000   40.000  0.00806 18
-113.000   41.000  0.00865 19
-113.000   42.000  0.00932 14
-113.000   43.000  0.00963 17
-113.000   44.000  0.00999 12
-113.000   45.000  0.00845 18
-113.000   46.000  0.00702 12
-113.000   47.000  0.00477 19
-113.000   48.000  0.00328 14
-113.000   49.000  0.00181 19
-113.000   50.000  0.00108 13
-112.000   25.000  0.01019 8
-112.000   26.000  0.00835 10
-112.000   27.000  0.00716 13
-112.000   28.000  0.00575 13
-112.000   29.000  0.00488 14
-112.000   30.000  0.00580 15
-112.000   31.000  0.00802 16
-112.000   32.000  0.01123 18
-112.000   33.000  0.01201 16
-112.000   34.000  0.01243 18
-112.000   35.000  0.01035 16
-112.000   36.000  0.00888 19
-112.000   37.000  0.00651 20
-112.000   38.000  0.00630 21
-112.000   39.000  0.00641 23
-112.000   40.000  0.00822 19
-112.000   41.000  0.00882 21
-112.000   42.000  0.00920 15
-112.000   43.000  0.00909 18
-112.000   44.000  0.00937 12
-112.000   45.000  0.00792 17
-112.000   46.000  0.00728 10
-112.000   47.000  0.00617 16
-112.000   48.000  0.00624 12
-112.000   49.000  0.00538 16
-112.000   50.000  0.00552 11
-111.000   25.000  0.00872 9
-111.000   26.000  0.00812 12
-111.000   27.000  0.00719 16
-111.000   28.000  0.00725 14
-111.000   29.000  0.00659 16
-111.000   30.000  0.00738 15
-111.000   31.000  0.00849 19
-111.000   32.000  0.01078 18
-111.000   33.000  0.01076 20
-111.000   34.000  0.01066 21
-111.000   35.000  0.00850 23
-111.000   36.000  0.00745 24
-111.000   37.000  0.00592 26
-111.000   38.000  0.00623 26
-111.000   39.000  0.00677 25
-111.000   40.000  0.00861 21
-111.000   41.000  0.00918 20
-111.000   42.000  0.00945 17
-111.000   43.000  0.00902 18
-111.000   44.000  0.00921 14
-111.000   45.000  0.00786 17
-111.000   46.000  0.00784 11
-111.000   47.000  0.00729 18
-111.000   48.000  0.00810 15
-111.000   49.000  0.00771 21
-111.000   50.000  0.00848 13
-110.000   25.000  0.00914 8
-110.000   26.000  0.00924 12
-110.000   27.000  0.00849 13
-110.000   28.000  0.00937 14
-110.000   29.000  0.00883 12
-110.000   30.000  0.00951 15
-110.000   31.000  0.00970 16
-110.000   32.000  0.01109 20
-110.000   33.000  0.01024 18
-110.000   34.000  0.00969 22
-110.000   35.000  0.00718 20
-110.000   36.000  0.00641 22
-110.000   37.000  0.00559 20
-110.000   38.000  0.00660 21
-110.000   39.000  0.00758 20
-110.000   40.000  0.00973 19
-110.000   41.000  0.01025 20
-110.000   42.000  0.01010 19
-110.000   43.000  0.00879 21
-110.000   44.000  0.00855 16
-110.000   45.000  0.00706 17
-110.000   46.000  0.00749 10
-110.000   47.000  0.00737 16
-110.000   48.000  0.00902 14
-110.000   49.000  0.00910 16
-110.000   50.000  0.01028 9
-109.000   25.000  0.00686 9
-109.000   26.000  0.00731 12
-109.000   27.000  0.00668 14
-109.000   28.000  0.00807 16
-109.000   29.000  0.00750 15
-109.000   30.000  0.00815 15
-109.000   31.000  0.00763 17
-109.000   32.000  0.00844 19
-109.000   33.000  0.00734 21
-109.000   34.000  0.00702 24
-109.000   35.000  0.00516 25
-109.000   36.000  0.00516 27
-109.000   37.000  0.00513 25
-109.000   38.000  0.00651 26
-109.000   39.000  0.00770 22
-109.000   40.000  0.00987 23
-109.000   41.000  0.01063 20
-109.000   42.000  0.01076 21
-109.000   43.000  0.00928 18
-109.000   44.000  0.00903 15
-109.000   45.000  0.00764 15
-109.000   46.000  0.00813 11
-109.000   47.000  0.00750 17
-109.000   48.000  0.00876 15
-109.000   49.000  0.00862 19
-109.000   50.000  0.00937 11
-108.000   25.000  0.00554 7
-108.000   26.000  0.00597 10
-108.000   27.000  0.00559 10
-108.000   28.000  0.00670 15
-108.000   29.000  0.00626 12
-108.000   30.000  0.00730 15
-108.000   31.000  0.00642 12
-108.000   32.000  0.00691 17
-108.000   33.000  0.00553 16
-108.000   34.000  0.00556 22
-108.000   35.000  0.00391 20
-108.000   36.000  0.00445 23
-108.000   37.000  0.00449 18
-108.000   38.000  0.00630 21
-108.000   39.000  0.00752 17
-108.000   40.000  0.01012 20
-108.000   41.000  0.01087 17
-108.000   42.000  0.01137 19
-108.000   43.000  0.00937 16
-108.000   44.000  0.00896 16
-108.000   45.000  0.00728 16
-108.000   46.000  0.00777 13
-108.000   47.000  0.00663 17
-108.000   48.000  0.00793 13
-108.000   49.000  0.00765 14
-108.000   50.000  0.00809 7
-107.000   25.000  0.00218 8
-107.000   26.000  0.00262 13
-107.000   27.000  0.00229 13
-107.000   28.000  0.00313 19
-107.000   29.000  0.00270 15
-107.000   30.000  0.00378 19
-107.000   31.000  0.00281 15
-107.000   32.000  0.00337 22
-107.000   33.000  0.00252 21
-107.000   34.000  0.00322 29
-107.000   35.000  0.00250 25
-107.000   36.000  0.00384 30
-107.000   37.000  0.00413 23
-107.000   38.000  0.00602 27
-107.000   39.000  0.00725 21
-107.000   40.000  0.00995 26
-107.000   41.000  0.01080 19
-107.000   42.000  0.01166 23
-107.000   43.000  0.00979 15
-107.000   44.000  0.00973 19
-107.000   45.000  0.00837 15
-107.000   46.000  0.00894 17
-107.000   47.000  0.00748 18
-107.000   48.000  0.00816 17
-107.000   49.000  0.00738 16
-107.000   50.000  0.00687 9
-106.000   25.000  0.00114 6
-106.000   26.000  0.00116 12
-106.000   27.000  0.00080 10
-106.000   28.000  0.00087 16
-106.000   29.000  0.00054 10
-106.000   30.000  0.00157 17
-106.000   31.000  0.00071 12
-106.000   32.000  0.00134 21
-106.000   33.000  0.00057 17
-106.000   34.000  0.00152 24
-106.000   35.000  0.00097 18
-106.000   36.000  0.00279 22
-106.000   37.000  0.00292 16
-106.000   38.000  0.00520 19
-106.000   39.000  0.00610 15
-106.000   40.000  0.00891 19
-106.000   41.000  0.00893 15
-106.000   42.000  0.00971 19
-106.000   43.000  0.00726 14
-106.000   44.000  0.00766 18
-106.000   45.000  0.00654 14
-106.000   46.000  0.00791 17
-106.000   47.000  0.00693 16
-106.000   48.000  0.00841 16
-106.000   49.000  0.00756 11
-106.000   50.000  0.00699 8
-105.000   25.000 -0.00234 7
-105.000   26.000 -0.00225 17
-105.000   27.000 -0.00242 14
-105.000   28.000 -0.00226 24
-105.000   29.000 -0.00246 15
-105.000   30.000 -0.00171 24
-105.000   31.000 -0.00247 18
-105.000   32.000 -0.00176 30
-105.000   33.000 -0.00221 24
-105.000   34.000 -0.00078 33
-105.000   35.000 -0.00072 24
-105.000   36.000  0.00169 31
-105.000   37.000  0.00208 22
-105.000   38.000  0.00483 28
-105.000   39.000  0.00605 21
-105.000   40.000  0.00907 27
-105.000   41.000  0.00889 20
-105.000   42.000  0.00960 25
-105.000   43.000  0.00707 17
-105.000   44.000  0.00763 21
-105.000   45.000  0.00694 14
-105.000   46.000  0.00880 19
-105.000   47.000  0.00830 16
-105.000   48.000  0.01005 19
-105.000   49.000  0.00915 12
-105.000   50.000  0.00833 10
-104.000   25.000 -0.00388 5
-104.000   26.000 -0.00343 15
-104.000   27.000 -0.00328 11
-104.000   28.000 -0.00241 21
-104.000   29.000 -0.00228 12
-104.000   30.000 -0.00148 20
-104.000   31.000 -0.00222 13
-104.000   32.000 -0.00163 22
-104.000   33.000 -0.00262 17
-104.000   34.000 -0.00138 23
-104.000   35.000 -0.00169 17
-104.000   36.000  0.00089 20
-104.000   37.000  0.00125 15
-104.000   38.000  0.00473 19
-104.000   39.000  0.00621 16
-104.000   40.000  0.00954 19
-104.000   41.000  0.00890 15
-104.000   42.000  0.00951 18
-104.000   43.000  0.00639 14
-104.000   44.000  0.00662 16
-104.000   45.000  0.00541 12
-104.000   46.000  0.00760 16
-104.000   47.000  0.00751 15
-104.000   48.000  0.01065 18
-104.000   49.000  0.01017 11
-104.000   50.000  0.01047 11
-103.000   25.000 -0.00402 8
-103.000   26.000 -0.00326 21
-103.000   27.000 -0.00299 15
-103.000   28.000 -0.00157 28
-103.000   29.000 -0.00129 17
-103.000   30.000 -0.00053 29
-103.000   31.000 -0.00139 19
-103.000   32.000 -0.00103 31
-103.000   33.000 -0.00255 22
-103.000   34.000 -0.00167 33
-103.000   35.000 -0.00217 24
-103.000   36.000  0.00053 32
-103.000   37.000  0.00124 23
-103.000   38.000  0.00523 30
-103.000   39.000  0.00722 23
-103.000   40.000  0.01078 29
-103.000   41.000  0.01047 22
-103.000   42.000  0.01104 26
-103.000   43.000  0.00804 19
-103.000   44.000  0.00819 23
-103.000   45.000  0.00695 16
-103.000   46.000  0.00916 20
-103.000   47.000  0.00925 17
-103.000   48.000  0.01293 21
-103.000   49.000  0.01269 13
-103.000   50.000  0.01347 11
-102.000   25.000 -0.00018 5
-102.000   26.000  0.00004 16
-102.000   27.000 -0.00014 12
-102.000   28.000  0.00043 24
-102.000   29.000  0.00041 14
-102.000   30.000  0.00093 26
-102.000   31.000 -0.00016 15
-102.000   32.000 -0.00007 25
-102.000   33.000 -0.00205 16
-102.000   34.000 -0.00168 24
-102.000   35.000 -0.00252 17
-102.000   36.000  0.00004 21
-102.000   37.000  0.00082 16
-102.000   38.000  0.00487 18
-102.000   39.000  0.00678 15
-102.000   40.000  0.01017 19
-102.000   41.000  0.00969 17
-102.000   42.000  0.01011 19
-102.000   43.000  0.00694 15
-102.000   44.000  0.00708 17
-102.000   45.000  0.00571 14
-102.000   46.000  0.00828 16
-102.000   47.000  0.00883 16
-102.000   48.000  0.01363 20
-102.000   49.000  0.01387 15
-102.000   50.000  0.01571 15
-101.000   25.000 -0.00022 8
-101.000   26.000  0.00029 20
-101.000   27.000  0.00040 14
-101.000   28.000  0.00118 27
-101.000   29.000  0.00112 17
-101.000   30.000  0.00151 31
-101.000   31.000 -0.00001 20
-101.000   32.000 -0.00049 32
-101.000   33.000 -0.00255 21
-101.000   34.000 -0.00226 34
-101.000   35.000 -0.00265 25
-101.000   36.000  0.00004 33
-101.000   37.000  0.00115 25
-101.000   38.000  0.00494 32
-101.000   39.000  0.00705 27
-101.000   40.000  0.01029 32
-101.000   41.000  0.01045 27
-101.000   42.000  0.01101 28
-101.000   43.000  0.00855 21
-101.000   44.000  0.00873 23
-101.000   45.000  0.00765 19
-101.000   46.000  0.00985 23
-101.000   47.000  0.01034 19
-101.000   48.000  0.01475 21
-101.000   49.000  0.01502 13
-101.000   50.000  0.01675 12
-100.000   25.000  0.00110 4
-100.000   26.000  0.00141 15
-100.000   27.000  0.00136 12
-100.000   28.000  0.00164 24
-100.000   29.000  0.00114 14
-100.000   30.000  0.00100 26
-100.000   31.000 -0.00080 15
-100.000   32.000 -0.00167 25
-100.000   33.000 -0.00347 16
-100.000   34.000 -0.00315 26
-100.000   35.000 -0.00303 19
-100.000   36.000 -0.00040 22
-100.000   37.000  0.00086 17
-100.000   38.000  0.00410 20
-100.000   39.000  0.00592 19
-100.000   40.000  0.00868 22
-100.000   41.000  0.00890 21
-100.000   42.000  0.00949 21
-100.000   43.000  0.00736 16
-100.000   44.000  0.00745 16
-100.000   45.000  0.00617 15
-100.000   46.000  0.00827 18
-100.000   47.000  0.00904 17
-100.000   48.000  0.01392 21
-100.000   49.000  0.01460 15
-100.000   50.000  0.01719 16
 -99.000   25.000  0.00140 8
 -99.000   26.000  0.00126 20
 -99.000   27.000  0.00100 14
 -99.000   28.000  0.00044 27
 -99.000   29.000 -0.00005 17
 -99.000   30.000 -0.00001 30
 -99.000   31.000 -0.00154 19
 -99.000   32.000 -0.00249 31
 -99.000   33.000 -0.00396 21
 -99.000   34.000 -0.00376 34
 -99.000   35.000 -0.00305 25
 -99.000   36.000 -0.00044 33
 -99.000   37.000  0.00117 25
 -99.000   38.000  0.00386 32
 -99.000   39.000  0.00560 27
 -99.000   40.000  0.00778 32
 -99.000   41.000  0.00840 28
 -99.000   42.000  0.00921 30
 -99.000   43.000  0.00829 22
 -99.000   44.000  0.00887 23
 -99.000   45.000  0.00819 17
 -99.000   46.000  0.00986 23
 -99.000   47.000  0.01043 19
 -99.000   48.000  0.01431 23
 -99.000   49.000  0.01475 13
 -99.000   50.000  0.01687 12
 -98.000   25.000  0.00142 4
 -98.000   26.000  0.00071 15
 -98.000   27.000  0.00004 12
 -98.000   28.000 -0.00117 25
 -98.000   29.000 -0.00169 15
 -98.000   30.000 -0.00175 26
 -98.000   31.000 -0.00274 15
 -98.000   32.000 -0.00337 25
 -98.000   33.000 -0.00434 17
 -98.000   34.000 -0.00446 24
 -98.000   35.000 -0.00359 17
 -98.000   36.000 -0.00149 22
 -98.000   37.000  0.00011 17
 -98.000   38.000  0.00219 20
 -98.000   39.000  0.00388 16
 -98.000   40.000  0.00549 20
 -98.000   41.000  0.00612 18
 -98.000   42.000  0.00682 20
 -98.000   43.000  0.00652 15
 -98.000   44.000  0.00712 16
 -98.000   45.000  0.00665 12
 -98.000   46.000  0.00818 16
 -98.000   47.000  0.00910 15
 -98.000   48.000  0.01270 21
 -98.000   49.000  0.01324 14
 -98.000   50.000  0.01564 16
 -97.000   25.000 -0.00276 8
 -97.000   26.000 -0.00307 19
 -97.000   27.000 -0.00330 13
 -97.000   28.000 -0.00373 27
 -97.000   29.000 -0.00387 18
 -97.000   30.000 -0.00353 31
 -97.000   31.000 -0.00382 20
 -97.000   32.000 -0.00414 32
 -97.000   33.000 -0.00461 22
 -97.000   34.000 -0.00455 32
 -97.000   35.000 -0.00320 23
 -97.000   36.000 -0.00139 32
 -97.000   37.000  0.00025 24
 -97.000   38.000  0.00182 32
 -97.000   39.000  0.00362 24
 -97.000   40.000  0.00471 31
 -97.000   41.000  0.00543 25
 -97.000   42.000  0.00596 29
 -97.000   43.000  0.00640 20
 -97.000   44.000  0.00699 23
 -97.000   45.000  0.00682 16
 -97.000   46.000  0.00813 23
 -97.000   47.000  0.00947 18
 -97.000   48.000  0.01261 23
 -97.000   49.000  0.01322 13
 -97.000   50.000  0.01558 13
 -96.000   25.000 -0.00329 5
 -96.000   26.000 -0.00374 15
 -96.000   27.000 -0.00409 12
 -96.000   28.000 -0.00464 24
 -96.000   29.000 -0.00488 16
 -96.000   30.000 -0.00463 25
 -96.000   31.000 -0.00430 16
 -96.000   32.000 -0.00405 24
 -96.000   33.000 -0.00383 17
 -96.000   34.000 -0.00356 22
 -96.000   35.000 -0.00218 16
 -96.000   36.000 -0.00110 21
 -96.000   37.000  0.00002 17
 -96.000   38.000  0.00090 23
 -96.000   39.000  0.00254 18
 -96.000   40.000  0.00320 21
 -96.000   41.000  0.00374 16
 -96.000   42.000  0.00383 17
 -96.000   43.000  0.00452 13
 -96.000   44.000  0.00473 15
 -96.000   45.000  0.00467 13
 -96.000   46.000  0.00611 17
 -96.000   47.000  0.00845 14
 -96.000   48.000  0.01183 19
 -96.000   49.000  0.01297 12
 -96.000   50.000  0.01571 15
 -95.000   25.000 -0.00329 9
 -95.000   26.000 -0.00409 18
 -95.000   27.000 -0.00461 14
 -95.000   28.000 -0.00565 25
 -95.000   29.000 -0.00572 18
 -95.000   30.000 -0.00508 30
 -95.000   31.000 -0.00428 21
 -95.000   32.000 -0.00340 33
 -95.000   33.000 -0.00271 22
 -95.000   34.000 -0.00218 32
 -95.000   35.000 -0.00074 22
 -95.000   36.000  0.00021 32
 -95.000   37.000  0.00110 24
 -95.000   38.000  0.00153 33
 -95.000   39.000  0.00295 24
 -95.000   40.000  0.00329 31
 -95.000   41.000  0.00369 23
 -95.000   42.000  0.00337 28
 -95.000   43.000  0.00420 20
 -95.000   44.000  0.00428 24
 -95.000   45.000  0.00468 17
 -95.000   46.000  0.00616 21
 -95.000   47.000  0.00907 16
 -95.000   48.000  0.01220 22
 -95.000   49.000  0.01356 15
 -95.000   50.000  0.01581 14
 -94.000   25.000 -0.00077 8
 -94.000   26.000 -0.00208 15
 -94.000   27.000 -0.00298 14
 -94.000   28.000 -0.00447 21
 -94.000   29.000 -0.00486 16
 -94.000   30.000 -0.00458 25
 -94.000   31.000 -0.00376 18
 -94.000   32.000 -0.00237 26
 -94.000   33.000 -0.00113 17
 -94.000   34.000 -0.00032 24
 -94.000   35.000  0.00087 17
 -94.000   36.000  0.00152 25
 -94.000   37.000  0.00173 19
 -94.000   38.000  0.00147 26
 -94.000   39.000  0.00232 19
 -94.000   40.000  0.00253 23
 -94.000   41.000  0.00270 16
 -94.000   42.000  0.00200 19
 -94.000   43.000  0.00247 15
 -94.000   44.000  0.00208 17
 -94.000   45.000  0.00247 14
 -94.000   46.000  0.00388 15
 -94.000   47.000  0.00735 15
 -94.000   48.000  0.01020 18
 -94.000   49.000  0.01188 14
 -94.000   50.000  0.01375 12
 -93.000   25.000 -0.00064 9
 -93.000   26.000 -0.00191 13
 -93.000   27.000 -0.00274 14
 -93.000   28.000 -0.00393 19
 -93.000   29.000 -0.00439 17
 -93.000   30.000 -0.00397 26
 -93.000   31.000 -0.00307 21
 -93.000   32.000 -0.00116 29
 -93.000   33.000  0.00052 20
 -93.000   34.000  0.00195 29
 -93.000   35.000  0.00321 23
 -93.000   36.000  0.00391 32
 -93.000   37.000  0.00374 25
 -93.000   38.000  0.00299 32
 -93.000   39.000  0.00344 25
 -93.000   40.000  0.00359 31
 -93.000   41.000  0.00371 24
 -93.000   42.000  0.00270 28
 -93.000   43.000  0.00266 21
 -93.000   44.000  0.00151 23
 -93.000   45.000  0.00144 18
 -93.000   46.000  0.00228 19
 -93.000   47.000  0.00575 19
 -93.000   48.000  0.00837 21
 -93.000   49.000  0.01032 19
 -93.000   50.000  0.01197 13
 -92.000   25.000  0.00201 8
 -92.000   26.000  0.00065 12
 -92.000   27.000 -0.00048 14
 -92.000   28.000 -0.00186 18
 -92.000   29.000 -0.00300 16
 -92.000   30.000 -0.00317 23
 -92.000   31.000 -0.00252 19
 -92.000   32.000 -0.00049 24
 -92.000   33.000  0.00137 17
 -92.000   34.000  0.00289 23
 -92.000   35.000  0.00380 19
 -92.000   36.000  0.00406 24
 -92.000   37.000  0.00342 19
 -92.000   38.000  0.00242 23
 -92.000   39.000  0.00269 19
 -92.000   40.000  0.00297 22
 -92.000   41.000  0.00311 18
 -92.000   42.000  0.00217 19
 -92.000   43.000  0.00171 15
 -92.000   44.000  0.00014 15
 -92.000   45.000 -0.00040 14
 -92.000   46.000  0.00001 14
 -92.000   47.000  0.00296 18
 -92.000   48.000  0.00515 17
 -92.000   49.000  0.00702 16
 -92.000   50.000  0.00843 10
 -91.000   25.000  0.00343 8
 -91.000   26.000  0.00179 9
 -91.000   27.000  0.00023 13
 -91.000   28.000 -0.00129 14
 -91.000   29.000 -0.00292 15
 -91.000   30.000 -0.00308 19
 -91.000   31.000 -0.00226 19
 -91.000   32.000  0.00011 24
 -91.000   33.000  0.00202 21
 -91.000   34.000  0.00339 26
 -91.000   35.000  0.00414 23
 -91.000   36.000  0.00422 26
 -91.000   37.000  0.00380 24
 -91.000   38.000  0.00307 25
 -91.000   39.000  0.00373 24
 -91.000   40.000  0.00413 25
 -91.000   41.000  0.00438 25
 -91.000   42.000  0.00345 24
 -91.000   43.000  0.00259 21
 -91.000   44.000  0.00080 20
 -91.000   45.000 -0.00022 18
 -91.000   46.000 -0.00038 17
 -91.000   47.000  0.00158 18
 -91.000   48.000  0.00305 18
 -91.000   49.000  0.00440 19
 -91.000   50.000  0.00543 14
 -90.000   25.000  0.00776 9
 -90.000   26.000  0.00581 12
 -90.000   27.000  0.00357 14
 -90.000   28.000  0.00144 15
 -90.000   29.000 -0.00127 13
 -90.000   30.000 -0.00207 19
 -90.000   31.000 -0.00153 18
 -90.000   32.000  0.00072 25
 -90.000   33.000  0.00245 20
 -90.000   34.000  0.00349 25
 -90.000   35.000  0.00390 20
 -90.000   36.000  0.00347 23
 -90.000   37.000  0.00298 21
 -90.000   38.000  0.00231 21
 -90.000   39.000  0.00297 19
 -90.000   40.000  0.00324 19
 -90.000   41.000  0.00330 20
 -90.000   42.000  0.00255 20
 -90.000   43.000  0.00160 18
 -90.000   44.000  0.00010 16
 -90.000   45.000 -0.00119 15
 -90.000   46.000 -0.00149 13
 -90.000   47.000 -0.00044 16
 -90.000   48.000  0.00048 15
 -90.000   49.000  0.00120 15
 -90.000   50.000  0.00210 10
 -89.000   25.000  0.01089 9
 -89.000   26.000  0.00919 9
 -89.000   27.000  0.00659 14
 -89.000   28.000  0.00430 12
 -89.000   29.000  0.00068 14
 -89.000   30.000 -0.00033 16
 -89.000   31.000 -0.00018 19
 -89.000   32.000  0.00176 23
 -89.000   33.000  0.00317 22
 -89.000   34.000  0.00407 25
 -89.000   35.000  0.00455 24
 -89.000   36.000  0.00388 24
 -89.000   37.000  0.00371 24
 -89.000   38.000  0.00322 23
 -89.000   39.000  0.00421 25
 -89.000   40.000  0.00413 23
 -89.000   41.000  0.00403 26
 -89.000   42.000  0.00312 23
 -89.000   43.000  0.00212 22
 -89.000   44.000  0.00072 18
 -89.000   45.000 -0.00083 20
 -89.000   46.000 -0.00129 18
 -89.000   47.000 -0.00081 21
 -89.000   48.000 -0.00003 17
 -89.000   49.000  0.00022 20
 -89.000   50.000  0.00122 14
 -88.000   25.000  0.01489 9
 -88.000   26.000  0.01359 11
 -88.000   27.000  0.01067 14
 -88.000   28.000  0.00801 16
 -88.000   29.000  0.00325 15
 -88.000   30.000  0.00113 19
 -88.000   31.000  0.00025 18
 -88.000   32.000  0.00126 25
 -88.000   33.000  0.00233 21
 -88.000   34.000  0.00316 25
 -88.000   35.000  0.00385 22
 -88.000   36.000  0.00295 23
 -88.000   37.000  0.00283 22
 -88.000   38.000  0.00221 21
 -88.000   39.000  0.00293 22
 -88.000   40.000  0.00233 20
 -88.000   41.000  0.00192 21
 -88.000   42.000  0.00125 20
 -88.000   43.000  0.00083 19
 -88.000   44.000  0.00063 15
 -88.000   45.000 -0.00022 18
 -88.000   46.000 -0.00014 15
 -88.000   47.000 -0.00016 19
 -88.000   48.000  0.00015 14
 -88.000   49.000 -0.00042 16
 -88.000   50.000 -0.00003 11
 -87.000   25.000  0.01735 7
 -87.000   26.000  0.01628 8
 -87.000   27.000  0.01333 14
 -87.000   28.000  0.01089 15
 -87.000   29.000  0.00581 17
 -87.000   30.000  0.00324 17
 -87.000   31.000  0.00160 18
 -87.000   32.000  0.00178 22
 -87.000   33.000  0.00229 22
 -87.000   34.000  0.00291 23
 -87.000   35.000  0.00394 23
 -87.000   36.000  0.00339 22
 -87.000   37.000  0.00369 24
 -87.000   38.000  0.00296 22
 -87.000   39.000  0.00349 25
 -87.000   40.000  0.00231 22
 -87.000   41.000  0.00157 25
 -87.000   42.000  0.00075 22
 -87.000   43.000  0.00091 22
 -87.000   44.000  0.00167 17
 -87.000   45.000  0.00165 21
 -87.000   46.000  0.00221 19
 -87.000   47.000  0.00213 23
 -87.000   48.000  0.00191 17
 -87.000   49.000  0.00071 20
 -87.000   50.000  0.00030 14
 -86.000   25.000  0.01966 9
 -86.000   26.000  0.01863 11
 -86.000   27.000  0.01553 14
 -86.000   28.000  0.01300 17
 -86.000   29.000  0.00771 16
 -86.000   30.000  0.00438 19
 -86.000   31.000  0.00192 16
 -86.000   32.000  0.00146 22
 -86.000   33.000  0.00167 20
 -86.000   34.000  0.00206 24
 -86.000   35.000  0.00311 22
 -86.000   36.000  0.00270 23
 -86.000   37.000  0.00278 24
 -86.000   38.000  0.00157 23
 -86.000   39.000  0.00129 25
 -86.000   40.000 -0.00035 22
 -86.000   41.000 -0.00143 23
 -86.000   42.000 -0.00206 20
 -86.000   43.000 -0.00132 20
 -86.000   44.000  0.00083 16
 -86.000   45.000  0.00209 17
 -86.000   46.000  0.00364 16
 -86.000   47.000  0.00348 18
 -86.000   48.000  0.00293 15
 -86.000   49.000  0.00122 13
 -86.000   50.000 -0.00018 10
 -85.000   25.000  0.02150 7
 -85.000   26.000  0.02009 8
 -85.000   27.000  0.01697 13
 -85.000   28.000  0.01411 14
 -85.000   29.000  0.00866 15
 -85.000   30.000  0.00493 16
 -85.000   31.000  0.00221 16
 -85.000   32.000  0.00134 20
 -85.000   33.000  0.00149 20
 -85.000   34.000  0.00169 22
 -85.000   35.000  0.00285 22
 -85.000   36.000  0.00265 21
 -85.000   37.000  0.00285 23
 -85.000   38.000  0.00148 22
 -85.000   39.000  0.00093 25
 -85.000   40.000 -0.00109 22
 -85.000   41.000 -0.00229 23
 -85.000   42.000 -0.00305 20
 -85.000   43.000 -0.00200 20
 -85.000   44.000  0.00081 17
 -85.000   45.000  0.00296 19
 -85.000   46.000  0.00497 20
 -85.000   47.000  0.00493 24
 -85.000   48.000  0.00421 20
 -85.000   49.000  0.00230 18
 -85.000   50.000  0.00036 12
 -84.000   25.000  0.02263 11
 -84.000   26.000  0.02088 11
 -84.000   27.000  0.01773 14
 -84.000   28.000  0.01429 16
 -84.000   29.000  0.00859 16
 -84.000   30.000  0.00387 19
 -84.000   31.000  0.00086 16
 -84.000   32.000 -0.00049 22
 -84.000   33.000 -0.00016 19
 -84.000   34.000 -0.00032 25
 -84.000   35.000  0.00065 21
 -84.000   36.000  0.00019 23
 -84.000   37.000  0.00029 21
 -84.000   38.000 -0.00116 23
 -84.000   39.000 -0.00191 26
 -84.000   40.000 -0.00384 25
 -84.000   41.000 -0.00491 23
 -84.000   42.000 -0.00550 21
 -84.000   43.000 -0.00428 19
 -84.000   44.000 -0.00068 19
 -84.000   45.000  0.00251 17
 -84.000   46.000  0.00531 21
 -84.000   47.000  0.00533 21
 -84.000   48.000  0.00470 19
 -84.000   49.000  0.00275 12
 -84.000   50.000  0.00039 9
 -83.000   25.000  0.02466 7
 -83.000   26.000  0.02234 7
 -83.000   27.000  0.01922 12
 -83.000   28.000  0.01513 12
 -83.000   29.000  0.00954 15
 -83.000   30.000  0.00452 15
 -83.000   31.000  0.00163 15
 -83.000   32.000 -0.00001 19
 -83.000   33.000  0.00028 17
 -83.000   34.000 -0.00063 20
 -83.000   35.000 -0.00021 16
 -83.000   36.000 -0.00112 17
 -83.000   37.000 -0.00099 17
 -83.000   38.000 -0.00238 17
 -83.000   39.000 -0.00296 20
 -83.000   40.000 -0.00494 19
 -83.000   41.000 -0.00605 20
 -83.000   42.000 -0.00710 19
 -83.000   43.000 -0.00604 20
 -83.000   44.000 -0.00256 20
 -83.000   45.000  0.00113 21
 -83.000   46.000  0.00402 21
 -83.000   47.000  0.00422 23
 -83.000   48.000  0.00345 19
 -83.000   49.000  0.00161 16
 -83.000   50.000 -0.00092 11
 -82.000   25.000  0.02661 11
 -82.000   26.000  0.02429 11
 -82.000   27.000  0.02130 15
 -82.000   28.000  0.01671 16
 -82.000   29.000  0.01093 18
 -82.000   30.000  0.00525 19
 -82.000   31.000  0.00205 17
 -82.000   32.000 -0.00007 20
 -82.000   33.000  0.00031 17
 -82.000   34.000 -0.00099 22
 -82.000   35.000 -0.00107 17
 -82.000   36.000 -0.00260 20
 -82.000   37.000 -0.00291 17
 -82.000   38.000 -0.00452 21
 -82.000   39.000 -0.00534 23
 -82.000   40.000 -0.00702 25
 -82.000   41.000 -0.00827 22
 -82.000   42.000 -0.00942 21
 -82.000   43.000 -0.00875 19
 -82.000   44.000 -0.00542 21
 -82.000   45.000 -0.00168 18
 -82.000   46.000  0.00137 21
 -82.000   47.000  0.00150 19
 -82.000   48.000  0.00081 18
 -82.000   49.000 -0.00088 11
 -82.000   50.000 -0.00349 8
 -81.000   25.000  0.02913 7
 -81.000   26.000  0.02682 9
 -81.000   27.000  0.02426 14
 -81.000   28.000  0.01923 13
 -81.000   29.000  0.01346 15
 -81.000   30.000  0.00728 14
 -81.000   31.000  0.00393 14
 -81.000   32.000  0.00110 14
 -81.000   33.000  0.00131 12
 -81.000   34.000 -0.00025 15
 -81.000   35.000 -0.00054 12
 -81.000   36.000 -0.00268 13
 -81.000   37.000 -0.00344 12
 -81.000   38.000 -0.00522 14
 -81.000   39.000 -0.00602 17
 -81.000   40.000 -0.00756 17
 -81.000   41.000 -0.00878 16
 -81.000   42.000 -0.01010 14
 -81.000   43.000 -0.00975 16
 -81.000   44.000 -0.00735 17
 -81.000   45.000 -0.00436 19
 -81.000   46.000 -0.00204 18
 -81.000   47.000 -0.00184 19
 -81.000   48.000 -0.00255 16
 -81.000   49.000 -0.00394 15
 -81.000   50.000 -0.00617 12
 -80.000   25.000  0.03056 11
 -80.000   26.000  0.02870 13
 -80.000   27.000  0.02645 17
 -80.000   28.000  0.02151 17
 -80.000   29.000  0.01551 17
 -80.000   30.000  0.00872 18
 -80.000   31.000  0.00491 17
 -80.000   32.000  0.00154 19
 -80.000   33.000  0.00161 16
 -80.000   34.000  0.00023 22
 -80.000   35.000  0.00004 18
 -80.000   36.000 -0.00227 22
 -80.000   37.000 -0.00335 17
 -80.000   38.000 -0.00515 21
 -80.000   39.000 -0.00603 20
 -80.000   40.000 -0.00714 24
 -80.000   41.000 -0.00830 19
 -80.000   42.000 -0.00952 19
 -80.000   43.000 -0.00983 15
 -80.000   44.000 -0.00820 19
 -80.000   45.000 -0.00615 17
 -80.000   46.000 -0.00435 20
 -80.000   47.000 -0.00447 17
 -80.000   48.000 -0.00507 17
 -80.000   49.000 -0.00626 12
 -80.000   50.000 -0.00830 10
 -79.000   25.000  0.03091 7
 -79.000   26.000  0.02890 11
 -79.000   27.000  0.02713 15
 -79.000   28.000  0.02213 15
 -79.000   29.000  0.01685 14
 -79.000   30.000  0.01011 14
 -79.000   31.000  0.00652 12
 -79.000   32.000  0.00276 14
 -79.000   33.000  0.00260 11
 -79.000   34.000  0.00130 17
 -79.000   35.000  0.00150 12
 -79.000   36.000 -0.00040 17
 -79.000   37.000 -0.00156 12
 -79.000   38.000 -0.00337 15
 -79.000   39.000 -0.00460 13
 -79.000   40.000 -0.00574 15
 -79.000   41.000 -0.00703 14
 -79.000   42.000 -0.00815 13
 -79.000   43.000 -0.00883 15
 -79.000   44.000 -0.00800 15
 -79.000   45.000 -0.00701 18
 -79.000   46.000 -0.00603 15
 -79.000   47.000 -0.00647 18
 -79.000   48.000 -0.00729 14
 -79.000   49.000 -0.00821 15
 -79.000   50.000 -0.00999 10
 -78.000   25.000  0.02924 10
 -78.000   26.000  0.02735 14
 -78.000   27.000  0.02579 16
 -78.000   28.000  0.02123 19
 -78.000   29.000  0.01652 17
 -78.000   30.000  0.01015 19
 -78.000   31.000  0.00702 16
 -78.000   32.000  0.00349 20
 -78.000   33.000  0.00370 17
 -78.000   34.000  0.00299 23
 -78.000   35.000  0.00395 18
 -78.000   36.000  0.00298 23
 -78.000   37.000  0.00212 18
 -78.000   38.000  0.00057 21
 -78.000   39.000 -0.00109 18
 -78.000   40.000 -0.00226 20
 -78.000   41.000 -0.00415 19
 -78.000   42.000 -0.00535 19
 -78.000   43.000 -0.00694 18
 -78.000   44.000 -0.00671 18
 -78.000   45.000 -0.00669 17
 -78.000   46.000 -0.00606 18
 -78.000   47.000 -0.00682 17
 -78.000   48.000 -0.00762 17
 -78.000   49.000 -0.00838 12
 -78.000   50.000 -0.01001 8
 -77.000   25.000  0.02585 7
 -77.000   26.000  0.02343 12
 -77.000   27.000  0.02229 13
 -77.000   28.000  0.01779 16
 -77.000   29.000  0.01446 14
 -77.000   30.000  0.00888 15
 -77.000   31.000  0.00725 12
 -77.000   32.000  0.00408 14
 -77.000   33.000  0.00502 11
 -77.000   34.000  0.00438 15
 -77.000   35.000  0.00608 11
 -77.000   36.000  0.00571 16
 -77.000   37.000  0.00549 12
 -77.000   38.000  0.00429 15
 -77.000   39.000  0.00256 13
 -77.000   40.000  0.00095 13
 -77.000   41.000 -0.00132 15
 -77.000   42.000 -0.00253 13
 -77.000   43.000 -0.00445 17
 -77.000   44.000 -0.00456 13
 -77.000   45.000 -0.00503 18
 -77.000   46.000 -0.00471 15
 -77.000   47.000 -0.00560 20
 -77.000   48.000 -0.00661 15
 -77.000   49.000 -0.00726 16
 -77.000   50.000 -0.00853 9
 -76.000   25.000  0.02373 10
 -76.000   26.000  0.02087 15
 -76.000   27.000  0.01949 15
 -76.000   28.000  0.01500 19
 -76.000   29.000  0.01233 17
 -76.000   30.000  0.00735 19
 -76.000   31.000  0.00679 17
 -76.000   32.000  0.00440 19
 -76.000   33.000  0.00645 16
 -76.000   34.000  0.00628 19
 -76.000   35.000  0.00895 17
 -76.000   36.000  0.00967 20
 -76.000   37.000  0.01073 19
 -76.000   38.000  0.01020 19
 -76.000   39.000  0.00860 20
 -76.000   40.000  0.00666 18
 -76.000   41.000  0.00361 21
 -76.000   42.000  0.00176 19
 -76.000   43.000 -0.00115 20
 -76.000   44.000 -0.00165 18
 -76.000   45.000 -0.00262 18
 -76.000   46.000 -0.00233 20
 -76.000   47.000 -0.00340 19
 -76.000   48.000 -0.00447 19
 -76.000   49.000 -0.00519 14
 -76.000   50.000 -0.00633 12
 -75.000   25.000  0.02229 8
 -75.000   26.000  0.01870 12
 -75.000   27.000  0.01721 12
 -75.000   28.000  0.01240 14
 -75.000   29.000  0.01081 13
 -75.000   30.000  0.00626 14
 -75.000   31.000  0.00683 13
 -75.000   32.000  0.00496 14
 -75.000   33.000  0.00800 11
 -75.000   34.000  0.00795 14
 -75.000   35.000  0.01125 12
 -75.000   36.000  0.01283 16
 -75.000   37.000  0.01483 13
 -75.000   38.000  0.01478 14
 -75.000   39.000  0.01306 14
 -75.000   40.000  0.01091 14
 -75.000   41.000  0.00728 16
 -75.000   42.000  0.00528 13
 -75.000   43.000  0.00208 16
 -75.000   44.000  0.00161 14
 -75.000   45.000  0.00041 18
 -75.000   46.000  0.00054 15
 -75.000   47.000 -0.00077 20
 -75.000   48.000 -0.00232 16
 -75.000   49.000 -0.00324 17
 -75.000   50.000 -0.00442 10
 -74.000   25.000  0.02314 10
 -74.000   26.000  0.01934 14
 -74.000   27.000  0.01732 16
 -74.000   28.000  0.01248 18
 -74.000   29.000  0.01085 18
 -74.000   30.000  0.00631 18
 -74.000   31.000  0.00719 18
 -74.000   32.000  0.00574 18
 -74.000   33.000  0.00963 17
 -74.000   34.000  0.01006 18
 -74.000   35.000  0.01415 18
 -74.000   36.000  0.01641 19
 -74.000   37.000  0.01945 20
 -74.000   38.000  0.01992 19
 -74.000   39.000  0.01848 22
 -74.000   40.000  0.01611 19
 -74.000   41.000  0.01222 22
 -74.000   42.000  0.00993 18
 -74.000   43.000  0.00634 19
 -74.000   44.000  0.00546 18
 -74.000   45.000  0.00398 18
 -74.000   46.000  0.00380 19
 -74.000   47.000  0.00225 18
 -74.000   48.000  0.00032 19
 -74.000   49.000 -0.00079 15
 -74.000   50.000 -0.00202 13
 -73.000   25.000  0.02473 8
 -73.000   26.000  0.02113 11
 -73.000   27.000  0.01900 13
 -73.000   28.000  0.01431 13
 -73.000   29.000  0.01254 13
 -73.000   30.000  0.00722 13
 -73.000   31.000  0.00755 13
 -73.000   32.000  0.00582 14
 -73.000   33.000  0.00971 12
 -73.000   34.000  0.01068 14
 -73.000   35.000  0.01528 12
 -73.000   36.000  0.01807 15
 -73.000   37.000  0.02144 14
 -73.000   38.000  0.02240 16
 -73.000   39.000  0.02111 16
 -73.000   40.000  0.01919 16
 -73.000   41.000  0.01583 17
 -73.000   42.000  0.01429 15
 -73.000   43.000  0.01122 15
 -73.000   44.000  0.01023 15
 -73.000   45.000  0.00853 17
 -73.000   46.000  0.00786 16
 -73.000   47.000  0.00604 17
 -73.000   48.000  0.00369 14
 -73.000   49.000  0.00259 15
 -73.000   50.000  0.00135 10
 -72.000   25.000  0.02837 10
 -72.000   26.000  0.02523 13
 -72.000   27.000  0.02275 17
 -72.000   28.000  0.01819 17
 -72.000   29.000  0.01553 18
 -72.000   30.000  0.00926 17
 -72.000   31.000  0.00837 18
 -72.000   32.000  0.00615 18
 -72.000   33.000  0.00960 18
 -72.000   34.000  0.01098 18
 -72.000   35.000  0.01596 18
 -72.000   36.000  0.01910 17
 -72.000   37.000  0.02301 20
 -72.000   38.000  0.02459 19
 -72.000   39.000  0.02409 23
 -72.000   40.000  0.02294 19
 -72.000   41.000  0.02061 22
 -72.000   42.000  0.01936 18
 -72.000   43.000  0.01640 20
 -72.000   44.000  0.01486 18
 -72.000   45.000  0.01283 19
 -72.000   46.000  0.01150 19
 -72.000   47.000  0.00935 18
 -72.000   48.000  0.00672 18
 -72.000   49.000  0.00566 15
 -72.000   50.000  0.00413 14
 -71.000   25.000  0.03054 8
 -71.000   26.000  0.02813 11
 -71.000   27.000  0.02596 12
 -71.000   28.000  0.02209 13
 -71.000   29.000  0.01924 12
 -71.000   30.000  0.01235 14
 -71.000   31.000  0.01023 12
 -71.000   32.000  0.00719 15
 -71.000   33.000  0.00921 12
 -71.000   34.000  0.01058 14
 -71.000   35.000  0.01498 12
 -71.000   36.000  0.01838 14
 -71.000   37.000  0.02203 15
 -71.000   38.000  0.02441 16
 -71.000   39.000  0.02416 17
 -71.000   40.000  0.02404 16
 -71.000   41.000  0.02259 16
 -71.000   42.000  0.02211 15
 -71.000   43.000  0.01963 17
 -71.000   44.000  0.01791 17
 -71.000   45.000  0.01603 18
 -71.000   46.000  0.01442 16
 -71.000   47.000  0.01251 16
 -71.000   48.000  0.00977 14
 -71.000   49.000  0.00924 13
 -71.000   50.000  0.00757 11
 -70.000   25.000  0.03260 9
 -70.000   26.000  0.03069 12
 -70.000   27.000  0.02852 15
 -70.000   28.000  0.02500 17
 -70.000   29.000  0.02155 18
 -70.000   30.000  0.01444 18
 -70.000   31.000  0.01129 18
 -70.000   32.000  0.00745 18
 -70.000   33.000  0.00794 18
 -70.000   34.000  0.00864 17
 -70.000   35.000  0.01237 18
 -70.000   36.000  0.01558 16
 -70.000   37.000  0.01961 20
 -70.000   38.000  0.02297 17
 -70.000   39.000  0.02393 22
 -70.000   40.000  0.02450 17
 -70.000   41.000  0.02377 20
 -70.000   42.000  0.02325 15
 -70.000   43.000  0.02092 20
 -70.000   44.000  0.01895 17
 -70.000   45.000  0.01742 19
 -70.000   46.000  0.01610 16
 -70.000   47.000  0.01474 17
 -70.000   48.000  0.01214 17
 -70.000   49.000  0.01196 14
 -70.000   50.000  0.01033 14
 -69.000   25.000  0.03416 7
 -69.000   26.000  0.03242 11
 -69.000   27.000  0.03013 11
 -69.000   28.000  0.02653 14
 -69.000   29.000  0.02221 12
 -69.000   30.000  0.01478 15
 -69.000   31.000  0.01034 12
 -69.000   32.000  0.00588 14
 -69.000   33.000  0.00430 12
 -69.000   34.000  0.00507 13
 -69.000   35.000  0.00808 13
 -69.000   36.000  0.01225 14
 -69.000   37.000  0.01652 16
 -69.000   38.000  0.02162 15
 -69.000   39.000  0.02289 16
 -69.000   40.000  0.02413 14
 -69.000   41.000  0.02267 15
 -69.000   42.000  0.02199 13
 -69.000   43.000  0.01953 15
 -69.000   44.000  0.01789 14
 -69.000   45.000  0.01669 15
 -69.000   46.000  0.01622 13
 -69.000   47.000  0.01612 13
 -69.000   48.000  0.01405 11
 -69.000   49.000  0.01438 9
 -69.000   50.000  0.01313 8
 -68.000   25.000  0.03262 5
 -68.000   26.000  0.03073 9
 -68.000   27.000  0.02775 11
 -68.000   28.000  0.02391 14
 -68.000   29.000  0.01724 13
 -68.000   30.000  0.00961 14
 -68.000   31.000  0.00462 13
 -68.000   32.000  0.00011 13
 -68.000   33.000 -0.00173 13
 -68.000   34.000 -0.00093 13
 -68.000   35.000  0.00276 14
 -68.000   36.000  0.00794 13
 -68.000   37.000  0.01419 15
 -68.000   38.000  0.02098 13
 -68.000   39.000  0.02430 16
 -68.000   40.000  0.02616 13
 -68.000   41.000  0.02429 15
 -68.000   42.000  0.02239 11
 -68.000   43.000  0.01922 13
 -68.000   44.000  0.01727 11
 -68.000   45.000  0.01593 12
 -68.000   46.000  0.01601 13
 -68.000   47.000  0.01644 14
 -68.000   48.000  0.01482 13
 -68.000   49.000  0.01501 9
 -68.000   50.000  0.01399 7
 -67.000   25.000  0.02512 2
 -67.000   26.000  0.02278 5
 -67.000   27.000  0.01929 5
 -67.000   28.000  0.01428 7
 -67.000   29.000  0.00681 5
 -67.000   30.000  0.00037 7
 -67.000   31.000 -0.00372 5
 -67.000   32.000 -0.00609 6
 -67.000   33.000 -0.00662 5
 -67.000   34.000 -0.00328 6
 -67.000   35.000  0.00186 6
 -67.000   36.000  0.00911 8
 -67.000   37.000  0.01635 8
 -67.000   38.000  0.02468 9
 -67.000   39.000  0.02895 8
 -67.000   40.000  0.03136 9
 -67.000   41.000  0.02968 8
 -67.000   42.000  0.02702 8
 -67.000   43.000  0.02364 7
 -67.000   44.000  0.02026 8
 -67.000   45.000  0.01761 7
 -67.000   46.000  0.01605 10
 -67.000   47.000  0.01582 9
 -67.000   48.000  0.01292 8
 -67.000   49.000  0.01259 4
 -67.000   50.000  0.01149 3
 -66.000   25.000  0.02329 0
 -66.000   26.000  0.02050 1
 -66.000   27.000  0.01635 3
 -66.000   28.000  0.01043 4
 -66.000   29.000  0.00168 5
 -66.000   30.000 -0.00467 4
 -66.000   31.000 -0.00872 5
 -66.000   32.000 -0.01053 4
 -66.000   33.000 -0.01059 5
 -66.000   34.000 -0.00649 4
 -66.000   35.000 -0.00045 5
 -66.000   36.000  0.00772 5
 -66.000   37.000  0.01615 6
 -66.000   38.000  0.02539 6
 -66.000   39.000  0.03056 7
 -66.000   40.000  0.03300 7
 -66.000   41.000  0.03104 7
 -66.000   42.000  0.02781 6
 -66.000   43.000  0.02423 5
 -66.000   44.000  0.02068 5
 -66.000   45.000  0.01767 4
 -66.000   46.000  0.01608 8
 -66.000   47.000  0.01573 7
 -66.000   48.000  0.01263 7
 -66.000   49.000  0.01190 3
 -66.000   50.000  0.01102 3
 -65.000   25.000  0.01830 0
 -65.000   26.000  0.01548 0
 -65.000   27.000  0.01087 1
 -65.000   28.000  0.00467 1
 -65.000   29.000 -0.00528 2
 -65.000   30.000 -0.01133 1
 -65.000   31.000 -0.01522 2
 -65.000   32.000 -0.01582 1
 -65.000   33.000 -0.01506 2
 -65.000   34.000 -0.00892 1
 -65.000   35.000 -0.00146 2
 -65.000   36.000  0.00852 2
 -65.000   37.000  0.01789 3
 -65.000   38.000  0.02827 3
 -65.000   39.000  0.03385 3
 -65.000   40.000  0.03652 3
 -65.000   41.000  0.03419 3
 -65.000   42.000  0.03048 3
 -65.000   43.000  0.02664 2
 -65.000   44.000  0.02231 2
 -65.000   45.000  0.01831 1
 -65.000   46.000  0.01586 3
 -65.000   47.000  0.01516 2
 -65.000   48.000  0.01158 2
 -65.000   49.000  0.01057 0
 -65.000   50.000  0.00983 1
