-130.000   25.000  0.02903 11
-130.000   26.000  0.02787 11
-130.000   27.000  0.02742 13
-130.000   28.000  0.02573 8
-130.000   29.000  0.02519 11
-130.000   30.000  0.02511 7
-130.000   31.000  0.02455 11
-130.000   32.000  0.02460 7
-130.000   33.000  0.02237 11
-130.000   34.000  0.02240 8
-130.000   35.000  0.02315 11
-130.000   36.000  0.02632 9
-130.000   37.000  0.02629 10
-130.000   38.000  0.02822 10
-130.000   39.000  0.02949 11
-130.000   40.000  0.03174 12
-130.000   41.000  0.03053 12
-130.000   42.000  0.02962 14
-130.000   43.000  0.02880 14
-130.000   44.000  0.02692 15
-130.000   45.000  0.02471 13
-130.000   46.000  0.02362 13
-130.000   47.000  0.02532 11
-130.000   48.000  0.02662 13
-130.000   49.000  0.02772 11
-130.000   50.000  0.02825 8
-129.000   25.000  0.02954 16
-129.000   26.000  0.02893 16
-129.000   27.000  0.02814 19
-129.000   28.000  0.02656 13
-129.000   29.000  0.02587 17
-129.000   30.000  0.02590 11
-129.000   31.000  0.02459 15
-129.000   32.000  0.02422 10
-129.000   33.000  0.02156 14
-129.000   34.000  0.02160 11
-129.000   35.000  0.02198 14
-129.000   36.000  0.02555 13
-129.000   37.000  0.02643 13
-129.000   38.000  0.02928 16
-129.000   39.000  0.03021 16
-129.000   40.000  0.03212 19
-129.000   41.000  0.03032 16
-129.000   42.000  0.02918 18
-129.000   43.000  0.02777 16
-129.000   44.000  0.02619 17
-129.000   45.000  0.02454 14
-129.000   46.000  0.02410 16
-129.000   47.000  0.02575 12
-129.000   48.000  0.02742 17
-129.000   49.000  0.02862 13
-129.000   50.000  0.02921 13
-128.000   25.000  0.02944 14
-128.000   26.000  0.02974 16
-128.000   27.000  0.02885 16
-128.000   28.000  0.02797 13
-128.000   29.000  0.02730 14
-128.000   30.000  0.02774 11
-128.000   31.000  0.02578 13
-128.000   32.000  0.02518 11
-128.000   33.000  0.02200 13
-128.000   34.000  0.02170 11
-128.000   35.000  0.02124 13
-128.000   36.000  0.02446 12
-128.000   37.000  0.02540 13
-128.000   38.000  0.02844 14
-128.000   39.000  0.02921 17
-128.000   40.000  0.03103 18
-128.000   41.000  0.02926 19
-128.000   42.000  0.02818 19
-128.000   43.000  0.02666 19
-128.000   44.000  0.02538 19
-128.000   45.000  0.02417 17
-128.000   46.000  0.02407 19
-128.000   47.000  0.02556 16
-128.000   48.000  0.02741 19
-128.000   49.000  0.02858 15
-128.000   50.000  0.02904 13
-127.000   25.000  0.02808 18
-127.000   26.000  0.02967 17
-127.000   27.000  0.02878 20
-127.000   28.000  0.02887 14
-127.000   29.000  0.02848 18
-127.000   30.000  0.02969 14
-127.000   31.000  0.02694 18
-127.000   32.000  0.02592 15
-127.000   33.000  0.02191 17
-127.000   34.000  0.02126 13
-127.000   35.000  0.01954 14
-127.000   36.000  0.02231 13
-127.000   37.000  0.02336 14
-127.000   38.000  0.02701 18
-127.000   39.000  0.02754 18
-127.000   40.000  0.02951 21
-127.000   41.000  0.02776 17
-127.000   42.000  0.02724 18
-127.000   43.000  0.02542 15
-127.000   44.000  0.02483 17
-127.000   45.000  0.02422 15
-127.000   46.000  0.02505 19
-127.000   47.000  0.02631 14
-127.000   48.000  0.02853 20
-127.000   49.000  0.02961 15
-127.000   50.000  0.03012 18
-126.000   25.000  0.02673 13
-126.000   26.000  0.02956 15
-126.000   27.000  0.02897 15
-126.000   28.000  0.03063 13
-126.000   29.000  0.03034 15
-126.000   30.000  0.03238 14
-126.000   31.000  0.02919 16
-126.000   32.000  0.02806 14
-126.000   33.000  0.02318 16
-126.000   34.000  0.02185 13
-126.000   35.000  0.01860 15
-126.000   36.000  0.02000 13
-126.000   37.000  0.02009 15
-126.000   38.000  0.02336 15
-126.000   39.000  0.02375 17
-126.000   40.000  0.02583 17
-126.000   41.000  0.02448 18
-126.000   42.000  0.02441 17
-126.000   43.000  0.02270 18
-126.000   44.000  0.02293 18
-126.000   45.000  0.02325 18
-126.000   46.000  0.02508 20
-126.000   47.000  0.02641 16
-126.000   48.000  0.02888 19
-126.000   49.000  0.02978 14
-126.000   50.000  0.02981 14
-125.000   25.000  0.02335 18
-125.000   26.000  0.02713 16
-125.000   27.000  0.02697 21
-125.000   28.000  0.03025 15
-125.000   29.000  0.03020 21
-125.000   30.000  0.03285 17
-125.000   31.000  0.02946 22
-125.000   32.000  0.02864 17
-125.000   33.000  0.02323 21
-125.000   34.000  0.02180 15
-125.000   35.000  0.01766 17
-125.000   36.000  0.01805 14
-125.000   37.000  0.01712 15
-125.000   38.000  0.02006 17
-125.000   39.000  0.02041 16
-125.000   40.000  0.02290 19
-125.000   41.000  0.02191 16
-125.000   42.000  0.02263 17
-125.000   43.000  0.02114 15
-125.000   44.000  0.02227 17
-125.000   45.000  0.02317 16
-125.000   46.000  0.02595 19
-125.000   47.000  0.02690 15
-125.000   48.000  0.02906 20
-125.000   49.000  0.02924 15
-125.000   50.000  0.02873 18
-124.000   25.000  0.02202 17
-124.000   26.000  0.02587 18
-124.000   27.000  0.02607 20
-124.000   28.000  0.02987 18
-124.000   29.000  0.02954 22
-124.000   30.000  0.03187 18
-124.000   31.000  0.02845 21
-124.000   32.000  0.02793 15
-124.000   33.000  0.02277 19
-124.000   34.000  0.02157 14
-124.000   35.000  0.01731 18
-124.000   36.000  0.01682 16
-124.000   37.000  0.01457 17
-124.000   38.000  0.01656 16
-124.000   39.000  0.01682 16
-124.000   40.000  0.01990 17
-124.000   41.000  0.01978 18
-124.000   42.000  0.02146 18
-124.000   43.000  0.02051 19
-124.000   44.000  0.02204 20
-124.000   45.000  0.02255 19
-124.000   46.000  0.02553 20
-124.000   47.000  0.02605 16
-124.000   48.000  0.02794 20
-124.000   49.000  0.02769 15
-124.000   50.000  0.02733 14
-123.000   25.000  0.01862 20
-123.000   26.000  0.02144 17
-123.000   27.000  0.02180 23
-123.000   28.000  0.02509 17
-123.000   29.000  0.02468 24
-123.000   30.000  0.02685 19
-123.000   31.000  0.02425 24
-123.000   32.000  0.02441 18
-123.000   33.000  0.02005 22
-123.000   34.000  0.01952 17
-123.000   35.000  0.01563 20
-123.000   36.000  0.01474 17
-123.000   37.000  0.01191 16
-123.000   38.000  0.01350 16
-123.000   39.000  0.01409 16
-123.000   40.000  0.01777 19
-123.000   41.000  0.01839 16
-123.000   42.000  0.02095 16
-123.000   43.000  0.02071 14
-123.000   44.000  0.02254 18
-123.000   45.000  0.02292 17
-123.000   46.000  0.02627 19
-123.000   47.000  0.02651 17
-123.000   48.000  0.02756 21
-123.000   49.000  0.02674 18
-123.000   50.000  0.02633 17
-122.000   25.000  0.01844 18
-122.000   26.000  0.01992 19
-122.000   27.000  0.02039 20
-122.000   28.000  0.02236 18
-122.000   29.000  0.02169 21
-122.000   30.000  0.02292 19
-122.000   31.000  0.02087 22
-122.000   32.000  0.02104 18
-122.000   33.000  0.01773 20
-122.000   34.000  0.01797 17
-122.000   35.000  0.01514 19
-122.000   36.000  0.01452 17
-122.000   37.000  0.01158 15
-122.000   38.000  0.01280 15
-122.000   39.000  0.01306 16
-122.000   40.000  0.01673 18
-122.000   41.000  0.01765 18
-122.000   42.000  0.02085 17
-122.000   43.000  0.02114 18
-122.000   44.000  0.02321 19
-122.000   45.000  0.02316 19
-122.000   46.000  0.02662 19
-122.000   47.000  0.02670 17
-122.000   48.000  0.02747 20
-122.000   49.000  0.02656 17
-122.000   50.000  0.02677 15
-121.000   25.000  0.01673 17
-121.000   26.000  0.01703 17
-121.000   27.000  0.01721 21
-121.000   28.000  0.01790 17
-121.000   29.000  0.01707 21
-121.000   30.000  0.01791 19
-121.000   31.000  0.01644 23
-121.000   32.000  0.01691 20
-121.000   33.000  0.01454 22
-121.000   34.000  0.01568 19
-121.000   35.000  0.01394 21
-121.000   36.000  0.01419 17
-121.000   37.000  0.01147 15
-121.000   38.000  0.01247 14
-121.000   39.000  0.01230 15
-121.000   40.000  0.01581 17
-121.000   41.000  0.01676 14
-121.000   42.000  0.02040 13
-121.000   43.000  0.02172 12
-121.000   44.000  0.02439 15
-121.000   45.000  0.02444 18
-121.000   46.000  0.02762 18
-121.000   47.000  0.02764 19
-121.000   48.000  0.02748 19
-121.000   49.000  0.02615 19
-121.000   50.000  0.02601 17
-120.000   25.000  0.01755 17
-120.000   26.000  0.01713 20
-120.000   27.000  0.01722 21
-120.000   28.000  0.01685 19
-120.000   29.000  0.01633 20
-120.000   30.000  0.01677 19
-120.000   31.000  0.01615 20
-120.000   32.000  0.01668 19
-120.000   33.000  0.01552 20
-120.000   34.000  0.01717 19
-120.000   35.000  0.01652 18
-120.000   36.000  0.01714 16
-120.000   37.000  0.01408 15
-120.000   38.000  0.01403 16
-120.000   39.000  0.01252 16
-120.000   40.000  0.01520 17
-120.000   41.000  0.01579 17
-120.000   42.000  0.02003 17
-120.000   43.000  0.02211 17
-120.000   44.000  0.02568 17
-120.000   45.000  0.02573 19
-120.000   46.000  0.02865 19
-120.000   47.000  0.02857 19
-120.000   48.000  0.02824 20
-120.000   49.000  0.02685 18
-120.000   50.000  0.02675 16
-119.000   25.000  0.01706 18
-119.000   26.000  0.01608 22
-119.000   27.000  0.01558 24
-119.000   28.000  0.01450 22
-119.000   29.000  0.01400 23
-119.000   30.000  0.01487 21
-119.000   31.000  0.01535 21
-119.000   32.000  0.01675 20
-119.000   33.000  0.01665 22
-119.000   34.000  0.01835 21
-119.000   35.000  0.01784 21
-119.000   36.000  0.01801 18
-119.000   37.000  0.01439 18
-119.000   38.000  0.01346 18
-119.000   39.000  0.01154 17
-119.000   40.000  0.01390 17
-119.000   41.000  0.01491 14
-119.000   42.000  0.01963 14
-119.000   43.000  0.02255 12
-119.000   44.000  0.02671 13
-119.000   45.000  0.02703 17
-119.000   46.000  0.02899 17
-119.000   47.000  0.02830 20
-119.000   48.000  0.02664 20
-119.000   49.000  0.02465 21
-119.000   50.000  0.02342 18
-118.000   25.000  0.02084 18
-118.000   26.000  0.01972 22
-118.000   27.000  0.01871 24
-118.000   28.000  0.01737 22
-118.000   29.000  0.01678 21
-118.000   30.000  0.01752 20
-118.000   31.000  0.01872 19
-118.000   32.000  0.02051 21
-118.000   33.000  0.02136 21
-118.000   34.000  0.02268 22
-118.000   35.000  0.02246 19
-118.000   36.000  0.02194 19
-118.000   37.000  0.01803 17
-118.000   38.000  0.01604 19
-118.000   39.000  0.01346 16
-118.000   40.000  0.01493 17
-118.000   41.000  0.01585 16
-118.000   42.000  0.02054 17
-118.000   43.000  0.02332 16
-118.000   44.000  0.02758 15
-118.000   45.000  0.02763 17
-118.000   46.000  0.02876 17
-118.000   47.000  0.02713 19
-118.000   48.000  0.02497 20
-118.000   49.000  0.02267 20
-118.000   50.000  0.02117 17
-117.000   25.000  0.02217 20
-117.000   26.000  0.02101 25
-117.000   27.000  0.01937 26
-117.000   28.000  0.01822 25
-117.000   29.000  0.01729 24
-117.000   30.000  0.01840 23
-117.000   31.000  0.01986 23
-117.000   32.000  0.02229 23
-117.000   33.000  0.02339 23
-117.000   34.000  0.02424 22
-117.000   35.000  0.02366 22
-117.000   36.000  0.02263 21
-117.000   37.000  0.01897 19
-117.000   38.000  0.01692 21
-117.000   39.000  0.01501 17
-117.000   40.000  0.01646 19
-117.000   41.000  0.01763 13
-117.000   42.000  0.02207 14
-117.000   43.000  0.02465 13
-117.000   44.000  0.02823 14
-117.000   45.000  0.02778 17
-117.000   46.000  0.02775 15
-117.000   47.000  0.02464 19
-117.000   48.000  0.02070 20
-117.000   49.000  0.01753 23
-117.000   50.000  0.01500 20
-116.000   25.000  0.02462 18
-116.000   26.000  0.02380 20
-116.000   27.000  0.02215 23
-116.000   28.000  0.02163 21
-116.000   29.000  0.02098 21
-116.000   30.000  0.02245 22
-116.000   31.000  0.02399 22
-116.000   32.000  0.02642 24
-116.000   33.000  0.02747 22
-116.000   34.000  0.02779 23
-116.000   35.000  0.02699 20
-116.000   36.000  0.02558 21
-116.000   37.000  0.02259 16
-116.000   38.000  0.02062 20
-116.000   39.000  0.01903 16
-116.000   40.000  0.01998 20
-116.000   41.000  0.02082 14
-116.000   42.000  0.02466 15
-116.000   43.000  0.02643 15
-116.000   44.000  0.02929 17
-116.000   45.000  0.02832 18
-116.000   46.000  0.02805 16
-116.000   47.000  0.02384 18
-116.000   48.000  0.01922 19
-116.000   49.000  0.01568 21
-116.000   50.000  0.01310 17
-115.000   25.000  0.02281 21
-115.000   26.000  0.02269 25
-115.000   27.000  0.02130 25
-115.000   28.000  0.02195 25
-115.000   29.000  0.02167 25
-115.000   30.000  0.02384 26
-115.000   31.000  0.02490 25
-115.000   32.000  0.02725 25
-115.000   33.000  0.02752 24
-115.000   34.000  0.02748 23
-115.000   35.000  0.02605 22
-115.000   36.000  0.02478 22
-115.000   37.000  0.02273 19
-115.000   38.000  0.02185 23
-115.000   39.000  0.02149 19
-115.000   40.000  0.02307 24
-115.000   41.000  0.02414 15
-115.000   42.000  0.02753 16
-115.000   43.000  0.02852 13
-115.000   44.000  0.03062 16
-115.000   45.000  0.02915 17
-115.000   46.000  0.02836 15
-115.000   47.000  0.02290 19
-115.000   48.000  0.01703 20
-115.000   49.000  0.01259 24
-115.000   50.000  0.00922 18
-114.000   25.000  0.02101 17
-114.000   26.000  0.02182 19
-114.000   27.000  0.02135 22
-114.000   28.000  0.02364 22
-114.000   29.000  0.02470 22
-114.000   30.000  0.02768 23
-114.000   31.000  0.02857 22
-114.000   32.000  0.03038 24
-114.000   33.000  0.02972 23
-114.000   34.000  0.02917 24
-114.000   35.000  0.02726 20
-114.000   36.000  0.02620 22
-114.000   37.000  0.02486 17
-114.000   38.000  0.02461 22
-114.000   39.000  0.02468 16
-114.000   40.000  0.02627 22
-114.000   41.000  0.02704 14
-114.000   42.000  0.02985 18
-114.000   43.000  0.03015 14
-114.000   44.000  0.03180 18
-114.000   45.000  0.03019 17
-114.000   46.000  0.02962 17
-114.000   47.000  0.02395 19
-114.000   48.000  0.01825 19
-114.000   49.000  0.01369 21
-114.000   50.000  0.01046 15
-113.000   25.000  0.01688 22
-113.000   26.000  0.01849 25
-113.000   27.000  0.01874 28
-113.000   28.000  0.02216 29
-113.000   29.000  0.02401 28
-113.000   30.000  0.02759 29
-113.000   31.000  0.02813 26
-113.000   32.000  0.02973 28
-113.000   33.000  0.02833 26
-113.000   34.000  0.02796 27
-113.000   35.000  0.02587 24
-113.000   36.000  0.02564 26
-113.000   37.000  0.02449 22
-113.000   38.000  0.02505 27
-113.000   39.000  0.02535 19
-113.000   40.000  0.02753 26
-113.000   41.000  0.02799 16
-113.000   42.000  0.03058 23
-113.000   43.000  0.03034 15
-113.000   44.000  0.03175 20
-113.000   45.000  0.02966 16
-113.000   46.000  0.02914 18
-113.000   47.000  0.02377 19
-113.000   48.000  0.01871 21
-113.000   49.000  0.01426 22
-113.000   50.000  0.01128 16
-112.000   25.000  0.01619 17
-112.000   26.000  0.01819 18
-112.000   27.000  0.01882 23
-112.000   28.000  0.02259 22
-112.000   29.000  0.02484 23
-112.000   30.000  0.02826 23
-112.000   31.000  0.02884 22
-112.000   32.000  0.03057 23
-112.000   33.000  0.02939 22
-112.000   34.000  0.02931 24
-112.000   35.000  0.02744 21
-112.000   36.000  0.02732 23
-112.000   37.000  0.02556 18
-112.000   38.000  0.02560 23
-112.000   39.000  0.02526 15
-112.000   40.000  0.02718 21
-112.000   41.000  0.02734 12
-112.000   42.000  0.03000 20
-112.000   43.000  0.02992 13
-112.000   44.000  0.03147 19
-112.000   45.000  0.02906 14
-112.000   46.000  0.02885 18
-112.000   47.000  0.02424 17
-112.000   48.000  0.02028 19
-112.000   49.000  0.01643 18
-112.000   50.000  0.01462 14
-111.000   25.000  0.01510 24
-111.000   26.000  0.01693 24
-111.000   27.000  0.01729 28
-111.000   28.000  0.02045 26
-111.000   29.000  0.02214 29
-111.000   30.000  0.02491 28
-111.000   31.000  0.02549 27
-111.000   32.000  0.02761 27
-111.000   33.000  0.02711 27
-111.000   34.000  0.02773 27
-111.000   35.000  0.02631 26
-111.000   36.000  0.02649 26
-111.000   37.000  0.02448 23
-111.000   38.000  0.02459 26
-111.000   39.000  0.02433 20
-111.000   40.000  0.02641 25
-111.000   41.000  0.02650 17
-111.000   42.000  0.02901 22
-111.000   43.000  0.02850 15
-111.000   44.000  0.02957 19
-111.000   45.000  0.02645 15
-111.000   46.000  0.02622 19
-111.000   47.000  0.02216 19
-111.000   48.000  0.01949 21
-111.000   49.000  0.01616 19
-111.000   50.000  0.01547 13
-110.000   25.000  0.01789 17
-110.000   26.000  0.01902 18
-110.000   27.000  0.01912 21
-110.000   28.000  0.02131 18
-110.000   29.000  0.02235 22
-110.000   30.000  0.02409 19
-110.000   31.000  0.02473 21
-110.000   32.000  0.02672 19
-110.000   33.000  0.02665 22
-110.000   34.000  0.02750 21
-110.000   35.000  0.02656 21
-110.000   36.000  0.02664 20
-110.000   37.000  0.02468 18
-110.000   38.000  0.02461 20
-110.000   39.000  0.02436 15
-110.000   40.000  0.02587 18
-110.000   41.000  0.02571 12
-110.000   42.000  0.02753 16
-110.000   43.000  0.02664 11
-110.000   44.000  0.02679 15
-110.000   45.000  0.02311 13
-110.000   46.000  0.02280 17
-110.000   47.000  0.01929 17
-110.000   48.000  0.01738 18
-110.000   49.000  0.01468 16
-110.000   50.000  0.01516 13
-109.000   25.000  0.01983 25
-109.000   26.000  0.02006 24
-109.000   27.000  0.01966 27
-109.000   28.000  0.02056 23
-109.000   29.000  0.02045 28
-109.000   30.000  0.02111 25
-109.000   31.000  0.02160 27
-109.000   32.000  0.02347 25
-109.000   33.000  0.02377 28
-109.000   34.000  0.02516 26
-109.000   35.000  0.02488 27
-109.000   36.000  0.02554 25
-109.000   37.000  0.02416 23
-109.000   38.000  0.02437 23
-109.000   39.000  0.02389 19
-109.000   40.000  0.02454 23
-109.000   41.000  0.02329 18
-109.000   42.000  0.02369 21
-109.000   43.000  0.02176 17
-109.000   44.000  0.02092 19
-109.000   45.000  0.01691 17
-109.000   46.000  0.01699 18
-109.000   47.000  0.01420 18
-109.000   48.000  0.01336 19
-109.000   49.000  0.01151 17
-109.000   50.000  0.01299 13
-108.000   25.000  0.02243 17
-108.000   26.000  0.02214 19
-108.000   27.000  0.02177 22
-108.000   28.000  0.02216 18
-108.000   29.000  0.02177 21
-108.000   30.000  0.02166 18
-108.000   31.000  0.02196 21
-108.000   32.000  0.02323 19
-108.000   33.000  0.02352 21
-108.000   34.000  0.02472 20
-108.000   35.000  0.02463 20
-108.000   36.000  0.02528 20
-108.000   37.000  0.02431 17
-108.000   38.000  0.02409 19
-108.000   39.000  0.02292 15
-108.000   40.000  0.02241 20
-108.000   41.000  0.02033 14
-108.000   42.000  0.01952 19
-108.000   43.000  0.01717 13
-108.000   44.000  0.01599 17
-108.000   45.000  0.01234 12
-108.000   46.000  0.01260 15
-108.000   47.000  0.01004 13
-108.000   48.000  0.00915 16
-108.000   49.000  0.00767 14
-108.000   50.000  0.00913 14
-107.000   25.000  0.02291 25
-107.000   26.000  0.02258 25
-107.000   27.000  0.02239 29
-107.000   28.000  0.02264 23
-107.000   29.000  0.02204 27
-107.000   30.000  0.02122 23
-107.000   31.000  0.02091 27
-107.000   32.000  0.02119 25
-107.000   33.000  0.02127 28
-107.000   34.000  0.02211 26
-107.000   35.000  0.02217 27
-107.000   36.000  0.02298 25
-107.000   37.000  0.02277 24
-107.000   38.000  0.02234 23
-107.000   39.000  0.02071 21
-107.000   40.000  0.01929 24
-107.000   41.000  0.01641 21
-107.000   42.000  0.01386 23
-107.000   43.000  0.01027 19
-107.000   44.000  0.00858 21
-107.000   45.000  0.00543 18
-107.000   46.000  0.00612 18
-107.000   47.000  0.00416 16
-107.000   48.000  0.00422 17
-107.000   49.000  0.00333 16
-107.000   50.000  0.00467 13
-106.000   25.000  0.02326 18
-106.000   26.000  0.02319 21
-106.000   27.000  0.02360 24
-106.000   28.000  0.02433 20
-106.000   29.000  0.02432 22
-106.000   30.000  0.02304 19
-106.000   31.000  0.02225 21
-106.000   32.000  0.02131 19
-106.000   33.000  0.02116 20
-106.000   34.000  0.02110 20
-106.000   35.000  0.02100 20
-106.000   36.000  0.02125 20
-106.000   37.000  0.02124 19
-106.000   38.000  0.01986 20
-106.000   39.000  0.01747 17
-106.000   40.000  0.01527 20
-106.000   41.000  0.01205 16
-106.000   42.000  0.00844 20
-106.000   43.000  0.00404 14
-106.000   44.000  0.00210 19
-106.000   45.000 -0.00065 14
-106.000   46.000 -0.00013 18
-106.000   47.000 -0.00192 14
-106.000   48.000 -0.00172 18
-106.000   49.000 -0.00242 15
-106.000   50.000 -0.00168 15
-105.000   25.000  0.02374 25
-105.000   26.000  0.02392 25
-105.000   27.000  0.02448 30
-105.000   28.000  0.02527 24
-105.000   29.000  0.02526 28
-105.000   30.000  0.02326 24
-105.000   31.000  0.02167 28
-105.000   32.000  0.01966 25
-105.000   33.000  0.01931 28
-105.000   34.000  0.01862 26
-105.000   35.000  0.01844 28
-105.000   36.000  0.01838 25
-105.000   37.000  0.01839 26
-105.000   38.000  0.01612 24
-105.000   39.000  0.01268 23
-105.000   40.000  0.00966 23
-105.000   41.000  0.00569 22
-105.000   42.000  0.00086 21
-105.000   43.000 -0.00463 18
-105.000   44.000 -0.00699 20
-105.000   45.000 -0.00969 20
-105.000   46.000 -0.00903 20
-105.000   47.000 -0.01010 17
-105.000   48.000 -0.00873 18
-105.000   49.000 -0.00871 18
-105.000   50.000 -0.00773 15
-104.000   25.000  0.02524 18
-104.000   26.000  0.02553 21
-104.000   27.000  0.02627 24
-104.000   28.000  0.02697 21
-104.000   29.000  0.02730 22
-104.000   30.000  0.02488 20
-104.000   31.000  0.02295 21
-104.000   32.000  0.01996 20
-104.000   33.000  0.01935 20
-104.000   34.000  0.01769 20
-104.000   35.000  0.01704 20
-104.000   36.000  0.01591 20
-104.000   37.000  0.01544 19
-104.000   38.000  0.01212 20
-104.000   39.000  0.00803 17
-104.000   40.000  0.00451 19
-104.000   41.000  0.00047 15
-104.000   42.000 -0.00434 18
-104.000   43.000 -0.00975 13
-104.000   44.000 -0.01180 18
-104.000   45.000 -0.01431 14
-104.000   46.000 -0.01376 18
-104.000   47.000 -0.01495 13
-104.000   48.000 -0.01364 19
-104.000   49.000 -0.01385 17
-104.000   50.000 -0.01314 18
-103.000   25.000  0.02675 24
-103.000   26.000  0.02752 24
-103.000   27.000  0.02815 30
-103.000   28.000  0.02860 24
-103.000   29.000  0.02841 27
-103.000   30.000  0.02510 23
-103.000   31.000  0.02196 27
-103.000   32.000  0.01785 26
-103.000   33.000  0.01663 29
-103.000   34.000  0.01432 27
-103.000   35.000  0.01321 29
-103.000   36.000  0.01152 26
-103.000   37.000  0.01073 28
-103.000   38.000  0.00704 26
-103.000   39.000  0.00286 26
-103.000   40.000 -0.00084 25
-103.000   41.000 -0.00500 23
-103.000   42.000 -0.01012 20
-103.000   43.000 -0.01584 17
-103.000   44.000 -0.01813 18
-103.000   45.000 -0.02076 20
-103.000   46.000 -0.02014 19
-103.000   47.000 -0.02102 18
-103.000   48.000 -0.01912 18
-103.000   49.000 -0.01918 20
-103.000   50.000 -0.01817 16
-102.000   25.000  0.02730 18
-102.000   26.000  0.02842 21
-102.000   27.000  0.02906 23
-102.000   28.000  0.02939 20
-102.000   29.000  0.02909 20
-102.000   30.000  0.02563 19
-102.000   31.000  0.02207 19
-102.000   32.000  0.01733 20
-102.000   33.000  0.01540 20
-102.000   34.000  0.01232 21
-102.000   35.000  0.01042 21
-102.000   36.000  0.00798 21
-102.000   37.000  0.00672 21
-102.000   38.000  0.00290 21
-102.000   39.000 -0.00117 18
-102.000   40.000 -0.00491 19
-102.000   41.000 -0.00905 16
-102.000   42.000 -0.01392 18
-102.000   43.000 -0.01920 13
-102.000   44.000 -0.02116 17
-102.000   45.000 -0.02360 16
-102.000   46.000 -0.02325 20
-102.000   47.000 -0.02434 16
-102.000   48.000 -0.02288 20
-102.000   49.000 -0.02333 18
-102.000   50.000 -0.02267 18
-101.000   25.000  0.02785 23
-101.000   26.000  0.02910 23
-101.000   27.000  0.02941 29
-101.000   28.000  0.02939 24
-101.000   29.000  0.02862 28
-101.000   30.000  0.02500 24
-101.000   31.000  0.02058 27
-101.000   32.000  0.01535 25
-101.000   33.000  0.01225 28
-101.000   34.000  0.00852 27
-101.000   35.000  0.00572 30
-101.000   36.000  0.00318 27
-101.000   37.000  0.00169 30
-101.000   38.000 -0.00174 27
-101.000   39.000 -0.00570 27
-101.000   40.000 -0.00941 26
-101.000   41.000 -0.01366 26
-101.000   42.000 -0.01851 23
-101.000   43.000 -0.02349 19
-101.000   44.000 -0.02535 18
-101.000   45.000 -0.02752 22
-101.000   46.000 -0.02713 21
-101.000   47.000 -0.02810 22
-101.000   48.000 -0.02681 19
-101.000   49.000 -0.02718 20
-101.000   50.000 -0.02657 14
-100.000   25.000  0.02593 17
-100.000   26.000  0.02690 20
-100.000   27.000  0.02700 22
-100.000   28.000  0.02676 20
-100.000   29.000  0.02623 21
-100.000   30.000  0.02312 20
-100.000   31.000  0.01880 20
-100.000   32.000  0.01366 20
-100.000   33.000  0.00976 20
-100.000   34.000  0.00527 21
-100.000   35.000  0.00154 21
-100.000   36.000 -0.00131 21
-100.000   37.000 -0.00303 21
-100.000   38.000 -0.00618 21
-100.000   39.000 -0.00979 19
-100.000   40.000 -0.01328 20
-100.000   41.000 -0.01720 18
-100.000   42.000 -0.02139 19
-100.000   43.000 -0.02536 15
-100.000   44.000 -0.02646 18
-100.000   45.000 -0.02761 17
-100.000   46.000 -0.02684 20
-100.000   47.000 -0.02764 17
-100.000   48.000 -0.02668 21
-100.000   49.000 -0.02711 18
-100.000   50.000 -0.02688 17
 -99.000   25.000  0.02348 23
 -99.000   26.000  0.02456 23
 -99.000   27.000  0.02453 29
 -99.000   28.000  0.02436 24
 -99.000   29.000  0.02379 29
 -99.000   30.000  0.02080 25
 -99.000   31.000  0.01580 29
 -99.000   32.000  0.01058 26
 -99.000   33.000  0.00582 29
 -99.000   34.000  0.00094 27
 -99.000   35.000 -0.00357 29
 -99.000   36.000 -0.00625 26
 -99.000   37.000 -0.00812 29
 -99.000   38.000 -0.01083 27
 -99.000   39.000 -0.01398 28
 -99.000   40.000 -0.01684 26
 -99.000   41.000 -0.02018 25
 -99.000   42.000 -0.02405 22
 -99.000   43.000 -0.02773 21
 -99.000   44.000 -0.02885 21
 -99.000   45.000 -0.02965 22
 -99.000   46.000 -0.02872 19
 -99.000   47.000 -0.02906 21
 -99.000   48.000 -0.02771 20
 -99.000   49.000 -0.02767 21
 -99.000   50.000 -0.02719 14
 -98.000   25.000  0.02006 18
 -98.000   26.000  0.02067 21
 -98.000   27.000  0.02053 23
 -98.000   28.000  0.02000 20
 -98.000   29.000  0.01963 21
 -98.000   30.000  0.01679 20
 -98.000   31.000  0.01208 21
 -98.000   32.000  0.00732 21
 -98.000   33.000  0.00266 21
 -98.000   34.000 -0.00235 21
 -98.000   35.000 -0.00730 20
 -98.000   36.000 -0.01013 20
 -98.000   37.000 -0.01242 20
 -98.000   38.000 -0.01513 21
 -98.000   39.000 -0.01785 20
 -98.000   40.000 -0.02020 20
 -98.000   41.000 -0.02288 16
 -98.000   42.000 -0.02609 16
 -98.000   43.000 -0.02902 14
 -98.000   44.000 -0.02974 18
 -98.000   45.000 -0.02986 15
 -98.000   46.000 -0.02859 17
 -98.000   47.000 -0.02848 15
 -98.000   48.000 -0.02696 21
 -98.000   49.000 -0.02675 19
 -98.000   50.000 -0.02623 18
 -97.000   25.000  0.01818 23
 -97.000   26.000  0.01819 23
 -97.000   27.000  0.01776 29
 -97.000   28.000  0.01686 22
 -97.000   29.000  0.01656 27
 -97.000   30.000  0.01408 23
 -97.000   31.000  0.00943 29
 -97.000   32.000  0.00530 27
 -97.000   33.000  0.00055 30
 -97.000   34.000 -0.00448 27
 -97.000   35.000 -0.01019 29
 -97.000   36.000 -0.01311 26
 -97.000   37.000 -0.01613 29
 -97.000   38.000 -0.01886 27
 -97.000   39.000 -0.02162 28
 -97.000   40.000 -0.02325 25
 -97.000   41.000 -0.02519 24
 -97.000   42.000 -0.02779 21
 -97.000   43.000 -0.03045 20
 -97.000   44.000 -0.03117 20
 -97.000   45.000 -0.03118 20
 -97.000   46.000 -0.02996 18
 -97.000   47.000 -0.02973 18
 -97.000   48.000 -0.02810 19
 -97.000   49.000 -0.02769 21
 -97.000   50.000 -0.02708 16
 -96.000   25.000  0.01688 17
 -96.000   26.000  0.01627 20
 -96.000   27.000  0.01586 23
 -96.000   28.000  0.01435 19
 -96.000   29.000  0.01394 21
 -96.000   30.000  0.01131 19
 -96.000   31.000  0.00713 21
 -96.000   32.000  0.00334 21
 -96.000   33.000 -0.00109 21
 -96.000   34.000 -0.00605 21
 -96.000   35.000 -0.01208 21
 -96.000   36.000 -0.01558 21
 -96.000   37.000 -0.01959 21
 -96.000   38.000 -0.02277 21
 -96.000   39.000 -0.02569 20
 -96.000   40.000 -0.02703 20
 -96.000   41.000 -0.02843 17
 -96.000   42.000 -0.03023 17
 -96.000   43.000 -0.03197 13
 -96.000   44.000 -0.03208 16
 -96.000   45.000 -0.03173 13
 -96.000   46.000 -0.03037 18
 -96.000   47.000 -0.03022 15
 -96.000   48.000 -0.02879 21
 -96.000   49.000 -0.02863 18
 -96.000   50.000 -0.02811 18
 -95.000   25.000  0.01590 23
 -95.000   26.000  0.01560 22
 -95.000   27.000  0.01534 28
 -95.000   28.000  0.01396 20
 -95.000   29.000  0.01327 26
 -95.000   30.000  0.01061 22
 -95.000   31.000  0.00619 28
 -95.000   32.000  0.00246 26
 -95.000   33.000 -0.00215 28
 -95.000   34.000 -0.00699 26
 -95.000   35.000 -0.01338 29
 -95.000   36.000 -0.01726 26
 -95.000   37.000 -0.02209 29
 -95.000   38.000 -0.02558 25
 -95.000   39.000 -0.02875 27
 -95.000   40.000 -0.02980 24
 -95.000   41.000 -0.03077 24
 -95.000   42.000 -0.03203 21
 -95.000   43.000 -0.03323 19
 -95.000   44.000 -0.03316 20
 -95.000   45.000 -0.03301 20
 -95.000   46.000 -0.03222 21
 -95.000   47.000 -0.03251 20
 -95.000   48.000 -0.03166 21
 -95.000   49.000 -0.03185 21
 -95.000   50.000 -0.03156 16
 -94.000   25.000  0.01441 17
 -94.000   26.000  0.01443 19
 -94.000   27.000  0.01467 23
 -94.000   28.000  0.01346 19
 -94.000   29.000  0.01277 22
 -94.000   30.000  0.00949 20
 -94.000   31.000  0.00498 22
 -94.000   32.000  0.00039 21
 -94.000   33.000 -0.00448 20
 -94.000   34.000 -0.00966 20
 -94.000   35.000 -0.01576 20
 -94.000   36.000 -0.02018 20
 -94.000   37.000 -0.02520 20
 -94.000   38.000 -0.02897 19
 -94.000   39.000 -0.03201 19
 -94.000   40.000 -0.03324 19
 -94.000   41.000 -0.03388 17
 -94.000   42.000 -0.03462 17
 -94.000   43.000 -0.03499 13
 -94.000   44.000 -0.03453 15
 -94.000   45.000 -0.03425 12
 -94.000   46.000 -0.03375 16
 -94.000   47.000 -0.03437 15
 -94.000   48.000 -0.03413 19
 -94.000   49.000 -0.03477 17
 -94.000   50.000 -0.03481 16
 -93.000   25.000  0.01361 23
 -93.000   26.000  0.01389 22
 -93.000   27.000  0.01432 28
 -93.000   28.000  0.01384 22
 -93.000   29.000  0.01337 27
 -93.000   30.000  0.01062 25
 -93.000   31.000  0.00620 28
 -93.000   32.000  0.00132 27
 -93.000   33.000 -0.00449 26
 -93.000   34.000 -0.01024 25
 -93.000   35.000 -0.01680 27
 -93.000   36.000 -0.02165 26
 -93.000   37.000 -0.02680 27
 -93.000   38.000 -0.03065 24
 -93.000   39.000 -0.03388 26
 -93.000   40.000 -0.03534 26
 -93.000   41.000 -0.03593 26
 -93.000   42.000 -0.03647 24
 -93.000   43.000 -0.03639 21
 -93.000   44.000 -0.03577 20
 -93.000   45.000 -0.03540 19
 -93.000   46.000 -0.03528 19
 -93.000   47.000 -0.03623 19
 -93.000   48.000 -0.03656 19
 -93.000   49.000 -0.03738 20
 -93.000   50.000 -0.03777 15
 -92.000   25.000  0.01286 16
 -92.000   26.000  0.01309 18
 -92.000   27.000  0.01393 22
 -92.000   28.000  0.01401 19
 -92.000   29.000  0.01404 22
 -92.000   30.000  0.01125 21
 -92.000   31.000  0.00708 22
 -92.000   32.000  0.00154 21
 -92.000   33.000 -0.00479 20
 -92.000   34.000 -0.01106 20
 -92.000   35.000 -0.01751 20
 -92.000   36.000 -0.02250 21
 -92.000   37.000 -0.02741 19
 -92.000   38.000 -0.03152 20
 -92.000   39.000 -0.03510 19
 -92.000   40.000 -0.03727 21
 -92.000   41.000 -0.03820 19
 -92.000   42.000 -0.03881 19
 -92.000   43.000 -0.03826 15
 -92.000   44.000 -0.03724 14
 -92.000   45.000 -0.03639 12
 -92.000   46.000 -0.03620 15
 -92.000   47.000 -0.03713 15
 -92.000   48.000 -0.03773 18
 -92.000   49.000 -0.03865 17
 -92.000   50.000 -0.03930 16
 -91.000   25.000  0.01352 23
 -91.000   26.000  0.01347 22
 -91.000   27.000  0.01414 27
 -91.000   28.000  0.01453 22
 -91.000   29.000  0.01447 27
 -91.000   30.000  0.01211 26
 -91.000   31.000  0.00827 27
 -91.000   32.000  0.00301 26
 -91.000   33.000 -0.00362 26
 -91.000   34.000 -0.00983 26
 -91.000   35.000 -0.01635 26
 -91.000   36.000 -0.02129 25
 -91.000   37.000 -0.02615 25
 -91.000   38.000 -0.03041 26
 -91.000   39.000 -0.03434 27
 -91.000   40.000 -0.03701 28
 -91.000   41.000 -0.03832 27
 -91.000   42.000 -0.03926 25
 -91.000   43.000 -0.03871 23
 -91.000   44.000 -0.03769 21
 -91.000   45.000 -0.03658 20
 -91.000   46.000 -0.03643 21
 -91.000   47.000 -0.03721 21
 -91.000   48.000 -0.03795 22
 -91.000   49.000 -0.03879 21
 -91.000   50.000 -0.03970 16
 -90.000   25.000  0.01739 16
 -90.000   26.000  0.01643 17
 -90.000   27.000  0.01656 21
 -90.000   28.000  0.01594 17
 -90.000   29.000  0.01506 21
 -90.000   30.000  0.01194 19
 -90.000   31.000  0.00832 21
 -90.000   32.000  0.00336 19
 -90.000   33.000 -0.00257 21
 -90.000   34.000 -0.00830 21
 -90.000   35.000 -0.01441 21
 -90.000   36.000 -0.01934 20
 -90.000   37.000 -0.02438 19
 -90.000   38.000 -0.02901 20
 -90.000   39.000 -0.03341 19
 -90.000   40.000 -0.03649 19
 -90.000   41.000 -0.03808 18
 -90.000   42.000 -0.03923 17
 -90.000   43.000 -0.03873 16
 -90.000   44.000 -0.03752 15
 -90.000   45.000 -0.03612 14
 -90.000   46.000 -0.03570 16
 -90.000   47.000 -0.03636 17
 -90.000   48.000 -0.03706 19
 -90.000   49.000 -0.03787 18
 -90.000   50.000 -0.03897 15
 -89.000   25.000  0.02113 23
 -89.000   26.000  0.01908 22
 -89.000   27.000  0.01825 27
 -89.000   28.000  0.01657 23
 -89.000   29.000  0.01484 27
 -89.000   30.000  0.01198 26
 -89.000   31.000  0.00907 26
 -89.000   32.000  0.00547 25
 -89.000   33.000  0.00031 24
 -89.000   34.000 -0.00486 25
 -89.000   35.000 -0.01127 25
 -89.000   36.000 -0.01650 26
 -89.000   37.000 -0.02224 24
 -89.000   38.000 -0.02726 26
 -89.000   39.000 -0.03214 25
 -89.000   40.000 -0.03528 28
 -89.000   41.000 -0.03691 26
 -89.000   42.000 -0.03810 26
 -89.000   43.000 -0.03770 23
 -89.000   44.000 -0.03648 22
 -89.000   45.000 -0.03497 19
 -89.000   46.000 -0.03443 20
 -89.000   47.000 -0.03511 20
 -89.000   48.000 -0.03596 21
 -89.000   49.000 -0.03670 21
 -89.000   50.000 -0.03804 15
 -88.000   25.000  0.02638 17
 -88.000   26.000  0.02322 17
 -88.000   27.000  0.02145 22
 -88.000   28.000  0.01801 20
 -88.000   29.000  0.01531 22
 -88.000   30.000  0.01180 21
 -88.000   31.000  0.00922 21
 -88.000   32.000  0.00636 20
 -88.000   33.000  0.00214 19
 -88.000   34.000 -0.00256 21
 -88.000   35.000 -0.00895 22
 -88.000   36.000 -0.01429 25
 -88.000   37.000 -0.02025 21
 -88.000   38.000 -0.02531 23
 -88.000   39.000 -0.03042 19
 -88.000   40.000 -0.03346 23
 -88.000   41.000 -0.03513 19
 -88.000   42.000 -0.03652 21
 -88.000   43.000 -0.03649 17
 -88.000   44.000 -0.03543 18
 -88.000   45.000 -0.03414 16
 -88.000   46.000 -0.03370 18
 -88.000   47.000 -0.03466 19
 -88.000   48.000 -0.03572 20
 -88.000   49.000 -0.03657 20
 -88.000   50.000 -0.03803 15
 -87.000   25.000  0.02870 21
 -87.000   26.000  0.02467 22
 -87.000   27.000  0.02212 25
 -87.000   28.000  0.01733 25
 -87.000   29.000  0.01388 26
 -87.000   30.000  0.01033 26
 -87.000   31.000  0.00824 25
 -87.000   32.000  0.00619 25
 -87.000   33.000  0.00257 23
 -87.000   34.000 -0.00176 25
 -87.000   35.000 -0.00804 24
 -87.000   36.000 -0.01361 27
 -87.000   37.000 -0.01969 22
 -87.000   38.000 -0.02455 27
 -87.000   39.000 -0.02919 24
 -87.000   40.000 -0.03183 31
 -87.000   41.000 -0.03315 26
 -87.000   42.000 -0.03448 28
 -87.000   43.000 -0.03463 22
 -87.000   44.000 -0.03409 23
 -87.000   45.000 -0.03337 20
 -87.000   46.000 -0.03331 20
 -87.000   47.000 -0.03460 20
 -87.000   48.000 -0.03594 21
 -87.000   49.000 -0.03699 23
 -87.000   50.000 -0.03839 16
 -86.000   25.000  0.03105 16
 -86.000   26.000  0.02660 17
 -86.000   27.000  0.02387 20
 -86.000   28.000  0.01819 20
 -86.000   29.000  0.01433 21
 -86.000   30.000  0.01039 22
 -86.000   31.000  0.00825 22
 -86.000   32.000  0.00619 22
 -86.000   33.000  0.00282 21
 -86.000   34.000 -0.00137 23
 -86.000   35.000 -0.00724 22
 -86.000   36.000 -0.01260 24
 -86.000   37.000 -0.01848 20
 -86.000   38.000 -0.02303 24
 -86.000   39.000 -0.02723 21
 -86.000   40.000 -0.02971 25
 -86.000   41.000 -0.03103 21
 -86.000   42.000 -0.03259 22
 -86.000   43.000 -0.03314 20
 -86.000   44.000 -0.03329 21
 -86.000   45.000 -0.03326 20
 -86.000   46.000 -0.03360 18
 -86.000   47.000 -0.03530 19
 -86.000   48.000 -0.03686 19
 -86.000   49.000 -0.03809 21
 -86.000   50.000 -0.03932 14
 -85.000   25.000  0.02856 19
 -85.000   26.000  0.02408 22
 -85.000   27.000  0.02171 21
 -85.000   28.000  0.01642 22
 -85.000   29.000  0.01319 23
 -85.000   30.000  0.01005 25
 -85.000   31.000  0.00858 25
 -85.000   32.000  0.00664 25
 -85.000   33.000  0.00313 23
 -85.000   34.000 -0.00129 24
 -85.000   35.000 -0.00697 22
 -85.000   36.000 -0.01258 24
 -85.000   37.000 -0.01847 19
 -85.000   38.000 -0.02312 24
 -85.000   39.000 -0.02682 22
 -85.000   40.000 -0.02931 27
 -85.000   41.000 -0.03044 23
 -85.000   42.000 -0.03185 23
 -85.000   43.000 -0.03226 22
 -85.000   44.000 -0.03291 23
 -85.000   45.000 -0.03335 23
 -85.000   46.000 -0.03397 19
 -85.000   47.000 -0.03584 19
 -85.000   48.000 -0.03751 17
 -85.000   49.000 -0.03887 21
 -85.000   50.000 -0.03989 14
 -84.000   25.000  0.02691 16
 -84.000   26.000  0.02251 18
 -84.000   27.000  0.02068 20
 -84.000   28.000  0.01600 19
 -84.000   29.000  0.01356 20
 -84.000   30.000  0.01094 22
 -84.000   31.000  0.00987 23
 -84.000   32.000  0.00791 24
 -84.000   33.000  0.00439 21
 -84.000   34.000 -0.00004 23
 -84.000   35.000 -0.00539 21
 -84.000   36.000 -0.01072 24
 -84.000   37.000 -0.01660 21
 -84.000   38.000 -0.02139 24
 -84.000   39.000 -0.02514 22
 -84.000   40.000 -0.02782 23
 -84.000   41.000 -0.02938 21
 -84.000   42.000 -0.03105 20
 -84.000   43.000 -0.03170 22
 -84.000   44.000 -0.03272 22
 -84.000   45.000 -0.03357 23
 -84.000   46.000 -0.03434 19
 -84.000   47.000 -0.03617 19
 -84.000   48.000 -0.03786 17
 -84.000   49.000 -0.03934 19
 -84.000   50.000 -0.04030 14
 -83.000   25.000  0.02292 19
 -83.000   26.000  0.01887 24
 -83.000   27.000  0.01772 23
 -83.000   28.000  0.01400 22
 -83.000   29.000  0.01250 22
 -83.000   30.000  0.01047 24
 -83.000   31.000  0.00997 24
 -83.000   32.000  0.00805 25
 -83.000   33.000  0.00476 23
 -83.000   34.000  0.00046 25
 -83.000   35.000 -0.00432 23
 -83.000   36.000 -0.00975 24
 -83.000   37.000 -0.01589 21
 -83.000   38.000 -0.02128 23
 -83.000   39.000 -0.02511 22
 -83.000   40.000 -0.02820 23
 -83.000   41.000 -0.02980 21
 -83.000   42.000 -0.03127 19
 -83.000   43.000 -0.03155 21
 -83.000   44.000 -0.03280 22
 -83.000   45.000 -0.03383 25
 -83.000   46.000 -0.03480 21
 -83.000   47.000 -0.03641 21
 -83.000   48.000 -0.03814 17
 -83.000   49.000 -0.03959 20
 -83.000   50.000 -0.04052 15
 -82.000   25.000  0.02002 17
 -82.000   26.000  0.01660 21
 -82.000   27.000  0.01607 22
 -82.000   28.000  0.01321 20
 -82.000   29.000  0.01234 21
 -82.000   30.000  0.01049 22
 -82.000   31.000  0.01024 22
 -82.000   32.000  0.00856 23
 -82.000   33.000  0.00590 23
 -82.000   34.000  0.00226 25
 -82.000   35.000 -0.00183 24
 -82.000   36.000 -0.00697 23
 -82.000   37.000 -0.01346 23
 -82.000   38.000 -0.01929 22
 -82.000   39.000 -0.02359 23
 -82.000   40.000 -0.02704 21
 -82.000   41.000 -0.02909 23
 -82.000   42.000 -0.03061 20
 -82.000   43.000 -0.03104 22
 -82.000   44.000 -0.03257 20
 -82.000   45.000 -0.03389 23
 -82.000   46.000 -0.03497 21
 -82.000   47.000 -0.03641 21
 -82.000   48.000 -0.03814 19
 -82.000   49.000 -0.03951 19
 -82.000   50.000 -0.04042 15
 -81.000   25.000  0.01568 19
 -81.000   26.000  0.01277 23
 -81.000   27.000  0.01276 25
 -81.000   28.000  0.01058 22
 -81.000   29.000  0.01051 24
 -81.000   30.000  0.00879 23
 -81.000   31.000  0.00911 24
 -81.000   32.000  0.00770 23
 -81.000   33.000  0.00587 26
 -81.000   34.000  0.00265 25
 -81.000   35.000 -0.00065 27
 -81.000   36.000 -0.00582 23
 -81.000   37.000 -0.01235 24
 -81.000   38.000 -0.01862 22
 -81.000   39.000 -0.02309 23
 -81.000   40.000 -0.02681 21
 -81.000   41.000 -0.02881 21
 -81.000   42.000 -0.03001 18
 -81.000   43.000 -0.03014 19
 -81.000   44.000 -0.03162 17
 -81.000   45.000 -0.03292 22
 -81.000   46.000 -0.03398 20
 -81.000   47.000 -0.03520 22
 -81.000   48.000 -0.03687 18
 -81.000   49.000 -0.03803 20
 -81.000   50.000 -0.03883 15
 -80.000   25.000  0.01332 16
 -80.000   26.000  0.01083 20
 -80.000   27.000  0.01093 22
 -80.000   28.000  0.00913 20
 -80.000   29.000  0.00923 22
 -80.000   30.000  0.00741 19
 -80.000   31.000  0.00773 23
 -80.000   32.000  0.00678 21
 -80.000   33.000  0.00563 25
 -80.000   34.000  0.00319 21
 -80.000   35.000  0.00066 25
 -80.000   36.000 -0.00390 22
 -80.000   37.000 -0.01027 25
 -80.000   38.000 -0.01647 22
 -80.000   39.000 -0.02111 24
 -80.000   40.000 -0.02483 20
 -80.000   41.000 -0.02707 22
 -80.000   42.000 -0.02819 19
 -80.000   43.000 -0.02849 21
 -80.000   44.000 -0.02990 17
 -80.000   45.000 -0.03139 20
 -80.000   46.000 -0.03226 18
 -80.000   47.000 -0.03333 20
 -80.000   48.000 -0.03486 19
 -80.000   49.000 -0.03592 19
 -80.000   50.000 -0.03652 15
 -79.000   25.000  0.01026 18
 -79.000   26.000  0.00834 19
 -79.000   27.000  0.00853 26
 -79.000   28.000  0.00705 20
 -79.000   29.000  0.00695 25
 -79.000   30.000  0.00480 19
 -79.000   31.000  0.00466 25
 -79.000   32.000  0.00367 21
 -79.000   33.000  0.00294 26
 -79.000   34.000  0.00114 21
 -79.000   35.000 -0.00018 27
 -79.000   36.000 -0.00404 23
 -79.000   37.000 -0.00957 25
 -79.000   38.000 -0.01551 22
 -79.000   39.000 -0.01977 23
 -79.000   40.000 -0.02356 21
 -79.000   41.000 -0.02549 20
 -79.000   42.000 -0.02640 18
 -79.000   43.000 -0.02635 19
 -79.000   44.000 -0.02766 18
 -79.000   45.000 -0.02910 21
 -79.000   46.000 -0.02989 20
 -79.000   47.000 -0.03089 22
 -79.000   48.000 -0.03239 20
 -79.000   49.000 -0.03331 21
 -79.000   50.000 -0.03362 16
 -78.000   25.000  0.00908 17
 -78.000   26.000  0.00792 19
 -78.000   27.000  0.00799 22
 -78.000   28.000  0.00696 19
 -78.000   29.000  0.00609 24
 -78.000   30.000  0.00382 19
 -78.000   31.000  0.00270 23
 -78.000   32.000  0.00165 18
 -78.000   33.000  0.00084 22
 -78.000   34.000 -0.00017 18
 -78.000   35.000 -0.00056 24
 -78.000   36.000 -0.00337 22
 -78.000   37.000 -0.00806 25
 -78.000   38.000 -0.01340 22
 -78.000   39.000 -0.01739 24
 -78.000   40.000 -0.02104 21
 -78.000   41.000 -0.02297 22
 -78.000   42.000 -0.02370 20
 -78.000   43.000 -0.02358 22
 -78.000   44.000 -0.02468 21
 -78.000   45.000 -0.02624 22
 -78.000   46.000 -0.02674 22
 -78.000   47.000 -0.02780 21
 -78.000   48.000 -0.02912 22
 -78.000   49.000 -0.03000 20
 -78.000   50.000 -0.02988 16
 -77.000   25.000  0.00770 20
 -77.000   26.000  0.00740 18
 -77.000   27.000  0.00735 27
 -77.000   28.000  0.00686 18
 -77.000   29.000  0.00536 29
 -77.000   30.000  0.00262 22
 -77.000   31.000  0.00017 30
 -77.000   32.000 -0.00150 22
 -77.000   33.000 -0.00279 28
 -77.000   34.000 -0.00336 22
 -77.000   35.000 -0.00276 27
 -77.000   36.000 -0.00449 23
 -77.000   37.000 -0.00774 25
 -77.000   38.000 -0.01223 24
 -77.000   39.000 -0.01566 24
 -77.000   40.000 -0.01925 25
 -77.000   41.000 -0.02079 23
 -77.000   42.000 -0.02130 23
 -77.000   43.000 -0.02076 21
 -77.000   44.000 -0.02135 23
 -77.000   45.000 -0.02245 23
 -77.000   46.000 -0.02248 25
 -77.000   47.000 -0.02346 22
 -77.000   48.000 -0.02458 24
 -77.000   49.000 -0.02533 22
 -77.000   50.000 -0.02494 20
 -76.000   25.000  0.00808 16
 -76.000   26.000  0.00873 18
 -76.000   27.000  0.00838 21
 -76.000   28.000  0.00875 17
 -76.000   29.000  0.00670 24
 -76.000   30.000  0.00386 20
 -76.000   31.000  0.00001 26
 -76.000   32.000 -0.00199 19
 -76.000   33.000 -0.00416 24
 -76.000   34.000 -0.00443 18
 -76.000   35.000 -0.00360 22
 -76.000   36.000 -0.00408 19
 -76.000   37.000 -0.00631 24
 -76.000   38.000 -0.00991 23
 -76.000   39.000 -0.01311 25
 -76.000   40.000 -0.01646 22
 -76.000   41.000 -0.01805 23
 -76.000   42.000 -0.01828 21
 -76.000   43.000 -0.01752 22
 -76.000   44.000 -0.01752 21
 -76.000   45.000 -0.01864 22
 -76.000   46.000 -0.01841 23
 -76.000   47.000 -0.01962 21
 -76.000   48.000 -0.02038 24
 -76.000   49.000 -0.02115 20
 -76.000   50.000 -0.02037 18
 -75.000   25.000  0.00656 19
 -75.000   26.000  0.00805 19
 -75.000   27.000  0.00781 26
 -75.000   28.000  0.00891 17
 -75.000   29.000  0.00685 26
 -75.000   30.000  0.00387 19
 -75.000   31.000 -0.00112 28
 -75.000   32.000 -0.00393 22
 -75.000   33.000 -0.00705 29
 -75.000   34.000 -0.00720 23
 -75.000   35.000 -0.00604 25
 -75.000   36.000 -0.00532 22
 -75.000   37.000 -0.00615 23
 -75.000   38.000 -0.00859 25
 -75.000   39.000 -0.01115 23
 -75.000   40.000 -0.01412 26
 -75.000   41.000 -0.01526 22
 -75.000   42.000 -0.01523 24
 -75.000   43.000 -0.01394 20
 -75.000   44.000 -0.01346 23
 -75.000   45.000 -0.01430 21
 -75.000   46.000 -0.01431 25
 -75.000   47.000 -0.01596 21
 -75.000   48.000 -0.01700 25
 -75.000   49.000 -0.01794 20
 -75.000   50.000 -0.01750 20
 -74.000   25.000  0.00702 14
 -74.000   26.000  0.00883 18
 -74.000   27.000  0.00881 19
 -74.000   28.000  0.01018 17
 -74.000   29.000  0.00833 19
 -74.000   30.000  0.00585 16
 -74.000   31.000  0.00081 18
 -74.000   32.000 -0.00219 16
 -74.000   33.000 -0.00602 19
 -74.000   34.000 -0.00623 17
 -74.000   35.000 -0.00553 18
 -74.000   36.000 -0.00431 17
 -74.000   37.000 -0.00462 20
 -74.000   38.000 -0.00599 21
 -74.000   39.000 -0.00793 22
 -74.000   40.000 -0.01025 21
 -74.000   41.000 -0.01144 21
 -74.000   42.000 -0.01138 20
 -74.000   43.000 -0.01040 20
 -74.000   44.000 -0.01001 20
 -74.000   45.000 -0.01154 21
 -74.000   46.000 -0.01206 23
 -74.000   47.000 -0.01430 22
 -74.000   48.000 -0.01524 23
 -74.000   49.000 -0.01636 19
 -74.000   50.000 -0.01586 16
 -73.000   25.000  0.00660 19
 -73.000   26.000  0.00822 22
 -73.000   27.000  0.00847 27
 -73.000   28.000  0.00974 20
 -73.000   29.000  0.00819 25
 -73.000   30.000  0.00576 18
 -73.000   31.000  0.00079 24
 -73.000   32.000 -0.00271 19
 -73.000   33.000 -0.00711 24
 -73.000   34.000 -0.00742 21
 -73.000   35.000 -0.00707 23
 -73.000   36.000 -0.00553 23
 -73.000   37.000 -0.00512 22
 -73.000   38.000 -0.00512 26
 -73.000   39.000 -0.00582 22
 -73.000   40.000 -0.00710 26
 -73.000   41.000 -0.00758 20
 -73.000   42.000 -0.00736 24
 -73.000   43.000 -0.00672 19
 -73.000   44.000 -0.00690 24
 -73.000   45.000 -0.00879 20
 -73.000   46.000 -0.01003 25
 -73.000   47.000 -0.01271 20
 -73.000   48.000 -0.01388 24
 -73.000   49.000 -0.01514 20
 -73.000   50.000 -0.01502 20
 -72.000   25.000  0.01057 14
 -72.000   26.000  0.01113 19
 -72.000   27.000  0.01112 20
 -72.000   28.000  0.01135 18
 -72.000   29.000  0.00958 19
 -72.000   30.000  0.00760 17
 -72.000   31.000  0.00349 19
 -72.000   32.000  0.00036 16
 -72.000   33.000 -0.00418 17
 -72.000   34.000 -0.00478 15
 -72.000   35.000 -0.00523 16
 -72.000   36.000 -0.00418 16
 -72.000   37.000 -0.00378 17
 -72.000   38.000 -0.00292 19
 -72.000   39.000 -0.00242 18
 -72.000   40.000 -0.00282 18
 -72.000   41.000 -0.00283 18
 -72.000   42.000 -0.00283 20
 -72.000   43.000 -0.00322 21
 -72.000   44.000 -0.00487 21
 -72.000   45.000 -0.00803 21
 -72.000   46.000 -0.01036 22
 -72.000   47.000 -0.01380 22
 -72.000   48.000 -0.01497 23
 -72.000   49.000 -0.01627 20
 -72.000   50.000 -0.01592 17
 -71.000   25.000  0.01228 19
 -71.000   26.000  0.01183 23
 -71.000   27.000  0.01164 28
 -71.000   28.000  0.01094 21
 -71.000   29.000  0.00895 26
 -71.000   30.000  0.00732 19
 -71.000   31.000  0.00393 25
 -71.000   32.000  0.00105 18
 -71.000   33.000 -0.00351 23
 -71.000   34.000 -0.00439 20
 -71.000   35.000 -0.00534 23
 -71.000   36.000 -0.00488 23
 -71.000   37.000 -0.00449 21
 -71.000   38.000 -0.00287 25
 -71.000   39.000 -0.00083 20
 -71.000   40.000  0.00004 24
 -71.000   41.000  0.00127 18
 -71.000   42.000  0.00140 24
 -71.000   43.000  0.00056 20
 -71.000   44.000 -0.00240 24
 -71.000   45.000 -0.00640 19
 -71.000   46.000 -0.00990 24
 -71.000   47.000 -0.01400 20
 -71.000   48.000 -0.01582 25
 -71.000   49.000 -0.01738 19
 -71.000   50.000 -0.01743 19
 -70.000   25.000  0.01902 16
 -70.000   26.000  0.01732 20
 -70.000   27.000  0.01640 22
 -70.000   28.000  0.01424 19
 -70.000   29.000  0.01161 20
 -70.000   30.000  0.01020 17
 -70.000   31.000  0.00730 19
 -70.000   32.000  0.00491 17
 -70.000   33.000  0.00071 18
 -70.000   34.000 -0.00036 16
 -70.000   35.000 -0.00190 16
 -70.000   36.000 -0.00205 16
 -70.000   37.000 -0.00177 15
 -70.000   38.000  0.00007 17
 -70.000   39.000  0.00271 15
 -70.000   40.000  0.00395 17
 -70.000   41.000  0.00558 15
 -70.000   42.000  0.00500 19
 -70.000   43.000  0.00304 18
 -70.000   44.000 -0.00184 19
 -70.000   45.000 -0.00726 17
 -70.000   46.000 -0.01229 19
 -70.000   47.000 -0.01723 20
 -70.000   48.000 -0.01946 22
 -70.000   49.000 -0.02119 20
 -70.000   50.000 -0.02122 17
 -69.000   25.000  0.02125 20
 -69.000   26.000  0.01924 23
 -69.000   27.000  0.01788 29
 -69.000   28.000  0.01527 23
 -69.000   29.000  0.01236 27
 -69.000   30.000  0.01080 19
 -69.000   31.000  0.00761 24
 -69.000   32.000  0.00532 18
 -69.000   33.000  0.00154 23
 -69.000   34.000  0.00049 18
 -69.000   35.000 -0.00129 20
 -69.000   36.000 -0.00183 21
 -69.000   37.000 -0.00172 21
 -69.000   38.000 -0.00018 25
 -69.000   39.000  0.00249 20
 -69.000   40.000  0.00377 23
 -69.000   41.000  0.00594 17
 -69.000   42.000  0.00485 21
 -69.000   43.000  0.00243 17
 -69.000   44.000 -0.00366 21
 -69.000   45.000 -0.00936 16
 -69.000   46.000 -0.01540 20
 -69.000   47.000 -0.02066 17
 -69.000   48.000 -0.02344 22
 -69.000   49.000 -0.02525 19
 -69.000   50.000 -0.02600 19
 -68.000   25.000  0.02415 17
 -68.000   26.000  0.02190 20
 -68.000   27.000  0.02011 23
 -68.000   28.000  0.01698 21
 -68.000   29.000  0.01404 23
 -68.000   30.000  0.01259 19
 -68.000   31.000  0.00923 21
 -68.000   32.000  0.00692 18
 -68.000   33.000  0.00382 20
 -68.000   34.000  0.00320 16
 -68.000   35.000  0.00144 15
 -68.000   36.000  0.00031 15
 -68.000   37.000  0.00001 15
 -68.000   38.000  0.00024 18
 -68.000   39.000  0.00125 15
 -68.000   40.000  0.00109 17
 -68.000   41.000  0.00316 14
 -68.000   42.000  0.00052 17
 -68.000   43.000 -0.00295 15
 -68.000   44.000 -0.01050 18
 -68.000   45.000 -0.01653 15
 -68.000   46.000 -0.02396 18
 -68.000   47.000 -0.02924 17
 -68.000   48.000 -0.03177 21
 -68.000   49.000 -0.03331 21
 -68.000   50.000 -0.03482 19
 -67.000   25.000  0.02087 16
 -67.000   26.000  0.01874 19
 -67.000   27.000  0.01719 26
 -67.000   28.000  0.01475 21
 -67.000   29.000  0.01257 26
 -67.000   30.000  0.01129 18
 -67.000   31.000  0.00792 22
 -67.000   32.000  0.00522 15
 -67.000   33.000  0.00256 21
 -67.000   34.000  0.00196 15
 -67.000   35.000  0.00015 16
 -67.000   36.000 -0.00191 14
 -67.000   37.000 -0.00320 15
 -67.000   38.000 -0.00505 19
 -67.000   39.000 -0.00579 16
 -67.000   40.000 -0.00715 19
 -67.000   41.000 -0.00503 15
 -67.000   42.000 -0.00845 18
 -67.000   43.000 -0.01246 15
 -67.000   44.000 -0.02083 19
 -67.000   45.000 -0.02708 15
 -67.000   46.000 -0.03552 19
 -67.000   47.000 -0.04059 14
 -67.000   48.000 -0.04264 19
 -67.000   49.000 -0.04391 15
 -67.000   50.000 -0.04607 16
 -66.000   25.000  0.02075 11
 -66.000   26.000  0.01871 12
 -66.000   27.000  0.01717 17
 -66.000   28.000  0.01479 13
 -66.000   29.000  0.01295 17
 -66.000   30.000  0.01178 12
 -66.000   31.000  0.00839 15
 -66.000   32.000  0.00552 10
 -66.000   33.000  0.00333 14
 -66.000   34.000  0.00299 10
 -66.000   35.000  0.00125 11
 -66.000   36.000 -0.00119 8
 -66.000   37.000 -0.00276 9
 -66.000   38.000 -0.00565 11
 -66.000   39.000 -0.00771 10
 -66.000   40.000 -0.01023 12
 -66.000   41.000 -0.00850 9
 -66.000   42.000 -0.01299 11
 -66.000   43.000 -0.01769 8
 -66.000   44.000 -0.02684 13
 -66.000   45.000 -0.03325 11
 -66.000   46.000 -0.04239 14
 -66.000   47.000 -0.04733 9
 -66.000   48.000 -0.04905 13
 -66.000   49.000 -0.05010 11
 -66.000   50.000 -0.05269 12
 -65.000   25.000  0.01609 7
 -65.000   26.000  0.01473 7
 -65.000   27.000  0.01374 13
 -65.000   28.000  0.01228 8
 -65.000   29.000  0.01122 11
 -65.000   30.000  0.01023 6
 -65.000   31.000  0.00678 9
 -65.000   32.000  0.00346 5
 -65.000   33.000  0.00154 8
 -65.000   34.000  0.00133 4
 -65.000   35.000 -0.00045 6
 -65.000   36.000 -0.00370 4
 -65.000   37.000 -0.00599 6
 -65.000   38.000 -0.01029 8
 -65.000   39.000 -0.01374 7
 -65.000   40.000 -0.01730 9
 -65.000   41.000 -0.01566 6
 -65.000   42.000 -0.02077 8
 -65.000   43.000 -0.02594 5
 -65.000   44.000 -0.03544 9
 -65.000   45.000 -0.04139 7
 -65.000   46.000 -0.05063 10
 -65.000   47.000 -0.05476 5
 -65.000   48.000 -0.05554 9
 -65.000   49.000 -0.05601 5
 -65.000   50.000 -0.05899 8
