-130.000   25.000 -0.00540 17
-130.000   26.000 -0.00451 20
-130.000   27.000 -0.00404 20
-130.000   28.000 -0.00284 19
-130.000   29.000 -0.00024 18
-130.000   30.000 -0.00216 16
-130.000   31.000 -0.00280 18
-130.000   32.000 -0.00580 15
-130.000   33.000 -0.00548 16
-130.000   34.000 -0.00867 12
-130.000   35.000 -0.00973 16
-130.000   36.000 -0.01399 12
-130.000   37.000 -0.01372 16
-130.000   38.000 -0.01838 13
-130.000   39.000 -0.01787 16
-130.000   40.000 -0.01662 12
-130.000   41.000 -0.00657 13
-130.000   42.000  0.00284 10
-130.000   43.000  0.01389 12
-130.000   44.000  0.01672 9
-130.000   45.000  0.01831 12
-130.000   46.000  0.01031 9
-130.000   47.000  0.00576 14
-130.000   48.000  0.00384 12
-130.000   49.000  0.00332 17
-130.000   50.000  0.00368 13
-129.000   25.000  0.00144 14
-129.000   26.000  0.00155 16
-129.000   27.000  0.00164 16
-129.000   28.000  0.00041 15
-129.000   29.000  0.00099 15
-129.000   30.000 -0.00305 11
-129.000   31.000 -0.00440 13
-129.000   32.000 -0.00817 10
-129.000   33.000 -0.00632 12
-129.000   34.000 -0.00850 9
-129.000   35.000 -0.00720 14
-129.000   36.000 -0.01000 10
-129.000   37.000 -0.00835 15
-129.000   38.000 -0.01155 11
-129.000   39.000 -0.01005 16
-129.000   40.000 -0.00775 11
-129.000   41.000  0.00151 14
-129.000   42.000  0.00944 10
-129.000   43.000  0.01804 14
-129.000   44.000  0.01799 10
-129.000   45.000  0.01755 14
-129.000   46.000  0.00994 11
-129.000   47.000  0.00702 16
-129.000   48.000  0.00618 14
-129.000   49.000  0.00779 17
-129.000   50.000  0.00983 14
-128.000   25.000  0.00139 21
-128.000   26.000  0.00043 22
-128.000   27.000  0.00083 23
-128.000   28.000 -0.00150 20
-128.000   29.000 -0.00083 21
-128.000   30.000 -0.00545 18
-128.000   31.000 -0.00611 20
-128.000   32.000 -0.00992 18
-128.000   33.000 -0.00690 19
-128.000   34.000 -0.00921 16
-128.000   35.000 -0.00727 19
-128.000   36.000 -0.01049 15
-128.000   37.000 -0.00869 18
-128.000   38.000 -0.01159 16
-128.000   39.000 -0.00867 19
-128.000   40.000 -0.00538 16
-128.000   41.000  0.00415 16
-128.000   42.000  0.01101 14
-128.000   43.000  0.01829 16
-128.000   44.000  0.01768 13
-128.000   45.000  0.01700 15
-128.000   46.000  0.01126 13
-128.000   47.000  0.00957 18
-128.000   48.000  0.00919 17
-128.000   49.000  0.01085 20
-128.000   50.000  0.01303 17
-127.000   25.000  0.00125 14
-127.000   26.000 -0.00032 15
-127.000   27.000  0.00084 15
-127.000   28.000 -0.00223 12
-127.000   29.000 -0.00067 15
-127.000   30.000 -0.00555 11
-127.000   31.000 -0.00520 15
-127.000   32.000 -0.00886 12
-127.000   33.000 -0.00447 15
-127.000   34.000 -0.00706 11
-127.000   35.000 -0.00447 16
-127.000   36.000 -0.00840 12
-127.000   37.000 -0.00631 17
-127.000   38.000 -0.00862 12
-127.000   39.000 -0.00367 17
-127.000   40.000  0.00077 12
-127.000   41.000  0.01105 15
-127.000   42.000  0.01666 10
-127.000   43.000  0.02282 15
-127.000   44.000  0.02192 11
-127.000   45.000  0.02143 16
-127.000   46.000  0.01781 13
-127.000   47.000  0.01675 17
-127.000   48.000  0.01525 14
-127.000   49.000  0.01617 15
-127.000   50.000  0.01714 13
-126.000   25.000  0.00169 20
-126.000   26.000  0.00022 22
-126.000   27.000  0.00207 21
-126.000   28.000 -0.00105 18
-126.000   29.000  0.00063 19
-126.000   30.000 -0.00502 17
-126.000   31.000 -0.00506 19
-126.000   32.000 -0.00973 17
-126.000   33.000 -0.00561 19
-126.000   34.000 -0.00837 16
-126.000   35.000 -0.00478 19
-126.000   36.000 -0.00791 17
-126.000   37.000 -0.00485 18
-126.000   38.000 -0.00606 16
-126.000   39.000 -0.00017 17
-126.000   40.000  0.00405 16
-126.000   41.000  0.01284 15
-126.000   42.000  0.01629 13
-126.000   43.000  0.02088 15
-126.000   44.000  0.02062 14
-126.000   45.000  0.02107 17
-126.000   46.000  0.01871 16
-126.000   47.000  0.01777 19
-126.000   48.000  0.01396 17
-126.000   49.000  0.01292 19
-126.000   50.000  0.01103 17
-125.000   25.000  0.00303 13
-125.000   26.000  0.00308 16
-125.000   27.000  0.00521 16
-125.000   28.000  0.00376 14
-125.000   29.000  0.00540 15
-125.000   30.000  0.00006 11
-125.000   31.000 -0.00112 14
-125.000   32.000 -0.00653 10
-125.000   33.000 -0.00447 14
-125.000   34.000 -0.00707 10
-125.000   35.000 -0.00303 16
-125.000   36.000 -0.00378 13
-125.000   37.000  0.00100 17
-125.000   38.000  0.00140 12
-125.000   39.000  0.00746 16
-125.000   40.000  0.01012 12
-125.000   41.000  0.01628 14
-125.000   42.000  0.01785 9
-125.000   43.000  0.02193 14
-125.000   44.000  0.02293 11
-125.000   45.000  0.02495 16
-125.000   46.000  0.02146 12
-125.000   47.000  0.01844 16
-125.000   48.000  0.00985 13
-125.000   49.000  0.00546 16
-125.000   50.000 -0.00117 14
-124.000   25.000  0.00266 18
-124.000   26.000  0.00306 21
-124.000   27.000  0.00493 20
-124.000   28.000  0.00444 19
-124.000   29.000  0.00601 18
-124.000   30.000  0.00203 17
-124.000   31.000  0.00113 17
-124.000   32.000 -0.00302 16
-124.000   33.000 -0.00203 17
-124.000   34.000 -0.00401 16
-124.000   35.000 -0.00055 17
-124.000   36.000 -0.00029 16
-124.000   37.000  0.00442 14
-124.000   38.000  0.00580 13
-124.000   39.000  0.01142 12
-124.000   40.000  0.01278 15
-124.000   41.000  0.01652 14
-124.000   42.000  0.01613 14
-124.000   43.000  0.01928 12
-124.000   44.000  0.02207 12
-124.000   45.000  0.02600 13
-124.000   46.000  0.02251 13
-124.000   47.000  0.01724 16
-124.000   48.000  0.00476 17
-124.000   49.000 -0.00334 20
-124.000   50.000 -0.01531 19
-123.000   25.000  0.00812 12
-123.000   26.000  0.00746 15
-123.000   27.000  0.00757 16
-123.000   28.000  0.00568 14
-123.000   29.000  0.00518 15
-123.000   30.000  0.00234 12
-123.000   31.000  0.00218 15
-123.000   32.000  0.00108 12
-123.000   33.000  0.00243 15
-123.000   34.000  0.00210 12
-123.000   35.000  0.00513 16
-123.000   36.000  0.00677 12
-123.000   37.000  0.01093 15
-123.000   38.000  0.01439 10
-123.000   39.000  0.01992 14
-123.000   40.000  0.02220 12
-123.000   41.000  0.02398 15
-123.000   42.000  0.02208 11
-123.000   43.000  0.02321 13
-123.000   44.000  0.02568 10
-123.000   45.000  0.02832 13
-123.000   46.000  0.02396 9
-123.000   47.000  0.01657 13
-123.000   48.000  0.00147 13
-123.000   49.000 -0.00867 17
-123.000   50.000 -0.02365 16
-122.000   25.000  0.01260 18
-122.000   26.000  0.01186 21
-122.000   27.000  0.01066 19
-122.000   28.000  0.00844 19
-122.000   29.000  0.00595 18
-122.000   30.000  0.00445 18
-122.000   31.000  0.00412 18
-122.000   32.000  0.00429 18
-122.000   33.000  0.00474 17
-122.000   34.000  0.00568 17
-122.000   35.000  0.00842 15
-122.000   36.000  0.01303 14
-122.000   37.000  0.01870 11
-122.000   38.000  0.02494 11
-122.000   39.000  0.03026 11
-122.000   40.000  0.03280 14
-122.000   41.000  0.03151 13
-122.000   42.000  0.02669 12
-122.000   43.000  0.02438 10
-122.000   44.000  0.02428 11
-122.000   45.000  0.02483 12
-122.000   46.000  0.01780 13
-122.000   47.000  0.00925 14
-122.000   48.000 -0.00667 17
-122.000   49.000 -0.01677 18
-122.000   50.000 -0.03292 20
-121.000   25.000  0.01589 14
-121.000   26.000  0.01522 16
-121.000   27.000  0.01356 15
-121.000   28.000  0.01201 13
-121.000   29.000  0.00934 14
-121.000   30.000  0.01001 12
-121.000   31.000  0.01012 15
-121.000   32.000  0.01087 12
-121.000   33.000  0.00991 14
-121.000   34.000  0.01035 11
-121.000   35.000  0.01177 14
-121.000   36.000  0.01839 11
-121.000   37.000  0.02571 14
-121.000   38.000  0.03438 10
-121.000   39.000  0.04064 15
-121.000   40.000  0.04360 11
-121.000   41.000  0.04094 13
-121.000   42.000  0.03461 7
-121.000   43.000  0.02979 12
-121.000   44.000  0.02630 10
-121.000   45.000  0.02377 14
-121.000   46.000  0.01347 10
-121.000   47.000  0.00334 13
-121.000   48.000 -0.01280 12
-121.000   49.000 -0.02186 15
-121.000   50.000 -0.03678 15
-120.000   25.000  0.01858 21
-120.000   26.000  0.01665 24
-120.000   27.000  0.01514 20
-120.000   28.000  0.01257 19
-120.000   29.000  0.01043 18
-120.000   30.000  0.01282 17
-120.000   31.000  0.01521 17
-120.000   32.000  0.01694 15
-120.000   33.000  0.01636 14
-120.000   34.000  0.01556 14
-120.000   35.000  0.01530 12
-120.000   36.000  0.01950 12
-120.000   37.000  0.02555 11
-120.000   38.000  0.03409 12
-120.000   39.000  0.04085 12
-120.000   40.000  0.04422 12
-120.000   41.000  0.04233 11
-120.000   42.000  0.03468 9
-120.000   43.000  0.02820 10
-120.000   44.000  0.02142 10
-120.000   45.000  0.01664 12
-120.000   46.000  0.00518 12
-120.000   47.000 -0.00397 13
-120.000   48.000 -0.01804 16
-120.000   49.000 -0.02481 17
-120.000   50.000 -0.03748 20
-119.000   25.000  0.02558 17
-119.000   26.000  0.02293 19
-119.000   27.000  0.02197 17
-119.000   28.000  0.01862 13
-119.000   29.000  0.01717 14
-119.000   30.000  0.01960 11
-119.000   31.000  0.02316 14
-119.000   32.000  0.02441 9
-119.000   33.000  0.02400 13
-119.000   34.000  0.02133 10
-119.000   35.000  0.01971 14
-119.000   36.000  0.02041 10
-119.000   37.000  0.02456 15
-119.000   38.000  0.03121 11
-119.000   39.000  0.03833 15
-119.000   40.000  0.04143 10
-119.000   41.000  0.04161 13
-119.000   42.000  0.03455 8
-119.000   43.000  0.02877 12
-119.000   44.000  0.01896 8
-119.000   45.000  0.01225 12
-119.000   46.000 -0.00151 8
-119.000   47.000 -0.01048 12
-119.000   48.000 -0.02377 11
-119.000   49.000 -0.02856 15
-119.000   50.000 -0.03899 14
-118.000   25.000  0.02617 20
-118.000   26.000  0.02477 25
-118.000   27.000  0.02551 21
-118.000   28.000  0.02485 20
-118.000   29.000  0.02659 18
-118.000   30.000  0.03010 18
-118.000   31.000  0.03398 18
-118.000   32.000  0.03288 16
-118.000   33.000  0.03060 15
-118.000   34.000  0.02466 15
-118.000   35.000  0.02132 13
-118.000   36.000  0.01881 12
-118.000   37.000  0.02174 11
-118.000   38.000  0.02486 12
-118.000   39.000  0.03088 12
-118.000   40.000  0.03189 10
-118.000   41.000  0.03358 12
-118.000   42.000  0.02614 10
-118.000   43.000  0.02094 13
-118.000   44.000  0.00735 9
-118.000   45.000 -0.00074 11
-118.000   46.000 -0.01806 10
-118.000   47.000 -0.02580 12
-118.000   48.000 -0.03741 15
-118.000   49.000 -0.03912 17
-118.000   50.000 -0.04722 19
-117.000   25.000  0.02753 15
-117.000   26.000  0.02628 18
-117.000   27.000  0.02795 16
-117.000   28.000  0.02911 13
-117.000   29.000  0.03355 13
-117.000   30.000  0.03751 13
-117.000   31.000  0.04187 16
-117.000   32.000  0.03991 13
-117.000   33.000  0.03714 16
-117.000   34.000  0.02906 13
-117.000   35.000  0.02472 16
-117.000   36.000  0.01949 11
-117.000   37.000  0.02050 14
-117.000   38.000  0.02015 10
-117.000   39.000  0.02500 15
-117.000   40.000  0.02550 9
-117.000   41.000  0.02909 14
-117.000   42.000  0.02261 8
-117.000   43.000  0.01827 14
-117.000   44.000  0.00208 8
-117.000   45.000 -0.00826 12
-117.000   46.000 -0.02757 8
-117.000   47.000 -0.03517 12
-117.000   48.000 -0.04587 10
-117.000   49.000 -0.04541 14
-117.000   50.000 -0.05155 12
-116.000   25.000  0.02798 18
-116.000   26.000  0.02650 24
-116.000   27.000  0.02814 19
-116.000   28.000  0.02918 20
-116.000   29.000  0.03438 16
-116.000   30.000  0.03781 20
-116.000   31.000  0.04239 19
-116.000   32.000  0.04096 21
-116.000   33.000  0.03965 19
-116.000   34.000  0.03115 20
-116.000   35.000  0.02682 16
-116.000   36.000  0.01828 14
-116.000   37.000  0.01639 11
-116.000   38.000  0.01194 12
-116.000   39.000  0.01539 15
-116.000   40.000  0.01536 12
-116.000   41.000  0.02059 15
-116.000   42.000  0.01312 9
-116.000   43.000  0.00812 14
-116.000   44.000 -0.01156 9
-116.000   45.000 -0.02374 13
-116.000   46.000 -0.04303 11
-116.000   47.000 -0.04784 14
-116.000   48.000 -0.05479 15
-116.000   49.000 -0.05107 17
-116.000   50.000 -0.05428 18
-115.000   25.000  0.02787 15
-115.000   26.000  0.02684 18
-115.000   27.000  0.02767 15
-115.000   28.000  0.02841 13
-115.000   29.000  0.03271 13
-115.000   30.000  0.03503 14
-115.000   31.000  0.03833 16
-115.000   32.000  0.03755 14
-115.000   33.000  0.03777 18
-115.000   34.000  0.03097 16
-115.000   35.000  0.02783 18
-115.000   36.000  0.01889 12
-115.000   37.000  0.01626 15
-115.000   38.000  0.00968 11
-115.000   39.000  0.01231 18
-115.000   40.000  0.01163 12
-115.000   41.000  0.01726 16
-115.000   42.000  0.00968 7
-115.000   43.000  0.00439 12
-115.000   44.000 -0.01606 7
-115.000   45.000 -0.02863 13
-115.000   46.000 -0.04685 9
-115.000   47.000 -0.05135 14
-115.000   48.000 -0.05704 11
-115.000   49.000 -0.05276 15
-115.000   50.000 -0.05494 13
-114.000   25.000  0.02085 17
-114.000   26.000  0.02114 22
-114.000   27.000  0.02158 16
-114.000   28.000  0.02357 20
-114.000   29.000  0.02757 16
-114.000   30.000  0.03016 21
-114.000   31.000  0.03230 18
-114.000   32.000  0.03169 21
-114.000   33.000  0.03186 20
-114.000   34.000  0.02598 22
-114.000   35.000  0.02340 19
-114.000   36.000  0.01573 18
-114.000   37.000  0.01407 17
-114.000   38.000  0.00728 16
-114.000   39.000  0.00958 18
-114.000   40.000  0.00884 14
-114.000   41.000  0.01333 16
-114.000   42.000  0.00480 9
-114.000   43.000 -0.00218 13
-114.000   44.000 -0.02281 9
-114.000   45.000 -0.03677 14
-114.000   46.000 -0.05410 11
-114.000   47.000 -0.05822 15
-114.000   48.000 -0.06164 15
-114.000   49.000 -0.05719 19
-114.000   50.000 -0.05727 20
-113.000   25.000  0.01890 12
-113.000   26.000  0.01974 15
-113.000   27.000  0.01906 11
-113.000   28.000  0.01969 13
-113.000   29.000  0.02107 14
-113.000   30.000  0.02244 15
-113.000   31.000  0.02320 17
-113.000   32.000  0.02333 14
-113.000   33.000  0.02467 18
-113.000   34.000  0.02158 15
-113.000   35.000  0.02102 19
-113.000   36.000  0.01591 15
-113.000   37.000  0.01567 20
-113.000   38.000  0.01013 14
-113.000   39.000  0.01204 18
-113.000   40.000  0.01089 11
-113.000   41.000  0.01307 15
-113.000   42.000  0.00485 8
-113.000   43.000 -0.00243 13
-113.000   44.000 -0.01983 8
-113.000   45.000 -0.03331 13
-113.000   46.000 -0.04885 8
-113.000   47.000 -0.05474 13
-113.000   48.000 -0.05859 10
-113.000   49.000 -0.05683 15
-113.000   50.000 -0.05732 14
-112.000   25.000  0.02032 16
-112.000   26.000  0.02107 22
-112.000   27.000  0.01911 13
-112.000   28.000  0.01747 21
-112.000   29.000  0.01539 17
-112.000   30.000  0.01470 22
-112.000   31.000  0.01404 19
-112.000   32.000  0.01428 21
-112.000   33.000  0.01652 23
-112.000   34.000  0.01554 22
-112.000   35.000  0.01652 24
-112.000   36.000  0.01243 22
-112.000   37.000  0.01257 27
-112.000   38.000  0.00744 22
-112.000   39.000  0.00840 23
-112.000   40.000  0.00528 17
-112.000   41.000  0.00497 19
-112.000   42.000 -0.00331 13
-112.000   43.000 -0.01050 17
-112.000   44.000 -0.02483 12
-112.000   45.000 -0.03653 18
-112.000   46.000 -0.04965 12
-112.000   47.000 -0.05561 18
-112.000   48.000 -0.05874 14
-112.000   49.000 -0.05879 20
-112.000   50.000 -0.05880 17
-111.000   25.000  0.02353 12
-111.000   26.000  0.02302 18
-111.000   27.000  0.01959 10
-111.000   28.000  0.01546 16
-111.000   29.000  0.01027 14
-111.000   30.000  0.00797 16
-111.000   31.000  0.00663 17
-111.000   32.000  0.00758 15
-111.000   33.000  0.01070 22
-111.000   34.000  0.01226 16
-111.000   35.000  0.01471 22
-111.000   36.000  0.01249 15
-111.000   37.000  0.01297 23
-111.000   38.000  0.00852 16
-111.000   39.000  0.00768 21
-111.000   40.000  0.00270 14
-111.000   41.000 -0.00044 17
-111.000   42.000 -0.00804 10
-111.000   43.000 -0.01400 14
-111.000   44.000 -0.02345 9
-111.000   45.000 -0.03239 16
-111.000   46.000 -0.04263 10
-111.000   47.000 -0.04957 16
-111.000   48.000 -0.05394 9
-111.000   49.000 -0.05687 14
-111.000   50.000 -0.05834 10
-110.000   25.000  0.02276 19
-110.000   26.000  0.02114 26
-110.000   27.000  0.01782 15
-110.000   28.000  0.01342 23
-110.000   29.000  0.00839 16
-110.000   30.000  0.00620 22
-110.000   31.000  0.00533 18
-110.000   32.000  0.00637 22
-110.000   33.000  0.00912 25
-110.000   34.000  0.01034 23
-110.000   35.000  0.01217 27
-110.000   36.000  0.01025 23
-110.000   37.000  0.00967 29
-110.000   38.000  0.00499 22
-110.000   39.000  0.00240 24
-110.000   40.000 -0.00300 19
-110.000   41.000 -0.00769 21
-110.000   42.000 -0.01435 17
-110.000   43.000 -0.01990 20
-110.000   44.000 -0.02618 15
-110.000   45.000 -0.03413 21
-110.000   46.000 -0.04218 14
-110.000   47.000 -0.04918 21
-110.000   48.000 -0.05330 13
-110.000   49.000 -0.05738 20
-110.000   50.000 -0.05888 14
-109.000   25.000  0.02239 13
-109.000   26.000  0.01986 19
-109.000   27.000  0.01705 11
-109.000   28.000  0.01267 17
-109.000   29.000  0.00816 12
-109.000   30.000  0.00599 16
-109.000   31.000  0.00491 15
-109.000   32.000  0.00537 16
-109.000   33.000  0.00708 20
-109.000   34.000  0.00825 16
-109.000   35.000  0.00986 21
-109.000   36.000  0.00879 15
-109.000   37.000  0.00730 20
-109.000   38.000  0.00220 13
-109.000   39.000 -0.00245 17
-109.000   40.000 -0.00866 12
-109.000   41.000 -0.01431 15
-109.000   42.000 -0.01982 11
-109.000   43.000 -0.02394 14
-109.000   44.000 -0.02718 10
-109.000   45.000 -0.03283 14
-109.000   46.000 -0.03867 9
-109.000   47.000 -0.04538 14
-109.000   48.000 -0.05005 8
-109.000   49.000 -0.05468 13
-109.000   50.000 -0.05712 9
-108.000   25.000  0.01946 18
-108.000   26.000  0.01695 25
-108.000   27.000  0.01540 17
-108.000   28.000  0.01252 23
-108.000   29.000  0.00970 17
-108.000   30.000  0.00790 23
-108.000   31.000  0.00675 20
-108.000   32.000  0.00585 24
-108.000   33.000  0.00601 25
-108.000   34.000  0.00591 24
-108.000   35.000  0.00675 27
-108.000   36.000  0.00536 23
-108.000   37.000  0.00302 28
-108.000   38.000 -0.00302 22
-108.000   39.000 -0.00932 26
-108.000   40.000 -0.01691 21
-108.000   41.000 -0.02306 24
-108.000   42.000 -0.02810 20
-108.000   43.000 -0.03122 23
-108.000   44.000 -0.03295 18
-108.000   45.000 -0.03631 21
-108.000   46.000 -0.03985 15
-108.000   47.000 -0.04510 21
-108.000   48.000 -0.04907 15
-108.000   49.000 -0.05275 21
-108.000   50.000 -0.05486 15
-107.000   25.000  0.01533 11
-107.000   26.000  0.01329 18
-107.000   27.000  0.01306 12
-107.000   28.000  0.01159 18
-107.000   29.000  0.01005 14
-107.000   30.000  0.00837 18
-107.000   31.000  0.00621 17
-107.000   32.000  0.00302 18
-107.000   33.000  0.00102 21
-107.000   34.000 -0.00025 17
-107.000   35.000  0.00026 21
-107.000   36.000 -0.00034 15
-107.000   37.000 -0.00223 21
-107.000   38.000 -0.00783 15
-107.000   39.000 -0.01469 21
-107.000   40.000 -0.02250 15
-107.000   41.000 -0.02868 18
-107.000   42.000 -0.03300 12
-107.000   43.000 -0.03499 16
-107.000   44.000 -0.03537 12
-107.000   45.000 -0.03678 15
-107.000   46.000 -0.03836 10
-107.000   47.000 -0.04229 14
-107.000   48.000 -0.04585 10
-107.000   49.000 -0.04868 14
-107.000   50.000 -0.05083 10
-106.000   25.000  0.00986 15
-106.000   26.000  0.00835 23
-106.000   27.000  0.00921 18
-106.000   28.000  0.00845 25
-106.000   29.000  0.00835 21
-106.000   30.000  0.00691 25
-106.000   31.000  0.00512 24
-106.000   32.000  0.00069 27
-106.000   33.000 -0.00195 27
-106.000   34.000 -0.00473 24
-106.000   35.000 -0.00470 26
-106.000   36.000 -0.00599 23
-106.000   37.000 -0.00791 28
-106.000   38.000 -0.01324 24
-106.000   39.000 -0.01954 29
-106.000   40.000 -0.02633 24
-106.000   41.000 -0.03196 26
-106.000   42.000 -0.03535 20
-106.000   43.000 -0.03714 24
-106.000   44.000 -0.03718 19
-106.000   45.000 -0.03835 23
-106.000   46.000 -0.03871 17
-106.000   47.000 -0.04157 22
-106.000   48.000 -0.04385 19
-106.000   49.000 -0.04566 24
-106.000   50.000 -0.04693 20
-105.000   25.000  0.00591 10
-105.000   26.000  0.00456 17
-105.000   27.000  0.00557 12
-105.000   28.000  0.00433 19
-105.000   29.000  0.00406 15
-105.000   30.000  0.00205 18
-105.000   31.000 -0.00066 18
-105.000   32.000 -0.00652 20
-105.000   33.000 -0.01030 21
-105.000   34.000 -0.01384 16
-105.000   35.000 -0.01398 20
-105.000   36.000 -0.01449 16
-105.000   37.000 -0.01516 22
-105.000   38.000 -0.01868 16
-105.000   39.000 -0.02346 21
-105.000   40.000 -0.02878 15
-105.000   41.000 -0.03386 17
-105.000   42.000 -0.03669 11
-105.000   43.000 -0.03820 16
-105.000   44.000 -0.03793 12
-105.000   45.000 -0.03863 16
-105.000   46.000 -0.03805 10
-105.000   47.000 -0.03986 14
-105.000   48.000 -0.04117 12
-105.000   49.000 -0.04231 16
-105.000   50.000 -0.04305 13
-104.000   25.000  0.00171 15
-104.000   26.000 -0.00013 23
-104.000   27.000  0.00002 19
-104.000   28.000 -0.00275 26
-104.000   29.000 -0.00361 22
-104.000   30.000 -0.00620 25
-104.000   31.000 -0.00855 24
-104.000   32.000 -0.01405 27
-104.000   33.000 -0.01688 27
-104.000   34.000 -0.02039 25
-104.000   35.000 -0.02026 27
-104.000   36.000 -0.02066 25
-104.000   37.000 -0.02021 29
-104.000   38.000 -0.02235 26
-104.000   39.000 -0.02556 29
-104.000   40.000 -0.02987 24
-104.000   41.000 -0.03457 25
-104.000   42.000 -0.03740 19
-104.000   43.000 -0.03937 23
-104.000   44.000 -0.03925 19
-104.000   45.000 -0.03996 24
-104.000   46.000 -0.03851 19
-104.000   47.000 -0.03923 23
-104.000   48.000 -0.03905 22
-104.000   49.000 -0.03955 26
-104.000   50.000 -0.03915 24
-103.000   25.000 -0.00118 11
-103.000   26.000 -0.00407 18
-103.000   27.000 -0.00530 13
-103.000   28.000 -0.01025 19
-103.000   29.000 -0.01259 14
-103.000   30.000 -0.01587 17
-103.000   31.000 -0.01893 16
-103.000   32.000 -0.02435 19
-103.000   33.000 -0.02753 21
-103.000   34.000 -0.03079 19
-103.000   35.000 -0.03067 22
-103.000   36.000 -0.02957 18
-103.000   37.000 -0.02723 23
-103.000   38.000 -0.02649 18
-103.000   39.000 -0.02739 22
-103.000   40.000 -0.02986 15
-103.000   41.000 -0.03383 17
-103.000   42.000 -0.03641 11
-103.000   43.000 -0.03878 16
-103.000   44.000 -0.03921 13
-103.000   45.000 -0.04020 17
-103.000   46.000 -0.03850 12
-103.000   47.000 -0.03866 15
-103.000   48.000 -0.03754 13
-103.000   49.000 -0.03747 16
-103.000   50.000 -0.03617 14
-102.000   25.000 -0.00474 17
-102.000   26.000 -0.00881 24
-102.000   27.000 -0.01112 19
-102.000   28.000 -0.01812 25
-102.000   29.000 -0.02131 22
-102.000   30.000 -0.02502 26
-102.000   31.000 -0.02733 24
-102.000   32.000 -0.03125 26
-102.000   33.000 -0.03302 27
-102.000   34.000 -0.03535 28
-102.000   35.000 -0.03485 29
-102.000   36.000 -0.03358 27
-102.000   37.000 -0.03099 29
-102.000   38.000 -0.02927 27
-102.000   39.000 -0.02881 29
-102.000   40.000 -0.02974 25
-102.000   41.000 -0.03271 27
-102.000   42.000 -0.03485 21
-102.000   43.000 -0.03771 24
-102.000   44.000 -0.03893 20
-102.000   45.000 -0.04080 26
-102.000   46.000 -0.03945 22
-102.000   47.000 -0.03938 25
-102.000   48.000 -0.03735 23
-102.000   49.000 -0.03674 26
-102.000   50.000 -0.03456 25
-101.000   25.000 -0.00909 12
-101.000   26.000 -0.01409 18
-101.000   27.000 -0.01680 12
-101.000   28.000 -0.02467 18
-101.000   29.000 -0.02817 14
-101.000   30.000 -0.03170 18
-101.000   31.000 -0.03411 17
-101.000   32.000 -0.03779 19
-101.000   33.000 -0.04042 21
-101.000   34.000 -0.04289 20
-101.000   35.000 -0.04294 22
-101.000   36.000 -0.04057 18
-101.000   37.000 -0.03701 22
-101.000   38.000 -0.03300 18
-101.000   39.000 -0.03057 22
-101.000   40.000 -0.02926 16
-101.000   41.000 -0.03100 19
-101.000   42.000 -0.03264 13
-101.000   43.000 -0.03560 17
-101.000   44.000 -0.03762 13
-101.000   45.000 -0.04018 18
-101.000   46.000 -0.03954 13
-101.000   47.000 -0.03950 16
-101.000   48.000 -0.03724 13
-101.000   49.000 -0.03630 16
-101.000   50.000 -0.03394 14
-100.000   25.000 -0.01537 17
-100.000   26.000 -0.02056 24
-100.000   27.000 -0.02322 19
-100.000   28.000 -0.03091 25
-100.000   29.000 -0.03395 22
-100.000   30.000 -0.03711 26
-100.000   31.000 -0.03864 25
-100.000   32.000 -0.04126 27
-100.000   33.000 -0.04301 28
-100.000   34.000 -0.04479 28
-100.000   35.000 -0.04455 28
-100.000   36.000 -0.04206 26
-100.000   37.000 -0.03849 28
-100.000   38.000 -0.03417 27
-100.000   39.000 -0.03132 29
-100.000   40.000 -0.02934 24
-100.000   41.000 -0.03041 26
-100.000   42.000 -0.03189 21
-100.000   43.000 -0.03490 26
-100.000   44.000 -0.03708 21
-100.000   45.000 -0.03978 26
-100.000   46.000 -0.03944 21
-100.000   47.000 -0.03936 26
-100.000   48.000 -0.03703 24
-100.000   49.000 -0.03613 27
-100.000   50.000 -0.03389 25
 -99.000   25.000 -0.02162 11
 -99.000   26.000 -0.02673 18
 -99.000   27.000 -0.02935 13
 -99.000   28.000 -0.03640 19
 -99.000   29.000 -0.03870 14
 -99.000   30.000 -0.04071 17
 -99.000   31.000 -0.04193 17
 -99.000   32.000 -0.04406 20
 -99.000   33.000 -0.04644 22
 -99.000   34.000 -0.04858 20
 -99.000   35.000 -0.04914 21
 -99.000   36.000 -0.04611 18
 -99.000   37.000 -0.04192 21
 -99.000   38.000 -0.03621 18
 -99.000   39.000 -0.03230 22
 -99.000   40.000 -0.02934 15
 -99.000   41.000 -0.02990 17
 -99.000   42.000 -0.03160 11
 -99.000   43.000 -0.03446 18
 -99.000   44.000 -0.03649 14
 -99.000   45.000 -0.03873 17
 -99.000   46.000 -0.03849 11
 -99.000   47.000 -0.03822 16
 -99.000   48.000 -0.03651 14
 -99.000   49.000 -0.03605 17
 -99.000   50.000 -0.03477 14
 -98.000   25.000 -0.02828 15
 -98.000   26.000 -0.03221 22
 -98.000   27.000 -0.03378 17
 -98.000   28.000 -0.03895 23
 -98.000   29.000 -0.04002 20
 -98.000   30.000 -0.04133 24
 -98.000   31.000 -0.04207 24
 -98.000   32.000 -0.04378 27
 -98.000   33.000 -0.04582 28
 -98.000   34.000 -0.04773 28
 -98.000   35.000 -0.04855 28
 -98.000   36.000 -0.04605 27
 -98.000   37.000 -0.04269 28
 -98.000   38.000 -0.03770 27
 -98.000   39.000 -0.03419 29
 -98.000   40.000 -0.03120 24
 -98.000   41.000 -0.03137 25
 -98.000   42.000 -0.03297 19
 -98.000   43.000 -0.03523 25
 -98.000   44.000 -0.03675 20
 -98.000   45.000 -0.03841 24
 -98.000   46.000 -0.03836 20
 -98.000   47.000 -0.03804 26
 -98.000   48.000 -0.03706 25
 -98.000   49.000 -0.03708 27
 -98.000   50.000 -0.03674 25
 -97.000   25.000 -0.03368 10
 -97.000   26.000 -0.03668 16
 -97.000   27.000 -0.03758 10
 -97.000   28.000 -0.04109 16
 -97.000   29.000 -0.04114 12
 -97.000   30.000 -0.04145 16
 -97.000   31.000 -0.04239 16
 -97.000   32.000 -0.04418 19
 -97.000   33.000 -0.04744 21
 -97.000   34.000 -0.05015 20
 -97.000   35.000 -0.05215 22
 -97.000   36.000 -0.04943 20
 -97.000   37.000 -0.04585 22
 -97.000   38.000 -0.03978 18
 -97.000   39.000 -0.03539 22
 -97.000   40.000 -0.03173 17
 -97.000   41.000 -0.03168 19
 -97.000   42.000 -0.03359 11
 -97.000   43.000 -0.03556 16
 -97.000   44.000 -0.03699 12
 -97.000   45.000 -0.03801 16
 -97.000   46.000 -0.03808 12
 -97.000   47.000 -0.03753 16
 -97.000   48.000 -0.03743 14
 -97.000   49.000 -0.03786 16
 -97.000   50.000 -0.03847 14
 -96.000   25.000 -0.03651 15
 -96.000   26.000 -0.03859 20
 -96.000   27.000 -0.03896 15
 -96.000   28.000 -0.04117 20
 -96.000   29.000 -0.04064 17
 -96.000   30.000 -0.04075 22
 -96.000   31.000 -0.04177 22
 -96.000   32.000 -0.04330 26
 -96.000   33.000 -0.04651 26
 -96.000   34.000 -0.04901 27
 -96.000   35.000 -0.05144 28
 -96.000   36.000 -0.04914 27
 -96.000   37.000 -0.04639 28
 -96.000   38.000 -0.04104 25
 -96.000   39.000 -0.03727 28
 -96.000   40.000 -0.03406 23
 -96.000   41.000 -0.03393 25
 -96.000   42.000 -0.03557 18
 -96.000   43.000 -0.03688 23
 -96.000   44.000 -0.03773 18
 -96.000   45.000 -0.03797 23
 -96.000   46.000 -0.03798 20
 -96.000   47.000 -0.03742 25
 -96.000   48.000 -0.03798 22
 -96.000   49.000 -0.03871 24
 -96.000   50.000 -0.03978 22
 -95.000   25.000 -0.03723 11
 -95.000   26.000 -0.03910 16
 -95.000   27.000 -0.03947 11
 -95.000   28.000 -0.04101 16
 -95.000   29.000 -0.04015 11
 -95.000   30.000 -0.04011 15
 -95.000   31.000 -0.04161 15
 -95.000   32.000 -0.04336 19
 -95.000   33.000 -0.04788 20
 -95.000   34.000 -0.05121 19
 -95.000   35.000 -0.05467 21
 -95.000   36.000 -0.05204 19
 -95.000   37.000 -0.04883 21
 -95.000   38.000 -0.04228 17
 -95.000   39.000 -0.03751 21
 -95.000   40.000 -0.03371 15
 -95.000   41.000 -0.03335 17
 -95.000   42.000 -0.03517 10
 -95.000   43.000 -0.03641 15
 -95.000   44.000 -0.03758 11
 -95.000   45.000 -0.03753 15
 -95.000   46.000 -0.03765 11
 -95.000   47.000 -0.03694 15
 -95.000   48.000 -0.03793 11
 -95.000   49.000 -0.03863 14
 -95.000   50.000 -0.03997 11
 -94.000   25.000 -0.03799 17
 -94.000   26.000 -0.03903 20
 -94.000   27.000 -0.03876 16
 -94.000   28.000 -0.03908 20
 -94.000   29.000 -0.03776 16
 -94.000   30.000 -0.03771 21
 -94.000   31.000 -0.03948 20
 -94.000   32.000 -0.04133 25
 -94.000   33.000 -0.04629 24
 -94.000   34.000 -0.04966 26
 -94.000   35.000 -0.05360 27
 -94.000   36.000 -0.05147 26
 -94.000   37.000 -0.04936 27
 -94.000   38.000 -0.04354 25
 -94.000   39.000 -0.03939 28
 -94.000   40.000 -0.03562 23
 -94.000   41.000 -0.03489 24
 -94.000   42.000 -0.03587 18
 -94.000   43.000 -0.03645 22
 -94.000   44.000 -0.03752 18
 -94.000   45.000 -0.03752 23
 -94.000   46.000 -0.03806 20
 -94.000   47.000 -0.03763 24
 -94.000   48.000 -0.03879 20
 -94.000   49.000 -0.03926 23
 -94.000   50.000 -0.04038 19
 -93.000   25.000 -0.03967 12
 -93.000   26.000 -0.04011 16
 -93.000   27.000 -0.03995 11
 -93.000   28.000 -0.03961 16
 -93.000   29.000 -0.03842 11
 -93.000   30.000 -0.03822 15
 -93.000   31.000 -0.04064 14
 -93.000   32.000 -0.04235 18
 -93.000   33.000 -0.04805 19
 -93.000   34.000 -0.05125 19
 -93.000   35.000 -0.05533 21
 -93.000   36.000 -0.05250 19
 -93.000   37.000 -0.04984 21
 -93.000   38.000 -0.04292 19
 -93.000   39.000 -0.03816 22
 -93.000   40.000 -0.03405 17
 -93.000   41.000 -0.03322 18
 -93.000   42.000 -0.03433 12
 -93.000   43.000 -0.03499 15
 -93.000   44.000 -0.03643 11
 -93.000   45.000 -0.03654 15
 -93.000   46.000 -0.03738 12
 -93.000   47.000 -0.03698 15
 -93.000   48.000 -0.03831 12
 -93.000   49.000 -0.03869 15
 -93.000   50.000 -0.03987 11
 -92.000   25.000 -0.04016 18
 -92.000   26.000 -0.04030 22
 -92.000   27.000 -0.04026 17
 -92.000   28.000 -0.03977 20
 -92.000   29.000 -0.03882 16
 -92.000   30.000 -0.03867 21
 -92.000   31.000 -0.04089 19
 -92.000   32.000 -0.04200 24
 -92.000   33.000 -0.04678 22
 -92.000   34.000 -0.04899 24
 -92.000   35.000 -0.05238 24
 -92.000   36.000 -0.04971 25
 -92.000   37.000 -0.04769 27
 -92.000   38.000 -0.04186 27
 -92.000   39.000 -0.03824 29
 -92.000   40.000 -0.03493 25
 -92.000   41.000 -0.03430 26
 -92.000   42.000 -0.03498 20
 -92.000   43.000 -0.03526 23
 -92.000   44.000 -0.03631 18
 -92.000   45.000 -0.03639 22
 -92.000   46.000 -0.03733 19
 -92.000   47.000 -0.03727 23
 -92.000   48.000 -0.03864 21
 -92.000   49.000 -0.03905 24
 -92.000   50.000 -0.04015 19
 -91.000   25.000 -0.04238 12
 -91.000   26.000 -0.04232 18
 -91.000   27.000 -0.04261 12
 -91.000   28.000 -0.04211 16
 -91.000   29.000 -0.04202 12
 -91.000   30.000 -0.04249 16
 -91.000   31.000 -0.04526 15
 -91.000   32.000 -0.04605 18
 -91.000   33.000 -0.05030 18
 -91.000   34.000 -0.05119 17
 -91.000   35.000 -0.05292 18
 -91.000   36.000 -0.04868 18
 -91.000   37.000 -0.04536 21
 -91.000   38.000 -0.03876 20
 -91.000   39.000 -0.03485 22
 -91.000   40.000 -0.03212 17
 -91.000   41.000 -0.03220 19
 -91.000   42.000 -0.03365 13
 -91.000   43.000 -0.03448 16
 -91.000   44.000 -0.03587 10
 -91.000   45.000 -0.03606 13
 -91.000   46.000 -0.03725 10
 -91.000   47.000 -0.03743 14
 -91.000   48.000 -0.03900 12
 -91.000   49.000 -0.03960 15
 -91.000   50.000 -0.04085 12
 -90.000   25.000 -0.04509 19
 -90.000   26.000 -0.04457 25
 -90.000   27.000 -0.04460 18
 -90.000   28.000 -0.04388 21
 -90.000   29.000 -0.04404 17
 -90.000   30.000 -0.04451 22
 -90.000   31.000 -0.04679 19
 -90.000   32.000 -0.04702 21
 -90.000   33.000 -0.04982 19
 -90.000   34.000 -0.04948 20
 -90.000   35.000 -0.04968 21
 -90.000   36.000 -0.04546 23
 -90.000   37.000 -0.04231 25
 -90.000   38.000 -0.03689 25
 -90.000   39.000 -0.03398 26
 -90.000   40.000 -0.03248 22
 -90.000   41.000 -0.03322 24
 -90.000   42.000 -0.03485 19
 -90.000   43.000 -0.03567 23
 -90.000   44.000 -0.03664 17
 -90.000   45.000 -0.03670 20
 -90.000   46.000 -0.03778 17
 -90.000   47.000 -0.03823 21
 -90.000   48.000 -0.03980 20
 -90.000   49.000 -0.04059 23
 -90.000   50.000 -0.04179 20
 -89.000   25.000 -0.04816 13
 -89.000   26.000 -0.04776 19
 -89.000   27.000 -0.04795 12
 -89.000   28.000 -0.04747 16
 -89.000   29.000 -0.04848 13
 -89.000   30.000 -0.04930 17
 -89.000   31.000 -0.05171 16
 -89.000   32.000 -0.05144 15
 -89.000   33.000 -0.05355 15
 -89.000   34.000 -0.05194 14
 -89.000   35.000 -0.05015 17
 -89.000   36.000 -0.04439 17
 -89.000   37.000 -0.03990 20
 -89.000   38.000 -0.03396 18
 -89.000   39.000 -0.03064 21
 -89.000   40.000 -0.03003 16
 -89.000   41.000 -0.03169 19
 -89.000   42.000 -0.03447 13
 -89.000   43.000 -0.03596 18
 -89.000   44.000 -0.03711 12
 -89.000   45.000 -0.03698 16
 -89.000   46.000 -0.03765 11
 -89.000   47.000 -0.03808 15
 -89.000   48.000 -0.03959 12
 -89.000   49.000 -0.04054 15
 -89.000   50.000 -0.04177 13
 -88.000   25.000 -0.04813 19
 -88.000   26.000 -0.04843 25
 -88.000   27.000 -0.04860 19
 -88.000   28.000 -0.04865 22
 -88.000   29.000 -0.04956 17
 -88.000   30.000 -0.05033 22
 -88.000   31.000 -0.05172 18
 -88.000   32.000 -0.05120 20
 -88.000   33.000 -0.05230 16
 -88.000   34.000 -0.05059 18
 -88.000   35.000 -0.04787 17
 -88.000   36.000 -0.04258 20
 -88.000   37.000 -0.03804 20
 -88.000   38.000 -0.03328 21
 -88.000   39.000 -0.03050 22
 -88.000   40.000 -0.03099 20
 -88.000   41.000 -0.03322 22
 -88.000   42.000 -0.03649 18
 -88.000   43.000 -0.03829 22
 -88.000   44.000 -0.03928 18
 -88.000   45.000 -0.03884 20
 -88.000   46.000 -0.03870 17
 -88.000   47.000 -0.03884 18
 -88.000   48.000 -0.03964 18
 -88.000   49.000 -0.04029 20
 -88.000   50.000 -0.04109 20
 -87.000   25.000 -0.04844 14
 -87.000   26.000 -0.04934 19
 -87.000   27.000 -0.04958 15
 -87.000   28.000 -0.05014 17
 -87.000   29.000 -0.05156 14
 -87.000   30.000 -0.05264 17
 -87.000   31.000 -0.05429 16
 -87.000   32.000 -0.05389 17
 -87.000   33.000 -0.05484 14
 -87.000   34.000 -0.05251 14
 -87.000   35.000 -0.04856 13
 -87.000   36.000 -0.04220 15
 -87.000   37.000 -0.03675 17
 -87.000   38.000 -0.03195 17
 -87.000   39.000 -0.02912 20
 -87.000   40.000 -0.03041 17
 -87.000   41.000 -0.03326 19
 -87.000   42.000 -0.03740 13
 -87.000   43.000 -0.03974 18
 -87.000   44.000 -0.04092 14
 -87.000   45.000 -0.04020 17
 -87.000   46.000 -0.03926 11
 -87.000   47.000 -0.03892 14
 -87.000   48.000 -0.03903 12
 -87.000   49.000 -0.03932 15
 -87.000   50.000 -0.03972 13
 -86.000   25.000 -0.04705 19
 -86.000   26.000 -0.04837 23
 -86.000   27.000 -0.04861 20
 -86.000   28.000 -0.04964 23
 -86.000   29.000 -0.05061 18
 -86.000   30.000 -0.05112 22
 -86.000   31.000 -0.05193 17
 -86.000   32.000 -0.05140 21
 -86.000   33.000 -0.05177 15
 -86.000   34.000 -0.04980 18
 -86.000   35.000 -0.04620 14
 -86.000   36.000 -0.04115 18
 -86.000   37.000 -0.03651 16
 -86.000   38.000 -0.03321 19
 -86.000   39.000 -0.03117 18
 -86.000   40.000 -0.03310 19
 -86.000   41.000 -0.03585 19
 -86.000   42.000 -0.03990 18
 -86.000   43.000 -0.04209 20
 -86.000   44.000 -0.04300 19
 -86.000   45.000 -0.04197 19
 -86.000   46.000 -0.04011 17
 -86.000   47.000 -0.03898 16
 -86.000   48.000 -0.03795 17
 -86.000   49.000 -0.03760 17
 -86.000   50.000 -0.03724 18
 -85.000   25.000 -0.04553 15
 -85.000   26.000 -0.04713 18
 -85.000   27.000 -0.04764 15
 -85.000   28.000 -0.04923 17
 -85.000   29.000 -0.05069 15
 -85.000   30.000 -0.05149 17
 -85.000   31.000 -0.05262 16
 -85.000   32.000 -0.05209 16
 -85.000   33.000 -0.05210 13
 -85.000   34.000 -0.04952 13
 -85.000   35.000 -0.04568 13
 -85.000   36.000 -0.04053 15
 -85.000   37.000 -0.03615 17
 -85.000   38.000 -0.03351 17
 -85.000   39.000 -0.03202 18
 -85.000   40.000 -0.03440 16
 -85.000   41.000 -0.03718 17
 -85.000   42.000 -0.04124 14
 -85.000   43.000 -0.04327 19
 -85.000   44.000 -0.04409 16
 -85.000   45.000 -0.04279 19
 -85.000   46.000 -0.04052 12
 -85.000   47.000 -0.03889 15
 -85.000   48.000 -0.03763 12
 -85.000   49.000 -0.03698 14
 -85.000   50.000 -0.03642 11
 -84.000   25.000 -0.04394 19
 -84.000   26.000 -0.04569 22
 -84.000   27.000 -0.04613 18
 -84.000   28.000 -0.04793 22
 -84.000   29.000 -0.04880 19
 -84.000   30.000 -0.04917 22
 -84.000   31.000 -0.04920 17
 -84.000   32.000 -0.04836 19
 -84.000   33.000 -0.04767 14
 -84.000   34.000 -0.04544 17
 -84.000   35.000 -0.04271 14
 -84.000   36.000 -0.03956 18
 -84.000   37.000 -0.03672 16
 -84.000   38.000 -0.03566 19
 -84.000   39.000 -0.03496 16
 -84.000   40.000 -0.03745 18
 -84.000   41.000 -0.03958 16
 -84.000   42.000 -0.04289 18
 -84.000   43.000 -0.04424 18
 -84.000   44.000 -0.04484 19
 -84.000   45.000 -0.04338 19
 -84.000   46.000 -0.04125 18
 -84.000   47.000 -0.03936 17
 -84.000   48.000 -0.03799 17
 -84.000   49.000 -0.03708 15
 -84.000   50.000 -0.03644 16
 -83.000   25.000 -0.04459 16
 -83.000   26.000 -0.04587 19
 -83.000   27.000 -0.04610 15
 -83.000   28.000 -0.04755 17
 -83.000   29.000 -0.04801 16
 -83.000   30.000 -0.04812 17
 -83.000   31.000 -0.04745 16
 -83.000   32.000 -0.04603 15
 -83.000   33.000 -0.04469 14
 -83.000   34.000 -0.04236 14
 -83.000   35.000 -0.04041 14
 -83.000   36.000 -0.03845 15
 -83.000   37.000 -0.03695 17
 -83.000   38.000 -0.03676 17
 -83.000   39.000 -0.03649 17
 -83.000   40.000 -0.03892 15
 -83.000   41.000 -0.04053 15
 -83.000   42.000 -0.04298 14
 -83.000   43.000 -0.04348 17
 -83.000   44.000 -0.04370 15
 -83.000   45.000 -0.04204 18
 -83.000   46.000 -0.04060 13
 -83.000   47.000 -0.03916 16
 -83.000   48.000 -0.03925 12
 -83.000   49.000 -0.03883 14
 -83.000   50.000 -0.03900 12
 -82.000   25.000 -0.04587 21
 -82.000   26.000 -0.04652 26
 -82.000   27.000 -0.04640 20
 -82.000   28.000 -0.04726 24
 -82.000   29.000 -0.04657 20
 -82.000   30.000 -0.04588 23
 -82.000   31.000 -0.04386 19
 -82.000   32.000 -0.04187 21
 -82.000   33.000 -0.03997 17
 -82.000   34.000 -0.03841 19
 -82.000   35.000 -0.03787 15
 -82.000   36.000 -0.03825 18
 -82.000   37.000 -0.03845 16
 -82.000   38.000 -0.03953 19
 -82.000   39.000 -0.03964 16
 -82.000   40.000 -0.04172 18
 -82.000   41.000 -0.04211 15
 -82.000   42.000 -0.04327 18
 -82.000   43.000 -0.04263 16
 -82.000   44.000 -0.04253 18
 -82.000   45.000 -0.04097 17
 -82.000   46.000 -0.04047 18
 -82.000   47.000 -0.03962 17
 -82.000   48.000 -0.04064 18
 -82.000   49.000 -0.04051 16
 -82.000   50.000 -0.04097 18
 -81.000   25.000 -0.04913 17
 -81.000   26.000 -0.04856 22
 -81.000   27.000 -0.04818 17
 -81.000   28.000 -0.04791 19
 -81.000   29.000 -0.04644 16
 -81.000   30.000 -0.04537 18
 -81.000   31.000 -0.04299 18
 -81.000   32.000 -0.04053 18
 -81.000   33.000 -0.03826 17
 -81.000   34.000 -0.03686 16
 -81.000   35.000 -0.03698 15
 -81.000   36.000 -0.03831 15
 -81.000   37.000 -0.03923 17
 -81.000   38.000 -0.04080 17
 -81.000   39.000 -0.04086 17
 -81.000   40.000 -0.04256 15
 -81.000   41.000 -0.04219 14
 -81.000   42.000 -0.04254 14
 -81.000   43.000 -0.04141 15
 -81.000   44.000 -0.04154 14
 -81.000   45.000 -0.04029 16
 -81.000   46.000 -0.04069 13
 -81.000   47.000 -0.04066 15
 -81.000   48.000 -0.04303 12
 -81.000   49.000 -0.04323 14
 -81.000   50.000 -0.04420 14
 -80.000   25.000 -0.05226 20
 -80.000   26.000 -0.05083 25
 -80.000   27.000 -0.05007 20
 -80.000   28.000 -0.04868 23
 -80.000   29.000 -0.04609 19
 -80.000   30.000 -0.04416 23
 -80.000   31.000 -0.04123 21
 -80.000   32.000 -0.03852 24
 -80.000   33.000 -0.03663 20
 -80.000   34.000 -0.03625 22
 -80.000   35.000 -0.03759 17
 -80.000   36.000 -0.04022 20
 -80.000   37.000 -0.04190 17
 -80.000   38.000 -0.04384 21
 -80.000   39.000 -0.04380 17
 -80.000   40.000 -0.04498 20
 -80.000   41.000 -0.04396 15
 -80.000   42.000 -0.04369 18
 -80.000   43.000 -0.04229 14
 -80.000   44.000 -0.04249 17
 -80.000   45.000 -0.04166 16
 -80.000   46.000 -0.04246 19
 -80.000   47.000 -0.04276 18
 -80.000   48.000 -0.04495 19
 -80.000   49.000 -0.04509 17
 -80.000   50.000 -0.04574 19
 -79.000   25.000 -0.05439 15
 -79.000   26.000 -0.05178 19
 -79.000   27.000 -0.05049 15
 -79.000   28.000 -0.04777 17
 -79.000   29.000 -0.04416 17
 -79.000   30.000 -0.04227 19
 -79.000   31.000 -0.03976 18
 -79.000   32.000 -0.03774 17
 -79.000   33.000 -0.03656 17
 -79.000   34.000 -0.03740 18
 -79.000   35.000 -0.03956 17
 -79.000   36.000 -0.04251 17
 -79.000   37.000 -0.04395 18
 -79.000   38.000 -0.04549 19
 -79.000   39.000 -0.04487 19
 -79.000   40.000 -0.04546 18
 -79.000   41.000 -0.04430 16
 -79.000   42.000 -0.04412 15
 -79.000   43.000 -0.04315 15
 -79.000   44.000 -0.04396 14
 -79.000   45.000 -0.04384 18
 -79.000   46.000 -0.04496 16
 -79.000   47.000 -0.04545 20
 -79.000   48.000 -0.04755 15
 -79.000   49.000 -0.04756 17
 -79.000   50.000 -0.04794 15
 -78.000   25.000 -0.05318 17
 -78.000   26.000 -0.05060 20
 -78.000   27.000 -0.04914 17
 -78.000   28.000 -0.04648 19
 -78.000   29.000 -0.04273 19
 -78.000   30.000 -0.04131 22
 -78.000   31.000 -0.03931 20
 -78.000   32.000 -0.03828 21
 -78.000   33.000 -0.03772 19
 -78.000   34.000 -0.03966 23
 -78.000   35.000 -0.04231 20
 -78.000   36.000 -0.04567 23
 -78.000   37.000 -0.04694 19
 -78.000   38.000 -0.04848 23
 -78.000   39.000 -0.04749 19
 -78.000   40.000 -0.04744 23
 -78.000   41.000 -0.04585 19
 -78.000   42.000 -0.04560 21
 -78.000   43.000 -0.04475 18
 -78.000   44.000 -0.04584 19
 -78.000   45.000 -0.04638 19
 -78.000   46.000 -0.04762 21
 -78.000   47.000 -0.04798 22
 -78.000   48.000 -0.04880 22
 -78.000   49.000 -0.04848 20
 -78.000   50.000 -0.04789 20
 -77.000   25.000 -0.05106 14
 -77.000   26.000 -0.04832 19
 -77.000   27.000 -0.04643 16
 -77.000   28.000 -0.04359 18
 -77.000   29.000 -0.03963 19
 -77.000   30.000 -0.03935 20
 -77.000   31.000 -0.03810 19
 -77.000   32.000 -0.03848 17
 -77.000   33.000 -0.03848 17
 -77.000   34.000 -0.04164 18
 -77.000   35.000 -0.04452 18
 -77.000   36.000 -0.04795 18
 -77.000   37.000 -0.04858 19
 -77.000   38.000 -0.04948 19
 -77.000   39.000 -0.04733 20
 -77.000   40.000 -0.04628 19
 -77.000   41.000 -0.04427 19
 -77.000   42.000 -0.04431 17
 -77.000   43.000 -0.04427 19
 -77.000   44.000 -0.04629 16
 -77.000   45.000 -0.04778 20
 -77.000   46.000 -0.04942 16
 -77.000   47.000 -0.04990 20
 -77.000   48.000 -0.05019 16
 -77.000   49.000 -0.04975 19
 -77.000   50.000 -0.04881 17
 -76.000   25.000 -0.04676 17
 -76.000   26.000 -0.04471 21
 -76.000   27.000 -0.04244 19
 -76.000   28.000 -0.04012 20
 -76.000   29.000 -0.03651 19
 -76.000   30.000 -0.03737 21
 -76.000   31.000 -0.03672 21
 -76.000   32.000 -0.03846 21
 -76.000   33.000 -0.03907 19
 -76.000   34.000 -0.04308 21
 -76.000   35.000 -0.04585 20
 -76.000   36.000 -0.04942 24
 -76.000   37.000 -0.04988 21
 -76.000   38.000 -0.05064 24
 -76.000   39.000 -0.04790 20
 -76.000   40.000 -0.04639 23
 -76.000   41.000 -0.04381 20
 -76.000   42.000 -0.04389 21
 -76.000   43.000 -0.04380 20
 -76.000   44.000 -0.04604 21
 -76.000   45.000 -0.04777 21
 -76.000   46.000 -0.04973 21
 -76.000   47.000 -0.05023 21
 -76.000   48.000 -0.04993 21
 -76.000   49.000 -0.04948 21
 -76.000   50.000 -0.04824 21
 -75.000   25.000 -0.04330 15
 -75.000   26.000 -0.04155 22
 -75.000   27.000 -0.03868 18
 -75.000   28.000 -0.03618 21
 -75.000   29.000 -0.03228 20
 -75.000   30.000 -0.03421 21
 -75.000   31.000 -0.03415 21
 -75.000   32.000 -0.03740 19
 -75.000   33.000 -0.03881 18
 -75.000   34.000 -0.04383 18
 -75.000   35.000 -0.04653 18
 -75.000   36.000 -0.04997 19
 -75.000   37.000 -0.04983 20
 -75.000   38.000 -0.04985 20
 -75.000   39.000 -0.04596 21
 -75.000   40.000 -0.04370 19
 -75.000   41.000 -0.04027 19
 -75.000   42.000 -0.04041 16
 -75.000   43.000 -0.04067 18
 -75.000   44.000 -0.04387 16
 -75.000   45.000 -0.04600 21
 -75.000   46.000 -0.04856 18
 -75.000   47.000 -0.04943 22
 -75.000   48.000 -0.04957 17
 -75.000   49.000 -0.04917 19
 -75.000   50.000 -0.04824 16
 -74.000   25.000 -0.03774 19
 -74.000   26.000 -0.03737 24
 -74.000   27.000 -0.03483 21
 -74.000   28.000 -0.03361 23
 -74.000   29.000 -0.03065 22
 -74.000   30.000 -0.03362 24
 -74.000   31.000 -0.03403 24
 -74.000   32.000 -0.03806 23
 -74.000   33.000 -0.03956 21
 -74.000   34.000 -0.04447 22
 -74.000   35.000 -0.04653 22
 -74.000   36.000 -0.04974 24
 -74.000   37.000 -0.04949 24
 -74.000   38.000 -0.04977 25
 -74.000   39.000 -0.04584 24
 -74.000   40.000 -0.04353 23
 -74.000   41.000 -0.03923 22
 -74.000   42.000 -0.03888 21
 -74.000   43.000 -0.03833 21
 -74.000   44.000 -0.04135 22
 -74.000   45.000 -0.04298 23
 -74.000   46.000 -0.04574 23
 -74.000   47.000 -0.04683 23
 -74.000   48.000 -0.04759 22
 -74.000   49.000 -0.04733 21
 -74.000   50.000 -0.04696 20
 -73.000   25.000 -0.03472 16
 -73.000   26.000 -0.03535 22
 -73.000   27.000 -0.03319 18
 -73.000   28.000 -0.03278 22
 -73.000   29.000 -0.03023 22
 -73.000   30.000 -0.03366 23
 -73.000   31.000 -0.03424 22
 -73.000   32.000 -0.03859 21
 -73.000   33.000 -0.04043 19
 -73.000   34.000 -0.04540 20
 -73.000   35.000 -0.04730 19
 -73.000   36.000 -0.05005 19
 -73.000   37.000 -0.04938 21
 -73.000   38.000 -0.04906 20
 -73.000   39.000 -0.04430 21
 -73.000   40.000 -0.04133 17
 -73.000   41.000 -0.03618 19
 -73.000   42.000 -0.03563 17
 -73.000   43.000 -0.03491 18
 -73.000   44.000 -0.03831 15
 -73.000   45.000 -0.03983 19
 -73.000   46.000 -0.04275 18
 -73.000   47.000 -0.04414 22
 -73.000   48.000 -0.04592 18
 -73.000   49.000 -0.04586 20
 -73.000   50.000 -0.04640 17
 -72.000   25.000 -0.03154 20
 -72.000   26.000 -0.03319 25
 -72.000   27.000 -0.03187 23
 -72.000   28.000 -0.03264 26
 -72.000   29.000 -0.03122 25
 -72.000   30.000 -0.03478 26
 -72.000   31.000 -0.03526 24
 -72.000   32.000 -0.03901 24
 -72.000   33.000 -0.04043 22
 -72.000   34.000 -0.04461 23
 -72.000   35.000 -0.04604 23
 -72.000   36.000 -0.04844 24
 -72.000   37.000 -0.04782 26
 -72.000   38.000 -0.04768 25
 -72.000   39.000 -0.04326 25
 -72.000   40.000 -0.04067 22
 -72.000   41.000 -0.03569 23
 -72.000   42.000 -0.03532 22
 -72.000   43.000 -0.03418 22
 -72.000   44.000 -0.03724 21
 -72.000   45.000 -0.03799 21
 -72.000   46.000 -0.04067 21
 -72.000   47.000 -0.04181 21
 -72.000   48.000 -0.04430 21
 -72.000   49.000 -0.04434 23
 -72.000   50.000 -0.04575 23
 -71.000   25.000 -0.03136 16
 -71.000   26.000 -0.03335 23
 -71.000   27.000 -0.03243 18
 -71.000   28.000 -0.03364 23
 -71.000   29.000 -0.03277 21
 -71.000   30.000 -0.03601 22
 -71.000   31.000 -0.03624 19
 -71.000   32.000 -0.03944 19
 -71.000   33.000 -0.04080 17
 -71.000   34.000 -0.04457 19
 -71.000   35.000 -0.04595 18
 -71.000   36.000 -0.04801 20
 -71.000   37.000 -0.04711 21
 -71.000   38.000 -0.04624 20
 -71.000   39.000 -0.04139 19
 -71.000   40.000 -0.03844 16
 -71.000   41.000 -0.03367 18
 -71.000   42.000 -0.03361 17
 -71.000   43.000 -0.03268 17
 -71.000   44.000 -0.03572 15
 -71.000   45.000 -0.03612 17
 -71.000   46.000 -0.03850 17
 -71.000   47.000 -0.03951 20
 -71.000   48.000 -0.04257 18
 -71.000   49.000 -0.04284 21
 -71.000   50.000 -0.04501 18
 -70.000   25.000 -0.02953 20
 -70.000   26.000 -0.03184 27
 -70.000   27.000 -0.03163 24
 -70.000   28.000 -0.03380 28
 -70.000   29.000 -0.03404 25
 -70.000   30.000 -0.03711 26
 -70.000   31.000 -0.03711 24
 -70.000   32.000 -0.03950 23
 -70.000   33.000 -0.04008 23
 -70.000   34.000 -0.04303 22
 -70.000   35.000 -0.04387 23
 -70.000   36.000 -0.04598 22
 -70.000   37.000 -0.04530 25
 -70.000   38.000 -0.04505 23
 -70.000   39.000 -0.04094 25
 -70.000   40.000 -0.03872 22
 -70.000   41.000 -0.03472 24
 -70.000   42.000 -0.03490 22
 -70.000   43.000 -0.03359 21
 -70.000   44.000 -0.03588 21
 -70.000   45.000 -0.03562 20
 -70.000   46.000 -0.03768 21
 -70.000   47.000 -0.03848 20
 -70.000   48.000 -0.04190 21
 -70.000   49.000 -0.04241 21
 -70.000   50.000 -0.04514 21
 -69.000   25.000 -0.03060 16
 -69.000   26.000 -0.03230 24
 -69.000   27.000 -0.03197 18
 -69.000   28.000 -0.03370 23
 -69.000   29.000 -0.03409 20
 -69.000   30.000 -0.03686 22
 -69.000   31.000 -0.03715 20
 -69.000   32.000 -0.03952 19
 -69.000   33.000 -0.04044 18
 -69.000   34.000 -0.04328 18
 -69.000   35.000 -0.04393 17
 -69.000   36.000 -0.04587 17
 -69.000   37.000 -0.04507 18
 -69.000   38.000 -0.04471 18
 -69.000   39.000 -0.04080 18
 -69.000   40.000 -0.03877 16
 -69.000   41.000 -0.03512 16
 -69.000   42.000 -0.03517 15
 -69.000   43.000 -0.03375 15
 -69.000   44.000 -0.03547 17
 -69.000   45.000 -0.03492 17
 -69.000   46.000 -0.03663 17
 -69.000   47.000 -0.03766 17
 -69.000   48.000 -0.04125 17
 -69.000   49.000 -0.04204 18
 -69.000   50.000 -0.04481 16
 -68.000   25.000 -0.03112 20
 -68.000   26.000 -0.03187 27
 -68.000   27.000 -0.03136 23
 -68.000   28.000 -0.03228 28
 -68.000   29.000 -0.03275 25
 -68.000   30.000 -0.03535 27
 -68.000   31.000 -0.03607 26
 -68.000   32.000 -0.03837 25
 -68.000   33.000 -0.03925 25
 -68.000   34.000 -0.04164 23
 -68.000   35.000 -0.04163 24
 -68.000   36.000 -0.04336 21
 -68.000   37.000 -0.04254 23
 -68.000   38.000 -0.04283 21
 -68.000   39.000 -0.03995 24
 -68.000   40.000 -0.03915 21
 -68.000   41.000 -0.03652 23
 -68.000   42.000 -0.03687 21
 -68.000   43.000 -0.03547 23
 -68.000   44.000 -0.03680 23
 -68.000   45.000 -0.03593 22
 -68.000   46.000 -0.03743 21
 -68.000   47.000 -0.03852 20
 -68.000   48.000 -0.04198 21
 -68.000   49.000 -0.04276 21
 -68.000   50.000 -0.04536 21
 -67.000   25.000 -0.03504 16
 -67.000   26.000 -0.03469 24
 -67.000   27.000 -0.03359 18
 -67.000   28.000 -0.03281 23
 -67.000   29.000 -0.03260 20
 -67.000   30.000 -0.03481 23
 -67.000   31.000 -0.03607 21
 -67.000   32.000 -0.03867 21
 -67.000   33.000 -0.04030 19
 -67.000   34.000 -0.04267 20
 -67.000   35.000 -0.04240 19
 -67.000   36.000 -0.04349 19
 -67.000   37.000 -0.04219 18
 -67.000   38.000 -0.04214 18
 -67.000   39.000 -0.03970 19
 -67.000   40.000 -0.03944 18
 -67.000   41.000 -0.03724 18
 -67.000   42.000 -0.03713 16
 -67.000   43.000 -0.03569 19
 -67.000   44.000 -0.03617 20
 -67.000   45.000 -0.03481 21
 -67.000   46.000 -0.03540 18
 -67.000   47.000 -0.03682 19
 -67.000   48.000 -0.03972 18
 -67.000   49.000 -0.04061 21
 -67.000   50.000 -0.04246 18
 -66.000   25.000 -0.03529 14
 -66.000   26.000 -0.03452 20
 -66.000   27.000 -0.03335 16
 -66.000   28.000 -0.03204 20
 -66.000   29.000 -0.03152 18
 -66.000   30.000 -0.03359 20
 -66.000   31.000 -0.03510 20
 -66.000   32.000 -0.03787 20
 -66.000   33.000 -0.03975 20
 -66.000   34.000 -0.04223 19
 -66.000   35.000 -0.04181 20
 -66.000   36.000 -0.04285 17
 -66.000   37.000 -0.04160 18
 -66.000   38.000 -0.04211 15
 -66.000   39.000 -0.04044 19
 -66.000   40.000 -0.04099 16
 -66.000   41.000 -0.03919 20
 -66.000   42.000 -0.03884 16
 -66.000   43.000 -0.03707 19
 -66.000   44.000 -0.03694 16
 -66.000   45.000 -0.03524 17
 -66.000   46.000 -0.03551 14
 -66.000   47.000 -0.03714 15
 -66.000   48.000 -0.03993 14
 -66.000   49.000 -0.04085 16
 -66.000   50.000 -0.04252 14
 -65.000   25.000 -0.03766 6
 -65.000   26.000 -0.03651 10
 -65.000   27.000 -0.03503 7
 -65.000   28.000 -0.03284 9
 -65.000   29.000 -0.03169 8
 -65.000   30.000 -0.03347 9
 -65.000   31.000 -0.03522 9
 -65.000   32.000 -0.03828 9
 -65.000   33.000 -0.04075 9
 -65.000   34.000 -0.04350 9
 -65.000   35.000 -0.04319 9
 -65.000   36.000 -0.04390 8
 -65.000   37.000 -0.04237 8
 -65.000   38.000 -0.04264 7
 -65.000   39.000 -0.04107 9
 -65.000   40.000 -0.04168 8
 -65.000   41.000 -0.03974 9
 -65.000   42.000 -0.03888 6
 -65.000   43.000 -0.03687 7
 -65.000   44.000 -0.03619 7
 -65.000   45.000 -0.03421 9
 -65.000   46.000 -0.03404 8
 -65.000   47.000 -0.03598 9
 -65.000   48.000 -0.03863 8
 -65.000   49.000 -0.03969 10
 -65.000   50.000 -0.04102 8
