-130.000   25.000  0.02896 1
-130.000   26.000  0.02014 2
-130.000   27.000  0.01304 2
-130.000   28.000  0.00145 4
-130.000   29.000 -0.01135 4
-130.000   30.000 -0.01479 4
-130.000   31.000 -0.01478 3
-130.000   32.000 -0.01150 3
-130.000   33.000 -0.00644 4
-130.000   34.000  0.00072 4
-130.000   35.000  0.00898 3
-130.000   36.000  0.01278 2
-130.000   37.000  0.01279 1
-130.000   38.000  0.00814 2
-130.000   39.000  0.00056 1
-130.000   40.000 -0.00600 1
-130.000   41.000 -0.00876 0
-130.000   42.000 -0.00942 0
-130.000   43.000 -0.01184 0
-130.000   44.000 -0.01335 0
-130.000   45.000 -0.01528 0
-130.000   46.000 -0.01762 0
-130.000   47.000 -0.01972 0
-130.000   48.000 -0.01471 0
-130.000   49.000 -0.01155 0
-130.000   50.000 -0.00849 0
-129.000   25.000  0.02186 2
-129.000   26.000  0.01430 1
-129.000   27.000  0.00851 1
-129.000   28.000 -0.00126 2
-129.000   29.000 -0.01158 3
-129.000   30.000 -0.01410 3
-129.000   31.000 -0.01343 2
-129.000   32.000 -0.01034 2
-129.000   33.000 -0.00594 2
-129.000   34.000  0.00085 3
-129.000   35.000  0.00921 2
-129.000   36.000  0.01269 2
-129.000   37.000  0.01230 1
-129.000   38.000  0.00703 2
-129.000   39.000 -0.00063 1
-129.000   40.000 -0.00789 2
-129.000   41.000 -0.01066 1
-129.000   42.000 -0.01090 2
-129.000   43.000 -0.01148 1
-129.000   44.000 -0.01193 1
-129.000   45.000 -0.01317 1
-129.000   46.000 -0.01557 1
-129.000   47.000 -0.01776 2
-129.000   48.000 -0.01362 1
-129.000   49.000 -0.01132 1
-129.000   50.000 -0.00892 0
-128.000   25.000  0.01534 1
-128.000   26.000  0.00932 0
-128.000   27.000  0.00461 2
-128.000   28.000 -0.00313 4
-128.000   29.000 -0.01185 6
-128.000   30.000 -0.01360 6
-128.000   31.000 -0.01250 4
-128.000   32.000 -0.00948 4
-128.000   33.000 -0.00558 4
-128.000   34.000  0.00088 6
-128.000   35.000  0.00738 4
-128.000   36.000  0.00961 4
-128.000   37.000  0.00801 2
-128.000   38.000  0.00273 3
-128.000   39.000 -0.00421 1
-128.000   40.000 -0.00997 2
-128.000   41.000 -0.01198 2
-128.000   42.000 -0.01129 3
-128.000   43.000 -0.01075 3
-128.000   44.000 -0.01052 2
-128.000   45.000 -0.01121 3
-128.000   46.000 -0.01347 2
-128.000   47.000 -0.01495 3
-128.000   48.000 -0.01065 1
-128.000   49.000 -0.00889 1
-128.000   50.000 -0.00673 0
-127.000   25.000  0.00237 2
-127.000   26.000 -0.00149 1
-127.000   27.000 -0.00399 3
-127.000   28.000 -0.00875 3
-127.000   29.000 -0.01442 4
-127.000   30.000 -0.01372 3
-127.000   31.000 -0.01125 2
-127.000   32.000 -0.00832 2
-127.000   33.000 -0.00531 2
-127.000   34.000  0.00097 3
-127.000   35.000  0.00558 2
-127.000   36.000  0.00649 2
-127.000   37.000  0.00395 1
-127.000   38.000 -0.00143 2
-127.000   39.000 -0.00855 1
-127.000   40.000 -0.01350 3
-127.000   41.000 -0.01483 4
-127.000   42.000 -0.01341 6
-127.000   43.000 -0.01201 6
-127.000   44.000 -0.01120 4
-127.000   45.000 -0.01147 6
-127.000   46.000 -0.01378 4
-127.000   47.000 -0.01514 7
-127.000   48.000 -0.01089 3
-127.000   49.000 -0.00934 3
-127.000   50.000 -0.00737 0
-126.000   25.000 -0.00370 3
-126.000   26.000 -0.00541 2
-126.000   27.000 -0.00651 6
-126.000   28.000 -0.00898 6
-126.000   29.000 -0.01139 8
-126.000   30.000 -0.01029 7
-126.000   31.000 -0.00725 5
-126.000   32.000 -0.00476 5
-126.000   33.000 -0.00323 4
-126.000   34.000  0.00144 6
-126.000   35.000  0.00371 4
-126.000   36.000  0.00289 3
-126.000   37.000 -0.00063 2
-126.000   38.000 -0.00473 3
-126.000   39.000 -0.00937 2
-126.000   40.000 -0.01237 2
-126.000   41.000 -0.01315 4
-126.000   42.000 -0.01129 5
-126.000   43.000 -0.00833 7
-126.000   44.000 -0.00722 4
-126.000   45.000 -0.00667 7
-126.000   46.000 -0.00762 4
-126.000   47.000 -0.00756 6
-126.000   48.000 -0.00496 2
-126.000   49.000 -0.00435 3
-126.000   50.000 -0.00321 1
-125.000   25.000 -0.00388 4
-125.000   26.000 -0.00511 3
-125.000   27.000 -0.00559 6
-125.000   28.000 -0.00675 4
-125.000   29.000 -0.00811 5
-125.000   30.000 -0.00652 4
-125.000   31.000 -0.00266 3
-125.000   32.000 -0.00082 3
-125.000   33.000 -0.00085 2
-125.000   34.000  0.00219 3
-125.000   35.000  0.00265 2
-125.000   36.000  0.00042 2
-125.000   37.000 -0.00320 2
-125.000   38.000 -0.00573 4
-125.000   39.000 -0.00915 3
-125.000   40.000 -0.01115 4
-125.000   41.000 -0.01190 5
-125.000   42.000 -0.01019 7
-125.000   43.000 -0.00702 9
-125.000   44.000 -0.00541 6
-125.000   45.000 -0.00407 10
-125.000   46.000 -0.00389 6
-125.000   47.000 -0.00290 9
-125.000   48.000 -0.00131 3
-125.000   49.000 -0.00127 5
-125.000   50.000 -0.00093 2
-124.000   25.000 -0.00305 5
-124.000   26.000 -0.00379 3
-124.000   27.000 -0.00389 7
-124.000   28.000 -0.00474 6
-124.000   29.000 -0.00572 8
-124.000   30.000 -0.00426 8
-124.000   31.000 -0.00062 7
-124.000   32.000  0.00048 7
-124.000   33.000 -0.00047 5
-124.000   34.000  0.00118 5
-124.000   35.000 -0.00005 4
-124.000   36.000 -0.00268 3
-124.000   37.000 -0.00570 4
-124.000   38.000 -0.00623 4
-124.000   39.000 -0.00783 3
-124.000   40.000 -0.00801 2
-124.000   41.000 -0.00931 3
-124.000   42.000 -0.00870 4
-124.000   43.000 -0.00698 6
-124.000   44.000 -0.00598 4
-124.000   45.000 -0.00450 7
-124.000   46.000 -0.00264 4
-124.000   47.000  0.00008 6
-124.000   48.000  0.00240 2
-124.000   49.000  0.00303 5
-124.000   50.000  0.00372 3
-123.000   25.000 -0.00113 4
-123.000   26.000 -0.00183 3
-123.000   27.000 -0.00180 6
-123.000   28.000 -0.00310 4
-123.000   29.000 -0.00385 6
-123.000   30.000 -0.00305 5
-123.000   31.000 -0.00024 5
-123.000   32.000  0.00011 4
-123.000   33.000 -0.00142 3
-123.000   34.000 -0.00030 3
-123.000   35.000 -0.00055 3
-123.000   36.000 -0.00176 4
-123.000   37.000 -0.00294 4
-123.000   38.000 -0.00173 5
-123.000   39.000 -0.00248 3
-123.000   40.000 -0.00324 4
-123.000   41.000 -0.00600 3
-123.000   42.000 -0.00729 5
-123.000   43.000 -0.00722 7
-123.000   44.000 -0.00708 6
-123.000   45.000 -0.00578 10
-123.000   46.000 -0.00297 6
-123.000   47.000  0.00024 9
-123.000   48.000  0.00224 3
-123.000   49.000  0.00316 6
-123.000   50.000  0.00389 3
-122.000   25.000 -0.00094 5
-122.000   26.000 -0.00081 3
-122.000   27.000  0.00002 8
-122.000   28.000 -0.00059 7
-122.000   29.000  0.00008 10
-122.000   30.000  0.00071 9
-122.000   31.000  0.00270 9
-122.000   32.000  0.00192 7
-122.000   33.000 -0.00019 5
-122.000   34.000 -0.00063 4
-122.000   35.000 -0.00044 6
-122.000   36.000 -0.00035 5
-122.000   37.000  0.00028 6
-122.000   38.000  0.00269 4
-122.000   39.000  0.00307 3
-122.000   40.000  0.00173 2
-122.000   41.000 -0.00265 1
-122.000   42.000 -0.00594 2
-122.000   43.000 -0.00704 3
-122.000   44.000 -0.00715 3
-122.000   45.000 -0.00519 5
-122.000   46.000 -0.00079 3
-122.000   47.000  0.00371 6
-122.000   48.000  0.00631 3
-122.000   49.000  0.00772 6
-122.000   50.000  0.00875 3
-121.000   25.000 -0.00208 4
-121.000   26.000 -0.00106 3
-121.000   27.000  0.00043 7
-121.000   28.000  0.00131 5
-121.000   29.000  0.00335 8
-121.000   30.000  0.00414 6
-121.000   31.000  0.00532 6
-121.000   32.000  0.00378 4
-121.000   33.000  0.00131 3
-121.000   34.000  0.00019 4
-121.000   35.000  0.00089 5
-121.000   36.000  0.00249 6
-121.000   37.000  0.00506 5
-121.000   38.000  0.00810 5
-121.000   39.000  0.00868 3
-121.000   40.000  0.00648 4
-121.000   41.000  0.00044 2
-121.000   42.000 -0.00490 4
-121.000   43.000 -0.00723 6
-121.000   44.000 -0.00747 6
-121.000   45.000 -0.00544 9
-121.000   46.000 -0.00079 5
-121.000   47.000  0.00376 8
-121.000   48.000  0.00611 3
-121.000   49.000  0.00706 6
-121.000   50.000  0.00763 3
-120.000   25.000 -0.00732 5
-120.000   26.000 -0.00506 3
-120.000   27.000 -0.00294 8
-120.000   28.000 -0.00033 7
-120.000   29.000  0.00306 10
-120.000   30.000  0.00469 8
-120.000   31.000  0.00551 9
-120.000   32.000  0.00438 7
-120.000   33.000  0.00254 8
-120.000   34.000  0.00117 6
-120.000   35.000  0.00158 10
-120.000   36.000  0.00390 7
-120.000   37.000  0.00716 8
-120.000   38.000  0.01034 4
-120.000   39.000  0.01159 3
-120.000   40.000  0.01003 2
-120.000   41.000  0.00387 1
-120.000   42.000 -0.00202 2
-120.000   43.000 -0.00440 3
-120.000   44.000 -0.00370 3
-120.000   45.000 -0.00090 5
-120.000   46.000  0.00450 3
-120.000   47.000  0.00959 6
-120.000   48.000  0.01171 3
-120.000   49.000  0.01208 6
-120.000   50.000  0.01210 3
-119.000   25.000 -0.01393 4
-119.000   26.000 -0.01084 3
-119.000   27.000 -0.00839 7
-119.000   28.000 -0.00364 5
-119.000   29.000  0.00156 7
-119.000   30.000  0.00490 5
-119.000   31.000  0.00645 6
-119.000   32.000  0.00639 6
-119.000   33.000  0.00498 7
-119.000   34.000  0.00344 7
-119.000   35.000  0.00361 8
-119.000   36.000  0.00619 7
-119.000   37.000  0.00997 6
-119.000   38.000  0.01297 5
-119.000   39.000  0.01430 4
-119.000   40.000  0.01256 5
-119.000   41.000  0.00669 3
-119.000   42.000  0.00065 3
-119.000   43.000 -0.00172 5
-119.000   44.000 -0.00072 5
-119.000   45.000  0.00218 8
-119.000   46.000  0.00656 4
-119.000   47.000  0.01044 7
-119.000   48.000  0.01107 3
-119.000   49.000  0.01027 6
-119.000   50.000  0.00921 3
-118.000   25.000 -0.02013 5
-118.000   26.000 -0.01628 4
-118.000   27.000 -0.01317 8
-118.000   28.000 -0.00649 7
-118.000   29.000  0.00058 9
-118.000   30.000  0.00597 8
-118.000   31.000  0.00882 10
-118.000   32.000  0.00955 8
-118.000   33.000  0.00846 11
-118.000   34.000  0.00600 8
-118.000   35.000  0.00523 13
-118.000   36.000  0.00719 8
-118.000   37.000  0.01101 9
-118.000   38.000  0.01372 4
-118.000   39.000  0.01535 4
-118.000   40.000  0.01363 3
-118.000   41.000  0.00986 2
-118.000   42.000  0.00551 1
-118.000   43.000  0.00454 3
-118.000   44.000  0.00670 3
-118.000   45.000  0.01077 7
-118.000   46.000  0.01356 4
-118.000   47.000  0.01504 7
-118.000   48.000  0.01298 3
-118.000   49.000  0.01085 6
-118.000   50.000  0.00809 3
-117.000   25.000 -0.02231 3
-117.000   26.000 -0.01877 3
-117.000   27.000 -0.01556 5
-117.000   28.000 -0.00830 4
-117.000   29.000 -0.00036 5
-117.000   30.000  0.00576 6
-117.000   31.000  0.00903 7
-117.000   32.000  0.01000 7
-117.000   33.000  0.00884 7
-117.000   34.000  0.00627 7
-117.000   35.000  0.00569 8
-117.000   36.000  0.00757 7
-117.000   37.000  0.01107 7
-117.000   38.000  0.01229 6
-117.000   39.000  0.01195 6
-117.000   40.000  0.00744 6
-117.000   41.000  0.00603 4
-117.000   42.000  0.00398 2
-117.000   43.000  0.00511 5
-117.000   44.000  0.00897 5
-117.000   45.000  0.01524 10
-117.000   46.000  0.01554 5
-117.000   47.000  0.01385 8
-117.000   48.000  0.00966 3
-117.000   49.000  0.00654 7
-117.000   50.000  0.00270 4
-116.000   25.000 -0.02562 4
-116.000   26.000 -0.02216 6
-116.000   27.000 -0.01873 7
-116.000   28.000 -0.01143 9
-116.000   29.000 -0.00327 9
-116.000   30.000  0.00287 11
-116.000   31.000  0.00650 10
-116.000   32.000  0.00776 9
-116.000   33.000  0.00719 10
-116.000   34.000  0.00551 8
-116.000   35.000  0.00544 11
-116.000   36.000  0.00707 7
-116.000   37.000  0.00959 10
-116.000   38.000  0.00853 6
-116.000   39.000  0.00497 6
-116.000   40.000 -0.00350 3
-116.000   41.000 -0.00183 2
-116.000   42.000 -0.00056 1
-116.000   43.000  0.00397 4
-116.000   44.000  0.01117 4
-116.000   45.000  0.02176 10
-116.000   46.000  0.02024 6
-116.000   47.000  0.01531 9
-116.000   48.000  0.00871 3
-116.000   49.000  0.00488 7
-116.000   50.000 -0.00019 4
-115.000   25.000 -0.02703 2
-115.000   26.000 -0.02321 4
-115.000   27.000 -0.01930 4
-115.000   28.000 -0.01137 6
-115.000   29.000 -0.00300 5
-115.000   30.000  0.00232 8
-115.000   31.000  0.00541 6
-115.000   32.000  0.00609 9
-115.000   33.000  0.00520 7
-115.000   34.000  0.00388 9
-115.000   35.000  0.00405 8
-115.000   36.000  0.00612 10
-115.000   37.000  0.00863 11
-115.000   38.000  0.00735 12
-115.000   39.000  0.00200 10
-115.000   40.000 -0.00880 9
-115.000   41.000 -0.00751 5
-115.000   42.000 -0.00697 3
-115.000   43.000 -0.00319 4
-115.000   44.000  0.00385 5
-115.000   45.000  0.01592 10
-115.000   46.000  0.01456 7
-115.000   47.000  0.00942 8
-115.000   48.000  0.00309 4
-115.000   49.000  0.00029 7
-115.000   50.000 -0.00456 5
-114.000   25.000 -0.02606 4
-114.000   26.000 -0.02177 8
-114.000   27.000 -0.01727 8
-114.000   28.000 -0.00937 11
-114.000   29.000 -0.00114 9
-114.000   30.000  0.00294 10
-114.000   31.000  0.00504 7
-114.000   32.000  0.00469 8
-114.000   33.000  0.00342 8
-114.000   34.000  0.00200 8
-114.000   35.000  0.00174 10
-114.000   36.000  0.00460 10
-114.000   37.000  0.00766 12
-114.000   38.000  0.00795 10
-114.000   39.000  0.00207 8
-114.000   40.000 -0.00951 6
-114.000   41.000 -0.00861 3
-114.000   42.000 -0.00929 2
-114.000   43.000 -0.00719 4
-114.000   44.000 -0.00066 5
-114.000   45.000  0.01235 11
-114.000   46.000  0.01126 9
-114.000   47.000  0.00722 9
-114.000   48.000  0.00249 4
-114.000   49.000  0.00150 5
-114.000   50.000 -0.00193 4
-113.000   25.000 -0.01690 2
-113.000   26.000 -0.01383 4
-113.000   27.000 -0.01033 4
-113.000   28.000 -0.00464 7
-113.000   29.000  0.00149 6
-113.000   30.000  0.00394 10
-113.000   31.000  0.00493 7
-113.000   32.000  0.00401 11
-113.000   33.000  0.00230 8
-113.000   34.000  0.00094 11
-113.000   35.000 -0.00021 10
-113.000   36.000  0.00312 13
-113.000   37.000  0.00644 13
-113.000   38.000  0.00855 14
-113.000   39.000  0.00312 11
-113.000   40.000 -0.00716 10
-113.000   41.000 -0.00804 5
-113.000   42.000 -0.01161 5
-113.000   43.000 -0.01343 5
-113.000   44.000 -0.01029 8
-113.000   45.000  0.00009 10
-113.000   46.000 -0.00088 10
-113.000   47.000 -0.00154 7
-113.000   48.000 -0.00193 4
-113.000   49.000  0.00002 4
-113.000   50.000  0.00008 4
-112.000   25.000 -0.01105 3
-112.000   26.000 -0.00866 5
-112.000   27.000 -0.00599 6
-112.000   28.000 -0.00176 9
-112.000   29.000  0.00256 9
-112.000   30.000  0.00432 12
-112.000   31.000  0.00476 9
-112.000   32.000  0.00413 10
-112.000   33.000  0.00246 8
-112.000   34.000  0.00125 8
-112.000   35.000 -0.00136 8
-112.000   36.000  0.00183 7
-112.000   37.000  0.00434 8
-112.000   38.000  0.00756 7
-112.000   39.000  0.00300 6
-112.000   40.000 -0.00319 5
-112.000   41.000 -0.00385 3
-112.000   42.000 -0.00762 4
-112.000   43.000 -0.01090 6
-112.000   44.000 -0.01060 8
-112.000   45.000 -0.00496 10
-112.000   46.000 -0.00633 9
-112.000   47.000 -0.00430 7
-112.000   48.000 -0.00164 4
-112.000   49.000  0.00325 4
-112.000   50.000  0.00772 5
-111.000   25.000 -0.00254 2
-111.000   26.000 -0.00159 4
-111.000   27.000 -0.00036 4
-111.000   28.000  0.00158 9
-111.000   29.000  0.00394 8
-111.000   30.000  0.00523 16
-111.000   31.000  0.00577 11
-111.000   32.000  0.00644 15
-111.000   33.000  0.00542 10
-111.000   34.000  0.00479 13
-111.000   35.000  0.00080 12
-111.000   36.000  0.00325 11
-111.000   37.000  0.00442 11
-111.000   38.000  0.00935 11
-111.000   39.000  0.00727 9
-111.000   40.000  0.00754 9
-111.000   41.000  0.00748 5
-111.000   42.000  0.00349 8
-111.000   43.000 -0.00262 6
-111.000   44.000 -0.00729 10
-111.000   45.000 -0.01014 7
-111.000   46.000 -0.01337 9
-111.000   47.000 -0.00847 5
-111.000   48.000 -0.00164 5
-111.000   49.000  0.00570 4
-111.000   50.000  0.01596 5
-110.000   25.000  0.00705 3
-110.000   26.000  0.00598 5
-110.000   27.000  0.00541 6
-110.000   28.000  0.00491 9
-110.000   29.000  0.00523 9
-110.000   30.000  0.00595 14
-110.000   31.000  0.00664 10
-110.000   32.000  0.00899 10
-110.000   33.000  0.00943 6
-110.000   34.000  0.00997 7
-110.000   35.000  0.00550 8
-110.000   36.000  0.00693 6
-110.000   37.000  0.00564 6
-110.000   38.000  0.00902 6
-110.000   39.000  0.00677 6
-110.000   40.000  0.01045 8
-110.000   41.000  0.01381 5
-110.000   42.000  0.01412 6
-110.000   43.000  0.01005 6
-110.000   44.000  0.00439 8
-110.000   45.000 -0.00288 8
-110.000   46.000 -0.00900 7
-110.000   47.000 -0.00468 5
-110.000   48.000  0.00346 6
-110.000   49.000  0.01164 5
-110.000   50.000  0.02566 6
-109.000   25.000  0.01543 2
-109.000   26.000  0.01234 5
-109.000   27.000  0.00982 5
-109.000   28.000  0.00706 10
-109.000   29.000  0.00547 8
-109.000   30.000  0.00540 17
-109.000   31.000  0.00647 11
-109.000   32.000  0.01050 15
-109.000   33.000  0.01256 9
-109.000   34.000  0.01451 14
-109.000   35.000  0.01009 13
-109.000   36.000  0.00907 12
-109.000   37.000  0.00448 10
-109.000   38.000  0.00525 11
-109.000   39.000  0.00364 10
-109.000   40.000  0.01104 12
-109.000   41.000  0.01948 7
-109.000   42.000  0.02549 9
-109.000   43.000  0.02450 6
-109.000   44.000  0.01768 10
-109.000   45.000  0.00537 7
-109.000   46.000 -0.00434 8
-109.000   47.000 -0.00180 4
-109.000   48.000  0.00603 5
-109.000   49.000  0.01350 3
-109.000   50.000  0.02992 4
-108.000   25.000  0.01380 2
-108.000   26.000  0.01109 4
-108.000   27.000  0.00866 5
-108.000   28.000  0.00716 8
-108.000   29.000  0.00646 7
-108.000   30.000  0.00553 13
-108.000   31.000  0.00651 8
-108.000   32.000  0.01087 11
-108.000   33.000  0.01359 6
-108.000   34.000  0.01578 10
-108.000   35.000  0.01186 8
-108.000   36.000  0.00874 8
-108.000   37.000  0.00111 5
-108.000   38.000 -0.00040 6
-108.000   39.000 -0.00174 6
-108.000   40.000  0.00722 9
-108.000   41.000  0.02001 6
-108.000   42.000  0.03206 7
-108.000   43.000  0.03482 7
-108.000   44.000  0.02969 9
-108.000   45.000  0.01701 8
-108.000   46.000  0.00730 6
-108.000   47.000  0.00770 4
-108.000   48.000  0.01378 5
-108.000   49.000  0.01987 3
-108.000   50.000  0.03572 4
-107.000   25.000  0.00749 1
-107.000   26.000  0.00555 4
-107.000   27.000  0.00358 4
-107.000   28.000  0.00371 9
-107.000   29.000  0.00398 6
-107.000   30.000  0.00267 14
-107.000   31.000  0.00406 8
-107.000   32.000  0.00874 15
-107.000   33.000  0.01242 10
-107.000   34.000  0.01528 17
-107.000   35.000  0.01238 13
-107.000   36.000  0.00795 14
-107.000   37.000  0.00027 9
-107.000   38.000 -0.00079 9
-107.000   39.000  0.00020 7
-107.000   40.000  0.01096 9
-107.000   41.000  0.02574 6
-107.000   42.000  0.03942 9
-107.000   43.000  0.04174 7
-107.000   44.000  0.03610 11
-107.000   45.000  0.02272 7
-107.000   46.000  0.01327 8
-107.000   47.000  0.01330 4
-107.000   48.000  0.01912 5
-107.000   49.000  0.02385 2
-107.000   50.000  0.03841 4
-106.000   25.000  0.00075 2
-106.000   26.000  0.00001 4
-106.000   27.000 -0.00083 4
-106.000   28.000  0.00162 8
-106.000   29.000  0.00279 6
-106.000   30.000  0.00085 10
-106.000   31.000  0.00163 5
-106.000   32.000  0.00467 10
-106.000   33.000  0.00699 7
-106.000   34.000  0.00886 12
-106.000   35.000  0.00696 10
-106.000   36.000  0.00382 11
-106.000   37.000 -0.00150 7
-106.000   38.000  0.00067 5
-106.000   39.000  0.00509 3
-106.000   40.000  0.01672 6
-106.000   41.000  0.02992 5
-106.000   42.000  0.04251 7
-106.000   43.000  0.04307 7
-106.000   44.000  0.03739 9
-106.000   45.000  0.02559 9
-106.000   46.000  0.01881 8
-106.000   47.000  0.01796 6
-106.000   48.000  0.02339 6
-106.000   49.000  0.02662 3
-106.000   50.000  0.03768 4
-105.000   25.000 -0.00611 1
-105.000   26.000 -0.00568 4
-105.000   27.000 -0.00544 4
-105.000   28.000 -0.00108 10
-105.000   29.000  0.00095 7
-105.000   30.000 -0.00044 13
-105.000   31.000 -0.00018 7
-105.000   32.000  0.00128 12
-105.000   33.000  0.00182 8
-105.000   34.000  0.00264 13
-105.000   35.000  0.00082 11
-105.000   36.000 -0.00180 12
-105.000   37.000 -0.00447 9
-105.000   38.000  0.00197 7
-105.000   39.000  0.00982 6
-105.000   40.000  0.02278 7
-105.000   41.000  0.03461 7
-105.000   42.000  0.04468 7
-105.000   43.000  0.04177 7
-105.000   44.000  0.03476 9
-105.000   45.000  0.02294 10
-105.000   46.000  0.01733 10
-105.000   47.000  0.01578 7
-105.000   48.000  0.02129 5
-105.000   49.000  0.02308 2
-105.000   50.000  0.03124 4
-104.000   25.000 -0.01238 1
-104.000   26.000 -0.00980 4
-104.000   27.000 -0.00749 4
-104.000   28.000 -0.00005 8
-104.000   29.000  0.00338 6
-104.000   30.000  0.00324 10
-104.000   31.000  0.00253 7
-104.000   32.000  0.00141 9
-104.000   33.000 -0.00125 8
-104.000   34.000 -0.00193 10
-104.000   35.000 -0.00419 10
-104.000   36.000 -0.00436 9
-104.000   37.000 -0.00378 7
-104.000   38.000  0.00714 5
-104.000   39.000  0.01660 4
-104.000   40.000  0.02925 7
-104.000   41.000  0.03624 7
-104.000   42.000  0.04188 7
-104.000   43.000  0.03463 7
-104.000   44.000  0.02697 8
-104.000   45.000  0.01610 10
-104.000   46.000  0.01386 9
-104.000   47.000  0.01292 8
-104.000   48.000  0.02001 6
-104.000   49.000  0.02162 3
-104.000   50.000  0.02776 3
-103.000   25.000 -0.01550 1
-103.000   26.000 -0.01191 6
-103.000   27.000 -0.00877 5
-103.000   28.000  0.00023 12
-103.000   29.000  0.00429 8
-103.000   30.000  0.00590 14
-103.000   31.000  0.00468 8
-103.000   32.000  0.00227 10
-103.000   33.000 -0.00187 8
-103.000   34.000 -0.00247 10
-103.000   35.000 -0.00511 10
-103.000   36.000 -0.00274 8
-103.000   37.000  0.00115 9
-103.000   38.000  0.01406 7
-103.000   39.000  0.02220 10
-103.000   40.000  0.03290 8
-103.000   41.000  0.03543 10
-103.000   42.000  0.03615 7
-103.000   43.000  0.02657 10
-103.000   44.000  0.01912 9
-103.000   45.000  0.00918 11
-103.000   46.000  0.00724 9
-103.000   47.000  0.00605 8
-103.000   48.000  0.01216 5
-103.000   49.000  0.01256 2
-103.000   50.000  0.01608 3
-102.000   25.000 -0.00808 1
-102.000   26.000 -0.00478 4
-102.000   27.000 -0.00196 3
-102.000   28.000  0.00624 8
-102.000   29.000  0.00878 6
-102.000   30.000  0.01020 10
-102.000   31.000  0.00777 8
-102.000   32.000  0.00375 10
-102.000   33.000 -0.00213 11
-102.000   34.000 -0.00315 11
-102.000   35.000 -0.00600 12
-102.000   36.000 -0.00091 11
-102.000   37.000  0.00518 11
-102.000   38.000  0.01977 10
-102.000   39.000  0.02639 9
-102.000   40.000  0.03480 9
-102.000   41.000  0.03215 9
-102.000   42.000  0.02859 8
-102.000   43.000  0.01661 11
-102.000   44.000  0.00968 9
-102.000   45.000  0.00068 11
-102.000   46.000 -0.00075 7
-102.000   47.000 -0.00298 9
-102.000   48.000  0.00153 6
-102.000   49.000  0.00066 4
-102.000   50.000  0.00147 2
-101.000   25.000 -0.00911 1
-101.000   26.000 -0.00534 5
-101.000   27.000 -0.00247 4
-101.000   28.000  0.00569 11
-101.000   29.000  0.00778 7
-101.000   30.000  0.00943 11
-101.000   31.000  0.00689 6
-101.000   32.000  0.00314 8
-101.000   33.000 -0.00129 8
-101.000   34.000 -0.00092 8
-101.000   35.000 -0.00251 10
-101.000   36.000  0.00323 9
-101.000   37.000  0.00940 11
-101.000   38.000  0.02148 9
-101.000   39.000  0.02474 13
-101.000   40.000  0.02996 10
-101.000   41.000  0.02535 14
-101.000   42.000  0.02027 8
-101.000   43.000  0.00891 15
-101.000   44.000  0.00389 10
-101.000   45.000 -0.00321 16
-101.000   46.000 -0.00484 10
-101.000   47.000 -0.00748 11
-101.000   48.000 -0.00504 6
-101.000   49.000 -0.00690 4
-101.000   50.000 -0.00800 5
-100.000   25.000 -0.01337 0
-100.000   26.000 -0.00890 2
-100.000   27.000 -0.00600 2
-100.000   28.000  0.00129 6
-100.000   29.000  0.00297 4
-100.000   30.000  0.00499 6
-100.000   31.000  0.00327 6
-100.000   32.000  0.00075 8
-100.000   33.000 -0.00156 11
-100.000   34.000  0.00029 9
-100.000   35.000  0.00005 12
-100.000   36.000  0.00609 13
-100.000   37.000  0.01161 13
-100.000   38.000  0.02057 13
-100.000   39.000  0.02145 11
-100.000   40.000  0.02388 11
-100.000   41.000  0.01770 13
-100.000   42.000  0.01198 11
-100.000   43.000  0.00206 16
-100.000   44.000 -0.00120 10
-100.000   45.000 -0.00663 15
-100.000   46.000 -0.00778 9
-100.000   47.000 -0.01035 12
-100.000   48.000 -0.00845 7
-100.000   49.000 -0.01032 6
-100.000   50.000 -0.01137 4
 -99.000   25.000 -0.01582 1
 -99.000   26.000 -0.01163 5
 -99.000   27.000 -0.00955 4
 -99.000   28.000 -0.00340 11
 -99.000   29.000 -0.00262 7
 -99.000   30.000 -0.00137 11
 -99.000   31.000 -0.00221 6
 -99.000   32.000 -0.00315 8
 -99.000   33.000 -0.00197 8
 -99.000   34.000  0.00148 8
 -99.000   35.000  0.00331 10
 -99.000   36.000  0.00748 9
 -99.000   37.000  0.01164 11
 -99.000   38.000  0.01563 10
 -99.000   39.000  0.01413 13
 -99.000   40.000  0.01350 11
 -99.000   41.000  0.00890 18
 -99.000   42.000  0.00437 13
 -99.000   43.000 -0.00185 20
 -99.000   44.000 -0.00255 11
 -99.000   45.000 -0.00484 17
 -99.000   46.000 -0.00600 11
 -99.000   47.000 -0.00921 12
 -99.000   48.000 -0.01019 8
 -99.000   49.000 -0.01291 5
 -99.000   50.000 -0.01580 6
 -98.000   25.000 -0.00960 1
 -98.000   26.000 -0.00822 4
 -98.000   27.000 -0.00863 3
 -98.000   28.000 -0.00783 8
 -98.000   29.000 -0.00924 6
 -98.000   30.000 -0.00770 9
 -98.000   31.000 -0.00692 7
 -98.000   32.000 -0.00530 8
 -98.000   33.000 -0.00170 10
 -98.000   34.000  0.00235 10
 -98.000   35.000  0.00509 12
 -98.000   36.000  0.00678 11
 -98.000   37.000  0.00894 12
 -98.000   38.000  0.00964 13
 -98.000   39.000  0.00778 13
 -98.000   40.000  0.00624 13
 -98.000   41.000  0.00350 16
 -98.000   42.000  0.00063 14
 -98.000   43.000 -0.00314 18
 -98.000   44.000 -0.00249 12
 -98.000   45.000 -0.00325 15
 -98.000   46.000 -0.00358 10
 -98.000   47.000 -0.00644 11
 -98.000   48.000 -0.00744 8
 -98.000   49.000 -0.00978 5
 -98.000   50.000 -0.01211 3
 -97.000   25.000 -0.00726 1
 -97.000   26.000 -0.00775 6
 -97.000   27.000 -0.00949 5
 -97.000   28.000 -0.01173 13
 -97.000   29.000 -0.01319 9
 -97.000   30.000 -0.01010 16
 -97.000   31.000 -0.00754 9
 -97.000   32.000 -0.00361 11
 -97.000   33.000  0.00217 8
 -97.000   34.000  0.00645 10
 -97.000   35.000  0.00959 11
 -97.000   36.000  0.00835 9
 -97.000   37.000  0.00830 10
 -97.000   38.000  0.00551 9
 -97.000   39.000  0.00327 13
 -97.000   40.000  0.00081 14
 -97.000   41.000  0.00046 19
 -97.000   42.000 -0.00070 15
 -97.000   43.000 -0.00181 19
 -97.000   44.000 -0.00020 14
 -97.000   45.000  0.00086 18
 -97.000   46.000  0.00135 13
 -97.000   47.000 -0.00112 11
 -97.000   48.000 -0.00264 8
 -97.000   49.000 -0.00504 4
 -97.000   50.000 -0.00768 5
 -96.000   25.000  0.00027 1
 -96.000   26.000 -0.00196 4
 -96.000   27.000 -0.00511 4
 -96.000   28.000 -0.00958 8
 -96.000   29.000 -0.01160 7
 -96.000   30.000 -0.00691 10
 -96.000   31.000 -0.00343 8
 -96.000   32.000  0.00209 8
 -96.000   33.000  0.00794 9
 -96.000   34.000  0.01152 9
 -96.000   35.000  0.01325 11
 -96.000   36.000  0.00943 9
 -96.000   37.000  0.00726 10
 -96.000   38.000  0.00240 10
 -96.000   39.000 -0.00029 12
 -96.000   40.000 -0.00302 16
 -96.000   41.000 -0.00174 17
 -96.000   42.000 -0.00165 15
 -96.000   43.000 -0.00105 17
 -96.000   44.000  0.00081 16
 -96.000   45.000  0.00268 20
 -96.000   46.000  0.00381 15
 -96.000   47.000  0.00236 13
 -96.000   48.000  0.00096 9
 -96.000   49.000 -0.00082 5
 -96.000   50.000 -0.00289 4
 -95.000   25.000  0.00931 1
 -95.000   26.000  0.00615 4
 -95.000   27.000  0.00260 4
 -95.000   28.000 -0.00208 11
 -95.000   29.000 -0.00421 9
 -95.000   30.000 -0.00035 16
 -95.000   31.000  0.00224 10
 -95.000   32.000  0.00678 13
 -95.000   33.000  0.01164 9
 -95.000   34.000  0.01408 12
 -95.000   35.000  0.01508 12
 -95.000   36.000  0.01049 12
 -95.000   37.000  0.00813 11
 -95.000   38.000  0.00293 11
 -95.000   39.000  0.00063 11
 -95.000   40.000 -0.00211 15
 -95.000   41.000  0.00012 15
 -95.000   42.000  0.00092 15
 -95.000   43.000  0.00214 16
 -95.000   44.000  0.00335 16
 -95.000   45.000  0.00536 19
 -95.000   46.000  0.00625 15
 -95.000   47.000  0.00488 13
 -95.000   48.000  0.00226 9
 -95.000   49.000  0.00032 5
 -95.000   50.000 -0.00224 5
 -94.000   25.000  0.01485 2
 -94.000   26.000  0.01121 4
 -94.000   27.000  0.00764 5
 -94.000   28.000  0.00220 8
 -94.000   29.000  0.00025 7
 -94.000   30.000  0.00396 9
 -94.000   31.000  0.00540 6
 -94.000   32.000  0.00887 7
 -94.000   33.000  0.01201 6
 -94.000   34.000  0.01365 8
 -94.000   35.000  0.01391 9
 -94.000   36.000  0.01045 9
 -94.000   37.000  0.00873 9
 -94.000   38.000  0.00497 10
 -94.000   39.000  0.00308 10
 -94.000   40.000  0.00089 14
 -94.000   41.000  0.00258 13
 -94.000   42.000  0.00331 14
 -94.000   43.000  0.00401 15
 -94.000   44.000  0.00460 16
 -94.000   45.000  0.00614 18
 -94.000   46.000  0.00720 15
 -94.000   47.000  0.00653 14
 -94.000   48.000  0.00467 11
 -94.000   49.000  0.00324 7
 -94.000   50.000  0.00163 5
 -93.000   25.000  0.00853 1
 -93.000   26.000  0.00658 4
 -93.000   27.000  0.00498 5
 -93.000   28.000  0.00278 11
 -93.000   29.000  0.00278 8
 -93.000   30.000  0.00593 15
 -93.000   31.000  0.00688 8
 -93.000   32.000  0.00906 13
 -93.000   33.000  0.01118 8
 -93.000   34.000  0.01275 14
 -93.000   35.000  0.01298 12
 -93.000   36.000  0.01095 14
 -93.000   37.000  0.01017 11
 -93.000   38.000  0.00825 14
 -93.000   39.000  0.00725 12
 -93.000   40.000  0.00602 16
 -93.000   41.000  0.00720 12
 -93.000   42.000  0.00764 14
 -93.000   43.000  0.00698 11
 -93.000   44.000  0.00592 14
 -93.000   45.000  0.00593 13
 -93.000   46.000  0.00655 13
 -93.000   47.000  0.00617 11
 -93.000   48.000  0.00576 9
 -93.000   49.000  0.00498 6
 -93.000   50.000  0.00483 5
 -92.000   25.000  0.00019 2
 -92.000   26.000 -0.00026 4
 -92.000   27.000 -0.00048 6
 -92.000   28.000 -0.00007 9
 -92.000   29.000  0.00131 8
 -92.000   30.000  0.00434 11
 -92.000   31.000  0.00540 6
 -92.000   32.000  0.00731 8
 -92.000   33.000  0.00865 5
 -92.000   34.000  0.01059 8
 -92.000   35.000  0.01036 7
 -92.000   36.000  0.00921 8
 -92.000   37.000  0.00875 8
 -92.000   38.000  0.00834 11
 -92.000   39.000  0.00795 11
 -92.000   40.000  0.00787 15
 -92.000   41.000  0.00905 13
 -92.000   42.000  0.00951 13
 -92.000   43.000  0.00832 13
 -92.000   44.000  0.00644 14
 -92.000   45.000  0.00544 17
 -92.000   46.000  0.00558 14
 -92.000   47.000  0.00535 12
 -92.000   48.000  0.00629 9
 -92.000   49.000  0.00609 6
 -92.000   50.000  0.00701 5
 -91.000   25.000 -0.00655 2
 -91.000   26.000 -0.00621 5
 -91.000   27.000 -0.00564 5
 -91.000   28.000 -0.00428 12
 -91.000   29.000 -0.00152 10
 -91.000   30.000  0.00158 18
 -91.000   31.000  0.00292 10
 -91.000   32.000  0.00448 14
 -91.000   33.000  0.00531 9
 -91.000   34.000  0.00715 14
 -91.000   35.000  0.00661 13
 -91.000   36.000  0.00624 14
 -91.000   37.000  0.00644 13
 -91.000   38.000  0.00757 16
 -91.000   39.000  0.00800 13
 -91.000   40.000  0.00888 17
 -91.000   41.000  0.01014 11
 -91.000   42.000  0.01044 14
 -91.000   43.000  0.00838 10
 -91.000   44.000  0.00549 14
 -91.000   45.000  0.00345 14
 -91.000   46.000  0.00251 14
 -91.000   47.000  0.00185 11
 -91.000   48.000  0.00363 8
 -91.000   49.000  0.00374 5
 -91.000   50.000  0.00517 4
 -90.000   25.000 -0.01087 3
 -90.000   26.000 -0.00978 5
 -90.000   27.000 -0.00876 6
 -90.000   28.000 -0.00652 10
 -90.000   29.000 -0.00300 10
 -90.000   30.000  0.00084 14
 -90.000   31.000  0.00228 9
 -90.000   32.000  0.00365 10
 -90.000   33.000  0.00369 7
 -90.000   34.000  0.00508 8
 -90.000   35.000  0.00370 8
 -90.000   36.000  0.00303 7
 -90.000   37.000  0.00348 8
 -90.000   38.000  0.00533 9
 -90.000   39.000  0.00613 10
 -90.000   40.000  0.00737 14
 -90.000   41.000  0.00922 12
 -90.000   42.000  0.00919 12
 -90.000   43.000  0.00709 13
 -90.000   44.000  0.00428 14
 -90.000   45.000  0.00285 19
 -90.000   46.000  0.00160 15
 -90.000   47.000  0.00102 14
 -90.000   48.000  0.00280 9
 -90.000   49.000  0.00298 7
 -90.000   50.000  0.00398 6
 -89.000   25.000 -0.01487 2
 -89.000   26.000 -0.01297 4
 -89.000   27.000 -0.01129 4
 -89.000   28.000 -0.00787 11
 -89.000   29.000 -0.00344 10
 -89.000   30.000  0.00086 18
 -89.000   31.000  0.00291 11
 -89.000   32.000  0.00433 16
 -89.000   33.000  0.00414 11
 -89.000   34.000  0.00479 14
 -89.000   35.000  0.00246 12
 -89.000   36.000  0.00095 13
 -89.000   37.000  0.00081 13
 -89.000   38.000  0.00251 15
 -89.000   39.000  0.00327 13
 -89.000   40.000  0.00471 16
 -89.000   41.000  0.00697 12
 -89.000   42.000  0.00713 14
 -89.000   43.000  0.00551 12
 -89.000   44.000  0.00310 14
 -89.000   45.000  0.00224 14
 -89.000   46.000  0.00036 13
 -89.000   47.000 -0.00082 12
 -89.000   48.000 -0.00022 8
 -89.000   49.000 -0.00036 7
 -89.000   50.000 -0.00035 5
 -88.000   25.000 -0.01204 3
 -88.000   26.000 -0.00963 5
 -88.000   27.000 -0.00787 6
 -88.000   28.000 -0.00419 10
 -88.000   29.000 -0.00066 10
 -88.000   30.000  0.00275 14
 -88.000   31.000  0.00375 10
 -88.000   32.000  0.00402 13
 -88.000   33.000  0.00319 10
 -88.000   34.000  0.00310 11
 -88.000   35.000  0.00025 9
 -88.000   36.000 -0.00193 9
 -88.000   37.000 -0.00175 9
 -88.000   38.000  0.00016 9
 -88.000   39.000  0.00104 10
 -88.000   40.000  0.00223 11
 -88.000   41.000  0.00497 12
 -88.000   42.000  0.00520 12
 -88.000   43.000  0.00434 16
 -88.000   44.000  0.00313 15
 -88.000   45.000  0.00387 19
 -88.000   46.000  0.00204 14
 -88.000   47.000  0.00037 15
 -88.000   48.000 -0.00109 8
 -88.000   49.000 -0.00206 8
 -88.000   50.000 -0.00369 5
 -87.000   25.000 -0.00497 2
 -87.000   26.000 -0.00327 4
 -87.000   27.000 -0.00238 4
 -87.000   28.000 -0.00013 9
 -87.000   29.000  0.00146 8
 -87.000   30.000  0.00331 14
 -87.000   31.000  0.00281 9
 -87.000   32.000  0.00178 14
 -87.000   33.000  0.00052 9
 -87.000   34.000 -0.00034 13
 -87.000   35.000 -0.00284 11
 -87.000   36.000 -0.00452 15
 -87.000   37.000 -0.00354 14
 -87.000   38.000 -0.00145 16
 -87.000   39.000 -0.00044 14
 -87.000   40.000  0.00021 15
 -87.000   41.000  0.00257 14
 -87.000   42.000  0.00295 15
 -87.000   43.000  0.00273 16
 -87.000   44.000  0.00289 15
 -87.000   45.000  0.00483 16
 -87.000   46.000  0.00328 13
 -87.000   47.000  0.00111 12
 -87.000   48.000 -0.00179 7
 -87.000   49.000 -0.00362 7
 -87.000   50.000 -0.00637 4
 -86.000   25.000  0.00100 4
 -86.000   26.000  0.00213 8
 -86.000   27.000  0.00239 8
 -86.000   28.000  0.00374 13
 -86.000   29.000  0.00370 11
 -86.000   30.000  0.00376 15
 -86.000   31.000  0.00174 10
 -86.000   32.000 -0.00059 12
 -86.000   33.000 -0.00202 9
 -86.000   34.000 -0.00295 11
 -86.000   35.000 -0.00507 12
 -86.000   36.000 -0.00635 13
 -86.000   37.000 -0.00469 13
 -86.000   38.000 -0.00230 12
 -86.000   39.000 -0.00152 12
 -86.000   40.000 -0.00155 12
 -86.000   41.000  0.00047 13
 -86.000   42.000  0.00093 13
 -86.000   43.000  0.00107 15
 -86.000   44.000  0.00265 13
 -86.000   45.000  0.00630 18
 -86.000   46.000  0.00608 14
 -86.000   47.000  0.00439 16
 -86.000   48.000  0.00052 8
 -86.000   49.000 -0.00193 9
 -86.000   50.000 -0.00528 4
 -85.000   25.000  0.00343 2
 -85.000   26.000  0.00327 4
 -85.000   27.000  0.00280 5
 -85.000   28.000  0.00267 9
 -85.000   29.000  0.00178 8
 -85.000   30.000  0.00103 12
 -85.000   31.000 -0.00111 8
 -85.000   32.000 -0.00348 13
 -85.000   33.000 -0.00455 9
 -85.000   34.000 -0.00526 12
 -85.000   35.000 -0.00652 10
 -85.000   36.000 -0.00682 13
 -85.000   37.000 -0.00506 14
 -85.000   38.000 -0.00288 15
 -85.000   39.000 -0.00261 15
 -85.000   40.000 -0.00279 15
 -85.000   41.000 -0.00157 16
 -85.000   42.000 -0.00094 13
 -85.000   43.000 -0.00069 15
 -85.000   44.000  0.00165 11
 -85.000   45.000  0.00543 18
 -85.000   46.000  0.00615 12
 -85.000   47.000  0.00504 15
 -85.000   48.000  0.00105 7
 -85.000   49.000 -0.00140 10
 -85.000   50.000 -0.00472 5
 -84.000   25.000  0.00632 4
 -84.000   26.000  0.00491 6
 -84.000   27.000  0.00348 8
 -84.000   28.000  0.00174 13
 -84.000   29.000 -0.00019 13
 -84.000   30.000 -0.00099 17
 -84.000   31.000 -0.00291 13
 -84.000   32.000 -0.00441 14
 -84.000   33.000 -0.00493 12
 -84.000   34.000 -0.00470 12
 -84.000   35.000 -0.00591 14
 -84.000   36.000 -0.00644 12
 -84.000   37.000 -0.00572 15
 -84.000   38.000 -0.00397 12
 -84.000   39.000 -0.00435 13
 -84.000   40.000 -0.00425 10
 -84.000   41.000 -0.00298 11
 -84.000   42.000 -0.00201 8
 -84.000   43.000 -0.00209 12
 -84.000   44.000  0.00014 9
 -84.000   45.000  0.00368 18
 -84.000   46.000  0.00521 11
 -84.000   47.000  0.00521 18
 -84.000   48.000  0.00242 8
 -84.000   49.000  0.00059 12
 -84.000   50.000 -0.00189 4
 -83.000   25.000  0.00462 3
 -83.000   26.000  0.00297 3
 -83.000   27.000  0.00136 6
 -83.000   28.000 -0.00046 7
 -83.000   29.000 -0.00216 8
 -83.000   30.000 -0.00247 10
 -83.000   31.000 -0.00373 9
 -83.000   32.000 -0.00400 11
 -83.000   33.000 -0.00398 9
 -83.000   34.000 -0.00318 10
 -83.000   35.000 -0.00434 11
 -83.000   36.000 -0.00504 11
 -83.000   37.000 -0.00572 13
 -83.000   38.000 -0.00485 11
 -83.000   39.000 -0.00584 13
 -83.000   40.000 -0.00551 11
 -83.000   41.000 -0.00451 14
 -83.000   42.000 -0.00345 9
 -83.000   43.000 -0.00376 16
 -83.000   44.000 -0.00201 10
 -83.000   45.000  0.00070 20
 -83.000   46.000  0.00265 10
 -83.000   47.000  0.00353 17
 -83.000   48.000  0.00195 7
 -83.000   49.000  0.00084 11
 -83.000   50.000 -0.00073 4
 -82.000   25.000 -0.00076 5
 -82.000   26.000 -0.00130 5
 -82.000   27.000 -0.00196 9
 -82.000   28.000 -0.00208 12
 -82.000   29.000 -0.00227 13
 -82.000   30.000 -0.00167 15
 -82.000   31.000 -0.00232 13
 -82.000   32.000 -0.00187 13
 -82.000   33.000 -0.00173 13
 -82.000   34.000 -0.00057 12
 -82.000   35.000 -0.00261 16
 -82.000   36.000 -0.00472 13
 -82.000   37.000 -0.00744 16
 -82.000   38.000 -0.00741 11
 -82.000   39.000 -0.00895 13
 -82.000   40.000 -0.00798 9
 -82.000   41.000 -0.00595 12
 -82.000   42.000 -0.00409 7
 -82.000   43.000 -0.00444 12
 -82.000   44.000 -0.00357 7
 -82.000   45.000 -0.00174 15
 -82.000   46.000  0.00016 8
 -82.000   47.000  0.00187 16
 -82.000   48.000  0.00174 8
 -82.000   49.000  0.00167 12
 -82.000   50.000  0.00139 4
 -81.000   25.000 -0.00441 4
 -81.000   26.000 -0.00416 4
 -81.000   27.000 -0.00409 8
 -81.000   28.000 -0.00314 8
 -81.000   29.000 -0.00231 9
 -81.000   30.000 -0.00106 8
 -81.000   31.000 -0.00120 7
 -81.000   32.000 -0.00019 9
 -81.000   33.000 -0.00018 9
 -81.000   34.000  0.00069 10
 -81.000   35.000 -0.00213 11
 -81.000   36.000 -0.00518 11
 -81.000   37.000 -0.00924 13
 -81.000   38.000 -0.00977 10
 -81.000   39.000 -0.01100 12
 -81.000   40.000 -0.00892 9
 -81.000   41.000 -0.00611 15
 -81.000   42.000 -0.00379 11
 -81.000   43.000 -0.00386 17
 -81.000   44.000 -0.00378 9
 -81.000   45.000 -0.00335 17
 -81.000   46.000 -0.00228 9
 -81.000   47.000 -0.00050 16
 -81.000   48.000  0.00028 7
 -81.000   49.000  0.00072 12
 -81.000   50.000  0.00116 5
 -80.000   25.000 -0.00433 5
 -80.000   26.000 -0.00384 5
 -80.000   27.000 -0.00365 10
 -80.000   28.000 -0.00249 12
 -80.000   29.000 -0.00172 13
 -80.000   30.000 -0.00014 14
 -80.000   31.000  0.00008 12
 -80.000   32.000  0.00137 14
 -80.000   33.000  0.00123 13
 -80.000   34.000  0.00176 12
 -80.000   35.000 -0.00202 15
 -80.000   36.000 -0.00642 12
 -80.000   37.000 -0.01142 18
 -80.000   38.000 -0.01203 11
 -80.000   39.000 -0.01291 15
 -80.000   40.000 -0.01001 8
 -80.000   41.000 -0.00625 14
 -80.000   42.000 -0.00347 9
 -80.000   43.000 -0.00341 14
 -80.000   44.000 -0.00381 7
 -80.000   45.000 -0.00431 13
 -80.000   46.000 -0.00417 7
 -80.000   47.000 -0.00249 14
 -80.000   48.000 -0.00066 7
 -80.000   49.000  0.00004 13
 -80.000   50.000  0.00121 6
 -79.000   25.000 -0.00490 4
 -79.000   26.000 -0.00427 4
 -79.000   27.000 -0.00398 8
 -79.000   28.000 -0.00269 7
 -79.000   29.000 -0.00181 9
 -79.000   30.000 -0.00029 9
 -79.000   31.000 -0.00003 9
 -79.000   32.000  0.00100 9
 -79.000   33.000  0.00070 8
 -79.000   34.000  0.00046 8
 -79.000   35.000 -0.00332 10
 -79.000   36.000 -0.00747 9
 -79.000   37.000 -0.01162 13
 -79.000   38.000 -0.01191 10
 -79.000   39.000 -0.01193 14
 -79.000   40.000 -0.00864 10
 -79.000   41.000 -0.00494 15
 -79.000   42.000 -0.00260 11
 -79.000   43.000 -0.00259 17
 -79.000   44.000 -0.00332 10
 -79.000   45.000 -0.00459 18
 -79.000   46.000 -0.00540 10
 -79.000   47.000 -0.00433 17
 -79.000   48.000 -0.00251 7
 -79.000   49.000 -0.00208 13
 -79.000   50.000 -0.00088 6
 -78.000   25.000 -0.00659 5
 -78.000   26.000 -0.00569 5
 -78.000   27.000 -0.00495 10
 -78.000   28.000 -0.00337 12
 -78.000   29.000 -0.00169 13
 -78.000   30.000  0.00008 15
 -78.000   31.000  0.00045 14
 -78.000   32.000  0.00083 15
 -78.000   33.000 -0.00011 14
 -78.000   34.000 -0.00135 12
 -78.000   35.000 -0.00521 15
 -78.000   36.000 -0.00882 10
 -78.000   37.000 -0.01183 16
 -78.000   38.000 -0.01162 10
 -78.000   39.000 -0.01101 17
 -78.000   40.000 -0.00754 10
 -78.000   41.000 -0.00407 16
 -78.000   42.000 -0.00205 9
 -78.000   43.000 -0.00206 15
 -78.000   44.000 -0.00292 8
 -78.000   45.000 -0.00464 14
 -78.000   46.000 -0.00609 7
 -78.000   47.000 -0.00558 14
 -78.000   48.000 -0.00368 7
 -78.000   49.000 -0.00326 12
 -78.000   50.000 -0.00200 5
 -77.000   25.000 -0.01008 4
 -77.000   26.000 -0.00829 4
 -77.000   27.000 -0.00663 8
 -77.000   28.000 -0.00421 8
 -77.000   29.000 -0.00123 10
 -77.000   30.000  0.00076 9
 -77.000   31.000  0.00101 10
 -77.000   32.000  0.00056 9
 -77.000   33.000 -0.00100 11
 -77.000   34.000 -0.00314 9
 -77.000   35.000 -0.00647 11
 -77.000   36.000 -0.00867 8
 -77.000   37.000 -0.01015 10
 -77.000   38.000 -0.00951 8
 -77.000   39.000 -0.00828 13
 -77.000   40.000 -0.00483 11
 -77.000   41.000 -0.00232 16
 -77.000   42.000 -0.00091 11
 -77.000   43.000 -0.00126 16
 -77.000   44.000 -0.00238 9
 -77.000   45.000 -0.00465 17
 -77.000   46.000 -0.00649 10
 -77.000   47.000 -0.00678 18
 -77.000   48.000 -0.00514 8
 -77.000   49.000 -0.00467 14
 -77.000   50.000 -0.00353 6
 -76.000   25.000 -0.01084 6
 -76.000   26.000 -0.00862 6
 -76.000   27.000 -0.00662 12
 -76.000   28.000 -0.00373 13
 -76.000   29.000 -0.00018 15
 -76.000   30.000  0.00165 15
 -76.000   31.000  0.00163 15
 -76.000   32.000  0.00054 15
 -76.000   33.000 -0.00138 16
 -76.000   34.000 -0.00405 14
 -76.000   35.000 -0.00698 17
 -76.000   36.000 -0.00833 11
 -76.000   37.000 -0.00872 15
 -76.000   38.000 -0.00781 9
 -76.000   39.000 -0.00652 17
 -76.000   40.000 -0.00344 11
 -76.000   41.000 -0.00152 19
 -76.000   42.000 -0.00038 11
 -76.000   43.000 -0.00108 18
 -76.000   44.000 -0.00249 9
 -76.000   45.000 -0.00484 16
 -76.000   46.000 -0.00645 8
 -76.000   47.000 -0.00724 14
 -76.000   48.000 -0.00585 6
 -76.000   49.000 -0.00501 11
 -76.000   50.000 -0.00381 5
 -75.000   25.000 -0.00831 5
 -75.000   26.000 -0.00614 5
 -75.000   27.000 -0.00449 10
 -75.000   28.000 -0.00159 8
 -75.000   29.000  0.00111 11
 -75.000   30.000  0.00212 9
 -75.000   31.000  0.00145 11
 -75.000   32.000  0.00008 9
 -75.000   33.000 -0.00167 11
 -75.000   34.000 -0.00423 9
 -75.000   35.000 -0.00672 12
 -75.000   36.000 -0.00721 8
 -75.000   37.000 -0.00687 11
 -75.000   38.000 -0.00594 8
 -75.000   39.000 -0.00483 13
 -75.000   40.000 -0.00211 10
 -75.000   41.000 -0.00062 15
 -75.000   42.000  0.00057 11
 -75.000   43.000 -0.00069 16
 -75.000   44.000 -0.00273 9
 -75.000   45.000 -0.00529 16
 -75.000   46.000 -0.00668 9
 -75.000   47.000 -0.00794 16
 -75.000   48.000 -0.00645 7
 -75.000   49.000 -0.00481 14
 -75.000   50.000 -0.00326 7
 -74.000   25.000 -0.00412 6
 -74.000   26.000 -0.00226 6
 -74.000   27.000 -0.00101 12
 -74.000   28.000  0.00157 12
 -74.000   29.000  0.00290 15
 -74.000   30.000  0.00307 14
 -74.000   31.000  0.00184 14
 -74.000   32.000  0.00017 13
 -74.000   33.000 -0.00190 14
 -74.000   34.000 -0.00432 14
 -74.000   35.000 -0.00673 17
 -74.000   36.000 -0.00707 12
 -74.000   37.000 -0.00648 17
 -74.000   38.000 -0.00502 11
 -74.000   39.000 -0.00379 18
 -74.000   40.000 -0.00151 10
 -74.000   41.000 -0.00034 18
 -74.000   42.000  0.00065 11
 -74.000   43.000 -0.00111 19
 -74.000   44.000 -0.00350 10
 -74.000   45.000 -0.00570 18
 -74.000   46.000 -0.00642 9
 -74.000   47.000 -0.00730 15
 -74.000   48.000 -0.00533 6
 -74.000   49.000 -0.00303 11
 -74.000   50.000 -0.00098 5
 -73.000   25.000 -0.00142 7
 -73.000   26.000  0.00031 5
 -73.000   27.000  0.00124 10
 -73.000   28.000  0.00365 8
 -73.000   29.000  0.00395 12
 -73.000   30.000  0.00326 9
 -73.000   31.000  0.00155 11
 -73.000   32.000 -0.00018 8
 -73.000   33.000 -0.00253 11
 -73.000   34.000 -0.00469 9
 -73.000   35.000 -0.00671 12
 -73.000   36.000 -0.00670 8
 -73.000   37.000 -0.00584 12
 -73.000   38.000 -0.00385 8
 -73.000   39.000 -0.00242 12
 -73.000   40.000 -0.00057 8
 -73.000   41.000  0.00009 12
 -73.000   42.000  0.00080 9
 -73.000   43.000 -0.00166 13
 -73.000   44.000 -0.00452 8
 -73.000   45.000 -0.00646 14
 -73.000   46.000 -0.00652 8
 -73.000   47.000 -0.00703 15
 -73.000   48.000 -0.00445 7
 -73.000   49.000 -0.00141 14
 -73.000   50.000  0.00113 7
 -72.000   25.000  0.00209 7
 -72.000   26.000  0.00343 5
 -72.000   27.000  0.00383 10
 -72.000   28.000  0.00576 11
 -72.000   29.000  0.00495 14
 -72.000   30.000  0.00354 13
 -72.000   31.000  0.00147 12
 -72.000   32.000 -0.00036 11
 -72.000   33.000 -0.00318 13
 -72.000   34.000 -0.00532 14
 -72.000   35.000 -0.00724 16
 -72.000   36.000 -0.00730 12
 -72.000   37.000 -0.00629 18
 -72.000   38.000 -0.00352 13
 -72.000   39.000 -0.00172 20
 -72.000   40.000 -0.00015 11
 -72.000   41.000  0.00017 18
 -72.000   42.000  0.00017 10
 -72.000   43.000 -0.00287 18
 -72.000   44.000 -0.00609 10
 -72.000   45.000 -0.00747 18
 -72.000   46.000 -0.00688 10
 -72.000   47.000 -0.00646 16
 -72.000   48.000 -0.00363 8
 -72.000   49.000 -0.00021 11
 -72.000   50.000  0.00237 5
 -71.000   25.000  0.00170 10
 -71.000   26.000  0.00316 7
 -71.000   27.000  0.00356 12
 -71.000   28.000  0.00604 9
 -71.000   29.000  0.00533 14
 -71.000   30.000  0.00353 10
 -71.000   31.000  0.00133 13
 -71.000   32.000 -0.00072 9
 -71.000   33.000 -0.00431 13
 -71.000   34.000 -0.00676 10
 -71.000   35.000 -0.00841 13
 -71.000   36.000 -0.00796 8
 -71.000   37.000 -0.00643 13
 -71.000   38.000 -0.00309 9
 -71.000   39.000 -0.00079 14
 -71.000   40.000  0.00093 8
 -71.000   41.000  0.00091 12
 -71.000   42.000  0.00025 7
 -71.000   43.000 -0.00363 11
 -71.000   44.000 -0.00766 6
 -71.000   45.000 -0.00914 12
 -71.000   46.000 -0.00853 8
 -71.000   47.000 -0.00758 14
 -71.000   48.000 -0.00417 8
 -71.000   49.000 -0.00006 12
 -71.000   50.000  0.00248 6
 -70.000   25.000 -0.00093 6
 -70.000   26.000  0.00126 7
 -70.000   27.000  0.00229 11
 -70.000   28.000  0.00562 12
 -70.000   29.000  0.00591 14
 -70.000   30.000  0.00429 12
 -70.000   31.000  0.00203 12
 -70.000   32.000 -0.00051 11
 -70.000   33.000 -0.00521 13
 -70.000   34.000 -0.00804 13
 -70.000   35.000 -0.00958 14
 -70.000   36.000 -0.00887 11
 -70.000   37.000 -0.00729 15
 -70.000   38.000 -0.00342 12
 -70.000   39.000 -0.00065 17
 -70.000   40.000  0.00132 10
 -70.000   41.000  0.00110 15
 -70.000   42.000  0.00006 9
 -70.000   43.000 -0.00396 13
 -70.000   44.000 -0.00836 7
 -70.000   45.000 -0.00958 11
 -70.000   46.000 -0.00910 8
 -70.000   47.000 -0.00781 11
 -70.000   48.000 -0.00518 7
 -70.000   49.000 -0.00120 7
 -70.000   50.000  0.00033 3
 -69.000   25.000 -0.00559 6
 -69.000   26.000 -0.00232 7
 -69.000   27.000 -0.00050 9
 -69.000   28.000  0.00402 8
 -69.000   29.000  0.00627 10
 -69.000   30.000  0.00483 7
 -69.000   31.000  0.00243 9
 -69.000   32.000 -0.00066 7
 -69.000   33.000 -0.00607 9
 -69.000   34.000 -0.00881 7
 -69.000   35.000 -0.00976 8
 -69.000   36.000 -0.00841 6
 -69.000   37.000 -0.00708 7
 -69.000   38.000 -0.00340 5
 -69.000   39.000 -0.00091 7
 -69.000   40.000  0.00082 5
 -69.000   41.000  0.00056 7
 -69.000   42.000  0.00051 5
 -69.000   43.000 -0.00269 5
 -69.000   44.000 -0.00674 3
 -69.000   45.000 -0.00776 4
 -69.000   46.000 -0.00724 4
 -69.000   47.000 -0.00665 6
 -69.000   48.000 -0.00550 4
 -69.000   49.000 -0.00213 6
 -69.000   50.000 -0.00170 3
 -68.000   25.000 -0.00067 2
 -68.000   26.000  0.00272 4
 -68.000   27.000  0.00427 5
 -68.000   28.000  0.00845 8
 -68.000   29.000  0.01016 9
 -68.000   30.000  0.00880 8
 -68.000   31.000  0.00527 7
 -68.000   32.000  0.00070 7
 -68.000   33.000 -0.00606 8
 -68.000   34.000 -0.00886 8
 -68.000   35.000 -0.01001 7
 -68.000   36.000 -0.00856 7
 -68.000   37.000 -0.00751 6
 -68.000   38.000 -0.00402 6
 -68.000   39.000 -0.00205 6
 -68.000   40.000 -0.00044 6
 -68.000   41.000 -0.00036 6
 -68.000   42.000  0.00074 6
 -68.000   43.000 -0.00139 5
 -68.000   44.000 -0.00485 4
 -68.000   45.000 -0.00595 3
 -68.000   46.000 -0.00599 3
 -68.000   47.000 -0.00584 3
 -68.000   48.000 -0.00543 2
 -68.000   49.000 -0.00285 2
 -68.000   50.000 -0.00297 1
 -67.000   25.000  0.00358 2
 -67.000   26.000  0.00888 2
 -67.000   27.000  0.01172 2
 -67.000   28.000  0.01864 3
 -67.000   29.000  0.02110 5
 -67.000   30.000  0.01913 4
 -67.000   31.000  0.01340 4
 -67.000   32.000  0.00703 3
 -67.000   33.000 -0.00160 4
 -67.000   34.000 -0.00237 3
 -67.000   35.000 -0.00072 3
 -67.000   36.000  0.00524 3
 -67.000   37.000  0.00541 2
 -67.000   38.000  0.00718 2
 -67.000   39.000  0.00564 1
 -67.000   40.000  0.00386 2
 -67.000   41.000 -0.00056 1
 -67.000   42.000  0.00103 2
 -67.000   43.000 -0.00032 1
 -67.000   44.000 -0.00300 1
 -67.000   45.000 -0.00403 1
 -67.000   46.000 -0.00433 1
 -67.000   47.000 -0.00469 2
 -67.000   48.000 -0.00473 1
 -67.000   49.000 -0.00288 2
 -67.000   50.000 -0.00331 1
 -66.000   25.000  0.00732 1
 -66.000   26.000  0.01301 1
 -66.000   27.000  0.01591 3
 -66.000   28.000  0.02283 5
 -66.000   29.000  0.02479 7
 -66.000   30.000  0.02263 5
 -66.000   31.000  0.01599 5
 -66.000   32.000  0.00889 4
 -66.000   33.000 -0.00029 6
 -66.000   34.000 -0.00011 4
 -66.000   35.000  0.00223 4
 -66.000   36.000  0.00903 3
 -66.000   37.000  0.00842 2
 -66.000   38.000  0.00956 2
 -66.000   39.000  0.00679 1
 -66.000   40.000  0.00395 2
 -66.000   41.000 -0.00136 1
 -66.000   42.000  0.00125 2
 -66.000   43.000  0.00097 1
 -66.000   44.000 -0.00083 1
 -66.000   45.000 -0.00156 1
 -66.000   46.000 -0.00190 1
 -66.000   47.000 -0.00267 1
 -66.000   48.000 -0.00350 0
 -66.000   49.000 -0.00245 0
 -66.000   50.000 -0.00323 0
 -65.000   25.000  0.01131 1
 -65.000   26.000  0.01768 1
 -65.000   27.000  0.02103 1
 -65.000   28.000  0.02843 2
 -65.000   29.000  0.03051 3
 -65.000   30.000  0.02817 2
 -65.000   31.000  0.02033 3
 -65.000   32.000  0.01203 2
 -65.000   33.000  0.00175 4
 -65.000   34.000  0.00294 3
 -65.000   35.000  0.00665 4
 -65.000   36.000  0.01546 3
 -65.000   37.000  0.01440 2
 -65.000   38.000  0.01482 1
 -65.000   39.000  0.01043 0
 -65.000   40.000  0.00548 0
 -65.000   41.000 -0.00203 0
 -65.000   42.000  0.00127 0
 -65.000   43.000  0.00199 0
 -65.000   44.000  0.00137 0
 -65.000   45.000  0.00099 0
 -65.000   46.000  0.00105 0
 -65.000   47.000 -0.00002 0
 -65.000   48.000 -0.00102 0
 -65.000   49.000 -0.00078 0
 -65.000   50.000 -0.00127 0
