-130.000   25.000  0.01457 0
-130.000   26.000  0.01559 2
-130.000   27.000  0.01209 3
-130.000   28.000  0.00981 5
-130.000   29.000  0.00571 4
-130.000   30.000  0.00197 3
-130.000   31.000 -0.00060 4
-130.000   32.000  0.00077 3
-130.000   33.000  0.00372 7
-130.000   34.000  0.00520 4
-130.000   35.000  0.00491 8
-130.000   36.000  0.00593 5
-130.000   37.000  0.00711 9
-130.000   38.000  0.00702 6
-130.000   39.000  0.00542 9
-130.000   40.000  0.00396 6
-130.000   41.000  0.00224 8
-130.000   42.000 -0.00002 5
-130.000   43.000 -0.00167 6
-130.000   44.000 -0.00204 4
-130.000   45.000 -0.00210 6
-130.000   46.000 -0.00388 4
-130.000   47.000 -0.00445 7
-130.000   48.000 -0.00334 4
-130.000   49.000 -0.00302 6
-130.000   50.000 -0.00311 2
-129.000   25.000  0.01265 2
-129.000   26.000  0.01365 7
-129.000   27.000  0.01051 6
-129.000   28.000  0.00868 7
-129.000   29.000  0.00474 5
-129.000   30.000  0.00134 4
-129.000   31.000 -0.00130 7
-129.000   32.000 -0.00034 4
-129.000   33.000  0.00178 7
-129.000   34.000  0.00338 3
-129.000   35.000  0.00345 6
-129.000   36.000  0.00491 5
-129.000   37.000  0.00638 8
-129.000   38.000  0.00646 7
-129.000   39.000  0.00491 8
-129.000   40.000  0.00391 8
-129.000   41.000  0.00270 9
-129.000   42.000  0.00082 9
-129.000   43.000 -0.00064 8
-129.000   44.000 -0.00112 8
-129.000   45.000 -0.00169 8
-129.000   46.000 -0.00417 7
-129.000   47.000 -0.00518 9
-129.000   48.000 -0.00429 6
-129.000   49.000 -0.00402 6
-129.000   50.000 -0.00411 1
-128.000   25.000  0.01021 5
-128.000   26.000  0.01107 11
-128.000   27.000  0.00822 9
-128.000   28.000  0.00656 10
-128.000   29.000  0.00266 6
-128.000   30.000 -0.00026 5
-128.000   31.000 -0.00275 7
-128.000   32.000 -0.00193 4
-128.000   33.000 -0.00011 8
-128.000   34.000  0.00193 4
-128.000   35.000  0.00243 9
-128.000   36.000  0.00430 7
-128.000   37.000  0.00603 13
-128.000   38.000  0.00592 10
-128.000   39.000  0.00417 13
-128.000   40.000  0.00332 10
-128.000   41.000  0.00253 13
-128.000   42.000  0.00100 11
-128.000   43.000  0.00001 11
-128.000   44.000 -0.00024 9
-128.000   45.000 -0.00071 11
-128.000   46.000 -0.00332 9
-128.000   47.000 -0.00437 13
-128.000   48.000 -0.00367 9
-128.000   49.000 -0.00328 11
-128.000   50.000 -0.00346 5
-127.000   25.000  0.00782 7
-127.000   26.000  0.00881 15
-127.000   27.000  0.00645 12
-127.000   28.000  0.00517 14
-127.000   29.000  0.00149 8
-127.000   30.000 -0.00112 6
-127.000   31.000 -0.00366 8
-127.000   32.000 -0.00327 5
-127.000   33.000 -0.00222 9
-127.000   34.000  0.00010 4
-127.000   35.000  0.00131 8
-127.000   36.000  0.00369 6
-127.000   37.000  0.00567 11
-127.000   38.000  0.00545 9
-127.000   39.000  0.00364 11
-127.000   40.000  0.00313 10
-127.000   41.000  0.00269 12
-127.000   42.000  0.00151 12
-127.000   43.000  0.00115 11
-127.000   44.000  0.00103 11
-127.000   45.000  0.00025 12
-127.000   46.000 -0.00285 10
-127.000   47.000 -0.00419 12
-127.000   48.000 -0.00393 8
-127.000   49.000 -0.00364 9
-127.000   50.000 -0.00394 4
-126.000   25.000  0.00396 8
-126.000   26.000  0.00519 11
-126.000   27.000  0.00380 10
-126.000   28.000  0.00358 12
-126.000   29.000  0.00030 9
-126.000   30.000 -0.00188 6
-126.000   31.000 -0.00411 7
-126.000   32.000 -0.00405 5
-126.000   33.000 -0.00369 9
-126.000   34.000 -0.00133 4
-126.000   35.000  0.00025 9
-126.000   36.000  0.00268 7
-126.000   37.000  0.00441 14
-126.000   38.000  0.00410 11
-126.000   39.000  0.00231 13
-126.000   40.000  0.00188 9
-126.000   41.000  0.00167 12
-126.000   42.000  0.00078 11
-126.000   43.000  0.00111 12
-126.000   44.000  0.00159 10
-126.000   45.000  0.00157 13
-126.000   46.000 -0.00097 10
-126.000   47.000 -0.00188 14
-126.000   48.000 -0.00229 10
-126.000   49.000 -0.00209 11
-126.000   50.000 -0.00280 6
-125.000   25.000  0.00294 7
-125.000   26.000  0.00437 14
-125.000   27.000  0.00412 12
-125.000   28.000  0.00445 17
-125.000   29.000  0.00163 11
-125.000   30.000 -0.00048 10
-125.000   31.000 -0.00240 9
-125.000   32.000 -0.00303 7
-125.000   33.000 -0.00321 11
-125.000   34.000 -0.00135 6
-125.000   35.000  0.00007 10
-125.000   36.000  0.00204 5
-125.000   37.000  0.00321 10
-125.000   38.000  0.00275 7
-125.000   39.000  0.00119 9
-125.000   40.000  0.00095 6
-125.000   41.000  0.00087 9
-125.000   42.000  0.00017 9
-125.000   43.000  0.00085 11
-125.000   44.000  0.00168 9
-125.000   45.000  0.00212 11
-125.000   46.000  0.00021 8
-125.000   47.000 -0.00034 13
-125.000   48.000 -0.00076 9
-125.000   49.000 -0.00042 10
-125.000   50.000 -0.00120 4
-124.000   25.000  0.00132 8
-124.000   26.000  0.00274 12
-124.000   27.000  0.00287 11
-124.000   28.000  0.00337 14
-124.000   29.000  0.00091 11
-124.000   30.000 -0.00065 11
-124.000   31.000 -0.00217 11
-124.000   32.000 -0.00261 9
-124.000   33.000 -0.00282 11
-124.000   34.000 -0.00121 6
-124.000   35.000 -0.00008 11
-124.000   36.000  0.00159 8
-124.000   37.000  0.00212 16
-124.000   38.000  0.00136 12
-124.000   39.000 -0.00011 14
-124.000   40.000 -0.00015 8
-124.000   41.000 -0.00014 13
-124.000   42.000 -0.00048 12
-124.000   43.000  0.00069 15
-124.000   44.000  0.00196 11
-124.000   45.000  0.00293 15
-124.000   46.000  0.00174 13
-124.000   47.000  0.00164 19
-124.000   48.000  0.00091 14
-124.000   49.000  0.00127 13
-124.000   50.000  0.00028 6
-123.000   25.000  0.00164 7
-123.000   26.000  0.00274 15
-123.000   27.000  0.00297 13
-123.000   28.000  0.00317 18
-123.000   29.000  0.00118 12
-123.000   30.000 -0.00012 13
-123.000   31.000 -0.00127 11
-123.000   32.000 -0.00154 9
-123.000   33.000 -0.00180 11
-123.000   34.000 -0.00085 7
-123.000   35.000 -0.00015 12
-123.000   36.000  0.00105 7
-123.000   37.000  0.00086 12
-123.000   38.000 -0.00004 7
-123.000   39.000 -0.00115 10
-123.000   40.000 -0.00075 6
-123.000   41.000 -0.00067 11
-123.000   42.000 -0.00050 10
-123.000   43.000  0.00089 13
-123.000   44.000  0.00225 9
-123.000   45.000  0.00299 12
-123.000   46.000  0.00200 10
-123.000   47.000  0.00176 18
-123.000   48.000  0.00070 14
-123.000   49.000  0.00081 16
-123.000   50.000 -0.00020 8
-122.000   25.000  0.00125 9
-122.000   26.000  0.00198 13
-122.000   27.000  0.00213 11
-122.000   28.000  0.00237 14
-122.000   29.000  0.00068 11
-122.000   30.000 -0.00030 12
-122.000   31.000 -0.00167 11
-122.000   32.000 -0.00200 11
-122.000   33.000 -0.00259 11
-122.000   34.000 -0.00211 8
-122.000   35.000 -0.00190 13
-122.000   36.000 -0.00056 11
-122.000   37.000 -0.00103 17
-122.000   38.000 -0.00184 11
-122.000   39.000 -0.00274 17
-122.000   40.000 -0.00183 12
-122.000   41.000 -0.00144 18
-122.000   42.000 -0.00076 13
-122.000   43.000  0.00087 16
-122.000   44.000  0.00240 11
-122.000   45.000  0.00294 18
-122.000   46.000  0.00173 16
-122.000   47.000  0.00130 22
-122.000   48.000 -0.00036 15
-122.000   49.000 -0.00070 14
-122.000   50.000 -0.00202 8
-121.000   25.000  0.00223 6
-121.000   26.000  0.00212 12
-121.000   27.000  0.00225 11
-121.000   28.000  0.00206 16
-121.000   29.000  0.00078 12
-121.000   30.000 -0.00016 13
-121.000   31.000 -0.00151 11
-121.000   32.000 -0.00221 11
-121.000   33.000 -0.00308 12
-121.000   34.000 -0.00314 9
-121.000   35.000 -0.00309 13
-121.000   36.000 -0.00171 9
-121.000   37.000 -0.00222 13
-121.000   38.000 -0.00294 7
-121.000   39.000 -0.00354 13
-121.000   40.000 -0.00219 9
-121.000   41.000 -0.00153 13
-121.000   42.000 -0.00048 8
-121.000   43.000  0.00116 11
-121.000   44.000  0.00252 7
-121.000   45.000  0.00246 12
-121.000   46.000  0.00092 9
-121.000   47.000  0.00016 16
-121.000   48.000 -0.00160 12
-121.000   49.000 -0.00227 17
-121.000   50.000 -0.00354 12
-120.000   25.000  0.00341 9
-120.000   26.000  0.00263 13
-120.000   27.000  0.00244 12
-120.000   28.000  0.00207 15
-120.000   29.000  0.00096 12
-120.000   30.000 -0.00003 14
-120.000   31.000 -0.00179 12
-120.000   32.000 -0.00281 14
-120.000   33.000 -0.00397 14
-120.000   34.000 -0.00413 14
-120.000   35.000 -0.00392 16
-120.000   36.000 -0.00202 13
-120.000   37.000 -0.00205 16
-120.000   38.000 -0.00261 11
-120.000   39.000 -0.00313 19
-120.000   40.000 -0.00165 14
-120.000   41.000 -0.00079 20
-120.000   42.000  0.00029 13
-120.000   43.000  0.00180 18
-120.000   44.000  0.00273 12
-120.000   45.000  0.00216 19
-120.000   46.000 -0.00001 14
-120.000   47.000 -0.00106 21
-120.000   48.000 -0.00327 14
-120.000   49.000 -0.00424 17
-120.000   50.000 -0.00572 11
-119.000   25.000  0.00398 6
-119.000   26.000  0.00285 11
-119.000   27.000  0.00277 12
-119.000   28.000  0.00237 15
-119.000   29.000  0.00166 12
-119.000   30.000  0.00050 13
-119.000   31.000 -0.00103 12
-119.000   32.000 -0.00219 13
-119.000   33.000 -0.00326 15
-119.000   34.000 -0.00360 13
-119.000   35.000 -0.00317 17
-119.000   36.000 -0.00148 12
-119.000   37.000 -0.00133 16
-119.000   38.000 -0.00172 9
-119.000   39.000 -0.00196 15
-119.000   40.000 -0.00066 9
-119.000   41.000  0.00022 14
-119.000   42.000  0.00112 9
-119.000   43.000  0.00262 14
-119.000   44.000  0.00342 9
-119.000   45.000  0.00319 14
-119.000   46.000  0.00133 9
-119.000   47.000  0.00062 17
-119.000   48.000 -0.00167 13
-119.000   49.000 -0.00268 21
-119.000   50.000 -0.00429 15
-118.000   25.000  0.00383 12
-118.000   26.000  0.00314 15
-118.000   27.000  0.00321 16
-118.000   28.000  0.00373 16
-118.000   29.000  0.00312 13
-118.000   30.000  0.00170 14
-118.000   31.000 -0.00016 13
-118.000   32.000 -0.00149 15
-118.000   33.000 -0.00266 16
-118.000   34.000 -0.00289 17
-118.000   35.000 -0.00214 20
-118.000   36.000 -0.00056 17
-118.000   37.000 -0.00033 19
-118.000   38.000 -0.00075 14
-118.000   39.000 -0.00091 20
-118.000   40.000 -0.00004 14
-118.000   41.000  0.00083 21
-118.000   42.000  0.00142 16
-118.000   43.000  0.00289 22
-118.000   44.000  0.00347 14
-118.000   45.000  0.00382 20
-118.000   46.000  0.00252 14
-118.000   47.000  0.00265 24
-118.000   48.000  0.00069 17
-118.000   49.000  0.00004 21
-118.000   50.000 -0.00152 12
-117.000   25.000  0.00226 8
-117.000   26.000  0.00209 12
-117.000   27.000  0.00234 15
-117.000   28.000  0.00331 17
-117.000   29.000  0.00301 14
-117.000   30.000  0.00192 14
-117.000   31.000  0.00052 14
-117.000   32.000 -0.00045 15
-117.000   33.000 -0.00115 18
-117.000   34.000 -0.00096 15
-117.000   35.000  0.00014 21
-117.000   36.000  0.00121 16
-117.000   37.000  0.00122 21
-117.000   38.000  0.00035 13
-117.000   39.000  0.00013 19
-117.000   40.000  0.00058 11
-117.000   41.000  0.00146 16
-117.000   42.000  0.00203 10
-117.000   43.000  0.00374 14
-117.000   44.000  0.00440 8
-117.000   45.000  0.00524 14
-117.000   46.000  0.00492 10
-117.000   47.000  0.00586 18
-117.000   48.000  0.00458 13
-117.000   49.000  0.00437 19
-117.000   50.000  0.00312 13
-116.000   25.000  0.00098 13
-116.000   26.000  0.00137 15
-116.000   27.000  0.00141 19
-116.000   28.000  0.00267 19
-116.000   29.000  0.00215 17
-116.000   30.000  0.00118 16
-116.000   31.000 -0.00030 15
-116.000   32.000 -0.00082 16
-116.000   33.000 -0.00101 18
-116.000   34.000 -0.00004 19
-116.000   35.000  0.00157 22
-116.000   36.000  0.00281 20
-116.000   37.000  0.00293 21
-116.000   38.000  0.00183 18
-116.000   39.000  0.00152 21
-116.000   40.000  0.00159 16
-116.000   41.000  0.00237 19
-116.000   42.000  0.00297 14
-116.000   43.000  0.00466 19
-116.000   44.000  0.00518 13
-116.000   45.000  0.00605 20
-116.000   46.000  0.00611 13
-116.000   47.000  0.00713 23
-116.000   48.000  0.00618 17
-116.000   49.000  0.00616 21
-116.000   50.000  0.00517 11
-115.000   25.000 -0.00115 9
-115.000   26.000 -0.00039 14
-115.000   27.000 -0.00031 17
-115.000   28.000  0.00081 20
-115.000   29.000  0.00029 17
-115.000   30.000 -0.00036 17
-115.000   31.000 -0.00143 16
-115.000   32.000 -0.00147 18
-115.000   33.000 -0.00103 22
-115.000   34.000  0.00059 21
-115.000   35.000  0.00249 25
-115.000   36.000  0.00375 20
-115.000   37.000  0.00395 23
-115.000   38.000  0.00300 17
-115.000   39.000  0.00287 21
-115.000   40.000  0.00286 14
-115.000   41.000  0.00342 17
-115.000   42.000  0.00396 10
-115.000   43.000  0.00542 16
-115.000   44.000  0.00616 10
-115.000   45.000  0.00695 17
-115.000   46.000  0.00741 10
-115.000   47.000  0.00821 18
-115.000   48.000  0.00729 15
-115.000   49.000  0.00693 19
-115.000   50.000  0.00593 13
-114.000   25.000 -0.00289 14
-114.000   26.000 -0.00156 17
-114.000   27.000 -0.00119 21
-114.000   28.000  0.00040 21
-114.000   29.000  0.00000 20
-114.000   30.000 -0.00060 19
-114.000   31.000 -0.00187 18
-114.000   32.000 -0.00196 19
-114.000   33.000 -0.00147 20
-114.000   34.000  0.00038 21
-114.000   35.000  0.00233 23
-114.000   36.000  0.00386 22
-114.000   37.000  0.00417 24
-114.000   38.000  0.00354 20
-114.000   39.000  0.00349 21
-114.000   40.000  0.00359 15
-114.000   41.000  0.00403 18
-114.000   42.000  0.00472 13
-114.000   43.000  0.00580 20
-114.000   44.000  0.00672 14
-114.000   45.000  0.00716 21
-114.000   46.000  0.00764 13
-114.000   47.000  0.00765 21
-114.000   48.000  0.00651 18
-114.000   49.000  0.00560 22
-114.000   50.000  0.00452 14
-113.000   25.000 -0.00439 10
-113.000   26.000 -0.00302 16
-113.000   27.000 -0.00230 18
-113.000   28.000 -0.00064 21
-113.000   29.000 -0.00053 18
-113.000   30.000 -0.00052 20
-113.000   31.000 -0.00120 18
-113.000   32.000 -0.00110 21
-113.000   33.000 -0.00054 22
-113.000   34.000  0.00106 24
-113.000   35.000  0.00240 25
-113.000   36.000  0.00363 23
-113.000   37.000  0.00390 24
-113.000   38.000  0.00378 19
-113.000   39.000  0.00403 21
-113.000   40.000  0.00446 15
-113.000   41.000  0.00477 20
-113.000   42.000  0.00534 14
-113.000   43.000  0.00596 19
-113.000   44.000  0.00717 12
-113.000   45.000  0.00756 17
-113.000   46.000  0.00829 12
-113.000   47.000  0.00764 17
-113.000   48.000  0.00584 16
-113.000   49.000  0.00416 18
-113.000   50.000  0.00267 15
-112.000   25.000 -0.00488 13
-112.000   26.000 -0.00361 17
-112.000   27.000 -0.00268 21
-112.000   28.000 -0.00075 21
-112.000   29.000 -0.00006 21
-112.000   30.000  0.00059 21
-112.000   31.000  0.00061 20
-112.000   32.000  0.00100 20
-112.000   33.000  0.00141 19
-112.000   34.000  0.00227 21
-112.000   35.000  0.00266 21
-112.000   36.000  0.00321 22
-112.000   37.000  0.00332 21
-112.000   38.000  0.00370 19
-112.000   39.000  0.00422 19
-112.000   40.000  0.00474 15
-112.000   41.000  0.00486 18
-112.000   42.000  0.00520 13
-112.000   43.000  0.00499 17
-112.000   44.000  0.00619 12
-112.000   45.000  0.00666 18
-112.000   46.000  0.00771 14
-112.000   47.000  0.00662 19
-112.000   48.000  0.00471 16
-112.000   49.000  0.00267 20
-112.000   50.000  0.00126 14
-111.000   25.000 -0.00470 9
-111.000   26.000 -0.00381 16
-111.000   27.000 -0.00279 18
-111.000   28.000 -0.00093 21
-111.000   29.000  0.00030 18
-111.000   30.000  0.00161 22
-111.000   31.000  0.00258 19
-111.000   32.000  0.00342 23
-111.000   33.000  0.00381 20
-111.000   34.000  0.00402 25
-111.000   35.000  0.00353 22
-111.000   36.000  0.00312 25
-111.000   37.000  0.00272 22
-111.000   38.000  0.00300 22
-111.000   39.000  0.00348 22
-111.000   40.000  0.00409 19
-111.000   41.000  0.00424 22
-111.000   42.000  0.00449 16
-111.000   43.000  0.00390 19
-111.000   44.000  0.00513 13
-111.000   45.000  0.00586 17
-111.000   46.000  0.00739 13
-111.000   47.000  0.00642 18
-111.000   48.000  0.00465 16
-111.000   49.000  0.00274 18
-111.000   50.000  0.00144 12
-110.000   25.000 -0.00417 12
-110.000   26.000 -0.00341 15
-110.000   27.000 -0.00242 19
-110.000   28.000 -0.00051 20
-110.000   29.000  0.00110 20
-110.000   30.000  0.00294 21
-110.000   31.000  0.00442 21
-110.000   32.000  0.00551 23
-110.000   33.000  0.00571 22
-110.000   34.000  0.00548 23
-110.000   35.000  0.00443 21
-110.000   36.000  0.00314 21
-110.000   37.000  0.00195 19
-110.000   38.000  0.00145 18
-110.000   39.000  0.00135 18
-110.000   40.000  0.00160 15
-110.000   41.000  0.00186 18
-110.000   42.000  0.00252 14
-110.000   43.000  0.00233 19
-110.000   44.000  0.00398 13
-110.000   45.000  0.00541 17
-110.000   46.000  0.00786 12
-110.000   47.000  0.00760 19
-110.000   48.000  0.00653 16
-110.000   49.000  0.00525 19
-110.000   50.000  0.00434 11
-109.000   25.000 -0.00243 9
-109.000   26.000 -0.00198 15
-109.000   27.000 -0.00118 17
-109.000   28.000  0.00021 22
-109.000   29.000  0.00182 18
-109.000   30.000  0.00388 24
-109.000   31.000  0.00554 19
-109.000   32.000  0.00648 25
-109.000   33.000  0.00617 20
-109.000   34.000  0.00521 26
-109.000   35.000  0.00344 22
-109.000   36.000  0.00130 25
-109.000   37.000 -0.00015 23
-109.000   38.000 -0.00091 23
-109.000   39.000 -0.00078 23
-109.000   40.000 -0.00040 20
-109.000   41.000  0.00012 23
-109.000   42.000  0.00067 18
-109.000   43.000  0.00068 22
-109.000   44.000  0.00227 15
-109.000   45.000  0.00393 18
-109.000   46.000  0.00701 12
-109.000   47.000  0.00774 18
-109.000   48.000  0.00752 15
-109.000   49.000  0.00689 16
-109.000   50.000  0.00648 9
-108.000   25.000 -0.00026 12
-108.000   26.000 -0.00019 14
-108.000   27.000  0.00024 17
-108.000   28.000  0.00087 20
-108.000   29.000  0.00208 19
-108.000   30.000  0.00385 22
-108.000   31.000  0.00537 20
-108.000   32.000  0.00598 23
-108.000   33.000  0.00505 22
-108.000   34.000  0.00325 23
-108.000   35.000  0.00090 20
-108.000   36.000 -0.00178 18
-108.000   37.000 -0.00313 17
-108.000   38.000 -0.00366 17
-108.000   39.000 -0.00274 17
-108.000   40.000 -0.00203 14
-108.000   41.000 -0.00133 17
-108.000   42.000 -0.00090 14
-108.000   43.000 -0.00074 19
-108.000   44.000  0.00102 13
-108.000   45.000  0.00298 17
-108.000   46.000  0.00696 12
-108.000   47.000  0.00879 19
-108.000   48.000  0.00964 14
-108.000   49.000  0.00960 16
-108.000   50.000  0.00979 9
-107.000   25.000  0.00163 10
-107.000   26.000  0.00146 17
-107.000   27.000  0.00178 17
-107.000   28.000  0.00182 25
-107.000   29.000  0.00275 19
-107.000   30.000  0.00402 28
-107.000   31.000  0.00508 20
-107.000   32.000  0.00496 28
-107.000   33.000  0.00330 22
-107.000   34.000  0.00086 28
-107.000   35.000 -0.00161 24
-107.000   36.000 -0.00403 27
-107.000   37.000 -0.00487 26
-107.000   38.000 -0.00471 26
-107.000   39.000 -0.00301 26
-107.000   40.000 -0.00159 22
-107.000   41.000 -0.00078 26
-107.000   42.000 -0.00039 20
-107.000   43.000 -0.00028 25
-107.000   44.000  0.00117 17
-107.000   45.000  0.00247 23
-107.000   46.000  0.00596 16
-107.000   47.000  0.00775 22
-107.000   48.000  0.00893 14
-107.000   49.000  0.00905 15
-107.000   50.000  0.00937 7
-106.000   25.000  0.00264 14
-106.000   26.000  0.00218 16
-106.000   27.000  0.00238 17
-106.000   28.000  0.00198 20
-106.000   29.000  0.00272 18
-106.000   30.000  0.00362 22
-106.000   31.000  0.00430 19
-106.000   32.000  0.00371 22
-106.000   33.000  0.00150 21
-106.000   34.000 -0.00114 21
-106.000   35.000 -0.00334 20
-106.000   36.000 -0.00485 18
-106.000   37.000 -0.00501 17
-106.000   38.000 -0.00387 15
-106.000   39.000 -0.00158 15
-106.000   40.000  0.00036 13
-106.000   41.000  0.00100 16
-106.000   42.000  0.00150 13
-106.000   43.000  0.00154 17
-106.000   44.000  0.00290 13
-106.000   45.000  0.00374 18
-106.000   46.000  0.00665 14
-106.000   47.000  0.00801 19
-106.000   48.000  0.00885 13
-106.000   49.000  0.00881 14
-106.000   50.000  0.00879 9
-105.000   25.000  0.00267 12
-105.000   26.000  0.00221 19
-105.000   27.000  0.00250 18
-105.000   28.000  0.00204 26
-105.000   29.000  0.00270 21
-105.000   30.000  0.00331 31
-105.000   31.000  0.00361 21
-105.000   32.000  0.00259 28
-105.000   33.000 -0.00003 22
-105.000   34.000 -0.00289 30
-105.000   35.000 -0.00508 27
-105.000   36.000 -0.00610 30
-105.000   37.000 -0.00573 26
-105.000   38.000 -0.00377 27
-105.000   39.000 -0.00091 25
-105.000   40.000  0.00153 25
-105.000   41.000  0.00221 26
-105.000   42.000  0.00255 23
-105.000   43.000  0.00246 25
-105.000   44.000  0.00339 19
-105.000   45.000  0.00368 24
-105.000   46.000  0.00557 19
-105.000   47.000  0.00628 23
-105.000   48.000  0.00637 16
-105.000   49.000  0.00600 14
-105.000   50.000  0.00550 8
-104.000   25.000  0.00260 13
-104.000   26.000  0.00189 17
-104.000   27.000  0.00203 18
-104.000   28.000  0.00126 20
-104.000   29.000  0.00165 19
-104.000   30.000  0.00208 22
-104.000   31.000  0.00232 18
-104.000   32.000  0.00149 18
-104.000   33.000 -0.00072 17
-104.000   34.000 -0.00293 19
-104.000   35.000 -0.00454 18
-104.000   36.000 -0.00512 17
-104.000   37.000 -0.00461 15
-104.000   38.000 -0.00276 16
-104.000   39.000 -0.00026 15
-104.000   40.000  0.00165 15
-104.000   41.000  0.00208 14
-104.000   42.000  0.00229 13
-104.000   43.000  0.00237 13
-104.000   44.000  0.00330 12
-104.000   45.000  0.00375 14
-104.000   46.000  0.00507 14
-104.000   47.000  0.00519 16
-104.000   48.000  0.00458 15
-104.000   49.000  0.00382 13
-104.000   50.000  0.00272 11
-103.000   25.000  0.00105 11
-103.000   26.000  0.00029 22
-103.000   27.000  0.00080 20
-103.000   28.000  0.00014 28
-103.000   29.000  0.00102 22
-103.000   30.000  0.00176 32
-103.000   31.000  0.00212 24
-103.000   32.000  0.00123 30
-103.000   33.000 -0.00068 24
-103.000   34.000 -0.00219 32
-103.000   35.000 -0.00320 27
-103.000   36.000 -0.00317 31
-103.000   37.000 -0.00272 26
-103.000   38.000 -0.00121 31
-103.000   39.000  0.00026 27
-103.000   40.000  0.00156 28
-103.000   41.000  0.00169 26
-103.000   42.000  0.00202 25
-103.000   43.000  0.00229 26
-103.000   44.000  0.00313 21
-103.000   45.000  0.00338 24
-103.000   46.000  0.00383 20
-103.000   47.000  0.00338 24
-103.000   48.000  0.00234 20
-103.000   49.000  0.00145 17
-103.000   50.000  0.00006 10
-102.000   25.000 -0.00053 12
-102.000   26.000 -0.00151 20
-102.000   27.000 -0.00083 20
-102.000   28.000 -0.00155 22
-102.000   29.000 -0.00015 18
-102.000   30.000  0.00121 20
-102.000   31.000  0.00198 19
-102.000   32.000  0.00128 19
-102.000   33.000 -0.00018 19
-102.000   34.000 -0.00113 19
-102.000   35.000 -0.00187 19
-102.000   36.000 -0.00167 18
-102.000   37.000 -0.00124 18
-102.000   38.000 -0.00011 18
-102.000   39.000  0.00060 18
-102.000   40.000  0.00114 16
-102.000   41.000  0.00096 15
-102.000   42.000  0.00115 12
-102.000   43.000  0.00155 13
-102.000   44.000  0.00252 11
-102.000   45.000  0.00330 13
-102.000   46.000  0.00390 12
-102.000   47.000  0.00369 14
-102.000   48.000  0.00225 15
-102.000   49.000  0.00135 14
-102.000   50.000 -0.00044 13
-101.000   25.000 -0.00233 12
-101.000   26.000 -0.00310 23
-101.000   27.000 -0.00210 22
-101.000   28.000 -0.00250 28
-101.000   29.000 -0.00068 22
-101.000   30.000  0.00105 29
-101.000   31.000  0.00191 24
-101.000   32.000  0.00109 30
-101.000   33.000 -0.00032 26
-101.000   34.000 -0.00124 32
-101.000   35.000 -0.00217 28
-101.000   36.000 -0.00239 32
-101.000   37.000 -0.00226 28
-101.000   38.000 -0.00155 32
-101.000   39.000 -0.00126 28
-101.000   40.000 -0.00113 28
-101.000   41.000 -0.00128 27
-101.000   42.000 -0.00119 25
-101.000   43.000 -0.00059 26
-101.000   44.000  0.00051 20
-101.000   45.000  0.00178 26
-101.000   46.000  0.00286 22
-101.000   47.000  0.00349 26
-101.000   48.000  0.00245 20
-101.000   49.000  0.00184 19
-101.000   50.000  0.00031 12
-100.000   25.000 -0.00279 12
-100.000   26.000 -0.00340 18
-100.000   27.000 -0.00237 20
-100.000   28.000 -0.00258 21
-100.000   29.000 -0.00073 19
-100.000   30.000  0.00091 19
-100.000   31.000  0.00171 18
-100.000   32.000  0.00078 18
-100.000   33.000 -0.00043 19
-100.000   34.000 -0.00129 19
-100.000   35.000 -0.00209 20
-100.000   36.000 -0.00243 19
-100.000   37.000 -0.00227 20
-100.000   38.000 -0.00181 19
-100.000   39.000 -0.00172 20
-100.000   40.000 -0.00186 17
-100.000   41.000 -0.00208 17
-100.000   42.000 -0.00208 13
-100.000   43.000 -0.00151 13
-100.000   44.000 -0.00043 10
-100.000   45.000  0.00098 14
-100.000   46.000  0.00226 14
-100.000   47.000  0.00345 16
-100.000   48.000  0.00302 15
-100.000   49.000  0.00270 14
-100.000   50.000  0.00162 13
 -99.000   25.000 -0.00317 13
 -99.000   26.000 -0.00365 24
 -99.000   27.000 -0.00256 22
 -99.000   28.000 -0.00246 28
 -99.000   29.000 -0.00046 22
 -99.000   30.000  0.00110 28
 -99.000   31.000  0.00187 23
 -99.000   32.000  0.00081 28
 -99.000   33.000 -0.00050 25
 -99.000   34.000 -0.00155 31
 -99.000   35.000 -0.00239 28
 -99.000   36.000 -0.00253 32
 -99.000   37.000 -0.00244 28
 -99.000   38.000 -0.00179 32
 -99.000   39.000 -0.00187 28
 -99.000   40.000 -0.00177 28
 -99.000   41.000 -0.00220 28
 -99.000   42.000 -0.00204 26
 -99.000   43.000 -0.00179 26
 -99.000   44.000 -0.00081 20
 -99.000   45.000  0.00019 27
 -99.000   46.000  0.00148 24
 -99.000   47.000  0.00302 28
 -99.000   48.000  0.00341 21
 -99.000   49.000  0.00350 19
 -99.000   50.000  0.00313 11
 -98.000   25.000 -0.00164 13
 -98.000   26.000 -0.00221 21
 -98.000   27.000 -0.00150 20
 -98.000   28.000 -0.00164 23
 -98.000   29.000 -0.00008 19
 -98.000   30.000  0.00088 21
 -98.000   31.000  0.00156 19
 -98.000   32.000  0.00079 19
 -98.000   33.000 -0.00014 19
 -98.000   34.000 -0.00097 19
 -98.000   35.000 -0.00157 20
 -98.000   36.000 -0.00148 19
 -98.000   37.000 -0.00148 20
 -98.000   38.000 -0.00085 19
 -98.000   39.000 -0.00113 19
 -98.000   40.000 -0.00106 16
 -98.000   41.000 -0.00187 17
 -98.000   42.000 -0.00184 14
 -98.000   43.000 -0.00204 14
 -98.000   44.000 -0.00130 10
 -98.000   45.000 -0.00059 13
 -98.000   46.000  0.00071 12
 -98.000   47.000  0.00251 14
 -98.000   48.000  0.00366 14
 -98.000   49.000  0.00415 13
 -98.000   50.000  0.00447 12
 -97.000   25.000  0.00035 13
 -97.000   26.000 -0.00033 25
 -97.000   27.000 -0.00006 21
 -97.000   28.000 -0.00071 29
 -97.000   29.000 -0.00000 22
 -97.000   30.000  0.00011 30
 -97.000   31.000  0.00057 23
 -97.000   32.000  0.00010 28
 -97.000   33.000 -0.00051 24
 -97.000   34.000 -0.00107 30
 -97.000   35.000 -0.00151 27
 -97.000   36.000 -0.00147 31
 -97.000   37.000 -0.00192 28
 -97.000   38.000 -0.00145 32
 -97.000   39.000 -0.00194 28
 -97.000   40.000 -0.00177 27
 -97.000   41.000 -0.00266 27
 -97.000   42.000 -0.00249 25
 -97.000   43.000 -0.00277 27
 -97.000   44.000 -0.00207 21
 -97.000   45.000 -0.00159 26
 -97.000   46.000 -0.00035 22
 -97.000   47.000  0.00162 26
 -97.000   48.000  0.00360 21
 -97.000   49.000  0.00448 19
 -97.000   50.000  0.00551 11
 -96.000   25.000  0.00248 14
 -96.000   26.000  0.00163 20
 -96.000   27.000  0.00138 21
 -96.000   28.000  0.00005 24
 -96.000   29.000  0.00002 22
 -96.000   30.000 -0.00042 25
 -96.000   31.000  0.00000 21
 -96.000   32.000 -0.00013 21
 -96.000   33.000 -0.00030 19
 -96.000   34.000 -0.00070 19
 -96.000   35.000 -0.00109 19
 -96.000   36.000 -0.00132 18
 -96.000   37.000 -0.00198 19
 -96.000   38.000 -0.00179 18
 -96.000   39.000 -0.00234 18
 -96.000   40.000 -0.00230 15
 -96.000   41.000 -0.00330 16
 -96.000   42.000 -0.00329 13
 -96.000   43.000 -0.00369 15
 -96.000   44.000 -0.00326 11
 -96.000   45.000 -0.00284 14
 -96.000   46.000 -0.00154 12
 -96.000   47.000  0.00076 15
 -96.000   48.000  0.00351 14
 -96.000   49.000  0.00491 14
 -96.000   50.000  0.00659 12
 -95.000   25.000  0.00349 14
 -95.000   26.000  0.00229 23
 -95.000   27.000  0.00167 21
 -95.000   28.000 -0.00030 27
 -95.000   29.000 -0.00072 21
 -95.000   30.000 -0.00123 29
 -95.000   31.000 -0.00060 22
 -95.000   32.000 -0.00021 27
 -95.000   33.000  0.00009 22
 -95.000   34.000  0.00000 27
 -95.000   35.000 -0.00047 26
 -95.000   36.000 -0.00093 29
 -95.000   37.000 -0.00203 29
 -95.000   38.000 -0.00224 31
 -95.000   39.000 -0.00314 30
 -95.000   40.000 -0.00315 27
 -95.000   41.000 -0.00418 28
 -95.000   42.000 -0.00414 23
 -95.000   43.000 -0.00453 27
 -95.000   44.000 -0.00421 20
 -95.000   45.000 -0.00391 24
 -95.000   46.000 -0.00267 20
 -95.000   47.000 -0.00040 24
 -95.000   48.000  0.00244 21
 -95.000   49.000  0.00401 18
 -95.000   50.000  0.00582 12
 -94.000   25.000  0.00417 16
 -94.000   26.000  0.00285 21
 -94.000   27.000  0.00195 23
 -94.000   28.000 -0.00026 25
 -94.000   29.000 -0.00080 22
 -94.000   30.000 -0.00135 25
 -94.000   31.000 -0.00054 23
 -94.000   32.000  0.00012 25
 -94.000   33.000  0.00090 23
 -94.000   34.000  0.00086 22
 -94.000   35.000  0.00039 22
 -94.000   36.000 -0.00061 20
 -94.000   37.000 -0.00202 22
 -94.000   38.000 -0.00308 20
 -94.000   39.000 -0.00426 22
 -94.000   40.000 -0.00445 17
 -94.000   41.000 -0.00519 21
 -94.000   42.000 -0.00504 15
 -94.000   43.000 -0.00513 20
 -94.000   44.000 -0.00490 12
 -94.000   45.000 -0.00452 16
 -94.000   46.000 -0.00337 12
 -94.000   47.000 -0.00110 18
 -94.000   48.000  0.00148 16
 -94.000   49.000  0.00313 16
 -94.000   50.000  0.00476 12
 -93.000   25.000  0.00349 13
 -93.000   26.000  0.00236 21
 -93.000   27.000  0.00157 20
 -93.000   28.000 -0.00033 25
 -93.000   29.000 -0.00085 19
 -93.000   30.000 -0.00134 26
 -93.000   31.000 -0.00050 21
 -93.000   32.000  0.00033 26
 -93.000   33.000  0.00138 21
 -93.000   34.000  0.00151 25
 -93.000   35.000  0.00105 24
 -93.000   36.000 -0.00040 25
 -93.000   37.000 -0.00231 27
 -93.000   38.000 -0.00425 28
 -93.000   39.000 -0.00574 31
 -93.000   40.000 -0.00598 26
 -93.000   41.000 -0.00627 29
 -93.000   42.000 -0.00587 22
 -93.000   43.000 -0.00552 27
 -93.000   44.000 -0.00526 19
 -93.000   45.000 -0.00491 22
 -93.000   46.000 -0.00421 17
 -93.000   47.000 -0.00253 22
 -93.000   48.000 -0.00076 21
 -93.000   49.000  0.00047 19
 -93.000   50.000  0.00141 13
 -92.000   25.000  0.00230 15
 -92.000   26.000  0.00173 20
 -92.000   27.000  0.00137 23
 -92.000   28.000  0.00029 25
 -92.000   29.000  0.00021 23
 -92.000   30.000 -0.00026 26
 -92.000   31.000  0.00037 24
 -92.000   32.000  0.00083 25
 -92.000   33.000  0.00180 23
 -92.000   34.000  0.00161 24
 -92.000   35.000  0.00122 23
 -92.000   36.000 -0.00046 20
 -92.000   37.000 -0.00239 20
 -92.000   38.000 -0.00485 18
 -92.000   39.000 -0.00638 21
 -92.000   40.000 -0.00674 16
 -92.000   41.000 -0.00675 20
 -92.000   42.000 -0.00626 14
 -92.000   43.000 -0.00547 19
 -92.000   44.000 -0.00494 13
 -92.000   45.000 -0.00414 16
 -92.000   46.000 -0.00347 13
 -92.000   47.000 -0.00200 18
 -92.000   48.000 -0.00109 17
 -92.000   49.000 -0.00021 17
 -92.000   50.000 -0.00008 12
 -91.000   25.000  0.00034 11
 -91.000   26.000  0.00022 18
 -91.000   27.000  0.00054 19
 -91.000   28.000  0.00035 23
 -91.000   29.000  0.00092 19
 -91.000   30.000  0.00069 24
 -91.000   31.000  0.00122 19
 -91.000   32.000  0.00152 21
 -91.000   33.000  0.00240 17
 -91.000   34.000  0.00239 22
 -91.000   35.000  0.00207 22
 -91.000   36.000  0.00072 23
 -91.000   37.000 -0.00132 22
 -91.000   38.000 -0.00395 21
 -91.000   39.000 -0.00580 24
 -91.000   40.000 -0.00623 22
 -91.000   41.000 -0.00629 26
 -91.000   42.000 -0.00588 20
 -91.000   43.000 -0.00497 22
 -91.000   44.000 -0.00416 17
 -91.000   45.000 -0.00330 19
 -91.000   46.000 -0.00295 17
 -91.000   47.000 -0.00215 18
 -91.000   48.000 -0.00225 19
 -91.000   49.000 -0.00214 17
 -91.000   50.000 -0.00289 14
 -90.000   25.000 -0.00075 15
 -90.000   26.000 -0.00041 20
 -90.000   27.000  0.00050 23
 -90.000   28.000  0.00095 25
 -90.000   29.000  0.00211 23
 -90.000   30.000  0.00179 24
 -90.000   31.000  0.00206 22
 -90.000   32.000  0.00181 23
 -90.000   33.000  0.00248 22
 -90.000   34.000  0.00233 24
 -90.000   35.000  0.00220 24
 -90.000   36.000  0.00120 25
 -90.000   37.000 -0.00050 22
 -90.000   38.000 -0.00297 20
 -90.000   39.000 -0.00488 20
 -90.000   40.000 -0.00559 17
 -90.000   41.000 -0.00584 21
 -90.000   42.000 -0.00555 15
 -90.000   43.000 -0.00443 18
 -90.000   44.000 -0.00321 13
 -90.000   45.000 -0.00192 18
 -90.000   46.000 -0.00139 18
 -90.000   47.000 -0.00059 20
 -90.000   48.000 -0.00097 18
 -90.000   49.000 -0.00110 17
 -90.000   50.000 -0.00213 12
 -89.000   25.000 -0.00195 11
 -89.000   26.000 -0.00137 18
 -89.000   27.000 -0.00009 19
 -89.000   28.000  0.00063 23
 -89.000   29.000  0.00210 19
 -89.000   30.000  0.00178 22
 -89.000   31.000  0.00198 18
 -89.000   32.000  0.00164 21
 -89.000   33.000  0.00232 19
 -89.000   34.000  0.00245 23
 -89.000   35.000  0.00245 21
 -89.000   36.000  0.00202 22
 -89.000   37.000  0.00070 19
 -89.000   38.000 -0.00120 20
 -89.000   39.000 -0.00310 21
 -89.000   40.000 -0.00405 20
 -89.000   41.000 -0.00479 24
 -89.000   42.000 -0.00494 20
 -89.000   43.000 -0.00414 22
 -89.000   44.000 -0.00287 16
 -89.000   45.000 -0.00170 21
 -89.000   46.000 -0.00114 20
 -89.000   47.000 -0.00049 22
 -89.000   48.000 -0.00075 19
 -89.000   49.000 -0.00113 18
 -89.000   50.000 -0.00192 14
 -88.000   25.000 -0.00178 16
 -88.000   26.000 -0.00111 21
 -88.000   27.000  0.00015 23
 -88.000   28.000  0.00092 25
 -88.000   29.000  0.00228 23
 -88.000   30.000  0.00164 23
 -88.000   31.000  0.00153 20
 -88.000   32.000  0.00068 22
 -88.000   33.000  0.00115 22
 -88.000   34.000  0.00118 25
 -88.000   35.000  0.00151 23
 -88.000   36.000  0.00147 23
 -88.000   37.000  0.00091 22
 -88.000   38.000 -0.00047 22
 -88.000   39.000 -0.00211 22
 -88.000   40.000 -0.00344 18
 -88.000   41.000 -0.00441 19
 -88.000   42.000 -0.00467 16
 -88.000   43.000 -0.00381 18
 -88.000   44.000 -0.00244 15
 -88.000   45.000 -0.00104 20
 -88.000   46.000 -0.00024 20
 -88.000   47.000  0.00062 23
 -88.000   48.000  0.00080 19
 -88.000   49.000  0.00058 19
 -88.000   50.000  0.00028 13
 -87.000   25.000 -0.00064 12
 -87.000   26.000 -0.00048 18
 -87.000   27.000  0.00030 20
 -87.000   28.000  0.00073 22
 -87.000   29.000  0.00165 19
 -87.000   30.000  0.00090 20
 -87.000   31.000  0.00081 19
 -87.000   32.000  0.00012 22
 -87.000   33.000  0.00064 23
 -87.000   34.000  0.00091 23
 -87.000   35.000  0.00157 23
 -87.000   36.000  0.00188 20
 -87.000   37.000  0.00177 22
 -87.000   38.000  0.00064 19
 -87.000   39.000 -0.00084 22
 -87.000   40.000 -0.00240 17
 -87.000   41.000 -0.00341 22
 -87.000   42.000 -0.00392 19
 -87.000   43.000 -0.00328 23
 -87.000   44.000 -0.00244 17
 -87.000   45.000 -0.00156 21
 -87.000   46.000 -0.00111 18
 -87.000   47.000 -0.00031 21
 -87.000   48.000  0.00032 18
 -87.000   49.000  0.00028 18
 -87.000   50.000  0.00056 15
 -86.000   25.000  0.00208 16
 -86.000   26.000  0.00172 20
 -86.000   27.000  0.00183 23
 -86.000   28.000  0.00165 25
 -86.000   29.000  0.00178 23
 -86.000   30.000  0.00060 22
 -86.000   31.000  0.00028 21
 -86.000   32.000 -0.00047 24
 -86.000   33.000 -0.00000 25
 -86.000   34.000  0.00030 25
 -86.000   35.000  0.00143 25
 -86.000   36.000  0.00177 26
 -86.000   37.000  0.00187 28
 -86.000   38.000  0.00056 26
 -86.000   39.000 -0.00096 27
 -86.000   40.000 -0.00284 23
 -86.000   41.000 -0.00369 23
 -86.000   42.000 -0.00401 18
 -86.000   43.000 -0.00319 20
 -86.000   44.000 -0.00244 18
 -86.000   45.000 -0.00151 24
 -86.000   46.000 -0.00107 21
 -86.000   47.000 -0.00008 25
 -86.000   48.000  0.00081 20
 -86.000   49.000  0.00111 19
 -86.000   50.000  0.00163 12
 -85.000   25.000  0.00454 11
 -85.000   26.000  0.00365 16
 -85.000   27.000  0.00314 18
 -85.000   28.000  0.00229 20
 -85.000   29.000  0.00175 19
 -85.000   30.000  0.00045 19
 -85.000   31.000  0.00013 22
 -85.000   32.000 -0.00033 22
 -85.000   33.000  0.00023 26
 -85.000   34.000  0.00077 21
 -85.000   35.000  0.00216 24
 -85.000   36.000  0.00250 20
 -85.000   37.000  0.00253 23
 -85.000   38.000  0.00095 19
 -85.000   39.000 -0.00070 23
 -85.000   40.000 -0.00267 19
 -85.000   41.000 -0.00329 21
 -85.000   42.000 -0.00351 14
 -85.000   43.000 -0.00277 17
 -85.000   44.000 -0.00234 14
 -85.000   45.000 -0.00163 21
 -85.000   46.000 -0.00140 18
 -85.000   47.000 -0.00056 23
 -85.000   48.000  0.00032 18
 -85.000   49.000  0.00081 18
 -85.000   50.000  0.00131 12
 -84.000   25.000  0.00778 14
 -84.000   26.000  0.00654 18
 -84.000   27.000  0.00558 19
 -84.000   28.000  0.00409 23
 -84.000   29.000  0.00278 21
 -84.000   30.000  0.00106 24
 -84.000   31.000  0.00030 23
 -84.000   32.000 -0.00038 26
 -84.000   33.000 -0.00009 26
 -84.000   34.000  0.00043 27
 -84.000   35.000  0.00196 25
 -84.000   36.000  0.00215 25
 -84.000   37.000  0.00200 24
 -84.000   38.000  0.00025 25
 -84.000   39.000 -0.00143 27
 -84.000   40.000 -0.00330 27
 -84.000   41.000 -0.00348 25
 -84.000   42.000 -0.00309 20
 -84.000   43.000 -0.00198 20
 -84.000   44.000 -0.00142 19
 -84.000   45.000 -0.00054 25
 -84.000   46.000 -0.00029 22
 -84.000   47.000  0.00039 28
 -84.000   48.000  0.00089 21
 -84.000   49.000  0.00145 19
 -84.000   50.000  0.00168 10
 -83.000   25.000  0.00951 9
 -83.000   26.000  0.00802 13
 -83.000   27.000  0.00685 14
 -83.000   28.000  0.00492 16
 -83.000   29.000  0.00326 16
 -83.000   30.000  0.00143 18
 -83.000   31.000  0.00064 22
 -83.000   32.000  0.00008 21
 -83.000   33.000  0.00041 24
 -83.000   34.000  0.00106 19
 -83.000   35.000  0.00262 22
 -83.000   36.000  0.00279 17
 -83.000   37.000  0.00251 20
 -83.000   38.000  0.00085 16
 -83.000   39.000 -0.00070 21
 -83.000   40.000 -0.00229 17
 -83.000   41.000 -0.00207 19
 -83.000   42.000 -0.00132 14
 -83.000   43.000 -0.00005 16
 -83.000   44.000  0.00037 14
 -83.000   45.000  0.00093 18
 -83.000   46.000  0.00069 16
 -83.000   47.000  0.00072 21
 -83.000   48.000  0.00047 17
 -83.000   49.000  0.00073 18
 -83.000   50.000  0.00064 12
 -82.000   25.000  0.01052 13
 -82.000   26.000  0.00919 18
 -82.000   27.000  0.00793 17
 -82.000   28.000  0.00558 21
 -82.000   29.000  0.00348 17
 -82.000   30.000  0.00128 23
 -82.000   31.000  0.00019 21
 -82.000   32.000 -0.00039 27
 -82.000   33.000  0.00018 24
 -82.000   34.000  0.00119 27
 -82.000   35.000  0.00287 24
 -82.000   36.000  0.00305 25
 -82.000   37.000  0.00255 24
 -82.000   38.000  0.00091 25
 -82.000   39.000 -0.00067 27
 -82.000   40.000 -0.00204 26
 -82.000   41.000 -0.00172 27
 -82.000   42.000 -0.00058 25
 -82.000   43.000  0.00083 27
 -82.000   44.000  0.00147 23
 -82.000   45.000  0.00189 26
 -82.000   46.000  0.00152 21
 -82.000   47.000  0.00105 26
 -82.000   48.000  0.00040 20
 -82.000   49.000  0.00034 18
 -82.000   50.000  0.00004 11
 -81.000   25.000  0.00899 8
 -81.000   26.000  0.00793 13
 -81.000   27.000  0.00673 13
 -81.000   28.000  0.00442 15
 -81.000   29.000  0.00239 14
 -81.000   30.000  0.00031 16
 -81.000   31.000 -0.00046 17
 -81.000   32.000 -0.00062 17
 -81.000   33.000  0.00056 21
 -81.000   34.000  0.00184 19
 -81.000   35.000  0.00366 22
 -81.000   36.000  0.00387 17
 -81.000   37.000  0.00354 20
 -81.000   38.000  0.00220 16
 -81.000   39.000  0.00101 20
 -81.000   40.000 -0.00016 16
 -81.000   41.000 -0.00003 17
 -81.000   42.000  0.00084 13
 -81.000   43.000  0.00191 16
 -81.000   44.000  0.00232 14
 -81.000   45.000  0.00240 18
 -81.000   46.000  0.00185 15
 -81.000   47.000  0.00105 19
 -81.000   48.000  0.00025 15
 -81.000   49.000 -0.00012 18
 -81.000   50.000 -0.00037 14
 -80.000   25.000  0.00820 11
 -80.000   26.000  0.00736 18
 -80.000   27.000  0.00624 16
 -80.000   28.000  0.00400 20
 -80.000   29.000  0.00179 15
 -80.000   30.000 -0.00042 22
 -80.000   31.000 -0.00119 18
 -80.000   32.000 -0.00142 24
 -80.000   33.000 -0.00016 21
 -80.000   34.000  0.00115 26
 -80.000   35.000  0.00292 24
 -80.000   36.000  0.00310 25
 -80.000   37.000  0.00293 24
 -80.000   38.000  0.00210 23
 -80.000   39.000  0.00144 25
 -80.000   40.000  0.00061 25
 -80.000   41.000  0.00067 26
 -80.000   42.000  0.00142 23
 -80.000   43.000  0.00208 25
 -80.000   44.000  0.00227 22
 -80.000   45.000  0.00204 27
 -80.000   46.000  0.00155 22
 -80.000   47.000  0.00063 25
 -80.000   48.000  0.00006 18
 -80.000   49.000 -0.00042 17
 -80.000   50.000 -0.00039 12
 -79.000   25.000  0.00595 8
 -79.000   26.000  0.00528 14
 -79.000   27.000  0.00440 14
 -79.000   28.000  0.00243 16
 -79.000   29.000  0.00060 13
 -79.000   30.000 -0.00128 14
 -79.000   31.000 -0.00159 14
 -79.000   32.000 -0.00166 15
 -79.000   33.000 -0.00031 17
 -79.000   34.000  0.00081 16
 -79.000   35.000  0.00245 20
 -79.000   36.000  0.00261 17
 -79.000   37.000  0.00266 20
 -79.000   38.000  0.00227 14
 -79.000   39.000  0.00209 17
 -79.000   40.000  0.00155 15
 -79.000   41.000  0.00144 16
 -79.000   42.000  0.00180 13
 -79.000   43.000  0.00186 13
 -79.000   44.000  0.00157 12
 -79.000   45.000  0.00102 15
 -79.000   46.000  0.00052 13
 -79.000   47.000 -0.00026 17
 -79.000   48.000 -0.00033 14
 -79.000   49.000 -0.00057 17
 -79.000   50.000 -0.00029 13
 -78.000   25.000  0.00448 10
 -78.000   26.000  0.00396 17
 -78.000   27.000  0.00327 16
 -78.000   28.000  0.00147 20
 -78.000   29.000 -0.00020 14
 -78.000   30.000 -0.00194 20
 -78.000   31.000 -0.00217 18
 -78.000   32.000 -0.00233 25
 -78.000   33.000 -0.00125 20
 -78.000   34.000 -0.00025 23
 -78.000   35.000  0.00115 22
 -78.000   36.000  0.00135 25
 -78.000   37.000  0.00143 27
 -78.000   38.000  0.00155 25
 -78.000   39.000  0.00164 26
 -78.000   40.000  0.00147 25
 -78.000   41.000  0.00116 26
 -78.000   42.000  0.00127 24
 -78.000   43.000  0.00070 23
 -78.000   44.000  0.00005 22
 -78.000   45.000 -0.00072 26
 -78.000   46.000 -0.00091 23
 -78.000   47.000 -0.00122 27
 -78.000   48.000 -0.00057 21
 -78.000   49.000 -0.00041 18
 -78.000   50.000  0.00018 10
 -77.000   25.000  0.00311 9
 -77.000   26.000  0.00238 17
 -77.000   27.000  0.00162 17
 -77.000   28.000 -0.00022 20
 -77.000   29.000 -0.00157 14
 -77.000   30.000 -0.00302 15
 -77.000   31.000 -0.00290 14
 -77.000   32.000 -0.00277 16
 -77.000   33.000 -0.00178 17
 -77.000   34.000 -0.00107 16
 -77.000   35.000 -0.00006 19
 -77.000   36.000  0.00011 16
 -77.000   37.000  0.00014 21
 -77.000   38.000  0.00079 17
 -77.000   39.000  0.00128 19
 -77.000   40.000  0.00158 16
 -77.000   41.000  0.00131 17
 -77.000   42.000  0.00156 16
 -77.000   43.000  0.00070 15
 -77.000   44.000 -0.00025 14
 -77.000   45.000 -0.00124 16
 -77.000   46.000 -0.00123 14
 -77.000   47.000 -0.00126 21
 -77.000   48.000 -0.00034 17
 -77.000   49.000  0.00014 19
 -77.000   50.000  0.00100 10
 -76.000   25.000  0.00398 9
 -76.000   26.000  0.00281 16
 -76.000   27.000  0.00187 16
 -76.000   28.000 -0.00022 21
 -76.000   29.000 -0.00167 15
 -76.000   30.000 -0.00335 19
 -76.000   31.000 -0.00347 16
 -76.000   32.000 -0.00354 22
 -76.000   33.000 -0.00307 21
 -76.000   34.000 -0.00268 24
 -76.000   35.000 -0.00210 22
 -76.000   36.000 -0.00172 23
 -76.000   37.000 -0.00151 24
 -76.000   38.000 -0.00018 25
 -76.000   39.000  0.00075 25
 -76.000   40.000  0.00160 25
 -76.000   41.000  0.00157 25
 -76.000   42.000  0.00206 24
 -76.000   43.000  0.00110 23
 -76.000   44.000 -0.00003 21
 -76.000   45.000 -0.00112 26
 -76.000   46.000 -0.00101 23
 -76.000   47.000 -0.00095 30
 -76.000   48.000  0.00006 22
 -76.000   49.000  0.00074 22
 -76.000   50.000  0.00177 11
 -75.000   25.000  0.00347 9
 -75.000   26.000  0.00219 17
 -75.000   27.000  0.00109 16
 -75.000   28.000 -0.00090 20
 -75.000   29.000 -0.00221 15
 -75.000   30.000 -0.00382 15
 -75.000   31.000 -0.00402 14
 -75.000   32.000 -0.00392 14
 -75.000   33.000 -0.00359 17
 -75.000   34.000 -0.00346 15
 -75.000   35.000 -0.00318 17
 -75.000   36.000 -0.00241 14
 -75.000   37.000 -0.00188 16
 -75.000   38.000  0.00008 14
 -75.000   39.000  0.00131 15
 -75.000   40.000  0.00260 15
 -75.000   41.000  0.00259 16
 -75.000   42.000  0.00314 16
 -75.000   43.000  0.00215 15
 -75.000   44.000  0.00116 13
 -75.000   45.000 -0.00005 15
 -75.000   46.000 -0.00021 12
 -75.000   47.000 -0.00039 18
 -75.000   48.000  0.00029 14
 -75.000   49.000  0.00074 18
 -75.000   50.000  0.00169 10
 -74.000   25.000  0.00290 9
 -74.000   26.000  0.00182 15
 -74.000   27.000  0.00072 14
 -74.000   28.000 -0.00093 19
 -74.000   29.000 -0.00222 15
 -74.000   30.000 -0.00378 17
 -74.000   31.000 -0.00434 16
 -74.000   32.000 -0.00435 20
 -74.000   33.000 -0.00420 21
 -74.000   34.000 -0.00409 22
 -74.000   35.000 -0.00376 20
 -74.000   36.000 -0.00246 22
 -74.000   37.000 -0.00135 20
 -74.000   38.000  0.00111 21
 -74.000   39.000  0.00258 20
 -74.000   40.000  0.00399 22
 -74.000   41.000  0.00395 23
 -74.000   42.000  0.00438 23
 -74.000   43.000  0.00347 22
 -74.000   44.000  0.00256 19
 -74.000   45.000  0.00138 22
 -74.000   46.000  0.00096 18
 -74.000   47.000  0.00054 24
 -74.000   48.000  0.00072 19
 -74.000   49.000  0.00091 22
 -74.000   50.000  0.00170 13
 -73.000   25.000  0.00158 9
 -73.000   26.000  0.00103 17
 -73.000   27.000  0.00018 15
 -73.000   28.000 -0.00066 18
 -73.000   29.000 -0.00151 14
 -73.000   30.000 -0.00281 15
 -73.000   31.000 -0.00353 16
 -73.000   32.000 -0.00367 16
 -73.000   33.000 -0.00362 18
 -73.000   34.000 -0.00361 16
 -73.000   35.000 -0.00326 17
 -73.000   36.000 -0.00153 16
 -73.000   37.000 -0.00003 17
 -73.000   38.000  0.00266 15
 -73.000   39.000  0.00404 15
 -73.000   40.000  0.00537 15
 -73.000   41.000  0.00511 17
 -73.000   42.000  0.00534 18
 -73.000   43.000  0.00441 17
 -73.000   44.000  0.00369 16
 -73.000   45.000  0.00271 16
 -73.000   46.000  0.00204 13
 -73.000   47.000  0.00140 16
 -73.000   48.000  0.00103 13
 -73.000   49.000  0.00094 16
 -73.000   50.000  0.00128 9
 -72.000   25.000  0.00048 9
 -72.000   26.000  0.00048 16
 -72.000   27.000  0.00017 15
 -72.000   28.000  0.00026 19
 -72.000   29.000 -0.00005 14
 -72.000   30.000 -0.00119 16
 -72.000   31.000 -0.00218 15
 -72.000   32.000 -0.00280 18
 -72.000   33.000 -0.00299 19
 -72.000   34.000 -0.00311 20
 -72.000   35.000 -0.00251 20
 -72.000   36.000 -0.00032 21
 -72.000   37.000  0.00183 21
 -72.000   38.000  0.00448 20
 -72.000   39.000  0.00567 20
 -72.000   40.000  0.00653 21
 -72.000   41.000  0.00592 22
 -72.000   42.000  0.00545 22
 -72.000   43.000  0.00438 22
 -72.000   44.000  0.00381 20
 -72.000   45.000  0.00338 22
 -72.000   46.000  0.00284 17
 -72.000   47.000  0.00235 24
 -72.000   48.000  0.00169 18
 -72.000   49.000  0.00154 22
 -72.000   50.000  0.00150 12
 -71.000   25.000  0.00076 9
 -71.000   26.000  0.00030 16
 -71.000   27.000  0.00007 15
 -71.000   28.000  0.00064 16
 -71.000   29.000  0.00066 14
 -71.000   30.000  0.00004 13
 -71.000   31.000 -0.00033 16
 -71.000   32.000 -0.00071 14
 -71.000   33.000 -0.00118 18
 -71.000   34.000 -0.00152 15
 -71.000   35.000 -0.00093 18
 -71.000   36.000  0.00125 15
 -71.000   37.000  0.00329 18
 -71.000   38.000  0.00545 15
 -71.000   39.000  0.00616 16
 -71.000   40.000  0.00673 16
 -71.000   41.000  0.00597 16
 -71.000   42.000  0.00529 17
 -71.000   43.000  0.00420 16
 -71.000   44.000  0.00369 17
 -71.000   45.000  0.00352 17
 -71.000   46.000  0.00288 14
 -71.000   47.000  0.00245 18
 -71.000   48.000  0.00153 14
 -71.000   49.000  0.00147 15
 -71.000   50.000  0.00113 8
 -70.000   25.000  0.00317 8
 -70.000   26.000  0.00155 15
 -70.000   27.000  0.00103 15
 -70.000   28.000  0.00131 18
 -70.000   29.000  0.00128 15
 -70.000   30.000  0.00108 15
 -70.000   31.000  0.00150 16
 -70.000   32.000  0.00147 16
 -70.000   33.000  0.00071 19
 -70.000   34.000 -0.00008 17
 -70.000   35.000  0.00046 20
 -70.000   36.000  0.00244 18
 -70.000   37.000  0.00450 21
 -70.000   38.000  0.00620 18
 -70.000   39.000  0.00673 20
 -70.000   40.000  0.00682 19
 -70.000   41.000  0.00578 18
 -70.000   42.000  0.00461 19
 -70.000   43.000  0.00360 19
 -70.000   44.000  0.00311 21
 -70.000   45.000  0.00358 20
 -70.000   46.000  0.00345 17
 -70.000   47.000  0.00351 21
 -70.000   48.000  0.00248 18
 -70.000   49.000  0.00267 20
 -70.000   50.000  0.00219 13
 -69.000   25.000  0.00852 10
 -69.000   26.000  0.00421 13
 -69.000   27.000  0.00273 16
 -69.000   28.000  0.00232 14
 -69.000   29.000  0.00145 16
 -69.000   30.000  0.00182 12
 -69.000   31.000  0.00393 17
 -69.000   32.000  0.00495 14
 -69.000   33.000  0.00375 20
 -69.000   34.000  0.00244 16
 -69.000   35.000  0.00243 19
 -69.000   36.000  0.00413 15
 -69.000   37.000  0.00586 18
 -69.000   38.000  0.00725 14
 -69.000   39.000  0.00745 15
 -69.000   40.000  0.00732 13
 -69.000   41.000  0.00592 13
 -69.000   42.000  0.00434 15
 -69.000   43.000  0.00343 14
 -69.000   44.000  0.00308 17
 -69.000   45.000  0.00405 14
 -69.000   46.000  0.00420 14
 -69.000   47.000  0.00460 14
 -69.000   48.000  0.00312 14
 -69.000   49.000  0.00336 13
 -69.000   50.000  0.00259 9
 -68.000   25.000  0.01148 7
 -68.000   26.000  0.00696 10
 -68.000   27.000  0.00510 13
 -68.000   28.000  0.00448 13
 -68.000   29.000  0.00275 13
 -68.000   30.000  0.00254 12
 -68.000   31.000  0.00407 14
 -68.000   32.000  0.00517 13
 -68.000   33.000  0.00370 16
 -68.000   34.000  0.00235 14
 -68.000   35.000  0.00209 16
 -68.000   36.000  0.00428 14
 -68.000   37.000  0.00654 16
 -68.000   38.000  0.00839 14
 -68.000   39.000  0.00921 15
 -68.000   40.000  0.00913 14
 -68.000   41.000  0.00720 12
 -68.000   42.000  0.00463 15
 -68.000   43.000  0.00390 13
 -68.000   44.000  0.00379 17
 -68.000   45.000  0.00551 14
 -68.000   46.000  0.00637 15
 -68.000   47.000  0.00727 16
 -68.000   48.000  0.00544 14
 -68.000   49.000  0.00540 15
 -68.000   50.000  0.00428 9
 -67.000   25.000  0.01400 5
 -67.000   26.000  0.00958 5
 -67.000   27.000  0.00628 8
 -67.000   28.000  0.00450 6
 -67.000   29.000  0.00084 8
 -67.000   30.000 -0.00017 6
 -67.000   31.000  0.00027 9
 -67.000   32.000  0.00255 8
 -67.000   33.000  0.00156 11
 -67.000   34.000  0.00164 10
 -67.000   35.000  0.00151 10
 -67.000   36.000  0.00474 9
 -67.000   37.000  0.00715 9
 -67.000   38.000  0.00986 9
 -67.000   39.000  0.01122 8
 -67.000   40.000  0.01180 9
 -67.000   41.000  0.01009 7
 -67.000   42.000  0.00713 10
 -67.000   43.000  0.00665 7
 -67.000   44.000  0.00651 10
 -67.000   45.000  0.00826 8
 -67.000   46.000  0.00862 9
 -67.000   47.000  0.00962 10
 -67.000   48.000  0.00760 8
 -67.000   49.000  0.00722 8
 -67.000   50.000  0.00564 3
 -66.000   25.000  0.01562 0
 -66.000   26.000  0.01129 3
 -66.000   27.000  0.00753 3
 -66.000   28.000  0.00536 4
 -66.000   29.000  0.00080 3
 -66.000   30.000 -0.00060 4
 -66.000   31.000 -0.00073 5
 -66.000   32.000  0.00174 5
 -66.000   33.000  0.00083 6
 -66.000   34.000  0.00124 6
 -66.000   35.000  0.00107 6
 -66.000   36.000  0.00477 6
 -66.000   37.000  0.00760 6
 -66.000   38.000  0.01087 7
 -66.000   39.000  0.01266 7
 -66.000   40.000  0.01334 8
 -66.000   41.000  0.01134 6
 -66.000   42.000  0.00787 8
 -66.000   43.000  0.00756 5
 -66.000   44.000  0.00765 8
 -66.000   45.000  0.00979 7
 -66.000   46.000  0.01041 9
 -66.000   47.000  0.01163 9
 -66.000   48.000  0.00944 6
 -66.000   49.000  0.00879 7
 -66.000   50.000  0.00700 3
 -65.000   25.000  0.01581 0
 -65.000   26.000  0.01220 1
 -65.000   27.000  0.00817 1
 -65.000   28.000  0.00620 1
 -65.000   29.000  0.00064 1
 -65.000   30.000 -0.00140 1
 -65.000   31.000 -0.00251 2
 -65.000   32.000  0.00014 2
 -65.000   33.000 -0.00072 3
 -65.000   34.000  0.00060 3
 -65.000   35.000  0.00049 3
 -65.000   36.000  0.00504 3
 -65.000   37.000  0.00813 3
 -65.000   38.000  0.01220 3
 -65.000   39.000  0.01442 3
 -65.000   40.000  0.01552 3
 -65.000   41.000  0.01345 3
 -65.000   42.000  0.00962 3
 -65.000   43.000  0.00946 2
 -65.000   44.000  0.00959 3
 -65.000   45.000  0.01180 3
 -65.000   46.000  0.01219 4
 -65.000   47.000  0.01342 3
 -65.000   48.000  0.01099 2
 -65.000   49.000  0.00999 2
 -65.000   50.000  0.00777 1
