-130.000   25.000  0.01147 0
-130.000   26.000  0.01086 4
-130.000   27.000  0.00718 4
-130.000   28.000  0.00515 8
-130.000   29.000  0.00065 4
-130.000   30.000 -0.00338 8
-130.000   31.000 -0.00412 4
-130.000   32.000 -0.00198 5
-130.000   33.000  0.00067 4
-130.000   34.000  0.00266 5
-130.000   35.000  0.00364 8
-130.000   36.000  0.00414 7
-130.000   37.000  0.00611 10
-130.000   38.000  0.00607 8
-130.000   39.000  0.00494 10
-130.000   40.000  0.00254 8
-130.000   41.000  0.00056 10
-130.000   42.000 -0.00210 8
-130.000   43.000 -0.00331 8
-130.000   44.000 -0.00323 5
-130.000   45.000 -0.00224 6
-130.000   46.000 -0.00327 4
-130.000   47.000 -0.00456 7
-130.000   48.000 -0.00590 4
-130.000   49.000 -0.00670 7
-130.000   50.000 -0.00754 3
-129.000   25.000  0.01030 3
-129.000   26.000  0.00986 8
-129.000   27.000  0.00658 8
-129.000   28.000  0.00446 10
-129.000   29.000  0.00040 6
-129.000   30.000 -0.00289 9
-129.000   31.000 -0.00351 6
-129.000   32.000 -0.00170 7
-129.000   33.000  0.00056 5
-129.000   34.000  0.00236 5
-129.000   35.000  0.00298 6
-129.000   36.000  0.00351 7
-129.000   37.000  0.00549 9
-129.000   38.000  0.00572 9
-129.000   39.000  0.00469 10
-129.000   40.000  0.00253 10
-129.000   41.000  0.00069 11
-129.000   42.000 -0.00168 10
-129.000   43.000 -0.00279 9
-129.000   44.000 -0.00288 7
-129.000   45.000 -0.00246 8
-129.000   46.000 -0.00443 7
-129.000   47.000 -0.00635 11
-129.000   48.000 -0.00772 8
-129.000   49.000 -0.00875 9
-129.000   50.000 -0.00952 3
-128.000   25.000  0.00862 6
-128.000   26.000  0.00791 12
-128.000   27.000  0.00481 12
-128.000   28.000  0.00259 14
-128.000   29.000 -0.00128 9
-128.000   30.000 -0.00413 12
-128.000   31.000 -0.00471 8
-128.000   32.000 -0.00291 9
-128.000   33.000 -0.00095 7
-128.000   34.000  0.00069 9
-128.000   35.000  0.00140 10
-128.000   36.000  0.00230 11
-128.000   37.000  0.00418 14
-128.000   38.000  0.00437 14
-128.000   39.000  0.00352 16
-128.000   40.000  0.00162 14
-128.000   41.000  0.00016 16
-128.000   42.000 -0.00177 14
-128.000   43.000 -0.00247 12
-128.000   44.000 -0.00259 9
-128.000   45.000 -0.00253 11
-128.000   46.000 -0.00521 10
-128.000   47.000 -0.00748 16
-128.000   48.000 -0.00882 11
-128.000   49.000 -0.00985 15
-128.000   50.000 -0.01054 7
-127.000   25.000  0.00676 9
-127.000   26.000  0.00626 14
-127.000   27.000  0.00398 14
-127.000   28.000  0.00182 14
-127.000   29.000 -0.00143 11
-127.000   30.000 -0.00367 11
-127.000   31.000 -0.00432 9
-127.000   32.000 -0.00319 9
-127.000   33.000 -0.00199 8
-127.000   34.000 -0.00079 8
-127.000   35.000 -0.00028 8
-127.000   36.000  0.00083 8
-127.000   37.000  0.00262 11
-127.000   38.000  0.00293 11
-127.000   39.000  0.00260 14
-127.000   40.000  0.00133 12
-127.000   41.000  0.00045 15
-127.000   42.000 -0.00110 12
-127.000   43.000 -0.00150 11
-127.000   44.000 -0.00216 8
-127.000   45.000 -0.00314 11
-127.000   46.000 -0.00743 11
-127.000   47.000 -0.01048 15
-127.000   48.000 -0.01200 10
-127.000   49.000 -0.01319 11
-127.000   50.000 -0.01384 5
-126.000   25.000  0.00350 9
-126.000   26.000  0.00303 12
-126.000   27.000  0.00142 12
-126.000   28.000 -0.00017 14
-126.000   29.000 -0.00305 12
-126.000   30.000 -0.00478 13
-126.000   31.000 -0.00538 11
-126.000   32.000 -0.00447 11
-126.000   33.000 -0.00399 10
-126.000   34.000 -0.00325 10
-126.000   35.000 -0.00263 11
-126.000   36.000 -0.00132 11
-126.000   37.000  0.00002 16
-126.000   38.000  0.00029 16
-126.000   39.000  0.00037 18
-126.000   40.000 -0.00034 14
-126.000   41.000 -0.00055 17
-126.000   42.000 -0.00148 15
-126.000   43.000 -0.00138 14
-126.000   44.000 -0.00213 10
-126.000   45.000 -0.00337 15
-126.000   46.000 -0.00808 14
-126.000   47.000 -0.01108 20
-126.000   48.000 -0.01234 12
-126.000   49.000 -0.01316 15
-126.000   50.000 -0.01357 8
-125.000   25.000  0.00199 9
-125.000   26.000  0.00166 14
-125.000   27.000  0.00090 13
-125.000   28.000  0.00024 15
-125.000   29.000 -0.00178 13
-125.000   30.000 -0.00295 13
-125.000   31.000 -0.00339 11
-125.000   32.000 -0.00303 10
-125.000   33.000 -0.00356 9
-125.000   34.000 -0.00399 8
-125.000   35.000 -0.00394 8
-125.000   36.000 -0.00290 7
-125.000   37.000 -0.00204 10
-125.000   38.000 -0.00177 9
-125.000   39.000 -0.00156 11
-125.000   40.000 -0.00203 8
-125.000   41.000 -0.00200 12
-125.000   42.000 -0.00280 10
-125.000   43.000 -0.00258 11
-125.000   44.000 -0.00344 8
-125.000   45.000 -0.00451 12
-125.000   46.000 -0.00907 11
-125.000   47.000 -0.01154 14
-125.000   48.000 -0.01260 9
-125.000   49.000 -0.01287 9
-125.000   50.000 -0.01308 4
-124.000   25.000 -0.00034 10
-124.000   26.000 -0.00055 15
-124.000   27.000 -0.00099 13
-124.000   28.000 -0.00119 16
-124.000   29.000 -0.00330 13
-124.000   30.000 -0.00408 14
-124.000   31.000 -0.00446 12
-124.000   32.000 -0.00404 11
-124.000   33.000 -0.00498 11
-124.000   34.000 -0.00552 10
-124.000   35.000 -0.00555 12
-124.000   36.000 -0.00459 12
-124.000   37.000 -0.00422 16
-124.000   38.000 -0.00404 15
-124.000   39.000 -0.00370 15
-124.000   40.000 -0.00395 12
-124.000   41.000 -0.00368 15
-124.000   42.000 -0.00415 14
-124.000   43.000 -0.00365 15
-124.000   44.000 -0.00426 11
-124.000   45.000 -0.00475 18
-124.000   46.000 -0.00842 16
-124.000   47.000 -0.01003 22
-124.000   48.000 -0.01090 15
-124.000   49.000 -0.01056 15
-124.000   50.000 -0.01063 8
-123.000   25.000 -0.00097 8
-123.000   26.000 -0.00094 16
-123.000   27.000 -0.00100 14
-123.000   28.000 -0.00102 19
-123.000   29.000 -0.00292 14
-123.000   30.000 -0.00343 15
-123.000   31.000 -0.00378 11
-123.000   32.000 -0.00363 10
-123.000   33.000 -0.00476 9
-123.000   34.000 -0.00529 9
-123.000   35.000 -0.00554 9
-123.000   36.000 -0.00486 8
-123.000   37.000 -0.00483 8
-123.000   38.000 -0.00471 7
-123.000   39.000 -0.00462 7
-123.000   40.000 -0.00496 6
-123.000   41.000 -0.00494 9
-123.000   42.000 -0.00548 8
-123.000   43.000 -0.00507 9
-123.000   44.000 -0.00539 7
-123.000   45.000 -0.00517 11
-123.000   46.000 -0.00744 10
-123.000   47.000 -0.00806 12
-123.000   48.000 -0.00850 9
-123.000   49.000 -0.00767 9
-123.000   50.000 -0.00758 6
-122.000   25.000 -0.00183 10
-122.000   26.000 -0.00181 15
-122.000   27.000 -0.00183 13
-122.000   28.000 -0.00194 17
-122.000   29.000 -0.00406 13
-122.000   30.000 -0.00430 16
-122.000   31.000 -0.00497 13
-122.000   32.000 -0.00494 14
-122.000   33.000 -0.00614 13
-122.000   34.000 -0.00610 13
-122.000   35.000 -0.00645 14
-122.000   36.000 -0.00550 13
-122.000   37.000 -0.00560 15
-122.000   38.000 -0.00538 14
-122.000   39.000 -0.00569 16
-122.000   40.000 -0.00593 14
-122.000   41.000 -0.00601 18
-122.000   42.000 -0.00628 14
-122.000   43.000 -0.00580 17
-122.000   44.000 -0.00555 12
-122.000   45.000 -0.00464 21
-122.000   46.000 -0.00551 17
-122.000   47.000 -0.00522 25
-122.000   48.000 -0.00514 17
-122.000   49.000 -0.00395 17
-122.000   50.000 -0.00362 9
-121.000   25.000 -0.00110 7
-121.000   26.000 -0.00150 13
-121.000   27.000 -0.00133 11
-121.000   28.000 -0.00179 16
-121.000   29.000 -0.00331 12
-121.000   30.000 -0.00337 17
-121.000   31.000 -0.00428 13
-121.000   32.000 -0.00492 15
-121.000   33.000 -0.00622 12
-121.000   34.000 -0.00624 13
-121.000   35.000 -0.00673 12
-121.000   36.000 -0.00557 10
-121.000   37.000 -0.00551 10
-121.000   38.000 -0.00523 8
-121.000   39.000 -0.00584 11
-121.000   40.000 -0.00600 9
-121.000   41.000 -0.00618 13
-121.000   42.000 -0.00633 9
-121.000   43.000 -0.00587 11
-121.000   44.000 -0.00532 7
-121.000   45.000 -0.00421 13
-121.000   46.000 -0.00415 10
-121.000   47.000 -0.00328 17
-121.000   48.000 -0.00269 12
-121.000   49.000 -0.00145 17
-121.000   50.000 -0.00087 11
-120.000   25.000  0.00016 10
-120.000   26.000 -0.00055 15
-120.000   27.000 -0.00043 14
-120.000   28.000 -0.00097 17
-120.000   29.000 -0.00206 13
-120.000   30.000 -0.00253 18
-120.000   31.000 -0.00431 14
-120.000   32.000 -0.00559 17
-120.000   33.000 -0.00688 14
-120.000   34.000 -0.00690 17
-120.000   35.000 -0.00705 17
-120.000   36.000 -0.00522 16
-120.000   37.000 -0.00494 16
-120.000   38.000 -0.00494 14
-120.000   39.000 -0.00578 20
-120.000   40.000 -0.00580 18
-120.000   41.000 -0.00584 23
-120.000   42.000 -0.00555 15
-120.000   43.000 -0.00478 21
-120.000   44.000 -0.00400 15
-120.000   45.000 -0.00312 25
-120.000   46.000 -0.00268 17
-120.000   47.000 -0.00167 29
-120.000   48.000 -0.00070 20
-120.000   49.000  0.00036 25
-120.000   50.000  0.00113 13
-119.000   25.000  0.00085 6
-119.000   26.000  0.00015 12
-119.000   27.000  0.00069 12
-119.000   28.000  0.00063 16
-119.000   29.000  0.00076 11
-119.000   30.000 -0.00010 16
-119.000   31.000 -0.00204 12
-119.000   32.000 -0.00404 16
-119.000   33.000 -0.00520 13
-119.000   34.000 -0.00583 15
-119.000   35.000 -0.00576 15
-119.000   36.000 -0.00417 13
-119.000   37.000 -0.00381 14
-119.000   38.000 -0.00433 10
-119.000   39.000 -0.00515 16
-119.000   40.000 -0.00498 12
-119.000   41.000 -0.00473 17
-119.000   42.000 -0.00443 10
-119.000   43.000 -0.00366 15
-119.000   44.000 -0.00314 10
-119.000   45.000 -0.00281 16
-119.000   46.000 -0.00247 10
-119.000   47.000 -0.00136 18
-119.000   48.000 -0.00021 14
-119.000   49.000  0.00059 21
-119.000   50.000  0.00139 14
-118.000   25.000  0.00130 10
-118.000   26.000  0.00101 16
-118.000   27.000  0.00188 17
-118.000   28.000  0.00279 21
-118.000   29.000  0.00368 16
-118.000   30.000  0.00241 20
-118.000   31.000 -0.00002 14
-118.000   32.000 -0.00268 18
-118.000   33.000 -0.00390 14
-118.000   34.000 -0.00493 18
-118.000   35.000 -0.00452 18
-118.000   36.000 -0.00296 19
-118.000   37.000 -0.00253 20
-118.000   38.000 -0.00354 18
-118.000   39.000 -0.00426 23
-118.000   40.000 -0.00375 18
-118.000   41.000 -0.00293 24
-118.000   42.000 -0.00208 16
-118.000   43.000 -0.00104 25
-118.000   44.000 -0.00089 17
-118.000   45.000 -0.00138 25
-118.000   46.000 -0.00182 15
-118.000   47.000 -0.00126 25
-118.000   48.000 -0.00054 18
-118.000   49.000 -0.00014 24
-118.000   50.000  0.00039 14
-117.000   25.000  0.00074 7
-117.000   26.000  0.00089 13
-117.000   27.000  0.00194 14
-117.000   28.000  0.00335 18
-117.000   29.000  0.00480 13
-117.000   30.000  0.00366 17
-117.000   31.000  0.00169 14
-117.000   32.000 -0.00087 19
-117.000   33.000 -0.00179 17
-117.000   34.000 -0.00292 17
-117.000   35.000 -0.00225 19
-117.000   36.000 -0.00120 17
-117.000   37.000 -0.00081 21
-117.000   38.000 -0.00201 15
-117.000   39.000 -0.00238 20
-117.000   40.000 -0.00167 12
-117.000   41.000 -0.00047 19
-117.000   42.000  0.00080 12
-117.000   43.000  0.00213 18
-117.000   44.000  0.00201 9
-117.000   45.000  0.00105 15
-117.000   46.000 -0.00020 9
-117.000   47.000 -0.00040 17
-117.000   48.000 -0.00066 14
-117.000   49.000 -0.00080 21
-117.000   50.000 -0.00088 15
-116.000   25.000  0.00096 12
-116.000   26.000  0.00164 16
-116.000   27.000  0.00248 19
-116.000   28.000  0.00414 22
-116.000   29.000  0.00517 19
-116.000   30.000  0.00359 22
-116.000   31.000  0.00142 18
-116.000   32.000 -0.00094 22
-116.000   33.000 -0.00143 18
-116.000   34.000 -0.00196 20
-116.000   35.000 -0.00060 21
-116.000   36.000  0.00051 22
-116.000   37.000  0.00083 24
-116.000   38.000 -0.00073 22
-116.000   39.000 -0.00112 24
-116.000   40.000 -0.00058 18
-116.000   41.000  0.00084 22
-116.000   42.000  0.00261 17
-116.000   43.000  0.00454 25
-116.000   44.000  0.00442 15
-116.000   45.000  0.00330 22
-116.000   46.000  0.00138 12
-116.000   47.000  0.00057 23
-116.000   48.000 -0.00059 18
-116.000   49.000 -0.00110 26
-116.000   50.000 -0.00178 17
-115.000   25.000  0.00051 9
-115.000   26.000  0.00128 14
-115.000   27.000  0.00183 17
-115.000   28.000  0.00295 20
-115.000   29.000  0.00319 16
-115.000   30.000  0.00154 20
-115.000   31.000 -0.00030 17
-115.000   32.000 -0.00202 23
-115.000   33.000 -0.00197 21
-115.000   34.000 -0.00141 22
-115.000   35.000  0.00044 23
-115.000   36.000  0.00165 21
-115.000   37.000  0.00196 23
-115.000   38.000  0.00057 18
-115.000   39.000  0.00035 20
-115.000   40.000  0.00092 15
-115.000   41.000  0.00243 18
-115.000   42.000  0.00427 14
-115.000   43.000  0.00646 18
-115.000   44.000  0.00630 12
-115.000   45.000  0.00529 16
-115.000   46.000  0.00313 10
-115.000   47.000  0.00220 17
-115.000   48.000  0.00056 16
-115.000   49.000 -0.00003 22
-115.000   50.000 -0.00107 16
-114.000   25.000  0.00001 14
-114.000   26.000  0.00097 17
-114.000   27.000  0.00151 21
-114.000   28.000  0.00243 23
-114.000   29.000  0.00208 22
-114.000   30.000  0.00038 25
-114.000   31.000 -0.00173 21
-114.000   32.000 -0.00337 25
-114.000   33.000 -0.00332 20
-114.000   34.000 -0.00193 24
-114.000   35.000  0.00038 21
-114.000   36.000  0.00220 25
-114.000   37.000  0.00268 23
-114.000   38.000  0.00163 24
-114.000   39.000  0.00129 22
-114.000   40.000  0.00180 21
-114.000   41.000  0.00326 21
-114.000   42.000  0.00511 18
-114.000   43.000  0.00736 21
-114.000   44.000  0.00710 16
-114.000   45.000  0.00617 21
-114.000   46.000  0.00403 14
-114.000   47.000  0.00324 22
-114.000   48.000  0.00191 19
-114.000   49.000  0.00171 25
-114.000   50.000  0.00090 16
-113.000   25.000 -0.00140 10
-113.000   26.000 -0.00044 16
-113.000   27.000  0.00009 18
-113.000   28.000  0.00067 22
-113.000   29.000  0.00005 19
-113.000   30.000 -0.00102 23
-113.000   31.000 -0.00261 19
-113.000   32.000 -0.00361 24
-113.000   33.000 -0.00331 20
-113.000   34.000 -0.00135 25
-113.000   35.000  0.00069 22
-113.000   36.000  0.00249 26
-113.000   37.000  0.00299 24
-113.000   38.000  0.00276 23
-113.000   39.000  0.00258 22
-113.000   40.000  0.00325 19
-113.000   41.000  0.00434 21
-113.000   42.000  0.00540 17
-113.000   43.000  0.00655 19
-113.000   44.000  0.00593 15
-113.000   45.000  0.00506 19
-113.000   46.000  0.00356 15
-113.000   47.000  0.00351 20
-113.000   48.000  0.00315 18
-113.000   49.000  0.00347 22
-113.000   50.000  0.00325 16
-112.000   25.000 -0.00278 13
-112.000   26.000 -0.00165 16
-112.000   27.000 -0.00095 20
-112.000   28.000 -0.00029 22
-112.000   29.000 -0.00061 23
-112.000   30.000 -0.00097 25
-112.000   31.000 -0.00213 23
-112.000   32.000 -0.00287 25
-112.000   33.000 -0.00262 21
-112.000   34.000 -0.00070 24
-112.000   35.000  0.00093 20
-112.000   36.000  0.00251 24
-112.000   37.000  0.00306 24
-112.000   38.000  0.00343 26
-112.000   39.000  0.00321 24
-112.000   40.000  0.00374 19
-112.000   41.000  0.00418 20
-112.000   42.000  0.00418 17
-112.000   43.000  0.00408 20
-112.000   44.000  0.00304 15
-112.000   45.000  0.00217 20
-112.000   46.000  0.00129 15
-112.000   47.000  0.00207 22
-112.000   48.000  0.00292 18
-112.000   49.000  0.00376 23
-112.000   50.000  0.00427 15
-111.000   25.000 -0.00405 9
-111.000   26.000 -0.00309 15
-111.000   27.000 -0.00253 17
-111.000   28.000 -0.00192 21
-111.000   29.000 -0.00186 19
-111.000   30.000 -0.00101 24
-111.000   31.000 -0.00116 21
-111.000   32.000 -0.00106 27
-111.000   33.000 -0.00086 23
-111.000   34.000  0.00084 26
-111.000   35.000  0.00155 22
-111.000   36.000  0.00263 24
-111.000   37.000  0.00311 27
-111.000   38.000  0.00418 27
-111.000   39.000  0.00402 28
-111.000   40.000  0.00463 21
-111.000   41.000  0.00431 23
-111.000   42.000  0.00333 20
-111.000   43.000  0.00187 23
-111.000   44.000  0.00058 17
-111.000   45.000 -0.00041 20
-111.000   46.000 -0.00090 15
-111.000   47.000  0.00010 22
-111.000   48.000  0.00143 18
-111.000   49.000  0.00221 21
-111.000   50.000  0.00293 14
-110.000   25.000 -0.00477 12
-110.000   26.000 -0.00397 14
-110.000   27.000 -0.00338 18
-110.000   28.000 -0.00260 21
-110.000   29.000 -0.00190 22
-110.000   30.000  0.00002 25
-110.000   31.000  0.00074 23
-110.000   32.000  0.00125 28
-110.000   33.000  0.00111 25
-110.000   34.000  0.00223 25
-110.000   35.000  0.00227 21
-110.000   36.000  0.00302 20
-110.000   37.000  0.00352 23
-110.000   38.000  0.00511 22
-110.000   39.000  0.00486 23
-110.000   40.000  0.00527 17
-110.000   41.000  0.00419 18
-110.000   42.000  0.00258 15
-110.000   43.000  0.00025 18
-110.000   44.000 -0.00131 14
-110.000   45.000 -0.00270 18
-110.000   46.000 -0.00362 14
-110.000   47.000 -0.00308 21
-110.000   48.000 -0.00198 17
-110.000   49.000 -0.00155 20
-110.000   50.000 -0.00085 11
-109.000   25.000 -0.00382 9
-109.000   26.000 -0.00345 15
-109.000   27.000 -0.00321 17
-109.000   28.000 -0.00271 23
-109.000   29.000 -0.00198 19
-109.000   30.000  0.00035 26
-109.000   31.000  0.00161 21
-109.000   32.000  0.00250 30
-109.000   33.000  0.00217 24
-109.000   34.000  0.00270 28
-109.000   35.000  0.00207 23
-109.000   36.000  0.00234 25
-109.000   37.000  0.00274 26
-109.000   38.000  0.00465 26
-109.000   39.000  0.00453 29
-109.000   40.000  0.00490 27
-109.000   41.000  0.00345 29
-109.000   42.000  0.00172 24
-109.000   43.000 -0.00096 26
-109.000   44.000 -0.00231 19
-109.000   45.000 -0.00377 24
-109.000   46.000 -0.00500 18
-109.000   47.000 -0.00531 26
-109.000   48.000 -0.00510 19
-109.000   49.000 -0.00546 20
-109.000   50.000 -0.00537 11
-108.000   25.000 -0.00163 12
-108.000   26.000 -0.00179 14
-108.000   27.000 -0.00180 17
-108.000   28.000 -0.00181 21
-108.000   29.000 -0.00120 20
-108.000   30.000  0.00069 25
-108.000   31.000  0.00180 21
-108.000   32.000  0.00228 26
-108.000   33.000  0.00143 22
-108.000   34.000  0.00113 24
-108.000   35.000  0.00028 21
-108.000   36.000  0.00026 20
-108.000   37.000  0.00066 19
-108.000   38.000  0.00236 17
-108.000   39.000  0.00240 17
-108.000   40.000  0.00259 16
-108.000   41.000  0.00139 17
-108.000   42.000  0.00010 14
-108.000   43.000 -0.00172 16
-108.000   44.000 -0.00257 13
-108.000   45.000 -0.00382 17
-108.000   46.000 -0.00554 14
-108.000   47.000 -0.00667 19
-108.000   48.000 -0.00743 15
-108.000   49.000 -0.00837 17
-108.000   50.000 -0.00890 10
-107.000   25.000  0.00179 11
-107.000   26.000  0.00110 18
-107.000   27.000  0.00061 18
-107.000   28.000  0.00001 25
-107.000   29.000  0.00003 20
-107.000   30.000  0.00095 29
-107.000   31.000  0.00133 22
-107.000   32.000  0.00128 30
-107.000   33.000 -0.00006 24
-107.000   34.000 -0.00088 28
-107.000   35.000 -0.00177 24
-107.000   36.000 -0.00164 26
-107.000   37.000 -0.00114 24
-107.000   38.000  0.00043 24
-107.000   39.000  0.00054 25
-107.000   40.000  0.00071 27
-107.000   41.000 -0.00030 29
-107.000   42.000 -0.00103 26
-107.000   43.000 -0.00212 27
-107.000   44.000 -0.00228 20
-107.000   45.000 -0.00318 25
-107.000   46.000 -0.00472 19
-107.000   47.000 -0.00621 27
-107.000   48.000 -0.00762 18
-107.000   49.000 -0.00897 19
-107.000   50.000 -0.01004 9
-106.000   25.000  0.00363 14
-106.000   26.000  0.00273 17
-106.000   27.000  0.00219 18
-106.000   28.000  0.00140 21
-106.000   29.000  0.00135 19
-106.000   30.000  0.00162 23
-106.000   31.000  0.00138 21
-106.000   32.000  0.00062 24
-106.000   33.000 -0.00129 23
-106.000   34.000 -0.00267 22
-106.000   35.000 -0.00357 21
-106.000   36.000 -0.00319 18
-106.000   37.000 -0.00248 17
-106.000   38.000 -0.00077 14
-106.000   39.000 -0.00035 14
-106.000   40.000 -0.00005 13
-106.000   41.000 -0.00098 14
-106.000   42.000 -0.00151 13
-106.000   43.000 -0.00236 14
-106.000   44.000 -0.00228 11
-106.000   45.000 -0.00291 14
-106.000   46.000 -0.00383 12
-106.000   47.000 -0.00494 17
-106.000   48.000 -0.00616 13
-106.000   49.000 -0.00732 14
-106.000   50.000 -0.00848 9
-105.000   25.000  0.00596 13
-105.000   26.000  0.00491 21
-105.000   27.000  0.00400 22
-105.000   28.000  0.00278 27
-105.000   29.000  0.00221 21
-105.000   30.000  0.00160 27
-105.000   31.000  0.00055 22
-105.000   32.000 -0.00058 28
-105.000   33.000 -0.00251 24
-105.000   34.000 -0.00393 27
-105.000   35.000 -0.00458 24
-105.000   36.000 -0.00398 26
-105.000   37.000 -0.00306 25
-105.000   38.000 -0.00146 26
-105.000   39.000 -0.00092 27
-105.000   40.000 -0.00064 27
-105.000   41.000 -0.00143 29
-105.000   42.000 -0.00180 27
-105.000   43.000 -0.00257 29
-105.000   44.000 -0.00235 21
-105.000   45.000 -0.00271 26
-105.000   46.000 -0.00283 19
-105.000   47.000 -0.00350 27
-105.000   48.000 -0.00424 18
-105.000   49.000 -0.00511 18
-105.000   50.000 -0.00609 9
-104.000   25.000  0.00626 14
-104.000   26.000  0.00511 20
-104.000   27.000  0.00416 21
-104.000   28.000  0.00271 23
-104.000   29.000  0.00213 19
-104.000   30.000  0.00135 22
-104.000   31.000  0.00010 20
-104.000   32.000 -0.00116 22
-104.000   33.000 -0.00300 21
-104.000   34.000 -0.00431 21
-104.000   35.000 -0.00468 19
-104.000   36.000 -0.00373 17
-104.000   37.000 -0.00257 17
-104.000   38.000 -0.00102 16
-104.000   39.000 -0.00048 18
-104.000   40.000 -0.00039 16
-104.000   41.000 -0.00131 17
-104.000   42.000 -0.00183 14
-104.000   43.000 -0.00268 15
-104.000   44.000 -0.00260 11
-104.000   45.000 -0.00272 13
-104.000   46.000 -0.00231 11
-104.000   47.000 -0.00242 14
-104.000   48.000 -0.00270 12
-104.000   49.000 -0.00315 11
-104.000   50.000 -0.00384 10
-103.000   25.000  0.00710 14
-103.000   26.000  0.00599 22
-103.000   27.000  0.00485 23
-103.000   28.000  0.00322 26
-103.000   29.000  0.00234 21
-103.000   30.000  0.00106 27
-103.000   31.000 -0.00055 22
-103.000   32.000 -0.00161 28
-103.000   33.000 -0.00307 23
-103.000   34.000 -0.00392 29
-103.000   35.000 -0.00385 24
-103.000   36.000 -0.00228 29
-103.000   37.000 -0.00102 25
-103.000   38.000  0.00038 29
-103.000   39.000  0.00061 29
-103.000   40.000  0.00043 31
-103.000   41.000 -0.00111 31
-103.000   42.000 -0.00213 28
-103.000   43.000 -0.00324 28
-103.000   44.000 -0.00318 22
-103.000   45.000 -0.00307 26
-103.000   46.000 -0.00227 21
-103.000   47.000 -0.00191 26
-103.000   48.000 -0.00214 19
-103.000   49.000 -0.00248 18
-103.000   50.000 -0.00316 10
-102.000   25.000  0.00580 15
-102.000   26.000  0.00477 23
-102.000   27.000  0.00381 21
-102.000   28.000  0.00229 24
-102.000   29.000  0.00148 20
-102.000   30.000  0.00007 23
-102.000   31.000 -0.00133 20
-102.000   32.000 -0.00201 22
-102.000   33.000 -0.00290 20
-102.000   34.000 -0.00346 21
-102.000   35.000 -0.00318 19
-102.000   36.000 -0.00152 19
-102.000   37.000 -0.00044 18
-102.000   38.000  0.00056 18
-102.000   39.000  0.00060 20
-102.000   40.000  0.00016 19
-102.000   41.000 -0.00180 18
-102.000   42.000 -0.00339 14
-102.000   43.000 -0.00453 13
-102.000   44.000 -0.00456 11
-102.000   45.000 -0.00411 13
-102.000   46.000 -0.00322 12
-102.000   47.000 -0.00259 14
-102.000   48.000 -0.00298 13
-102.000   49.000 -0.00327 13
-102.000   50.000 -0.00410 12
-101.000   25.000  0.00582 14
-101.000   26.000  0.00497 21
-101.000   27.000  0.00407 21
-101.000   28.000  0.00273 23
-101.000   29.000  0.00177 20
-101.000   30.000 -0.00021 22
-101.000   31.000 -0.00179 20
-101.000   32.000 -0.00230 24
-101.000   33.000 -0.00279 22
-101.000   34.000 -0.00323 28
-101.000   35.000 -0.00282 26
-101.000   36.000 -0.00127 33
-101.000   37.000 -0.00046 29
-101.000   38.000  0.00000 33
-101.000   39.000 -0.00012 30
-101.000   40.000 -0.00070 33
-101.000   41.000 -0.00264 30
-101.000   42.000 -0.00447 27
-101.000   43.000 -0.00540 24
-101.000   44.000 -0.00554 21
-101.000   45.000 -0.00488 27
-101.000   46.000 -0.00410 24
-101.000   47.000 -0.00338 29
-101.000   48.000 -0.00409 22
-101.000   49.000 -0.00428 22
-101.000   50.000 -0.00518 13
-100.000   25.000  0.00363 14
-100.000   26.000  0.00305 23
-100.000   27.000  0.00256 20
-100.000   28.000  0.00178 25
-100.000   29.000  0.00128 21
-100.000   30.000 -0.00042 22
-100.000   31.000 -0.00167 19
-100.000   32.000 -0.00212 20
-100.000   33.000 -0.00257 19
-100.000   34.000 -0.00328 19
-100.000   35.000 -0.00314 19
-100.000   36.000 -0.00200 20
-100.000   37.000 -0.00135 21
-100.000   38.000 -0.00097 20
-100.000   39.000 -0.00087 21
-100.000   40.000 -0.00126 20
-100.000   41.000 -0.00304 19
-100.000   42.000 -0.00499 14
-100.000   43.000 -0.00591 12
-100.000   44.000 -0.00608 10
-100.000   45.000 -0.00522 14
-100.000   46.000 -0.00429 13
-100.000   47.000 -0.00343 16
-100.000   48.000 -0.00428 15
-100.000   49.000 -0.00442 15
-100.000   50.000 -0.00555 13
 -99.000   25.000  0.00258 14
 -99.000   26.000  0.00255 21
 -99.000   27.000  0.00224 21
 -99.000   28.000  0.00236 24
 -99.000   29.000  0.00233 21
 -99.000   30.000  0.00096 23
 -99.000   31.000 -0.00024 20
 -99.000   32.000 -0.00067 24
 -99.000   33.000 -0.00147 22
 -99.000   34.000 -0.00282 27
 -99.000   35.000 -0.00348 25
 -99.000   36.000 -0.00315 32
 -99.000   37.000 -0.00293 29
 -99.000   38.000 -0.00264 32
 -99.000   39.000 -0.00233 29
 -99.000   40.000 -0.00237 32
 -99.000   41.000 -0.00379 31
 -99.000   42.000 -0.00563 27
 -99.000   43.000 -0.00639 23
 -99.000   44.000 -0.00640 19
 -99.000   45.000 -0.00547 26
 -99.000   46.000 -0.00430 25
 -99.000   47.000 -0.00305 30
 -99.000   48.000 -0.00356 23
 -99.000   49.000 -0.00358 21
 -99.000   50.000 -0.00461 12
 -98.000   25.000  0.00020 15
 -98.000   26.000  0.00066 23
 -98.000   27.000  0.00075 21
 -98.000   28.000  0.00172 25
 -98.000   29.000  0.00233 21
 -98.000   30.000  0.00185 25
 -98.000   31.000  0.00115 21
 -98.000   32.000  0.00069 24
 -98.000   33.000 -0.00038 21
 -98.000   34.000 -0.00218 21
 -98.000   35.000 -0.00359 19
 -98.000   36.000 -0.00430 19
 -98.000   37.000 -0.00441 20
 -98.000   38.000 -0.00413 18
 -98.000   39.000 -0.00354 20
 -98.000   40.000 -0.00340 18
 -98.000   41.000 -0.00425 20
 -98.000   42.000 -0.00577 15
 -98.000   43.000 -0.00645 14
 -98.000   44.000 -0.00634 10
 -98.000   45.000 -0.00545 13
 -98.000   46.000 -0.00427 12
 -98.000   47.000 -0.00281 14
 -98.000   48.000 -0.00304 13
 -98.000   49.000 -0.00309 12
 -98.000   50.000 -0.00398 11
 -97.000   25.000 -0.00026 16
 -97.000   26.000  0.00055 24
 -97.000   27.000  0.00071 23
 -97.000   28.000  0.00227 26
 -97.000   29.000  0.00323 21
 -97.000   30.000  0.00335 26
 -97.000   31.000  0.00296 22
 -97.000   32.000  0.00255 27
 -97.000   33.000  0.00128 23
 -97.000   34.000 -0.00082 25
 -97.000   35.000 -0.00297 22
 -97.000   36.000 -0.00475 27
 -97.000   37.000 -0.00541 27
 -97.000   38.000 -0.00537 28
 -97.000   39.000 -0.00475 28
 -97.000   40.000 -0.00430 28
 -97.000   41.000 -0.00434 30
 -97.000   42.000 -0.00521 24
 -97.000   43.000 -0.00575 26
 -97.000   44.000 -0.00560 20
 -97.000   45.000 -0.00500 27
 -97.000   46.000 -0.00390 22
 -97.000   47.000 -0.00237 28
 -97.000   48.000 -0.00221 21
 -97.000   49.000 -0.00217 20
 -97.000   50.000 -0.00273 11
 -96.000   25.000 -0.00138 16
 -96.000   26.000 -0.00046 22
 -96.000   27.000 -0.00023 21
 -96.000   28.000  0.00145 24
 -96.000   29.000  0.00255 20
 -96.000   30.000  0.00314 24
 -96.000   31.000  0.00320 22
 -96.000   32.000  0.00309 25
 -96.000   33.000  0.00208 23
 -96.000   34.000  0.00026 21
 -96.000   35.000 -0.00200 20
 -96.000   36.000 -0.00434 18
 -96.000   37.000 -0.00547 21
 -96.000   38.000 -0.00584 17
 -96.000   39.000 -0.00545 20
 -96.000   40.000 -0.00499 15
 -96.000   41.000 -0.00456 18
 -96.000   42.000 -0.00493 12
 -96.000   43.000 -0.00527 17
 -96.000   44.000 -0.00484 12
 -96.000   45.000 -0.00431 16
 -96.000   46.000 -0.00341 10
 -96.000   47.000 -0.00203 14
 -96.000   48.000 -0.00183 12
 -96.000   49.000 -0.00200 13
 -96.000   50.000 -0.00261 11
 -95.000   25.000 -0.00143 17
 -95.000   26.000 -0.00052 25
 -95.000   27.000 -0.00048 23
 -95.000   28.000  0.00118 27
 -95.000   29.000  0.00212 22
 -95.000   30.000  0.00290 26
 -95.000   31.000  0.00328 23
 -95.000   32.000  0.00384 27
 -95.000   33.000  0.00314 24
 -95.000   34.000  0.00163 24
 -95.000   35.000 -0.00084 23
 -95.000   36.000 -0.00355 24
 -95.000   37.000 -0.00540 26
 -95.000   38.000 -0.00634 25
 -95.000   39.000 -0.00634 29
 -95.000   40.000 -0.00588 26
 -95.000   41.000 -0.00526 30
 -95.000   42.000 -0.00519 23
 -95.000   43.000 -0.00517 29
 -95.000   44.000 -0.00432 21
 -95.000   45.000 -0.00384 26
 -95.000   46.000 -0.00319 18
 -95.000   47.000 -0.00208 26
 -95.000   48.000 -0.00182 21
 -95.000   49.000 -0.00222 22
 -95.000   50.000 -0.00270 12
 -94.000   25.000 -0.00116 18
 -94.000   26.000 -0.00053 23
 -94.000   27.000 -0.00068 22
 -94.000   28.000  0.00046 24
 -94.000   29.000  0.00100 21
 -94.000   30.000  0.00167 24
 -94.000   31.000  0.00223 22
 -94.000   32.000  0.00327 24
 -94.000   33.000  0.00306 23
 -94.000   34.000  0.00221 23
 -94.000   35.000  0.00009 24
 -94.000   36.000 -0.00226 21
 -94.000   37.000 -0.00431 22
 -94.000   38.000 -0.00553 17
 -94.000   39.000 -0.00603 20
 -94.000   40.000 -0.00588 15
 -94.000   41.000 -0.00558 19
 -94.000   42.000 -0.00541 14
 -94.000   43.000 -0.00517 18
 -94.000   44.000 -0.00404 12
 -94.000   45.000 -0.00343 14
 -94.000   46.000 -0.00285 10
 -94.000   47.000 -0.00192 16
 -94.000   48.000 -0.00169 15
 -94.000   49.000 -0.00217 17
 -94.000   50.000 -0.00253 11
 -93.000   25.000 -0.00017 16
 -93.000   26.000  0.00003 25
 -93.000   27.000 -0.00046 23
 -93.000   28.000  0.00006 27
 -93.000   29.000  0.00021 22
 -93.000   30.000  0.00079 27
 -93.000   31.000  0.00148 23
 -93.000   32.000  0.00298 26
 -93.000   33.000  0.00302 22
 -93.000   34.000  0.00255 24
 -93.000   35.000  0.00061 24
 -93.000   36.000 -0.00117 24
 -93.000   37.000 -0.00333 25
 -93.000   38.000 -0.00454 22
 -93.000   39.000 -0.00535 27
 -93.000   40.000 -0.00521 24
 -93.000   41.000 -0.00537 30
 -93.000   42.000 -0.00510 24
 -93.000   43.000 -0.00465 28
 -93.000   44.000 -0.00332 20
 -93.000   45.000 -0.00275 22
 -93.000   46.000 -0.00209 18
 -93.000   47.000 -0.00128 26
 -93.000   48.000 -0.00094 23
 -93.000   49.000 -0.00137 23
 -93.000   50.000 -0.00151 12
 -92.000   25.000  0.00019 17
 -92.000   26.000  0.00003 23
 -92.000   27.000 -0.00053 24
 -92.000   28.000 -0.00047 26
 -92.000   29.000 -0.00049 23
 -92.000   30.000  0.00003 26
 -92.000   31.000  0.00072 23
 -92.000   32.000  0.00221 24
 -92.000   33.000  0.00230 21
 -92.000   34.000  0.00206 23
 -92.000   35.000  0.00061 24
 -92.000   36.000 -0.00039 23
 -92.000   37.000 -0.00220 24
 -92.000   38.000 -0.00315 18
 -92.000   39.000 -0.00408 21
 -92.000   40.000 -0.00412 15
 -92.000   41.000 -0.00483 20
 -92.000   42.000 -0.00469 14
 -92.000   43.000 -0.00414 18
 -92.000   44.000 -0.00279 13
 -92.000   45.000 -0.00224 16
 -92.000   46.000 -0.00139 14
 -92.000   47.000 -0.00041 19
 -92.000   48.000  0.00031 17
 -92.000   49.000  0.00007 18
 -92.000   50.000  0.00035 11
 -91.000   25.000  0.00147 13
 -91.000   26.000  0.00098 22
 -91.000   27.000  0.00033 22
 -91.000   28.000 -0.00002 27
 -91.000   29.000 -0.00034 22
 -91.000   30.000  0.00018 27
 -91.000   31.000  0.00086 23
 -91.000   32.000  0.00235 26
 -91.000   33.000  0.00234 21
 -91.000   34.000  0.00212 23
 -91.000   35.000  0.00074 23
 -91.000   36.000  0.00008 23
 -91.000   37.000 -0.00169 25
 -91.000   38.000 -0.00237 21
 -91.000   39.000 -0.00324 27
 -91.000   40.000 -0.00328 23
 -91.000   41.000 -0.00438 29
 -91.000   42.000 -0.00451 23
 -91.000   43.000 -0.00406 25
 -91.000   44.000 -0.00293 19
 -91.000   45.000 -0.00255 22
 -91.000   46.000 -0.00165 20
 -91.000   47.000 -0.00055 23
 -91.000   48.000  0.00055 19
 -91.000   49.000  0.00045 18
 -91.000   50.000  0.00107 13
 -90.000   25.000  0.00298 17
 -90.000   26.000  0.00244 23
 -90.000   27.000  0.00181 24
 -90.000   28.000  0.00121 27
 -90.000   29.000  0.00040 24
 -90.000   30.000  0.00052 26
 -90.000   31.000  0.00077 23
 -90.000   32.000  0.00182 25
 -90.000   33.000  0.00173 23
 -90.000   34.000  0.00172 24
 -90.000   35.000  0.00067 23
 -90.000   36.000  0.00027 22
 -90.000   37.000 -0.00125 24
 -90.000   38.000 -0.00180 21
 -90.000   39.000 -0.00268 25
 -90.000   40.000 -0.00291 19
 -90.000   41.000 -0.00423 23
 -90.000   42.000 -0.00479 17
 -90.000   43.000 -0.00466 19
 -90.000   44.000 -0.00392 14
 -90.000   45.000 -0.00353 19
 -90.000   46.000 -0.00249 17
 -90.000   47.000 -0.00095 21
 -90.000   48.000  0.00051 16
 -90.000   49.000  0.00075 17
 -90.000   50.000  0.00151 11
 -89.000   25.000  0.00466 13
 -89.000   26.000  0.00414 22
 -89.000   27.000  0.00347 21
 -89.000   28.000  0.00262 27
 -89.000   29.000  0.00122 21
 -89.000   30.000  0.00093 26
 -89.000   31.000  0.00087 21
 -89.000   32.000  0.00178 27
 -89.000   33.000  0.00184 23
 -89.000   34.000  0.00230 25
 -89.000   35.000  0.00144 21
 -89.000   36.000  0.00095 21
 -89.000   37.000 -0.00070 23
 -89.000   38.000 -0.00137 21
 -89.000   39.000 -0.00234 25
 -89.000   40.000 -0.00249 20
 -89.000   41.000 -0.00372 25
 -89.000   42.000 -0.00460 22
 -89.000   43.000 -0.00481 24
 -89.000   44.000 -0.00441 18
 -89.000   45.000 -0.00408 21
 -89.000   46.000 -0.00307 19
 -89.000   47.000 -0.00138 23
 -89.000   48.000  0.00001 18
 -89.000   49.000  0.00030 18
 -89.000   50.000  0.00077 14
 -88.000   25.000  0.00473 17
 -88.000   26.000  0.00451 23
 -88.000   27.000  0.00400 24
 -88.000   28.000  0.00334 27
 -88.000   29.000  0.00179 24
 -88.000   30.000  0.00125 25
 -88.000   31.000  0.00091 22
 -88.000   32.000  0.00162 26
 -88.000   33.000  0.00183 24
 -88.000   34.000  0.00264 27
 -88.000   35.000  0.00193 21
 -88.000   36.000  0.00135 23
 -88.000   37.000 -0.00033 22
 -88.000   38.000 -0.00120 23
 -88.000   39.000 -0.00238 25
 -88.000   40.000 -0.00260 21
 -88.000   41.000 -0.00363 25
 -88.000   42.000 -0.00452 20
 -88.000   43.000 -0.00495 23
 -88.000   44.000 -0.00466 16
 -88.000   45.000 -0.00419 22
 -88.000   46.000 -0.00318 18
 -88.000   47.000 -0.00149 25
 -88.000   48.000 -0.00017 19
 -88.000   49.000  0.00026 21
 -88.000   50.000  0.00054 13
 -87.000   25.000  0.00445 13
 -87.000   26.000  0.00451 22
 -87.000   27.000  0.00422 21
 -87.000   28.000  0.00387 27
 -87.000   29.000  0.00249 21
 -87.000   30.000  0.00200 26
 -87.000   31.000  0.00168 20
 -87.000   32.000  0.00249 28
 -87.000   33.000  0.00287 23
 -87.000   34.000  0.00389 27
 -87.000   35.000  0.00308 21
 -87.000   36.000  0.00233 23
 -87.000   37.000  0.00036 22
 -87.000   38.000 -0.00076 20
 -87.000   39.000 -0.00227 22
 -87.000   40.000 -0.00246 19
 -87.000   41.000 -0.00333 23
 -87.000   42.000 -0.00408 19
 -87.000   43.000 -0.00461 21
 -87.000   44.000 -0.00423 16
 -87.000   45.000 -0.00360 21
 -87.000   46.000 -0.00271 18
 -87.000   47.000 -0.00138 21
 -87.000   48.000 -0.00048 17
 -87.000   49.000 -0.00017 18
 -87.000   50.000 -0.00026 14
 -86.000   25.000  0.00365 16
 -86.000   26.000  0.00405 23
 -86.000   27.000  0.00394 24
 -86.000   28.000  0.00419 29
 -86.000   29.000  0.00322 24
 -86.000   30.000  0.00277 27
 -86.000   31.000  0.00220 21
 -86.000   32.000  0.00269 28
 -86.000   33.000  0.00287 23
 -86.000   34.000  0.00363 28
 -86.000   35.000  0.00277 22
 -86.000   36.000  0.00215 26
 -86.000   37.000  0.00048 24
 -86.000   38.000 -0.00062 25
 -86.000   39.000 -0.00223 26
 -86.000   40.000 -0.00262 25
 -86.000   41.000 -0.00338 27
 -86.000   42.000 -0.00390 22
 -86.000   43.000 -0.00430 23
 -86.000   44.000 -0.00371 17
 -86.000   45.000 -0.00285 23
 -86.000   46.000 -0.00192 19
 -86.000   47.000 -0.00072 24
 -86.000   48.000  0.00020 19
 -86.000   49.000  0.00059 21
 -86.000   50.000  0.00063 14
 -85.000   25.000  0.00309 13
 -85.000   26.000  0.00366 20
 -85.000   27.000  0.00374 21
 -85.000   28.000  0.00444 26
 -85.000   29.000  0.00404 21
 -85.000   30.000  0.00382 26
 -85.000   31.000  0.00327 22
 -85.000   32.000  0.00350 29
 -85.000   33.000  0.00336 25
 -85.000   34.000  0.00357 26
 -85.000   35.000  0.00253 23
 -85.000   36.000  0.00193 21
 -85.000   37.000  0.00054 23
 -85.000   38.000 -0.00036 19
 -85.000   39.000 -0.00168 23
 -85.000   40.000 -0.00201 18
 -85.000   41.000 -0.00257 21
 -85.000   42.000 -0.00275 16
 -85.000   43.000 -0.00285 17
 -85.000   44.000 -0.00202 12
 -85.000   45.000 -0.00109 15
 -85.000   46.000 -0.00029 14
 -85.000   47.000  0.00050 18
 -85.000   48.000  0.00113 17
 -85.000   49.000  0.00125 18
 -85.000   50.000  0.00128 14
 -84.000   25.000  0.00177 15
 -84.000   26.000  0.00237 22
 -84.000   27.000  0.00261 22
 -84.000   28.000  0.00366 28
 -84.000   29.000  0.00380 23
 -84.000   30.000  0.00403 29
 -84.000   31.000  0.00356 24
 -84.000   32.000  0.00350 30
 -84.000   33.000  0.00296 24
 -84.000   34.000  0.00261 27
 -84.000   35.000  0.00163 23
 -84.000   36.000  0.00129 25
 -84.000   37.000  0.00056 25
 -84.000   38.000  0.00007 25
 -84.000   39.000 -0.00087 27
 -84.000   40.000 -0.00134 24
 -84.000   41.000 -0.00177 28
 -84.000   42.000 -0.00182 24
 -84.000   43.000 -0.00170 29
 -84.000   44.000 -0.00080 21
 -84.000   45.000  0.00013 26
 -84.000   46.000  0.00068 20
 -84.000   47.000  0.00113 27
 -84.000   48.000  0.00164 22
 -84.000   49.000  0.00163 23
 -84.000   50.000  0.00180 15
 -83.000   25.000  0.00118 12
 -83.000   26.000  0.00160 20
 -83.000   27.000  0.00196 20
 -83.000   28.000  0.00288 24
 -83.000   29.000  0.00339 21
 -83.000   30.000  0.00417 26
 -83.000   31.000  0.00413 26
 -83.000   32.000  0.00404 28
 -83.000   33.000  0.00326 25
 -83.000   34.000  0.00247 22
 -83.000   35.000  0.00140 22
 -83.000   36.000  0.00099 20
 -83.000   37.000  0.00066 23
 -83.000   38.000  0.00052 19
 -83.000   39.000  0.00023 23
 -83.000   40.000 -0.00017 17
 -83.000   41.000 -0.00035 22
 -83.000   42.000 -0.00065 16
 -83.000   43.000 -0.00046 21
 -83.000   44.000  0.00018 14
 -83.000   45.000  0.00105 18
 -83.000   46.000  0.00124 14
 -83.000   47.000  0.00174 19
 -83.000   48.000  0.00233 17
 -83.000   49.000  0.00231 17
 -83.000   50.000  0.00257 12
 -82.000   25.000  0.00069 13
 -82.000   26.000  0.00110 24
 -82.000   27.000  0.00157 22
 -82.000   28.000  0.00235 29
 -82.000   29.000  0.00291 22
 -82.000   30.000  0.00397 30
 -82.000   31.000  0.00398 24
 -82.000   32.000  0.00362 29
 -82.000   33.000  0.00264 23
 -82.000   34.000  0.00172 26
 -82.000   35.000  0.00089 25
 -82.000   36.000  0.00068 28
 -82.000   37.000  0.00100 29
 -82.000   38.000  0.00109 28
 -82.000   39.000  0.00116 30
 -82.000   40.000  0.00040 27
 -82.000   41.000  0.00021 30
 -82.000   42.000 -0.00050 25
 -82.000   43.000 -0.00026 33
 -82.000   44.000  0.00015 28
 -82.000   45.000  0.00102 34
 -82.000   46.000  0.00085 24
 -82.000   47.000  0.00143 29
 -82.000   48.000  0.00235 22
 -82.000   49.000  0.00241 21
 -82.000   50.000  0.00291 12
 -81.000   25.000 -0.00015 11
 -81.000   26.000  0.00033 20
 -81.000   27.000  0.00113 20
 -81.000   28.000  0.00184 24
 -81.000   29.000  0.00265 21
 -81.000   30.000  0.00396 25
 -81.000   31.000  0.00423 23
 -81.000   32.000  0.00365 24
 -81.000   33.000  0.00270 23
 -81.000   34.000  0.00179 22
 -81.000   35.000  0.00123 24
 -81.000   36.000  0.00103 22
 -81.000   37.000  0.00169 24
 -81.000   38.000  0.00171 19
 -81.000   39.000  0.00193 22
 -81.000   40.000  0.00090 18
 -81.000   41.000  0.00075 20
 -81.000   42.000 -0.00009 14
 -81.000   43.000  0.00044 18
 -81.000   44.000  0.00071 15
 -81.000   45.000  0.00152 19
 -81.000   46.000  0.00080 14
 -81.000   47.000  0.00130 18
 -81.000   48.000  0.00219 15
 -81.000   49.000  0.00220 18
 -81.000   50.000  0.00281 13
 -80.000   25.000 -0.00114 13
 -80.000   26.000 -0.00037 22
 -80.000   27.000  0.00074 20
 -80.000   28.000  0.00168 25
 -80.000   29.000  0.00255 20
 -80.000   30.000  0.00380 28
 -80.000   31.000  0.00386 24
 -80.000   32.000  0.00304 28
 -80.000   33.000  0.00223 26
 -80.000   34.000  0.00181 29
 -80.000   35.000  0.00187 30
 -80.000   36.000  0.00211 29
 -80.000   37.000  0.00312 30
 -80.000   38.000  0.00292 26
 -80.000   39.000  0.00287 29
 -80.000   40.000  0.00149 27
 -80.000   41.000  0.00136 30
 -80.000   42.000  0.00044 24
 -80.000   43.000  0.00116 28
 -80.000   44.000  0.00127 25
 -80.000   45.000  0.00193 32
 -80.000   46.000  0.00064 25
 -80.000   47.000  0.00076 31
 -80.000   48.000  0.00137 23
 -80.000   49.000  0.00131 24
 -80.000   50.000  0.00179 14
 -79.000   25.000 -0.00072 10
 -79.000   26.000  0.00006 18
 -79.000   27.000  0.00133 18
 -79.000   28.000  0.00229 22
 -79.000   29.000  0.00311 19
 -79.000   30.000  0.00390 23
 -79.000   31.000  0.00370 22
 -79.000   32.000  0.00260 23
 -79.000   33.000  0.00198 23
 -79.000   34.000  0.00191 22
 -79.000   35.000  0.00263 24
 -79.000   36.000  0.00330 21
 -79.000   37.000  0.00450 23
 -79.000   38.000  0.00397 17
 -79.000   39.000  0.00380 19
 -79.000   40.000  0.00235 15
 -79.000   41.000  0.00234 19
 -79.000   42.000  0.00151 14
 -79.000   43.000  0.00243 15
 -79.000   44.000  0.00246 12
 -79.000   45.000  0.00288 16
 -79.000   46.000  0.00111 14
 -79.000   47.000  0.00106 17
 -79.000   48.000  0.00161 13
 -79.000   49.000  0.00150 17
 -79.000   50.000  0.00199 13
 -78.000   25.000  0.00051 12
 -78.000   26.000  0.00143 21
 -78.000   27.000  0.00270 19
 -78.000   28.000  0.00386 25
 -78.000   29.000  0.00433 18
 -78.000   30.000  0.00434 24
 -78.000   31.000  0.00343 22
 -78.000   32.000  0.00196 27
 -78.000   33.000  0.00139 27
 -78.000   34.000  0.00163 28
 -78.000   35.000  0.00286 30
 -78.000   36.000  0.00404 29
 -78.000   37.000  0.00534 32
 -78.000   38.000  0.00453 28
 -78.000   39.000  0.00410 32
 -78.000   40.000  0.00266 28
 -78.000   41.000  0.00271 33
 -78.000   42.000  0.00203 26
 -78.000   43.000  0.00308 29
 -78.000   44.000  0.00317 24
 -78.000   45.000  0.00336 31
 -78.000   46.000  0.00129 26
 -78.000   47.000  0.00093 32
 -78.000   48.000  0.00134 24
 -78.000   49.000  0.00109 21
 -78.000   50.000  0.00154 11
 -77.000   25.000  0.00117 11
 -77.000   26.000  0.00227 21
 -77.000   27.000  0.00365 20
 -77.000   28.000  0.00493 25
 -77.000   29.000  0.00524 18
 -77.000   30.000  0.00467 20
 -77.000   31.000  0.00342 17
 -77.000   32.000  0.00166 19
 -77.000   33.000  0.00113 20
 -77.000   34.000  0.00134 20
 -77.000   35.000  0.00272 23
 -77.000   36.000  0.00392 20
 -77.000   37.000  0.00510 23
 -77.000   38.000  0.00415 18
 -77.000   39.000  0.00383 21
 -77.000   40.000  0.00288 16
 -77.000   41.000  0.00321 20
 -77.000   42.000  0.00271 15
 -77.000   43.000  0.00374 17
 -77.000   44.000  0.00389 14
 -77.000   45.000  0.00383 18
 -77.000   46.000  0.00175 15
 -77.000   47.000  0.00153 18
 -77.000   48.000  0.00208 14
 -77.000   49.000  0.00186 17
 -77.000   50.000  0.00238 11
 -76.000   25.000  0.00133 12
 -76.000   26.000  0.00267 21
 -76.000   27.000  0.00403 19
 -76.000   28.000  0.00549 25
 -76.000   29.000  0.00554 18
 -76.000   30.000  0.00465 23
 -76.000   31.000  0.00307 19
 -76.000   32.000  0.00127 23
 -76.000   33.000  0.00079 23
 -76.000   34.000  0.00111 26
 -76.000   35.000  0.00248 29
 -76.000   36.000  0.00377 28
 -76.000   37.000  0.00485 32
 -76.000   38.000  0.00396 29
 -76.000   39.000  0.00379 34
 -76.000   40.000  0.00336 29
 -76.000   41.000  0.00400 34
 -76.000   42.000  0.00348 28
 -76.000   43.000  0.00422 31
 -76.000   44.000  0.00428 25
 -76.000   45.000  0.00409 32
 -76.000   46.000  0.00215 27
 -76.000   47.000  0.00207 34
 -76.000   48.000  0.00261 25
 -76.000   49.000  0.00249 26
 -76.000   50.000  0.00284 14
 -75.000   25.000  0.00222 11
 -75.000   26.000  0.00337 19
 -75.000   27.000  0.00444 19
 -75.000   28.000  0.00559 22
 -75.000   29.000  0.00538 19
 -75.000   30.000  0.00433 22
 -75.000   31.000  0.00283 20
 -75.000   32.000  0.00120 20
 -75.000   33.000  0.00073 19
 -75.000   34.000  0.00099 18
 -75.000   35.000  0.00219 20
 -75.000   36.000  0.00336 17
 -75.000   37.000  0.00427 22
 -75.000   38.000  0.00346 18
 -75.000   39.000  0.00332 23
 -75.000   40.000  0.00311 17
 -75.000   41.000  0.00379 22
 -75.000   42.000  0.00331 17
 -75.000   43.000  0.00388 19
 -75.000   44.000  0.00398 15
 -75.000   45.000  0.00397 19
 -75.000   46.000  0.00255 17
 -75.000   47.000  0.00301 22
 -75.000   48.000  0.00397 17
 -75.000   49.000  0.00423 22
 -75.000   50.000  0.00482 13
 -74.000   25.000  0.00316 10
 -74.000   26.000  0.00407 17
 -74.000   27.000  0.00465 17
 -74.000   28.000  0.00550 23
 -74.000   29.000  0.00501 19
 -74.000   30.000  0.00392 25
 -74.000   31.000  0.00249 21
 -74.000   32.000  0.00121 24
 -74.000   33.000  0.00073 21
 -74.000   34.000  0.00077 22
 -74.000   35.000  0.00157 22
 -74.000   36.000  0.00260 23
 -74.000   37.000  0.00343 28
 -74.000   38.000  0.00289 28
 -74.000   39.000  0.00288 32
 -74.000   40.000  0.00283 28
 -74.000   41.000  0.00350 31
 -74.000   42.000  0.00305 27
 -74.000   43.000  0.00353 28
 -74.000   44.000  0.00367 24
 -74.000   45.000  0.00391 28
 -74.000   46.000  0.00299 25
 -74.000   47.000  0.00366 32
 -74.000   48.000  0.00460 24
 -74.000   49.000  0.00505 27
 -74.000   50.000  0.00566 15
 -73.000   25.000  0.00371 11
 -73.000   26.000  0.00391 19
 -73.000   27.000  0.00393 21
 -73.000   28.000  0.00422 24
 -73.000   29.000  0.00363 21
 -73.000   30.000  0.00289 23
 -73.000   31.000  0.00201 20
 -73.000   32.000  0.00140 21
 -73.000   33.000  0.00097 19
 -73.000   34.000  0.00088 18
 -73.000   35.000  0.00142 17
 -73.000   36.000  0.00238 16
 -73.000   37.000  0.00318 19
 -73.000   38.000  0.00285 18
 -73.000   39.000  0.00279 21
 -73.000   40.000  0.00254 18
 -73.000   41.000  0.00305 20
 -73.000   42.000  0.00273 17
 -73.000   43.000  0.00305 17
 -73.000   44.000  0.00306 15
 -73.000   45.000  0.00349 17
 -73.000   46.000  0.00301 16
 -73.000   47.000  0.00361 23
 -73.000   48.000  0.00449 20
 -73.000   49.000  0.00522 24
 -73.000   50.000  0.00596 13
 -72.000   25.000  0.00432 9
 -72.000   26.000  0.00378 18
 -72.000   27.000  0.00321 20
 -72.000   28.000  0.00280 25
 -72.000   29.000  0.00194 19
 -72.000   30.000  0.00139 23
 -72.000   31.000  0.00089 17
 -72.000   32.000  0.00082 20
 -72.000   33.000  0.00037 17
 -72.000   34.000  0.00039 20
 -72.000   35.000  0.00093 19
 -72.000   36.000  0.00203 20
 -72.000   37.000  0.00295 25
 -72.000   38.000  0.00313 26
 -72.000   39.000  0.00333 30
 -72.000   40.000  0.00311 25
 -72.000   41.000  0.00366 26
 -72.000   42.000  0.00357 22
 -72.000   43.000  0.00386 23
 -72.000   44.000  0.00355 22
 -72.000   45.000  0.00384 24
 -72.000   46.000  0.00328 21
 -72.000   47.000  0.00334 28
 -72.000   48.000  0.00361 23
 -72.000   49.000  0.00425 28
 -72.000   50.000  0.00474 16
 -71.000   25.000  0.00553 11
 -71.000   26.000  0.00419 17
 -71.000   27.000  0.00291 21
 -71.000   28.000  0.00151 23
 -71.000   29.000  0.00011 21
 -71.000   30.000 -0.00039 21
 -71.000   31.000 -0.00057 18
 -71.000   32.000 -0.00007 18
 -71.000   33.000 -0.00032 17
 -71.000   34.000  0.00012 17
 -71.000   35.000  0.00073 18
 -71.000   36.000  0.00186 16
 -71.000   37.000  0.00280 21
 -71.000   38.000  0.00337 18
 -71.000   39.000  0.00362 23
 -71.000   40.000  0.00336 17
 -71.000   41.000  0.00393 20
 -71.000   42.000  0.00401 15
 -71.000   43.000  0.00416 17
 -71.000   44.000  0.00351 15
 -71.000   45.000  0.00350 19
 -71.000   46.000  0.00282 17
 -71.000   47.000  0.00243 24
 -71.000   48.000  0.00247 21
 -71.000   49.000  0.00309 24
 -71.000   50.000  0.00350 13
 -70.000   25.000  0.00596 8
 -70.000   26.000  0.00470 14
 -70.000   27.000  0.00319 15
 -70.000   28.000  0.00108 20
 -70.000   29.000 -0.00085 17
 -70.000   30.000 -0.00197 21
 -70.000   31.000 -0.00256 17
 -70.000   32.000 -0.00230 18
 -70.000   33.000 -0.00227 16
 -70.000   34.000 -0.00138 17
 -70.000   35.000 -0.00058 18
 -70.000   36.000  0.00060 17
 -70.000   37.000  0.00180 23
 -70.000   38.000  0.00308 22
 -70.000   39.000  0.00389 27
 -70.000   40.000  0.00410 22
 -70.000   41.000  0.00500 24
 -70.000   42.000  0.00535 20
 -70.000   43.000  0.00556 22
 -70.000   44.000  0.00471 22
 -70.000   45.000  0.00439 24
 -70.000   46.000  0.00337 21
 -70.000   47.000  0.00260 24
 -70.000   48.000  0.00222 21
 -70.000   49.000  0.00252 24
 -70.000   50.000  0.00254 15
 -69.000   25.000  0.00552 11
 -69.000   26.000  0.00450 14
 -69.000   27.000  0.00296 16
 -69.000   28.000  0.00026 18
 -69.000   29.000 -0.00195 18
 -69.000   30.000 -0.00344 19
 -69.000   31.000 -0.00422 19
 -69.000   32.000 -0.00408 17
 -69.000   33.000 -0.00355 18
 -69.000   34.000 -0.00211 16
 -69.000   35.000 -0.00126 19
 -69.000   36.000 -0.00020 16
 -69.000   37.000  0.00112 20
 -69.000   38.000  0.00276 16
 -69.000   39.000  0.00370 19
 -69.000   40.000  0.00413 15
 -69.000   41.000  0.00508 18
 -69.000   42.000  0.00540 15
 -69.000   43.000  0.00539 16
 -69.000   44.000  0.00453 15
 -69.000   45.000  0.00409 17
 -69.000   46.000  0.00309 16
 -69.000   47.000  0.00232 17
 -69.000   48.000  0.00218 18
 -69.000   49.000  0.00239 18
 -69.000   50.000  0.00226 13
 -68.000   25.000  0.00286 7
 -68.000   26.000  0.00247 11
 -68.000   27.000  0.00175 12
 -68.000   28.000 -0.00071 14
 -68.000   29.000 -0.00211 12
 -68.000   30.000 -0.00382 15
 -68.000   31.000 -0.00451 14
 -68.000   32.000 -0.00496 14
 -68.000   33.000 -0.00433 14
 -68.000   34.000 -0.00302 14
 -68.000   35.000 -0.00233 17
 -68.000   36.000 -0.00158 15
 -68.000   37.000 -0.00011 19
 -68.000   38.000  0.00202 17
 -68.000   39.000  0.00339 19
 -68.000   40.000  0.00432 17
 -68.000   41.000  0.00553 17
 -68.000   42.000  0.00610 17
 -68.000   43.000  0.00626 15
 -68.000   44.000  0.00575 16
 -68.000   45.000  0.00538 16
 -68.000   46.000  0.00440 15
 -68.000   47.000  0.00352 17
 -68.000   48.000  0.00327 16
 -68.000   49.000  0.00318 18
 -68.000   50.000  0.00283 12
 -67.000   25.000  0.00090 6
 -67.000   26.000  0.00097 8
 -67.000   27.000  0.00078 10
 -67.000   28.000 -0.00122 11
 -67.000   29.000 -0.00147 10
 -67.000   30.000 -0.00261 11
 -67.000   31.000 -0.00275 10
 -67.000   32.000 -0.00299 10
 -67.000   33.000 -0.00220 10
 -67.000   34.000 -0.00143 10
 -67.000   35.000 -0.00157 12
 -67.000   36.000 -0.00133 11
 -67.000   37.000  0.00017 13
 -67.000   38.000  0.00220 11
 -67.000   39.000  0.00329 11
 -67.000   40.000  0.00426 10
 -67.000   41.000  0.00523 9
 -67.000   42.000  0.00559 10
 -67.000   43.000  0.00579 7
 -67.000   44.000  0.00611 7
 -67.000   45.000  0.00622 8
 -67.000   46.000  0.00569 8
 -67.000   47.000  0.00476 12
 -67.000   48.000  0.00473 11
 -67.000   49.000  0.00450 12
 -67.000   50.000  0.00423 7
 -66.000   25.000 -0.00009 1
 -66.000   26.000  0.00048 4
 -66.000   27.000  0.00070 5
 -66.000   28.000 -0.00105 8
 -66.000   29.000 -0.00081 5
 -66.000   30.000 -0.00219 8
 -66.000   31.000 -0.00248 5
 -66.000   32.000 -0.00308 7
 -66.000   33.000 -0.00220 6
 -66.000   34.000 -0.00165 7
 -66.000   35.000 -0.00197 8
 -66.000   36.000 -0.00182 7
 -66.000   37.000 -0.00011 8
 -66.000   38.000  0.00203 8
 -66.000   39.000  0.00322 8
 -66.000   40.000  0.00432 10
 -66.000   41.000  0.00528 8
 -66.000   42.000  0.00565 11
 -66.000   43.000  0.00596 6
 -66.000   44.000  0.00672 7
 -66.000   45.000  0.00720 7
 -66.000   46.000  0.00697 7
 -66.000   47.000  0.00616 11
 -66.000   48.000  0.00620 7
 -66.000   49.000  0.00588 10
 -66.000   50.000  0.00555 4
 -65.000   25.000 -0.00177 0
 -65.000   26.000 -0.00142 2
 -65.000   27.000 -0.00083 3
 -65.000   28.000 -0.00226 6
 -65.000   29.000 -0.00086 5
 -65.000   30.000 -0.00141 6
 -65.000   31.000 -0.00076 4
 -65.000   32.000 -0.00089 4
 -65.000   33.000 -0.00000 4
 -65.000   34.000 -0.00014 4
 -65.000   35.000 -0.00117 4
 -65.000   36.000 -0.00140 3
 -65.000   37.000  0.00024 3
 -65.000   38.000  0.00214 3
 -65.000   39.000  0.00302 3
 -65.000   40.000  0.00400 4
 -65.000   41.000  0.00473 4
 -65.000   42.000  0.00494 6
 -65.000   43.000  0.00517 4
 -65.000   44.000  0.00647 5
 -65.000   45.000  0.00728 4
 -65.000   46.000  0.00739 5
 -65.000   47.000  0.00651 5
 -65.000   48.000  0.00679 4
 -65.000   49.000  0.00647 4
 -65.000   50.000  0.00637 2
