-130.000   25.000  0.01018 6
-130.000   26.000  0.00684 6
-130.000   27.000  0.00517 10
-130.000   28.000  0.00184 8
-130.000   29.000  0.00016 11
-130.000   30.000  0.00117 9
-130.000   31.000  0.00319 12
-130.000   32.000  0.00374 10
-130.000   33.000  0.00385 13
-130.000   34.000  0.00343 12
-130.000   35.000  0.00258 14
-130.000   36.000  0.00145 13
-130.000   37.000  0.00189 13
-130.000   38.000  0.00315 12
-130.000   39.000  0.00482 13
-130.000   40.000  0.00567 13
-130.000   41.000  0.00621 13
-130.000   42.000  0.00421 12
-130.000   43.000  0.00171 12
-130.000   44.000 -0.00064 13
-130.000   45.000 -0.00198 13
-130.000   46.000 -0.00215 14
-130.000   47.000 -0.00103 11
-130.000   48.000  0.00145 14
-130.000   49.000  0.00245 10
-130.000   50.000  0.00310 12
-129.000   25.000  0.00904 11
-129.000   26.000  0.00574 13
-129.000   27.000  0.00418 18
-129.000   28.000  0.00105 17
-129.000   29.000 -0.00031 19
-129.000   30.000  0.00093 16
-129.000   31.000  0.00311 19
-129.000   32.000  0.00362 15
-129.000   33.000  0.00362 18
-129.000   34.000  0.00284 15
-129.000   35.000  0.00151 18
-129.000   36.000 -0.00008 15
-129.000   37.000  0.00008 19
-129.000   38.000  0.00111 16
-129.000   39.000  0.00263 21
-129.000   40.000  0.00374 17
-129.000   41.000  0.00460 22
-129.000   42.000  0.00319 17
-129.000   43.000  0.00098 22
-129.000   44.000 -0.00100 16
-129.000   45.000 -0.00240 20
-129.000   46.000 -0.00256 17
-129.000   47.000 -0.00167 19
-129.000   48.000  0.00066 18
-129.000   49.000  0.00156 15
-129.000   50.000  0.00231 12
-128.000   25.000  0.00880 15
-128.000   26.000  0.00602 14
-128.000   27.000  0.00447 21
-128.000   28.000  0.00178 15
-128.000   29.000  0.00046 19
-128.000   30.000  0.00147 12
-128.000   31.000  0.00323 16
-128.000   32.000  0.00350 11
-128.000   33.000  0.00333 15
-128.000   34.000  0.00236 12
-128.000   35.000  0.00087 14
-128.000   36.000 -0.00087 12
-128.000   37.000 -0.00081 14
-128.000   38.000  0.00011 14
-128.000   39.000  0.00149 16
-128.000   40.000  0.00269 16
-128.000   41.000  0.00367 16
-128.000   42.000  0.00268 14
-128.000   43.000  0.00069 14
-128.000   44.000 -0.00107 14
-128.000   45.000 -0.00249 14
-128.000   46.000 -0.00266 17
-128.000   47.000 -0.00193 15
-128.000   48.000  0.00023 20
-128.000   49.000  0.00105 14
-128.000   50.000  0.00180 16
-127.000   25.000  0.00855 18
-127.000   26.000  0.00604 17
-127.000   27.000  0.00459 22
-127.000   28.000  0.00221 18
-127.000   29.000  0.00110 22
-127.000   30.000  0.00222 17
-127.000   31.000  0.00379 22
-127.000   32.000  0.00369 17
-127.000   33.000  0.00306 21
-127.000   34.000  0.00132 15
-127.000   35.000 -0.00096 18
-127.000   36.000 -0.00331 14
-127.000   37.000 -0.00346 20
-127.000   38.000 -0.00260 17
-127.000   39.000 -0.00114 20
-127.000   40.000  0.00047 16
-127.000   41.000  0.00173 21
-127.000   42.000  0.00133 18
-127.000   43.000 -0.00035 22
-127.000   44.000 -0.00160 17
-127.000   45.000 -0.00305 21
-127.000   46.000 -0.00314 19
-127.000   47.000 -0.00269 22
-127.000   48.000 -0.00104 22
-127.000   49.000 -0.00055 19
-127.000   50.000  0.00014 15
-126.000   25.000  0.00931 19
-126.000   26.000  0.00725 16
-126.000   27.000  0.00585 22
-126.000   28.000  0.00379 15
-126.000   29.000  0.00243 21
-126.000   30.000  0.00295 15
-126.000   31.000  0.00376 21
-126.000   32.000  0.00290 14
-126.000   33.000  0.00187 19
-126.000   34.000 -0.00043 12
-126.000   35.000 -0.00277 16
-126.000   36.000 -0.00526 12
-126.000   37.000 -0.00513 17
-126.000   38.000 -0.00422 15
-126.000   39.000 -0.00245 16
-126.000   40.000 -0.00065 15
-126.000   41.000  0.00085 16
-126.000   42.000  0.00089 15
-126.000   43.000 -0.00036 14
-126.000   44.000 -0.00130 15
-126.000   45.000 -0.00265 16
-126.000   46.000 -0.00264 18
-126.000   47.000 -0.00223 17
-126.000   48.000 -0.00092 20
-126.000   49.000 -0.00053 15
-126.000   50.000  0.00020 15
-125.000   25.000  0.01026 17
-125.000   26.000  0.00831 17
-125.000   27.000  0.00687 19
-125.000   28.000  0.00451 17
-125.000   29.000  0.00286 20
-125.000   30.000  0.00270 18
-125.000   31.000  0.00312 21
-125.000   32.000  0.00189 18
-125.000   33.000  0.00100 20
-125.000   34.000 -0.00168 17
-125.000   35.000 -0.00371 19
-125.000   36.000 -0.00638 18
-125.000   37.000 -0.00584 21
-125.000   38.000 -0.00512 18
-125.000   39.000 -0.00307 17
-125.000   40.000 -0.00152 15
-125.000   41.000  0.00009 19
-125.000   42.000  0.00032 19
-125.000   43.000 -0.00018 21
-125.000   44.000 -0.00055 19
-125.000   45.000 -0.00149 22
-125.000   46.000 -0.00138 20
-125.000   47.000 -0.00143 22
-125.000   48.000 -0.00094 20
-125.000   49.000 -0.00098 19
-125.000   50.000 -0.00052 14
-124.000   25.000  0.01095 18
-124.000   26.000  0.00897 20
-124.000   27.000  0.00737 24
-124.000   28.000  0.00464 21
-124.000   29.000  0.00267 23
-124.000   30.000  0.00208 18
-124.000   31.000  0.00235 21
-124.000   32.000  0.00106 16
-124.000   33.000  0.00040 19
-124.000   34.000 -0.00245 15
-124.000   35.000 -0.00412 18
-124.000   36.000 -0.00650 16
-124.000   37.000 -0.00541 18
-124.000   38.000 -0.00462 15
-124.000   39.000 -0.00238 15
-124.000   40.000 -0.00085 14
-124.000   41.000  0.00098 15
-124.000   42.000  0.00147 14
-124.000   43.000  0.00146 14
-124.000   44.000  0.00152 15
-124.000   45.000  0.00055 16
-124.000   46.000  0.00017 17
-124.000   47.000 -0.00060 16
-124.000   48.000 -0.00054 19
-124.000   49.000 -0.00090 16
-124.000   50.000 -0.00044 16
-123.000   25.000  0.00941 15
-123.000   26.000  0.00701 18
-123.000   27.000  0.00524 18
-123.000   28.000  0.00198 19
-123.000   29.000  0.00007 18
-123.000   30.000 -0.00009 18
-123.000   31.000  0.00095 18
-123.000   32.000  0.00050 19
-123.000   33.000  0.00049 18
-123.000   34.000 -0.00224 19
-123.000   35.000 -0.00391 19
-123.000   36.000 -0.00623 19
-123.000   37.000 -0.00508 18
-123.000   38.000 -0.00442 16
-123.000   39.000 -0.00223 16
-123.000   40.000 -0.00068 16
-123.000   41.000  0.00125 17
-123.000   42.000  0.00193 16
-123.000   43.000  0.00232 17
-123.000   44.000  0.00274 17
-123.000   45.000  0.00174 20
-123.000   46.000  0.00085 18
-123.000   47.000 -0.00058 19
-123.000   48.000 -0.00082 17
-123.000   49.000 -0.00148 18
-123.000   50.000 -0.00093 14
-122.000   25.000  0.00728 18
-122.000   26.000  0.00474 21
-122.000   27.000  0.00286 23
-122.000   28.000 -0.00062 23
-122.000   29.000 -0.00239 24
-122.000   30.000 -0.00225 21
-122.000   31.000 -0.00069 23
-122.000   32.000 -0.00032 19
-122.000   33.000  0.00047 22
-122.000   34.000 -0.00142 18
-122.000   35.000 -0.00263 21
-122.000   36.000 -0.00459 16
-122.000   37.000 -0.00377 18
-122.000   38.000 -0.00353 14
-122.000   39.000 -0.00198 17
-122.000   40.000 -0.00006 16
-122.000   41.000  0.00228 17
-122.000   42.000  0.00383 15
-122.000   43.000  0.00449 14
-122.000   44.000  0.00507 15
-122.000   45.000  0.00321 16
-122.000   46.000  0.00156 16
-122.000   47.000 -0.00063 16
-122.000   48.000 -0.00060 19
-122.000   49.000 -0.00124 18
-122.000   50.000 -0.00011 16
-121.000   25.000  0.00427 15
-121.000   26.000  0.00212 18
-121.000   27.000  0.00018 17
-121.000   28.000 -0.00301 19
-121.000   29.000 -0.00466 18
-121.000   30.000 -0.00420 19
-121.000   31.000 -0.00240 18
-121.000   32.000 -0.00080 19
-121.000   33.000  0.00093 19
-121.000   34.000  0.00042 20
-121.000   35.000 -0.00037 19
-121.000   36.000 -0.00200 16
-121.000   37.000 -0.00220 16
-121.000   38.000 -0.00281 15
-121.000   39.000 -0.00251 18
-121.000   40.000 -0.00062 17
-121.000   41.000  0.00151 18
-121.000   42.000  0.00357 15
-121.000   43.000  0.00433 15
-121.000   44.000  0.00499 15
-121.000   45.000  0.00275 19
-121.000   46.000  0.00101 17
-121.000   47.000 -0.00105 19
-121.000   48.000 -0.00035 16
-121.000   49.000 -0.00057 19
-121.000   50.000  0.00105 13
-120.000   25.000  0.00042 18
-120.000   26.000 -0.00053 21
-120.000   27.000 -0.00203 22
-120.000   28.000 -0.00411 23
-120.000   29.000 -0.00546 23
-120.000   30.000 -0.00494 22
-120.000   31.000 -0.00375 23
-120.000   32.000 -0.00174 20
-120.000   33.000  0.00038 23
-120.000   34.000  0.00114 19
-120.000   35.000  0.00103 22
-120.000   36.000  0.00023 16
-120.000   37.000 -0.00055 19
-120.000   38.000 -0.00166 15
-120.000   39.000 -0.00239 19
-120.000   40.000 -0.00039 15
-120.000   41.000  0.00147 17
-120.000   42.000  0.00404 14
-120.000   43.000  0.00476 15
-120.000   44.000  0.00554 15
-120.000   45.000  0.00284 17
-120.000   46.000  0.00117 17
-120.000   47.000 -0.00067 17
-120.000   48.000  0.00087 21
-120.000   49.000  0.00106 21
-120.000   50.000  0.00329 19
-119.000   25.000 -0.00228 16
-119.000   26.000 -0.00189 20
-119.000   27.000 -0.00289 19
-119.000   28.000 -0.00377 21
-119.000   29.000 -0.00496 18
-119.000   30.000 -0.00443 20
-119.000   31.000 -0.00406 18
-119.000   32.000 -0.00181 20
-119.000   33.000  0.00049 19
-119.000   34.000  0.00225 20
-119.000   35.000  0.00240 19
-119.000   36.000  0.00197 17
-119.000   37.000  0.00057 16
-119.000   38.000 -0.00102 15
-119.000   39.000 -0.00249 18
-119.000   40.000 -0.00058 15
-119.000   41.000  0.00085 16
-119.000   42.000  0.00328 12
-119.000   43.000  0.00392 15
-119.000   44.000  0.00476 13
-119.000   45.000  0.00232 18
-119.000   46.000  0.00124 16
-119.000   47.000  0.00023 19
-119.000   48.000  0.00236 17
-119.000   49.000  0.00294 20
-119.000   50.000  0.00532 15
-118.000   25.000 -0.00311 19
-118.000   26.000 -0.00191 23
-118.000   27.000 -0.00237 24
-118.000   28.000 -0.00256 25
-118.000   29.000 -0.00371 23
-118.000   30.000 -0.00387 24
-118.000   31.000 -0.00456 23
-118.000   32.000 -0.00311 22
-118.000   33.000 -0.00114 23
-118.000   34.000  0.00097 20
-118.000   35.000  0.00174 23
-118.000   36.000  0.00193 18
-118.000   37.000  0.00083 21
-118.000   38.000 -0.00054 16
-118.000   39.000 -0.00175 20
-118.000   40.000  0.00024 15
-118.000   41.000  0.00195 17
-118.000   42.000  0.00465 14
-118.000   43.000  0.00559 17
-118.000   44.000  0.00639 15
-118.000   45.000  0.00399 17
-118.000   46.000  0.00303 16
-118.000   47.000  0.00217 17
-118.000   48.000  0.00429 20
-118.000   49.000  0.00495 20
-118.000   50.000  0.00746 19
-117.000   25.000 -0.00218 17
-117.000   26.000 -0.00092 22
-117.000   27.000 -0.00133 22
-117.000   28.000 -0.00146 24
-117.000   29.000 -0.00281 20
-117.000   30.000 -0.00345 22
-117.000   31.000 -0.00461 19
-117.000   32.000 -0.00351 21
-117.000   33.000 -0.00184 20
-117.000   34.000  0.00041 21
-117.000   35.000  0.00157 21
-117.000   36.000  0.00230 19
-117.000   37.000  0.00163 18
-117.000   38.000  0.00049 17
-117.000   39.000 -0.00059 17
-117.000   40.000  0.00088 16
-117.000   41.000  0.00256 15
-117.000   42.000  0.00534 14
-117.000   43.000  0.00708 15
-117.000   44.000  0.00823 12
-117.000   45.000  0.00684 14
-117.000   46.000  0.00584 12
-117.000   47.000  0.00486 17
-117.000   48.000  0.00593 18
-117.000   49.000  0.00630 21
-117.000   50.000  0.00804 16
-116.000   25.000 -0.00081 19
-116.000   26.000  0.00009 23
-116.000   27.000 -0.00008 25
-116.000   28.000 -0.00035 26
-116.000   29.000 -0.00154 23
-116.000   30.000 -0.00274 24
-116.000   31.000 -0.00412 23
-116.000   32.000 -0.00389 24
-116.000   33.000 -0.00290 24
-116.000   34.000 -0.00114 22
-116.000   35.000  0.00022 25
-116.000   36.000  0.00145 20
-116.000   37.000  0.00159 23
-116.000   38.000  0.00118 18
-116.000   39.000  0.00070 21
-116.000   40.000  0.00182 17
-116.000   41.000  0.00353 17
-116.000   42.000  0.00651 15
-116.000   43.000  0.00890 17
-116.000   44.000  0.01038 16
-116.000   45.000  0.00967 16
-116.000   46.000  0.00857 15
-116.000   47.000  0.00695 16
-116.000   48.000  0.00678 22
-116.000   49.000  0.00653 21
-116.000   50.000  0.00770 20
-115.000   25.000  0.00030 17
-115.000   26.000  0.00076 22
-115.000   27.000  0.00053 23
-115.000   28.000  0.00028 25
-115.000   29.000 -0.00081 22
-115.000   30.000 -0.00198 24
-115.000   31.000 -0.00312 22
-115.000   32.000 -0.00302 24
-115.000   33.000 -0.00224 22
-115.000   34.000 -0.00067 22
-115.000   35.000  0.00074 22
-115.000   36.000  0.00216 22
-115.000   37.000  0.00262 20
-115.000   38.000  0.00229 19
-115.000   39.000  0.00166 16
-115.000   40.000  0.00211 17
-115.000   41.000  0.00350 13
-115.000   42.000  0.00684 13
-115.000   43.000  0.01009 13
-115.000   44.000  0.01239 13
-115.000   45.000  0.01259 13
-115.000   46.000  0.01144 13
-115.000   47.000  0.00900 17
-115.000   48.000  0.00725 22
-115.000   49.000  0.00605 22
-115.000   50.000  0.00632 17
-114.000   25.000  0.00140 19
-114.000   26.000  0.00126 23
-114.000   27.000  0.00100 24
-114.000   28.000  0.00057 25
-114.000   29.000 -0.00041 23
-114.000   30.000 -0.00171 25
-114.000   31.000 -0.00245 23
-114.000   32.000 -0.00260 25
-114.000   33.000 -0.00203 24
-114.000   34.000 -0.00075 24
-114.000   35.000  0.00069 24
-114.000   36.000  0.00199 23
-114.000   37.000  0.00249 24
-114.000   38.000  0.00230 21
-114.000   39.000  0.00172 22
-114.000   40.000  0.00172 19
-114.000   41.000  0.00291 19
-114.000   42.000  0.00669 15
-114.000   43.000  0.01060 17
-114.000   44.000  0.01317 16
-114.000   45.000  0.01354 17
-114.000   46.000  0.01240 18
-114.000   47.000  0.00942 18
-114.000   48.000  0.00666 23
-114.000   49.000  0.00489 20
-114.000   50.000  0.00514 18
-113.000   25.000  0.00156 16
-113.000   26.000  0.00123 21
-113.000   27.000  0.00087 23
-113.000   28.000  0.00049 25
-113.000   29.000 -0.00064 24
-113.000   30.000 -0.00174 26
-113.000   31.000 -0.00220 24
-113.000   32.000 -0.00214 25
-113.000   33.000 -0.00143 23
-113.000   34.000  0.00004 24
-113.000   35.000  0.00153 21
-113.000   36.000  0.00289 24
-113.000   37.000  0.00337 21
-113.000   38.000  0.00303 23
-113.000   39.000  0.00189 17
-113.000   40.000  0.00111 18
-113.000   41.000  0.00157 14
-113.000   42.000  0.00535 13
-113.000   43.000  0.00977 12
-113.000   44.000  0.01289 12
-113.000   45.000  0.01393 13
-113.000   46.000  0.01304 14
-113.000   47.000  0.00973 15
-113.000   48.000  0.00587 19
-113.000   49.000  0.00362 19
-113.000   50.000  0.00346 15
-112.000   25.000  0.00027 17
-112.000   26.000  0.00018 21
-112.000   27.000  0.00005 23
-112.000   28.000 -0.00005 25
-112.000   29.000 -0.00105 23
-112.000   30.000 -0.00189 25
-112.000   31.000 -0.00227 23
-112.000   32.000 -0.00219 25
-112.000   33.000 -0.00134 24
-112.000   34.000 -0.00006 26
-112.000   35.000  0.00107 24
-112.000   36.000  0.00199 24
-112.000   37.000  0.00229 24
-112.000   38.000  0.00176 25
-112.000   39.000  0.00058 24
-112.000   40.000 -0.00040 22
-112.000   41.000 -0.00021 22
-112.000   42.000  0.00326 19
-112.000   43.000  0.00762 18
-112.000   44.000  0.01076 16
-112.000   45.000  0.01199 17
-112.000   46.000  0.01155 18
-112.000   47.000  0.00847 16
-112.000   48.000  0.00472 21
-112.000   49.000  0.00254 19
-112.000   50.000  0.00266 17
-111.000   25.000 -0.00173 16
-111.000   26.000 -0.00171 20
-111.000   27.000 -0.00183 24
-111.000   28.000 -0.00179 26
-111.000   29.000 -0.00264 27
-111.000   30.000 -0.00287 26
-111.000   31.000 -0.00298 26
-111.000   32.000 -0.00263 26
-111.000   33.000 -0.00161 26
-111.000   34.000 -0.00062 26
-111.000   35.000  0.00018 22
-111.000   36.000  0.00066 22
-111.000   37.000  0.00102 19
-111.000   38.000  0.00051 23
-111.000   39.000 -0.00022 19
-111.000   40.000 -0.00098 20
-111.000   41.000 -0.00037 16
-111.000   42.000  0.00294 16
-111.000   43.000  0.00739 13
-111.000   44.000  0.01035 13
-111.000   45.000  0.01172 13
-111.000   46.000  0.01115 16
-111.000   47.000  0.00792 15
-111.000   48.000  0.00382 20
-111.000   49.000  0.00159 18
-111.000   50.000  0.00147 15
-110.000   25.000 -0.00328 18
-110.000   26.000 -0.00336 21
-110.000   27.000 -0.00352 22
-110.000   28.000 -0.00362 24
-110.000   29.000 -0.00428 23
-110.000   30.000 -0.00436 24
-110.000   31.000 -0.00439 22
-110.000   32.000 -0.00411 24
-110.000   33.000 -0.00336 23
-110.000   34.000 -0.00289 25
-110.000   35.000 -0.00244 23
-110.000   36.000 -0.00229 24
-110.000   37.000 -0.00189 23
-110.000   38.000 -0.00196 25
-110.000   39.000 -0.00174 23
-110.000   40.000 -0.00179 23
-110.000   41.000 -0.00031 21
-110.000   42.000  0.00290 20
-110.000   43.000  0.00711 17
-110.000   44.000  0.00930 17
-110.000   45.000  0.01033 17
-110.000   46.000  0.00945 20
-110.000   47.000  0.00649 18
-110.000   48.000  0.00304 22
-110.000   49.000  0.00131 18
-110.000   50.000  0.00135 15
-109.000   25.000 -0.00263 21
-109.000   26.000 -0.00341 22
-109.000   27.000 -0.00433 25
-109.000   28.000 -0.00503 24
-109.000   29.000 -0.00621 26
-109.000   30.000 -0.00608 24
-109.000   31.000 -0.00584 24
-109.000   32.000 -0.00486 23
-109.000   33.000 -0.00422 23
-109.000   34.000 -0.00385 23
-109.000   35.000 -0.00366 20
-109.000   36.000 -0.00365 21
-109.000   37.000 -0.00333 18
-109.000   38.000 -0.00287 21
-109.000   39.000 -0.00187 17
-109.000   40.000 -0.00126 20
-109.000   41.000  0.00092 16
-109.000   42.000  0.00399 16
-109.000   43.000  0.00775 12
-109.000   44.000  0.00913 13
-109.000   45.000  0.01009 12
-109.000   46.000  0.00880 16
-109.000   47.000  0.00586 14
-109.000   48.000  0.00256 19
-109.000   49.000  0.00119 14
-109.000   50.000  0.00067 13
-108.000   25.000 -0.00047 19
-108.000   26.000 -0.00199 21
-108.000   27.000 -0.00369 21
-108.000   28.000 -0.00508 21
-108.000   29.000 -0.00686 20
-108.000   30.000 -0.00686 22
-108.000   31.000 -0.00652 20
-108.000   32.000 -0.00498 22
-108.000   33.000 -0.00457 20
-108.000   34.000 -0.00425 23
-108.000   35.000 -0.00457 21
-108.000   36.000 -0.00479 25
-108.000   37.000 -0.00496 22
-108.000   38.000 -0.00416 24
-108.000   39.000 -0.00270 18
-108.000   40.000 -0.00120 22
-108.000   41.000  0.00163 18
-108.000   42.000  0.00452 21
-108.000   43.000  0.00741 16
-108.000   44.000  0.00791 19
-108.000   45.000  0.00837 16
-108.000   46.000  0.00659 18
-108.000   47.000  0.00400 15
-108.000   48.000  0.00148 18
-108.000   49.000  0.00060 14
-108.000   50.000 -0.00028 13
-107.000   25.000  0.00358 23
-107.000   26.000  0.00142 24
-107.000   27.000 -0.00125 27
-107.000   28.000 -0.00325 23
-107.000   29.000 -0.00621 24
-107.000   30.000 -0.00638 22
-107.000   31.000 -0.00630 23
-107.000   32.000 -0.00401 22
-107.000   33.000 -0.00370 23
-107.000   34.000 -0.00281 23
-107.000   35.000 -0.00325 21
-107.000   36.000 -0.00330 21
-107.000   37.000 -0.00410 17
-107.000   38.000 -0.00330 19
-107.000   39.000 -0.00211 14
-107.000   40.000 -0.00038 19
-107.000   41.000  0.00257 15
-107.000   42.000  0.00513 18
-107.000   43.000  0.00715 13
-107.000   44.000  0.00680 16
-107.000   45.000  0.00667 12
-107.000   46.000  0.00439 15
-107.000   47.000  0.00213 11
-107.000   48.000 -0.00001 17
-107.000   49.000 -0.00046 12
-107.000   50.000 -0.00154 13
-106.000   25.000  0.00740 18
-106.000   26.000  0.00531 20
-106.000   27.000  0.00219 22
-106.000   28.000 -0.00002 20
-106.000   29.000 -0.00393 21
-106.000   30.000 -0.00479 22
-106.000   31.000 -0.00556 22
-106.000   32.000 -0.00333 24
-106.000   33.000 -0.00325 23
-106.000   34.000 -0.00172 26
-106.000   35.000 -0.00203 23
-106.000   36.000 -0.00156 26
-106.000   37.000 -0.00270 21
-106.000   38.000 -0.00202 24
-106.000   39.000 -0.00166 18
-106.000   40.000 -0.00019 23
-106.000   41.000  0.00223 18
-106.000   42.000  0.00430 23
-106.000   43.000  0.00548 18
-106.000   44.000  0.00475 22
-106.000   45.000  0.00408 17
-106.000   46.000  0.00142 19
-106.000   47.000 -0.00051 15
-106.000   48.000 -0.00206 19
-106.000   49.000 -0.00221 16
-106.000   50.000 -0.00323 15
-105.000   25.000  0.01023 22
-105.000   26.000  0.00837 23
-105.000   27.000  0.00499 28
-105.000   28.000  0.00281 24
-105.000   29.000 -0.00184 27
-105.000   30.000 -0.00303 24
-105.000   31.000 -0.00432 26
-105.000   32.000 -0.00192 23
-105.000   33.000 -0.00160 25
-105.000   34.000  0.00083 24
-105.000   35.000  0.00080 23
-105.000   36.000  0.00173 23
-105.000   37.000  0.00033 20
-105.000   38.000  0.00054 23
-105.000   39.000 -0.00018 19
-105.000   40.000  0.00042 23
-105.000   41.000  0.00193 18
-105.000   42.000  0.00324 20
-105.000   43.000  0.00384 15
-105.000   44.000  0.00256 19
-105.000   45.000  0.00138 14
-105.000   46.000 -0.00147 18
-105.000   47.000 -0.00297 12
-105.000   48.000 -0.00427 20
-105.000   49.000 -0.00402 14
-105.000   50.000 -0.00444 15
-104.000   25.000  0.00941 18
-104.000   26.000  0.00842 18
-104.000   27.000  0.00571 22
-104.000   28.000  0.00411 20
-104.000   29.000 -0.00005 24
-104.000   30.000 -0.00147 24
-104.000   31.000 -0.00331 25
-104.000   32.000 -0.00163 24
-104.000   33.000 -0.00125 24
-104.000   34.000  0.00137 25
-104.000   35.000  0.00143 23
-104.000   36.000  0.00267 25
-104.000   37.000  0.00141 22
-104.000   38.000  0.00136 26
-104.000   39.000 -0.00000 23
-104.000   40.000  0.00021 26
-104.000   41.000  0.00111 22
-104.000   42.000  0.00201 22
-104.000   43.000  0.00230 19
-104.000   44.000  0.00104 20
-104.000   45.000 -0.00037 18
-104.000   46.000 -0.00307 19
-104.000   47.000 -0.00427 17
-104.000   48.000 -0.00531 20
-104.000   49.000 -0.00492 19
-104.000   50.000 -0.00495 17
-103.000   25.000  0.00694 22
-103.000   26.000  0.00680 22
-103.000   27.000  0.00487 28
-103.000   28.000  0.00408 24
-103.000   29.000  0.00072 27
-103.000   30.000 -0.00048 24
-103.000   31.000 -0.00241 27
-103.000   32.000 -0.00134 23
-103.000   33.000 -0.00078 25
-103.000   34.000  0.00177 23
-103.000   35.000  0.00199 24
-103.000   36.000  0.00327 24
-103.000   37.000  0.00231 23
-103.000   38.000  0.00216 25
-103.000   39.000  0.00075 23
-103.000   40.000  0.00067 24
-103.000   41.000  0.00108 20
-103.000   42.000  0.00139 19
-103.000   43.000  0.00128 16
-103.000   44.000 -0.00055 18
-103.000   45.000 -0.00225 15
-103.000   46.000 -0.00446 18
-103.000   47.000 -0.00478 14
-103.000   48.000 -0.00518 19
-103.000   49.000 -0.00424 15
-103.000   50.000 -0.00331 15
-102.000   25.000  0.00363 19
-102.000   26.000  0.00425 17
-102.000   27.000  0.00324 24
-102.000   28.000  0.00342 20
-102.000   29.000  0.00134 22
-102.000   30.000  0.00038 21
-102.000   31.000 -0.00152 22
-102.000   32.000 -0.00135 23
-102.000   33.000 -0.00136 22
-102.000   34.000  0.00019 24
-102.000   35.000 -0.00005 23
-102.000   36.000  0.00110 25
-102.000   37.000  0.00070 23
-102.000   38.000  0.00121 25
-102.000   39.000  0.00050 23
-102.000   40.000  0.00089 23
-102.000   41.000  0.00100 21
-102.000   42.000  0.00097 19
-102.000   43.000  0.00059 19
-102.000   44.000 -0.00129 17
-102.000   45.000 -0.00276 19
-102.000   46.000 -0.00422 18
-102.000   47.000 -0.00403 20
-102.000   48.000 -0.00408 19
-102.000   49.000 -0.00300 21
-102.000   50.000 -0.00197 16
-101.000   25.000  0.00023 23
-101.000   26.000  0.00120 20
-101.000   27.000  0.00071 29
-101.000   28.000  0.00145 22
-101.000   29.000  0.00026 25
-101.000   30.000 -0.00014 21
-101.000   31.000 -0.00148 24
-101.000   32.000 -0.00143 24
-101.000   33.000 -0.00150 24
-101.000   34.000 -0.00049 25
-101.000   35.000 -0.00102 25
-101.000   36.000 -0.00013 26
-101.000   37.000 -0.00020 25
-101.000   38.000  0.00077 26
-101.000   39.000  0.00077 24
-101.000   40.000  0.00144 24
-101.000   41.000  0.00139 20
-101.000   42.000  0.00075 19
-101.000   43.000 -0.00016 16
-101.000   44.000 -0.00269 19
-101.000   45.000 -0.00421 17
-101.000   46.000 -0.00523 20
-101.000   47.000 -0.00416 16
-101.000   48.000 -0.00345 21
-101.000   49.000 -0.00178 17
-101.000   50.000 -0.00030 16
-100.000   25.000 -0.00107 20
-100.000   26.000 -0.00002 16
-100.000   27.000 -0.00019 25
-100.000   28.000  0.00078 19
-100.000   29.000  0.00021 22
-100.000   30.000 -0.00006 20
-100.000   31.000 -0.00124 20
-100.000   32.000 -0.00175 23
-100.000   33.000 -0.00247 21
-100.000   34.000 -0.00246 25
-100.000   35.000 -0.00353 23
-100.000   36.000 -0.00317 25
-100.000   37.000 -0.00309 23
-100.000   38.000 -0.00169 25
-100.000   39.000 -0.00083 23
-100.000   40.000  0.00040 24
-100.000   41.000  0.00087 22
-100.000   42.000  0.00044 19
-100.000   43.000 -0.00033 18
-100.000   44.000 -0.00286 17
-100.000   45.000 -0.00390 21
-100.000   46.000 -0.00470 19
-100.000   47.000 -0.00339 21
-100.000   48.000 -0.00279 21
-100.000   49.000 -0.00103 24
-100.000   50.000 -0.00012 18
 -99.000   25.000  0.00053 23
 -99.000   26.000  0.00133 20
 -99.000   27.000  0.00103 29
 -99.000   28.000  0.00173 22
 -99.000   29.000  0.00076 26
 -99.000   30.000  0.00018 22
 -99.000   31.000 -0.00127 25
 -99.000   32.000 -0.00234 24
 -99.000   33.000 -0.00343 24
 -99.000   34.000 -0.00373 25
 -99.000   35.000 -0.00458 25
 -99.000   36.000 -0.00420 26
 -99.000   37.000 -0.00372 25
 -99.000   38.000 -0.00227 26
 -99.000   39.000 -0.00121 24
 -99.000   40.000 -0.00032 25
 -99.000   41.000  0.00019 22
 -99.000   42.000 -0.00048 20
 -99.000   43.000 -0.00128 16
 -99.000   44.000 -0.00419 18
 -99.000   45.000 -0.00532 17
 -99.000   46.000 -0.00634 19
 -99.000   47.000 -0.00466 15
 -99.000   48.000 -0.00384 20
 -99.000   49.000 -0.00170 17
 -99.000   50.000 -0.00054 16
 -98.000   25.000  0.00367 19
 -98.000   26.000  0.00411 17
 -98.000   27.000  0.00375 25
 -98.000   28.000  0.00431 20
 -98.000   29.000  0.00313 23
 -98.000   30.000  0.00235 21
 -98.000   31.000  0.00058 23
 -98.000   32.000 -0.00111 23
 -98.000   33.000 -0.00308 22
 -98.000   34.000 -0.00410 24
 -98.000   35.000 -0.00522 22
 -98.000   36.000 -0.00511 24
 -98.000   37.000 -0.00466 22
 -98.000   38.000 -0.00334 25
 -98.000   39.000 -0.00238 23
 -98.000   40.000 -0.00180 24
 -98.000   41.000 -0.00118 22
 -98.000   42.000 -0.00152 19
 -98.000   43.000 -0.00179 19
 -98.000   44.000 -0.00419 17
 -98.000   45.000 -0.00496 20
 -98.000   46.000 -0.00609 17
 -98.000   47.000 -0.00477 20
 -98.000   48.000 -0.00431 19
 -98.000   49.000 -0.00244 22
 -98.000   50.000 -0.00160 16
 -97.000   25.000  0.00500 22
 -97.000   26.000  0.00528 22
 -97.000   27.000  0.00502 29
 -97.000   28.000  0.00549 24
 -97.000   29.000  0.00436 27
 -97.000   30.000  0.00350 23
 -97.000   31.000  0.00179 27
 -97.000   32.000 -0.00022 24
 -97.000   33.000 -0.00235 26
 -97.000   34.000 -0.00355 24
 -97.000   35.000 -0.00459 24
 -97.000   36.000 -0.00451 24
 -97.000   37.000 -0.00381 24
 -97.000   38.000 -0.00259 26
 -97.000   39.000 -0.00175 24
 -97.000   40.000 -0.00167 24
 -97.000   41.000 -0.00139 21
 -97.000   42.000 -0.00198 19
 -97.000   43.000 -0.00239 17
 -97.000   44.000 -0.00483 18
 -97.000   45.000 -0.00602 16
 -97.000   46.000 -0.00739 17
 -97.000   47.000 -0.00622 14
 -97.000   48.000 -0.00554 19
 -97.000   49.000 -0.00379 16
 -97.000   50.000 -0.00246 15
 -96.000   25.000  0.00476 17
 -96.000   26.000  0.00493 17
 -96.000   27.000  0.00502 23
 -96.000   28.000  0.00606 18
 -96.000   29.000  0.00581 24
 -96.000   30.000  0.00542 21
 -96.000   31.000  0.00411 25
 -96.000   32.000  0.00192 24
 -96.000   33.000 -0.00078 25
 -96.000   34.000 -0.00282 26
 -96.000   35.000 -0.00449 23
 -96.000   36.000 -0.00498 25
 -96.000   37.000 -0.00442 23
 -96.000   38.000 -0.00354 27
 -96.000   39.000 -0.00276 24
 -96.000   40.000 -0.00285 26
 -96.000   41.000 -0.00245 22
 -96.000   42.000 -0.00279 21
 -96.000   43.000 -0.00285 18
 -96.000   44.000 -0.00471 19
 -96.000   45.000 -0.00569 18
 -96.000   46.000 -0.00692 20
 -96.000   47.000 -0.00601 20
 -96.000   48.000 -0.00533 23
 -96.000   49.000 -0.00395 22
 -96.000   50.000 -0.00254 18
 -95.000   25.000  0.00446 21
 -95.000   26.000  0.00450 22
 -95.000   27.000  0.00478 28
 -95.000   28.000  0.00602 23
 -95.000   29.000  0.00627 28
 -95.000   30.000  0.00609 24
 -95.000   31.000  0.00523 27
 -95.000   32.000  0.00296 24
 -95.000   33.000  0.00033 26
 -95.000   34.000 -0.00216 25
 -95.000   35.000 -0.00402 25
 -95.000   36.000 -0.00473 25
 -95.000   37.000 -0.00391 24
 -95.000   38.000 -0.00313 25
 -95.000   39.000 -0.00231 22
 -95.000   40.000 -0.00256 24
 -95.000   41.000 -0.00248 21
 -95.000   42.000 -0.00324 21
 -95.000   43.000 -0.00380 16
 -95.000   44.000 -0.00582 17
 -95.000   45.000 -0.00731 13
 -95.000   46.000 -0.00844 18
 -95.000   47.000 -0.00738 14
 -95.000   48.000 -0.00604 22
 -95.000   49.000 -0.00463 16
 -95.000   50.000 -0.00244 16
 -94.000   25.000  0.00434 16
 -94.000   26.000  0.00397 17
 -94.000   27.000  0.00423 22
 -94.000   28.000  0.00539 17
 -94.000   29.000  0.00605 22
 -94.000   30.000  0.00606 20
 -94.000   31.000  0.00582 23
 -94.000   32.000  0.00389 22
 -94.000   33.000  0.00145 22
 -94.000   34.000 -0.00133 25
 -94.000   35.000 -0.00365 24
 -94.000   36.000 -0.00473 26
 -94.000   37.000 -0.00415 23
 -94.000   38.000 -0.00360 25
 -94.000   39.000 -0.00290 22
 -94.000   40.000 -0.00297 25
 -94.000   41.000 -0.00291 21
 -94.000   42.000 -0.00370 23
 -94.000   43.000 -0.00448 17
 -94.000   44.000 -0.00621 19
 -94.000   45.000 -0.00764 14
 -94.000   46.000 -0.00858 19
 -94.000   47.000 -0.00747 18
 -94.000   48.000 -0.00576 24
 -94.000   49.000 -0.00445 21
 -94.000   50.000 -0.00218 18
 -93.000   25.000  0.00408 22
 -93.000   26.000  0.00349 23
 -93.000   27.000  0.00354 28
 -93.000   28.000  0.00420 24
 -93.000   29.000  0.00477 26
 -93.000   30.000  0.00460 24
 -93.000   31.000  0.00480 25
 -93.000   32.000  0.00337 23
 -93.000   33.000  0.00187 23
 -93.000   34.000 -0.00042 23
 -93.000   35.000 -0.00246 23
 -93.000   36.000 -0.00353 22
 -93.000   37.000 -0.00303 21
 -93.000   38.000 -0.00279 21
 -93.000   39.000 -0.00229 20
 -93.000   40.000 -0.00237 21
 -93.000   41.000 -0.00258 19
 -93.000   42.000 -0.00371 19
 -93.000   43.000 -0.00502 16
 -93.000   44.000 -0.00696 16
 -93.000   45.000 -0.00872 12
 -93.000   46.000 -0.00959 14
 -93.000   47.000 -0.00827 12
 -93.000   48.000 -0.00623 18
 -93.000   49.000 -0.00474 14
 -93.000   50.000 -0.00223 14
 -92.000   25.000  0.00516 18
 -92.000   26.000  0.00391 18
 -92.000   27.000  0.00328 22
 -92.000   28.000  0.00289 18
 -92.000   29.000  0.00272 21
 -92.000   30.000  0.00227 19
 -92.000   31.000  0.00280 21
 -92.000   32.000  0.00224 19
 -92.000   33.000  0.00179 19
 -92.000   34.000  0.00030 21
 -92.000   35.000 -0.00139 22
 -92.000   36.000 -0.00246 25
 -92.000   37.000 -0.00239 23
 -92.000   38.000 -0.00276 25
 -92.000   39.000 -0.00277 23
 -92.000   40.000 -0.00300 25
 -92.000   41.000 -0.00308 22
 -92.000   42.000 -0.00402 23
 -92.000   43.000 -0.00512 18
 -92.000   44.000 -0.00682 19
 -92.000   45.000 -0.00830 15
 -92.000   46.000 -0.00917 19
 -92.000   47.000 -0.00788 18
 -92.000   48.000 -0.00604 22
 -92.000   49.000 -0.00445 19
 -92.000   50.000 -0.00221 16
 -91.000   25.000  0.00716 21
 -91.000   26.000  0.00553 22
 -91.000   27.000  0.00426 27
 -91.000   28.000  0.00281 24
 -91.000   29.000  0.00162 27
 -91.000   30.000  0.00073 24
 -91.000   31.000  0.00110 26
 -91.000   32.000  0.00103 23
 -91.000   33.000  0.00137 23
 -91.000   34.000  0.00078 22
 -91.000   35.000 -0.00018 22
 -91.000   36.000 -0.00078 23
 -91.000   37.000 -0.00074 21
 -91.000   38.000 -0.00119 22
 -91.000   39.000 -0.00150 21
 -91.000   40.000 -0.00199 22
 -91.000   41.000 -0.00244 21
 -91.000   42.000 -0.00346 19
 -91.000   43.000 -0.00460 17
 -91.000   44.000 -0.00629 15
 -91.000   45.000 -0.00781 15
 -91.000   46.000 -0.00863 17
 -91.000   47.000 -0.00750 16
 -91.000   48.000 -0.00603 18
 -91.000   49.000 -0.00452 15
 -91.000   50.000 -0.00246 13
 -90.000   25.000  0.00767 18
 -90.000   26.000  0.00592 18
 -90.000   27.000  0.00447 23
 -90.000   28.000  0.00260 19
 -90.000   29.000  0.00105 23
 -90.000   30.000  0.00019 19
 -90.000   31.000  0.00046 22
 -90.000   32.000  0.00092 19
 -90.000   33.000  0.00152 21
 -90.000   34.000  0.00160 22
 -90.000   35.000  0.00089 23
 -90.000   36.000  0.00048 25
 -90.000   37.000  0.00001 23
 -90.000   38.000 -0.00061 26
 -90.000   39.000 -0.00122 26
 -90.000   40.000 -0.00162 27
 -90.000   41.000 -0.00203 26
 -90.000   42.000 -0.00263 24
 -90.000   43.000 -0.00327 21
 -90.000   44.000 -0.00442 20
 -90.000   45.000 -0.00564 19
 -90.000   46.000 -0.00632 23
 -90.000   47.000 -0.00565 21
 -90.000   48.000 -0.00482 24
 -90.000   49.000 -0.00377 21
 -90.000   50.000 -0.00235 17
 -89.000   25.000  0.00622 17
 -89.000   26.000  0.00480 20
 -89.000   27.000  0.00359 25
 -89.000   28.000  0.00194 24
 -89.000   29.000  0.00078 27
 -89.000   30.000  0.00042 24
 -89.000   31.000  0.00052 26
 -89.000   32.000  0.00095 24
 -89.000   33.000  0.00113 25
 -89.000   34.000  0.00129 25
 -89.000   35.000  0.00090 23
 -89.000   36.000  0.00088 23
 -89.000   37.000  0.00055 20
 -89.000   38.000  0.00041 22
 -89.000   39.000  0.00016 21
 -89.000   40.000 -0.00015 22
 -89.000   41.000 -0.00089 21
 -89.000   42.000 -0.00141 19
 -89.000   43.000 -0.00198 17
 -89.000   44.000 -0.00295 16
 -89.000   45.000 -0.00413 17
 -89.000   46.000 -0.00438 19
 -89.000   47.000 -0.00395 18
 -89.000   48.000 -0.00353 19
 -89.000   49.000 -0.00297 18
 -89.000   50.000 -0.00194 14
 -88.000   25.000  0.00387 18
 -88.000   26.000  0.00275 18
 -88.000   27.000  0.00207 23
 -88.000   28.000  0.00084 19
 -88.000   29.000  0.00052 23
 -88.000   30.000  0.00059 19
 -88.000   31.000  0.00044 21
 -88.000   32.000  0.00064 19
 -88.000   33.000  0.00016 21
 -88.000   34.000  0.00021 23
 -88.000   35.000  0.00001 23
 -88.000   36.000  0.00030 25
 -88.000   37.000  0.00005 24
 -88.000   38.000  0.00020 26
 -88.000   39.000  0.00022 27
 -88.000   40.000  0.00009 27
 -88.000   41.000 -0.00051 27
 -88.000   42.000 -0.00072 24
 -88.000   43.000 -0.00101 22
 -88.000   44.000 -0.00172 21
 -88.000   45.000 -0.00265 20
 -88.000   46.000 -0.00257 22
 -88.000   47.000 -0.00233 19
 -88.000   48.000 -0.00215 23
 -88.000   49.000 -0.00192 21
 -88.000   50.000 -0.00115 18
 -87.000   25.000  0.00075 16
 -87.000   26.000  0.00012 19
 -87.000   27.000  0.00010 22
 -87.000   28.000 -0.00038 22
 -87.000   29.000  0.00037 24
 -87.000   30.000  0.00089 23
 -87.000   31.000  0.00049 23
 -87.000   32.000 -0.00003 22
 -87.000   33.000 -0.00132 21
 -87.000   34.000 -0.00174 23
 -87.000   35.000 -0.00156 22
 -87.000   36.000 -0.00078 25
 -87.000   37.000 -0.00031 22
 -87.000   38.000  0.00047 23
 -87.000   39.000  0.00113 21
 -87.000   40.000  0.00109 22
 -87.000   41.000  0.00052 20
 -87.000   42.000  0.00036 18
 -87.000   43.000 -0.00002 16
 -87.000   44.000 -0.00090 16
 -87.000   45.000 -0.00198 17
 -87.000   46.000 -0.00180 17
 -87.000   47.000 -0.00167 17
 -87.000   48.000 -0.00134 18
 -87.000   49.000 -0.00129 19
 -87.000   50.000 -0.00039 14
 -86.000   25.000 -0.00049 19
 -86.000   26.000 -0.00079 19
 -86.000   27.000 -0.00041 23
 -86.000   28.000 -0.00035 19
 -86.000   29.000  0.00091 23
 -86.000   30.000  0.00152 20
 -86.000   31.000  0.00087 22
 -86.000   32.000 -0.00007 20
 -86.000   33.000 -0.00190 21
 -86.000   34.000 -0.00264 23
 -86.000   35.000 -0.00254 24
 -86.000   36.000 -0.00186 25
 -86.000   37.000 -0.00138 24
 -86.000   38.000 -0.00049 24
 -86.000   39.000  0.00045 27
 -86.000   40.000  0.00069 26
 -86.000   41.000  0.00049 26
 -86.000   42.000  0.00058 23
 -86.000   43.000  0.00014 23
 -86.000   44.000 -0.00082 23
 -86.000   45.000 -0.00196 21
 -86.000   46.000 -0.00177 21
 -86.000   47.000 -0.00159 18
 -86.000   48.000 -0.00094 22
 -86.000   49.000 -0.00090 20
 -86.000   50.000  0.00025 17
 -85.000   25.000 -0.00068 16
 -85.000   26.000 -0.00079 19
 -85.000   27.000 -0.00040 20
 -85.000   28.000  0.00002 21
 -85.000   29.000  0.00132 21
 -85.000   30.000  0.00194 22
 -85.000   31.000  0.00124 22
 -85.000   32.000  0.00004 23
 -85.000   33.000 -0.00200 22
 -85.000   34.000 -0.00309 24
 -85.000   35.000 -0.00303 23
 -85.000   36.000 -0.00244 24
 -85.000   37.000 -0.00181 21
 -85.000   38.000 -0.00094 22
 -85.000   39.000 -0.00003 21
 -85.000   40.000  0.00013 21
 -85.000   41.000 -0.00006 19
 -85.000   42.000  0.00014 18
 -85.000   43.000 -0.00041 18
 -85.000   44.000 -0.00130 19
 -85.000   45.000 -0.00240 19
 -85.000   46.000 -0.00215 18
 -85.000   47.000 -0.00197 18
 -85.000   48.000 -0.00101 18
 -85.000   49.000 -0.00087 19
 -85.000   50.000  0.00049 13
 -84.000   25.000  0.00110 20
 -84.000   26.000  0.00108 21
 -84.000   27.000  0.00128 24
 -84.000   28.000  0.00180 20
 -84.000   29.000  0.00259 23
 -84.000   30.000  0.00298 21
 -84.000   31.000  0.00221 25
 -84.000   32.000  0.00123 23
 -84.000   33.000 -0.00059 24
 -84.000   34.000 -0.00158 23
 -84.000   35.000 -0.00181 24
 -84.000   36.000 -0.00168 23
 -84.000   37.000 -0.00166 23
 -84.000   38.000 -0.00145 22
 -84.000   39.000 -0.00127 24
 -84.000   40.000 -0.00128 22
 -84.000   41.000 -0.00134 23
 -84.000   42.000 -0.00098 22
 -84.000   43.000 -0.00156 24
 -84.000   44.000 -0.00223 25
 -84.000   45.000 -0.00311 23
 -84.000   46.000 -0.00282 22
 -84.000   47.000 -0.00258 18
 -84.000   48.000 -0.00140 20
 -84.000   49.000 -0.00099 18
 -84.000   50.000  0.00049 15
 -83.000   25.000  0.00351 17
 -83.000   26.000  0.00345 21
 -83.000   27.000  0.00335 21
 -83.000   28.000  0.00378 21
 -83.000   29.000  0.00398 20
 -83.000   30.000  0.00396 22
 -83.000   31.000  0.00316 22
 -83.000   32.000  0.00216 23
 -83.000   33.000  0.00065 22
 -83.000   34.000 -0.00034 23
 -83.000   35.000 -0.00066 22
 -83.000   36.000 -0.00069 23
 -83.000   37.000 -0.00082 22
 -83.000   38.000 -0.00106 23
 -83.000   39.000 -0.00153 22
 -83.000   40.000 -0.00191 21
 -83.000   41.000 -0.00215 20
 -83.000   42.000 -0.00183 19
 -83.000   43.000 -0.00236 20
 -83.000   44.000 -0.00269 21
 -83.000   45.000 -0.00339 21
 -83.000   46.000 -0.00331 19
 -83.000   47.000 -0.00328 18
 -83.000   48.000 -0.00218 17
 -83.000   49.000 -0.00179 19
 -83.000   50.000 -0.00046 13
 -82.000   25.000  0.00759 21
 -82.000   26.000  0.00740 23
 -82.000   27.000  0.00684 26
 -82.000   28.000  0.00676 22
 -82.000   29.000  0.00611 26
 -82.000   30.000  0.00567 24
 -82.000   31.000  0.00482 28
 -82.000   32.000  0.00410 23
 -82.000   33.000  0.00301 26
 -82.000   34.000  0.00225 22
 -82.000   35.000  0.00161 25
 -82.000   36.000  0.00110 22
 -82.000   37.000  0.00032 23
 -82.000   38.000 -0.00062 21
 -82.000   39.000 -0.00194 22
 -82.000   40.000 -0.00264 21
 -82.000   41.000 -0.00312 22
 -82.000   42.000 -0.00304 21
 -82.000   43.000 -0.00370 22
 -82.000   44.000 -0.00377 24
 -82.000   45.000 -0.00423 23
 -82.000   46.000 -0.00410 24
 -82.000   47.000 -0.00397 19
 -82.000   48.000 -0.00272 20
 -82.000   49.000 -0.00222 17
 -82.000   50.000 -0.00114 14
 -81.000   25.000  0.01062 17
 -81.000   26.000  0.00995 21
 -81.000   27.000  0.00887 21
 -81.000   28.000  0.00777 22
 -81.000   29.000  0.00657 21
 -81.000   30.000  0.00559 23
 -81.000   31.000  0.00484 22
 -81.000   32.000  0.00421 22
 -81.000   33.000  0.00370 22
 -81.000   34.000  0.00318 22
 -81.000   35.000  0.00280 23
 -81.000   36.000  0.00249 23
 -81.000   37.000  0.00188 23
 -81.000   38.000  0.00086 23
 -81.000   39.000 -0.00082 23
 -81.000   40.000 -0.00185 22
 -81.000   41.000 -0.00267 21
 -81.000   42.000 -0.00281 19
 -81.000   43.000 -0.00342 19
 -81.000   44.000 -0.00335 19
 -81.000   45.000 -0.00348 20
 -81.000   46.000 -0.00342 20
 -81.000   47.000 -0.00332 20
 -81.000   48.000 -0.00247 18
 -81.000   49.000 -0.00196 19
 -81.000   50.000 -0.00142 13
 -80.000   25.000  0.01305 21
 -80.000   26.000  0.01221 23
 -80.000   27.000  0.01085 27
 -80.000   28.000  0.00896 24
 -80.000   29.000  0.00733 27
 -80.000   30.000  0.00610 23
 -80.000   31.000  0.00533 28
 -80.000   32.000  0.00485 23
 -80.000   33.000  0.00485 28
 -80.000   34.000  0.00479 21
 -80.000   35.000  0.00465 25
 -80.000   36.000  0.00450 21
 -80.000   37.000  0.00390 24
 -80.000   38.000  0.00277 22
 -80.000   39.000  0.00076 20
 -80.000   40.000 -0.00060 19
 -80.000   41.000 -0.00188 18
 -80.000   42.000 -0.00253 19
 -80.000   43.000 -0.00346 18
 -80.000   44.000 -0.00341 19
 -80.000   45.000 -0.00311 20
 -80.000   46.000 -0.00271 22
 -80.000   47.000 -0.00231 21
 -80.000   48.000 -0.00160 21
 -80.000   49.000 -0.00097 18
 -80.000   50.000 -0.00094 14
 -79.000   25.000  0.01270 17
 -79.000   26.000  0.01179 21
 -79.000   27.000  0.01050 22
 -79.000   28.000  0.00829 23
 -79.000   29.000  0.00681 21
 -79.000   30.000  0.00540 21
 -79.000   31.000  0.00464 21
 -79.000   32.000  0.00397 22
 -79.000   33.000  0.00421 22
 -79.000   34.000  0.00435 21
 -79.000   35.000  0.00477 21
 -79.000   36.000  0.00530 22
 -79.000   37.000  0.00542 24
 -79.000   38.000  0.00476 26
 -79.000   39.000  0.00295 24
 -79.000   40.000  0.00140 24
 -79.000   41.000 -0.00018 21
 -79.000   42.000 -0.00119 22
 -79.000   43.000 -0.00205 19
 -79.000   44.000 -0.00193 19
 -79.000   45.000 -0.00120 19
 -79.000   46.000 -0.00076 18
 -79.000   47.000 -0.00026 19
 -79.000   48.000  0.00005 16
 -79.000   49.000  0.00058 19
 -79.000   50.000  0.00015 13
 -78.000   25.000  0.01243 22
 -78.000   26.000  0.01205 23
 -78.000   27.000  0.01086 29
 -78.000   28.000  0.00896 24
 -78.000   29.000  0.00757 28
 -78.000   30.000  0.00639 21
 -78.000   31.000  0.00538 27
 -78.000   32.000  0.00459 22
 -78.000   33.000  0.00465 28
 -78.000   34.000  0.00484 21
 -78.000   35.000  0.00519 25
 -78.000   36.000  0.00589 21
 -78.000   37.000  0.00626 24
 -78.000   38.000  0.00598 23
 -78.000   39.000  0.00427 20
 -78.000   40.000  0.00250 21
 -78.000   41.000  0.00037 18
 -78.000   42.000 -0.00117 21
 -78.000   43.000 -0.00237 17
 -78.000   44.000 -0.00224 20
 -78.000   45.000 -0.00110 19
 -78.000   46.000 -0.00008 22
 -78.000   47.000  0.00101 20
 -78.000   48.000  0.00155 20
 -78.000   49.000  0.00218 18
 -78.000   50.000  0.00166 15
 -77.000   25.000  0.01007 17
 -77.000   26.000  0.01003 20
 -77.000   27.000  0.00933 22
 -77.000   28.000  0.00804 22
 -77.000   29.000  0.00730 22
 -77.000   30.000  0.00630 21
 -77.000   31.000  0.00540 21
 -77.000   32.000  0.00439 22
 -77.000   33.000  0.00431 23
 -77.000   34.000  0.00443 24
 -77.000   35.000  0.00488 24
 -77.000   36.000  0.00576 25
 -77.000   37.000  0.00633 24
 -77.000   38.000  0.00642 26
 -77.000   39.000  0.00487 24
 -77.000   40.000  0.00298 26
 -77.000   41.000  0.00054 23
 -77.000   42.000 -0.00101 24
 -77.000   43.000 -0.00209 21
 -77.000   44.000 -0.00177 22
 -77.000   45.000 -0.00021 21
 -77.000   46.000  0.00138 22
 -77.000   47.000  0.00292 22
 -77.000   48.000  0.00351 19
 -77.000   49.000  0.00420 21
 -77.000   50.000  0.00377 16
 -76.000   25.000  0.00832 19
 -76.000   26.000  0.00894 19
 -76.000   27.000  0.00879 26
 -76.000   28.000  0.00842 21
 -76.000   29.000  0.00814 28
 -76.000   30.000  0.00744 22
 -76.000   31.000  0.00645 28
 -76.000   32.000  0.00538 21
 -76.000   33.000  0.00516 27
 -76.000   34.000  0.00522 21
 -76.000   35.000  0.00543 24
 -76.000   36.000  0.00611 21
 -76.000   37.000  0.00638 23
 -76.000   38.000  0.00640 23
 -76.000   39.000  0.00478 20
 -76.000   40.000  0.00265 21
 -76.000   41.000 -0.00036 18
 -76.000   42.000 -0.00219 20
 -76.000   43.000 -0.00346 17
 -76.000   44.000 -0.00302 20
 -76.000   45.000 -0.00119 19
 -76.000   46.000  0.00134 23
 -76.000   47.000  0.00348 23
 -76.000   48.000  0.00475 25
 -76.000   49.000  0.00559 22
 -76.000   50.000  0.00565 18
 -75.000   25.000  0.00659 17
 -75.000   26.000  0.00708 19
 -75.000   27.000  0.00733 22
 -75.000   28.000  0.00720 21
 -75.000   29.000  0.00737 24
 -75.000   30.000  0.00666 24
 -75.000   31.000  0.00602 27
 -75.000   32.000  0.00497 24
 -75.000   33.000  0.00485 27
 -75.000   34.000  0.00488 24
 -75.000   35.000  0.00512 25
 -75.000   36.000  0.00580 24
 -75.000   37.000  0.00613 26
 -75.000   38.000  0.00641 26
 -75.000   39.000  0.00514 24
 -75.000   40.000  0.00314 23
 -75.000   41.000  0.00016 24
 -75.000   42.000 -0.00176 24
 -75.000   43.000 -0.00307 25
 -75.000   44.000 -0.00281 23
 -75.000   45.000 -0.00112 25
 -75.000   46.000  0.00159 23
 -75.000   47.000  0.00395 27
 -75.000   48.000  0.00570 24
 -75.000   49.000  0.00665 25
 -75.000   50.000  0.00728 16
 -74.000   25.000  0.00600 19
 -74.000   26.000  0.00640 17
 -74.000   27.000  0.00676 25
 -74.000   28.000  0.00668 18
 -74.000   29.000  0.00702 25
 -74.000   30.000  0.00641 19
 -74.000   31.000  0.00601 27
 -74.000   32.000  0.00509 19
 -74.000   33.000  0.00503 26
 -74.000   34.000  0.00480 17
 -74.000   35.000  0.00472 21
 -74.000   36.000  0.00524 17
 -74.000   37.000  0.00571 23
 -74.000   38.000  0.00635 23
 -74.000   39.000  0.00568 21
 -74.000   40.000  0.00383 20
 -74.000   41.000  0.00063 19
 -74.000   42.000 -0.00163 20
 -74.000   43.000 -0.00313 18
 -74.000   44.000 -0.00313 19
 -74.000   45.000 -0.00165 19
 -74.000   46.000  0.00119 21
 -74.000   47.000  0.00362 21
 -74.000   48.000  0.00575 24
 -74.000   49.000  0.00666 20
 -74.000   50.000  0.00783 19
 -73.000   25.000  0.00482 20
 -73.000   26.000  0.00468 20
 -73.000   27.000  0.00507 25
 -73.000   28.000  0.00458 21
 -73.000   29.000  0.00515 25
 -73.000   30.000  0.00474 22
 -73.000   31.000  0.00499 26
 -73.000   32.000  0.00451 22
 -73.000   33.000  0.00485 27
 -73.000   34.000  0.00472 21
 -73.000   35.000  0.00469 25
 -73.000   36.000  0.00527 20
 -73.000   37.000  0.00592 27
 -73.000   38.000  0.00687 23
 -73.000   39.000  0.00678 25
 -73.000   40.000  0.00539 21
 -73.000   41.000  0.00250 25
 -73.000   42.000  0.00024 23
 -73.000   43.000 -0.00135 26
 -73.000   44.000 -0.00164 22
 -73.000   45.000 -0.00055 26
 -73.000   46.000  0.00189 25
 -73.000   47.000  0.00402 28
 -73.000   48.000  0.00609 26
 -73.000   49.000  0.00685 23
 -73.000   50.000  0.00810 19
 -72.000   25.000  0.00381 17
 -72.000   26.000  0.00359 15
 -72.000   27.000  0.00392 23
 -72.000   28.000  0.00329 16
 -72.000   29.000  0.00389 23
 -72.000   30.000  0.00371 16
 -72.000   31.000  0.00412 21
 -72.000   32.000  0.00388 15
 -72.000   33.000  0.00445 21
 -72.000   34.000  0.00431 16
 -72.000   35.000  0.00422 19
 -72.000   36.000  0.00492 16
 -72.000   37.000  0.00604 21
 -72.000   38.000  0.00728 21
 -72.000   39.000  0.00773 21
 -72.000   40.000  0.00668 20
 -72.000   41.000  0.00392 18
 -72.000   42.000  0.00158 19
 -72.000   43.000  0.00009 17
 -72.000   44.000 -0.00015 18
 -72.000   45.000  0.00080 16
 -72.000   46.000  0.00282 21
 -72.000   47.000  0.00435 19
 -72.000   48.000  0.00588 25
 -72.000   49.000  0.00611 18
 -72.000   50.000  0.00719 22
 -71.000   25.000  0.00440 18
 -71.000   26.000  0.00411 19
 -71.000   27.000  0.00424 24
 -71.000   28.000  0.00314 21
 -71.000   29.000  0.00357 26
 -71.000   30.000  0.00341 23
 -71.000   31.000  0.00365 27
 -71.000   32.000  0.00331 22
 -71.000   33.000  0.00388 26
 -71.000   34.000  0.00380 21
 -71.000   35.000  0.00388 25
 -71.000   36.000  0.00472 21
 -71.000   37.000  0.00633 26
 -71.000   38.000  0.00783 22
 -71.000   39.000  0.00874 25
 -71.000   40.000  0.00822 21
 -71.000   41.000  0.00625 24
 -71.000   42.000  0.00421 22
 -71.000   43.000  0.00283 26
 -71.000   44.000  0.00261 23
 -71.000   45.000  0.00337 27
 -71.000   46.000  0.00472 27
 -71.000   47.000  0.00563 29
 -71.000   48.000  0.00643 27
 -71.000   49.000  0.00627 23
 -71.000   50.000  0.00687 19
 -70.000   25.000  0.00614 15
 -70.000   26.000  0.00625 14
 -70.000   27.000  0.00603 21
 -70.000   28.000  0.00473 15
 -70.000   29.000  0.00474 21
 -70.000   30.000  0.00424 15
 -70.000   31.000  0.00350 21
 -70.000   32.000  0.00256 17
 -70.000   33.000  0.00272 21
 -70.000   34.000  0.00241 18
 -70.000   35.000  0.00259 19
 -70.000   36.000  0.00370 19
 -70.000   37.000  0.00589 19
 -70.000   38.000  0.00754 21
 -70.000   39.000  0.00864 20
 -70.000   40.000  0.00846 20
 -70.000   41.000  0.00689 17
 -70.000   42.000  0.00525 19
 -70.000   43.000  0.00417 18
 -70.000   44.000  0.00429 19
 -70.000   45.000  0.00505 17
 -70.000   46.000  0.00611 20
 -70.000   47.000  0.00656 18
 -70.000   48.000  0.00659 23
 -70.000   49.000  0.00606 18
 -70.000   50.000  0.00626 22
 -69.000   25.000  0.01167 19
 -69.000   26.000  0.01167 19
 -69.000   27.000  0.01075 24
 -69.000   28.000  0.00856 21
 -69.000   29.000  0.00748 24
 -69.000   30.000  0.00594 20
 -69.000   31.000  0.00406 25
 -69.000   32.000  0.00248 22
 -69.000   33.000  0.00234 26
 -69.000   34.000  0.00213 21
 -69.000   35.000  0.00263 23
 -69.000   36.000  0.00382 21
 -69.000   37.000  0.00601 25
 -69.000   38.000  0.00730 24
 -69.000   39.000  0.00810 25
 -69.000   40.000  0.00817 21
 -69.000   41.000  0.00724 22
 -69.000   42.000  0.00634 21
 -69.000   43.000  0.00551 23
 -69.000   44.000  0.00593 22
 -69.000   45.000  0.00644 25
 -69.000   46.000  0.00739 26
 -69.000   47.000  0.00754 26
 -69.000   48.000  0.00726 25
 -69.000   49.000  0.00668 21
 -69.000   50.000  0.00669 20
 -68.000   25.000  0.01882 15
 -68.000   26.000  0.01797 13
 -68.000   27.000  0.01609 19
 -68.000   28.000  0.01265 15
 -68.000   29.000  0.00975 20
 -68.000   30.000  0.00624 16
 -68.000   31.000  0.00313 19
 -68.000   32.000  0.00071 17
 -68.000   33.000  0.00052 19
 -68.000   34.000  0.00028 18
 -68.000   35.000  0.00143 17
 -68.000   36.000  0.00305 18
 -68.000   37.000  0.00540 19
 -68.000   38.000  0.00628 21
 -68.000   39.000  0.00667 20
 -68.000   40.000  0.00668 19
 -68.000   41.000  0.00595 18
 -68.000   42.000  0.00576 19
 -68.000   43.000  0.00548 18
 -68.000   44.000  0.00634 20
 -68.000   45.000  0.00661 18
 -68.000   46.000  0.00763 22
 -68.000   47.000  0.00757 18
 -68.000   48.000  0.00715 23
 -68.000   49.000  0.00658 16
 -68.000   50.000  0.00690 19
 -67.000   25.000  0.03187 15
 -67.000   26.000  0.02969 14
 -67.000   27.000  0.02579 19
 -67.000   28.000  0.01878 15
 -67.000   29.000  0.01252 18
 -67.000   30.000  0.00631 15
 -67.000   31.000  0.00159 18
 -67.000   32.000 -0.00122 15
 -67.000   33.000 -0.00037 19
 -67.000   34.000  0.00025 16
 -67.000   35.000  0.00206 18
 -67.000   36.000  0.00378 16
 -67.000   37.000  0.00605 20
 -67.000   38.000  0.00650 19
 -67.000   39.000  0.00641 20
 -67.000   40.000  0.00609 16
 -67.000   41.000  0.00555 19
 -67.000   42.000  0.00581 17
 -67.000   43.000  0.00547 20
 -67.000   44.000  0.00635 19
 -67.000   45.000  0.00631 21
 -67.000   46.000  0.00787 22
 -67.000   47.000  0.00799 21
 -67.000   48.000  0.00873 20
 -67.000   49.000  0.00882 14
 -67.000   50.000  0.01019 11
 -66.000   25.000  0.03742 8
 -66.000   26.000  0.03446 7
 -66.000   27.000  0.02973 12
 -66.000   28.000  0.02138 8
 -66.000   29.000  0.01364 12
 -66.000   30.000  0.00599 10
 -66.000   31.000  0.00052 12
 -66.000   32.000 -0.00267 10
 -66.000   33.000 -0.00157 12
 -66.000   34.000 -0.00085 11
 -66.000   35.000  0.00134 11
 -66.000   36.000  0.00331 10
 -66.000   37.000  0.00568 10
 -66.000   38.000  0.00595 11
 -66.000   39.000  0.00563 11
 -66.000   40.000  0.00517 11
 -66.000   41.000  0.00458 12
 -66.000   42.000  0.00514 11
 -66.000   43.000  0.00502 12
 -66.000   44.000  0.00609 12
 -66.000   45.000  0.00589 12
 -66.000   46.000  0.00763 12
 -66.000   47.000  0.00778 10
 -66.000   48.000  0.00887 12
 -66.000   49.000  0.00918 8
 -66.000   50.000  0.01106 8
 -65.000   25.000  0.04521 8
 -65.000   26.000  0.04092 7
 -65.000   27.000  0.03501 11
 -65.000   28.000  0.02461 6
 -65.000   29.000  0.01478 9
 -65.000   30.000  0.00547 6
 -65.000   31.000 -0.00044 8
 -65.000   32.000 -0.00365 5
 -65.000   33.000 -0.00187 9
 -65.000   34.000 -0.00066 7
 -65.000   35.000  0.00191 10
 -65.000   36.000  0.00397 7
 -65.000   37.000  0.00620 9
 -65.000   38.000  0.00618 7
 -65.000   39.000  0.00558 8
 -65.000   40.000  0.00483 6
 -65.000   41.000  0.00415 8
 -65.000   42.000  0.00497 6
 -65.000   43.000  0.00492 8
 -65.000   44.000  0.00600 7
 -65.000   45.000  0.00543 9
 -65.000   46.000  0.00734 8
 -65.000   47.000  0.00742 8
 -65.000   48.000  0.00918 8
 -65.000   49.000  0.00974 6
 -65.000   50.000  0.01237 4
