-130.000   25.000  0.00000 0
-130.000   26.000  0.00000 0
-130.000   27.000  0.00000 0
-130.000   28.000  0.00000 0
-130.000   29.000  0.00000 0
-130.000   30.000  0.00000 0
-130.000   31.000  0.00000 0
-130.000   32.000  0.00000 0
-130.000   33.000  0.00000 0
-130.000   34.000  0.00000 0
-130.000   35.000  0.00000 0
-130.000   36.000  0.00000 0
-130.000   37.000  0.00000 0
-130.000   38.000  0.00000 0
-130.000   39.000  0.00000 0
-130.000   40.000  0.00000 0
-130.000   41.000  0.00000 0
-130.000   42.000  0.00000 0
-130.000   43.000  0.00000 0
-130.000   44.000  0.00000 0
-130.000   45.000  0.00000 0
-130.000   46.000  0.00000 0
-130.000   47.000  0.00000 0
-130.000   48.000  0.00000 0
-130.000   49.000  0.00000 0
-130.000   50.000  0.00000 0
-129.000   25.000  0.00000 0
-129.000   26.000  0.00000 0
-129.000   27.000  0.00000 0
-129.000   28.000  0.00000 0
-129.000   29.000  0.00000 0
-129.000   30.000  0.00000 0
-129.000   31.000  0.00000 0
-129.000   32.000  0.00000 0
-129.000   33.000  0.00000 0
-129.000   34.000  0.00000 0
-129.000   35.000  0.00000 0
-129.000   36.000  0.00000 0
-129.000   37.000  0.00000 0
-129.000   38.000  0.00000 0
-129.000   39.000  0.00000 0
-129.000   40.000  0.00000 0
-129.000   41.000  0.00000 0
-129.000   42.000  0.00000 0
-129.000   43.000  0.00000 0
-129.000   44.000  0.00000 0
-129.000   45.000  0.00000 0
-129.000   46.000  0.00000 0
-129.000   47.000  0.00000 0
-129.000   48.000  0.00000 0
-129.000   49.000  0.00000 0
-129.000   50.000  0.00000 0
-128.000   25.000  0.00261 0
-128.000   26.000  0.00299 0
-128.000   27.000  0.00322 0
-128.000   28.000  0.00276 0
-128.000   29.000  0.00230 0
-128.000   30.000  0.00166 0
-128.000   31.000  0.00083 0
-128.000   32.000  0.00000 0
-128.000   33.000  0.00000 0
-128.000   34.000  0.00000 0
-128.000   35.000  0.00000 0
-128.000   36.000  0.00000 0
-128.000   37.000  0.00000 0
-128.000   38.000  0.00000 0
-128.000   39.000  0.00000 0
-128.000   40.000 -0.00045 0
-128.000   41.000 -0.00091 0
-128.000   42.000 -0.00136 0
-128.000   43.000 -0.00136 0
-128.000   44.000 -0.00136 0
-128.000   45.000 -0.00091 0
-128.000   46.000 -0.00045 0
-128.000   47.000  0.00000 0
-128.000   48.000  0.00000 0
-128.000   49.000  0.00000 0
-128.000   50.000  0.00000 0
-127.000   25.000  0.00532 0
-127.000   26.000  0.00606 0
-127.000   27.000  0.00650 0
-127.000   28.000  0.00552 0
-127.000   29.000  0.00460 0
-127.000   30.000  0.00331 0
-127.000   31.000  0.00166 0
-127.000   32.000  0.00000 0
-127.000   33.000  0.00000 0
-127.000   34.000  0.00000 0
-127.000   35.000  0.00000 0
-127.000   36.000  0.00000 0
-127.000   37.000  0.00000 0
-127.000   38.000  0.00000 0
-127.000   39.000  0.00000 0
-127.000   40.000 -0.00091 0
-127.000   41.000 -0.00181 0
-127.000   42.000 -0.00266 0
-127.000   43.000 -0.00300 0
-127.000   44.000 -0.00335 0
-127.000   45.000 -0.00244 0
-127.000   46.000 -0.00154 0
-127.000   47.000 -0.00068 0
-127.000   48.000 -0.00034 0
-127.000   49.000  0.00000 0
-127.000   50.000  0.00000 0
-126.000   25.000  0.01093 1
-126.000   26.000  0.01051 1
-126.000   27.000  0.01014 2
-126.000   28.000  0.00783 1
-126.000   29.000  0.00541 1
-126.000   30.000  0.00324 0
-126.000   31.000  0.00139 0
-126.000   32.000 -0.00034 0
-126.000   33.000 -0.00017 0
-126.000   34.000  0.00000 0
-126.000   35.000  0.00396 0
-126.000   36.000  0.00791 0
-126.000   37.000  0.01187 0
-126.000   38.000  0.01187 0
-126.000   39.000  0.01187 0
-126.000   40.000  0.00655 0
-126.000   41.000  0.00124 0
-126.000   42.000 -0.00397 1
-126.000   43.000 -0.00465 1
-126.000   44.000 -0.00533 1
-126.000   45.000 -0.00398 0
-126.000   46.000 -0.00262 0
-126.000   47.000 -0.00137 0
-126.000   48.000 -0.00068 0
-126.000   49.000  0.00000 0
-126.000   50.000  0.00000 0
-125.000   25.000  0.01791 2
-125.000   26.000  0.01521 1
-125.000   27.000  0.01359 2
-125.000   28.000  0.00974 1
-125.000   29.000  0.00536 1
-125.000   30.000  0.00216 0
-125.000   31.000  0.00074 0
-125.000   32.000 -0.00069 0
-125.000   33.000 -0.00034 0
-125.000   34.000  0.00000 0
-125.000   35.000  0.00791 0
-125.000   36.000  0.01583 0
-125.000   37.000  0.02374 0
-125.000   38.000  0.02374 0
-125.000   39.000  0.02374 0
-125.000   40.000  0.01340 0
-125.000   41.000  0.00306 0
-125.000   42.000 -0.00681 1
-125.000   43.000 -0.00784 1
-125.000   44.000 -0.00886 2
-125.000   45.000 -0.00644 1
-125.000   46.000 -0.00401 1
-125.000   47.000 -0.00205 0
-125.000   48.000 -0.00103 0
-125.000   49.000  0.00000 0
-125.000   50.000  0.00000 0
-124.000   25.000  0.02426 4
-124.000   26.000  0.02060 3
-124.000   27.000  0.01798 5
-124.000   28.000  0.01274 2
-124.000   29.000  0.00665 3
-124.000   30.000  0.00181 1
-124.000   31.000 -0.00012 1
-124.000   32.000 -0.00162 0
-124.000   33.000 -0.00129 0
-124.000   34.000  0.00315 0
-124.000   35.000  0.01548 0
-124.000   36.000  0.02724 0
-124.000   37.000  0.03911 1
-124.000   38.000  0.03911 1
-124.000   39.000  0.03538 1
-124.000   40.000  0.02013 0
-124.000   41.000  0.00487 0
-124.000   42.000 -0.01002 1
-124.000   43.000 -0.01105 1
-124.000   44.000 -0.01207 2
-124.000   45.000 -0.00857 1
-124.000   46.000 -0.00508 1
-124.000   47.000 -0.00205 0
-124.000   48.000  0.00025 0
-124.000   49.000  0.00159 0
-124.000   50.000  0.00212 0
-123.000   25.000  0.01992 3
-123.000   26.000  0.01684 2
-123.000   27.000  0.01454 3
-123.000   28.000  0.01078 1
-123.000   29.000  0.00540 2
-123.000   30.000  0.00107 1
-123.000   31.000 -0.00045 1
-123.000   32.000 -0.00151 0
-123.000   33.000 -0.00162 0
-123.000   34.000  0.00630 0
-123.000   35.000  0.02294 0
-123.000   36.000  0.03842 0
-123.000   37.000  0.05029 1
-123.000   38.000  0.05029 1
-123.000   39.000  0.04283 1
-123.000   40.000  0.02324 0
-123.000   41.000  0.00364 0
-123.000   42.000 -0.01187 1
-123.000   43.000 -0.01289 1
-123.000   44.000 -0.01392 2
-123.000   45.000 -0.01046 1
-123.000   46.000 -0.00699 1
-123.000   47.000 -0.00400 0
-123.000   48.000 -0.00043 0
-123.000   49.000  0.00075 0
-123.000   50.000  0.00208 0
-122.000   25.000  0.01547 3
-122.000   26.000  0.01300 4
-122.000   27.000  0.01103 4
-122.000   28.000  0.00896 3
-122.000   29.000  0.00456 3
-122.000   30.000  0.00157 3
-122.000   31.000  0.00046 2
-122.000   32.000 -0.00002 1
-122.000   33.000 -0.00056 0
-122.000   34.000  0.00879 0
-122.000   35.000  0.02891 0
-122.000   36.000  0.04812 1
-122.000   37.000  0.05984 2
-122.000   38.000  0.05968 2
-122.000   39.000  0.05029 1
-122.000   40.000  0.02742 0
-122.000   41.000  0.00455 0
-122.000   42.000 -0.01056 1
-122.000   43.000 -0.01125 1
-122.000   44.000 -0.01193 1
-122.000   45.000 -0.00957 0
-122.000   46.000 -0.00721 0
-122.000   47.000 -0.00527 0
-122.000   48.000 -0.00173 0
-122.000   49.000 -0.00131 0
-122.000   50.000  0.00042 1
-121.000   25.000  0.00768 2
-121.000   26.000  0.00725 3
-121.000   27.000  0.00685 3
-121.000   28.000  0.00750 3
-121.000   29.000  0.00601 3
-121.000   30.000  0.00511 3
-121.000   31.000  0.00392 2
-121.000   32.000  0.00318 1
-121.000   33.000  0.00179 0
-121.000   34.000  0.00916 0
-121.000   35.000  0.02215 0
-121.000   36.000  0.03527 1
-121.000   37.000  0.04287 1
-121.000   38.000  0.04256 1
-121.000   39.000  0.03415 0
-121.000   40.000  0.01783 0
-121.000   41.000  0.00150 0
-121.000   42.000 -0.00926 1
-121.000   43.000 -0.00960 1
-121.000   44.000 -0.00994 1
-121.000   45.000 -0.00868 0
-121.000   46.000 -0.00742 0
-121.000   47.000 -0.00654 1
-121.000   48.000 -0.00400 1
-121.000   49.000 -0.00458 1
-121.000   50.000 -0.00286 1
-120.000   25.000  0.00447 2
-120.000   26.000  0.00693 3
-120.000   27.000  0.00769 3
-120.000   28.000  0.00994 3
-120.000   29.000  0.00962 3
-120.000   30.000  0.00844 4
-120.000   31.000  0.00371 3
-120.000   32.000  0.00097 2
-120.000   33.000 -0.00072 0
-120.000   34.000  0.00713 1
-120.000   35.000  0.01722 1
-120.000   36.000  0.02613 2
-120.000   37.000  0.03068 1
-120.000   38.000  0.02979 1
-120.000   39.000  0.02086 0
-120.000   40.000  0.00885 0
-120.000   41.000 -0.00032 0
-120.000   42.000 -0.00642 0
-120.000   43.000 -0.00642 0
-120.000   44.000 -0.00642 0
-120.000   45.000 -0.00991 0
-120.000   46.000 -0.01340 0
-120.000   47.000 -0.01540 1
-120.000   48.000 -0.01386 1
-120.000   49.000 -0.01733 2
-120.000   50.000 -0.01372 2
-119.000   25.000 -0.00090 2
-119.000   26.000  0.00309 2
-119.000   27.000  0.00511 4
-119.000   28.000  0.00900 2
-119.000   29.000  0.00958 4
-119.000   30.000  0.00789 3
-119.000   31.000  0.00114 3
-119.000   32.000 -0.00406 1
-119.000   33.000 -0.00530 0
-119.000   34.000 -0.00014 1
-119.000   35.000  0.00802 1
-119.000   36.000  0.01282 2
-119.000   37.000  0.01538 1
-119.000   38.000  0.01371 1
-119.000   39.000  0.00780 0
-119.000   40.000 -0.00001 0
-119.000   41.000 -0.00214 0
-119.000   42.000 -0.00321 0
-119.000   43.000 -0.00321 0
-119.000   44.000 -0.00321 0
-119.000   45.000 -0.01146 0
-119.000   46.000 -0.01970 0
-119.000   47.000 -0.02645 1
-119.000   48.000 -0.02619 1
-119.000   49.000 -0.03274 2
-119.000   50.000 -0.02813 1
-118.000   25.000 -0.00040 1
-118.000   26.000  0.00355 1
-118.000   27.000  0.00521 2
-118.000   28.000  0.00796 1
-118.000   29.000  0.00746 2
-118.000   30.000  0.00406 2
-118.000   31.000 -0.00382 3
-118.000   32.000 -0.00925 2
-118.000   33.000 -0.00862 2
-118.000   34.000 -0.00347 2
-118.000   35.000  0.00423 3
-118.000   36.000  0.00637 3
-118.000   37.000  0.00942 2
-118.000   38.000  0.00690 1
-118.000   39.000  0.00253 0
-118.000   40.000 -0.00267 0
-118.000   41.000  0.00000 0
-118.000   42.000  0.00000 0
-118.000   43.000  0.00000 0
-118.000   44.000 -0.00004 0
-118.000   45.000 -0.01058 0
-118.000   46.000 -0.02017 0
-118.000   47.000 -0.02871 1
-118.000   48.000 -0.02879 1
-118.000   49.000 -0.03593 2
-118.000   50.000 -0.03036 1
-117.000   25.000  0.00010 2
-117.000   26.000  0.00400 2
-117.000   27.000  0.00531 4
-117.000   28.000  0.00677 2
-117.000   29.000  0.00515 3
-117.000   30.000 -0.00065 1
-117.000   31.000 -0.00887 2
-117.000   32.000 -0.01319 1
-117.000   33.000 -0.01064 2
-117.000   34.000 -0.00503 1
-117.000   35.000  0.00154 2
-117.000   36.000  0.00023 2
-117.000   37.000  0.00244 2
-117.000   38.000 -0.00085 1
-117.000   39.000 -0.00410 0
-117.000   40.000 -0.00639 0
-117.000   41.000  0.00000 0
-117.000   42.000  0.00000 0
-117.000   43.000  0.00000 0
-117.000   44.000 -0.00009 0
-117.000   45.000 -0.01001 0
-117.000   46.000 -0.01851 0
-117.000   47.000 -0.02546 1
-117.000   48.000 -0.02490 1
-117.000   49.000 -0.03102 1
-117.000   50.000 -0.02482 0
-116.000   25.000  0.00602 1
-116.000   26.000  0.00928 1
-116.000   27.000  0.00964 3
-116.000   28.000  0.00926 2
-116.000   29.000  0.00535 3
-116.000   30.000 -0.00406 1
-116.000   31.000 -0.01323 3
-116.000   32.000 -0.01681 2
-116.000   33.000 -0.01293 4
-116.000   34.000 -0.00448 2
-116.000   35.000  0.00764 4
-116.000   36.000  0.00872 2
-116.000   37.000  0.01009 2
-116.000   38.000  0.00606 0
-116.000   39.000  0.00099 0
-116.000   40.000 -0.00426 0
-116.000   41.000  0.00000 0
-116.000   42.000 -0.00585 0
-116.000   43.000 -0.01170 0
-116.000   44.000 -0.01457 0
-116.000   45.000 -0.02509 0
-116.000   46.000 -0.03331 1
-116.000   47.000 -0.03325 2
-116.000   48.000 -0.02568 3
-116.000   49.000 -0.02851 2
-116.000   50.000 -0.02048 1
-115.000   25.000  0.00596 1
-115.000   26.000  0.00891 1
-115.000   27.000  0.00936 3
-115.000   28.000  0.00892 2
-115.000   29.000  0.00576 3
-115.000   30.000 -0.00322 1
-115.000   31.000 -0.01026 2
-115.000   32.000 -0.01894 1
-115.000   33.000 -0.02158 2
-115.000   34.000 -0.02042 1
-115.000   35.000 -0.00937 2
-115.000   36.000 -0.00802 1
-115.000   37.000 -0.00157 1
-115.000   38.000  0.00097 0
-115.000   39.000  0.00241 0
-115.000   40.000 -0.00213 0
-115.000   41.000  0.00000 0
-115.000   42.000 -0.01170 0
-115.000   43.000 -0.02340 0
-115.000   44.000 -0.03041 0
-115.000   45.000 -0.03970 0
-115.000   46.000 -0.04542 1
-115.000   47.000 -0.03727 1
-115.000   48.000 -0.02312 2
-115.000   49.000 -0.02013 1
-115.000   50.000 -0.01137 1
-114.000   25.000  0.00840 1
-114.000   26.000  0.01079 1
-114.000   27.000  0.01128 4
-114.000   28.000  0.01115 3
-114.000   29.000  0.00937 6
-114.000   30.000  0.00185 3
-114.000   31.000 -0.00336 4
-114.000   32.000 -0.01648 1
-114.000   33.000 -0.02679 2
-114.000   34.000 -0.03428 1
-114.000   35.000 -0.02571 2
-114.000   36.000 -0.02410 1
-114.000   37.000 -0.01362 1
-114.000   38.000 -0.00431 0
-114.000   39.000  0.00384 0
-114.000   40.000  0.00000 0
-114.000   41.000  0.00000 0
-114.000   42.000 -0.01755 0
-114.000   43.000 -0.03509 0
-114.000   44.000 -0.04607 1
-114.000   45.000 -0.05469 1
-114.000   46.000 -0.05856 3
-114.000   47.000 -0.04149 2
-114.000   48.000 -0.02212 4
-114.000   49.000 -0.01392 2
-114.000   50.000 -0.00419 2
-113.000   25.000  0.00987 1
-113.000   26.000  0.01147 1
-113.000   27.000  0.01298 3
-113.000   28.000  0.01540 2
-113.000   29.000  0.01690 4
-113.000   30.000  0.00983 2
-113.000   31.000  0.00479 2
-113.000   32.000 -0.01262 0
-113.000   33.000 -0.03278 0
-113.000   34.000 -0.05219 1
-113.000   35.000 -0.04622 1
-113.000   36.000 -0.04444 1
-113.000   37.000 -0.03083 0
-113.000   38.000 -0.01467 0
-113.000   39.000  0.00165 0
-113.000   40.000  0.00000 0
-113.000   41.000  0.00000 0
-113.000   42.000 -0.01755 0
-113.000   43.000 -0.03509 0
-113.000   44.000 -0.04962 1
-113.000   45.000 -0.05997 1
-113.000   46.000 -0.06536 2
-113.000   47.000 -0.04824 1
-113.000   48.000 -0.03111 2
-113.000   49.000 -0.02073 1
-113.000   50.000 -0.01039 1
-112.000   25.000  0.01080 1
-112.000   26.000  0.01133 1
-112.000   27.000  0.01343 4
-112.000   28.000  0.01841 3
-112.000   29.000  0.02295 6
-112.000   30.000  0.01652 3
-112.000   31.000  0.01118 3
-112.000   32.000 -0.00903 0
-112.000   33.000 -0.03311 0
-112.000   34.000 -0.05684 1
-112.000   35.000 -0.05199 1
-112.000   36.000 -0.04924 1
-112.000   37.000 -0.03339 0
-112.000   38.000 -0.01632 0
-112.000   39.000  0.00083 0
-112.000   40.000  0.00000 0
-112.000   41.000  0.00000 0
-112.000   42.000 -0.01755 0
-112.000   43.000 -0.03509 0
-112.000   44.000 -0.05317 1
-112.000   45.000 -0.06708 1
-112.000   46.000 -0.07537 3
-112.000   47.000 -0.06049 2
-112.000   48.000 -0.04562 4
-112.000   49.000 -0.03443 2
-112.000   50.000 -0.02273 2
-111.000   25.000  0.00622 0
-111.000   26.000  0.00607 0
-111.000   27.000  0.00812 1
-111.000   28.000  0.01353 1
-111.000   29.000  0.01895 2
-111.000   30.000  0.01421 1
-111.000   31.000  0.00936 1
-111.000   32.000 -0.01198 1
-111.000   33.000 -0.03673 1
-111.000   34.000 -0.06148 2
-111.000   35.000 -0.05776 1
-111.000   36.000 -0.05404 1
-111.000   37.000 -0.03596 0
-111.000   38.000 -0.01798 0
-111.000   39.000  0.00000 0
-111.000   40.000  0.00000 0
-111.000   41.000  0.00000 0
-111.000   42.000 -0.01170 0
-111.000   43.000 -0.02340 0
-111.000   44.000 -0.03870 0
-111.000   45.000 -0.05135 0
-111.000   46.000 -0.05927 1
-111.000   47.000 -0.05075 1
-111.000   48.000 -0.04224 2
-111.000   49.000 -0.03367 1
-111.000   50.000 -0.02380 1
-110.000   25.000  0.00165 0
-110.000   26.000  0.00078 0
-110.000   27.000  0.00256 2
-110.000   28.000  0.00800 2
-110.000   29.000  0.01345 3
-110.000   30.000  0.01009 1
-110.000   31.000  0.00673 1
-110.000   32.000 -0.00729 1
-110.000   33.000 -0.02540 1
-110.000   34.000 -0.04351 1
-110.000   35.000 -0.03978 0
-110.000   36.000 -0.03606 0
-110.000   37.000 -0.02397 0
-110.000   38.000 -0.01199 0
-110.000   39.000  0.00000 0
-110.000   40.000  0.00000 0
-110.000   41.000  0.00000 0
-110.000   42.000 -0.00585 0
-110.000   43.000 -0.01170 0
-110.000   44.000 -0.02285 0
-110.000   45.000 -0.03306 0
-110.000   46.000 -0.03979 1
-110.000   47.000 -0.03719 1
-110.000   48.000 -0.03459 2
-110.000   49.000 -0.02929 1
-110.000   50.000 -0.02204 1
-109.000   25.000 -0.00177 0
-109.000   26.000 -0.00266 0
-109.000   27.000 -0.00117 1
-109.000   28.000  0.00371 1
-109.000   29.000  0.00859 1
-109.000   30.000  0.00593 0
-109.000   31.000  0.00327 0
-109.000   32.000 -0.00379 1
-109.000   33.000 -0.01466 1
-109.000   34.000 -0.02553 1
-109.000   35.000 -0.02181 0
-109.000   36.000 -0.01808 0
-109.000   37.000 -0.01199 0
-109.000   38.000 -0.00599 0
-109.000   39.000  0.00000 0
-109.000   40.000  0.00000 0
-109.000   41.000  0.00000 0
-109.000   42.000  0.00000 0
-109.000   43.000  0.00000 0
-109.000   44.000 -0.00719 0
-109.000   45.000 -0.01438 0
-109.000   46.000 -0.01929 0
-109.000   47.000 -0.02191 0
-109.000   48.000 -0.02454 0
-109.000   49.000 -0.02168 0
-109.000   50.000 -0.01693 0
-108.000   25.000 -0.00201 0
-108.000   26.000 -0.00301 0
-108.000   27.000 -0.00274 1
-108.000   28.000 -0.00030 1
-108.000   29.000  0.00213 1
-108.000   30.000  0.00086 0
-108.000   31.000 -0.00042 0
-108.000   32.000 -0.00257 0
-108.000   33.000 -0.00501 0
-108.000   34.000 -0.00744 0
-108.000   35.000 -0.00496 0
-108.000   36.000 -0.00248 0
-108.000   37.000  0.00000 0
-108.000   38.000  0.00000 0
-108.000   39.000  0.00000 0
-108.000   40.000  0.00000 0
-108.000   41.000  0.00000 0
-108.000   42.000  0.00000 0
-108.000   43.000  0.00000 0
-108.000   44.000 -0.00359 0
-108.000   45.000 -0.00719 0
-108.000   46.000 -0.00964 0
-108.000   47.000 -0.01096 0
-108.000   48.000 -0.01227 0
-108.000   49.000 -0.01084 0
-108.000   50.000 -0.00847 0
-107.000   25.000 -0.00170 0
-107.000   26.000 -0.00255 0
-107.000   27.000 -0.00306 0
-107.000   28.000 -0.00306 0
-107.000   29.000 -0.00306 0
-107.000   30.000 -0.00328 0
-107.000   31.000 -0.00350 0
-107.000   32.000 -0.00372 0
-107.000   33.000 -0.00372 0
-107.000   34.000 -0.00372 0
-107.000   35.000 -0.00248 0
-107.000   36.000 -0.00124 0
-107.000   37.000  0.00000 0
-107.000   38.000  0.00000 0
-107.000   39.000  0.00000 0
-107.000   40.000  0.00000 0
-107.000   41.000  0.00000 0
-107.000   42.000  0.00000 0
-107.000   43.000  0.00000 0
-107.000   44.000  0.00000 0
-107.000   45.000  0.00000 0
-107.000   46.000  0.00000 0
-107.000   47.000  0.00000 0
-107.000   48.000  0.00000 0
-107.000   49.000  0.00000 0
-107.000   50.000  0.00000 0
-106.000   25.000 -0.00085 0
-106.000   26.000 -0.00128 0
-106.000   27.000 -0.00153 0
-106.000   28.000 -0.00153 0
-106.000   29.000 -0.00153 0
-106.000   30.000 -0.00102 0
-106.000   31.000 -0.00051 0
-106.000   32.000  0.00000 0
-106.000   33.000  0.00000 0
-106.000   34.000  0.00000 0
-106.000   35.000  0.00000 0
-106.000   36.000  0.00000 0
-106.000   37.000  0.00000 0
-106.000   38.000  0.00000 0
-106.000   39.000  0.00000 0
-106.000   40.000  0.00000 0
-106.000   41.000  0.00000 0
-106.000   42.000  0.00000 0
-106.000   43.000  0.00000 0
-106.000   44.000  0.00000 0
-106.000   45.000  0.00000 0
-106.000   46.000  0.00000 0
-106.000   47.000  0.00000 0
-106.000   48.000  0.00000 0
-106.000   49.000  0.00000 0
-106.000   50.000  0.00000 0
-105.000   25.000  0.00000 0
-105.000   26.000  0.00000 0
-105.000   27.000  0.00000 0
-105.000   28.000  0.00000 0
-105.000   29.000  0.00000 0
-105.000   30.000  0.00000 0
-105.000   31.000  0.00000 0
-105.000   32.000  0.00000 0
-105.000   33.000  0.00000 0
-105.000   34.000  0.00000 0
-105.000   35.000  0.00000 0
-105.000   36.000  0.00000 0
-105.000   37.000  0.00000 0
-105.000   38.000  0.00000 0
-105.000   39.000  0.00000 0
-105.000   40.000  0.00000 0
-105.000   41.000  0.00000 0
-105.000   42.000  0.00000 0
-105.000   43.000  0.00000 0
-105.000   44.000  0.00000 0
-105.000   45.000  0.00000 0
-105.000   46.000  0.00000 0
-105.000   47.000  0.00000 0
-105.000   48.000  0.00000 0
-105.000   49.000  0.00000 0
-105.000   50.000  0.00000 0
-104.000   25.000  0.00000 0
-104.000   26.000  0.00000 0
-104.000   27.000  0.00000 0
-104.000   28.000  0.00000 0
-104.000   29.000  0.00000 0
-104.000   30.000  0.00000 0
-104.000   31.000  0.00000 0
-104.000   32.000  0.00000 0
-104.000   33.000  0.00000 0
-104.000   34.000  0.00000 0
-104.000   35.000  0.00000 0
-104.000   36.000  0.00000 0
-104.000   37.000  0.00000 0
-104.000   38.000  0.00000 0
-104.000   39.000  0.00000 0
-104.000   40.000  0.00000 0
-104.000   41.000  0.00000 0
-104.000   42.000  0.00000 0
-104.000   43.000  0.00000 0
-104.000   44.000  0.00000 0
-104.000   45.000  0.00000 0
-104.000   46.000  0.00000 0
-104.000   47.000  0.00000 0
-104.000   48.000  0.00000 0
-104.000   49.000  0.00000 0
-104.000   50.000  0.00000 0
-103.000   25.000  0.00000 0
-103.000   26.000  0.00000 0
-103.000   27.000  0.00000 0
-103.000   28.000  0.00000 0
-103.000   29.000  0.00000 0
-103.000   30.000  0.00000 0
-103.000   31.000  0.00000 0
-103.000   32.000  0.00000 0
-103.000   33.000  0.00000 0
-103.000   34.000  0.00000 0
-103.000   35.000  0.00000 0
-103.000   36.000  0.00000 0
-103.000   37.000  0.00000 0
-103.000   38.000  0.00000 0
-103.000   39.000  0.00000 0
-103.000   40.000  0.00000 0
-103.000   41.000  0.00000 0
-103.000   42.000  0.00000 0
-103.000   43.000  0.00000 0
-103.000   44.000  0.00000 0
-103.000   45.000  0.00000 0
-103.000   46.000  0.00000 0
-103.000   47.000  0.00000 0
-103.000   48.000  0.00000 0
-103.000   49.000  0.00000 0
-103.000   50.000  0.00000 0
-102.000   25.000  0.00000 0
-102.000   26.000  0.00000 0
-102.000   27.000  0.00000 0
-102.000   28.000  0.00000 0
-102.000   29.000  0.00000 0
-102.000   30.000  0.00000 0
-102.000   31.000  0.00000 0
-102.000   32.000  0.00000 0
-102.000   33.000  0.00000 0
-102.000   34.000  0.00000 0
-102.000   35.000  0.00000 0
-102.000   36.000  0.00000 0
-102.000   37.000  0.00000 0
-102.000   38.000  0.00000 0
-102.000   39.000  0.00000 0
-102.000   40.000  0.00000 0
-102.000   41.000  0.00000 0
-102.000   42.000  0.00000 0
-102.000   43.000  0.00000 0
-102.000   44.000  0.00000 0
-102.000   45.000  0.00000 0
-102.000   46.000  0.00000 0
-102.000   47.000  0.00000 0
-102.000   48.000  0.00000 0
-102.000   49.000  0.00000 0
-102.000   50.000  0.00000 0
-101.000   25.000  0.00000 0
-101.000   26.000  0.00000 0
-101.000   27.000  0.00000 0
-101.000   28.000  0.00000 0
-101.000   29.000  0.00000 0
-101.000   30.000  0.00000 0
-101.000   31.000  0.00000 0
-101.000   32.000  0.00000 0
-101.000   33.000  0.00000 0
-101.000   34.000  0.00000 0
-101.000   35.000  0.00000 0
-101.000   36.000  0.00000 0
-101.000   37.000  0.00000 0
-101.000   38.000  0.00000 0
-101.000   39.000  0.00000 0
-101.000   40.000  0.00000 0
-101.000   41.000  0.00000 0
-101.000   42.000  0.00000 0
-101.000   43.000  0.00000 0
-101.000   44.000  0.00000 0
-101.000   45.000  0.00000 0
-101.000   46.000  0.00000 0
-101.000   47.000  0.00000 0
-101.000   48.000  0.00000 0
-101.000   49.000  0.00000 0
-101.000   50.000  0.00000 0
-100.000   25.000  0.00000 0
-100.000   26.000  0.00000 0
-100.000   27.000 -0.00031 0
-100.000   28.000 -0.00062 0
-100.000   29.000 -0.00093 0
-100.000   30.000 -0.00093 0
-100.000   31.000 -0.00093 0
-100.000   32.000 -0.00062 0
-100.000   33.000 -0.00031 0
-100.000   34.000  0.00000 0
-100.000   35.000  0.00000 0
-100.000   36.000  0.00000 0
-100.000   37.000  0.00000 0
-100.000   38.000  0.00000 0
-100.000   39.000  0.00000 0
-100.000   40.000  0.00000 0
-100.000   41.000  0.00000 0
-100.000   42.000  0.00000 0
-100.000   43.000  0.00000 0
-100.000   44.000  0.00000 0
-100.000   45.000  0.00000 0
-100.000   46.000  0.00000 0
-100.000   47.000  0.00000 0
-100.000   48.000  0.00000 0
-100.000   49.000  0.00000 0
-100.000   50.000  0.00000 0
 -99.000   25.000  0.00000 0
 -99.000   26.000  0.00000 0
 -99.000   27.000 -0.00062 0
 -99.000   28.000 -0.00124 0
 -99.000   29.000 -0.00186 0
 -99.000   30.000 -0.00186 0
 -99.000   31.000 -0.00186 0
 -99.000   32.000 -0.00124 0
 -99.000   33.000 -0.00062 0
 -99.000   34.000  0.00000 0
 -99.000   35.000  0.00000 0
 -99.000   36.000  0.00000 0
 -99.000   37.000  0.00000 0
 -99.000   38.000  0.00000 0
 -99.000   39.000  0.00000 0
 -99.000   40.000  0.00000 0
 -99.000   41.000  0.00000 0
 -99.000   42.000  0.00000 0
 -99.000   43.000  0.00000 0
 -99.000   44.000  0.00000 0
 -99.000   45.000  0.00000 0
 -99.000   46.000  0.00000 0
 -99.000   47.000  0.00000 0
 -99.000   48.000  0.00000 0
 -99.000   49.000  0.00000 0
 -99.000   50.000  0.00000 0
 -98.000   25.000  0.00000 0
 -98.000   26.000  0.00000 0
 -98.000   27.000 -0.00097 0
 -98.000   28.000 -0.00195 0
 -98.000   29.000 -0.00292 1
 -98.000   30.000 -0.00292 1
 -98.000   31.000 -0.00292 1
 -98.000   32.000 -0.00195 0
 -98.000   33.000 -0.00097 0
 -98.000   34.000  0.00000 0
 -98.000   35.000  0.00000 0
 -98.000   36.000  0.00000 0
 -98.000   37.000  0.00000 0
 -98.000   38.000  0.00000 0
 -98.000   39.000  0.00000 0
 -98.000   40.000  0.00000 0
 -98.000   41.000  0.00000 0
 -98.000   42.000  0.00000 0
 -98.000   43.000  0.00000 0
 -98.000   44.000  0.00000 0
 -98.000   45.000  0.00000 0
 -98.000   46.000  0.00000 0
 -98.000   47.000  0.00000 0
 -98.000   48.000  0.00000 0
 -98.000   49.000  0.00000 0
 -98.000   50.000  0.00000 0
 -97.000   25.000 -0.00039 0
 -97.000   26.000 -0.00058 0
 -97.000   27.000 -0.00175 0
 -97.000   28.000 -0.00313 0
 -97.000   29.000 -0.00450 1
 -97.000   30.000 -0.00426 1
 -97.000   31.000 -0.00403 1
 -97.000   32.000 -0.00274 0
 -97.000   33.000 -0.00137 0
 -97.000   34.000  0.00000 0
 -97.000   35.000  0.00000 0
 -97.000   36.000  0.00000 0
 -97.000   37.000  0.00000 0
 -97.000   38.000  0.00000 0
 -97.000   39.000  0.00000 0
 -97.000   40.000  0.00000 0
 -97.000   41.000  0.00000 0
 -97.000   42.000  0.00000 0
 -97.000   43.000  0.00000 0
 -97.000   44.000  0.00000 0
 -97.000   45.000  0.00000 0
 -97.000   46.000  0.00000 0
 -97.000   47.000  0.00000 0
 -97.000   48.000  0.00000 0
 -97.000   49.000  0.00000 0
 -97.000   50.000  0.00000 0
 -96.000   25.000 -0.00078 0
 -96.000   26.000 -0.00116 0
 -96.000   27.000 -0.00260 0
 -96.000   28.000 -0.00443 0
 -96.000   29.000 -0.00625 2
 -96.000   30.000 -0.00551 2
 -96.000   31.000 -0.00477 2
 -96.000   32.000 -0.00282 0
 -96.000   33.000 -0.00099 0
 -96.000   34.000  0.00083 0
 -96.000   35.000  0.00056 0
 -96.000   36.000  0.00028 0
 -96.000   37.000  0.00000 0
 -96.000   38.000  0.00000 0
 -96.000   39.000  0.00000 0
 -96.000   40.000  0.00000 0
 -96.000   41.000  0.00000 0
 -96.000   42.000  0.00000 0
 -96.000   43.000  0.00000 0
 -96.000   44.000  0.00000 0
 -96.000   45.000  0.00000 0
 -96.000   46.000  0.00000 0
 -96.000   47.000  0.00000 0
 -96.000   48.000  0.00000 0
 -96.000   49.000  0.00000 0
 -96.000   50.000  0.00000 0
 -95.000   25.000 -0.00116 0
 -95.000   26.000 -0.00174 0
 -95.000   27.000 -0.00313 1
 -95.000   28.000 -0.00505 1
 -95.000   29.000 -0.00697 2
 -95.000   30.000 -0.00600 1
 -95.000   31.000 -0.00475 1
 -95.000   32.000 -0.00246 0
 -95.000   33.000 -0.00054 0
 -95.000   34.000  0.00138 0
 -95.000   35.000  0.00111 0
 -95.000   36.000  0.00056 0
 -95.000   37.000  0.00000 0
 -95.000   38.000  0.00000 0
 -95.000   39.000  0.00000 0
 -95.000   40.000  0.00000 0
 -95.000   41.000  0.00000 0
 -95.000   42.000  0.00000 0
 -95.000   43.000  0.00000 0
 -95.000   44.000  0.00000 0
 -95.000   45.000  0.00000 0
 -95.000   46.000  0.00000 0
 -95.000   47.000  0.00000 0
 -95.000   48.000  0.00000 0
 -95.000   49.000  0.00000 0
 -95.000   50.000  0.00000 0
 -94.000   25.000 -0.00072 0
 -94.000   26.000 -0.00108 0
 -94.000   27.000 -0.00246 1
 -94.000   28.000 -0.00443 1
 -94.000   29.000 -0.00623 3
 -94.000   30.000 -0.00544 2
 -94.000   31.000 -0.00416 2
 -94.000   32.000 -0.00173 1
 -94.000   33.000  0.00025 1
 -94.000   34.000  0.00205 1
 -94.000   35.000  0.00168 0
 -94.000   36.000  0.00083 0
 -94.000   37.000  0.00000 0
 -94.000   38.000  0.00000 0
 -94.000   39.000  0.00000 0
 -94.000   40.000  0.00000 0
 -94.000   41.000  0.00000 0
 -94.000   42.000  0.00000 0
 -94.000   43.000  0.00000 0
 -94.000   44.000  0.00000 0
 -94.000   45.000  0.00000 0
 -94.000   46.000  0.00000 0
 -94.000   47.000  0.00000 0
 -94.000   48.000  0.00000 0
 -94.000   49.000  0.00000 0
 -94.000   50.000  0.00000 0
 -93.000   25.000 -0.00028 0
 -93.000   26.000 -0.00042 0
 -93.000   27.000 -0.00158 1
 -93.000   28.000 -0.00348 1
 -93.000   29.000 -0.00502 2
 -93.000   30.000 -0.00460 2
 -93.000   31.000 -0.00360 2
 -93.000   32.000 -0.00175 2
 -93.000   33.000  0.00006 1
 -93.000   34.000  0.00150 1
 -93.000   35.000  0.00125 0
 -93.000   36.000  0.00042 0
 -93.000   37.000 -0.00019 0
 -93.000   38.000 -0.00010 0
 -93.000   39.000  0.00000 0
 -93.000   40.000  0.00000 0
 -93.000   41.000  0.00000 0
 -93.000   42.000  0.00000 0
 -93.000   43.000  0.00000 0
 -93.000   44.000  0.00000 0
 -93.000   45.000  0.00000 0
 -93.000   46.000  0.00000 0
 -93.000   47.000  0.00000 0
 -93.000   48.000  0.00000 0
 -93.000   49.000  0.00000 0
 -93.000   50.000  0.00000 0
 -92.000   25.000  0.00102 0
 -92.000   26.000  0.00153 0
 -92.000   27.000  0.00037 1
 -92.000   28.000 -0.00137 1
 -92.000   29.000 -0.00270 3
 -92.000   30.000 -0.00326 3
 -92.000   31.000 -0.00323 4
 -92.000   32.000 -0.00199 3
 -92.000   33.000 -0.00045 2
 -92.000   34.000  0.00069 1
 -92.000   35.000  0.00063 0
 -92.000   36.000 -0.00000 0
 -92.000   37.000 -0.00039 0
 -92.000   38.000 -0.00019 0
 -92.000   39.000  0.00000 0
 -92.000   40.000  0.00000 0
 -92.000   41.000  0.00000 0
 -92.000   42.000  0.00000 0
 -92.000   43.000  0.00000 0
 -92.000   44.000  0.00000 0
 -92.000   45.000  0.00000 0
 -92.000   46.000  0.00000 0
 -92.000   47.000  0.00000 0
 -92.000   48.000  0.00000 0
 -92.000   49.000  0.00000 0
 -92.000   50.000  0.00000 0
 -91.000   25.000  0.00278 0
 -91.000   26.000  0.00417 0
 -91.000   27.000  0.00300 1
 -91.000   28.000  0.00150 1
 -91.000   29.000  0.00030 2
 -91.000   30.000 -0.00205 2
 -91.000   31.000 -0.00381 3
 -91.000   32.000 -0.00357 3
 -91.000   33.000 -0.00240 2
 -91.000   34.000 -0.00150 2
 -91.000   35.000 -0.00084 1
 -91.000   36.000 -0.00076 1
 -91.000   37.000 -0.00067 0
 -91.000   38.000 -0.00034 0
 -91.000   39.000 -0.00004 0
 -91.000   40.000 -0.00002 0
 -91.000   41.000  0.00000 0
 -91.000   42.000  0.00000 0
 -91.000   43.000  0.00000 0
 -91.000   44.000  0.00000 0
 -91.000   45.000  0.00000 0
 -91.000   46.000  0.00000 0
 -91.000   47.000  0.00000 0
 -91.000   48.000  0.00000 0
 -91.000   49.000  0.00000 0
 -91.000   50.000  0.00000 0
 -90.000   25.000  0.00424 0
 -90.000   26.000  0.00616 0
 -90.000   27.000  0.00523 2
 -90.000   28.000  0.00412 2
 -90.000   29.000  0.00313 5
 -90.000   30.000 -0.00005 3
 -90.000   31.000 -0.00298 5
 -90.000   32.000 -0.00353 3
 -90.000   33.000 -0.00274 3
 -90.000   34.000 -0.00202 2
 -90.000   35.000 -0.00118 1
 -90.000   36.000 -0.00068 1
 -90.000   37.000 -0.00043 0
 -90.000   38.000 -0.00024 0
 -90.000   39.000 -0.00009 0
 -90.000   40.000 -0.00004 0
 -90.000   41.000  0.00000 0
 -90.000   42.000 -0.00020 0
 -90.000   43.000 -0.00041 0
 -90.000   44.000 -0.00073 0
 -90.000   45.000 -0.00116 0
 -90.000   46.000 -0.00160 0
 -90.000   47.000 -0.00184 0
 -90.000   48.000 -0.00207 0
 -90.000   49.000 -0.00219 0
 -90.000   50.000 -0.00220 0
 -89.000   25.000  0.00462 0
 -89.000   26.000  0.00651 0
 -89.000   27.000  0.00585 1
 -89.000   28.000  0.00506 1
 -89.000   29.000  0.00411 3
 -89.000   30.000  0.00075 2
 -89.000   31.000 -0.00261 3
 -89.000   32.000 -0.00365 2
 -89.000   33.000 -0.00316 2
 -89.000   34.000 -0.00252 3
 -89.000   35.000 -0.00159 2
 -89.000   36.000 -0.00081 3
 -89.000   37.000 -0.00053 1
 -89.000   38.000 -0.00057 1
 -89.000   39.000 -0.00056 0
 -89.000   40.000 -0.00041 0
 -89.000   41.000 -0.00027 0
 -89.000   42.000 -0.00056 0
 -89.000   43.000 -0.00088 0
 -89.000   44.000 -0.00145 0
 -89.000   45.000 -0.00232 0
 -89.000   46.000 -0.00320 0
 -89.000   47.000 -0.00367 0
 -89.000   48.000 -0.00415 0
 -89.000   49.000 -0.00439 0
 -89.000   50.000 -0.00440 0
 -88.000   25.000  0.00470 1
 -88.000   26.000  0.00630 1
 -88.000   27.000  0.00590 4
 -88.000   28.000  0.00558 3
 -88.000   29.000  0.00476 7
 -88.000   30.000  0.00177 4
 -88.000   31.000 -0.00129 7
 -88.000   32.000 -0.00210 4
 -88.000   33.000 -0.00193 5
 -88.000   34.000 -0.00130 4
 -88.000   35.000 -0.00064 3
 -88.000   36.000 -0.00008 3
 -88.000   37.000 -0.00036 1
 -88.000   38.000 -0.00075 1
 -88.000   39.000 -0.00106 0
 -88.000   40.000 -0.00081 0
 -88.000   41.000 -0.00053 0
 -88.000   42.000 -0.00091 0
 -88.000   43.000 -0.00128 0
 -88.000   44.000 -0.00191 1
 -88.000   45.000 -0.00288 1
 -88.000   46.000 -0.00390 2
 -88.000   47.000 -0.00433 1
 -88.000   48.000 -0.00487 2
 -88.000   49.000 -0.00514 1
 -88.000   50.000 -0.00523 1
 -87.000   25.000  0.00739 1
 -87.000   26.000  0.00782 1
 -87.000   27.000  0.00717 3
 -87.000   28.000  0.00632 2
 -87.000   29.000  0.00485 5
 -87.000   30.000  0.00226 3
 -87.000   31.000 -0.00012 5
 -87.000   32.000 -0.00054 3
 -87.000   33.000 -0.00050 4
 -87.000   34.000  0.00003 4
 -87.000   35.000  0.00033 3
 -87.000   36.000  0.00046 4
 -87.000   37.000 -0.00041 3
 -87.000   38.000 -0.00112 4
 -87.000   39.000 -0.00167 3
 -87.000   40.000 -0.00138 2
 -87.000   41.000 -0.00106 1
 -87.000   42.000 -0.00132 0
 -87.000   43.000 -0.00166 0
 -87.000   44.000 -0.00217 1
 -87.000   45.000 -0.00310 1
 -87.000   46.000 -0.00396 2
 -87.000   47.000 -0.00439 1
 -87.000   48.000 -0.00480 2
 -87.000   49.000 -0.00506 1
 -87.000   50.000 -0.00509 1
 -86.000   25.000  0.00962 1
 -86.000   26.000  0.00865 1
 -86.000   27.000  0.00793 4
 -86.000   28.000  0.00667 3
 -86.000   29.000  0.00492 8
 -86.000   30.000  0.00352 5
 -86.000   31.000  0.00262 8
 -86.000   32.000  0.00263 5
 -86.000   33.000  0.00259 7
 -86.000   34.000  0.00283 7
 -86.000   35.000  0.00251 6
 -86.000   36.000  0.00186 5
 -86.000   37.000  0.00032 3
 -86.000   38.000 -0.00090 3
 -86.000   39.000 -0.00188 3
 -86.000   40.000 -0.00180 2
 -86.000   41.000 -0.00159 1
 -86.000   42.000 -0.00175 0
 -86.000   43.000 -0.00199 0
 -86.000   44.000 -0.00234 1
 -86.000   45.000 -0.00323 3
 -86.000   46.000 -0.00399 5
 -86.000   47.000 -0.00448 5
 -86.000   48.000 -0.00487 5
 -86.000   49.000 -0.00520 3
 -86.000   50.000 -0.00523 2
 -85.000   25.000  0.01057 1
 -85.000   26.000  0.00882 1
 -85.000   27.000  0.00780 3
 -85.000   28.000  0.00605 2
 -85.000   29.000  0.00406 6
 -85.000   30.000  0.00322 4
 -85.000   31.000  0.00320 6
 -85.000   32.000  0.00369 3
 -85.000   33.000  0.00400 4
 -85.000   34.000  0.00413 4
 -85.000   35.000  0.00359 4
 -85.000   36.000  0.00256 4
 -85.000   37.000  0.00077 3
 -85.000   38.000 -0.00069 4
 -85.000   39.000 -0.00172 5
 -85.000   40.000 -0.00174 6
 -85.000   41.000 -0.00152 5
 -85.000   42.000 -0.00134 4
 -85.000   43.000 -0.00130 3
 -85.000   44.000 -0.00117 3
 -85.000   45.000 -0.00166 4
 -85.000   46.000 -0.00197 4
 -85.000   47.000 -0.00247 4
 -85.000   48.000 -0.00271 3
 -85.000   49.000 -0.00308 2
 -85.000   50.000 -0.00316 1
 -84.000   25.000  0.00980 1
 -84.000   26.000  0.00744 1
 -84.000   27.000  0.00642 3
 -84.000   28.000  0.00465 2
 -84.000   29.000  0.00296 6
 -84.000   30.000  0.00305 4
 -84.000   31.000  0.00419 8
 -84.000   32.000  0.00502 5
 -84.000   33.000  0.00544 7
 -84.000   34.000  0.00548 6
 -84.000   35.000  0.00489 7
 -84.000   36.000  0.00372 6
 -84.000   37.000  0.00216 4
 -84.000   38.000  0.00083 3
 -84.000   39.000 -0.00016 3
 -84.000   40.000 -0.00047 4
 -84.000   41.000 -0.00044 4
 -84.000   42.000 -0.00020 4
 -84.000   43.000 -0.00011 3
 -84.000   44.000  0.00027 3
 -84.000   45.000  0.00014 5
 -84.000   46.000  0.00020 5
 -84.000   47.000 -0.00012 6
 -84.000   48.000 -0.00001 5
 -84.000   49.000 -0.00030 5
 -84.000   50.000 -0.00032 3
 -83.000   25.000  0.00630 2
 -83.000   26.000  0.00450 2
 -83.000   27.000  0.00360 5
 -83.000   28.000  0.00203 3
 -83.000   29.000  0.00080 7
 -83.000   30.000  0.00118 4
 -83.000   31.000  0.00251 8
 -83.000   32.000  0.00364 4
 -83.000   33.000  0.00458 5
 -83.000   34.000  0.00510 3
 -83.000   35.000  0.00518 4
 -83.000   36.000  0.00458 5
 -83.000   37.000  0.00352 4
 -83.000   38.000  0.00249 5
 -83.000   39.000  0.00160 4
 -83.000   40.000  0.00084 7
 -83.000   41.000  0.00045 7
 -83.000   42.000  0.00061 9
 -83.000   43.000  0.00066 7
 -83.000   44.000  0.00106 7
 -83.000   45.000  0.00112 6
 -83.000   46.000  0.00150 5
 -83.000   47.000  0.00135 4
 -83.000   48.000  0.00187 3
 -83.000   49.000  0.00176 3
 -83.000   50.000  0.00198 2
 -82.000   25.000 -0.00141 1
 -82.000   26.000 -0.00133 1
 -82.000   27.000 -0.00146 3
 -82.000   28.000 -0.00097 2
 -82.000   29.000 -0.00098 5
 -82.000   30.000  0.00017 3
 -82.000   31.000  0.00153 7
 -82.000   32.000  0.00304 4
 -82.000   33.000  0.00443 5
 -82.000   34.000  0.00554 5
 -82.000   35.000  0.00623 7
 -82.000   36.000  0.00627 10
 -82.000   37.000  0.00574 8
 -82.000   38.000  0.00494 8
 -82.000   39.000  0.00394 5
 -82.000   40.000  0.00257 5
 -82.000   41.000  0.00156 4
 -82.000   42.000  0.00121 5
 -82.000   43.000  0.00103 4
 -82.000   44.000  0.00132 5
 -82.000   45.000  0.00157 5
 -82.000   46.000  0.00209 6
 -82.000   47.000  0.00224 5
 -82.000   48.000  0.00295 4
 -82.000   49.000  0.00298 5
 -82.000   50.000  0.00324 4
 -81.000   25.000 -0.00899 2
 -81.000   26.000 -0.00715 2
 -81.000   27.000 -0.00664 6
 -81.000   28.000 -0.00432 4
 -81.000   29.000 -0.00374 9
 -81.000   30.000 -0.00283 5
 -81.000   31.000 -0.00215 9
 -81.000   32.000 -0.00027 4
 -81.000   33.000  0.00161 6
 -81.000   34.000  0.00379 5
 -81.000   35.000  0.00568 6
 -81.000   36.000  0.00696 7
 -81.000   37.000  0.00721 5
 -81.000   38.000  0.00688 6
 -81.000   39.000  0.00589 4
 -81.000   40.000  0.00423 7
 -81.000   41.000  0.00296 6
 -81.000   42.000  0.00211 9
 -81.000   43.000  0.00199 7
 -81.000   44.000  0.00237 9
 -81.000   45.000  0.00302 7
 -81.000   46.000  0.00358 7
 -81.000   47.000  0.00369 6
 -81.000   48.000  0.00376 4
 -81.000   49.000  0.00363 4
 -81.000   50.000  0.00343 2
 -80.000   25.000 -0.00782 1
 -80.000   26.000 -0.00603 2
 -80.000   27.000 -0.00570 4
 -80.000   28.000 -0.00368 4
 -80.000   29.000 -0.00375 6
 -80.000   30.000 -0.00371 5
 -80.000   31.000 -0.00391 7
 -80.000   32.000 -0.00223 5
 -80.000   33.000 -0.00054 6
 -80.000   34.000  0.00236 7
 -80.000   35.000  0.00522 7
 -80.000   36.000  0.00757 9
 -80.000   37.000  0.00824 7
 -80.000   38.000  0.00817 9
 -80.000   39.000  0.00718 7
 -80.000   40.000  0.00539 7
 -80.000   41.000  0.00418 5
 -80.000   42.000  0.00333 6
 -80.000   43.000  0.00369 5
 -80.000   44.000  0.00414 7
 -80.000   45.000  0.00510 5
 -80.000   46.000  0.00546 6
 -80.000   47.000  0.00537 5
 -80.000   48.000  0.00465 4
 -80.000   49.000  0.00439 4
 -80.000   50.000  0.00363 3
 -79.000   25.000 -0.00466 1
 -79.000   26.000 -0.00310 2
 -79.000   27.000 -0.00333 6
 -79.000   28.000 -0.00218 6
 -79.000   29.000 -0.00335 11
 -79.000   30.000 -0.00433 8
 -79.000   31.000 -0.00541 12
 -79.000   32.000 -0.00412 7
 -79.000   33.000 -0.00260 10
 -79.000   34.000  0.00021 7
 -79.000   35.000  0.00303 7
 -79.000   36.000  0.00543 6
 -79.000   37.000  0.00589 5
 -79.000   38.000  0.00601 6
 -79.000   39.000  0.00560 4
 -79.000   40.000  0.00455 5
 -79.000   41.000  0.00428 4
 -79.000   42.000  0.00423 7
 -79.000   43.000  0.00506 7
 -79.000   44.000  0.00533 9
 -79.000   45.000  0.00594 8
 -79.000   46.000  0.00572 7
 -79.000   47.000  0.00524 8
 -79.000   48.000  0.00429 5
 -79.000   49.000  0.00403 5
 -79.000   50.000  0.00334 2
 -78.000   25.000 -0.00013 2
 -78.000   26.000  0.00055 3
 -78.000   27.000 -0.00016 6
 -78.000   28.000  0.00016 5
 -78.000   29.000 -0.00134 8
 -78.000   30.000 -0.00183 6
 -78.000   31.000 -0.00232 9
 -78.000   32.000 -0.00120 6
 -78.000   33.000 -0.00002 8
 -78.000   34.000  0.00160 6
 -78.000   35.000  0.00284 7
 -78.000   36.000  0.00421 8
 -78.000   37.000  0.00432 8
 -78.000   38.000  0.00443 9
 -78.000   39.000  0.00419 8
 -78.000   40.000  0.00357 7
 -78.000   41.000  0.00340 7
 -78.000   42.000  0.00337 6
 -78.000   43.000  0.00368 7
 -78.000   44.000  0.00384 7
 -78.000   45.000  0.00405 7
 -78.000   46.000  0.00382 7
 -78.000   47.000  0.00320 6
 -78.000   48.000  0.00297 4
 -78.000   49.000  0.00287 3
 -78.000   50.000  0.00265 2
 -77.000   25.000  0.00359 3
 -77.000   26.000  0.00285 2
 -77.000   27.000  0.00181 6
 -77.000   28.000  0.00058 4
 -77.000   29.000 -0.00079 11
 -77.000   30.000 -0.00078 7
 -77.000   31.000 -0.00041 14
 -77.000   32.000  0.00052 7
 -77.000   33.000  0.00141 12
 -77.000   34.000  0.00166 6
 -77.000   35.000  0.00158 9
 -77.000   36.000  0.00208 7
 -77.000   37.000  0.00224 8
 -77.000   38.000  0.00271 6
 -77.000   39.000  0.00293 5
 -77.000   40.000  0.00281 4
 -77.000   41.000  0.00246 5
 -77.000   42.000  0.00197 4
 -77.000   43.000  0.00097 5
 -77.000   44.000  0.00099 6
 -77.000   45.000  0.00106 8
 -77.000   46.000  0.00113 8
 -77.000   47.000  0.00063 8
 -77.000   48.000  0.00117 6
 -77.000   49.000  0.00126 6
 -77.000   50.000  0.00113 4
 -76.000   25.000  0.00651 4
 -76.000   26.000  0.00449 3
 -76.000   27.000  0.00326 6
 -76.000   28.000  0.00095 3
 -76.000   29.000 -0.00005 7
 -76.000   30.000  0.00071 4
 -76.000   31.000  0.00225 9
 -76.000   32.000  0.00335 5
 -76.000   33.000  0.00394 9
 -76.000   34.000  0.00284 5
 -76.000   35.000  0.00160 8
 -76.000   36.000  0.00115 6
 -76.000   37.000  0.00087 8
 -76.000   38.000  0.00133 7
 -76.000   39.000  0.00200 8
 -76.000   40.000  0.00235 7
 -76.000   41.000  0.00188 9
 -76.000   42.000  0.00137 8
 -76.000   43.000 -0.00008 8
 -76.000   44.000 -0.00005 8
 -76.000   45.000 -0.00021 7
 -76.000   46.000 -0.00030 9
 -76.000   47.000 -0.00107 6
 -76.000   48.000 -0.00023 6
 -76.000   49.000 -0.00026 3
 -76.000   50.000 -0.00047 3
 -75.000   25.000  0.00323 4
 -75.000   26.000  0.00124 2
 -75.000   27.000  0.00042 6
 -75.000   28.000 -0.00137 4
 -75.000   29.000 -0.00146 10
 -75.000   30.000  0.00011 6
 -75.000   31.000  0.00245 12
 -75.000   32.000  0.00352 6
 -75.000   33.000  0.00380 12
 -75.000   34.000  0.00180 7
 -75.000   35.000 -0.00022 10
 -75.000   36.000 -0.00129 7
 -75.000   37.000 -0.00140 9
 -75.000   38.000 -0.00047 9
 -75.000   39.000  0.00089 8
 -75.000   40.000  0.00184 7
 -75.000   41.000  0.00160 6
 -75.000   42.000  0.00127 6
 -75.000   43.000 -0.00015 5
 -75.000   44.000 -0.00005 6
 -75.000   45.000 -0.00051 5
 -75.000   46.000 -0.00099 8
 -75.000   47.000 -0.00208 7
 -75.000   48.000 -0.00133 9
 -75.000   49.000 -0.00171 7
 -75.000   50.000 -0.00184 7
 -74.000   25.000 -0.00177 4
 -74.000   26.000 -0.00333 3
 -74.000   27.000 -0.00354 7
 -74.000   28.000 -0.00447 4
 -74.000   29.000 -0.00358 8
 -74.000   30.000 -0.00160 4
 -74.000   31.000  0.00092 8
 -74.000   32.000  0.00203 4
 -74.000   33.000  0.00202 8
 -74.000   34.000  0.00018 4
 -74.000   35.000 -0.00166 7
 -74.000   36.000 -0.00232 5
 -74.000   37.000 -0.00212 8
 -74.000   38.000 -0.00068 8
 -74.000   39.000  0.00068 9
 -74.000   40.000  0.00170 9
 -74.000   41.000  0.00102 9
 -74.000   42.000  0.00061 9
 -74.000   43.000 -0.00063 8
 -74.000   44.000 -0.00005 10
 -74.000   45.000 -0.00038 8
 -74.000   46.000 -0.00083 10
 -74.000   47.000 -0.00263 7
 -74.000   48.000 -0.00239 8
 -74.000   49.000 -0.00353 5
 -74.000   50.000 -0.00416 4
 -73.000   25.000 -0.00498 5
 -73.000   26.000 -0.00636 3
 -73.000   27.000 -0.00633 8
 -73.000   28.000 -0.00703 5
 -73.000   29.000 -0.00629 12
 -73.000   30.000 -0.00512 7
 -73.000   31.000 -0.00320 13
 -73.000   32.000 -0.00201 6
 -73.000   33.000 -0.00197 12
 -73.000   34.000 -0.00248 6
 -73.000   35.000 -0.00265 9
 -73.000   36.000 -0.00253 7
 -73.000   37.000 -0.00254 10
 -73.000   38.000 -0.00122 12
 -73.000   39.000  0.00010 10
 -73.000   40.000  0.00110 11
 -73.000   41.000  0.00089 7
 -73.000   42.000  0.00128 8
 -73.000   43.000  0.00103 5
 -73.000   44.000  0.00186 7
 -73.000   45.000  0.00230 5
 -73.000   46.000  0.00191 7
 -73.000   47.000 -0.00004 6
 -73.000   48.000 -0.00091 8
 -73.000   49.000 -0.00246 6
 -73.000   50.000 -0.00433 5
 -72.000   25.000 -0.00873 4
 -72.000   26.000 -0.00938 3
 -72.000   27.000 -0.00892 7
 -72.000   28.000 -0.00865 4
 -72.000   29.000 -0.00771 9
 -72.000   30.000 -0.00709 5
 -72.000   31.000 -0.00565 10
 -72.000   32.000 -0.00435 5
 -72.000   33.000 -0.00414 9
 -72.000   34.000 -0.00315 4
 -72.000   35.000 -0.00172 6
 -72.000   36.000 -0.00149 4
 -72.000   37.000 -0.00314 6
 -72.000   38.000 -0.00289 7
 -72.000   39.000 -0.00145 6
 -72.000   40.000 -0.00054 8
 -72.000   41.000  0.00028 6
 -72.000   42.000  0.00286 9
 -72.000   43.000  0.00481 6
 -72.000   44.000  0.00503 9
 -72.000   45.000  0.00505 6
 -72.000   46.000  0.00420 7
 -72.000   47.000  0.00187 4
 -72.000   48.000 -0.00019 4
 -72.000   49.000 -0.00214 2
 -72.000   50.000 -0.00420 1
 -71.000   25.000 -0.00828 3
 -71.000   26.000 -0.00898 2
 -71.000   27.000 -0.00874 5
 -71.000   28.000 -0.00885 3
 -71.000   29.000 -0.00846 8
 -71.000   30.000 -0.00803 5
 -71.000   31.000 -0.00678 10
 -71.000   32.000 -0.00545 5
 -71.000   33.000 -0.00480 11
 -71.000   34.000 -0.00279 6
 -71.000   35.000 -0.00059 7
 -71.000   36.000 -0.00070 5
 -71.000   37.000 -0.00366 6
 -71.000   38.000 -0.00490 10
 -71.000   39.000 -0.00408 6
 -71.000   40.000 -0.00365 8
 -71.000   41.000 -0.00206 3
 -71.000   42.000  0.00194 6
 -71.000   43.000  0.00523 3
 -71.000   44.000  0.00518 4
 -71.000   45.000  0.00499 1
 -71.000   46.000  0.00417 2
 -71.000   47.000  0.00221 1
 -71.000   48.000  0.00047 2
 -71.000   49.000 -0.00112 1
 -71.000   50.000 -0.00266 1
 -70.000   25.000 -0.00880 1
 -70.000   26.000 -0.00935 1
 -70.000   27.000 -0.00940 3
 -70.000   28.000 -0.00987 2
 -70.000   29.000 -0.00945 5
 -70.000   30.000 -0.00818 3
 -70.000   31.000 -0.00625 6
 -70.000   32.000 -0.00379 3
 -70.000   33.000 -0.00172 6
 -70.000   34.000  0.00100 3
 -70.000   35.000  0.00315 3
 -70.000   36.000  0.00238 2
 -70.000   37.000 -0.00189 2
 -70.000   38.000 -0.00458 4
 -70.000   39.000 -0.00473 2
 -70.000   40.000 -0.00517 3
 -70.000   41.000 -0.00393 1
 -70.000   42.000  0.00018 2
 -70.000   43.000  0.00331 1
 -70.000   44.000  0.00298 2
 -70.000   45.000  0.00281 1
 -70.000   46.000  0.00257 1
 -70.000   47.000  0.00136 0
 -70.000   48.000  0.00060 0
 -70.000   49.000 -0.00036 0
 -70.000   50.000 -0.00136 0
 -69.000   25.000 -0.00702 0
 -69.000   26.000 -0.00735 0
 -69.000   27.000 -0.00865 1
 -69.000   28.000 -0.01027 1
 -69.000   29.000 -0.01037 3
 -69.000   30.000 -0.00881 2
 -69.000   31.000 -0.00649 4
 -69.000   32.000 -0.00209 2
 -69.000   33.000  0.00218 4
 -69.000   34.000  0.00578 2
 -69.000   35.000  0.00806 2
 -69.000   36.000  0.00656 3
 -69.000   37.000  0.00113 3
 -69.000   38.000 -0.00328 6
 -69.000   39.000 -0.00437 3
 -69.000   40.000 -0.00591 3
 -69.000   41.000 -0.00512 0
 -69.000   42.000 -0.00126 0
 -69.000   43.000  0.00170 0
 -69.000   44.000  0.00109 0
 -69.000   45.000  0.00120 0
 -69.000   46.000  0.00157 0
 -69.000   47.000  0.00154 0
 -69.000   48.000  0.00140 0
 -69.000   49.000  0.00122 0
 -69.000   50.000  0.00061 0
 -68.000   25.000 -0.00537 0
 -68.000   26.000 -0.00548 0
 -68.000   27.000 -0.00801 1
 -68.000   28.000 -0.01066 1
 -68.000   29.000 -0.01126 3
 -68.000   30.000 -0.00943 2
 -68.000   31.000 -0.00683 4
 -68.000   32.000 -0.00075 2
 -68.000   33.000  0.00531 3
 -68.000   34.000  0.00880 1
 -68.000   35.000  0.01023 1
 -68.000   36.000  0.00815 1
 -68.000   37.000  0.00246 1
 -68.000   38.000 -0.00252 2
 -68.000   39.000 -0.00364 1
 -68.000   40.000 -0.00525 1
 -68.000   41.000 -0.00475 0
 -68.000   42.000 -0.00154 0
 -68.000   43.000  0.00106 0
 -68.000   44.000  0.00032 0
 -68.000   45.000 -0.00001 0
 -68.000   46.000  0.00013 0
 -68.000   47.000  0.00016 0
 -68.000   48.000  0.00008 0
 -68.000   49.000  0.00000 0
 -68.000   50.000  0.00000 0
 -67.000   25.000 -0.00122 0
 -67.000   26.000 -0.00183 0
 -67.000   27.000 -0.00478 0
 -67.000   28.000 -0.00814 0
 -67.000   29.000 -0.00946 1
 -67.000   30.000 -0.00799 1
 -67.000   31.000 -0.00575 2
 -67.000   32.000 -0.00006 1
 -67.000   33.000  0.00568 2
 -67.000   34.000  0.00844 1
 -67.000   35.000  0.00915 1
 -67.000   36.000  0.00742 1
 -67.000   37.000  0.00315 1
 -67.000   38.000 -0.00112 2
 -67.000   39.000 -0.00256 1
 -67.000   40.000 -0.00401 1
 -67.000   41.000 -0.00379 0
 -67.000   42.000 -0.00189 0
 -67.000   43.000  0.00000 0
 -67.000   44.000  0.00000 0
 -67.000   45.000  0.00000 0
 -67.000   46.000  0.00000 0
 -67.000   47.000  0.00000 0
 -67.000   48.000  0.00000 0
 -67.000   49.000  0.00000 0
 -67.000   50.000  0.00000 0
 -66.000   25.000 -0.00076 0
 -66.000   26.000 -0.00114 0
 -66.000   27.000 -0.00470 0
 -66.000   28.000 -0.00860 0
 -66.000   29.000 -0.01001 1
 -66.000   30.000 -0.00846 1
 -66.000   31.000 -0.00628 2
 -66.000   32.000  0.00000 1
 -66.000   33.000  0.00640 2
 -66.000   34.000  0.00901 1
 -66.000   35.000  0.00912 1
 -66.000   36.000  0.00745 0
 -66.000   37.000  0.00389 0
 -66.000   38.000  0.00032 0
 -66.000   39.000 -0.00088 0
 -66.000   40.000 -0.00207 0
 -66.000   41.000 -0.00214 0
 -66.000   42.000 -0.00107 0
 -66.000   43.000  0.00000 0
 -66.000   44.000  0.00000 0
 -66.000   45.000  0.00000 0
 -66.000   46.000  0.00000 0
 -66.000   47.000  0.00000 0
 -66.000   48.000  0.00000 0
 -66.000   49.000  0.00000 0
 -66.000   50.000  0.00000 0
 -65.000   25.000  0.00000 0
 -65.000   26.000  0.00000 0
 -65.000   27.000 -0.00411 0
 -65.000   28.000 -0.00823 0
 -65.000   29.000 -0.00987 0
 -65.000   30.000 -0.00903 0
 -65.000   31.000 -0.00750 0
 -65.000   32.000 -0.00116 0
 -65.000   33.000  0.00517 0
 -65.000   34.000  0.00761 0
 -65.000   35.000  0.00757 0
 -65.000   36.000  0.00608 0
 -65.000   37.000  0.00315 0
 -65.000   38.000  0.00021 0
 -65.000   39.000 -0.00058 0
 -65.000   40.000 -0.00138 0
 -65.000   41.000 -0.00142 0
 -65.000   42.000 -0.00071 0
 -65.000   43.000  0.00000 0
 -65.000   44.000  0.00000 0
 -65.000   45.000  0.00000 0
 -65.000   46.000  0.00000 0
 -65.000   47.000  0.00000 0
 -65.000   48.000  0.00000 0
 -65.000   49.000  0.00000 0
 -65.000   50.000  0.00000 0
