-130.000   25.000 -0.03090 11
-130.000   26.000 -0.03151 15
-130.000   27.000 -0.03411 12
-130.000   28.000 -0.03546 14
-130.000   29.000 -0.03748 10
-130.000   30.000 -0.03606 12
-130.000   31.000 -0.03674 9
-130.000   32.000 -0.03429 10
-130.000   33.000 -0.03542 7
-130.000   34.000 -0.03460 8
-130.000   35.000 -0.03539 7
-130.000   36.000 -0.03126 8
-130.000   37.000 -0.02800 7
-130.000   38.000 -0.02241 10
-130.000   39.000 -0.01956 8
-130.000   40.000 -0.01296 11
-130.000   41.000 -0.00944 8
-130.000   42.000 -0.00538 12
-130.000   43.000 -0.00357 9
-130.000   44.000 -0.00022 11
-130.000   45.000  0.00029 8
-130.000   46.000 -0.00079 11
-130.000   47.000  0.00037 9
-130.000   48.000  0.00076 12
-130.000   49.000  0.00210 9
-130.000   50.000  0.00142 11
-129.000   25.000 -0.02992 22
-129.000   26.000 -0.03022 28
-129.000   27.000 -0.03259 22
-129.000   28.000 -0.03392 26
-129.000   29.000 -0.03631 20
-129.000   30.000 -0.03548 24
-129.000   31.000 -0.03667 18
-129.000   32.000 -0.03518 21
-129.000   33.000 -0.03679 15
-129.000   34.000 -0.03616 17
-129.000   35.000 -0.03658 14
-129.000   36.000 -0.03257 16
-129.000   37.000 -0.02900 14
-129.000   38.000 -0.02263 20
-129.000   39.000 -0.01871 16
-129.000   40.000 -0.01133 22
-129.000   41.000 -0.00707 15
-129.000   42.000 -0.00243 23
-129.000   43.000 -0.00095 17
-129.000   44.000  0.00176 23
-129.000   45.000  0.00148 17
-129.000   46.000 -0.00006 24
-129.000   47.000  0.00078 19
-129.000   48.000  0.00086 24
-129.000   49.000  0.00218 16
-129.000   50.000  0.00144 21
-128.000   25.000 -0.02950 11
-128.000   26.000 -0.02905 13
-128.000   27.000 -0.03068 10
-128.000   28.000 -0.03143 12
-128.000   29.000 -0.03391 10
-128.000   30.000 -0.03361 12
-128.000   31.000 -0.03562 9
-128.000   32.000 -0.03556 11
-128.000   33.000 -0.03801 8
-128.000   34.000 -0.03753 9
-128.000   35.000 -0.03758 7
-128.000   36.000 -0.03342 8
-128.000   37.000 -0.02940 7
-128.000   38.000 -0.02207 10
-128.000   39.000 -0.01702 8
-128.000   40.000 -0.00897 11
-128.000   41.000 -0.00431 7
-128.000   42.000  0.00062 11
-128.000   43.000  0.00151 8
-128.000   44.000  0.00348 12
-128.000   45.000  0.00256 9
-128.000   46.000  0.00081 13
-128.000   47.000  0.00144 10
-128.000   48.000  0.00137 12
-128.000   49.000  0.00263 7
-128.000   50.000  0.00184 10
-127.000   25.000 -0.02627 21
-127.000   26.000 -0.02599 27
-127.000   27.000 -0.02771 20
-127.000   28.000 -0.02906 27
-127.000   29.000 -0.03234 20
-127.000   30.000 -0.03309 26
-127.000   31.000 -0.03542 17
-127.000   32.000 -0.03610 24
-127.000   33.000 -0.03849 17
-127.000   34.000 -0.03819 20
-127.000   35.000 -0.03781 14
-127.000   36.000 -0.03431 17
-127.000   37.000 -0.03050 15
-127.000   38.000 -0.02269 20
-127.000   39.000 -0.01612 15
-127.000   40.000 -0.00726 20
-127.000   41.000 -0.00163 13
-127.000   42.000  0.00404 21
-127.000   43.000  0.00456 16
-127.000   44.000  0.00510 24
-127.000   45.000  0.00307 18
-127.000   46.000  0.00069 25
-127.000   47.000  0.00087 18
-127.000   48.000  0.00032 23
-127.000   49.000  0.00156 14
-127.000   50.000  0.00079 21
-126.000   25.000 -0.02224 10
-126.000   26.000 -0.02228 14
-126.000   27.000 -0.02422 10
-126.000   28.000 -0.02609 15
-126.000   29.000 -0.02997 10
-126.000   30.000 -0.03165 14
-126.000   31.000 -0.03414 8
-126.000   32.000 -0.03501 13
-126.000   33.000 -0.03694 9
-126.000   34.000 -0.03664 11
-126.000   35.000 -0.03607 7
-126.000   36.000 -0.03335 9
-126.000   37.000 -0.03031 8
-126.000   38.000 -0.02290 10
-126.000   39.000 -0.01540 7
-126.000   40.000 -0.00665 9
-126.000   41.000 -0.00090 6
-126.000   42.000  0.00473 10
-126.000   43.000  0.00497 8
-126.000   44.000  0.00381 12
-126.000   45.000  0.00114 9
-126.000   46.000 -0.00134 12
-126.000   47.000 -0.00115 8
-126.000   48.000 -0.00182 11
-126.000   49.000 -0.00047 7
-126.000   50.000 -0.00094 11
-125.000   25.000 -0.01876 20
-125.000   26.000 -0.01805 28
-125.000   27.000 -0.01955 20
-125.000   28.000 -0.02064 29
-125.000   29.000 -0.02450 20
-125.000   30.000 -0.02708 29
-125.000   31.000 -0.03081 18
-125.000   32.000 -0.03271 28
-125.000   33.000 -0.03494 18
-125.000   34.000 -0.03444 25
-125.000   35.000 -0.03305 16
-125.000   36.000 -0.02985 21
-125.000   37.000 -0.02688 15
-125.000   38.000 -0.01993 20
-125.000   39.000 -0.01247 14
-125.000   40.000 -0.00546 20
-125.000   41.000 -0.00137 12
-125.000   42.000  0.00289 20
-125.000   43.000  0.00225 15
-125.000   44.000 -0.00007 22
-125.000   45.000 -0.00223 15
-125.000   46.000 -0.00371 20
-125.000   47.000 -0.00306 14
-125.000   48.000 -0.00339 22
-125.000   49.000 -0.00214 15
-125.000   50.000 -0.00279 24
-124.000   25.000 -0.01469 10
-124.000   26.000 -0.01331 14
-124.000   27.000 -0.01469 10
-124.000   28.000 -0.01488 14
-124.000   29.000 -0.01867 10
-124.000   30.000 -0.02220 15
-124.000   31.000 -0.02740 10
-124.000   32.000 -0.03015 15
-124.000   33.000 -0.03262 9
-124.000   34.000 -0.03179 14
-124.000   35.000 -0.02888 9
-124.000   36.000 -0.02450 12
-124.000   37.000 -0.02117 7
-124.000   38.000 -0.01496 10
-124.000   39.000 -0.00852 7
-124.000   40.000 -0.00465 11
-124.000   41.000 -0.00355 6
-124.000   42.000 -0.00154 10
-124.000   43.000 -0.00340 7
-124.000   44.000 -0.00627 10
-124.000   45.000 -0.00714 6
-124.000   46.000 -0.00686 8
-124.000   47.000 -0.00543 6
-124.000   48.000 -0.00525 11
-124.000   49.000 -0.00426 8
-124.000   50.000 -0.00553 13
-123.000   25.000 -0.01158 20
-123.000   26.000 -0.01047 28
-123.000   27.000 -0.01248 20
-123.000   28.000 -0.01249 28
-123.000   29.000 -0.01596 20
-123.000   30.000 -0.01899 29
-123.000   31.000 -0.02379 19
-123.000   32.000 -0.02521 29
-123.000   33.000 -0.02668 18
-123.000   34.000 -0.02522 28
-123.000   35.000 -0.02178 17
-123.000   36.000 -0.01698 23
-123.000   37.000 -0.01388 13
-123.000   38.000 -0.00911 20
-123.000   39.000 -0.00450 13
-123.000   40.000 -0.00374 22
-123.000   41.000 -0.00571 12
-123.000   42.000 -0.00634 21
-123.000   43.000 -0.00943 12
-123.000   44.000 -0.01272 19
-123.000   45.000 -0.01243 11
-123.000   46.000 -0.01077 18
-123.000   47.000 -0.00876 13
-123.000   48.000 -0.00829 23
-123.000   49.000 -0.00756 16
-123.000   50.000 -0.00934 25
-122.000   25.000 -0.01143 10
-122.000   26.000 -0.01049 14
-122.000   27.000 -0.01277 10
-122.000   28.000 -0.01218 14
-122.000   29.000 -0.01473 10
-122.000   30.000 -0.01571 14
-122.000   31.000 -0.01881 9
-122.000   32.000 -0.01805 14
-122.000   33.000 -0.01849 9
-122.000   34.000 -0.01627 14
-122.000   35.000 -0.01309 8
-122.000   36.000 -0.00824 11
-122.000   37.000 -0.00531 6
-122.000   38.000 -0.00140 10
-122.000   39.000  0.00139 6
-122.000   40.000 -0.00029 11
-122.000   41.000 -0.00519 6
-122.000   42.000 -0.00868 11
-122.000   43.000 -0.01366 5
-122.000   44.000 -0.01730 9
-122.000   45.000 -0.01630 5
-122.000   46.000 -0.01367 10
-122.000   47.000 -0.01135 7
-122.000   48.000 -0.01081 12
-122.000   49.000 -0.01044 8
-122.000   50.000 -0.01273 12
-121.000   25.000 -0.01315 21
-121.000   26.000 -0.01176 28
-121.000   27.000 -0.01403 19
-121.000   28.000 -0.01225 26
-121.000   29.000 -0.01407 19
-121.000   30.000 -0.01295 27
-121.000   31.000 -0.01498 18
-121.000   32.000 -0.01269 26
-121.000   33.000 -0.01323 16
-121.000   34.000 -0.00995 25
-121.000   35.000 -0.00625 15
-121.000   36.000 -0.00016 22
-121.000   37.000  0.00379 13
-121.000   38.000  0.00839 22
-121.000   39.000  0.00968 13
-121.000   40.000  0.00574 21
-121.000   41.000 -0.00190 10
-121.000   42.000 -0.00792 20
-121.000   43.000 -0.01467 10
-121.000   44.000 -0.01832 18
-121.000   45.000 -0.01722 10
-121.000   46.000 -0.01421 20
-121.000   47.000 -0.01200 14
-121.000   48.000 -0.01178 24
-121.000   49.000 -0.01187 16
-121.000   50.000 -0.01434 24
-120.000   25.000 -0.01548 11
-120.000   26.000 -0.01421 14
-120.000   27.000 -0.01692 9
-120.000   28.000 -0.01459 12
-120.000   29.000 -0.01621 9
-120.000   30.000 -0.01281 13
-120.000   31.000 -0.01310 9
-120.000   32.000 -0.00854 12
-120.000   33.000 -0.00920 7
-120.000   34.000 -0.00463 11
-120.000   35.000 -0.00056 7
-120.000   36.000  0.00649 11
-120.000   37.000  0.01147 7
-120.000   38.000  0.01760 12
-120.000   39.000  0.01808 7
-120.000   40.000  0.01285 10
-120.000   41.000  0.00356 4
-120.000   42.000 -0.00425 9
-120.000   43.000 -0.01216 5
-120.000   44.000 -0.01631 9
-120.000   45.000 -0.01638 5
-120.000   46.000 -0.01412 10
-120.000   47.000 -0.01234 7
-120.000   48.000 -0.01279 12
-120.000   49.000 -0.01310 8
-120.000   50.000 -0.01464 12
-119.000   25.000 -0.01733 21
-119.000   26.000 -0.01681 28
-119.000   27.000 -0.02038 19
-119.000   28.000 -0.01857 25
-119.000   29.000 -0.02081 18
-119.000   30.000 -0.01569 27
-119.000   31.000 -0.01439 20
-119.000   32.000 -0.00743 27
-119.000   33.000 -0.00755 16
-119.000   34.000 -0.00161 23
-119.000   35.000  0.00254 14
-119.000   36.000  0.01028 23
-119.000   37.000  0.01605 15
-119.000   38.000  0.02308 24
-119.000   39.000  0.02303 13
-119.000   40.000  0.01756 18
-119.000   41.000  0.00791 7
-119.000   42.000 -0.00070 17
-119.000   43.000 -0.00851 10
-119.000   44.000 -0.01287 20
-119.000   45.000 -0.01439 11
-119.000   46.000 -0.01328 22
-119.000   47.000 -0.01191 14
-119.000   48.000 -0.01290 24
-119.000   49.000 -0.01307 15
-119.000   50.000 -0.01295 23
-118.000   25.000 -0.01718 10
-118.000   26.000 -0.01708 14
-118.000   27.000 -0.02151 10
-118.000   28.000 -0.02039 13
-118.000   29.000 -0.02433 9
-118.000   30.000 -0.01960 14
-118.000   31.000 -0.01913 11
-118.000   32.000 -0.01175 15
-118.000   33.000 -0.01196 9
-118.000   34.000 -0.00472 12
-118.000   35.000  0.00098 7
-118.000   36.000  0.01067 12
-118.000   37.000  0.01797 8
-118.000   38.000  0.02569 12
-118.000   39.000  0.02541 6
-118.000   40.000  0.01934 8
-118.000   41.000  0.00930 3
-118.000   42.000  0.00045 8
-118.000   43.000 -0.00631 5
-118.000   44.000 -0.01028 11
-118.000   45.000 -0.01262 6
-118.000   46.000 -0.01179 12
-118.000   47.000 -0.01024 7
-118.000   48.000 -0.01118 12
-118.000   49.000 -0.01095 7
-118.000   50.000 -0.00896 11
-117.000   25.000 -0.01514 20
-117.000   26.000 -0.01511 29
-117.000   27.000 -0.02021 21
-117.000   28.000 -0.02002 28
-117.000   29.000 -0.02649 19
-117.000   30.000 -0.02376 28
-117.000   31.000 -0.02579 21
-117.000   32.000 -0.01927 28
-117.000   33.000 -0.01961 17
-117.000   34.000 -0.01057 23
-117.000   35.000 -0.00239 14
-117.000   36.000  0.00965 22
-117.000   37.000  0.01801 13
-117.000   38.000  0.02572 20
-117.000   39.000  0.02487 10
-117.000   40.000  0.01811 17
-117.000   41.000  0.00829 8
-117.000   42.000 -0.00007 16
-117.000   43.000 -0.00559 8
-117.000   44.000 -0.00913 19
-117.000   45.000 -0.01225 11
-117.000   46.000 -0.01184 24
-117.000   47.000 -0.00986 15
-117.000   48.000 -0.01014 24
-117.000   49.000 -0.00930 13
-117.000   50.000 -0.00541 21
-116.000   25.000 -0.01225 10
-116.000   26.000 -0.01249 15
-116.000   27.000 -0.01800 11
-116.000   28.000 -0.01917 15
-116.000   29.000 -0.02822 10
-116.000   30.000 -0.02759 14
-116.000   31.000 -0.03186 10
-116.000   32.000 -0.02584 13
-116.000   33.000 -0.02493 8
-116.000   34.000 -0.01363 11
-116.000   35.000 -0.00364 7
-116.000   36.000  0.00961 10
-116.000   37.000  0.01727 5
-116.000   38.000  0.02290 8
-116.000   39.000  0.02059 4
-116.000   40.000  0.01353 9
-116.000   41.000  0.00456 5
-116.000   42.000 -0.00308 8
-116.000   43.000 -0.00787 3
-116.000   44.000 -0.01115 8
-116.000   45.000 -0.01483 5
-116.000   46.000 -0.01492 12
-116.000   47.000 -0.01230 8
-116.000   48.000 -0.01110 12
-116.000   49.000 -0.00946 6
-116.000   50.000 -0.00406 10
-115.000   25.000 -0.00687 20
-115.000   26.000 -0.00716 29
-115.000   27.000 -0.01346 21
-115.000   28.000 -0.01558 29
-115.000   29.000 -0.02689 20
-115.000   30.000 -0.02895 27
-115.000   31.000 -0.03549 19
-115.000   32.000 -0.02972 25
-115.000   33.000 -0.02758 16
-115.000   34.000 -0.01525 21
-115.000   35.000 -0.00515 13
-115.000   36.000  0.00778 19
-115.000   37.000  0.01357 10
-115.000   38.000  0.01635 16
-115.000   39.000  0.01277 8
-115.000   40.000  0.00607 16
-115.000   41.000 -0.00161 8
-115.000   42.000 -0.00808 14
-115.000   43.000 -0.01191 6
-115.000   44.000 -0.01438 15
-115.000   45.000 -0.01771 9
-115.000   46.000 -0.01758 21
-115.000   47.000 -0.01438 14
-115.000   48.000 -0.01143 21
-115.000   49.000 -0.00917 11
-115.000   50.000 -0.00309 17
-114.000   25.000 -0.00033 10
-114.000   26.000 -0.00038 14
-114.000   27.000 -0.00787 10
-114.000   28.000 -0.01013 14
-114.000   29.000 -0.02308 10
-114.000   30.000 -0.02758 13
-114.000   31.000 -0.03555 9
-114.000   32.000 -0.02915 12
-114.000   33.000 -0.02647 8
-114.000   34.000 -0.01437 10
-114.000   35.000 -0.00598 6
-114.000   36.000  0.00497 9
-114.000   37.000  0.00779 5
-114.000   38.000  0.00842 8
-114.000   39.000  0.00436 4
-114.000   40.000 -0.00115 7
-114.000   41.000 -0.00698 3
-114.000   42.000 -0.01189 6
-114.000   43.000 -0.01501 3
-114.000   44.000 -0.01679 7
-114.000   45.000 -0.01968 4
-114.000   46.000 -0.01941 9
-114.000   47.000 -0.01609 6
-114.000   48.000 -0.01167 9
-114.000   49.000 -0.00915 5
-114.000   50.000 -0.00298 7
-113.000   25.000  0.00113 20
-113.000   26.000  0.00159 29
-113.000   27.000 -0.00597 21
-113.000   28.000 -0.00770 29
-113.000   29.000 -0.02049 20
-113.000   30.000 -0.02583 26
-113.000   31.000 -0.03446 18
-113.000   32.000 -0.02777 24
-113.000   33.000 -0.02534 16
-113.000   34.000 -0.01348 19
-113.000   35.000 -0.00705 11
-113.000   36.000  0.00205 16
-113.000   37.000  0.00211 9
-113.000   38.000  0.00155 14
-113.000   39.000 -0.00301 7
-113.000   40.000 -0.00715 13
-113.000   41.000 -0.01076 6
-113.000   42.000 -0.01448 12
-113.000   43.000 -0.01830 6
-113.000   44.000 -0.02033 14
-113.000   45.000 -0.02335 8
-113.000   46.000 -0.02385 16
-113.000   47.000 -0.02069 10
-113.000   48.000 -0.01439 16
-113.000   49.000 -0.01152 10
-113.000   50.000 -0.00562 14
-112.000   25.000 -0.00282 10
-112.000   26.000 -0.00167 15
-112.000   27.000 -0.00813 11
-112.000   28.000 -0.00850 15
-112.000   29.000 -0.01940 10
-112.000   30.000 -0.02475 13
-112.000   31.000 -0.03427 9
-112.000   32.000 -0.02877 12
-112.000   33.000 -0.02809 8
-112.000   34.000 -0.01707 9
-112.000   35.000 -0.01199 5
-112.000   36.000 -0.00334 7
-112.000   37.000 -0.00421 4
-112.000   38.000 -0.00444 6
-112.000   39.000 -0.00893 3
-112.000   40.000 -0.01182 6
-112.000   41.000 -0.01355 3
-112.000   42.000 -0.01679 6
-112.000   43.000 -0.02221 3
-112.000   44.000 -0.02488 7
-112.000   45.000 -0.02801 4
-112.000   46.000 -0.02920 7
-112.000   47.000 -0.02613 4
-112.000   48.000 -0.01731 7
-112.000   49.000 -0.01391 5
-112.000   50.000 -0.00852 7
-111.000   25.000 -0.00671 19
-111.000   26.000 -0.00470 28
-111.000   27.000 -0.01002 21
-111.000   28.000 -0.00888 26
-111.000   29.000 -0.01770 17
-111.000   30.000 -0.02314 21
-111.000   31.000 -0.03330 16
-111.000   32.000 -0.02941 20
-111.000   33.000 -0.03100 15
-111.000   34.000 -0.02207 17
-111.000   35.000 -0.01860 10
-111.000   36.000 -0.01048 13
-111.000   37.000 -0.01104 7
-111.000   38.000 -0.00976 12
-111.000   39.000 -0.01257 6
-111.000   40.000 -0.01377 12
-111.000   41.000 -0.01416 6
-111.000   42.000 -0.01691 12
-111.000   43.000 -0.02262 6
-111.000   44.000 -0.02541 13
-111.000   45.000 -0.02827 7
-111.000   46.000 -0.02927 13
-111.000   47.000 -0.02629 8
-111.000   48.000 -0.01656 13
-111.000   49.000 -0.01312 9
-111.000   50.000 -0.00821 13
-110.000   25.000 -0.01215 9
-110.000   26.000 -0.00951 13
-110.000   27.000 -0.01304 10
-110.000   28.000 -0.01110 11
-110.000   29.000 -0.01810 7
-110.000   30.000 -0.02334 8
-110.000   31.000 -0.03353 7
-110.000   32.000 -0.03145 8
-110.000   33.000 -0.03433 7
-110.000   34.000 -0.02699 8
-110.000   35.000 -0.02417 5
-110.000   36.000 -0.01639 6
-110.000   37.000 -0.01618 3
-110.000   38.000 -0.01360 6
-110.000   39.000 -0.01421 3
-110.000   40.000 -0.01366 6
-110.000   41.000 -0.01309 3
-110.000   42.000 -0.01527 6
-110.000   43.000 -0.02057 3
-110.000   44.000 -0.02362 6
-110.000   45.000 -0.02646 3
-110.000   46.000 -0.02709 6
-110.000   47.000 -0.02397 4
-110.000   48.000 -0.01450 6
-110.000   49.000 -0.01107 4
-110.000   50.000 -0.00613 6
-109.000   25.000 -0.01790 19
-109.000   26.000 -0.01540 24
-109.000   27.000 -0.01686 20
-109.000   28.000 -0.01488 21
-109.000   29.000 -0.01917 15
-109.000   30.000 -0.02256 15
-109.000   31.000 -0.03176 13
-109.000   32.000 -0.03201 14
-109.000   33.000 -0.03619 12
-109.000   34.000 -0.03017 14
-109.000   35.000 -0.02767 9
-109.000   36.000 -0.01981 12
-109.000   37.000 -0.01794 6
-109.000   38.000 -0.01359 12
-109.000   39.000 -0.01277 6
-109.000   40.000 -0.01140 12
-109.000   41.000 -0.01050 6
-109.000   42.000 -0.01221 11
-109.000   43.000 -0.01699 5
-109.000   44.000 -0.02041 11
-109.000   45.000 -0.02319 6
-109.000   46.000 -0.02426 12
-109.000   47.000 -0.02237 7
-109.000   48.000 -0.01575 11
-109.000   49.000 -0.01346 7
-109.000   50.000 -0.01043 11
-108.000   25.000 -0.01753 10
-108.000   26.000 -0.01597 11
-108.000   27.000 -0.01661 10
-108.000   28.000 -0.01523 10
-108.000   29.000 -0.01742 8
-108.000   30.000 -0.01882 7
-108.000   31.000 -0.02607 6
-108.000   32.000 -0.02791 6
-108.000   33.000 -0.03334 5
-108.000   34.000 -0.02910 6
-108.000   35.000 -0.02806 4
-108.000   36.000 -0.02128 6
-108.000   37.000 -0.01817 3
-108.000   38.000 -0.01186 6
-108.000   39.000 -0.00981 3
-108.000   40.000 -0.00796 6
-108.000   41.000 -0.00709 3
-108.000   42.000 -0.00772 5
-108.000   43.000 -0.01040 2
-108.000   44.000 -0.01314 5
-108.000   45.000 -0.01479 3
-108.000   46.000 -0.01638 6
-108.000   47.000 -0.01708 3
-108.000   48.000 -0.01635 5
-108.000   49.000 -0.01682 3
-108.000   50.000 -0.01793 5
-107.000   25.000 -0.01155 20
-107.000   26.000 -0.01066 21
-107.000   27.000 -0.01112 19
-107.000   28.000 -0.01059 18
-107.000   29.000 -0.01208 16
-107.000   30.000 -0.01299 14
-107.000   31.000 -0.01889 14
-107.000   32.000 -0.02253 13
-107.000   33.000 -0.02911 12
-107.000   34.000 -0.02727 12
-107.000   35.000 -0.02810 8
-107.000   36.000 -0.02319 11
-107.000   37.000 -0.01911 6
-107.000   38.000 -0.01173 12
-107.000   39.000 -0.00971 6
-107.000   40.000 -0.00881 11
-107.000   41.000 -0.00972 5
-107.000   42.000 -0.01011 10
-107.000   43.000 -0.00937 5
-107.000   44.000 -0.00963 10
-107.000   45.000 -0.00870 5
-107.000   46.000 -0.00952 10
-107.000   47.000 -0.01263 5
-107.000   48.000 -0.01853 10
-107.000   49.000 -0.02221 7
-107.000   50.000 -0.02757 12
-106.000   25.000 -0.00530 10
-106.000   26.000 -0.00467 10
-106.000   27.000 -0.00440 9
-106.000   28.000 -0.00418 8
-106.000   29.000 -0.00487 8
-106.000   30.000 -0.00604 7
-106.000   31.000 -0.01187 8
-106.000   32.000 -0.01906 7
-106.000   33.000 -0.02803 7
-106.000   34.000 -0.02887 6
-106.000   35.000 -0.03116 4
-106.000   36.000 -0.02747 5
-106.000   37.000 -0.02173 3
-106.000   38.000 -0.01371 6
-106.000   39.000 -0.01362 3
-106.000   40.000 -0.01547 5
-106.000   41.000 -0.01962 2
-106.000   42.000 -0.02121 5
-106.000   43.000 -0.01771 3
-106.000   44.000 -0.01457 5
-106.000   45.000 -0.00989 2
-106.000   46.000 -0.00934 4
-106.000   47.000 -0.01495 2
-106.000   48.000 -0.02611 5
-106.000   49.000 -0.03291 4
-106.000   50.000 -0.04315 7
-105.000   25.000 -0.00263 19
-105.000   26.000 -0.00202 18
-105.000   27.000 -0.00026 17
-105.000   28.000  0.00251 14
-105.000   29.000  0.00542 15
-105.000   30.000  0.00719 12
-105.000   31.000  0.00257 15
-105.000   32.000 -0.00691 12
-105.000   33.000 -0.01901 13
-105.000   34.000 -0.02357 10
-105.000   35.000 -0.02936 7
-105.000   36.000 -0.02744 8
-105.000   37.000 -0.02167 5
-105.000   38.000 -0.01485 10
-105.000   39.000 -0.01795 5
-105.000   40.000 -0.02231 9
-105.000   41.000 -0.02841 4
-105.000   42.000 -0.03078 10
-105.000   43.000 -0.02584 6
-105.000   44.000 -0.01957 10
-105.000   45.000 -0.01169 4
-105.000   46.000 -0.01117 8
-105.000   47.000 -0.01957 4
-105.000   48.000 -0.03376 10
-105.000   49.000 -0.04298 7
-105.000   50.000 -0.05799 13
-104.000   25.000 -0.00455 9
-104.000   26.000 -0.00310 8
-104.000   27.000  0.00116 8
-104.000   28.000  0.00877 6
-104.000   29.000  0.01665 7
-104.000   30.000  0.02272 5
-104.000   31.000  0.01979 7
-104.000   32.000  0.00928 5
-104.000   33.000 -0.00545 6
-104.000   34.000 -0.01341 4
-104.000   35.000 -0.02269 3
-104.000   36.000 -0.02226 3
-104.000   37.000 -0.01739 2
-104.000   38.000 -0.01221 4
-104.000   39.000 -0.01665 2
-104.000   40.000 -0.02020 4
-104.000   41.000 -0.02504 2
-104.000   42.000 -0.02772 5
-104.000   43.000 -0.02378 3
-104.000   44.000 -0.01748 5
-104.000   45.000 -0.01055 2
-104.000   46.000 -0.01307 4
-104.000   47.000 -0.02350 2
-104.000   48.000 -0.03707 5
-104.000   49.000 -0.04685 3
-104.000   50.000 -0.06396 6
-103.000   25.000 -0.01009 18
-103.000   26.000 -0.00816 16
-103.000   27.000 -0.00169 16
-103.000   28.000  0.00950 13
-103.000   29.000  0.02132 15
-103.000   30.000  0.03077 12
-103.000   31.000  0.03102 15
-103.000   32.000  0.02212 11
-103.000   33.000  0.00819 13
-103.000   34.000 -0.00184 9
-103.000   35.000 -0.01341 7
-103.000   36.000 -0.01518 4
-103.000   37.000 -0.01277 2
-103.000   38.000 -0.01089 4
-103.000   39.000 -0.01660 2
-103.000   40.000 -0.02101 4
-103.000   41.000 -0.02644 2
-103.000   42.000 -0.03064 6
-103.000   43.000 -0.02877 4
-103.000   44.000 -0.02280 8
-103.000   45.000 -0.01506 4
-103.000   46.000 -0.01755 8
-103.000   47.000 -0.02742 4
-103.000   48.000 -0.03734 9
-103.000   49.000 -0.04593 6
-103.000   50.000 -0.06292 12
-102.000   25.000 -0.01834 9
-102.000   26.000 -0.01714 8
-102.000   27.000 -0.00958 8
-102.000   28.000  0.00347 7
-102.000   29.000  0.01887 8
-102.000   30.000  0.03256 7
-102.000   31.000  0.03881 8
-102.000   32.000  0.03510 6
-102.000   33.000  0.02541 7
-102.000   34.000  0.01473 5
-102.000   35.000  0.00112 4
-102.000   36.000 -0.00395 1
-102.000   37.000 -0.00557 0
-102.000   38.000 -0.00758 0
-102.000   39.000 -0.01346 0
-102.000   40.000 -0.01929 0
-102.000   41.000 -0.02574 0
-102.000   42.000 -0.03118 1
-102.000   43.000 -0.03187 1
-102.000   44.000 -0.02726 3
-102.000   45.000 -0.01733 2
-102.000   46.000 -0.01807 4
-102.000   47.000 -0.02629 2
-102.000   48.000 -0.03200 4
-102.000   49.000 -0.03886 3
-102.000   50.000 -0.05556 6
-101.000   25.000 -0.02805 17
-101.000   26.000 -0.02773 15
-101.000   27.000 -0.01977 16
-101.000   28.000 -0.00571 14
-101.000   29.000  0.01282 16
-101.000   30.000  0.03042 14
-101.000   31.000  0.04283 16
-101.000   32.000  0.04441 13
-101.000   33.000  0.03948 15
-101.000   34.000  0.02557 11
-101.000   35.000  0.00820 8
-101.000   36.000 -0.00315 2
-101.000   37.000 -0.00614 0
-101.000   38.000 -0.01341 0
-101.000   39.000 -0.02209 0
-101.000   40.000 -0.02778 0
-101.000   41.000 -0.03028 0
-101.000   42.000 -0.03742 2
-101.000   43.000 -0.03805 2
-101.000   44.000 -0.02782 6
-101.000   45.000 -0.01456 4
-101.000   46.000 -0.01408 8
-101.000   47.000 -0.01997 4
-101.000   48.000 -0.02197 8
-101.000   49.000 -0.02728 6
-101.000   50.000 -0.04276 11
-100.000   25.000 -0.03548 8
-100.000   26.000 -0.03602 7
-100.000   27.000 -0.02851 8
-100.000   28.000 -0.01669 7
-100.000   29.000  0.00176 8
-100.000   30.000  0.01854 7
-100.000   31.000  0.03447 8
-100.000   32.000  0.03742 7
-100.000   33.000  0.03735 8
-100.000   34.000  0.02107 6
-100.000   35.000  0.00398 4
-100.000   36.000 -0.01151 1
-100.000   37.000 -0.01156 0
-100.000   38.000 -0.02093 0
-100.000   39.000 -0.03073 0
-100.000   40.000 -0.03959 0
-100.000   41.000 -0.03686 0
-100.000   42.000 -0.04472 1
-100.000   43.000 -0.04352 1
-100.000   44.000 -0.02701 3
-100.000   45.000 -0.00750 2
-100.000   46.000 -0.00708 4
-100.000   47.000 -0.01180 2
-100.000   48.000 -0.01285 4
-100.000   49.000 -0.01766 3
-100.000   50.000 -0.03195 5
 -99.000   25.000 -0.03958 15
 -99.000   26.000 -0.04109 13
 -99.000   27.000 -0.03457 16
 -99.000   28.000 -0.02596 14
 -99.000   29.000 -0.00940 16
 -99.000   30.000  0.00520 13
 -99.000   31.000  0.02318 15
 -99.000   32.000  0.02781 12
 -99.000   33.000  0.03252 14
 -99.000   34.000  0.01636 10
 -99.000   35.000  0.00137 8
 -99.000   36.000 -0.01852 4
 -99.000   37.000 -0.02099 2
 -99.000   38.000 -0.03491 2
 -99.000   39.000 -0.04575 1
 -99.000   40.000 -0.05875 2
 -99.000   41.000 -0.05344 1
 -99.000   42.000 -0.05850 2
 -99.000   43.000 -0.05228 1
 -99.000   44.000 -0.03085 3
 -99.000   45.000 -0.00557 2
 -99.000   46.000 -0.00088 7
 -99.000   47.000 -0.00244 5
 -99.000   48.000 -0.00163 9
 -99.000   49.000 -0.00551 7
 -99.000   50.000 -0.01736 12
 -98.000   25.000 -0.04145 7
 -98.000   26.000 -0.04266 6
 -98.000   27.000 -0.03628 8
 -98.000   28.000 -0.02828 7
 -98.000   29.000 -0.01274 8
 -98.000   30.000  0.00049 6
 -98.000   31.000  0.01811 7
 -98.000   32.000  0.02294 5
 -98.000   33.000  0.02944 6
 -98.000   34.000  0.01450 4
 -98.000   35.000  0.00167 4
 -98.000   36.000 -0.02190 3
 -98.000   37.000 -0.02830 2
 -98.000   38.000 -0.04757 2
 -98.000   39.000 -0.05762 1
 -98.000   40.000 -0.07001 2
 -98.000   41.000 -0.05994 1
 -98.000   42.000 -0.05987 1
 -98.000   43.000 -0.04746 0
 -98.000   44.000 -0.02530 0
 -98.000   45.000 -0.00085 0
 -98.000   46.000  0.00688 3
 -98.000   47.000  0.00878 3
 -98.000   48.000  0.01304 5
 -98.000   49.000  0.01092 4
 -98.000   50.000  0.00365 7
 -97.000   25.000 -0.03992 15
 -97.000   26.000 -0.03917 12
 -97.000   27.000 -0.03219 15
 -97.000   28.000 -0.02252 12
 -97.000   29.000 -0.00770 15
 -97.000   30.000  0.00390 12
 -97.000   31.000  0.01763 15
 -97.000   32.000  0.01902 12
 -97.000   33.000  0.02208 13
 -97.000   34.000  0.00562 9
 -97.000   35.000 -0.00755 8
 -97.000   36.000 -0.03195 6
 -97.000   37.000 -0.03865 5
 -97.000   38.000 -0.05674 6
 -97.000   39.000 -0.06130 4
 -97.000   40.000 -0.06758 5
 -97.000   41.000 -0.05323 2
 -97.000   42.000 -0.04328 2
 -97.000   43.000 -0.01607 0
 -97.000   44.000  0.00947 0
 -97.000   45.000  0.03124 0
 -97.000   46.000  0.04135 4
 -97.000   47.000  0.03939 4
 -97.000   48.000  0.03352 8
 -97.000   49.000  0.02772 7
 -97.000   50.000  0.02215 13
 -96.000   25.000 -0.03623 8
 -96.000   26.000 -0.03311 6
 -96.000   27.000 -0.02528 7
 -96.000   28.000 -0.01268 5
 -96.000   29.000  0.00185 7
 -96.000   30.000  0.01304 6
 -96.000   31.000  0.02199 8
 -96.000   32.000  0.02019 7
 -96.000   33.000  0.01803 7
 -96.000   34.000  0.00224 5
 -96.000   35.000 -0.01147 4
 -96.000   36.000 -0.03215 3
 -96.000   37.000 -0.04044 3
 -96.000   38.000 -0.05193 4
 -96.000   39.000 -0.04492 3
 -96.000   40.000 -0.04344 3
 -96.000   41.000 -0.02923 1
 -96.000   42.000 -0.00909 1
 -96.000   43.000  0.02744 0
 -96.000   44.000  0.04870 0
 -96.000   45.000  0.06567 0
 -96.000   46.000  0.07820 1
 -96.000   47.000  0.07161 1
 -96.000   48.000  0.05558 3
 -96.000   49.000  0.04480 3
 -96.000   50.000  0.03940 6
 -95.000   25.000 -0.03031 15
 -95.000   26.000 -0.02538 11
 -95.000   27.000 -0.01677 14
 -95.000   28.000 -0.00068 10
 -95.000   29.000  0.01414 14
 -95.000   30.000  0.02659 12
 -95.000   31.000  0.03125 15
 -95.000   32.000  0.02876 12
 -95.000   33.000  0.02079 12
 -95.000   34.000  0.00705 10
 -95.000   35.000 -0.00815 9
 -95.000   36.000 -0.02293 8
 -95.000   37.000 -0.03253 7
 -95.000   38.000 -0.03592 10
 -95.000   39.000 -0.02001 7
 -95.000   40.000 -0.00800 8
 -95.000   41.000  0.00422 3
 -95.000   42.000  0.02777 4
 -95.000   43.000  0.06264 1
 -95.000   44.000  0.07371 2
 -95.000   45.000  0.07914 1
 -95.000   46.000  0.09090 4
 -95.000   47.000  0.08271 4
 -95.000   48.000  0.06479 9
 -95.000   49.000  0.05369 9
 -95.000   50.000  0.05102 14
 -94.000   25.000 -0.02328 7
 -94.000   26.000 -0.01699 5
 -94.000   27.000 -0.00791 7
 -94.000   28.000  0.01065 5
 -94.000   29.000  0.02527 7
 -94.000   30.000  0.03762 6
 -94.000   31.000  0.03761 7
 -94.000   32.000  0.03298 5
 -94.000   33.000  0.01848 5
 -94.000   34.000  0.00540 5
 -94.000   35.000 -0.01150 5
 -94.000   36.000 -0.01716 5
 -94.000   37.000 -0.01965 4
 -94.000   38.000 -0.01044 6
 -94.000   39.000  0.01168 4
 -94.000   40.000  0.03227 5
 -94.000   41.000  0.04151 2
 -94.000   42.000  0.06075 3
 -94.000   43.000  0.08714 1
 -94.000   44.000  0.08821 2
 -94.000   45.000  0.08054 1
 -94.000   46.000  0.08649 3
 -94.000   47.000  0.07600 3
 -94.000   48.000  0.05704 6
 -94.000   49.000  0.04675 6
 -94.000   50.000  0.04981 8
 -93.000   25.000 -0.01769 14
 -93.000   26.000 -0.00954 11
 -93.000   27.000  0.00032 14
 -93.000   28.000  0.01987 10
 -93.000   29.000  0.03347 13
 -93.000   30.000  0.04435 11
 -93.000   31.000  0.03885 13
 -93.000   32.000  0.03053 11
 -93.000   33.000  0.01037 11
 -93.000   34.000 -0.00231 11
 -93.000   35.000 -0.01998 10
 -93.000   36.000 -0.01525 11
 -93.000   37.000 -0.00809 9
 -93.000   38.000  0.01514 13
 -93.000   39.000  0.04091 9
 -93.000   40.000  0.06582 11
 -93.000   41.000  0.07051 5
 -93.000   42.000  0.08262 7
 -93.000   43.000  0.09757 3
 -93.000   44.000  0.09146 6
 -93.000   45.000  0.07568 3
 -93.000   46.000  0.07514 7
 -93.000   47.000  0.06181 5
 -93.000   48.000  0.04118 11
 -93.000   49.000  0.03123 9
 -93.000   50.000  0.03703 14
 -92.000   25.000 -0.01456 7
 -92.000   26.000 -0.00464 6
 -92.000   27.000  0.00631 7
 -92.000   28.000  0.02595 5
 -92.000   29.000  0.03827 6
 -92.000   30.000  0.04733 5
 -92.000   31.000  0.03675 6
 -92.000   32.000  0.02569 6
 -92.000   33.000  0.00271 6
 -92.000   34.000 -0.00620 6
 -92.000   35.000 -0.02111 5
 -92.000   36.000 -0.00681 6
 -92.000   37.000  0.00708 5
 -92.000   38.000  0.03840 7
 -92.000   39.000  0.06256 5
 -92.000   40.000  0.08691 6
 -92.000   41.000  0.08817 3
 -92.000   42.000  0.08800 4
 -92.000   43.000  0.08108 2
 -92.000   44.000  0.06378 4
 -92.000   45.000  0.03998 2
 -92.000   46.000  0.03173 4
 -92.000   47.000  0.02274 2
 -92.000   48.000  0.01502 5
 -92.000   49.000  0.01123 3
 -92.000   50.000  0.02185 6
 -91.000   25.000 -0.01110 13
 -91.000   26.000 -0.00073 13
 -91.000   27.000  0.01014 13
 -91.000   28.000  0.02815 12
 -91.000   29.000  0.03806 13
 -91.000   30.000  0.04414 13
 -91.000   31.000  0.03103 13
 -91.000   32.000  0.01996 12
 -91.000   33.000 -0.00253 11
 -91.000   34.000 -0.00657 12
 -91.000   35.000 -0.01761 11
 -91.000   36.000  0.00171 13
 -91.000   37.000  0.01619 10
 -91.000   38.000  0.04758 14
 -91.000   39.000  0.06362 9
 -91.000   40.000  0.08292 12
 -91.000   41.000  0.07975 6
 -91.000   42.000  0.06956 9
 -91.000   43.000  0.04621 4
 -91.000   44.000  0.02200 8
 -91.000   45.000 -0.00567 4
 -91.000   46.000 -0.01813 8
 -91.000   47.000 -0.02008 4
 -91.000   48.000 -0.01362 10
 -91.000   49.000 -0.00933 7
 -91.000   50.000  0.00646 13
 -90.000   25.000 -0.00776 6
 -90.000   26.000  0.00283 7
 -90.000   27.000  0.01268 6
 -90.000   28.000  0.02807 7
 -90.000   29.000  0.03451 7
 -90.000   30.000  0.03680 8
 -90.000   31.000  0.02244 7
 -90.000   32.000  0.01284 6
 -90.000   33.000 -0.00688 5
 -90.000   34.000 -0.00717 6
 -90.000   35.000 -0.01637 6
 -90.000   36.000  0.00182 7
 -90.000   37.000  0.01056 5
 -90.000   38.000  0.03536 7
 -90.000   39.000  0.04205 4
 -90.000   40.000  0.05453 6
 -90.000   41.000  0.04598 3
 -90.000   42.000  0.03182 5
 -90.000   43.000  0.00433 2
 -90.000   44.000 -0.01799 4
 -90.000   45.000 -0.04170 2
 -90.000   46.000 -0.05031 4
 -90.000   47.000 -0.04520 2
 -90.000   48.000 -0.03052 5
 -90.000   49.000 -0.02216 4
 -90.000   50.000 -0.00441 7
 -89.000   25.000 -0.00792 14
 -89.000   26.000  0.00215 17
 -89.000   27.000  0.01082 13
 -89.000   28.000  0.02277 14
 -89.000   29.000  0.02560 13
 -89.000   30.000  0.02491 15
 -89.000   31.000  0.01053 14
 -89.000   32.000  0.00310 14
 -89.000   33.000 -0.01245 11
 -89.000   34.000 -0.00936 12
 -89.000   35.000 -0.01724 10
 -89.000   36.000 -0.00292 12
 -89.000   37.000 -0.00236 9
 -89.000   38.000  0.01370 13
 -89.000   39.000  0.01312 9
 -89.000   40.000  0.02157 13
 -89.000   41.000  0.01303 7
 -89.000   42.000  0.00230 11
 -89.000   43.000 -0.02075 5
 -89.000   44.000 -0.03601 10
 -89.000   45.000 -0.05141 5
 -89.000   46.000 -0.05566 12
 -89.000   47.000 -0.04783 7
 -89.000   48.000 -0.03154 14
 -89.000   49.000 -0.02284 9
 -89.000   50.000 -0.00938 16
 -88.000   25.000 -0.00911 8
 -88.000   26.000 -0.00118 10
 -88.000   27.000  0.00562 7
 -88.000   28.000  0.01383 7
 -88.000   29.000  0.01328 6
 -88.000   30.000  0.01074 7
 -88.000   31.000 -0.00208 7
 -88.000   32.000 -0.00630 8
 -88.000   33.000 -0.01790 6
 -88.000   34.000 -0.01303 6
 -88.000   35.000 -0.02081 4
 -88.000   36.000 -0.01130 5
 -88.000   37.000 -0.01868 4
 -88.000   38.000 -0.01082 6
 -88.000   39.000 -0.01678 5
 -88.000   40.000 -0.00856 7
 -88.000   41.000 -0.01265 4
 -88.000   42.000 -0.01607 6
 -88.000   43.000 -0.03080 3
 -88.000   44.000 -0.03693 6
 -88.000   45.000 -0.04569 3
 -88.000   46.000 -0.04829 8
 -88.000   47.000 -0.04112 5
 -88.000   48.000 -0.02740 9
 -88.000   49.000 -0.02034 5
 -88.000   50.000 -0.01180 9
 -87.000   25.000 -0.00823 17
 -87.000   26.000 -0.00373 20
 -87.000   27.000 -0.00045 14
 -87.000   28.000  0.00341 15
 -87.000   29.000 -0.00077 13
 -87.000   30.000 -0.00474 15
 -87.000   31.000 -0.01460 14
 -87.000   32.000 -0.01385 15
 -87.000   33.000 -0.02005 11
 -87.000   34.000 -0.01361 11
 -87.000   35.000 -0.02196 8
 -87.000   36.000 -0.01824 10
 -87.000   37.000 -0.03376 8
 -87.000   38.000 -0.03394 12
 -87.000   39.000 -0.04388 10
 -87.000   40.000 -0.03565 14
 -87.000   41.000 -0.03623 8
 -87.000   42.000 -0.03139 14
 -87.000   43.000 -0.03638 8
 -87.000   44.000 -0.03346 16
 -87.000   45.000 -0.03536 8
 -87.000   46.000 -0.03539 18
 -87.000   47.000 -0.03072 10
 -87.000   48.000 -0.02242 18
 -87.000   49.000 -0.01877 10
 -87.000   50.000 -0.01606 19
 -86.000   25.000 -0.00844 9
 -86.000   26.000 -0.00721 10
 -86.000   27.000 -0.00734 7
 -86.000   28.000 -0.00754 8
 -86.000   29.000 -0.01453 7
 -86.000   30.000 -0.01873 8
 -86.000   31.000 -0.02625 7
 -86.000   32.000 -0.02089 7
 -86.000   33.000 -0.02154 5
 -86.000   34.000 -0.01258 5
 -86.000   35.000 -0.02027 4
 -86.000   36.000 -0.01940 5
 -86.000   37.000 -0.03953 4
 -86.000   38.000 -0.04315 6
 -86.000   39.000 -0.05251 5
 -86.000   40.000 -0.04264 7
 -86.000   41.000 -0.04010 4
 -86.000   42.000 -0.02841 8
 -86.000   43.000 -0.02726 5
 -86.000   44.000 -0.02070 10
 -86.000   45.000 -0.01930 5
 -86.000   46.000 -0.01887 10
 -86.000   47.000 -0.01930 5
 -86.000   48.000 -0.01846 9
 -86.000   49.000 -0.01930 5
 -86.000   50.000 -0.02315 10
 -85.000   25.000 -0.01166 19
 -85.000   26.000 -0.01318 23
 -85.000   27.000 -0.01574 16
 -85.000   28.000 -0.01899 20
 -85.000   29.000 -0.02744 16
 -85.000   30.000 -0.02976 18
 -85.000   31.000 -0.03451 14
 -85.000   32.000 -0.02563 16
 -85.000   33.000 -0.02273 12
 -85.000   34.000 -0.01153 14
 -85.000   35.000 -0.01749 10
 -85.000   36.000 -0.01677 13
 -85.000   37.000 -0.03717 9
 -85.000   38.000 -0.04001 12
 -85.000   39.000 -0.04627 9
 -85.000   40.000 -0.03371 14
 -85.000   41.000 -0.02754 10
 -85.000   42.000 -0.01078 17
 -85.000   43.000 -0.00630 10
 -85.000   44.000  0.00052 18
 -85.000   45.000  0.00120 9
 -85.000   46.000 -0.00167 20
 -85.000   47.000 -0.00900 11
 -85.000   48.000 -0.01593 21
 -85.000   49.000 -0.02104 12
 -85.000   50.000 -0.03049 21
 -84.000   25.000 -0.01442 10
 -84.000   26.000 -0.01773 13
 -84.000   27.000 -0.02260 9
 -84.000   28.000 -0.02816 12
 -84.000   29.000 -0.03765 9
 -84.000   30.000 -0.03772 10
 -84.000   31.000 -0.03937 7
 -84.000   32.000 -0.02724 9
 -84.000   33.000 -0.02180 7
 -84.000   34.000 -0.00907 9
 -84.000   35.000 -0.01358 6
 -84.000   36.000 -0.01340 8
 -84.000   37.000 -0.03329 5
 -84.000   38.000 -0.03521 6
 -84.000   39.000 -0.03963 4
 -84.000   40.000 -0.02761 7
 -84.000   41.000 -0.02236 6
 -84.000   42.000 -0.00492 9
 -84.000   43.000 -0.00025 5
 -84.000   44.000  0.00558 8
 -84.000   45.000  0.00571 4
 -84.000   46.000  0.00202 10
 -84.000   47.000 -0.00839 6
 -84.000   48.000 -0.01901 12
 -84.000   49.000 -0.02642 7
 -84.000   50.000 -0.03850 11
 -83.000   25.000 -0.01582 20
 -83.000   26.000 -0.01982 26
 -83.000   27.000 -0.02621 18
 -83.000   28.000 -0.03249 23
 -83.000   29.000 -0.04209 17
 -83.000   30.000 -0.04057 21
 -83.000   31.000 -0.04019 16
 -83.000   32.000 -0.02635 21
 -83.000   33.000 -0.01942 15
 -83.000   34.000 -0.00612 19
 -83.000   35.000 -0.00924 12
 -83.000   36.000 -0.00897 19
 -83.000   37.000 -0.02720 13
 -83.000   38.000 -0.02875 17
 -83.000   39.000 -0.03273 10
 -83.000   40.000 -0.02388 16
 -83.000   41.000 -0.02262 12
 -83.000   42.000 -0.00801 20
 -83.000   43.000 -0.00529 12
 -83.000   44.000 -0.00230 18
 -83.000   45.000 -0.00386 8
 -83.000   46.000 -0.00764 17
 -83.000   47.000 -0.01869 9
 -83.000   48.000 -0.03036 19
 -83.000   49.000 -0.03835 12
 -83.000   50.000 -0.04953 20
 -82.000   25.000 -0.01895 10
 -82.000   26.000 -0.02271 13
 -82.000   27.000 -0.02894 9
 -82.000   28.000 -0.03429 11
 -82.000   29.000 -0.04267 8
 -82.000   30.000 -0.03952 11
 -82.000   31.000 -0.03786 9
 -82.000   32.000 -0.02449 12
 -82.000   33.000 -0.01849 8
 -82.000   34.000 -0.00671 10
 -82.000   35.000 -0.00905 6
 -82.000   36.000 -0.00830 11
 -82.000   37.000 -0.02348 8
 -82.000   38.000 -0.02475 11
 -82.000   39.000 -0.02931 6
 -82.000   40.000 -0.02292 9
 -82.000   41.000 -0.02325 6
 -82.000   42.000 -0.01197 11
 -82.000   43.000 -0.01078 7
 -82.000   44.000 -0.00982 10
 -82.000   45.000 -0.01479 4
 -82.000   46.000 -0.02130 7
 -82.000   47.000 -0.03222 3
 -82.000   48.000 -0.04379 7
 -82.000   49.000 -0.05105 5
 -82.000   50.000 -0.05878 9
 -81.000   25.000 -0.02142 20
 -81.000   26.000 -0.02401 26
 -81.000   27.000 -0.02917 18
 -81.000   28.000 -0.03256 23
 -81.000   29.000 -0.03850 17
 -81.000   30.000 -0.03332 23
 -81.000   31.000 -0.03035 18
 -81.000   32.000 -0.01835 26
 -81.000   33.000 -0.01453 18
 -81.000   34.000 -0.00603 24
 -81.000   35.000 -0.00915 14
 -81.000   36.000 -0.00919 24
 -81.000   37.000 -0.02151 16
 -81.000   38.000 -0.02352 24
 -81.000   39.000 -0.03015 14
 -81.000   40.000 -0.02640 21
 -81.000   41.000 -0.02762 12
 -81.000   42.000 -0.01944 21
 -81.000   43.000 -0.01862 12
 -81.000   44.000 -0.01752 20
 -81.000   45.000 -0.02452 9
 -81.000   46.000 -0.03313 18
 -81.000   47.000 -0.04307 9
 -81.000   48.000 -0.05341 18
 -81.000   49.000 -0.05914 11
 -81.000   50.000 -0.06298 20
 -80.000   25.000 -0.02084 10
 -80.000   26.000 -0.02187 13
 -80.000   27.000 -0.02591 9
 -80.000   28.000 -0.02699 12
 -80.000   29.000 -0.03009 9
 -80.000   30.000 -0.02370 12
 -80.000   31.000 -0.02000 9
 -80.000   32.000 -0.00956 14
 -80.000   33.000 -0.00727 10
 -80.000   34.000 -0.00214 14
 -80.000   35.000 -0.00689 8
 -80.000   36.000 -0.00876 13
 -80.000   37.000 -0.01999 8
 -80.000   38.000 -0.02378 13
 -80.000   39.000 -0.03331 8
 -80.000   40.000 -0.03259 12
 -80.000   41.000 -0.03586 6
 -80.000   42.000 -0.03023 10
 -80.000   43.000 -0.02922 5
 -80.000   44.000 -0.02688 10
 -80.000   45.000 -0.03352 5
 -80.000   46.000 -0.04136 11
 -80.000   47.000 -0.04963 6
 -80.000   48.000 -0.05897 11
 -80.000   49.000 -0.06352 6
 -80.000   50.000 -0.06495 11
 -79.000   25.000 -0.01840 20
 -79.000   26.000 -0.01735 26
 -79.000   27.000 -0.01963 18
 -79.000   28.000 -0.01800 25
 -79.000   29.000 -0.01953 19
 -79.000   30.000 -0.01359 27
 -79.000   31.000 -0.01191 19
 -79.000   32.000 -0.00425 28
 -79.000   33.000 -0.00354 18
 -79.000   34.000 -0.00062 27
 -79.000   35.000 -0.00628 16
 -79.000   36.000 -0.00852 27
 -79.000   37.000 -0.01938 17
 -79.000   38.000 -0.02519 27
 -79.000   39.000 -0.03683 16
 -79.000   40.000 -0.03852 24
 -79.000   41.000 -0.04370 13
 -79.000   42.000 -0.03984 23
 -79.000   43.000 -0.03843 13
 -79.000   44.000 -0.03446 23
 -79.000   45.000 -0.03863 11
 -79.000   46.000 -0.04368 23
 -79.000   47.000 -0.04986 13
 -79.000   48.000 -0.05837 23
 -79.000   49.000 -0.06198 13
 -79.000   50.000 -0.06290 22
 -78.000   25.000 -0.01502 10
 -78.000   26.000 -0.01175 13
 -78.000   27.000 -0.01234 9
 -78.000   28.000 -0.00851 13
 -78.000   29.000 -0.01022 10
 -78.000   30.000 -0.00542 15
 -78.000   31.000 -0.00705 10
 -78.000   32.000 -0.00192 14
 -78.000   33.000 -0.00282 8
 -78.000   34.000 -0.00066 13
 -78.000   35.000 -0.00668 8
 -78.000   36.000 -0.00877 14
 -78.000   37.000 -0.02039 9
 -78.000   38.000 -0.02771 14
 -78.000   39.000 -0.04058 8
 -78.000   40.000 -0.04400 12
 -78.000   41.000 -0.05064 7
 -78.000   42.000 -0.04722 13
 -78.000   43.000 -0.04496 8
 -78.000   44.000 -0.03813 13
 -78.000   45.000 -0.03734 6
 -78.000   46.000 -0.03773 12
 -78.000   47.000 -0.04157 7
 -78.000   48.000 -0.04927 12
 -78.000   49.000 -0.05234 7
 -78.000   50.000 -0.05502 11
 -77.000   25.000 -0.01142 21
 -77.000   26.000 -0.00723 29
 -77.000   27.000 -0.00757 20
 -77.000   28.000 -0.00358 28
 -77.000   29.000 -0.00628 20
 -77.000   30.000 -0.00274 29
 -77.000   31.000 -0.00586 20
 -77.000   32.000 -0.00144 26
 -77.000   33.000 -0.00207 15
 -77.000   34.000  0.00066 23
 -77.000   35.000 -0.00519 16
 -77.000   36.000 -0.00769 28
 -77.000   37.000 -0.02052 19
 -77.000   38.000 -0.02886 27
 -77.000   39.000 -0.04263 16
 -77.000   40.000 -0.04724 23
 -77.000   41.000 -0.05533 14
 -77.000   42.000 -0.05111 24
 -77.000   43.000 -0.04761 16
 -77.000   44.000 -0.03746 27
 -77.000   45.000 -0.03136 14
 -77.000   46.000 -0.02627 27
 -77.000   47.000 -0.02784 16
 -77.000   48.000 -0.03469 27
 -77.000   49.000 -0.03740 15
 -77.000   50.000 -0.04226 22
 -76.000   25.000 -0.00979 11
 -76.000   26.000 -0.00609 16
 -76.000   27.000 -0.00697 11
 -76.000   28.000 -0.00428 15
 -76.000   29.000 -0.00877 10
 -76.000   30.000 -0.00698 14
 -76.000   31.000 -0.01064 10
 -76.000   32.000 -0.00606 12
 -76.000   33.000 -0.00528 7
 -76.000   34.000 -0.00056 10
 -76.000   35.000 -0.00462 8
 -76.000   36.000 -0.00628 14
 -76.000   37.000 -0.01927 10
 -76.000   38.000 -0.02757 13
 -76.000   39.000 -0.04135 8
 -76.000   40.000 -0.04584 11
 -76.000   41.000 -0.05364 7
 -76.000   42.000 -0.04786 11
 -76.000   43.000 -0.04359 8
 -76.000   44.000 -0.03153 14
 -76.000   45.000 -0.02278 8
 -76.000   46.000 -0.01481 15
 -76.000   47.000 -0.01501 9
 -76.000   48.000 -0.02101 15
 -76.000   49.000 -0.02328 8
 -76.000   50.000 -0.02902 11
 -75.000   25.000 -0.00930 22
 -75.000   26.000 -0.00648 32
 -75.000   27.000 -0.00777 22
 -75.000   28.000 -0.00650 31
 -75.000   29.000 -0.01305 21
 -75.000   30.000 -0.01292 29
 -75.000   31.000 -0.01741 20
 -75.000   32.000 -0.01296 25
 -75.000   33.000 -0.01133 16
 -75.000   34.000 -0.00451 23
 -75.000   35.000 -0.00645 18
 -75.000   36.000 -0.00633 28
 -75.000   37.000 -0.01862 20
 -75.000   38.000 -0.02636 25
 -75.000   39.000 -0.03959 16
 -75.000   40.000 -0.04341 21
 -75.000   41.000 -0.04994 15
 -75.000   42.000 -0.04281 21
 -75.000   43.000 -0.03808 15
 -75.000   44.000 -0.02503 25
 -75.000   45.000 -0.01517 16
 -75.000   46.000 -0.00597 28
 -75.000   47.000 -0.00519 17
 -75.000   48.000 -0.01006 29
 -75.000   49.000 -0.01168 17
 -75.000   50.000 -0.01717 25
 -74.000   25.000 -0.00875 11
 -74.000   26.000 -0.00735 16
 -74.000   27.000 -0.00946 11
 -74.000   28.000 -0.00976 16
 -74.000   29.000 -0.01692 11
 -74.000   30.000 -0.01727 15
 -74.000   31.000 -0.02057 10
 -74.000   32.000 -0.01554 13
 -74.000   33.000 -0.01293 9
 -74.000   34.000 -0.00539 13
 -74.000   35.000 -0.00652 10
 -74.000   36.000 -0.00610 14
 -74.000   37.000 -0.01754 10
 -74.000   38.000 -0.02505 12
 -74.000   39.000 -0.03852 8
 -74.000   40.000 -0.04226 10
 -74.000   41.000 -0.04792 8
 -74.000   42.000 -0.04010 10
 -74.000   43.000 -0.03488 7
 -74.000   44.000 -0.02085 11
 -74.000   45.000 -0.01053 8
 -74.000   46.000 -0.00089 13
 -74.000   47.000  0.00062 8
 -74.000   48.000 -0.00284 14
 -74.000   49.000 -0.00373 9
 -74.000   50.000 -0.00815 14
 -73.000   25.000 -0.00822 22
 -73.000   26.000 -0.00864 32
 -73.000   27.000 -0.01219 23
 -73.000   28.000 -0.01440 32
 -73.000   29.000 -0.02105 23
 -73.000   30.000 -0.02095 28
 -73.000   31.000 -0.02129 19
 -73.000   32.000 -0.01471 23
 -73.000   33.000 -0.01037 17
 -73.000   34.000 -0.00262 25
 -73.000   35.000 -0.00361 20
 -73.000   36.000 -0.00379 29
 -73.000   37.000 -0.01456 21
 -73.000   38.000 -0.02201 26
 -73.000   39.000 -0.03647 17
 -73.000   40.000 -0.04029 22
 -73.000   41.000 -0.04560 17
 -73.000   42.000 -0.03702 21
 -73.000   43.000 -0.03124 14
 -73.000   44.000 -0.01658 22
 -73.000   45.000 -0.00696 16
 -73.000   46.000  0.00217 26
 -73.000   47.000  0.00363 17
 -73.000   48.000  0.00121 28
 -73.000   49.000  0.00082 18
 -73.000   50.000 -0.00195 27
 -72.000   25.000 -0.00694 11
 -72.000   26.000 -0.00813 16
 -72.000   27.000 -0.01230 12
 -72.000   28.000 -0.01523 16
 -72.000   29.000 -0.02125 12
 -72.000   30.000 -0.02035 13
 -72.000   31.000 -0.01921 9
 -72.000   32.000 -0.01189 10
 -72.000   33.000 -0.00703 8
 -72.000   34.000  0.00065 12
 -72.000   35.000 -0.00071 10
 -72.000   36.000 -0.00112 15
 -72.000   37.000 -0.01174 11
 -72.000   38.000 -0.01939 14
 -72.000   39.000 -0.03508 9
 -72.000   40.000 -0.03904 12
 -72.000   41.000 -0.04429 9
 -72.000   42.000 -0.03491 11
 -72.000   43.000 -0.02850 7
 -72.000   44.000 -0.01329 11
 -72.000   45.000 -0.00453 8
 -72.000   46.000  0.00393 13
 -72.000   47.000  0.00477 9
 -72.000   48.000  0.00298 14
 -72.000   49.000  0.00282 9
 -72.000   50.000  0.00149 13
 -71.000   25.000 -0.00574 21
 -71.000   26.000 -0.00694 30
 -71.000   27.000 -0.01077 24
 -71.000   28.000 -0.01320 31
 -71.000   29.000 -0.01806 24
 -71.000   30.000 -0.01608 28
 -71.000   31.000 -0.01425 20
 -71.000   32.000 -0.00704 24
 -71.000   33.000 -0.00285 18
 -71.000   34.000  0.00381 26
 -71.000   35.000  0.00129 20
 -71.000   36.000  0.00028 27
 -71.000   37.000 -0.01058 19
 -71.000   38.000 -0.01852 24
 -71.000   39.000 -0.03471 17
 -71.000   40.000 -0.03878 23
 -71.000   41.000 -0.04408 18
 -71.000   42.000 -0.03499 22
 -71.000   43.000 -0.02813 14
 -71.000   44.000 -0.01277 21
 -71.000   45.000 -0.00411 15
 -71.000   46.000  0.00424 25
 -71.000   47.000  0.00545 18
 -71.000   48.000  0.00450 28
 -71.000   49.000  0.00465 19
 -71.000   50.000  0.00416 27
 -70.000   25.000 -0.00547 10
 -70.000   26.000 -0.00679 14
 -70.000   27.000 -0.01026 12
 -70.000   28.000 -0.01223 15
 -70.000   29.000 -0.01585 12
 -70.000   30.000 -0.01309 15
 -70.000   31.000 -0.01043 11
 -70.000   32.000 -0.00312 14
 -70.000   33.000  0.00084 10
 -70.000   34.000  0.00679 14
 -70.000   35.000  0.00363 10
 -70.000   36.000  0.00221 12
 -70.000   37.000 -0.00910 8
 -70.000   38.000 -0.01689 10
 -70.000   39.000 -0.03353 8
 -70.000   40.000 -0.03797 11
 -70.000   41.000 -0.04443 9
 -70.000   42.000 -0.03576 11
 -70.000   43.000 -0.02880 7
 -70.000   44.000 -0.01316 10
 -70.000   45.000 -0.00378 7
 -70.000   46.000  0.00592 12
 -70.000   47.000  0.00805 9
 -70.000   48.000  0.00779 14
 -70.000   49.000  0.00824 10
 -70.000   50.000  0.00805 14
 -69.000   25.000 -0.00642 20
 -69.000   26.000 -0.00748 28
 -69.000   27.000 -0.01050 23
 -69.000   28.000 -0.01171 32
 -69.000   29.000 -0.01405 25
 -69.000   30.000 -0.01087 33
 -69.000   31.000 -0.00773 23
 -69.000   32.000 -0.00050 30
 -69.000   33.000  0.00317 20
 -69.000   34.000  0.00845 28
 -69.000   35.000  0.00496 20
 -69.000   36.000  0.00277 25
 -69.000   37.000 -0.00945 17
 -69.000   38.000 -0.01698 22
 -69.000   39.000 -0.03313 17
 -69.000   40.000 -0.03734 22
 -69.000   41.000 -0.04439 16
 -69.000   42.000 -0.03516 21
 -69.000   43.000 -0.02775 14
 -69.000   44.000 -0.01242 22
 -69.000   45.000 -0.00289 16
 -69.000   46.000  0.00816 26
 -69.000   47.000  0.01109 19
 -69.000   48.000  0.01103 28
 -69.000   49.000  0.01160 20
 -69.000   50.000  0.01166 29
 -68.000   25.000 -0.00838 10
 -68.000   26.000 -0.00887 14
 -68.000   27.000 -0.01120 11
 -68.000   28.000 -0.01116 17
 -68.000   29.000 -0.01194 13
 -68.000   30.000 -0.00830 18
 -68.000   31.000 -0.00466 12
 -68.000   32.000  0.00205 16
 -68.000   33.000  0.00484 10
 -68.000   34.000  0.00863 14
 -68.000   35.000  0.00431 10
 -68.000   36.000  0.00037 13
 -68.000   37.000 -0.01294 9
 -68.000   38.000 -0.02023 12
 -68.000   39.000 -0.03583 9
 -68.000   40.000 -0.04030 11
 -68.000   41.000 -0.04817 8
 -68.000   42.000 -0.03812 11
 -68.000   43.000 -0.03000 8
 -68.000   44.000 -0.01430 12
 -68.000   45.000 -0.00379 9
 -68.000   46.000  0.00983 14
 -68.000   47.000  0.01404 10
 -68.000   48.000  0.01428 14
 -68.000   49.000  0.01505 10
 -68.000   50.000  0.01547 15
 -67.000   25.000 -0.01073 21
 -67.000   26.000 -0.01070 30
 -67.000   27.000 -0.01230 23
 -67.000   28.000 -0.01101 34
 -67.000   29.000 -0.01022 25
 -67.000   30.000 -0.00623 34
 -67.000   31.000 -0.00196 23
 -67.000   32.000  0.00413 32
 -67.000   33.000  0.00593 21
 -67.000   34.000  0.00787 30
 -67.000   35.000  0.00256 21
 -67.000   36.000 -0.00348 27
 -67.000   37.000 -0.01772 18
 -67.000   38.000 -0.02476 25
 -67.000   39.000 -0.03871 19
 -67.000   40.000 -0.04287 24
 -67.000   41.000 -0.05056 17
 -67.000   42.000 -0.04015 23
 -67.000   43.000 -0.03146 16
 -67.000   44.000 -0.01606 23
 -67.000   45.000 -0.00472 16
 -67.000   46.000  0.01095 25
 -67.000   47.000  0.01691 18
 -67.000   48.000  0.01763 27
 -67.000   49.000  0.01873 20
 -67.000   50.000  0.01929 30
 -66.000   25.000 -0.01209 11
 -66.000   26.000 -0.01170 16
 -66.000   27.000 -0.01288 12
 -66.000   28.000 -0.01084 17
 -66.000   29.000 -0.00918 12
 -66.000   30.000 -0.00498 16
 -66.000   31.000 -0.00044 11
 -66.000   32.000  0.00527 16
 -66.000   33.000  0.00645 11
 -66.000   34.000  0.00732 16
 -66.000   35.000  0.00141 11
 -66.000   36.000 -0.00587 14
 -66.000   37.000 -0.02067 9
 -66.000   38.000 -0.02760 13
 -66.000   39.000 -0.04120 10
 -66.000   40.000 -0.04570 13
 -66.000   41.000 -0.05391 10
 -66.000   42.000 -0.04309 13
 -66.000   43.000 -0.03401 9
 -66.000   44.000 -0.01821 11
 -66.000   45.000 -0.00598 7
 -66.000   46.000  0.01148 11
 -66.000   47.000  0.01829 8
 -66.000   48.000  0.01924 13
 -66.000   49.000  0.02051 10
 -66.000   50.000  0.02123 15
 -65.000   25.000 -0.01361 11
 -65.000   26.000 -0.01240 16
 -65.000   27.000 -0.01317 12
 -65.000   28.000 -0.01007 17
 -65.000   29.000 -0.00762 12
 -65.000   30.000 -0.00315 16
 -65.000   31.000  0.00124 11
 -65.000   32.000  0.00624 16
 -65.000   33.000  0.00635 11
 -65.000   34.000  0.00596 16
 -65.000   35.000 -0.00080 11
 -65.000   36.000 -0.00972 14
 -65.000   37.000 -0.02530 9
 -65.000   38.000 -0.03239 13
 -65.000   39.000 -0.04495 10
 -65.000   40.000 -0.04904 13
 -65.000   41.000 -0.05639 9
 -65.000   42.000 -0.04415 12
 -65.000   43.000 -0.03417 8
 -65.000   44.000 -0.01854 11
 -65.000   45.000 -0.00670 7
 -65.000   46.000  0.01125 11
 -65.000   47.000  0.01822 8
 -65.000   48.000  0.01907 13
 -65.000   49.000  0.02031 10
 -65.000   50.000  0.02168 15
