-130.000   25.000 -0.00789 15
-130.000   26.000 -0.00492 18
-130.000   27.000 -0.00025 15
-130.000   28.000  0.01031 17
-130.000   29.000  0.01760 13
-130.000   30.000  0.02043 15
-130.000   31.000  0.02052 13
-130.000   32.000  0.01782 15
-130.000   33.000  0.01301 12
-130.000   34.000  0.00762 13
-130.000   35.000  0.00507 11
-130.000   36.000  0.00640 14
-130.000   37.000  0.00941 12
-130.000   38.000  0.00630 16
-130.000   39.000  0.00416 13
-130.000   40.000  0.00040 16
-130.000   41.000  0.00002 13
-130.000   42.000 -0.00340 17
-130.000   43.000 -0.00073 15
-130.000   44.000  0.00097 18
-130.000   45.000  0.00286 13
-130.000   46.000  0.00026 17
-130.000   47.000 -0.00137 13
-130.000   48.000 -0.00101 18
-130.000   49.000 -0.00102 13
-130.000   50.000 -0.00045 17
-129.000   25.000 -0.01228 15
-129.000   26.000 -0.01033 17
-129.000   27.000 -0.00602 14
-129.000   28.000  0.00120 15
-129.000   29.000  0.00743 12
-129.000   30.000  0.00972 13
-129.000   31.000  0.01130 13
-129.000   32.000  0.00951 14
-129.000   33.000  0.00818 12
-129.000   34.000  0.00483 11
-129.000   35.000  0.00475 10
-129.000   36.000  0.00618 13
-129.000   37.000  0.00982 12
-129.000   38.000  0.00653 16
-129.000   39.000  0.00470 13
-129.000   40.000  0.00093 16
-129.000   41.000  0.00085 14
-129.000   42.000 -0.00308 16
-129.000   43.000 -0.00073 15
-129.000   44.000 -0.00014 15
-129.000   45.000  0.00139 14
-129.000   46.000 -0.00126 15
-129.000   47.000 -0.00171 14
-129.000   48.000 -0.00079 16
-129.000   49.000  0.00023 14
-129.000   50.000  0.00131 16
-128.000   25.000 -0.01101 18
-128.000   26.000 -0.00924 20
-128.000   27.000 -0.00543 16
-128.000   28.000 -0.00006 18
-128.000   29.000  0.00469 14
-128.000   30.000  0.00585 17
-128.000   31.000  0.00666 14
-128.000   32.000  0.00447 17
-128.000   33.000  0.00427 13
-128.000   34.000  0.00209 14
-128.000   35.000  0.00352 11
-128.000   36.000  0.00539 14
-128.000   37.000  0.00969 12
-128.000   38.000  0.00717 17
-128.000   39.000  0.00648 14
-128.000   40.000  0.00330 17
-128.000   41.000  0.00342 13
-128.000   42.000 -0.00074 16
-128.000   43.000  0.00073 13
-128.000   44.000  0.00049 16
-128.000   45.000  0.00195 12
-128.000   46.000  0.00007 17
-128.000   47.000  0.00066 12
-128.000   48.000  0.00171 19
-128.000   49.000  0.00294 13
-128.000   50.000  0.00385 20
-127.000   25.000 -0.00732 16
-127.000   26.000 -0.00601 18
-127.000   27.000 -0.00284 13
-127.000   28.000 -0.00006 15
-127.000   29.000  0.00315 12
-127.000   30.000  0.00238 14
-127.000   31.000  0.00185 12
-127.000   32.000 -0.00115 14
-127.000   33.000  0.00036 12
-127.000   34.000 -0.00043 12
-127.000   35.000  0.00302 10
-127.000   36.000  0.00507 12
-127.000   37.000  0.00996 11
-127.000   38.000  0.00728 14
-127.000   39.000  0.00747 12
-127.000   40.000  0.00464 15
-127.000   41.000  0.00562 14
-127.000   42.000  0.00132 16
-127.000   43.000  0.00235 14
-127.000   44.000  0.00121 14
-127.000   45.000  0.00305 13
-127.000   46.000  0.00242 15
-127.000   47.000  0.00465 14
-127.000   48.000  0.00606 16
-127.000   49.000  0.00787 14
-127.000   50.000  0.00862 16
-126.000   25.000 -0.00402 19
-126.000   26.000 -0.00301 22
-126.000   27.000 -0.00054 16
-126.000   28.000 -0.00017 19
-126.000   29.000  0.00151 14
-126.000   30.000 -0.00064 18
-126.000   31.000 -0.00243 13
-126.000   32.000 -0.00611 17
-126.000   33.000 -0.00345 13
-126.000   34.000 -0.00330 15
-126.000   35.000  0.00118 11
-126.000   36.000  0.00268 14
-126.000   37.000  0.00690 12
-126.000   38.000  0.00367 16
-126.000   39.000  0.00413 13
-126.000   40.000  0.00176 16
-126.000   41.000  0.00386 13
-126.000   42.000  0.00083 16
-126.000   43.000  0.00242 12
-126.000   44.000  0.00143 15
-126.000   45.000  0.00392 11
-126.000   46.000  0.00374 18
-126.000   47.000  0.00617 13
-126.000   48.000  0.00650 20
-126.000   49.000  0.00783 13
-126.000   50.000  0.00720 20
-125.000   25.000 -0.00095 17
-125.000   26.000 -0.00049 20
-125.000   27.000  0.00170 14
-125.000   28.000  0.00106 17
-125.000   29.000  0.00250 13
-125.000   30.000  0.00058 16
-125.000   31.000 -0.00118 12
-125.000   32.000 -0.00472 15
-125.000   33.000 -0.00234 12
-125.000   34.000 -0.00214 14
-125.000   35.000  0.00156 11
-125.000   36.000  0.00196 13
-125.000   37.000  0.00512 11
-125.000   38.000  0.00140 12
-125.000   39.000  0.00172 10
-125.000   40.000 -0.00046 13
-125.000   41.000  0.00225 13
-125.000   42.000  0.00027 16
-125.000   43.000  0.00299 14
-125.000   44.000  0.00282 15
-125.000   45.000  0.00626 13
-125.000   46.000  0.00604 15
-125.000   47.000  0.00785 14
-125.000   48.000  0.00631 16
-125.000   49.000  0.00659 14
-125.000   50.000  0.00419 16
-124.000   25.000 -0.00044 18
-124.000   26.000 -0.00089 21
-124.000   27.000  0.00105 16
-124.000   28.000  0.00063 19
-124.000   29.000  0.00309 14
-124.000   30.000  0.00277 19
-124.000   31.000  0.00257 14
-124.000   32.000  0.00011 19
-124.000   33.000  0.00101 14
-124.000   34.000 -0.00037 18
-124.000   35.000 -0.00011 13
-124.000   36.000 -0.00289 17
-124.000   37.000 -0.00293 13
-124.000   38.000 -0.00786 16
-124.000   39.000 -0.00790 12
-124.000   40.000 -0.00902 16
-124.000   41.000 -0.00396 12
-124.000   42.000 -0.00298 15
-124.000   43.000  0.00196 10
-124.000   44.000  0.00387 14
-124.000   45.000  0.00841 10
-124.000   46.000  0.00696 16
-124.000   47.000  0.00650 12
-124.000   48.000  0.00268 20
-124.000   49.000  0.00111 14
-124.000   50.000 -0.00379 22
-123.000   25.000 -0.00195 17
-123.000   26.000 -0.00352 20
-123.000   27.000 -0.00172 15
-123.000   28.000 -0.00238 18
-123.000   29.000  0.00114 13
-123.000   30.000  0.00248 17
-123.000   31.000  0.00511 13
-123.000   32.000  0.00484 17
-123.000   33.000  0.00538 13
-123.000   34.000  0.00274 16
-123.000   35.000 -0.00050 12
-123.000   36.000 -0.00694 14
-123.000   37.000 -0.01020 11
-123.000   38.000 -0.01604 11
-123.000   39.000 -0.01590 9
-123.000   40.000 -0.01493 13
-123.000   41.000 -0.00710 13
-123.000   42.000 -0.00344 16
-123.000   43.000  0.00350 13
-123.000   44.000  0.00618 15
-123.000   45.000  0.01046 13
-123.000   46.000  0.00740 14
-123.000   47.000  0.00541 13
-123.000   48.000  0.00040 16
-123.000   49.000 -0.00176 15
-123.000   50.000 -0.00736 18
-122.000   25.000 -0.00415 18
-122.000   26.000 -0.00685 20
-122.000   27.000 -0.00464 16
-122.000   28.000 -0.00618 18
-122.000   29.000 -0.00220 13
-122.000   30.000 -0.00081 18
-122.000   31.000  0.00383 14
-122.000   32.000  0.00399 19
-122.000   33.000  0.00404 14
-122.000   34.000  0.00063 19
-122.000   35.000 -0.00420 14
-122.000   36.000 -0.01143 18
-122.000   37.000 -0.01596 13
-122.000   38.000 -0.02016 16
-122.000   39.000 -0.01927 12
-122.000   40.000 -0.01623 17
-122.000   41.000 -0.00769 13
-122.000   42.000 -0.00261 16
-122.000   43.000  0.00402 10
-122.000   44.000  0.00697 14
-122.000   45.000  0.01088 10
-122.000   46.000  0.00642 15
-122.000   47.000  0.00325 11
-122.000   48.000 -0.00179 20
-122.000   49.000 -0.00427 15
-122.000   50.000 -0.01082 24
-121.000   25.000 -0.00259 19
-121.000   26.000 -0.00599 21
-121.000   27.000 -0.00372 15
-121.000   28.000 -0.00639 17
-121.000   29.000 -0.00296 12
-121.000   30.000 -0.00199 16
-121.000   31.000  0.00469 13
-121.000   32.000  0.00517 16
-121.000   33.000  0.00364 11
-121.000   34.000 -0.00022 14
-121.000   35.000 -0.00625 11
-121.000   36.000 -0.01354 14
-121.000   37.000 -0.01789 11
-121.000   38.000 -0.01615 11
-121.000   39.000 -0.01226 9
-121.000   40.000 -0.00602 12
-121.000   41.000  0.00184 13
-121.000   42.000  0.00717 16
-121.000   43.000  0.01086 14
-121.000   44.000  0.01205 16
-121.000   45.000  0.01388 14
-121.000   46.000  0.00980 16
-121.000   47.000  0.00738 14
-121.000   48.000  0.00412 17
-121.000   49.000  0.00270 15
-121.000   50.000 -0.00206 18
-120.000   25.000  0.00292 19
-120.000   26.000 -0.00140 20
-120.000   27.000 -0.00053 16
-120.000   28.000 -0.00606 17
-120.000   29.000 -0.00666 14
-120.000   30.000 -0.00919 17
-120.000   31.000 -0.00442 14
-120.000   32.000 -0.00428 17
-120.000   33.000 -0.00611 12
-120.000   34.000 -0.00735 18
-120.000   35.000 -0.01133 14
-120.000   36.000 -0.01490 20
-120.000   37.000 -0.01676 14
-120.000   38.000 -0.00944 18
-120.000   39.000 -0.00222 12
-120.000   40.000  0.00598 16
-120.000   41.000  0.01259 11
-120.000   42.000  0.01641 15
-120.000   43.000  0.01674 10
-120.000   44.000  0.01574 14
-120.000   45.000  0.01705 10
-120.000   46.000  0.01413 16
-120.000   47.000  0.01171 12
-120.000   48.000  0.00937 21
-120.000   49.000  0.00840 15
-120.000   50.000  0.00332 24
-119.000   25.000  0.00959 20
-119.000   26.000  0.00525 23
-119.000   27.000  0.00421 17
-119.000   28.000 -0.00285 20
-119.000   29.000 -0.00744 15
-119.000   30.000 -0.01311 18
-119.000   31.000 -0.01179 14
-119.000   32.000 -0.01240 16
-119.000   33.000 -0.01670 10
-119.000   34.000 -0.01633 14
-119.000   35.000 -0.01903 11
-119.000   36.000 -0.01808 16
-119.000   37.000 -0.01687 12
-119.000   38.000 -0.00323 13
-119.000   39.000  0.00685 9
-119.000   40.000  0.01677 10
-119.000   41.000  0.02155 10
-119.000   42.000  0.02438 14
-119.000   43.000  0.02239 14
-119.000   44.000  0.02003 15
-119.000   45.000  0.02086 13
-119.000   46.000  0.01969 16
-119.000   47.000  0.01788 15
-119.000   48.000  0.01591 18
-119.000   49.000  0.01567 15
-119.000   50.000  0.01138 17
-118.000   25.000  0.01424 18
-118.000   26.000  0.00989 21
-118.000   27.000  0.00691 18
-118.000   28.000 -0.00087 20
-118.000   29.000 -0.00903 17
-118.000   30.000 -0.01713 19
-118.000   31.000 -0.02083 16
-118.000   32.000 -0.02264 19
-118.000   33.000 -0.02920 14
-118.000   34.000 -0.02670 19
-118.000   35.000 -0.02797 14
-118.000   36.000 -0.02275 21
-118.000   37.000 -0.01995 14
-118.000   38.000 -0.00435 19
-118.000   39.000  0.00608 12
-118.000   40.000  0.01499 15
-118.000   41.000  0.01936 10
-118.000   42.000  0.02142 14
-118.000   43.000  0.01974 12
-118.000   44.000  0.01696 15
-118.000   45.000  0.02030 11
-118.000   46.000  0.02054 16
-118.000   47.000  0.01969 12
-118.000   48.000  0.01756 20
-118.000   49.000  0.01811 15
-118.000   50.000  0.01261 24
-117.000   25.000  0.01495 20
-117.000   26.000  0.01069 24
-117.000   27.000  0.00635 18
-117.000   28.000 -0.00077 21
-117.000   29.000 -0.00966 16
-117.000   30.000 -0.01691 20
-117.000   31.000 -0.02331 15
-117.000   32.000 -0.02529 18
-117.000   33.000 -0.03525 11
-117.000   34.000 -0.03324 15
-117.000   35.000 -0.03597 11
-117.000   36.000 -0.03038 16
-117.000   37.000 -0.02997 11
-117.000   38.000 -0.01625 12
-117.000   39.000 -0.00754 9
-117.000   40.000 -0.00026 9
-117.000   41.000  0.00523 10
-117.000   42.000  0.01034 11
-117.000   43.000  0.01405 14
-117.000   44.000  0.01389 14
-117.000   45.000  0.02061 14
-117.000   46.000  0.02234 16
-117.000   47.000  0.02286 15
-117.000   48.000  0.01977 18
-117.000   49.000  0.02061 16
-117.000   50.000  0.01484 18
-116.000   25.000  0.01254 17
-116.000   26.000  0.00830 21
-116.000   27.000  0.00266 18
-116.000   28.000 -0.00444 21
-116.000   29.000 -0.01495 18
-116.000   30.000 -0.02258 21
-116.000   31.000 -0.03296 17
-116.000   32.000 -0.03509 20
-116.000   33.000 -0.04497 15
-116.000   34.000 -0.04091 19
-116.000   35.000 -0.04252 13
-116.000   36.000 -0.03541 18
-116.000   37.000 -0.03608 12
-116.000   38.000 -0.02763 17
-116.000   39.000 -0.02161 12
-116.000   40.000 -0.01632 15
-116.000   41.000 -0.00823 12
-116.000   42.000 -0.00096 13
-116.000   43.000  0.00853 12
-116.000   44.000  0.01035 14
-116.000   45.000  0.02027 13
-116.000   46.000  0.02281 16
-116.000   47.000  0.02503 13
-116.000   48.000  0.02125 19
-116.000   49.000  0.02307 16
-116.000   50.000  0.01706 24
-115.000   25.000  0.00997 19
-115.000   26.000  0.00667 23
-115.000   27.000  0.00174 18
-115.000   28.000 -0.00380 22
-115.000   29.000 -0.01307 17
-115.000   30.000 -0.02086 22
-115.000   31.000 -0.03363 15
-115.000   32.000 -0.03807 18
-115.000   33.000 -0.04935 11
-115.000   34.000 -0.04590 15
-115.000   35.000 -0.04696 10
-115.000   36.000 -0.03829 14
-115.000   37.000 -0.03966 11
-115.000   38.000 -0.03495 12
-115.000   39.000 -0.03309 9
-115.000   40.000 -0.02917 9
-115.000   41.000 -0.02164 11
-115.000   42.000 -0.01110 10
-115.000   43.000  0.00306 12
-115.000   44.000  0.00941 11
-115.000   45.000  0.02081 14
-115.000   46.000  0.02522 14
-115.000   47.000  0.02929 15
-115.000   48.000  0.02673 16
-115.000   49.000  0.02920 16
-115.000   50.000  0.02542 16
-114.000   25.000  0.00823 15
-114.000   26.000  0.00607 19
-114.000   27.000  0.00216 16
-114.000   28.000 -0.00251 20
-114.000   29.000 -0.01136 17
-114.000   30.000 -0.02002 21
-114.000   31.000 -0.03454 17
-114.000   32.000 -0.04095 19
-114.000   33.000 -0.05096 14
-114.000   34.000 -0.04707 16
-114.000   35.000 -0.04634 11
-114.000   36.000 -0.03697 15
-114.000   37.000 -0.03779 12
-114.000   38.000 -0.03576 15
-114.000   39.000 -0.03522 11
-114.000   40.000 -0.03136 12
-114.000   41.000 -0.02258 11
-114.000   42.000 -0.00889 12
-114.000   43.000  0.00819 12
-114.000   44.000  0.01672 13
-114.000   45.000  0.02779 13
-114.000   46.000  0.03247 14
-114.000   47.000  0.03648 13
-114.000   48.000  0.03429 16
-114.000   49.000  0.03680 16
-114.000   50.000  0.03513 21
-113.000   25.000  0.00758 18
-113.000   26.000  0.00552 21
-113.000   27.000  0.00302 16
-113.000   28.000 -0.00164 19
-113.000   29.000 -0.00910 15
-113.000   30.000 -0.01753 20
-113.000   31.000 -0.02916 14
-113.000   32.000 -0.03562 17
-113.000   33.000 -0.04323 10
-113.000   34.000 -0.03920 12
-113.000   35.000 -0.03724 7
-113.000   36.000 -0.02875 11
-113.000   37.000 -0.03056 10
-113.000   38.000 -0.03002 10
-113.000   39.000 -0.03228 8
-113.000   40.000 -0.02919 6
-113.000   41.000 -0.02319 9
-113.000   42.000 -0.00588 8
-113.000   43.000  0.01210 12
-113.000   44.000  0.02549 10
-113.000   45.000  0.03588 13
-113.000   46.000  0.04210 12
-113.000   47.000  0.04394 14
-113.000   48.000  0.04185 14
-113.000   49.000  0.04194 16
-113.000   50.000  0.04180 16
-112.000   25.000  0.00599 15
-112.000   26.000  0.00403 18
-112.000   27.000  0.00193 14
-112.000   28.000 -0.00307 17
-112.000   29.000 -0.01068 14
-112.000   30.000 -0.01870 18
-112.000   31.000 -0.02740 13
-112.000   32.000 -0.03187 16
-112.000   33.000 -0.03514 11
-112.000   34.000 -0.02803 14
-112.000   35.000 -0.02299 9
-112.000   36.000 -0.01316 12
-112.000   37.000 -0.01376 10
-112.000   38.000 -0.01081 12
-112.000   39.000 -0.01326 10
-112.000   40.000 -0.00646 9
-112.000   41.000 -0.00147 9
-112.000   42.000  0.01941 8
-112.000   43.000  0.03376 10
-112.000   44.000  0.04799 9
-112.000   45.000  0.05178 11
-112.000   46.000  0.05579 12
-112.000   47.000  0.05119 14
-112.000   48.000  0.04760 16
-112.000   49.000  0.04476 17
-112.000   50.000  0.04509 20
-111.000   25.000  0.00488 19
-111.000   26.000  0.00278 22
-111.000   27.000  0.00142 16
-111.000   28.000 -0.00285 19
-111.000   29.000 -0.00811 14
-111.000   30.000 -0.01378 19
-111.000   31.000 -0.01738 11
-111.000   32.000 -0.01906 16
-111.000   33.000 -0.01915 9
-111.000   34.000 -0.01136 13
-111.000   35.000 -0.00533 6
-111.000   36.000  0.00390 9
-111.000   37.000  0.00122 8
-111.000   38.000  0.00477 9
-111.000   39.000  0.00029 9
-111.000   40.000  0.00858 7
-111.000   41.000  0.00922 10
-111.000   42.000  0.03081 6
-111.000   43.000  0.04074 10
-111.000   44.000  0.05602 6
-111.000   45.000  0.05470 11
-111.000   46.000  0.05832 10
-111.000   47.000  0.05065 15
-111.000   48.000  0.04717 13
-111.000   49.000  0.04177 15
-111.000   50.000  0.04149 14
-110.000   25.000  0.00282 16
-110.000   26.000  0.00146 19
-110.000   27.000  0.00057 14
-110.000   28.000 -0.00156 18
-110.000   29.000 -0.00400 13
-110.000   30.000 -0.00545 17
-110.000   31.000 -0.00409 9
-110.000   32.000 -0.00153 14
-110.000   33.000  0.00059 8
-110.000   34.000  0.00808 13
-110.000   35.000  0.01236 8
-110.000   36.000  0.01805 12
-110.000   37.000  0.01168 10
-110.000   38.000  0.01488 10
-110.000   39.000  0.00985 9
-110.000   40.000  0.01946 8
-110.000   41.000  0.01934 10
-110.000   42.000  0.04071 7
-110.000   43.000  0.04738 9
-110.000   44.000  0.06147 7
-110.000   45.000  0.05710 11
-110.000   46.000  0.05863 11
-110.000   47.000  0.04854 15
-110.000   48.000  0.04286 13
-110.000   49.000  0.03539 15
-110.000   50.000  0.03238 16
-109.000   25.000  0.00236 20
-109.000   26.000  0.00165 24
-109.000   27.000  0.00165 17
-109.000   28.000  0.00166 21
-109.000   29.000  0.00223 13
-109.000   30.000  0.00493 18
-109.000   31.000  0.01110 9
-109.000   32.000  0.01692 16
-109.000   33.000  0.02009 8
-109.000   34.000  0.02657 13
-109.000   35.000  0.02863 6
-109.000   36.000  0.03048 10
-109.000   37.000  0.02003 8
-109.000   38.000  0.01996 7
-109.000   39.000  0.01175 8
-109.000   40.000  0.01863 6
-109.000   41.000  0.01443 11
-109.000   42.000  0.03120 7
-109.000   43.000  0.03531 11
-109.000   44.000  0.04899 7
-109.000   45.000  0.04537 12
-109.000   46.000  0.04825 10
-109.000   47.000  0.04094 15
-109.000   48.000  0.03590 10
-109.000   49.000  0.02836 13
-109.000   50.000  0.02336 11
-108.000   25.000  0.00216 15
-108.000   26.000  0.00284 19
-108.000   27.000  0.00345 13
-108.000   28.000  0.00562 18
-108.000   29.000  0.00795 10
-108.000   30.000  0.01379 16
-108.000   31.000  0.02228 8
-108.000   32.000  0.03016 15
-108.000   33.000  0.03339 7
-108.000   34.000  0.03882 13
-108.000   35.000  0.03837 8
-108.000   36.000  0.03619 13
-108.000   37.000  0.02270 10
-108.000   38.000  0.01901 10
-108.000   39.000  0.00890 9
-108.000   40.000  0.01397 9
-108.000   41.000  0.00966 11
-108.000   42.000  0.02329 10
-108.000   43.000  0.02745 12
-108.000   44.000  0.04014 10
-108.000   45.000  0.03798 13
-108.000   46.000  0.04172 11
-108.000   47.000  0.03732 15
-108.000   48.000  0.03264 12
-108.000   49.000  0.02655 15
-108.000   50.000  0.02068 15
-107.000   25.000  0.00115 19
-107.000   26.000  0.00276 24
-107.000   27.000  0.00367 17
-107.000   28.000  0.00724 22
-107.000   29.000  0.01125 12
-107.000   30.000  0.01957 18
-107.000   31.000  0.03045 9
-107.000   32.000  0.03966 17
-107.000   33.000  0.04240 8
-107.000   34.000  0.04491 14
-107.000   35.000  0.04162 7
-107.000   36.000  0.03467 11
-107.000   37.000  0.01992 8
-107.000   38.000  0.01089 10
-107.000   39.000 -0.00095 11
-107.000   40.000 -0.00262 10
-107.000   41.000 -0.00888 12
-107.000   42.000 -0.00236 9
-107.000   43.000  0.00311 13
-107.000   44.000  0.01519 9
-107.000   45.000  0.01915 13
-107.000   46.000  0.02666 9
-107.000   47.000  0.02930 14
-107.000   48.000  0.02813 10
-107.000   49.000  0.02542 14
-107.000   50.000  0.02110 11
-106.000   25.000  0.00105 12
-106.000   26.000  0.00287 16
-106.000   27.000  0.00333 11
-106.000   28.000  0.00731 16
-106.000   29.000  0.01214 9
-106.000   30.000  0.02205 14
-106.000   31.000  0.03427 7
-106.000   32.000  0.04466 15
-106.000   33.000  0.04711 8
-106.000   34.000  0.04681 15
-106.000   35.000  0.04034 9
-106.000   36.000  0.02844 14
-106.000   37.000  0.01290 10
-106.000   38.000 -0.00092 13
-106.000   39.000 -0.01317 12
-106.000   40.000 -0.01960 13
-106.000   41.000 -0.02385 13
-106.000   42.000 -0.01944 12
-106.000   43.000 -0.01021 14
-106.000   44.000  0.00260 11
-106.000   45.000  0.01246 14
-106.000   46.000  0.02162 10
-106.000   47.000  0.02684 14
-106.000   48.000  0.02667 12
-106.000   49.000  0.02554 16
-106.000   50.000  0.02236 15
-105.000   25.000 -0.00038 18
-105.000   26.000  0.00170 22
-105.000   27.000  0.00227 17
-105.000   28.000  0.00653 22
-105.000   29.000  0.01196 13
-105.000   30.000  0.02227 17
-105.000   31.000  0.03404 8
-105.000   32.000  0.04338 17
-105.000   33.000  0.04477 9
-105.000   34.000  0.04168 17
-105.000   35.000  0.03415 9
-105.000   36.000  0.02054 15
-105.000   37.000  0.00729 12
-105.000   38.000 -0.00829 15
-105.000   39.000 -0.01938 14
-105.000   40.000 -0.02942 11
-105.000   41.000 -0.03346 13
-105.000   42.000 -0.03296 9
-105.000   43.000 -0.02309 13
-105.000   44.000 -0.01105 8
-105.000   45.000  0.00195 13
-105.000   46.000  0.01296 8
-105.000   47.000  0.02132 13
-105.000   48.000  0.02431 9
-105.000   49.000  0.02521 14
-105.000   50.000  0.02460 10
-104.000   25.000 -0.00053 11
-104.000   26.000  0.00188 14
-104.000   27.000  0.00275 10
-104.000   28.000  0.00724 14
-104.000   29.000  0.01274 8
-104.000   30.000  0.02238 12
-104.000   31.000  0.03198 6
-104.000   32.000  0.03991 13
-104.000   33.000  0.04142 7
-104.000   34.000  0.03778 15
-104.000   35.000  0.03063 9
-104.000   36.000  0.01725 17
-104.000   37.000  0.00537 13
-104.000   38.000 -0.01112 17
-104.000   39.000 -0.02116 14
-104.000   40.000 -0.03203 14
-104.000   41.000 -0.03419 15
-104.000   42.000 -0.03371 12
-104.000   43.000 -0.02367 14
-104.000   44.000 -0.01256 10
-104.000   45.000  0.00099 14
-104.000   46.000  0.01165 10
-104.000   47.000  0.01968 14
-104.000   48.000  0.02397 12
-104.000   49.000  0.02526 16
-104.000   50.000  0.02600 14
-103.000   25.000 -0.00203 20
-103.000   26.000  0.00090 23
-103.000   27.000  0.00216 17
-103.000   28.000  0.00725 21
-103.000   29.000  0.01340 12
-103.000   30.000  0.02192 18
-103.000   31.000  0.02879 9
-103.000   32.000  0.03426 17
-103.000   33.000  0.03450 8
-103.000   34.000  0.02969 17
-103.000   35.000  0.02428 9
-103.000   36.000  0.01442 18
-103.000   37.000  0.00737 15
-103.000   38.000 -0.00497 18
-103.000   39.000 -0.01164 16
-103.000   40.000 -0.02208 12
-103.000   41.000 -0.02522 16
-103.000   42.000 -0.02834 10
-103.000   43.000 -0.02243 15
-103.000   44.000 -0.01519 9
-103.000   45.000 -0.00421 15
-103.000   46.000  0.00512 9
-103.000   47.000  0.01355 14
-103.000   48.000  0.01944 9
-103.000   49.000  0.02145 14
-103.000   50.000  0.02373 11
-102.000   25.000  0.00047 13
-102.000   26.000  0.00356 17
-102.000   27.000  0.00484 11
-102.000   28.000  0.00978 15
-102.000   29.000  0.01494 8
-102.000   30.000  0.02140 14
-102.000   31.000  0.02531 7
-102.000   32.000  0.02894 14
-102.000   33.000  0.02889 7
-102.000   34.000  0.02496 15
-102.000   35.000  0.02104 8
-102.000   36.000  0.01420 16
-102.000   37.000  0.00970 12
-102.000   38.000  0.00062 17
-102.000   39.000 -0.00405 16
-102.000   40.000 -0.01239 15
-102.000   41.000 -0.01528 17
-102.000   42.000 -0.01933 11
-102.000   43.000 -0.01622 15
-102.000   44.000 -0.01147 9
-102.000   45.000 -0.00338 15
-102.000   46.000  0.00356 9
-102.000   47.000  0.01063 15
-102.000   48.000  0.01555 11
-102.000   49.000  0.01680 18
-102.000   50.000  0.01856 15
-101.000   25.000  0.00064 22
-101.000   26.000  0.00437 26
-101.000   27.000  0.00623 19
-101.000   28.000  0.01153 23
-101.000   29.000  0.01597 13
-101.000   30.000  0.02060 20
-101.000   31.000  0.02140 10
-101.000   32.000  0.02219 20
-101.000   33.000  0.02064 10
-101.000   34.000  0.01713 20
-101.000   35.000  0.01583 10
-101.000   36.000  0.01355 19
-101.000   37.000  0.01382 15
-101.000   38.000  0.01000 18
-101.000   39.000  0.00810 17
-101.000   40.000  0.00110 12
-101.000   41.000 -0.00341 17
-101.000   42.000 -0.01063 9
-101.000   43.000 -0.01175 16
-101.000   44.000 -0.01010 8
-101.000   45.000 -0.00514 16
-101.000   46.000  0.00023 8
-101.000   47.000  0.00669 16
-101.000   48.000  0.01134 9
-101.000   49.000  0.01238 16
-101.000   50.000  0.01397 10
-100.000   25.000  0.00388 14
-100.000   26.000  0.00696 19
-100.000   27.000  0.00817 13
-100.000   28.000  0.01231 17
-100.000   29.000  0.01514 9
-100.000   30.000  0.01846 14
-100.000   31.000  0.01810 7
-100.000   32.000  0.01837 14
-100.000   33.000  0.01702 8
-100.000   34.000  0.01486 15
-100.000   35.000  0.01521 9
-100.000   36.000  0.01480 15
-100.000   37.000  0.01630 12
-100.000   38.000  0.01430 16
-100.000   39.000  0.01294 15
-100.000   40.000  0.00674 13
-100.000   41.000  0.00226 15
-100.000   42.000 -0.00457 10
-100.000   43.000 -0.00646 15
-100.000   44.000 -0.00559 9
-100.000   45.000 -0.00221 15
-100.000   46.000  0.00174 9
-100.000   47.000  0.00649 17
-100.000   48.000  0.00967 12
-100.000   49.000  0.01001 20
-100.000   50.000  0.01073 13
 -99.000   25.000  0.00589 21
 -99.000   26.000  0.00817 25
 -99.000   27.000  0.00836 19
 -99.000   28.000  0.01118 23
 -99.000   29.000  0.01290 13
 -99.000   30.000  0.01552 18
 -99.000   31.000  0.01523 9
 -99.000   32.000  0.01553 18
 -99.000   33.000  0.01359 10
 -99.000   34.000  0.01166 19
 -99.000   35.000  0.01323 12
 -99.000   36.000  0.01443 19
 -99.000   37.000  0.01843 15
 -99.000   38.000  0.01942 16
 -99.000   39.000  0.01932 15
 -99.000   40.000  0.01339 11
 -99.000   41.000  0.00740 16
 -99.000   42.000 -0.00104 10
 -99.000   43.000 -0.00454 17
 -99.000   44.000 -0.00450 10
 -99.000   45.000 -0.00230 17
 -99.000   46.000  0.00146 10
 -99.000   47.000  0.00595 17
 -99.000   48.000  0.00910 10
 -99.000   49.000  0.00950 16
 -99.000   50.000  0.01016 9
 -98.000   25.000  0.00749 12
 -98.000   26.000  0.00898 16
 -98.000   27.000  0.00840 11
 -98.000   28.000  0.00994 15
 -98.000   29.000  0.01104 8
 -98.000   30.000  0.01347 12
 -98.000   31.000  0.01354 6
 -98.000   32.000  0.01448 13
 -98.000   33.000  0.01295 8
 -98.000   34.000  0.01143 15
 -98.000   35.000  0.01309 10
 -98.000   36.000  0.01444 15
 -98.000   37.000  0.01857 11
 -98.000   38.000  0.01970 14
 -98.000   39.000  0.01960 13
 -98.000   40.000  0.01434 14
 -98.000   41.000  0.00848 15
 -98.000   42.000  0.00093 13
 -98.000   43.000 -0.00207 15
 -98.000   44.000 -0.00164 12
 -98.000   45.000 -0.00012 16
 -98.000   46.000  0.00309 13
 -98.000   47.000  0.00649 17
 -98.000   48.000  0.00925 13
 -98.000   49.000  0.00930 18
 -98.000   50.000  0.00986 14
 -97.000   25.000  0.00685 19
 -97.000   26.000  0.00812 22
 -97.000   27.000  0.00738 17
 -97.000   28.000  0.00843 22
 -97.000   29.000  0.00973 14
 -97.000   30.000  0.01242 19
 -97.000   31.000  0.01290 10
 -97.000   32.000  0.01392 18
 -97.000   33.000  0.01213 9
 -97.000   34.000  0.01012 18
 -97.000   35.000  0.01192 11
 -97.000   36.000  0.01363 19
 -97.000   37.000  0.01920 14
 -97.000   38.000  0.02142 16
 -97.000   39.000  0.02180 13
 -97.000   40.000  0.01625 12
 -97.000   41.000  0.00922 14
 -97.000   42.000  0.00034 11
 -97.000   43.000 -0.00350 14
 -97.000   44.000 -0.00301 10
 -97.000   45.000 -0.00118 15
 -97.000   46.000  0.00285 11
 -97.000   47.000  0.00695 15
 -97.000   48.000  0.01063 10
 -97.000   49.000  0.01120 14
 -97.000   50.000  0.01218 10
 -96.000   25.000  0.00674 13
 -96.000   26.000  0.00789 16
 -96.000   27.000  0.00728 12
 -96.000   28.000  0.00820 16
 -96.000   29.000  0.00965 10
 -96.000   30.000  0.01240 15
 -96.000   31.000  0.01283 8
 -96.000   32.000  0.01389 15
 -96.000   33.000  0.01232 8
 -96.000   34.000  0.01054 15
 -96.000   35.000  0.01206 9
 -96.000   36.000  0.01383 16
 -96.000   37.000  0.01916 12
 -96.000   38.000  0.02135 15
 -96.000   39.000  0.02140 11
 -96.000   40.000  0.01635 13
 -96.000   41.000  0.00941 12
 -96.000   42.000  0.00117 14
 -96.000   43.000 -0.00272 13
 -96.000   44.000 -0.00218 14
 -96.000   45.000 -0.00060 15
 -96.000   46.000  0.00325 15
 -96.000   47.000  0.00706 16
 -96.000   48.000  0.01061 14
 -96.000   49.000  0.01122 16
 -96.000   50.000  0.01229 14
 -95.000   25.000  0.00687 20
 -95.000   26.000  0.00822 24
 -95.000   27.000  0.00799 19
 -95.000   28.000  0.00906 24
 -95.000   29.000  0.01051 16
 -95.000   30.000  0.01274 21
 -95.000   31.000  0.01279 11
 -95.000   32.000  0.01318 18
 -95.000   33.000  0.01106 9
 -95.000   34.000  0.00884 17
 -95.000   35.000  0.00969 10
 -95.000   36.000  0.01133 18
 -95.000   37.000  0.01726 14
 -95.000   38.000  0.02038 17
 -95.000   39.000  0.02072 12
 -95.000   40.000  0.01602 11
 -95.000   41.000  0.00852 10
 -95.000   42.000 -0.00049 10
 -95.000   43.000 -0.00500 12
 -95.000   44.000 -0.00417 11
 -95.000   45.000 -0.00168 14
 -95.000   46.000  0.00328 11
 -95.000   47.000  0.00835 14
 -95.000   48.000  0.01275 10
 -95.000   49.000  0.01390 14
 -95.000   50.000  0.01527 10
 -94.000   25.000  0.00609 15
 -94.000   26.000  0.00774 19
 -94.000   27.000  0.00773 15
 -94.000   28.000  0.00932 19
 -94.000   29.000  0.01025 13
 -94.000   30.000  0.01182 17
 -94.000   31.000  0.01082 9
 -94.000   32.000  0.01063 15
 -94.000   33.000  0.00832 9
 -94.000   34.000  0.00644 16
 -94.000   35.000  0.00676 10
 -94.000   36.000  0.00840 16
 -94.000   37.000  0.01346 12
 -94.000   38.000  0.01650 16
 -94.000   39.000  0.01668 12
 -94.000   40.000  0.01310 14
 -94.000   41.000  0.00664 11
 -94.000   42.000 -0.00079 13
 -94.000   43.000 -0.00497 12
 -94.000   44.000 -0.00401 15
 -94.000   45.000 -0.00155 15
 -94.000   46.000  0.00295 15
 -94.000   47.000  0.00752 15
 -94.000   48.000  0.01145 14
 -94.000   49.000  0.01250 16
 -94.000   50.000  0.01351 15
 -93.000   25.000  0.00477 19
 -93.000   26.000  0.00679 25
 -93.000   27.000  0.00709 20
 -93.000   28.000  0.00917 24
 -93.000   29.000  0.00945 17
 -93.000   30.000  0.01024 20
 -93.000   31.000  0.00844 12
 -93.000   32.000  0.00742 17
 -93.000   33.000  0.00457 10
 -93.000   34.000  0.00255 17
 -93.000   35.000  0.00316 10
 -93.000   36.000  0.00514 17
 -93.000   37.000  0.01072 11
 -93.000   38.000  0.01434 16
 -93.000   39.000  0.01491 11
 -93.000   40.000  0.01138 13
 -93.000   41.000  0.00456 10
 -93.000   42.000 -0.00321 10
 -93.000   43.000 -0.00741 11
 -93.000   44.000 -0.00571 11
 -93.000   45.000 -0.00217 13
 -93.000   46.000  0.00323 10
 -93.000   47.000  0.00882 13
 -93.000   48.000  0.01307 10
 -93.000   49.000  0.01417 14
 -93.000   50.000  0.01469 11
 -92.000   25.000  0.00317 15
 -92.000   26.000  0.00555 20
 -92.000   27.000  0.00587 16
 -92.000   28.000  0.00835 19
 -92.000   29.000  0.00780 14
 -92.000   30.000  0.00802 17
 -92.000   31.000  0.00545 12
 -92.000   32.000  0.00421 16
 -92.000   33.000  0.00150 11
 -92.000   34.000  0.00007 16
 -92.000   35.000  0.00101 11
 -92.000   36.000  0.00331 16
 -92.000   37.000  0.00819 11
 -92.000   38.000  0.01137 15
 -92.000   39.000  0.01191 11
 -92.000   40.000  0.00904 14
 -92.000   41.000  0.00280 11
 -92.000   42.000 -0.00370 13
 -92.000   43.000 -0.00733 12
 -92.000   44.000 -0.00500 14
 -92.000   45.000 -0.00126 13
 -92.000   46.000  0.00418 14
 -92.000   47.000  0.00912 14
 -92.000   48.000  0.01272 15
 -92.000   49.000  0.01324 16
 -92.000   50.000  0.01282 17
 -91.000   25.000  0.00132 17
 -91.000   26.000  0.00426 23
 -91.000   27.000  0.00497 19
 -91.000   28.000  0.00792 22
 -91.000   29.000  0.00736 16
 -91.000   30.000  0.00722 19
 -91.000   31.000  0.00467 14
 -91.000   32.000  0.00272 19
 -91.000   33.000 -0.00049 12
 -91.000   34.000 -0.00277 17
 -91.000   35.000 -0.00174 10
 -91.000   36.000  0.00030 17
 -91.000   37.000  0.00597 11
 -91.000   38.000  0.00985 16
 -91.000   39.000  0.01100 11
 -91.000   40.000  0.00819 14
 -91.000   41.000  0.00125 11
 -91.000   42.000 -0.00590 12
 -91.000   43.000 -0.00951 12
 -91.000   44.000 -0.00588 12
 -91.000   45.000 -0.00083 13
 -91.000   46.000  0.00646 11
 -91.000   47.000  0.01240 13
 -91.000   48.000  0.01662 11
 -91.000   49.000  0.01705 14
 -91.000   50.000  0.01620 12
 -90.000   25.000  0.00003 14
 -90.000   26.000  0.00304 18
 -90.000   27.000  0.00366 15
 -90.000   28.000  0.00654 18
 -90.000   29.000  0.00617 14
 -90.000   30.000  0.00618 17
 -90.000   31.000  0.00406 13
 -90.000   32.000  0.00199 17
 -90.000   33.000 -0.00094 13
 -90.000   34.000 -0.00365 17
 -90.000   35.000 -0.00288 12
 -90.000   36.000 -0.00150 16
 -90.000   37.000  0.00382 12
 -90.000   38.000  0.00733 16
 -90.000   39.000  0.00866 12
 -90.000   40.000  0.00665 15
 -90.000   41.000  0.00084 12
 -90.000   42.000 -0.00493 14
 -90.000   43.000 -0.00797 12
 -90.000   44.000 -0.00395 14
 -90.000   45.000  0.00070 13
 -90.000   46.000  0.00749 16
 -90.000   47.000  0.01227 15
 -90.000   48.000  0.01604 18
 -90.000   49.000  0.01609 16
 -90.000   50.000  0.01487 18
 -89.000   25.000 -0.00027 16
 -89.000   26.000  0.00271 21
 -89.000   27.000  0.00371 18
 -89.000   28.000  0.00641 21
 -89.000   29.000  0.00716 16
 -89.000   30.000  0.00734 19
 -89.000   31.000  0.00614 14
 -89.000   32.000  0.00318 19
 -89.000   33.000  0.00007 13
 -89.000   34.000 -0.00449 18
 -89.000   35.000 -0.00407 11
 -89.000   36.000 -0.00376 17
 -89.000   37.000  0.00237 12
 -89.000   38.000  0.00599 17
 -89.000   39.000  0.00775 12
 -89.000   40.000  0.00585 15
 -89.000   41.000 -0.00008 12
 -89.000   42.000 -0.00612 13
 -89.000   43.000 -0.00908 11
 -89.000   44.000 -0.00459 12
 -89.000   45.000  0.00016 13
 -89.000   46.000  0.00780 13
 -89.000   47.000  0.01327 14
 -89.000   48.000  0.01801 13
 -89.000   49.000  0.01858 14
 -89.000   50.000  0.01808 12
 -88.000   25.000  0.00221 15
 -88.000   26.000  0.00427 19
 -88.000   27.000  0.00497 15
 -88.000   28.000  0.00694 18
 -88.000   29.000  0.00827 15
 -88.000   30.000  0.00852 19
 -88.000   31.000  0.00798 16
 -88.000   32.000  0.00480 20
 -88.000   33.000  0.00193 16
 -88.000   34.000 -0.00354 20
 -88.000   35.000 -0.00349 15
 -88.000   36.000 -0.00379 19
 -88.000   37.000  0.00202 14
 -88.000   38.000  0.00481 18
 -88.000   39.000  0.00620 13
 -88.000   40.000  0.00455 16
 -88.000   41.000 -0.00041 12
 -88.000   42.000 -0.00530 15
 -88.000   43.000 -0.00767 12
 -88.000   44.000 -0.00322 15
 -88.000   45.000  0.00061 13
 -88.000   46.000  0.00744 17
 -88.000   47.000  0.01177 15
 -88.000   48.000  0.01624 19
 -88.000   49.000  0.01680 16
 -88.000   50.000  0.01694 19
 -87.000   25.000  0.00618 18
 -87.000   26.000  0.00715 22
 -87.000   27.000  0.00780 18
 -87.000   28.000  0.00900 21
 -87.000   29.000  0.01096 17
 -87.000   30.000  0.01086 21
 -87.000   31.000  0.01094 17
 -87.000   32.000  0.00695 22
 -87.000   33.000  0.00371 16
 -87.000   34.000 -0.00350 21
 -87.000   35.000 -0.00426 14
 -87.000   36.000 -0.00550 20
 -87.000   37.000  0.00028 14
 -87.000   38.000  0.00271 19
 -87.000   39.000  0.00385 13
 -87.000   40.000  0.00229 16
 -87.000   41.000 -0.00267 12
 -87.000   42.000 -0.00736 14
 -87.000   43.000 -0.00956 12
 -87.000   44.000 -0.00498 14
 -87.000   45.000 -0.00133 14
 -87.000   46.000  0.00571 14
 -87.000   47.000  0.01068 14
 -87.000   48.000  0.01594 13
 -87.000   49.000  0.01718 14
 -87.000   50.000  0.01848 13
 -86.000   25.000  0.01113 16
 -86.000   26.000  0.01072 20
 -86.000   27.000  0.01070 17
 -86.000   28.000  0.01047 20
 -86.000   29.000  0.01188 17
 -86.000   30.000  0.01119 21
 -86.000   31.000  0.01132 19
 -86.000   32.000  0.00736 23
 -86.000   33.000  0.00448 19
 -86.000   34.000 -0.00264 23
 -86.000   35.000 -0.00393 18
 -86.000   36.000 -0.00560 22
 -86.000   37.000 -0.00067 17
 -86.000   38.000  0.00102 22
 -86.000   39.000  0.00216 16
 -86.000   40.000  0.00130 20
 -86.000   41.000 -0.00209 14
 -86.000   42.000 -0.00499 19
 -86.000   43.000 -0.00641 15
 -86.000   44.000 -0.00260 19
 -86.000   45.000 -0.00028 15
 -86.000   46.000  0.00471 18
 -86.000   47.000  0.00783 15
 -86.000   48.000  0.01206 18
 -86.000   49.000  0.01296 15
 -86.000   50.000  0.01473 19
 -85.000   25.000  0.01601 19
 -85.000   26.000  0.01446 23
 -85.000   27.000  0.01404 19
 -85.000   28.000  0.01237 22
 -85.000   29.000  0.01286 17
 -85.000   30.000  0.01121 21
 -85.000   31.000  0.01141 17
 -85.000   32.000  0.00708 22
 -85.000   33.000  0.00414 17
 -85.000   34.000 -0.00330 22
 -85.000   35.000 -0.00531 15
 -85.000   36.000 -0.00790 20
 -85.000   37.000 -0.00355 15
 -85.000   38.000 -0.00184 21
 -85.000   39.000 -0.00010 15
 -85.000   40.000 -0.00016 19
 -85.000   41.000 -0.00286 14
 -85.000   42.000 -0.00477 17
 -85.000   43.000 -0.00599 13
 -85.000   44.000 -0.00260 15
 -85.000   45.000 -0.00073 14
 -85.000   46.000  0.00397 15
 -85.000   47.000  0.00692 15
 -85.000   48.000  0.01130 14
 -85.000   49.000  0.01243 14
 -85.000   50.000  0.01500 13
 -84.000   25.000  0.02060 17
 -84.000   26.000  0.01796 21
 -84.000   27.000  0.01694 18
 -84.000   28.000  0.01398 20
 -84.000   29.000  0.01323 17
 -84.000   30.000  0.01072 20
 -84.000   31.000  0.01066 18
 -84.000   32.000  0.00655 22
 -84.000   33.000  0.00407 19
 -84.000   34.000 -0.00252 23
 -84.000   35.000 -0.00458 18
 -84.000   36.000 -0.00737 22
 -84.000   37.000 -0.00401 18
 -84.000   38.000 -0.00277 23
 -84.000   39.000 -0.00082 18
 -84.000   40.000 -0.00031 23
 -84.000   41.000 -0.00157 17
 -84.000   42.000 -0.00198 21
 -84.000   43.000 -0.00260 14
 -84.000   44.000  0.00030 19
 -84.000   45.000  0.00144 15
 -84.000   46.000  0.00492 20
 -84.000   47.000  0.00650 16
 -84.000   48.000  0.00989 20
 -84.000   49.000  0.01053 16
 -84.000   50.000  0.01312 21
 -83.000   25.000  0.02388 21
 -83.000   26.000  0.02052 25
 -83.000   27.000  0.01895 19
 -83.000   28.000  0.01491 22
 -83.000   29.000  0.01298 17
 -83.000   30.000  0.00958 22
 -83.000   31.000  0.00964 17
 -83.000   32.000  0.00556 22
 -83.000   33.000  0.00336 17
 -83.000   34.000 -0.00321 22
 -83.000   35.000 -0.00595 15
 -83.000   36.000 -0.00991 20
 -83.000   37.000 -0.00775 15
 -83.000   38.000 -0.00691 20
 -83.000   39.000 -0.00460 15
 -83.000   40.000 -0.00304 19
 -83.000   41.000 -0.00311 15
 -83.000   42.000 -0.00224 17
 -83.000   43.000 -0.00263 12
 -83.000   44.000  0.00001 15
 -83.000   45.000  0.00111 14
 -83.000   46.000  0.00467 17
 -83.000   47.000  0.00665 16
 -83.000   48.000  0.01038 17
 -83.000   49.000  0.01167 16
 -83.000   50.000  0.01464 16
 -82.000   25.000  0.02472 19
 -82.000   26.000  0.02124 22
 -82.000   27.000  0.01950 19
 -82.000   28.000  0.01503 21
 -82.000   29.000  0.01253 18
 -82.000   30.000  0.00870 21
 -82.000   31.000  0.00872 18
 -82.000   32.000  0.00511 22
 -82.000   33.000  0.00379 19
 -82.000   34.000 -0.00181 23
 -82.000   35.000 -0.00448 18
 -82.000   36.000 -0.00893 23
 -82.000   37.000 -0.00780 19
 -82.000   38.000 -0.00766 23
 -82.000   39.000 -0.00510 18
 -82.000   40.000 -0.00283 22
 -82.000   41.000 -0.00128 17
 -82.000   42.000  0.00065 20
 -82.000   43.000  0.00055 14
 -82.000   44.000  0.00234 19
 -82.000   45.000  0.00277 15
 -82.000   46.000  0.00529 20
 -82.000   47.000  0.00651 16
 -82.000   48.000  0.00964 21
 -82.000   49.000  0.01088 17
 -82.000   50.000  0.01367 22
 -81.000   25.000  0.02455 22
 -81.000   26.000  0.02098 26
 -81.000   27.000  0.01906 20
 -81.000   28.000  0.01414 24
 -81.000   29.000  0.01134 18
 -81.000   30.000  0.00730 24
 -81.000   31.000  0.00769 18
 -81.000   32.000  0.00443 23
 -81.000   33.000  0.00357 17
 -81.000   34.000 -0.00209 22
 -81.000   35.000 -0.00547 15
 -81.000   36.000 -0.01100 21
 -81.000   37.000 -0.01085 16
 -81.000   38.000 -0.01110 21
 -81.000   39.000 -0.00800 15
 -81.000   40.000 -0.00464 18
 -81.000   41.000 -0.00198 14
 -81.000   42.000  0.00038 17
 -81.000   43.000  0.00011 13
 -81.000   44.000  0.00138 15
 -81.000   45.000  0.00197 13
 -81.000   46.000  0.00456 15
 -81.000   47.000  0.00650 15
 -81.000   48.000  0.00998 16
 -81.000   49.000  0.01186 16
 -81.000   50.000  0.01458 16
 -80.000   25.000  0.02287 20
 -80.000   26.000  0.01960 21
 -80.000   27.000  0.01794 18
 -80.000   28.000  0.01338 20
 -80.000   29.000  0.01105 18
 -80.000   30.000  0.00728 21
 -80.000   31.000  0.00769 18
 -80.000   32.000  0.00488 22
 -80.000   33.000  0.00438 19
 -80.000   34.000 -0.00074 24
 -80.000   35.000 -0.00370 19
 -80.000   36.000 -0.00888 25
 -80.000   37.000 -0.00918 20
 -80.000   38.000 -0.01008 24
 -80.000   39.000 -0.00716 18
 -80.000   40.000 -0.00396 21
 -80.000   41.000 -0.00097 17
 -80.000   42.000  0.00114 20
 -80.000   43.000  0.00108 15
 -80.000   44.000  0.00208 18
 -80.000   45.000  0.00273 14
 -80.000   46.000  0.00506 19
 -80.000   47.000  0.00708 16
 -80.000   48.000  0.01024 21
 -80.000   49.000  0.01209 17
 -80.000   50.000  0.01438 22
 -79.000   25.000  0.02189 21
 -79.000   26.000  0.01867 24
 -79.000   27.000  0.01697 18
 -79.000   28.000  0.01239 23
 -79.000   29.000  0.01035 18
 -79.000   30.000  0.00679 24
 -79.000   31.000  0.00714 18
 -79.000   32.000  0.00411 24
 -79.000   33.000  0.00271 18
 -79.000   34.000 -0.00322 24
 -79.000   35.000 -0.00686 17
 -79.000   36.000 -0.01214 23
 -79.000   37.000 -0.01249 17
 -79.000   38.000 -0.01277 21
 -79.000   39.000 -0.00892 15
 -79.000   40.000 -0.00492 18
 -79.000   41.000 -0.00143 15
 -79.000   42.000  0.00088 18
 -79.000   43.000  0.00102 14
 -79.000   44.000  0.00198 16
 -79.000   45.000  0.00296 14
 -79.000   46.000  0.00555 17
 -79.000   47.000  0.00807 16
 -79.000   48.000  0.01131 17
 -79.000   49.000  0.01342 16
 -79.000   50.000  0.01555 17
 -78.000   25.000  0.02040 18
 -78.000   26.000  0.01758 18
 -78.000   27.000  0.01621 16
 -78.000   28.000  0.01187 19
 -78.000   29.000  0.01033 18
 -78.000   30.000  0.00708 22
 -78.000   31.000  0.00698 19
 -78.000   32.000  0.00365 23
 -78.000   33.000  0.00181 19
 -78.000   34.000 -0.00384 23
 -78.000   35.000 -0.00695 19
 -78.000   36.000 -0.01130 24
 -78.000   37.000 -0.01095 20
 -78.000   38.000 -0.01045 23
 -78.000   39.000 -0.00590 18
 -78.000   40.000 -0.00193 21
 -78.000   41.000  0.00159 18
 -78.000   42.000  0.00356 21
 -78.000   43.000  0.00378 16
 -78.000   44.000  0.00429 19
 -78.000   45.000  0.00498 15
 -78.000   46.000  0.00715 21
 -78.000   47.000  0.00920 17
 -78.000   48.000  0.01196 22
 -78.000   49.000  0.01352 17
 -78.000   50.000  0.01530 22
 -77.000   25.000  0.01948 19
 -77.000   26.000  0.01671 22
 -77.000   27.000  0.01523 17
 -77.000   28.000  0.01081 23
 -77.000   29.000  0.00928 18
 -77.000   30.000  0.00619 25
 -77.000   31.000  0.00573 19
 -77.000   32.000  0.00185 25
 -77.000   33.000 -0.00127 18
 -77.000   34.000 -0.00766 23
 -77.000   35.000 -0.01123 17
 -77.000   36.000 -0.01517 23
 -77.000   37.000 -0.01396 18
 -77.000   38.000 -0.01188 21
 -77.000   39.000 -0.00589 15
 -77.000   40.000 -0.00103 18
 -77.000   41.000  0.00294 15
 -77.000   42.000  0.00496 18
 -77.000   43.000  0.00523 14
 -77.000   44.000  0.00532 17
 -77.000   45.000  0.00575 15
 -77.000   46.000  0.00733 18
 -77.000   47.000  0.00906 16
 -77.000   48.000  0.01141 17
 -77.000   49.000  0.01278 16
 -77.000   50.000  0.01426 17
 -76.000   25.000  0.01829 19
 -76.000   26.000  0.01584 21
 -76.000   27.000  0.01454 18
 -76.000   28.000  0.01064 20
 -76.000   29.000  0.00923 17
 -76.000   30.000  0.00626 21
 -76.000   31.000  0.00536 19
 -76.000   32.000  0.00120 21
 -76.000   33.000 -0.00234 17
 -76.000   34.000 -0.00841 20
 -76.000   35.000 -0.01129 18
 -76.000   36.000 -0.01411 23
 -76.000   37.000 -0.01208 20
 -76.000   38.000 -0.00932 22
 -76.000   39.000 -0.00328 17
 -76.000   40.000  0.00118 20
 -76.000   41.000  0.00487 18
 -76.000   42.000  0.00653 21
 -76.000   43.000  0.00704 17
 -76.000   44.000  0.00699 21
 -76.000   45.000  0.00710 17
 -76.000   46.000  0.00781 22
 -76.000   47.000  0.00889 17
 -76.000   48.000  0.01055 22
 -76.000   49.000  0.01144 17
 -76.000   50.000  0.01242 22
 -75.000   25.000  0.01690 21
 -75.000   26.000  0.01472 26
 -75.000   27.000  0.01343 19
 -75.000   28.000  0.00998 24
 -75.000   29.000  0.00841 17
 -75.000   30.000  0.00573 23
 -75.000   31.000  0.00447 18
 -75.000   32.000 -0.00003 23
 -75.000   33.000 -0.00453 17
 -75.000   34.000 -0.01115 23
 -75.000   35.000 -0.01448 18
 -75.000   36.000 -0.01696 25
 -75.000   37.000 -0.01414 19
 -75.000   38.000 -0.01033 22
 -75.000   39.000 -0.00354 15
 -75.000   40.000  0.00122 18
 -75.000   41.000  0.00527 15
 -75.000   42.000  0.00666 18
 -75.000   43.000  0.00747 15
 -75.000   44.000  0.00717 19
 -75.000   45.000  0.00732 17
 -75.000   46.000  0.00694 19
 -75.000   47.000  0.00757 16
 -75.000   48.000  0.00835 18
 -75.000   49.000  0.00901 17
 -75.000   50.000  0.00927 18
 -74.000   25.000  0.01496 21
 -74.000   26.000  0.01325 25
 -74.000   27.000  0.01226 20
 -74.000   28.000  0.00946 23
 -74.000   29.000  0.00803 18
 -74.000   30.000  0.00575 22
 -74.000   31.000  0.00433 19
 -74.000   32.000  0.00004 21
 -74.000   33.000 -0.00411 17
 -74.000   34.000 -0.00993 20
 -74.000   35.000 -0.01263 18
 -74.000   36.000 -0.01439 22
 -74.000   37.000 -0.01109 19
 -74.000   38.000 -0.00731 21
 -74.000   39.000 -0.00103 17
 -74.000   40.000  0.00293 20
 -74.000   41.000  0.00660 18
 -74.000   42.000  0.00720 21
 -74.000   43.000  0.00785 18
 -74.000   44.000  0.00720 23
 -74.000   45.000  0.00727 20
 -74.000   46.000  0.00608 24
 -74.000   47.000  0.00610 18
 -74.000   48.000  0.00613 23
 -74.000   49.000  0.00641 18
 -74.000   50.000  0.00602 23
 -73.000   25.000  0.01282 20
 -73.000   26.000  0.01151 26
 -73.000   27.000  0.01081 19
 -73.000   28.000  0.00850 26
 -73.000   29.000  0.00712 19
 -73.000   30.000  0.00537 26
 -73.000   31.000  0.00381 19
 -73.000   32.000 -0.00046 25
 -73.000   33.000 -0.00487 19
 -73.000   34.000 -0.01063 25
 -73.000   35.000 -0.01351 19
 -73.000   36.000 -0.01526 24
 -73.000   37.000 -0.01183 18
 -73.000   38.000 -0.00804 22
 -73.000   39.000 -0.00179 16
 -73.000   40.000  0.00177 19
 -73.000   41.000  0.00558 15
 -73.000   42.000  0.00588 18
 -73.000   43.000  0.00660 15
 -73.000   44.000  0.00576 19
 -73.000   45.000  0.00614 18
 -73.000   46.000  0.00458 21
 -73.000   47.000  0.00440 18
 -73.000   48.000  0.00387 20
 -73.000   49.000  0.00408 18
 -73.000   50.000  0.00330 19
 -72.000   25.000  0.01081 20
 -72.000   26.000  0.00989 25
 -72.000   27.000  0.00962 20
 -72.000   28.000  0.00786 25
 -72.000   29.000  0.00684 20
 -72.000   30.000  0.00558 24
 -72.000   31.000  0.00420 19
 -72.000   32.000  0.00031 22
 -72.000   33.000 -0.00344 19
 -72.000   34.000 -0.00832 22
 -72.000   35.000 -0.01056 19
 -72.000   36.000 -0.01205 22
 -72.000   37.000 -0.00891 19
 -72.000   38.000 -0.00588 21
 -72.000   39.000 -0.00066 17
 -72.000   40.000  0.00178 19
 -72.000   41.000  0.00498 17
 -72.000   42.000  0.00495 20
 -72.000   43.000  0.00561 18
 -72.000   44.000  0.00486 23
 -72.000   45.000  0.00543 21
 -72.000   46.000  0.00408 26
 -72.000   47.000  0.00387 20
 -72.000   48.000  0.00311 24
 -72.000   49.000  0.00325 18
 -72.000   50.000  0.00239 23
 -71.000   25.000  0.00879 19
 -71.000   26.000  0.00817 26
 -71.000   27.000  0.00828 19
 -71.000   28.000  0.00669 26
 -71.000   29.000  0.00579 19
 -71.000   30.000  0.00509 25
 -71.000   31.000  0.00392 18
 -71.000   32.000  0.00026 24
 -71.000   33.000 -0.00320 20
 -71.000   34.000 -0.00752 26
 -71.000   35.000 -0.00953 20
 -71.000   36.000 -0.01119 24
 -71.000   37.000 -0.00843 18
 -71.000   38.000 -0.00590 22
 -71.000   39.000 -0.00113 16
 -71.000   40.000  0.00056 19
 -71.000   41.000  0.00342 15
 -71.000   42.000  0.00303 18
 -71.000   43.000  0.00351 15
 -71.000   44.000  0.00290 19
 -71.000   45.000  0.00403 18
 -71.000   46.000  0.00347 23
 -71.000   47.000  0.00381 20
 -71.000   48.000  0.00321 22
 -71.000   49.000  0.00346 18
 -71.000   50.000  0.00259 20
 -70.000   25.000  0.00722 18
 -70.000   26.000  0.00682 24
 -70.000   27.000  0.00722 20
 -70.000   28.000  0.00580 25
 -70.000   29.000  0.00515 20
 -70.000   30.000  0.00476 23
 -70.000   31.000  0.00406 18
 -70.000   32.000  0.00102 21
 -70.000   33.000 -0.00142 19
 -70.000   34.000 -0.00465 22
 -70.000   35.000 -0.00587 19
 -70.000   36.000 -0.00736 20
 -70.000   37.000 -0.00515 17
 -70.000   38.000 -0.00327 19
 -70.000   39.000  0.00058 17
 -70.000   40.000  0.00152 19
 -70.000   41.000  0.00363 17
 -70.000   42.000  0.00288 20
 -70.000   43.000  0.00272 18
 -70.000   44.000  0.00196 23
 -70.000   45.000  0.00288 21
 -70.000   46.000  0.00283 27
 -70.000   47.000  0.00348 22
 -70.000   48.000  0.00341 25
 -70.000   49.000  0.00379 19
 -70.000   50.000  0.00327 23
 -69.000   25.000  0.00534 17
 -69.000   26.000  0.00533 25
 -69.000   27.000  0.00612 19
 -69.000   28.000  0.00496 26
 -69.000   29.000  0.00439 19
 -69.000   30.000  0.00432 25
 -69.000   31.000  0.00382 18
 -69.000   32.000  0.00112 24
 -69.000   33.000 -0.00073 20
 -69.000   34.000 -0.00318 26
 -69.000   35.000 -0.00406 21
 -69.000   36.000 -0.00570 22
 -69.000   37.000 -0.00399 16
 -69.000   38.000 -0.00260 19
 -69.000   39.000  0.00089 16
 -69.000   40.000  0.00164 20
 -69.000   41.000  0.00370 16
 -69.000   42.000  0.00280 19
 -69.000   43.000  0.00204 15
 -69.000   44.000  0.00119 19
 -69.000   45.000  0.00203 17
 -69.000   46.000  0.00247 23
 -69.000   47.000  0.00353 20
 -69.000   48.000  0.00417 22
 -69.000   49.000  0.00470 17
 -69.000   50.000  0.00447 19
 -68.000   25.000  0.00414 16
 -68.000   26.000  0.00459 23
 -68.000   27.000  0.00572 19
 -68.000   28.000  0.00518 25
 -68.000   29.000  0.00501 20
 -68.000   30.000  0.00501 24
 -68.000   31.000  0.00467 19
 -68.000   32.000  0.00239 23
 -68.000   33.000  0.00126 20
 -68.000   34.000 -0.00051 24
 -68.000   35.000 -0.00102 21
 -68.000   36.000 -0.00248 21
 -68.000   37.000 -0.00106 17
 -68.000   38.000  0.00008 18
 -68.000   39.000  0.00313 17
 -68.000   40.000  0.00399 19
 -68.000   41.000  0.00590 17
 -68.000   42.000  0.00473 20
 -68.000   43.000  0.00336 19
 -68.000   44.000  0.00207 23
 -68.000   45.000  0.00228 22
 -68.000   46.000  0.00240 26
 -68.000   47.000  0.00344 24
 -68.000   48.000  0.00436 25
 -68.000   49.000  0.00500 21
 -68.000   50.000  0.00487 22
 -67.000   25.000  0.00324 17
 -67.000   26.000  0.00419 25
 -67.000   27.000  0.00573 18
 -67.000   28.000  0.00560 26
 -67.000   29.000  0.00554 19
 -67.000   30.000  0.00560 26
 -67.000   31.000  0.00512 20
 -67.000   32.000  0.00292 27
 -67.000   33.000  0.00218 22
 -67.000   34.000  0.00091 28
 -67.000   35.000  0.00052 23
 -67.000   36.000 -0.00103 25
 -67.000   37.000  0.00029 18
 -67.000   38.000  0.00127 20
 -67.000   39.000  0.00443 17
 -67.000   40.000  0.00575 21
 -67.000   41.000  0.00814 17
 -67.000   42.000  0.00683 19
 -67.000   43.000  0.00489 16
 -67.000   44.000  0.00330 19
 -67.000   45.000  0.00310 19
 -67.000   46.000  0.00324 23
 -67.000   47.000  0.00429 24
 -67.000   48.000  0.00556 24
 -67.000   49.000  0.00623 21
 -67.000   50.000  0.00614 20
 -66.000   25.000  0.00322 13
 -66.000   26.000  0.00441 19
 -66.000   27.000  0.00609 14
 -66.000   28.000  0.00629 20
 -66.000   29.000  0.00636 16
 -66.000   30.000  0.00633 20
 -66.000   31.000  0.00568 17
 -66.000   32.000  0.00351 22
 -66.000   33.000  0.00290 19
 -66.000   34.000  0.00176 23
 -66.000   35.000  0.00135 19
 -66.000   36.000 -0.00015 20
 -66.000   37.000  0.00110 15
 -66.000   38.000  0.00211 16
 -66.000   39.000  0.00527 15
 -66.000   40.000  0.00708 16
 -66.000   41.000  0.00981 15
 -66.000   42.000  0.00869 15
 -66.000   43.000  0.00640 16
 -66.000   44.000  0.00446 17
 -66.000   45.000  0.00355 20
 -66.000   46.000  0.00323 21
 -66.000   47.000  0.00395 23
 -66.000   48.000  0.00542 21
 -66.000   49.000  0.00614 20
 -66.000   50.000  0.00629 18
 -65.000   25.000  0.00326 8
 -65.000   26.000  0.00470 12
 -65.000   27.000  0.00654 8
 -65.000   28.000  0.00688 12
 -65.000   29.000  0.00688 9
 -65.000   30.000  0.00678 12
 -65.000   31.000  0.00581 10
 -65.000   32.000  0.00354 14
 -65.000   33.000  0.00304 12
 -65.000   34.000  0.00213 15
 -65.000   35.000  0.00177 12
 -65.000   36.000  0.00017 13
 -65.000   37.000  0.00139 9
 -65.000   38.000  0.00219 10
 -65.000   39.000  0.00549 9
 -65.000   40.000  0.00765 10
 -65.000   41.000  0.01097 9
 -65.000   42.000  0.01005 8
 -65.000   43.000  0.00747 8
 -65.000   44.000  0.00531 8
 -65.000   45.000  0.00402 10
 -65.000   46.000  0.00371 11
 -65.000   47.000  0.00434 12
 -65.000   48.000  0.00612 11
 -65.000   49.000  0.00693 10
 -65.000   50.000  0.00733 9
