-130.000   25.000  0.00000 0
-130.000   26.000  0.00000 0
-130.000   27.000  0.00000 0
-130.000   28.000  0.00000 0
-130.000   29.000  0.00000 0
-130.000   30.000  0.00000 0
-130.000   31.000  0.00000 0
-130.000   32.000  0.00000 0
-130.000   33.000  0.00000 0
-130.000   34.000  0.00000 0
-130.000   35.000  0.00000 0
-130.000   36.000  0.00000 0
-130.000   37.000  0.00000 0
-130.000   38.000  0.00000 0
-130.000   39.000  0.00000 0
-130.000   40.000  0.00000 0
-130.000   41.000  0.00000 0
-130.000   42.000  0.00000 0
-130.000   43.000  0.00000 0
-130.000   44.000  0.00000 0
-130.000   45.000  0.00000 0
-130.000   46.000  0.00000 0
-130.000   47.000  0.00000 0
-130.000   48.000  0.00000 0
-130.000   49.000  0.00000 0
-130.000   50.000  0.00000 0
-129.000   25.000  0.00000 0
-129.000   26.000  0.00000 0
-129.000   27.000  0.00000 0
-129.000   28.000  0.00000 0
-129.000   29.000  0.00000 0
-129.000   30.000  0.00000 0
-129.000   31.000  0.00000 0
-129.000   32.000  0.00000 0
-129.000   33.000  0.00000 0
-129.000   34.000  0.00000 0
-129.000   35.000  0.00000 0
-129.000   36.000  0.00000 0
-129.000   37.000  0.00000 0
-129.000   38.000  0.00000 0
-129.000   39.000  0.00000 0
-129.000   40.000  0.00000 0
-129.000   41.000  0.00000 0
-129.000   42.000  0.00000 0
-129.000   43.000  0.00000 0
-129.000   44.000  0.00000 0
-129.000   45.000  0.00000 0
-129.000   46.000  0.00000 0
-129.000   47.000  0.00000 0
-129.000   48.000  0.00000 0
-129.000   49.000  0.00000 0
-129.000   50.000  0.00000 0
-128.000   25.000 -0.00406 0
-128.000   26.000 -0.00512 0
-128.000   27.000 -0.00576 0
-128.000   28.000 -0.00512 0
-128.000   29.000 -0.00448 0
-128.000   30.000 -0.00332 0
-128.000   31.000 -0.00166 0
-128.000   32.000  0.00000 0
-128.000   33.000  0.00000 0
-128.000   34.000  0.00000 0
-128.000   35.000  0.00000 0
-128.000   36.000  0.00000 0
-128.000   37.000  0.00000 0
-128.000   38.000  0.00000 0
-128.000   39.000  0.00000 0
-128.000   40.000 -0.00074 0
-128.000   41.000 -0.00148 0
-128.000   42.000 -0.00107 0
-128.000   43.000  0.00050 0
-128.000   44.000  0.00207 0
-128.000   45.000  0.00281 0
-128.000   46.000  0.00356 0
-128.000   47.000  0.00314 0
-128.000   48.000  0.00157 0
-128.000   49.000  0.00000 0
-128.000   50.000  0.00000 0
-127.000   25.000 -0.00628 0
-127.000   26.000 -0.00795 0
-127.000   27.000 -0.00901 0
-127.000   28.000 -0.00916 0
-127.000   29.000 -0.00927 0
-127.000   30.000 -0.00747 0
-127.000   31.000 -0.00488 0
-127.000   32.000 -0.00222 0
-127.000   33.000 -0.00111 0
-127.000   34.000  0.00000 0
-127.000   35.000  0.00000 0
-127.000   36.000  0.00000 0
-127.000   37.000  0.00000 0
-127.000   38.000  0.00000 0
-127.000   39.000  0.00000 0
-127.000   40.000 -0.00148 0
-127.000   41.000 -0.00297 0
-127.000   42.000 -0.00214 0
-127.000   43.000  0.00100 0
-127.000   44.000  0.00336 0
-127.000   45.000  0.00484 0
-127.000   46.000  0.00632 0
-127.000   47.000  0.00550 0
-127.000   48.000  0.00236 0
-127.000   49.000 -0.00000 0
-127.000   50.000 -0.00000 0
-126.000   25.000 -0.01164 1
-126.000   26.000 -0.01313 1
-126.000   27.000 -0.01414 2
-126.000   28.000 -0.01446 1
-126.000   29.000 -0.01449 1
-126.000   30.000 -0.01161 0
-126.000   31.000 -0.00809 0
-126.000   32.000 -0.00445 0
-126.000   33.000 -0.00222 0
-126.000   34.000  0.00000 0
-126.000   35.000 -0.00244 0
-126.000   36.000 -0.00488 0
-126.000   37.000 -0.00732 0
-126.000   38.000 -0.00732 0
-126.000   39.000 -0.00732 0
-126.000   40.000 -0.00571 0
-126.000   41.000 -0.00411 0
-126.000   42.000  0.00012 1
-126.000   43.000  0.00483 1
-126.000   44.000  0.00797 2
-126.000   45.000  0.00881 1
-126.000   46.000  0.00964 1
-126.000   47.000  0.00785 0
-126.000   48.000  0.00314 0
-126.000   49.000 -0.00000 0
-126.000   50.000 -0.00000 0
-125.000   25.000 -0.01653 3
-125.000   26.000 -0.01731 2
-125.000   27.000 -0.01819 4
-125.000   28.000 -0.01851 2
-125.000   29.000 -0.01845 3
-125.000   30.000 -0.01463 1
-125.000   31.000 -0.01070 1
-125.000   32.000 -0.00636 0
-125.000   33.000 -0.00318 0
-125.000   34.000  0.00000 0
-125.000   35.000 -0.00488 0
-125.000   36.000 -0.00976 0
-125.000   37.000 -0.01465 0
-125.000   38.000 -0.01465 0
-125.000   39.000 -0.01465 0
-125.000   40.000 -0.00855 0
-125.000   41.000 -0.00246 0
-125.000   42.000  0.00517 1
-125.000   43.000  0.00975 1
-125.000   44.000  0.01282 2
-125.000   45.000  0.01161 1
-125.000   46.000  0.01040 2
-125.000   47.000  0.00987 1
-125.000   48.000  0.00751 1
-125.000   49.000  0.00554 0
-125.000   50.000  0.00739 0
-124.000   25.000 -0.01722 4
-124.000   26.000 -0.01860 3
-124.000   27.000 -0.02002 5
-124.000   28.000 -0.02105 2
-124.000   29.000 -0.02136 3
-124.000   30.000 -0.01786 1
-124.000   31.000 -0.01372 1
-124.000   32.000 -0.00858 0
-124.000   33.000 -0.00460 0
-124.000   34.000 -0.00081 0
-124.000   35.000 -0.00507 0
-124.000   36.000 -0.00932 0
-124.000   37.000 -0.01398 1
-124.000   38.000 -0.01398 1
-124.000   39.000 -0.01398 1
-124.000   40.000 -0.00606 0
-124.000   41.000  0.00186 0
-124.000   42.000  0.01022 2
-124.000   43.000  0.01467 2
-124.000   44.000  0.01761 3
-124.000   45.000  0.01435 1
-124.000   46.000  0.01109 2
-124.000   47.000  0.01182 1
-124.000   48.000  0.01181 1
-124.000   49.000  0.01108 0
-124.000   50.000  0.01478 0
-123.000   25.000 -0.00676 4
-123.000   26.000 -0.00705 4
-123.000   27.000 -0.00815 4
-123.000   28.000 -0.01124 2
-123.000   29.000 -0.01307 3
-123.000   30.000 -0.01307 2
-123.000   31.000 -0.01230 2
-123.000   32.000 -0.00979 0
-123.000   33.000 -0.00565 0
-123.000   34.000 -0.00163 0
-123.000   35.000 -0.00259 0
-123.000   36.000 -0.00355 0
-123.000   37.000 -0.00532 1
-123.000   38.000 -0.00532 1
-123.000   39.000 -0.00532 1
-123.000   40.000  0.00046 0
-123.000   41.000  0.00623 0
-123.000   42.000  0.01085 1
-123.000   43.000  0.01329 1
-123.000   44.000  0.01422 2
-123.000   45.000  0.00933 1
-123.000   46.000  0.00443 2
-123.000   47.000  0.00627 1
-123.000   48.000  0.00908 1
-123.000   49.000  0.01018 1
-123.000   50.000  0.01507 1
-122.000   25.000  0.00614 3
-122.000   26.000  0.00596 4
-122.000   27.000  0.00478 3
-122.000   28.000  0.00090 1
-122.000   29.000 -0.00187 1
-122.000   30.000 -0.00512 1
-122.000   31.000 -0.00742 2
-122.000   32.000 -0.00584 1
-122.000   33.000 -0.00175 1
-122.000   34.000  0.00371 0
-122.000   35.000  0.00613 0
-122.000   36.000  0.00887 0
-122.000   37.000  0.00839 2
-122.000   38.000  0.00679 2
-122.000   39.000  0.00414 2
-122.000   40.000  0.00737 0
-122.000   41.000  0.01060 0
-122.000   42.000  0.01118 1
-122.000   43.000  0.01130 1
-122.000   44.000  0.01070 2
-122.000   45.000  0.00418 1
-122.000   46.000 -0.00235 1
-122.000   47.000 -0.00010 0
-122.000   48.000  0.00445 0
-122.000   49.000  0.00631 1
-122.000   50.000  0.01139 1
-121.000   25.000  0.01289 2
-121.000   26.000  0.01351 3
-121.000   27.000  0.01248 3
-121.000   28.000  0.00913 2
-121.000   29.000  0.00591 3
-121.000   30.000  0.00083 2
-121.000   31.000 -0.00464 3
-121.000   32.000 -0.00478 1
-121.000   33.000 -0.00220 1
-121.000   34.000  0.00483 0
-121.000   35.000  0.01359 0
-121.000   36.000  0.02363 0
-121.000   37.000  0.02566 1
-121.000   38.000  0.02414 1
-121.000   39.000  0.01885 1
-121.000   40.000  0.01529 0
-121.000   41.000  0.01174 0
-121.000   42.000  0.00817 0
-121.000   43.000  0.00598 0
-121.000   44.000  0.00385 2
-121.000   45.000 -0.00302 2
-121.000   46.000 -0.00989 2
-121.000   47.000 -0.00679 1
-121.000   48.000 -0.00051 1
-121.000   49.000  0.00202 3
-121.000   50.000  0.00733 2
-120.000   25.000  0.01769 2
-120.000   26.000  0.01804 3
-120.000   27.000  0.01668 3
-120.000   28.000  0.01366 3
-120.000   29.000  0.00978 3
-120.000   30.000  0.00416 3
-120.000   31.000 -0.00266 3
-120.000   32.000 -0.00329 2
-120.000   33.000 -0.00293 1
-120.000   34.000  0.00319 1
-120.000   35.000  0.01349 1
-120.000   36.000  0.02582 2
-120.000   37.000  0.02668 2
-120.000   38.000  0.02263 2
-120.000   39.000  0.01753 1
-120.000   40.000  0.01034 0
-120.000   41.000  0.00305 0
-120.000   42.000 -0.00040 0
-120.000   43.000  0.00106 0
-120.000   44.000 -0.00100 1
-120.000   45.000 -0.00693 1
-120.000   46.000 -0.01286 1
-120.000   47.000 -0.01176 1
-120.000   48.000 -0.00823 1
-120.000   49.000 -0.00771 2
-120.000   50.000 -0.00381 1
-119.000   25.000  0.01662 2
-119.000   26.000  0.01743 3
-119.000   27.000  0.01678 4
-119.000   28.000  0.01495 4
-119.000   29.000  0.01177 5
-119.000   30.000  0.00695 4
-119.000   31.000 -0.00000 4
-119.000   32.000 -0.00163 2
-119.000   33.000 -0.00409 2
-119.000   34.000 -0.00066 2
-119.000   35.000  0.00583 2
-119.000   36.000  0.01494 2
-119.000   37.000  0.01247 1
-119.000   38.000  0.00674 1
-119.000   39.000  0.00373 0
-119.000   40.000 -0.00217 0
-119.000   41.000 -0.00830 0
-119.000   42.000 -0.00896 0
-119.000   43.000 -0.00385 0
-119.000   44.000  0.00010 1
-119.000   45.000 -0.00139 1
-119.000   46.000 -0.00241 1
-119.000   47.000 -0.00181 2
-119.000   48.000  0.00109 2
-119.000   49.000 -0.00358 3
-119.000   50.000 -0.00228 1
-118.000   25.000  0.01193 2
-118.000   26.000  0.01201 3
-118.000   27.000  0.01155 3
-118.000   28.000  0.01094 3
-118.000   29.000  0.00843 3
-118.000   30.000  0.00619 3
-118.000   31.000  0.00096 3
-118.000   32.000 -0.00007 3
-118.000   33.000 -0.00370 3
-118.000   34.000 -0.00177 4
-118.000   35.000 -0.00012 4
-118.000   36.000  0.00291 5
-118.000   37.000 -0.00566 3
-118.000   38.000 -0.01419 3
-118.000   39.000 -0.01623 1
-118.000   40.000 -0.01796 1
-118.000   41.000 -0.01822 0
-118.000   42.000 -0.01204 0
-118.000   43.000 -0.00298 0
-118.000   44.000  0.00730 0
-118.000   45.000  0.01258 0
-118.000   46.000  0.01730 0
-118.000   47.000  0.01778 1
-118.000   48.000  0.01998 1
-118.000   49.000  0.01213 2
-118.000   50.000  0.00737 1
-117.000   25.000  0.00080 2
-117.000   26.000  0.00135 2
-117.000   27.000  0.00159 5
-117.000   28.000  0.00294 3
-117.000   29.000  0.00247 5
-117.000   30.000  0.00305 2
-117.000   31.000 -0.00049 4
-117.000   32.000 -0.00310 3
-117.000   33.000 -0.00760 4
-117.000   34.000 -0.00614 3
-117.000   35.000 -0.00562 3
-117.000   36.000 -0.01039 3
-117.000   37.000 -0.02351 2
-117.000   38.000 -0.03559 2
-117.000   39.000 -0.03735 1
-117.000   40.000 -0.03817 1
-117.000   41.000 -0.03046 0
-117.000   42.000 -0.01590 0
-117.000   43.000 -0.00134 0
-117.000   44.000  0.01224 0
-117.000   45.000  0.02221 0
-117.000   46.000  0.03110 1
-117.000   47.000  0.03275 2
-117.000   48.000  0.03596 3
-117.000   49.000  0.02799 3
-117.000   50.000  0.02070 2
-116.000   25.000 -0.00298 1
-116.000   26.000 -0.00259 1
-116.000   27.000 -0.00157 3
-116.000   28.000  0.00082 2
-116.000   29.000  0.00188 3
-116.000   30.000  0.00313 2
-116.000   31.000  0.00097 3
-116.000   32.000 -0.00235 3
-116.000   33.000 -0.00703 3
-116.000   34.000 -0.00712 3
-116.000   35.000 -0.00875 4
-116.000   36.000 -0.01933 4
-116.000   37.000 -0.03335 3
-116.000   38.000 -0.05036 2
-116.000   39.000 -0.05109 1
-116.000   40.000 -0.04978 1
-116.000   41.000 -0.03676 0
-116.000   42.000 -0.01976 0
-116.000   43.000  0.00031 0
-116.000   44.000  0.01552 0
-116.000   45.000  0.02819 0
-116.000   46.000  0.03979 1
-116.000   47.000  0.04145 1
-116.000   48.000  0.04440 2
-116.000   49.000  0.03648 3
-116.000   50.000  0.02752 3
-115.000   25.000 -0.00473 2
-115.000   26.000 -0.00410 2
-115.000   27.000 -0.00200 5
-115.000   28.000  0.00170 3
-115.000   29.000  0.00444 5
-115.000   30.000  0.00511 3
-115.000   31.000  0.00330 4
-115.000   32.000 -0.00137 2
-115.000   33.000 -0.00596 2
-115.000   34.000 -0.00931 1
-115.000   35.000 -0.01095 2
-115.000   36.000 -0.02404 1
-115.000   37.000 -0.03560 1
-115.000   38.000 -0.05473 1
-115.000   39.000 -0.05308 1
-115.000   40.000 -0.05137 1
-115.000   41.000 -0.03602 0
-115.000   42.000 -0.02280 0
-115.000   43.000 -0.00296 0
-115.000   44.000  0.01166 1
-115.000   45.000  0.02570 1
-115.000   46.000  0.03935 3
-115.000   47.000  0.04534 2
-115.000   48.000  0.05177 4
-115.000   49.000  0.04643 3
-115.000   50.000  0.03850 3
-114.000   25.000 -0.00365 1
-114.000   26.000 -0.00230 1
-114.000   27.000  0.00022 3
-114.000   28.000  0.00463 2
-114.000   29.000  0.00828 4
-114.000   30.000  0.00924 3
-114.000   31.000  0.00725 4
-114.000   32.000  0.00174 2
-114.000   33.000 -0.00178 4
-114.000   34.000 -0.00655 3
-114.000   35.000 -0.00720 5
-114.000   36.000 -0.02021 2
-114.000   37.000 -0.02676 3
-114.000   38.000 -0.04419 2
-114.000   39.000 -0.04205 2
-114.000   40.000 -0.04221 1
-114.000   41.000 -0.02754 0
-114.000   42.000 -0.02313 0
-114.000   43.000 -0.00892 0
-114.000   44.000 -0.00177 1
-114.000   45.000  0.00943 1
-114.000   46.000  0.02043 2
-114.000   47.000  0.03046 1
-114.000   48.000  0.03824 2
-114.000   49.000  0.03886 2
-114.000   50.000  0.03314 2
-113.000   25.000 -0.00609 2
-113.000   26.000 -0.00342 2
-113.000   27.000 -0.00058 4
-113.000   28.000  0.00413 2
-113.000   29.000  0.00928 4
-113.000   30.000  0.01208 2
-113.000   31.000  0.00890 3
-113.000   32.000 -0.00026 1
-113.000   33.000 -0.00642 3
-113.000   34.000 -0.01697 2
-113.000   35.000 -0.02431 3
-113.000   36.000 -0.03975 2
-113.000   37.000 -0.03922 3
-113.000   38.000 -0.05000 3
-113.000   39.000 -0.04280 2
-113.000   40.000 -0.03821 1
-113.000   41.000 -0.02051 0
-113.000   42.000 -0.02347 0
-113.000   43.000 -0.01449 0
-113.000   44.000 -0.01465 2
-113.000   45.000 -0.00994 3
-113.000   46.000 -0.00359 5
-113.000   47.000  0.01069 3
-113.000   48.000  0.02060 3
-113.000   49.000  0.02594 1
-113.000   50.000  0.02675 1
-112.000   25.000 -0.00511 1
-112.000   26.000 -0.00214 1
-112.000   27.000  0.00052 4
-112.000   28.000  0.00482 3
-112.000   29.000  0.01015 5
-112.000   30.000  0.01353 2
-112.000   31.000  0.00995 4
-112.000   32.000 -0.00173 2
-112.000   33.000 -0.01190 4
-112.000   34.000 -0.02508 2
-112.000   35.000 -0.03578 3
-112.000   36.000 -0.04658 2
-112.000   37.000 -0.03894 3
-112.000   38.000 -0.04070 2
-112.000   39.000 -0.03113 1
-112.000   40.000 -0.02418 0
-112.000   41.000 -0.01115 0
-112.000   42.000 -0.01886 0
-112.000   43.000 -0.01559 0
-112.000   44.000 -0.02005 1
-112.000   45.000 -0.02090 2
-112.000   46.000 -0.01846 3
-112.000   47.000 -0.00503 2
-112.000   48.000  0.00497 2
-112.000   49.000  0.01180 1
-112.000   50.000  0.01714 1
-111.000   25.000 -0.00230 1
-111.000   26.000  0.00007 1
-111.000   27.000  0.00181 3
-111.000   28.000  0.00465 2
-111.000   29.000  0.00882 3
-111.000   30.000  0.01193 1
-111.000   31.000  0.00703 2
-111.000   32.000 -0.00724 1
-111.000   33.000 -0.02065 2
-111.000   34.000 -0.03494 1
-111.000   35.000 -0.04730 1
-111.000   36.000 -0.05524 1
-111.000   37.000 -0.04291 1
-111.000   38.000 -0.03596 1
-111.000   39.000 -0.02477 0
-111.000   40.000 -0.01627 0
-111.000   41.000 -0.00486 0
-111.000   42.000 -0.01426 0
-111.000   43.000 -0.01675 0
-111.000   44.000 -0.02364 1
-111.000   45.000 -0.02773 3
-111.000   46.000 -0.02843 4
-111.000   47.000 -0.01520 3
-111.000   48.000 -0.00439 2
-111.000   49.000  0.00312 1
-111.000   50.000  0.01098 1
-110.000   25.000 -0.00102 0
-110.000   26.000  0.00039 0
-110.000   27.000  0.00109 3
-110.000   28.000  0.00206 3
-110.000   29.000  0.00492 5
-110.000   30.000  0.00847 2
-110.000   31.000  0.00454 4
-110.000   32.000 -0.00829 2
-110.000   33.000 -0.02028 3
-110.000   34.000 -0.03116 1
-110.000   35.000 -0.04253 1
-110.000   36.000 -0.04783 0
-110.000   37.000 -0.03435 0
-110.000   38.000 -0.02275 0
-110.000   39.000 -0.01415 0
-110.000   40.000 -0.00688 0
-110.000   41.000  0.00144 0
-110.000   42.000 -0.00770 0
-110.000   43.000 -0.01456 0
-110.000   44.000 -0.02268 0
-110.000   45.000 -0.02857 1
-110.000   46.000 -0.03150 2
-110.000   47.000 -0.02249 2
-110.000   48.000 -0.01398 3
-110.000   49.000 -0.00733 2
-110.000   50.000  0.00005 2
-109.000   25.000 -0.00189 0
-109.000   26.000 -0.00184 0
-109.000   27.000 -0.00206 1
-109.000   28.000 -0.00248 1
-109.000   29.000 -0.00102 2
-109.000   30.000  0.00277 2
-109.000   31.000 -0.00013 3
-109.000   32.000 -0.01112 2
-109.000   33.000 -0.02198 2
-109.000   34.000 -0.02918 1
-109.000   35.000 -0.03844 1
-109.000   36.000 -0.04122 0
-109.000   37.000 -0.02965 0
-109.000   38.000 -0.01808 0
-109.000   39.000 -0.01205 0
-109.000   40.000 -0.00603 0
-109.000   41.000  0.00000 0
-109.000   42.000 -0.00385 0
-109.000   43.000 -0.00967 0
-109.000   44.000 -0.01728 0
-109.000   45.000 -0.02374 2
-109.000   46.000 -0.02785 3
-109.000   47.000 -0.02460 3
-109.000   48.000 -0.01809 2
-109.000   49.000 -0.01311 1
-109.000   50.000 -0.00671 1
-108.000   25.000 -0.00141 0
-108.000   26.000 -0.00211 0
-108.000   27.000 -0.00277 2
-108.000   28.000 -0.00345 2
-108.000   29.000 -0.00346 4
-108.000   30.000 -0.00123 3
-108.000   31.000 -0.00281 4
-108.000   32.000 -0.00944 2
-108.000   33.000 -0.01647 1
-108.000   34.000 -0.01647 0
-108.000   35.000 -0.01785 0
-108.000   36.000 -0.01543 0
-108.000   37.000 -0.00772 0
-108.000   38.000  0.00000 0
-108.000   39.000  0.00000 0
-108.000   40.000  0.00000 0
-108.000   41.000  0.00000 0
-108.000   42.000  0.00000 0
-108.000   43.000 -0.00410 0
-108.000   44.000 -0.01029 0
-108.000   45.000 -0.01709 1
-108.000   46.000 -0.02237 2
-108.000   47.000 -0.02490 3
-108.000   48.000 -0.02107 3
-108.000   49.000 -0.01861 2
-108.000   50.000 -0.01348 1
-107.000   25.000 -0.00090 0
-107.000   26.000 -0.00135 0
-107.000   27.000 -0.00171 1
-107.000   28.000 -0.00194 1
-107.000   29.000 -0.00207 2
-107.000   30.000 -0.00087 3
-107.000   31.000 -0.00221 3
-107.000   32.000 -0.00544 2
-107.000   33.000 -0.00906 0
-107.000   34.000 -0.00893 0
-107.000   35.000 -0.00960 0
-107.000   36.000 -0.00772 0
-107.000   37.000 -0.00386 0
-107.000   38.000  0.00000 0
-107.000   39.000  0.00000 0
-107.000   40.000  0.00000 0
-107.000   41.000  0.00000 0
-107.000   42.000  0.00000 0
-107.000   43.000 -0.00316 0
-107.000   44.000 -0.00759 0
-107.000   45.000 -0.01263 1
-107.000   46.000 -0.01728 1
-107.000   47.000 -0.02014 2
-107.000   48.000 -0.01758 1
-107.000   49.000 -0.01645 1
-107.000   50.000 -0.01352 0
-106.000   25.000 -0.00028 0
-106.000   26.000 -0.00042 0
-106.000   27.000 -0.00053 2
-106.000   28.000 -0.00025 2
-106.000   29.000  0.00010 3
-106.000   30.000  0.00148 2
-106.000   31.000  0.00168 2
-106.000   32.000  0.00187 1
-106.000   33.000  0.00160 0
-106.000   34.000  0.00125 0
-106.000   35.000  0.00003 0
-106.000   36.000  0.00000 0
-106.000   37.000  0.00000 0
-106.000   38.000  0.00000 0
-106.000   39.000  0.00000 0
-106.000   40.000  0.00000 0
-106.000   41.000  0.00000 0
-106.000   42.000  0.00000 0
-106.000   43.000 -0.00215 0
-106.000   44.000 -0.00505 0
-106.000   45.000 -0.00857 0
-106.000   46.000 -0.01177 0
-106.000   47.000 -0.01433 1
-106.000   48.000 -0.01248 1
-106.000   49.000 -0.01198 1
-106.000   50.000 -0.01011 0
-105.000   25.000  0.00028 0
-105.000   26.000  0.00042 0
-105.000   27.000  0.00046 1
-105.000   28.000  0.00125 1
-105.000   29.000  0.00204 1
-105.000   30.000  0.00343 2
-105.000   31.000  0.00326 2
-105.000   32.000  0.00314 2
-105.000   33.000  0.00235 0
-105.000   34.000  0.00156 0
-105.000   35.000  0.00000 0
-105.000   36.000  0.00000 0
-105.000   37.000  0.00000 0
-105.000   38.000  0.00000 0
-105.000   39.000  0.00000 0
-105.000   40.000  0.00000 0
-105.000   41.000  0.00000 0
-105.000   42.000  0.00000 0
-105.000   43.000 -0.00108 0
-105.000   44.000 -0.00215 0
-105.000   45.000 -0.00413 0
-105.000   46.000 -0.00606 0
-105.000   47.000 -0.00799 0
-105.000   48.000 -0.00691 0
-105.000   49.000 -0.00730 0
-105.000   50.000 -0.00642 0
-104.000   25.000  0.00183 0
-104.000   26.000  0.00275 0
-104.000   27.000  0.00266 1
-104.000   28.000  0.00342 1
-104.000   29.000  0.00417 1
-104.000   30.000  0.00461 1
-104.000   31.000  0.00351 1
-104.000   32.000  0.00305 1
-104.000   33.000  0.00229 0
-104.000   34.000  0.00153 0
-104.000   35.000  0.00000 0
-104.000   36.000  0.00000 0
-104.000   37.000  0.00000 0
-104.000   38.000  0.00000 0
-104.000   39.000  0.00000 0
-104.000   40.000  0.00000 0
-104.000   41.000  0.00000 0
-104.000   42.000  0.00000 0
-104.000   43.000  0.00000 0
-104.000   44.000  0.00000 0
-104.000   45.000 -0.00096 0
-104.000   46.000 -0.00193 0
-104.000   47.000 -0.00289 0
-104.000   48.000 -0.00289 0
-104.000   49.000 -0.00361 0
-104.000   50.000 -0.00321 0
-103.000   25.000  0.00209 0
-103.000   26.000  0.00313 0
-103.000   27.000  0.00283 0
-103.000   28.000  0.00353 0
-103.000   29.000  0.00424 0
-103.000   30.000  0.00408 2
-103.000   31.000  0.00282 2
-103.000   32.000  0.00250 2
-103.000   33.000  0.00180 0
-103.000   34.000  0.00109 0
-103.000   35.000  0.00000 0
-103.000   36.000  0.00000 0
-103.000   37.000  0.00000 0
-103.000   38.000  0.00000 0
-103.000   39.000  0.00000 0
-103.000   40.000  0.00000 0
-103.000   41.000  0.00000 0
-103.000   42.000  0.00000 0
-103.000   43.000  0.00000 0
-103.000   44.000  0.00000 0
-103.000   45.000  0.00000 0
-103.000   46.000  0.00000 0
-103.000   47.000  0.00000 0
-103.000   48.000  0.00000 0
-103.000   49.000  0.00000 0
-103.000   50.000  0.00000 0
-102.000   25.000  0.00104 0
-102.000   26.000  0.00157 0
-102.000   27.000  0.00051 0
-102.000   28.000  0.00044 0
-102.000   29.000  0.00037 1
-102.000   30.000  0.00021 2
-102.000   31.000 -0.00042 2
-102.000   32.000  0.00032 1
-102.000   33.000  0.00039 0
-102.000   34.000  0.00046 0
-102.000   35.000  0.00000 0
-102.000   36.000  0.00000 0
-102.000   37.000  0.00000 0
-102.000   38.000  0.00000 0
-102.000   39.000  0.00000 0
-102.000   40.000  0.00000 0
-102.000   41.000  0.00000 0
-102.000   42.000  0.00000 0
-102.000   43.000  0.00000 0
-102.000   44.000  0.00000 0
-102.000   45.000  0.00000 0
-102.000   46.000  0.00000 0
-102.000   47.000  0.00000 0
-102.000   48.000  0.00000 0
-102.000   49.000  0.00000 0
-102.000   50.000  0.00000 0
-101.000   25.000 -0.00152 0
-101.000   26.000 -0.00228 0
-101.000   27.000 -0.00385 0
-101.000   28.000 -0.00471 0
-101.000   29.000 -0.00556 1
-101.000   30.000 -0.00494 3
-101.000   31.000 -0.00403 3
-101.000   32.000 -0.00200 2
-101.000   33.000 -0.00114 0
-101.000   34.000 -0.00029 0
-101.000   35.000  0.00000 0
-101.000   36.000  0.00000 0
-101.000   37.000  0.00000 0
-101.000   38.000  0.00000 0
-101.000   39.000  0.00000 0
-101.000   40.000  0.00000 0
-101.000   41.000  0.00000 0
-101.000   42.000  0.00000 0
-101.000   43.000  0.00000 0
-101.000   44.000  0.00000 0
-101.000   45.000  0.00000 0
-101.000   46.000  0.00000 0
-101.000   47.000  0.00000 0
-101.000   48.000  0.00000 0
-101.000   49.000  0.00000 0
-101.000   50.000  0.00000 0
-100.000   25.000 -0.00304 0
-100.000   26.000 -0.00456 0
-100.000   27.000 -0.00623 0
-100.000   28.000 -0.00770 0
-100.000   29.000 -0.00904 2
-100.000   30.000 -0.00782 3
-100.000   31.000 -0.00578 3
-100.000   32.000 -0.00320 1
-100.000   33.000 -0.00172 0
-100.000   34.000 -0.00039 0
-100.000   35.000  0.00022 0
-100.000   36.000  0.00000 0
-100.000   37.000  0.00000 0
-100.000   38.000  0.00000 0
-100.000   39.000  0.00000 0
-100.000   40.000  0.00000 0
-100.000   41.000  0.00000 0
-100.000   42.000  0.00000 0
-100.000   43.000  0.00000 0
-100.000   44.000  0.00000 0
-100.000   45.000  0.00000 0
-100.000   46.000  0.00000 0
-100.000   47.000  0.00000 0
-100.000   48.000  0.00000 0
-100.000   49.000  0.00000 0
-100.000   50.000  0.00000 0
 -99.000   25.000 -0.00456 0
 -99.000   26.000 -0.00683 0
 -99.000   27.000 -0.00823 1
 -99.000   28.000 -0.00993 1
 -99.000   29.000 -0.01135 2
 -99.000   30.000 -0.00943 3
 -99.000   31.000 -0.00626 3
 -99.000   32.000 -0.00349 2
 -99.000   33.000 -0.00179 0
 -99.000   34.000 -0.00037 0
 -99.000   35.000  0.00044 0
 -99.000   36.000  0.00000 0
 -99.000   37.000  0.00000 0
 -99.000   38.000  0.00000 0
 -99.000   39.000  0.00000 0
 -99.000   40.000  0.00000 0
 -99.000   41.000  0.00000 0
 -99.000   42.000  0.00000 0
 -99.000   43.000  0.00000 0
 -99.000   44.000  0.00000 0
 -99.000   45.000  0.00000 0
 -99.000   46.000  0.00000 0
 -99.000   47.000  0.00000 0
 -99.000   48.000  0.00000 0
 -99.000   49.000  0.00000 0
 -99.000   50.000  0.00000 0
 -98.000   25.000 -0.00484 0
 -98.000   26.000 -0.00726 0
 -98.000   27.000 -0.00845 1
 -98.000   28.000 -0.01031 1
 -98.000   29.000 -0.01171 3
 -98.000   30.000 -0.00950 3
 -98.000   31.000 -0.00596 4
 -98.000   32.000 -0.00332 2
 -98.000   33.000 -0.00146 1
 -98.000   34.000 -0.00006 0
 -98.000   35.000  0.00064 0
 -98.000   36.000  0.00000 0
 -98.000   37.000  0.00000 0
 -98.000   38.000  0.00000 0
 -98.000   39.000  0.00000 0
 -98.000   40.000  0.00000 0
 -98.000   41.000  0.00000 0
 -98.000   42.000  0.00000 0
 -98.000   43.000  0.00000 0
 -98.000   44.000  0.00000 0
 -98.000   45.000  0.00000 0
 -98.000   46.000  0.00000 0
 -98.000   47.000  0.00000 0
 -98.000   48.000  0.00000 0
 -98.000   49.000  0.00000 0
 -98.000   50.000  0.00000 0
 -97.000   25.000 -0.00512 0
 -97.000   26.000 -0.00768 0
 -97.000   27.000 -0.00869 1
 -97.000   28.000 -0.01055 1
 -97.000   29.000 -0.01186 3
 -97.000   30.000 -0.00947 4
 -97.000   31.000 -0.00591 5
 -97.000   32.000 -0.00336 3
 -97.000   33.000 -0.00151 1
 -97.000   34.000 -0.00019 0
 -97.000   35.000  0.00049 0
 -97.000   36.000  0.00000 0
 -97.000   37.000  0.00000 0
 -97.000   38.000  0.00000 0
 -97.000   39.000  0.00000 0
 -97.000   40.000  0.00000 0
 -97.000   41.000  0.00000 0
 -97.000   42.000  0.00000 0
 -97.000   43.000  0.00000 0
 -97.000   44.000  0.00000 0
 -97.000   45.000  0.00000 0
 -97.000   46.000  0.00000 0
 -97.000   47.000  0.00000 0
 -97.000   48.000  0.00000 0
 -97.000   49.000  0.00000 0
 -97.000   50.000  0.00000 0
 -96.000   25.000 -0.00337 0
 -96.000   26.000 -0.00505 0
 -96.000   27.000 -0.00598 1
 -96.000   28.000 -0.00770 1
 -96.000   29.000 -0.00884 4
 -96.000   30.000 -0.00733 4
 -96.000   31.000 -0.00484 6
 -96.000   32.000 -0.00276 3
 -96.000   33.000 -0.00089 2
 -96.000   34.000  0.00024 0
 -96.000   35.000  0.00076 0
 -96.000   36.000  0.00029 0
 -96.000   37.000  0.00014 0
 -96.000   38.000  0.00000 0
 -96.000   39.000  0.00000 0
 -96.000   40.000  0.00000 0
 -96.000   41.000  0.00000 0
 -96.000   42.000  0.00000 0
 -96.000   43.000  0.00000 0
 -96.000   44.000  0.00000 0
 -96.000   45.000  0.00000 0
 -96.000   46.000  0.00000 0
 -96.000   47.000  0.00000 0
 -96.000   48.000  0.00000 0
 -96.000   49.000  0.00000 0
 -96.000   50.000  0.00000 0
 -95.000   25.000 -0.00109 0
 -95.000   26.000 -0.00164 0
 -95.000   27.000 -0.00267 1
 -95.000   28.000 -0.00425 1
 -95.000   29.000 -0.00538 3
 -95.000   30.000 -0.00540 4
 -95.000   31.000 -0.00465 6
 -95.000   32.000 -0.00328 4
 -95.000   33.000 -0.00168 2
 -95.000   34.000 -0.00056 0
 -95.000   35.000  0.00012 0
 -95.000   36.000  0.00003 0
 -95.000   37.000  0.00001 0
 -95.000   38.000  0.00000 0
 -95.000   39.000  0.00000 0
 -95.000   40.000  0.00000 0
 -95.000   41.000  0.00000 0
 -95.000   42.000  0.00000 0
 -95.000   43.000  0.00000 0
 -95.000   44.000  0.00000 0
 -95.000   45.000  0.00000 0
 -95.000   46.000  0.00000 0
 -95.000   47.000  0.00000 0
 -95.000   48.000  0.00000 0
 -95.000   49.000  0.00000 0
 -95.000   50.000  0.00000 0
 -94.000   25.000  0.00126 0
 -94.000   26.000  0.00189 0
 -94.000   27.000  0.00101 2
 -94.000   28.000 -0.00014 2
 -94.000   29.000 -0.00101 5
 -94.000   30.000 -0.00245 4
 -94.000   31.000 -0.00341 7
 -94.000   32.000 -0.00292 4
 -94.000   33.000 -0.00179 4
 -94.000   34.000 -0.00091 1
 -94.000   35.000 -0.00022 1
 -94.000   36.000 -0.00002 0
 -94.000   37.000 -0.00001 0
 -94.000   38.000  0.00000 0
 -94.000   39.000  0.00000 0
 -94.000   40.000  0.00000 0
 -94.000   41.000  0.00000 0
 -94.000   42.000  0.00000 0
 -94.000   43.000  0.00000 0
 -94.000   44.000  0.00000 0
 -94.000   45.000  0.00000 0
 -94.000   46.000 -0.00039 0
 -94.000   47.000 -0.00077 0
 -94.000   48.000 -0.00116 0
 -94.000   49.000 -0.00145 0
 -94.000   50.000 -0.00194 0
 -93.000   25.000  0.00245 0
 -93.000   26.000  0.00367 0
 -93.000   27.000  0.00319 1
 -93.000   28.000  0.00256 1
 -93.000   29.000  0.00186 3
 -93.000   30.000 -0.00057 4
 -93.000   31.000 -0.00266 6
 -93.000   32.000 -0.00313 4
 -93.000   33.000 -0.00272 4
 -93.000   34.000 -0.00236 2
 -93.000   35.000 -0.00174 2
 -93.000   36.000 -0.00146 0
 -93.000   37.000 -0.00124 0
 -93.000   38.000 -0.00102 0
 -93.000   39.000 -0.00068 0
 -93.000   40.000 -0.00034 0
 -93.000   41.000  0.00000 0
 -93.000   42.000  0.00000 0
 -93.000   43.000  0.00000 0
 -93.000   44.000  0.00000 0
 -93.000   45.000  0.00000 0
 -93.000   46.000 -0.00077 0
 -93.000   47.000 -0.00155 0
 -93.000   48.000 -0.00232 0
 -93.000   49.000 -0.00290 0
 -93.000   50.000 -0.00387 0
 -92.000   25.000  0.00320 0
 -92.000   26.000  0.00481 0
 -92.000   27.000  0.00476 2
 -92.000   28.000  0.00467 2
 -92.000   29.000  0.00432 6
 -92.000   30.000  0.00152 5
 -92.000   31.000 -0.00095 8
 -92.000   32.000 -0.00216 4
 -92.000   33.000 -0.00236 6
 -92.000   34.000 -0.00275 3
 -92.000   35.000 -0.00261 3
 -92.000   36.000 -0.00280 0
 -92.000   37.000 -0.00250 0
 -92.000   38.000 -0.00221 0
 -92.000   39.000 -0.00147 0
 -92.000   40.000 -0.00074 0
 -92.000   41.000  0.00000 0
 -92.000   42.000  0.00000 0
 -92.000   43.000  0.00000 0
 -92.000   44.000  0.00000 0
 -92.000   45.000  0.00000 0
 -92.000   46.000 -0.00104 0
 -92.000   47.000 -0.00208 0
 -92.000   48.000 -0.00312 1
 -92.000   49.000 -0.00390 1
 -92.000   50.000 -0.00520 1
 -91.000   25.000  0.00318 0
 -91.000   26.000  0.00480 0
 -91.000   27.000  0.00513 1
 -91.000   28.000  0.00543 1
 -91.000   29.000  0.00535 3
 -91.000   30.000  0.00261 3
 -91.000   31.000  0.00010 5
 -91.000   32.000 -0.00179 3
 -91.000   33.000 -0.00269 5
 -91.000   34.000 -0.00370 3
 -91.000   35.000 -0.00393 3
 -91.000   36.000 -0.00442 1
 -91.000   37.000 -0.00409 1
 -91.000   38.000 -0.00375 1
 -91.000   39.000 -0.00282 0
 -91.000   40.000 -0.00182 0
 -91.000   41.000 -0.00089 0
 -91.000   42.000 -0.00090 0
 -91.000   43.000 -0.00091 0
 -91.000   44.000 -0.00113 0
 -91.000   45.000 -0.00146 0
 -91.000   46.000 -0.00262 0
 -91.000   47.000 -0.00354 0
 -91.000   48.000 -0.00445 1
 -91.000   49.000 -0.00511 1
 -91.000   50.000 -0.00613 1
 -90.000   25.000  0.00247 0
 -90.000   26.000  0.00372 0
 -90.000   27.000  0.00454 3
 -90.000   28.000  0.00515 3
 -90.000   29.000  0.00541 7
 -90.000   30.000  0.00328 5
 -90.000   31.000  0.00147 10
 -90.000   32.000 -0.00055 6
 -90.000   33.000 -0.00173 9
 -90.000   34.000 -0.00341 4
 -90.000   35.000 -0.00411 4
 -90.000   36.000 -0.00518 2
 -90.000   37.000 -0.00525 2
 -90.000   38.000 -0.00522 2
 -90.000   39.000 -0.00411 0
 -90.000   40.000 -0.00288 0
 -90.000   41.000 -0.00178 0
 -90.000   42.000 -0.00180 0
 -90.000   43.000 -0.00181 0
 -90.000   44.000 -0.00225 0
 -90.000   45.000 -0.00283 0
 -90.000   46.000 -0.00412 0
 -90.000   47.000 -0.00496 0
 -90.000   48.000 -0.00577 2
 -90.000   49.000 -0.00630 2
 -90.000   50.000 -0.00718 2
 -89.000   25.000  0.00304 1
 -89.000   26.000  0.00369 1
 -89.000   27.000  0.00460 3
 -89.000   28.000  0.00505 2
 -89.000   29.000  0.00521 5
 -89.000   30.000  0.00343 4
 -89.000   31.000  0.00216 7
 -89.000   32.000  0.00011 4
 -89.000   33.000 -0.00129 6
 -89.000   34.000 -0.00345 3
 -89.000   35.000 -0.00450 3
 -89.000   36.000 -0.00599 3
 -89.000   37.000 -0.00635 3
 -89.000   38.000 -0.00646 4
 -89.000   39.000 -0.00526 2
 -89.000   40.000 -0.00390 2
 -89.000   41.000 -0.00273 2
 -89.000   42.000 -0.00267 1
 -89.000   43.000 -0.00268 2
 -89.000   44.000 -0.00309 2
 -89.000   45.000 -0.00369 2
 -89.000   46.000 -0.00446 2
 -89.000   47.000 -0.00481 1
 -89.000   48.000 -0.00499 2
 -89.000   49.000 -0.00514 1
 -89.000   50.000 -0.00534 1
 -88.000   25.000  0.00464 1
 -88.000   26.000  0.00438 1
 -88.000   27.000  0.00491 4
 -88.000   28.000  0.00444 3
 -88.000   29.000  0.00404 7
 -88.000   30.000  0.00271 6
 -88.000   31.000  0.00233 11
 -88.000   32.000  0.00090 7
 -88.000   33.000  0.00008 10
 -88.000   34.000 -0.00187 5
 -88.000   35.000 -0.00287 7
 -88.000   36.000 -0.00466 4
 -88.000   37.000 -0.00558 5
 -88.000   38.000 -0.00615 4
 -88.000   39.000 -0.00542 3
 -88.000   40.000 -0.00446 2
 -88.000   41.000 -0.00367 2
 -88.000   42.000 -0.00352 1
 -88.000   43.000 -0.00350 2
 -88.000   44.000 -0.00374 2
 -88.000   45.000 -0.00430 2
 -88.000   46.000 -0.00441 2
 -88.000   47.000 -0.00444 2
 -88.000   48.000 -0.00419 3
 -88.000   49.000 -0.00408 3
 -88.000   50.000 -0.00374 2
 -87.000   25.000  0.00657 2
 -87.000   26.000  0.00595 2
 -87.000   27.000  0.00605 4
 -87.000   28.000  0.00480 2
 -87.000   29.000  0.00391 6
 -87.000   30.000  0.00261 5
 -87.000   31.000  0.00247 8
 -87.000   32.000  0.00149 4
 -87.000   33.000  0.00116 6
 -87.000   34.000 -0.00034 3
 -87.000   35.000 -0.00107 5
 -87.000   36.000 -0.00294 3
 -87.000   37.000 -0.00433 4
 -87.000   38.000 -0.00531 5
 -87.000   39.000 -0.00525 5
 -87.000   40.000 -0.00488 6
 -87.000   41.000 -0.00446 5
 -87.000   42.000 -0.00418 5
 -87.000   43.000 -0.00404 5
 -87.000   44.000 -0.00410 5
 -87.000   45.000 -0.00461 6
 -87.000   46.000 -0.00433 6
 -87.000   47.000 -0.00419 5
 -87.000   48.000 -0.00364 4
 -87.000   49.000 -0.00338 3
 -87.000   50.000 -0.00264 2
 -86.000   25.000  0.00828 1
 -86.000   26.000  0.00742 1
 -86.000   27.000  0.00704 3
 -86.000   28.000  0.00489 2
 -86.000   29.000  0.00342 6
 -86.000   30.000  0.00187 6
 -86.000   31.000  0.00190 10
 -86.000   32.000  0.00140 6
 -86.000   33.000  0.00193 9
 -86.000   34.000  0.00101 5
 -86.000   35.000  0.00080 10
 -86.000   36.000 -0.00101 5
 -86.000   37.000 -0.00240 7
 -86.000   38.000 -0.00355 4
 -86.000   39.000 -0.00378 5
 -86.000   40.000 -0.00391 5
 -86.000   41.000 -0.00370 4
 -86.000   42.000 -0.00345 4
 -86.000   43.000 -0.00320 3
 -86.000   44.000 -0.00298 3
 -86.000   45.000 -0.00322 4
 -86.000   46.000 -0.00290 4
 -86.000   47.000 -0.00304 4
 -86.000   48.000 -0.00275 3
 -86.000   49.000 -0.00274 4
 -86.000   50.000 -0.00226 3
 -85.000   25.000  0.00740 2
 -85.000   26.000  0.00715 2
 -85.000   27.000  0.00692 5
 -85.000   28.000  0.00522 3
 -85.000   29.000  0.00413 8
 -85.000   30.000  0.00249 6
 -85.000   31.000  0.00223 10
 -85.000   32.000  0.00165 5
 -85.000   33.000  0.00227 7
 -85.000   34.000  0.00167 3
 -85.000   35.000  0.00196 6
 -85.000   36.000  0.00047 3
 -85.000   37.000 -0.00058 4
 -85.000   38.000 -0.00174 3
 -85.000   39.000 -0.00217 4
 -85.000   40.000 -0.00286 7
 -85.000   41.000 -0.00295 6
 -85.000   42.000 -0.00280 8
 -85.000   43.000 -0.00244 7
 -85.000   44.000 -0.00198 8
 -85.000   45.000 -0.00189 8
 -85.000   46.000 -0.00131 8
 -85.000   47.000 -0.00139 7
 -85.000   48.000 -0.00094 6
 -85.000   49.000 -0.00099 4
 -85.000   50.000 -0.00041 3
 -84.000   25.000  0.00340 1
 -84.000   26.000  0.00426 1
 -84.000   27.000  0.00471 3
 -84.000   28.000  0.00437 2
 -84.000   29.000  0.00407 5
 -84.000   30.000  0.00273 5
 -84.000   31.000  0.00242 9
 -84.000   32.000  0.00182 7
 -84.000   33.000  0.00272 9
 -84.000   34.000  0.00259 6
 -84.000   35.000  0.00349 10
 -84.000   36.000  0.00235 7
 -84.000   37.000  0.00162 8
 -84.000   38.000  0.00039 6
 -84.000   39.000 -0.00017 7
 -84.000   40.000 -0.00141 7
 -84.000   41.000 -0.00176 5
 -84.000   42.000 -0.00190 5
 -84.000   43.000 -0.00152 5
 -84.000   44.000 -0.00121 5
 -84.000   45.000 -0.00099 4
 -84.000   46.000 -0.00027 4
 -84.000   47.000 -0.00010 4
 -84.000   48.000  0.00046 4
 -84.000   49.000  0.00051 4
 -84.000   50.000  0.00122 3
 -83.000   25.000 -0.00146 2
 -83.000   26.000  0.00080 2
 -83.000   27.000  0.00217 6
 -83.000   28.000  0.00401 4
 -83.000   29.000  0.00499 9
 -83.000   30.000  0.00391 6
 -83.000   31.000  0.00328 11
 -83.000   32.000  0.00248 7
 -83.000   33.000  0.00305 10
 -83.000   34.000  0.00320 6
 -83.000   35.000  0.00461 8
 -83.000   36.000  0.00403 5
 -83.000   37.000  0.00366 5
 -83.000   38.000  0.00245 5
 -83.000   39.000  0.00177 5
 -83.000   40.000  0.00006 6
 -83.000   41.000 -0.00059 4
 -83.000   42.000 -0.00108 7
 -83.000   43.000 -0.00059 7
 -83.000   44.000 -0.00041 10
 -83.000   45.000  0.00006 8
 -83.000   46.000  0.00078 10
 -83.000   47.000  0.00108 8
 -83.000   48.000  0.00135 8
 -83.000   49.000  0.00134 5
 -83.000   50.000  0.00177 3
 -82.000   25.000 -0.00026 1
 -82.000   26.000  0.00151 2
 -82.000   27.000  0.00288 4
 -82.000   28.000  0.00446 4
 -82.000   29.000  0.00543 6
 -82.000   30.000  0.00425 6
 -82.000   31.000  0.00363 8
 -82.000   32.000  0.00273 7
 -82.000   33.000  0.00319 9
 -82.000   34.000  0.00363 8
 -82.000   35.000  0.00551 10
 -82.000   36.000  0.00546 8
 -82.000   37.000  0.00538 8
 -82.000   38.000  0.00419 10
 -82.000   39.000  0.00358 10
 -82.000   40.000  0.00179 10
 -82.000   41.000  0.00132 6
 -82.000   42.000  0.00081 6
 -82.000   43.000  0.00164 5
 -82.000   44.000  0.00172 6
 -82.000   45.000  0.00230 5
 -82.000   46.000  0.00255 6
 -82.000   47.000  0.00248 4
 -82.000   48.000  0.00178 4
 -82.000   49.000  0.00148 3
 -82.000   50.000  0.00117 2
 -81.000   25.000  0.00104 1
 -81.000   26.000  0.00258 2
 -81.000   27.000  0.00406 6
 -81.000   28.000  0.00615 6
 -81.000   29.000  0.00736 11
 -81.000   30.000  0.00649 8
 -81.000   31.000  0.00587 12
 -81.000   32.000  0.00478 7
 -81.000   33.000  0.00446 11
 -81.000   34.000  0.00460 7
 -81.000   35.000  0.00590 10
 -81.000   36.000  0.00548 6
 -81.000   37.000  0.00501 6
 -81.000   38.000  0.00383 5
 -81.000   39.000  0.00335 5
 -81.000   40.000  0.00206 6
 -81.000   41.000  0.00249 4
 -81.000   42.000  0.00247 7
 -81.000   43.000  0.00361 6
 -81.000   44.000  0.00359 10
 -81.000   45.000  0.00423 9
 -81.000   46.000  0.00422 11
 -81.000   47.000  0.00426 9
 -81.000   48.000  0.00346 7
 -81.000   49.000  0.00329 6
 -81.000   50.000  0.00279 3
 -80.000   25.000  0.00445 1
 -80.000   26.000  0.00504 2
 -80.000   27.000  0.00620 4
 -80.000   28.000  0.00791 4
 -80.000   29.000  0.00885 6
 -80.000   30.000  0.00854 5
 -80.000   31.000  0.00842 8
 -80.000   32.000  0.00741 6
 -80.000   33.000  0.00673 9
 -80.000   34.000  0.00652 6
 -80.000   35.000  0.00682 10
 -80.000   36.000  0.00596 7
 -80.000   37.000  0.00510 8
 -80.000   38.000  0.00392 7
 -80.000   39.000  0.00317 9
 -80.000   40.000  0.00221 10
 -80.000   41.000  0.00266 9
 -80.000   42.000  0.00273 8
 -80.000   43.000  0.00333 8
 -80.000   44.000  0.00315 7
 -80.000   45.000  0.00358 7
 -80.000   46.000  0.00384 5
 -80.000   47.000  0.00440 5
 -80.000   48.000  0.00452 3
 -80.000   49.000  0.00487 4
 -80.000   50.000  0.00491 2
 -79.000   25.000  0.00865 2
 -79.000   26.000  0.00824 3
 -79.000   27.000  0.00880 5
 -79.000   28.000  0.00953 4
 -79.000   29.000  0.01015 9
 -79.000   30.000  0.01038 6
 -79.000   31.000  0.01071 13
 -79.000   32.000  0.01006 7
 -79.000   33.000  0.00912 13
 -79.000   34.000  0.00839 6
 -79.000   35.000  0.00769 12
 -79.000   36.000  0.00640 6
 -79.000   37.000  0.00523 8
 -79.000   38.000  0.00416 4
 -79.000   39.000  0.00326 6
 -79.000   40.000  0.00238 6
 -79.000   41.000  0.00207 6
 -79.000   42.000  0.00175 7
 -79.000   43.000  0.00148 7
 -79.000   44.000  0.00123 9
 -79.000   45.000  0.00152 8
 -79.000   46.000  0.00221 9
 -79.000   47.000  0.00310 9
 -79.000   48.000  0.00361 7
 -79.000   49.000  0.00400 8
 -79.000   50.000  0.00415 4
 -78.000   25.000  0.01174 3
 -78.000   26.000  0.01037 4
 -78.000   27.000  0.01041 5
 -78.000   28.000  0.00999 3
 -78.000   29.000  0.01026 6
 -78.000   30.000  0.01090 4
 -78.000   31.000  0.01188 8
 -78.000   32.000  0.01183 4
 -78.000   33.000  0.01105 8
 -78.000   34.000  0.01002 4
 -78.000   35.000  0.00895 9
 -78.000   36.000  0.00756 5
 -78.000   37.000  0.00618 8
 -78.000   38.000  0.00535 6
 -78.000   39.000  0.00467 9
 -78.000   40.000  0.00386 9
 -78.000   41.000  0.00303 10
 -78.000   42.000  0.00242 9
 -78.000   43.000  0.00154 10
 -78.000   44.000  0.00094 8
 -78.000   45.000  0.00068 8
 -78.000   46.000  0.00094 6
 -78.000   47.000  0.00168 6
 -78.000   48.000  0.00207 4
 -78.000   49.000  0.00235 4
 -78.000   50.000  0.00260 2
 -77.000   25.000  0.00960 4
 -77.000   26.000  0.00867 4
 -77.000   27.000  0.00879 7
 -77.000   28.000  0.00883 5
 -77.000   29.000  0.00939 11
 -77.000   30.000  0.01052 7
 -77.000   31.000  0.01166 13
 -77.000   32.000  0.01180 6
 -77.000   33.000  0.01107 13
 -77.000   34.000  0.00980 7
 -77.000   35.000  0.00834 13
 -77.000   36.000  0.00675 6
 -77.000   37.000  0.00546 9
 -77.000   38.000  0.00498 7
 -77.000   39.000  0.00485 9
 -77.000   40.000  0.00442 9
 -77.000   41.000  0.00384 7
 -77.000   42.000  0.00331 8
 -77.000   43.000  0.00248 7
 -77.000   44.000  0.00143 8
 -77.000   45.000  0.00058 7
 -77.000   46.000  0.00021 9
 -77.000   47.000  0.00084 8
 -77.000   48.000  0.00122 7
 -77.000   49.000  0.00149 6
 -77.000   50.000  0.00216 5
 -76.000   25.000  0.00751 4
 -76.000   26.000  0.00666 3
 -76.000   27.000  0.00658 7
 -76.000   28.000  0.00622 4
 -76.000   29.000  0.00656 9
 -76.000   30.000  0.00758 5
 -76.000   31.000  0.00853 9
 -76.000   32.000  0.00868 4
 -76.000   33.000  0.00843 8
 -76.000   34.000  0.00778 4
 -76.000   35.000  0.00690 8
 -76.000   36.000  0.00600 4
 -76.000   37.000  0.00541 6
 -76.000   38.000  0.00532 5
 -76.000   39.000  0.00530 8
 -76.000   40.000  0.00496 9
 -76.000   41.000  0.00429 9
 -76.000   42.000  0.00389 9
 -76.000   43.000  0.00302 10
 -76.000   44.000  0.00188 9
 -76.000   45.000  0.00063 10
 -76.000   46.000  0.00003 8
 -76.000   47.000  0.00030 8
 -76.000   48.000  0.00055 5
 -76.000   49.000  0.00067 4
 -76.000   50.000  0.00146 3
 -75.000   25.000  0.00512 5
 -75.000   26.000  0.00465 3
 -75.000   27.000  0.00437 7
 -75.000   28.000  0.00372 4
 -75.000   29.000  0.00377 11
 -75.000   30.000  0.00444 7
 -75.000   31.000  0.00507 14
 -75.000   32.000  0.00560 7
 -75.000   33.000  0.00611 14
 -75.000   34.000  0.00620 7
 -75.000   35.000  0.00610 14
 -75.000   36.000  0.00577 8
 -75.000   37.000  0.00556 12
 -75.000   38.000  0.00553 9
 -75.000   39.000  0.00565 11
 -75.000   40.000  0.00536 11
 -75.000   41.000  0.00506 9
 -75.000   42.000  0.00483 9
 -75.000   43.000  0.00427 7
 -75.000   44.000  0.00314 8
 -75.000   45.000  0.00176 7
 -75.000   46.000  0.00065 7
 -75.000   47.000  0.00032 7
 -75.000   48.000 -0.00042 7
 -75.000   49.000 -0.00069 7
 -75.000   50.000 -0.00036 7
 -74.000   25.000  0.00325 4
 -74.000   26.000  0.00317 3
 -74.000   27.000  0.00287 7
 -74.000   28.000  0.00230 4
 -74.000   29.000  0.00215 9
 -74.000   30.000  0.00236 5
 -74.000   31.000  0.00263 10
 -74.000   32.000  0.00321 5
 -74.000   33.000  0.00408 9
 -74.000   34.000  0.00475 4
 -74.000   35.000  0.00521 8
 -74.000   36.000  0.00546 5
 -74.000   37.000  0.00562 8
 -74.000   38.000  0.00567 6
 -74.000   39.000  0.00589 7
 -74.000   40.000  0.00605 7
 -74.000   41.000  0.00668 8
 -74.000   42.000  0.00700 9
 -74.000   43.000  0.00704 9
 -74.000   44.000  0.00601 9
 -74.000   45.000  0.00449 9
 -74.000   46.000  0.00277 8
 -74.000   47.000  0.00214 9
 -74.000   48.000  0.00109 8
 -74.000   49.000  0.00095 7
 -74.000   50.000  0.00139 5
 -73.000   25.000  0.00197 5
 -73.000   26.000  0.00246 3
 -73.000   27.000  0.00222 7
 -73.000   28.000  0.00194 4
 -73.000   29.000  0.00177 9
 -73.000   30.000  0.00176 5
 -73.000   31.000  0.00152 11
 -73.000   32.000  0.00176 6
 -73.000   33.000  0.00271 13
 -73.000   34.000  0.00360 8
 -73.000   35.000  0.00395 15
 -73.000   36.000  0.00424 10
 -73.000   37.000  0.00467 15
 -73.000   38.000  0.00443 12
 -73.000   39.000  0.00430 13
 -73.000   40.000  0.00457 12
 -73.000   41.000  0.00608 11
 -73.000   42.000  0.00678 10
 -73.000   43.000  0.00718 7
 -73.000   44.000  0.00653 8
 -73.000   45.000  0.00545 8
 -73.000   46.000  0.00406 8
 -73.000   47.000  0.00408 7
 -73.000   48.000  0.00344 8
 -73.000   49.000  0.00386 7
 -73.000   50.000  0.00480 7
 -72.000   25.000  0.00305 4
 -72.000   26.000  0.00386 3
 -72.000   27.000  0.00352 8
 -72.000   28.000  0.00321 5
 -72.000   29.000  0.00280 10
 -72.000   30.000  0.00236 5
 -72.000   31.000  0.00153 10
 -72.000   32.000  0.00138 5
 -72.000   33.000  0.00229 10
 -72.000   34.000  0.00336 6
 -72.000   35.000  0.00387 10
 -72.000   36.000  0.00453 6
 -72.000   37.000  0.00531 8
 -72.000   38.000  0.00414 6
 -72.000   39.000  0.00261 7
 -72.000   40.000  0.00217 7
 -72.000   41.000  0.00350 7
 -72.000   42.000  0.00385 7
 -72.000   43.000  0.00446 6
 -72.000   44.000  0.00494 8
 -72.000   45.000  0.00474 8
 -72.000   46.000  0.00385 9
 -72.000   47.000  0.00421 7
 -72.000   48.000  0.00453 7
 -72.000   49.000  0.00534 4
 -72.000   50.000  0.00637 3
 -71.000   25.000  0.00369 3
 -71.000   26.000  0.00564 2
 -71.000   27.000  0.00557 5
 -71.000   28.000  0.00608 3
 -71.000   29.000  0.00642 7
 -71.000   30.000  0.00561 4
 -71.000   31.000  0.00427 8
 -71.000   32.000  0.00398 4
 -71.000   33.000  0.00486 8
 -71.000   34.000  0.00581 5
 -71.000   35.000  0.00597 11
 -71.000   36.000  0.00644 8
 -71.000   37.000  0.00707 12
 -71.000   38.000  0.00475 8
 -71.000   39.000  0.00182 9
 -71.000   40.000 -0.00001 9
 -71.000   41.000  0.00034 8
 -71.000   42.000 -0.00039 7
 -71.000   43.000  0.00021 3
 -71.000   44.000  0.00120 6
 -71.000   45.000  0.00202 6
 -71.000   46.000  0.00171 6
 -71.000   47.000  0.00276 3
 -71.000   48.000  0.00370 3
 -71.000   49.000  0.00491 2
 -71.000   50.000  0.00600 2
 -70.000   25.000  0.00528 1
 -70.000   26.000  0.00802 1
 -70.000   27.000  0.00816 4
 -70.000   28.000  0.00928 3
 -70.000   29.000  0.00996 8
 -70.000   30.000  0.00837 5
 -70.000   31.000  0.00626 9
 -70.000   32.000  0.00542 4
 -70.000   33.000  0.00577 7
 -70.000   34.000  0.00664 3
 -70.000   35.000  0.00659 6
 -70.000   36.000  0.00667 3
 -70.000   37.000  0.00696 5
 -70.000   38.000  0.00405 2
 -70.000   39.000  0.00037 2
 -70.000   40.000 -0.00213 2
 -70.000   41.000 -0.00197 2
 -70.000   42.000 -0.00273 3
 -70.000   43.000 -0.00155 1
 -70.000   44.000  0.00004 3
 -70.000   45.000  0.00157 2
 -70.000   46.000  0.00138 3
 -70.000   47.000  0.00236 1
 -70.000   48.000  0.00313 1
 -70.000   49.000  0.00414 0
 -70.000   50.000  0.00491 0
 -69.000   25.000  0.00555 0
 -69.000   26.000  0.00926 0
 -69.000   27.000  0.01005 1
 -69.000   28.000  0.01188 1
 -69.000   29.000  0.01252 3
 -69.000   30.000  0.01095 2
 -69.000   31.000  0.00797 4
 -69.000   32.000  0.00620 2
 -69.000   33.000  0.00571 4
 -69.000   34.000  0.00684 2
 -69.000   35.000  0.00689 4
 -69.000   36.000  0.00656 2
 -69.000   37.000  0.00644 5
 -69.000   38.000  0.00273 3
 -69.000   39.000 -0.00177 3
 -69.000   40.000 -0.00502 3
 -69.000   41.000 -0.00474 3
 -69.000   42.000 -0.00536 3
 -69.000   43.000 -0.00345 0
 -69.000   44.000 -0.00133 1
 -69.000   45.000  0.00088 1
 -69.000   46.000  0.00057 1
 -69.000   47.000  0.00117 0
 -69.000   48.000  0.00150 0
 -69.000   49.000  0.00216 0
 -69.000   50.000  0.00238 0
 -68.000   25.000  0.00609 0
 -68.000   26.000  0.01053 0
 -68.000   27.000  0.01186 1
 -68.000   28.000  0.01418 2
 -68.000   29.000  0.01458 4
 -68.000   30.000  0.01297 3
 -68.000   31.000  0.00916 5
 -68.000   32.000  0.00653 3
 -68.000   33.000  0.00521 6
 -68.000   34.000  0.00661 3
 -68.000   35.000  0.00703 4
 -68.000   36.000  0.00647 1
 -68.000   37.000  0.00607 2
 -68.000   38.000  0.00231 1
 -68.000   39.000 -0.00225 1
 -68.000   40.000 -0.00559 1
 -68.000   41.000 -0.00532 1
 -68.000   42.000 -0.00577 1
 -68.000   43.000 -0.00377 0
 -68.000   44.000 -0.00170 0
 -68.000   45.000  0.00031 0
 -68.000   46.000 -0.00016 0
 -68.000   47.000 -0.00011 0
 -68.000   48.000  0.00016 0
 -68.000   49.000  0.00047 0
 -68.000   50.000  0.00031 0
 -67.000   25.000  0.00354 0
 -67.000   26.000  0.00784 0
 -67.000   27.000  0.00944 0
 -67.000   28.000  0.01218 1
 -67.000   29.000  0.01297 1
 -67.000   30.000  0.01180 1
 -67.000   31.000  0.00851 1
 -67.000   32.000  0.00612 1
 -67.000   33.000  0.00468 2
 -67.000   34.000  0.00583 1
 -67.000   35.000  0.00603 2
 -67.000   36.000  0.00519 1
 -67.000   37.000  0.00443 2
 -67.000   38.000  0.00157 1
 -67.000   39.000 -0.00193 1
 -67.000   40.000 -0.00466 1
 -67.000   41.000 -0.00468 1
 -67.000   42.000 -0.00497 1
 -67.000   43.000 -0.00367 0
 -67.000   44.000 -0.00237 0
 -67.000   45.000 -0.00080 0
 -67.000   46.000 -0.00080 0
 -67.000   47.000 -0.00053 0
 -67.000   48.000 -0.00027 0
 -67.000   49.000  0.00000 0
 -67.000   50.000  0.00000 0
 -66.000   25.000  0.00221 0
 -66.000   26.000  0.00648 0
 -66.000   27.000  0.00852 0
 -66.000   28.000  0.01168 1
 -66.000   29.000  0.01225 1
 -66.000   30.000  0.01155 1
 -66.000   31.000  0.00839 1
 -66.000   32.000  0.00581 1
 -66.000   33.000  0.00377 2
 -66.000   34.000  0.00485 1
 -66.000   35.000  0.00520 2
 -66.000   36.000  0.00426 1
 -66.000   37.000  0.00326 1
 -66.000   38.000  0.00097 0
 -66.000   39.000 -0.00185 0
 -66.000   40.000 -0.00400 0
 -66.000   41.000 -0.00375 0
 -66.000   42.000 -0.00351 0
 -66.000   43.000 -0.00234 0
 -66.000   44.000 -0.00117 0
 -66.000   45.000  0.00000 0
 -66.000   46.000  0.00000 0
 -66.000   47.000  0.00000 0
 -66.000   48.000  0.00000 0
 -66.000   49.000  0.00000 0
 -66.000   50.000  0.00000 0
 -65.000   25.000  0.00000 0
 -65.000   26.000  0.00426 0
 -65.000   27.000  0.00681 0
 -65.000   28.000  0.01022 0
 -65.000   29.000  0.01051 0
 -65.000   30.000  0.01079 0
 -65.000   31.000  0.00788 0
 -65.000   32.000  0.00518 0
 -65.000   33.000  0.00286 0
 -65.000   34.000  0.00404 0
 -65.000   35.000  0.00477 0
 -65.000   36.000  0.00411 0
 -65.000   37.000  0.00324 0
 -65.000   38.000  0.00138 0
 -65.000   39.000 -0.00087 0
 -65.000   40.000 -0.00266 0
 -65.000   41.000 -0.00250 0
 -65.000   42.000 -0.00234 0
 -65.000   43.000 -0.00156 0
 -65.000   44.000 -0.00078 0
 -65.000   45.000  0.00000 0
 -65.000   46.000  0.00000 0
 -65.000   47.000  0.00000 0
 -65.000   48.000  0.00000 0
 -65.000   49.000  0.00000 0
 -65.000   50.000  0.00000 0
