-130.000   25.000  0.00096 7
-130.000   26.000  0.00224 8
-130.000   27.000  0.00387 13
-130.000   28.000  0.00574 10
-130.000   29.000  0.00843 15
-130.000   30.000  0.00872 11
-130.000   31.000  0.00904 16
-130.000   32.000  0.00800 11
-130.000   33.000  0.00832 15
-130.000   34.000  0.00731 12
-130.000   35.000  0.00746 14
-130.000   36.000  0.00679 13
-130.000   37.000  0.00711 13
-130.000   38.000  0.00522 14
-130.000   39.000  0.00369 13
-130.000   40.000  0.00255 14
-130.000   41.000  0.00278 13
-130.000   42.000  0.00270 14
-130.000   43.000  0.00285 13
-130.000   44.000  0.00349 15
-130.000   45.000  0.00437 14
-130.000   46.000  0.00465 16
-130.000   47.000  0.00508 13
-130.000   48.000  0.00558 18
-130.000   49.000  0.00646 12
-130.000   50.000  0.00689 14
-129.000   25.000  0.00143 14
-129.000   26.000  0.00241 17
-129.000   27.000  0.00377 23
-129.000   28.000  0.00538 19
-129.000   29.000  0.00781 22
-129.000   30.000  0.00799 16
-129.000   31.000  0.00838 21
-129.000   32.000  0.00741 15
-129.000   33.000  0.00774 20
-129.000   34.000  0.00668 15
-129.000   35.000  0.00678 19
-129.000   36.000  0.00612 16
-129.000   37.000  0.00661 21
-129.000   38.000  0.00501 19
-129.000   39.000  0.00386 23
-129.000   40.000  0.00292 19
-129.000   41.000  0.00317 23
-129.000   42.000  0.00303 18
-129.000   43.000  0.00313 22
-129.000   44.000  0.00359 17
-129.000   45.000  0.00449 22
-129.000   46.000  0.00478 17
-129.000   47.000  0.00536 21
-129.000   48.000  0.00575 18
-129.000   49.000  0.00661 16
-129.000   50.000  0.00696 11
-128.000   25.000  0.00165 14
-128.000   26.000  0.00248 14
-128.000   27.000  0.00367 20
-128.000   28.000  0.00516 14
-128.000   29.000  0.00709 20
-128.000   30.000  0.00695 14
-128.000   31.000  0.00702 22
-128.000   32.000  0.00596 14
-128.000   33.000  0.00615 20
-128.000   34.000  0.00535 14
-128.000   35.000  0.00575 17
-128.000   36.000  0.00553 15
-128.000   37.000  0.00625 16
-128.000   38.000  0.00485 18
-128.000   39.000  0.00378 17
-128.000   40.000  0.00278 19
-128.000   41.000  0.00295 17
-128.000   42.000  0.00261 18
-128.000   43.000  0.00275 16
-128.000   44.000  0.00312 19
-128.000   45.000  0.00404 18
-128.000   46.000  0.00426 21
-128.000   47.000  0.00507 18
-128.000   48.000  0.00544 23
-128.000   49.000  0.00636 18
-128.000   50.000  0.00675 20
-127.000   25.000  0.00248 18
-127.000   26.000  0.00267 20
-127.000   27.000  0.00339 24
-127.000   28.000  0.00420 19
-127.000   29.000  0.00541 23
-127.000   30.000  0.00492 18
-127.000   31.000  0.00489 24
-127.000   32.000  0.00396 18
-127.000   33.000  0.00414 22
-127.000   34.000  0.00352 16
-127.000   35.000  0.00402 20
-127.000   36.000  0.00416 16
-127.000   37.000  0.00521 21
-127.000   38.000  0.00452 18
-127.000   39.000  0.00420 24
-127.000   40.000  0.00360 20
-127.000   41.000  0.00381 25
-127.000   42.000  0.00321 19
-127.000   43.000  0.00312 24
-127.000   44.000  0.00293 18
-127.000   45.000  0.00371 23
-127.000   46.000  0.00389 18
-127.000   47.000  0.00487 23
-127.000   48.000  0.00498 20
-127.000   49.000  0.00592 20
-127.000   50.000  0.00613 15
-126.000   25.000  0.00317 17
-126.000   26.000  0.00277 15
-126.000   27.000  0.00301 22
-126.000   28.000  0.00311 14
-126.000   29.000  0.00347 24
-126.000   30.000  0.00261 16
-126.000   31.000  0.00234 25
-126.000   32.000  0.00163 16
-126.000   33.000  0.00170 23
-126.000   34.000  0.00134 16
-126.000   35.000  0.00197 22
-126.000   36.000  0.00243 17
-126.000   37.000  0.00353 21
-126.000   38.000  0.00347 18
-126.000   39.000  0.00383 20
-126.000   40.000  0.00371 20
-126.000   41.000  0.00408 20
-126.000   42.000  0.00341 20
-126.000   43.000  0.00316 18
-126.000   44.000  0.00254 21
-126.000   45.000  0.00311 20
-126.000   46.000  0.00325 24
-126.000   47.000  0.00430 20
-126.000   48.000  0.00429 26
-126.000   49.000  0.00518 19
-126.000   50.000  0.00531 22
-125.000   25.000  0.00320 18
-125.000   26.000  0.00254 20
-125.000   27.000  0.00265 25
-125.000   28.000  0.00229 21
-125.000   29.000  0.00243 25
-125.000   30.000  0.00164 19
-125.000   31.000  0.00145 23
-125.000   32.000  0.00083 18
-125.000   33.000  0.00077 21
-125.000   34.000  0.00036 17
-125.000   35.000  0.00083 21
-125.000   36.000  0.00107 18
-125.000   37.000  0.00181 23
-125.000   38.000  0.00216 17
-125.000   39.000  0.00310 21
-125.000   40.000  0.00348 17
-125.000   41.000  0.00411 23
-125.000   42.000  0.00362 20
-125.000   43.000  0.00314 23
-125.000   44.000  0.00205 19
-125.000   45.000  0.00222 22
-125.000   46.000  0.00237 19
-125.000   47.000  0.00336 22
-125.000   48.000  0.00339 20
-125.000   49.000  0.00427 19
-125.000   50.000  0.00443 15
-124.000   25.000  0.00356 19
-124.000   26.000  0.00265 19
-124.000   27.000  0.00260 26
-124.000   28.000  0.00181 20
-124.000   29.000  0.00156 26
-124.000   30.000  0.00080 18
-124.000   31.000  0.00062 23
-124.000   32.000  0.00016 17
-124.000   33.000 -0.00001 22
-124.000   34.000 -0.00028 18
-124.000   35.000  0.00016 22
-124.000   36.000  0.00039 19
-124.000   37.000  0.00077 23
-124.000   38.000  0.00136 18
-124.000   39.000  0.00250 18
-124.000   40.000  0.00288 16
-124.000   41.000  0.00315 17
-124.000   42.000  0.00244 19
-124.000   43.000  0.00159 17
-124.000   44.000  0.00014 21
-124.000   45.000  0.00016 19
-124.000   46.000  0.00065 24
-124.000   47.000  0.00193 20
-124.000   48.000  0.00231 25
-124.000   49.000  0.00328 18
-124.000   50.000  0.00367 20
-123.000   25.000  0.00289 16
-123.000   26.000  0.00198 19
-123.000   27.000  0.00186 20
-123.000   28.000  0.00099 21
-123.000   29.000  0.00092 22
-123.000   30.000  0.00078 21
-123.000   31.000  0.00108 21
-123.000   32.000  0.00096 20
-123.000   33.000  0.00075 20
-123.000   34.000  0.00021 20
-123.000   35.000  0.00019 20
-123.000   36.000 -0.00008 19
-123.000   37.000 -0.00022 19
-123.000   38.000  0.00038 15
-123.000   39.000  0.00149 16
-123.000   40.000  0.00173 14
-123.000   41.000  0.00148 18
-123.000   42.000  0.00069 16
-123.000   43.000 -0.00030 18
-123.000   44.000 -0.00157 16
-123.000   45.000 -0.00140 19
-123.000   46.000 -0.00037 17
-123.000   47.000  0.00104 19
-123.000   48.000  0.00161 17
-123.000   49.000  0.00244 18
-123.000   50.000  0.00278 14
-122.000   25.000  0.00262 20
-122.000   26.000  0.00190 21
-122.000   27.000  0.00176 24
-122.000   28.000  0.00113 21
-122.000   29.000  0.00104 25
-122.000   30.000  0.00121 21
-122.000   31.000  0.00170 23
-122.000   32.000  0.00186 20
-122.000   33.000  0.00154 23
-122.000   34.000  0.00093 22
-122.000   35.000  0.00055 23
-122.000   36.000 -0.00003 20
-122.000   37.000 -0.00056 21
-122.000   38.000  0.00003 18
-122.000   39.000  0.00068 20
-122.000   40.000  0.00023 18
-122.000   41.000 -0.00106 18
-122.000   42.000 -0.00217 17
-122.000   43.000 -0.00338 16
-122.000   44.000 -0.00415 20
-122.000   45.000 -0.00327 19
-122.000   46.000 -0.00125 23
-122.000   47.000  0.00053 20
-122.000   48.000  0.00142 25
-122.000   49.000  0.00217 20
-122.000   50.000  0.00260 19
-121.000   25.000  0.00053 16
-121.000   26.000  0.00035 19
-121.000   27.000  0.00053 19
-121.000   28.000  0.00088 20
-121.000   29.000  0.00143 20
-121.000   30.000  0.00225 21
-121.000   31.000  0.00306 21
-121.000   32.000  0.00326 22
-121.000   33.000  0.00260 22
-121.000   34.000  0.00158 23
-121.000   35.000  0.00075 22
-121.000   36.000  0.00000 19
-121.000   37.000 -0.00043 18
-121.000   38.000  0.00016 16
-121.000   39.000  0.00035 18
-121.000   40.000 -0.00072 16
-121.000   41.000 -0.00252 18
-121.000   42.000 -0.00366 15
-121.000   43.000 -0.00476 17
-121.000   44.000 -0.00492 16
-121.000   45.000 -0.00361 20
-121.000   46.000 -0.00136 17
-121.000   47.000  0.00023 19
-121.000   48.000  0.00128 17
-121.000   49.000  0.00190 20
-121.000   50.000  0.00254 14
-120.000   25.000 -0.00017 21
-120.000   26.000 -0.00009 24
-120.000   27.000  0.00032 27
-120.000   28.000  0.00122 24
-120.000   29.000  0.00183 26
-120.000   30.000  0.00247 22
-120.000   31.000  0.00299 23
-120.000   32.000  0.00279 20
-120.000   33.000  0.00178 23
-120.000   34.000  0.00085 22
-120.000   35.000  0.00025 23
-120.000   36.000  0.00014 20
-120.000   37.000  0.00040 21
-120.000   38.000  0.00129 19
-120.000   39.000  0.00114 22
-120.000   40.000 -0.00075 19
-120.000   41.000 -0.00314 19
-120.000   42.000 -0.00461 16
-120.000   43.000 -0.00577 16
-120.000   44.000 -0.00571 18
-120.000   45.000 -0.00404 19
-120.000   46.000 -0.00177 21
-120.000   47.000 -0.00030 20
-120.000   48.000  0.00095 25
-120.000   49.000  0.00157 23
-120.000   50.000  0.00252 20
-119.000   25.000 -0.00142 17
-119.000   26.000 -0.00128 21
-119.000   27.000 -0.00075 21
-119.000   28.000  0.00041 22
-119.000   29.000  0.00112 21
-119.000   30.000  0.00174 22
-119.000   31.000  0.00218 20
-119.000   32.000  0.00177 21
-119.000   33.000  0.00055 20
-119.000   34.000 -0.00035 22
-119.000   35.000 -0.00071 21
-119.000   36.000 -0.00029 20
-119.000   37.000  0.00067 18
-119.000   38.000  0.00198 17
-119.000   39.000  0.00190 18
-119.000   40.000 -0.00004 16
-119.000   41.000 -0.00223 17
-119.000   42.000 -0.00348 14
-119.000   43.000 -0.00441 17
-119.000   44.000 -0.00393 14
-119.000   45.000 -0.00229 19
-119.000   46.000 -0.00060 16
-119.000   47.000 -0.00009 20
-119.000   48.000  0.00062 18
-119.000   49.000  0.00072 21
-119.000   50.000  0.00128 15
-118.000   25.000 -0.00027 20
-118.000   26.000 -0.00045 24
-118.000   27.000 -0.00017 28
-118.000   28.000  0.00049 28
-118.000   29.000  0.00077 29
-118.000   30.000  0.00093 25
-118.000   31.000  0.00103 23
-118.000   32.000  0.00059 21
-118.000   33.000 -0.00047 23
-118.000   34.000 -0.00088 23
-118.000   35.000 -0.00103 23
-118.000   36.000 -0.00016 21
-118.000   37.000  0.00110 22
-118.000   38.000  0.00252 20
-118.000   39.000  0.00231 23
-118.000   40.000  0.00057 20
-118.000   41.000 -0.00133 21
-118.000   42.000 -0.00234 17
-118.000   43.000 -0.00328 18
-118.000   44.000 -0.00254 16
-118.000   45.000 -0.00106 18
-118.000   46.000  0.00025 19
-118.000   47.000  0.00004 21
-118.000   48.000  0.00050 25
-118.000   49.000  0.00017 23
-118.000   50.000  0.00047 20
-117.000   25.000  0.00074 16
-117.000   26.000  0.00039 21
-117.000   27.000  0.00029 22
-117.000   28.000  0.00049 25
-117.000   29.000  0.00043 22
-117.000   30.000  0.00047 23
-117.000   31.000  0.00032 20
-117.000   32.000  0.00003 23
-117.000   33.000 -0.00078 22
-117.000   34.000 -0.00095 24
-117.000   35.000 -0.00103 21
-117.000   36.000 -0.00001 20
-117.000   37.000  0.00130 18
-117.000   38.000  0.00257 19
-117.000   39.000  0.00243 19
-117.000   40.000  0.00149 19
-117.000   41.000  0.00044 18
-117.000   42.000 -0.00017 16
-117.000   43.000 -0.00121 17
-117.000   44.000 -0.00033 13
-117.000   45.000  0.00056 16
-117.000   46.000  0.00110 14
-117.000   47.000  0.00023 20
-117.000   48.000  0.00046 20
-117.000   49.000 -0.00021 21
-117.000   50.000 -0.00040 15
-116.000   25.000  0.00432 19
-116.000   26.000  0.00343 23
-116.000   27.000  0.00257 26
-116.000   28.000  0.00138 27
-116.000   29.000  0.00037 27
-116.000   30.000 -0.00008 26
-116.000   31.000 -0.00050 25
-116.000   32.000 -0.00044 25
-116.000   33.000 -0.00064 26
-116.000   34.000 -0.00026 26
-116.000   35.000 -0.00027 26
-116.000   36.000  0.00064 23
-116.000   37.000  0.00147 24
-116.000   38.000  0.00214 22
-116.000   39.000  0.00172 24
-116.000   40.000  0.00130 22
-116.000   41.000  0.00069 22
-116.000   42.000  0.00031 19
-116.000   43.000 -0.00064 20
-116.000   44.000  0.00040 17
-116.000   45.000  0.00096 18
-116.000   46.000  0.00122 17
-116.000   47.000  0.00033 20
-116.000   48.000  0.00065 25
-116.000   49.000 -0.00008 23
-116.000   50.000 -0.00056 20
-115.000   25.000  0.00663 17
-115.000   26.000  0.00578 22
-115.000   27.000  0.00442 23
-115.000   28.000  0.00272 25
-115.000   29.000  0.00100 23
-115.000   30.000  0.00038 25
-115.000   31.000 -0.00028 23
-115.000   32.000  0.00003 25
-115.000   33.000  0.00005 22
-115.000   34.000  0.00050 24
-115.000   35.000  0.00036 22
-115.000   36.000  0.00075 24
-115.000   37.000  0.00099 20
-115.000   38.000  0.00106 20
-115.000   39.000  0.00058 17
-115.000   40.000  0.00079 19
-115.000   41.000  0.00066 17
-115.000   42.000  0.00052 16
-115.000   43.000 -0.00033 16
-115.000   44.000  0.00107 14
-115.000   45.000  0.00158 16
-115.000   46.000  0.00202 15
-115.000   47.000  0.00147 19
-115.000   48.000  0.00207 21
-115.000   49.000  0.00142 21
-115.000   50.000  0.00043 16
-114.000   25.000  0.00802 18
-114.000   26.000  0.00738 22
-114.000   27.000  0.00578 25
-114.000   28.000  0.00377 27
-114.000   29.000  0.00170 27
-114.000   30.000  0.00095 28
-114.000   31.000  0.00002 27
-114.000   32.000  0.00049 28
-114.000   33.000  0.00077 26
-114.000   34.000  0.00137 27
-114.000   35.000  0.00110 27
-114.000   36.000  0.00113 28
-114.000   37.000  0.00078 28
-114.000   38.000  0.00023 25
-114.000   39.000 -0.00055 23
-114.000   40.000 -0.00014 21
-114.000   41.000 -0.00008 21
-114.000   42.000 -0.00002 19
-114.000   43.000 -0.00066 21
-114.000   44.000  0.00090 19
-114.000   45.000  0.00133 20
-114.000   46.000  0.00205 19
-114.000   47.000  0.00202 21
-114.000   48.000  0.00310 25
-114.000   49.000  0.00278 23
-114.000   50.000  0.00201 19
-113.000   25.000  0.00615 16
-113.000   26.000  0.00633 21
-113.000   27.000  0.00517 25
-113.000   28.000  0.00402 27
-113.000   29.000  0.00226 24
-113.000   30.000  0.00187 25
-113.000   31.000  0.00067 22
-113.000   32.000  0.00084 26
-113.000   33.000  0.00058 22
-113.000   34.000  0.00087 26
-113.000   35.000  0.00050 21
-113.000   36.000  0.00024 25
-113.000   37.000 -0.00025 21
-113.000   38.000 -0.00067 24
-113.000   39.000 -0.00076 18
-113.000   40.000  0.00018 20
-113.000   41.000  0.00088 17
-113.000   42.000  0.00118 17
-113.000   43.000  0.00062 15
-113.000   44.000  0.00164 14
-113.000   45.000  0.00161 15
-113.000   46.000  0.00218 15
-113.000   47.000  0.00241 18
-113.000   48.000  0.00374 21
-113.000   49.000  0.00377 21
-113.000   50.000  0.00321 15
-112.000   25.000  0.00258 17
-112.000   26.000  0.00351 21
-112.000   27.000  0.00296 25
-112.000   28.000  0.00256 27
-112.000   29.000  0.00130 25
-112.000   30.000  0.00131 27
-112.000   31.000  0.00011 26
-112.000   32.000  0.00002 30
-112.000   33.000 -0.00055 28
-112.000   34.000 -0.00018 29
-112.000   35.000 -0.00036 26
-112.000   36.000 -0.00074 27
-112.000   37.000 -0.00133 28
-112.000   38.000 -0.00172 30
-112.000   39.000 -0.00143 26
-112.000   40.000 -0.00052 25
-112.000   41.000  0.00064 22
-112.000   42.000  0.00140 22
-112.000   43.000  0.00158 22
-112.000   44.000  0.00220 20
-112.000   45.000  0.00185 20
-112.000   46.000  0.00213 18
-112.000   47.000  0.00239 19
-112.000   48.000  0.00376 23
-112.000   49.000  0.00401 21
-112.000   50.000  0.00399 17
-111.000   25.000 -0.00156 15
-111.000   26.000  0.00010 20
-111.000   27.000  0.00027 23
-111.000   28.000  0.00093 25
-111.000   29.000  0.00026 23
-111.000   30.000  0.00069 24
-111.000   31.000 -0.00054 22
-111.000   32.000 -0.00079 26
-111.000   33.000 -0.00160 24
-111.000   34.000 -0.00101 25
-111.000   35.000 -0.00091 20
-111.000   36.000 -0.00145 23
-111.000   37.000 -0.00229 21
-111.000   38.000 -0.00276 26
-111.000   39.000 -0.00213 20
-111.000   40.000 -0.00118 22
-111.000   41.000  0.00068 17
-111.000   42.000  0.00199 19
-111.000   43.000  0.00289 17
-111.000   44.000  0.00320 17
-111.000   45.000  0.00276 17
-111.000   46.000  0.00271 17
-111.000   47.000  0.00279 17
-111.000   48.000  0.00383 20
-111.000   49.000  0.00404 19
-111.000   50.000  0.00406 15
-110.000   25.000 -0.00506 18
-110.000   26.000 -0.00309 21
-110.000   27.000 -0.00248 24
-110.000   28.000 -0.00124 26
-110.000   29.000 -0.00124 26
-110.000   30.000 -0.00060 27
-110.000   31.000 -0.00181 26
-110.000   32.000 -0.00212 29
-110.000   33.000 -0.00285 28
-110.000   34.000 -0.00209 28
-110.000   35.000 -0.00170 25
-110.000   36.000 -0.00216 26
-110.000   37.000 -0.00310 26
-110.000   38.000 -0.00383 29
-110.000   39.000 -0.00328 25
-110.000   40.000 -0.00254 26
-110.000   41.000 -0.00024 21
-110.000   42.000  0.00171 22
-110.000   43.000  0.00363 21
-110.000   44.000  0.00395 21
-110.000   45.000  0.00354 21
-110.000   46.000  0.00311 21
-110.000   47.000  0.00289 19
-110.000   48.000  0.00336 21
-110.000   49.000  0.00344 17
-110.000   50.000  0.00371 15
-109.000   25.000 -0.00752 20
-109.000   26.000 -0.00530 22
-109.000   27.000 -0.00416 26
-109.000   28.000 -0.00236 25
-109.000   29.000 -0.00162 26
-109.000   30.000 -0.00061 24
-109.000   31.000 -0.00150 23
-109.000   32.000 -0.00160 23
-109.000   33.000 -0.00199 22
-109.000   34.000 -0.00103 23
-109.000   35.000 -0.00066 20
-109.000   36.000 -0.00139 21
-109.000   37.000 -0.00281 18
-109.000   38.000 -0.00406 23
-109.000   39.000 -0.00379 19
-109.000   40.000 -0.00319 23
-109.000   41.000 -0.00041 17
-109.000   42.000  0.00177 18
-109.000   43.000  0.00414 14
-109.000   44.000  0.00423 16
-109.000   45.000  0.00392 16
-109.000   46.000  0.00300 18
-109.000   47.000  0.00262 15
-109.000   48.000  0.00268 19
-109.000   49.000  0.00280 17
-109.000   50.000  0.00293 15
-108.000   25.000 -0.00821 20
-108.000   26.000 -0.00616 22
-108.000   27.000 -0.00476 25
-108.000   28.000 -0.00298 25
-108.000   29.000 -0.00165 25
-108.000   30.000 -0.00057 26
-108.000   31.000 -0.00106 25
-108.000   32.000 -0.00103 27
-108.000   33.000 -0.00097 24
-108.000   34.000 -0.00003 27
-108.000   35.000  0.00020 24
-108.000   36.000 -0.00065 26
-108.000   37.000 -0.00238 22
-108.000   38.000 -0.00406 25
-108.000   39.000 -0.00438 21
-108.000   40.000 -0.00399 26
-108.000   41.000 -0.00117 21
-108.000   42.000  0.00123 23
-108.000   43.000  0.00400 18
-108.000   44.000  0.00423 20
-108.000   45.000  0.00411 18
-108.000   46.000  0.00266 19
-108.000   47.000  0.00189 15
-108.000   48.000  0.00139 18
-108.000   49.000  0.00138 15
-108.000   50.000  0.00125 13
-107.000   25.000 -0.00851 20
-107.000   26.000 -0.00664 23
-107.000   27.000 -0.00497 26
-107.000   28.000 -0.00300 23
-107.000   29.000 -0.00101 24
-107.000   30.000  0.00036 22
-107.000   31.000  0.00039 25
-107.000   32.000  0.00089 24
-107.000   33.000  0.00154 25
-107.000   34.000  0.00270 24
-107.000   35.000  0.00287 22
-107.000   36.000  0.00206 22
-107.000   37.000 -0.00026 19
-107.000   38.000 -0.00261 22
-107.000   39.000 -0.00390 19
-107.000   40.000 -0.00385 23
-107.000   41.000 -0.00124 18
-107.000   42.000  0.00097 20
-107.000   43.000  0.00352 15
-107.000   44.000  0.00371 20
-107.000   45.000  0.00363 17
-107.000   46.000  0.00171 21
-107.000   47.000  0.00076 14
-107.000   48.000 -0.00006 20
-107.000   49.000 -0.00005 16
-107.000   50.000 -0.00062 16
-106.000   25.000 -0.00837 17
-106.000   26.000 -0.00673 21
-106.000   27.000 -0.00490 21
-106.000   28.000 -0.00276 23
-106.000   29.000 -0.00028 21
-106.000   30.000  0.00104 24
-106.000   31.000  0.00115 23
-106.000   32.000  0.00138 27
-106.000   33.000  0.00203 25
-106.000   34.000  0.00280 28
-106.000   35.000  0.00307 23
-106.000   36.000  0.00283 26
-106.000   37.000  0.00086 22
-106.000   38.000 -0.00144 26
-106.000   39.000 -0.00333 22
-106.000   40.000 -0.00356 26
-106.000   41.000 -0.00161 21
-106.000   42.000  0.00029 25
-106.000   43.000  0.00244 20
-106.000   44.000  0.00278 23
-106.000   45.000  0.00258 18
-106.000   46.000  0.00033 20
-106.000   47.000 -0.00088 16
-106.000   48.000 -0.00209 19
-106.000   49.000 -0.00220 15
-106.000   50.000 -0.00303 13
-105.000   25.000 -0.00774 22
-105.000   26.000 -0.00642 22
-105.000   27.000 -0.00473 26
-105.000   28.000 -0.00270 23
-105.000   29.000 -0.00028 25
-105.000   30.000  0.00113 23
-105.000   31.000  0.00158 25
-105.000   32.000  0.00217 23
-105.000   33.000  0.00316 25
-105.000   34.000  0.00411 24
-105.000   35.000  0.00451 23
-105.000   36.000  0.00458 22
-105.000   37.000  0.00261 20
-105.000   38.000  0.00017 23
-105.000   39.000 -0.00228 21
-105.000   40.000 -0.00285 24
-105.000   41.000 -0.00148 19
-105.000   42.000 -0.00028 21
-105.000   43.000  0.00115 16
-105.000   44.000  0.00129 20
-105.000   45.000  0.00084 16
-105.000   46.000 -0.00154 20
-105.000   47.000 -0.00255 14
-105.000   48.000 -0.00358 20
-105.000   49.000 -0.00350 14
-105.000   50.000 -0.00426 16
-104.000   25.000 -0.00634 19
-104.000   26.000 -0.00559 19
-104.000   27.000 -0.00447 22
-104.000   28.000 -0.00287 23
-104.000   29.000 -0.00105 23
-104.000   30.000  0.00012 25
-104.000   31.000  0.00057 23
-104.000   32.000  0.00122 24
-104.000   33.000  0.00206 22
-104.000   34.000  0.00275 26
-104.000   35.000  0.00295 23
-104.000   36.000  0.00313 26
-104.000   37.000  0.00154 21
-104.000   38.000 -0.00051 27
-104.000   39.000 -0.00270 23
-104.000   40.000 -0.00310 28
-104.000   41.000 -0.00199 22
-104.000   42.000 -0.00106 24
-104.000   43.000  0.00001 18
-104.000   44.000  0.00011 19
-104.000   45.000 -0.00029 16
-104.000   46.000 -0.00250 16
-104.000   47.000 -0.00346 14
-104.000   48.000 -0.00445 15
-104.000   49.000 -0.00436 15
-104.000   50.000 -0.00511 13
-103.000   25.000 -0.00393 22
-103.000   26.000 -0.00425 19
-103.000   27.000 -0.00429 28
-103.000   28.000 -0.00394 22
-103.000   29.000 -0.00347 28
-103.000   30.000 -0.00267 23
-103.000   31.000 -0.00198 27
-103.000   32.000 -0.00056 22
-103.000   33.000  0.00080 26
-103.000   34.000  0.00183 25
-103.000   35.000  0.00200 27
-103.000   36.000  0.00217 25
-103.000   37.000  0.00086 22
-103.000   38.000 -0.00087 24
-103.000   39.000 -0.00253 22
-103.000   40.000 -0.00274 26
-103.000   41.000 -0.00166 20
-103.000   42.000 -0.00143 21
-103.000   43.000 -0.00099 15
-103.000   44.000 -0.00145 20
-103.000   45.000 -0.00184 17
-103.000   46.000 -0.00351 20
-103.000   47.000 -0.00368 13
-103.000   48.000 -0.00394 18
-103.000   49.000 -0.00335 15
-103.000   50.000 -0.00359 17
-102.000   25.000 -0.00153 19
-102.000   26.000 -0.00271 19
-102.000   27.000 -0.00366 25
-102.000   28.000 -0.00428 23
-102.000   29.000 -0.00485 24
-102.000   30.000 -0.00454 22
-102.000   31.000 -0.00397 22
-102.000   32.000 -0.00262 22
-102.000   33.000 -0.00177 23
-102.000   34.000 -0.00137 26
-102.000   35.000 -0.00184 25
-102.000   36.000 -0.00185 27
-102.000   37.000 -0.00248 23
-102.000   38.000 -0.00314 28
-102.000   39.000 -0.00340 25
-102.000   40.000 -0.00274 29
-102.000   41.000 -0.00146 23
-102.000   42.000 -0.00147 22
-102.000   43.000 -0.00134 18
-102.000   44.000 -0.00210 19
-102.000   45.000 -0.00231 20
-102.000   46.000 -0.00321 19
-102.000   47.000 -0.00275 18
-102.000   48.000 -0.00260 16
-102.000   49.000 -0.00173 19
-102.000   50.000 -0.00162 15
-101.000   25.000  0.00117 22
-101.000   26.000 -0.00089 19
-101.000   27.000 -0.00280 29
-101.000   28.000 -0.00469 22
-101.000   29.000 -0.00651 28
-101.000   30.000 -0.00658 21
-101.000   31.000 -0.00594 26
-101.000   32.000 -0.00424 21
-101.000   33.000 -0.00339 27
-101.000   34.000 -0.00288 23
-101.000   35.000 -0.00370 26
-101.000   36.000 -0.00380 24
-101.000   37.000 -0.00401 25
-101.000   38.000 -0.00385 26
-101.000   39.000 -0.00306 23
-101.000   40.000 -0.00184 25
-101.000   41.000 -0.00053 20
-101.000   42.000 -0.00124 20
-101.000   43.000 -0.00183 16
-101.000   44.000 -0.00337 20
-101.000   45.000 -0.00358 20
-101.000   46.000 -0.00385 22
-101.000   47.000 -0.00245 17
-101.000   48.000 -0.00141 22
-101.000   49.000  0.00007 19
-101.000   50.000  0.00067 19
-100.000   25.000  0.00188 21
-100.000   26.000 -0.00052 20
-100.000   27.000 -0.00263 25
-100.000   28.000 -0.00502 22
-100.000   29.000 -0.00707 24
-100.000   30.000 -0.00726 22
-100.000   31.000 -0.00662 22
-100.000   32.000 -0.00512 21
-100.000   33.000 -0.00471 23
-100.000   34.000 -0.00455 23
-100.000   35.000 -0.00581 23
-100.000   36.000 -0.00616 24
-100.000   37.000 -0.00624 24
-100.000   38.000 -0.00554 27
-100.000   39.000 -0.00401 24
-100.000   40.000 -0.00239 26
-100.000   41.000 -0.00094 24
-100.000   42.000 -0.00154 21
-100.000   43.000 -0.00213 19
-100.000   44.000 -0.00382 17
-100.000   45.000 -0.00372 22
-100.000   46.000 -0.00371 20
-100.000   47.000 -0.00211 22
-100.000   48.000 -0.00115 19
-100.000   49.000  0.00039 22
-100.000   50.000  0.00077 16
 -99.000   25.000  0.00223 23
 -99.000   26.000 -0.00033 19
 -99.000   27.000 -0.00252 29
 -99.000   28.000 -0.00523 21
 -99.000   29.000 -0.00746 29
 -99.000   30.000 -0.00787 22
 -99.000   31.000 -0.00736 27
 -99.000   32.000 -0.00615 21
 -99.000   33.000 -0.00593 27
 -99.000   34.000 -0.00576 23
 -99.000   35.000 -0.00662 26
 -99.000   36.000 -0.00669 23
 -99.000   37.000 -0.00635 24
 -99.000   38.000 -0.00542 24
 -99.000   39.000 -0.00382 22
 -99.000   40.000 -0.00268 24
 -99.000   41.000 -0.00159 21
 -99.000   42.000 -0.00261 20
 -99.000   43.000 -0.00347 16
 -99.000   44.000 -0.00550 18
 -99.000   45.000 -0.00549 19
 -99.000   46.000 -0.00537 20
 -99.000   47.000 -0.00336 16
 -99.000   48.000 -0.00195 21
 -99.000   49.000 -0.00005 19
 -99.000   50.000  0.00080 19
 -98.000   25.000  0.00036 21
 -98.000   26.000 -0.00168 19
 -98.000   27.000 -0.00318 25
 -98.000   28.000 -0.00518 21
 -98.000   29.000 -0.00646 25
 -98.000   30.000 -0.00670 23
 -98.000   31.000 -0.00611 23
 -98.000   32.000 -0.00545 22
 -98.000   33.000 -0.00577 23
 -98.000   34.000 -0.00601 24
 -98.000   35.000 -0.00674 23
 -98.000   36.000 -0.00675 24
 -98.000   37.000 -0.00630 22
 -98.000   38.000 -0.00534 25
 -98.000   39.000 -0.00405 23
 -98.000   40.000 -0.00337 26
 -98.000   41.000 -0.00267 23
 -98.000   42.000 -0.00345 21
 -98.000   43.000 -0.00404 19
 -98.000   44.000 -0.00556 18
 -98.000   45.000 -0.00540 20
 -98.000   46.000 -0.00516 18
 -98.000   47.000 -0.00332 19
 -98.000   48.000 -0.00189 17
 -98.000   49.000 -0.00010 20
 -98.000   50.000  0.00086 15
 -97.000   25.000  0.00095 23
 -97.000   26.000 -0.00100 19
 -97.000   27.000 -0.00225 28
 -97.000   28.000 -0.00421 21
 -97.000   29.000 -0.00538 28
 -97.000   30.000 -0.00586 23
 -97.000   31.000 -0.00531 27
 -97.000   32.000 -0.00501 23
 -97.000   33.000 -0.00533 27
 -97.000   34.000 -0.00553 24
 -97.000   35.000 -0.00584 26
 -97.000   36.000 -0.00572 24
 -97.000   37.000 -0.00504 24
 -97.000   38.000 -0.00422 24
 -97.000   39.000 -0.00325 22
 -97.000   40.000 -0.00317 24
 -97.000   41.000 -0.00294 19
 -97.000   42.000 -0.00400 20
 -97.000   43.000 -0.00491 16
 -97.000   44.000 -0.00648 20
 -97.000   45.000 -0.00662 17
 -97.000   46.000 -0.00660 18
 -97.000   47.000 -0.00491 13
 -97.000   48.000 -0.00322 18
 -97.000   49.000 -0.00150 16
 -97.000   50.000 -0.00023 17
 -96.000   25.000  0.00072 20
 -96.000   26.000 -0.00099 18
 -96.000   27.000 -0.00168 21
 -96.000   28.000 -0.00325 19
 -96.000   29.000 -0.00381 22
 -96.000   30.000 -0.00423 24
 -96.000   31.000 -0.00341 23
 -96.000   32.000 -0.00343 25
 -96.000   33.000 -0.00382 23
 -96.000   34.000 -0.00444 25
 -96.000   35.000 -0.00494 22
 -96.000   36.000 -0.00534 25
 -96.000   37.000 -0.00491 23
 -96.000   38.000 -0.00446 27
 -96.000   39.000 -0.00384 23
 -96.000   40.000 -0.00404 25
 -96.000   41.000 -0.00388 20
 -96.000   42.000 -0.00469 21
 -96.000   43.000 -0.00543 18
 -96.000   44.000 -0.00658 20
 -96.000   45.000 -0.00673 18
 -96.000   46.000 -0.00678 18
 -96.000   47.000 -0.00554 17
 -96.000   48.000 -0.00395 18
 -96.000   49.000 -0.00254 18
 -96.000   50.000 -0.00121 14
 -95.000   25.000  0.00282 22
 -95.000   26.000  0.00098 21
 -95.000   27.000  0.00028 25
 -95.000   28.000 -0.00142 21
 -95.000   29.000 -0.00226 25
 -95.000   30.000 -0.00295 24
 -95.000   31.000 -0.00223 26
 -95.000   32.000 -0.00257 25
 -95.000   33.000 -0.00300 26
 -95.000   34.000 -0.00392 25
 -95.000   35.000 -0.00444 25
 -95.000   36.000 -0.00512 24
 -95.000   37.000 -0.00454 24
 -95.000   38.000 -0.00432 24
 -95.000   39.000 -0.00372 23
 -95.000   40.000 -0.00412 23
 -95.000   41.000 -0.00399 20
 -95.000   42.000 -0.00502 21
 -95.000   43.000 -0.00607 17
 -95.000   44.000 -0.00738 19
 -95.000   45.000 -0.00799 15
 -95.000   46.000 -0.00820 19
 -95.000   47.000 -0.00703 15
 -95.000   48.000 -0.00498 21
 -95.000   49.000 -0.00352 16
 -95.000   50.000 -0.00156 17
 -94.000   25.000  0.00410 17
 -94.000   26.000  0.00229 19
 -94.000   27.000  0.00153 21
 -94.000   28.000 -0.00021 19
 -94.000   29.000 -0.00113 20
 -94.000   30.000 -0.00176 22
 -94.000   31.000 -0.00093 23
 -94.000   32.000 -0.00108 25
 -94.000   33.000 -0.00143 23
 -94.000   34.000 -0.00255 26
 -94.000   35.000 -0.00352 24
 -94.000   36.000 -0.00465 26
 -94.000   37.000 -0.00448 24
 -94.000   38.000 -0.00451 26
 -94.000   39.000 -0.00406 25
 -94.000   40.000 -0.00413 25
 -94.000   41.000 -0.00387 22
 -94.000   42.000 -0.00464 22
 -94.000   43.000 -0.00561 18
 -94.000   44.000 -0.00658 19
 -94.000   45.000 -0.00725 16
 -94.000   46.000 -0.00746 21
 -94.000   47.000 -0.00641 20
 -94.000   48.000 -0.00432 24
 -94.000   49.000 -0.00303 20
 -94.000   50.000 -0.00103 16
 -93.000   25.000  0.00629 20
 -93.000   26.000  0.00439 23
 -93.000   27.000  0.00326 28
 -93.000   28.000  0.00118 24
 -93.000   29.000 -0.00036 25
 -93.000   30.000 -0.00120 23
 -93.000   31.000 -0.00068 26
 -93.000   32.000 -0.00065 24
 -93.000   33.000 -0.00082 24
 -93.000   34.000 -0.00175 23
 -93.000   35.000 -0.00270 24
 -93.000   36.000 -0.00388 23
 -93.000   37.000 -0.00386 23
 -93.000   38.000 -0.00421 22
 -93.000   39.000 -0.00391 23
 -93.000   40.000 -0.00397 22
 -93.000   41.000 -0.00366 21
 -93.000   42.000 -0.00441 20
 -93.000   43.000 -0.00551 17
 -93.000   44.000 -0.00661 17
 -93.000   45.000 -0.00756 14
 -93.000   46.000 -0.00793 18
 -93.000   47.000 -0.00696 15
 -93.000   48.000 -0.00489 20
 -93.000   49.000 -0.00356 17
 -93.000   50.000 -0.00135 16
 -92.000   25.000  0.00551 20
 -92.000   26.000  0.00388 21
 -92.000   27.000  0.00269 27
 -92.000   28.000  0.00056 23
 -92.000   29.000 -0.00090 24
 -92.000   30.000 -0.00153 23
 -92.000   31.000 -0.00107 24
 -92.000   32.000 -0.00076 23
 -92.000   33.000 -0.00064 21
 -92.000   34.000 -0.00132 24
 -92.000   35.000 -0.00213 25
 -92.000   36.000 -0.00336 27
 -92.000   37.000 -0.00359 24
 -92.000   38.000 -0.00434 25
 -92.000   39.000 -0.00436 24
 -92.000   40.000 -0.00452 25
 -92.000   41.000 -0.00410 23
 -92.000   42.000 -0.00450 22
 -92.000   43.000 -0.00520 19
 -92.000   44.000 -0.00608 18
 -92.000   45.000 -0.00695 17
 -92.000   46.000 -0.00729 19
 -92.000   47.000 -0.00645 18
 -92.000   48.000 -0.00465 20
 -92.000   49.000 -0.00330 19
 -92.000   50.000 -0.00108 15
 -91.000   25.000  0.00310 20
 -91.000   26.000  0.00200 23
 -91.000   27.000  0.00096 28
 -91.000   28.000 -0.00072 26
 -91.000   29.000 -0.00190 26
 -91.000   30.000 -0.00217 25
 -91.000   31.000 -0.00193 24
 -91.000   32.000 -0.00155 23
 -91.000   33.000 -0.00147 21
 -91.000   34.000 -0.00196 22
 -91.000   35.000 -0.00239 22
 -91.000   36.000 -0.00327 23
 -91.000   37.000 -0.00321 21
 -91.000   38.000 -0.00396 22
 -91.000   39.000 -0.00386 21
 -91.000   40.000 -0.00414 22
 -91.000   41.000 -0.00368 21
 -91.000   42.000 -0.00398 19
 -91.000   43.000 -0.00451 18
 -91.000   44.000 -0.00545 15
 -91.000   45.000 -0.00644 16
 -91.000   46.000 -0.00676 15
 -91.000   47.000 -0.00615 15
 -91.000   48.000 -0.00450 16
 -91.000   49.000 -0.00316 17
 -91.000   50.000 -0.00084 14
 -90.000   25.000 -0.00055 18
 -90.000   26.000 -0.00108 20
 -90.000   27.000 -0.00186 25
 -90.000   28.000 -0.00311 23
 -90.000   29.000 -0.00367 24
 -90.000   30.000 -0.00356 24
 -90.000   31.000 -0.00316 24
 -90.000   32.000 -0.00241 25
 -90.000   33.000 -0.00189 25
 -90.000   34.000 -0.00195 27
 -90.000   35.000 -0.00219 26
 -90.000   36.000 -0.00288 27
 -90.000   37.000 -0.00287 25
 -90.000   38.000 -0.00353 27
 -90.000   39.000 -0.00340 26
 -90.000   40.000 -0.00348 27
 -90.000   41.000 -0.00305 26
 -90.000   42.000 -0.00301 24
 -90.000   43.000 -0.00325 24
 -90.000   44.000 -0.00379 20
 -90.000   45.000 -0.00460 21
 -90.000   46.000 -0.00463 20
 -90.000   47.000 -0.00431 21
 -90.000   48.000 -0.00304 22
 -90.000   49.000 -0.00209 21
 -90.000   50.000 -0.00013 17
 -89.000   25.000 -0.00344 16
 -89.000   26.000 -0.00351 21
 -89.000   27.000 -0.00405 24
 -89.000   28.000 -0.00479 24
 -89.000   29.000 -0.00507 22
 -89.000   30.000 -0.00481 23
 -89.000   31.000 -0.00443 21
 -89.000   32.000 -0.00372 25
 -89.000   33.000 -0.00313 23
 -89.000   34.000 -0.00297 25
 -89.000   35.000 -0.00296 21
 -89.000   36.000 -0.00336 22
 -89.000   37.000 -0.00302 20
 -89.000   38.000 -0.00327 22
 -89.000   39.000 -0.00272 21
 -89.000   40.000 -0.00265 22
 -89.000   41.000 -0.00226 21
 -89.000   42.000 -0.00212 19
 -89.000   43.000 -0.00230 19
 -89.000   44.000 -0.00264 16
 -89.000   45.000 -0.00345 18
 -89.000   46.000 -0.00341 16
 -89.000   47.000 -0.00354 18
 -89.000   48.000 -0.00280 18
 -89.000   49.000 -0.00243 19
 -89.000   50.000 -0.00098 14
 -88.000   25.000 -0.00454 18
 -88.000   26.000 -0.00437 20
 -88.000   27.000 -0.00464 25
 -88.000   28.000 -0.00514 23
 -88.000   29.000 -0.00534 23
 -88.000   30.000 -0.00519 23
 -88.000   31.000 -0.00485 22
 -88.000   32.000 -0.00426 26
 -88.000   33.000 -0.00344 25
 -88.000   34.000 -0.00299 28
 -88.000   35.000 -0.00279 25
 -88.000   36.000 -0.00319 26
 -88.000   37.000 -0.00301 26
 -88.000   38.000 -0.00329 27
 -88.000   39.000 -0.00279 27
 -88.000   40.000 -0.00267 26
 -88.000   41.000 -0.00226 26
 -88.000   42.000 -0.00183 24
 -88.000   43.000 -0.00173 25
 -88.000   44.000 -0.00173 21
 -88.000   45.000 -0.00239 21
 -88.000   46.000 -0.00230 18
 -88.000   47.000 -0.00277 20
 -88.000   48.000 -0.00246 22
 -88.000   49.000 -0.00260 22
 -88.000   50.000 -0.00161 17
 -87.000   25.000 -0.00410 16
 -87.000   26.000 -0.00384 20
 -87.000   27.000 -0.00387 24
 -87.000   28.000 -0.00407 25
 -87.000   29.000 -0.00444 23
 -87.000   30.000 -0.00452 23
 -87.000   31.000 -0.00433 20
 -87.000   32.000 -0.00413 24
 -87.000   33.000 -0.00340 20
 -87.000   34.000 -0.00290 25
 -87.000   35.000 -0.00242 21
 -87.000   36.000 -0.00273 24
 -87.000   37.000 -0.00254 21
 -87.000   38.000 -0.00292 22
 -87.000   39.000 -0.00254 21
 -87.000   40.000 -0.00270 21
 -87.000   41.000 -0.00236 20
 -87.000   42.000 -0.00179 18
 -87.000   43.000 -0.00148 17
 -87.000   44.000 -0.00118 16
 -87.000   45.000 -0.00178 18
 -87.000   46.000 -0.00190 16
 -87.000   47.000 -0.00278 18
 -87.000   48.000 -0.00274 18
 -87.000   49.000 -0.00333 20
 -87.000   50.000 -0.00259 14
 -86.000   25.000 -0.00141 18
 -86.000   26.000 -0.00127 20
 -86.000   27.000 -0.00129 24
 -86.000   28.000 -0.00142 23
 -86.000   29.000 -0.00205 25
 -86.000   30.000 -0.00249 25
 -86.000   31.000 -0.00263 24
 -86.000   32.000 -0.00270 25
 -86.000   33.000 -0.00210 23
 -86.000   34.000 -0.00148 27
 -86.000   35.000 -0.00093 26
 -86.000   36.000 -0.00122 27
 -86.000   37.000 -0.00147 26
 -86.000   38.000 -0.00224 24
 -86.000   39.000 -0.00248 26
 -86.000   40.000 -0.00299 25
 -86.000   41.000 -0.00280 27
 -86.000   42.000 -0.00209 24
 -86.000   43.000 -0.00159 25
 -86.000   44.000 -0.00106 22
 -86.000   45.000 -0.00153 22
 -86.000   46.000 -0.00171 18
 -86.000   47.000 -0.00265 19
 -86.000   48.000 -0.00271 21
 -86.000   49.000 -0.00353 22
 -86.000   50.000 -0.00283 18
 -85.000   25.000  0.00161 16
 -85.000   26.000  0.00158 20
 -85.000   27.000  0.00159 21
 -85.000   28.000  0.00150 23
 -85.000   29.000  0.00064 23
 -85.000   30.000 -0.00020 25
 -85.000   31.000 -0.00082 23
 -85.000   32.000 -0.00155 25
 -85.000   33.000 -0.00172 22
 -85.000   34.000 -0.00148 27
 -85.000   35.000 -0.00095 23
 -85.000   36.000 -0.00108 25
 -85.000   37.000 -0.00143 20
 -85.000   38.000 -0.00224 21
 -85.000   39.000 -0.00283 21
 -85.000   40.000 -0.00362 22
 -85.000   41.000 -0.00356 22
 -85.000   42.000 -0.00270 20
 -85.000   43.000 -0.00202 20
 -85.000   44.000 -0.00126 20
 -85.000   45.000 -0.00155 22
 -85.000   46.000 -0.00179 20
 -85.000   47.000 -0.00285 20
 -85.000   48.000 -0.00316 18
 -85.000   49.000 -0.00408 19
 -85.000   50.000 -0.00354 14
 -84.000   25.000  0.00495 20
 -84.000   26.000  0.00453 23
 -84.000   27.000  0.00442 25
 -84.000   28.000  0.00406 23
 -84.000   29.000  0.00303 25
 -84.000   30.000  0.00197 25
 -84.000   31.000  0.00097 25
 -84.000   32.000 -0.00010 25
 -84.000   33.000 -0.00086 25
 -84.000   34.000 -0.00079 27
 -84.000   35.000 -0.00036 24
 -84.000   36.000 -0.00040 23
 -84.000   37.000 -0.00113 22
 -84.000   38.000 -0.00221 22
 -84.000   39.000 -0.00338 25
 -84.000   40.000 -0.00443 24
 -84.000   41.000 -0.00448 27
 -84.000   42.000 -0.00345 25
 -84.000   43.000 -0.00269 27
 -84.000   44.000 -0.00190 25
 -84.000   45.000 -0.00187 24
 -84.000   46.000 -0.00189 22
 -84.000   47.000 -0.00269 21
 -84.000   48.000 -0.00298 20
 -84.000   49.000 -0.00364 18
 -84.000   50.000 -0.00309 15
 -83.000   25.000  0.00643 16
 -83.000   26.000  0.00566 21
 -83.000   27.000  0.00538 21
 -83.000   28.000  0.00457 23
 -83.000   29.000  0.00344 21
 -83.000   30.000  0.00221 24
 -83.000   31.000  0.00106 23
 -83.000   32.000 -0.00036 27
 -83.000   33.000 -0.00162 25
 -83.000   34.000 -0.00182 28
 -83.000   35.000 -0.00137 23
 -83.000   36.000 -0.00122 25
 -83.000   37.000 -0.00171 22
 -83.000   38.000 -0.00255 25
 -83.000   39.000 -0.00378 24
 -83.000   40.000 -0.00499 24
 -83.000   41.000 -0.00521 23
 -83.000   42.000 -0.00416 22
 -83.000   43.000 -0.00325 23
 -83.000   44.000 -0.00225 24
 -83.000   45.000 -0.00185 24
 -83.000   46.000 -0.00169 23
 -83.000   47.000 -0.00246 22
 -83.000   48.000 -0.00291 19
 -83.000   49.000 -0.00356 18
 -83.000   50.000 -0.00321 12
 -82.000   25.000  0.00807 21
 -82.000   26.000  0.00695 25
 -82.000   27.000  0.00617 28
 -82.000   28.000  0.00470 26
 -82.000   29.000  0.00323 28
 -82.000   30.000  0.00208 26
 -82.000   31.000  0.00099 25
 -82.000   32.000 -0.00025 23
 -82.000   33.000 -0.00161 24
 -82.000   34.000 -0.00186 25
 -82.000   35.000 -0.00170 24
 -82.000   36.000 -0.00165 24
 -82.000   37.000 -0.00204 23
 -82.000   38.000 -0.00260 23
 -82.000   39.000 -0.00380 24
 -82.000   40.000 -0.00504 24
 -82.000   41.000 -0.00545 25
 -82.000   42.000 -0.00465 23
 -82.000   43.000 -0.00393 24
 -82.000   44.000 -0.00286 25
 -82.000   45.000 -0.00193 24
 -82.000   46.000 -0.00132 25
 -82.000   47.000 -0.00167 22
 -82.000   48.000 -0.00210 22
 -82.000   49.000 -0.00256 18
 -82.000   50.000 -0.00250 15
 -81.000   25.000  0.00769 17
 -81.000   26.000  0.00635 22
 -81.000   27.000  0.00514 22
 -81.000   28.000  0.00290 24
 -81.000   29.000  0.00117 23
 -81.000   30.000  0.00004 26
 -81.000   31.000 -0.00068 23
 -81.000   32.000 -0.00164 25
 -81.000   33.000 -0.00275 24
 -81.000   34.000 -0.00304 28
 -81.000   35.000 -0.00305 27
 -81.000   36.000 -0.00323 29
 -81.000   37.000 -0.00335 26
 -81.000   38.000 -0.00353 27
 -81.000   39.000 -0.00430 24
 -81.000   40.000 -0.00531 25
 -81.000   41.000 -0.00553 23
 -81.000   42.000 -0.00470 22
 -81.000   43.000 -0.00368 21
 -81.000   44.000 -0.00228 22
 -81.000   45.000 -0.00069 23
 -81.000   46.000  0.00010 23
 -81.000   47.000 -0.00007 22
 -81.000   48.000 -0.00080 20
 -81.000   49.000 -0.00123 20
 -81.000   50.000 -0.00179 14
 -80.000   25.000  0.00755 22
 -80.000   26.000  0.00637 26
 -80.000   27.000  0.00484 30
 -80.000   28.000  0.00227 27
 -80.000   29.000  0.00024 28
 -80.000   30.000 -0.00053 24
 -80.000   31.000 -0.00094 24
 -80.000   32.000 -0.00130 22
 -80.000   33.000 -0.00183 25
 -80.000   34.000 -0.00193 25
 -80.000   35.000 -0.00226 26
 -80.000   36.000 -0.00293 25
 -80.000   37.000 -0.00326 25
 -80.000   38.000 -0.00357 24
 -80.000   39.000 -0.00427 22
 -80.000   40.000 -0.00520 21
 -80.000   41.000 -0.00525 21
 -80.000   42.000 -0.00460 21
 -80.000   43.000 -0.00351 20
 -80.000   44.000 -0.00195 21
 -80.000   45.000  0.00035 22
 -80.000   46.000  0.00137 25
 -80.000   47.000  0.00160 23
 -80.000   48.000  0.00072 23
 -80.000   49.000  0.00049 19
 -80.000   50.000 -0.00076 15
 -79.000   25.000  0.00534 17
 -79.000   26.000  0.00461 22
 -79.000   27.000  0.00335 23
 -79.000   28.000  0.00098 25
 -79.000   29.000 -0.00081 22
 -79.000   30.000 -0.00129 24
 -79.000   31.000 -0.00135 23
 -79.000   32.000 -0.00152 27
 -79.000   33.000 -0.00161 25
 -79.000   34.000 -0.00173 27
 -79.000   35.000 -0.00211 26
 -79.000   36.000 -0.00318 29
 -79.000   37.000 -0.00350 28
 -79.000   38.000 -0.00393 29
 -79.000   39.000 -0.00433 25
 -79.000   40.000 -0.00510 25
 -79.000   41.000 -0.00470 22
 -79.000   42.000 -0.00401 23
 -79.000   43.000 -0.00248 20
 -79.000   44.000 -0.00070 20
 -79.000   45.000  0.00213 20
 -79.000   46.000  0.00313 20
 -79.000   47.000  0.00356 20
 -79.000   48.000  0.00247 18
 -79.000   49.000  0.00237 19
 -79.000   50.000  0.00062 13
 -78.000   25.000  0.00449 22
 -78.000   26.000  0.00452 24
 -78.000   27.000  0.00360 29
 -78.000   28.000  0.00185 25
 -78.000   29.000  0.00044 27
 -78.000   30.000  0.00033 22
 -78.000   31.000  0.00023 24
 -78.000   32.000  0.00007 23
 -78.000   33.000  0.00004 25
 -78.000   34.000 -0.00039 24
 -78.000   35.000 -0.00111 25
 -78.000   36.000 -0.00262 25
 -78.000   37.000 -0.00319 26
 -78.000   38.000 -0.00402 25
 -78.000   39.000 -0.00442 23
 -78.000   40.000 -0.00520 22
 -78.000   41.000 -0.00459 20
 -78.000   42.000 -0.00401 22
 -78.000   43.000 -0.00226 20
 -78.000   44.000 -0.00041 23
 -78.000   45.000  0.00269 21
 -78.000   46.000  0.00363 26
 -78.000   47.000  0.00425 23
 -78.000   48.000  0.00317 25
 -78.000   49.000  0.00322 19
 -78.000   50.000  0.00120 16
 -77.000   25.000  0.00315 17
 -77.000   26.000  0.00374 21
 -77.000   27.000  0.00340 23
 -77.000   28.000  0.00234 25
 -77.000   29.000  0.00152 25
 -77.000   30.000  0.00134 26
 -77.000   31.000  0.00114 24
 -77.000   32.000  0.00066 26
 -77.000   33.000  0.00052 24
 -77.000   34.000 -0.00034 27
 -77.000   35.000 -0.00126 25
 -77.000   36.000 -0.00307 28
 -77.000   37.000 -0.00385 27
 -77.000   38.000 -0.00494 28
 -77.000   39.000 -0.00507 26
 -77.000   40.000 -0.00558 26
 -77.000   41.000 -0.00446 23
 -77.000   42.000 -0.00362 24
 -77.000   43.000 -0.00141 21
 -77.000   44.000  0.00043 23
 -77.000   45.000  0.00344 20
 -77.000   46.000  0.00415 22
 -77.000   47.000  0.00485 21
 -77.000   48.000  0.00388 20
 -77.000   49.000  0.00405 20
 -77.000   50.000  0.00218 15
 -76.000   25.000  0.00250 20
 -76.000   26.000  0.00391 21
 -76.000   27.000  0.00417 29
 -76.000   28.000  0.00410 22
 -76.000   29.000  0.00395 29
 -76.000   30.000  0.00385 22
 -76.000   31.000  0.00321 27
 -76.000   32.000  0.00233 22
 -76.000   33.000  0.00187 27
 -76.000   34.000  0.00056 24
 -76.000   35.000 -0.00067 26
 -76.000   36.000 -0.00271 23
 -76.000   37.000 -0.00376 26
 -76.000   38.000 -0.00516 24
 -76.000   39.000 -0.00524 23
 -76.000   40.000 -0.00577 22
 -76.000   41.000 -0.00464 20
 -76.000   42.000 -0.00383 23
 -76.000   43.000 -0.00158 20
 -76.000   44.000  0.00008 26
 -76.000   45.000  0.00284 23
 -76.000   46.000  0.00359 30
 -76.000   47.000  0.00450 26
 -76.000   48.000  0.00403 30
 -76.000   49.000  0.00436 23
 -76.000   50.000  0.00302 21
 -75.000   25.000  0.00146 16
 -75.000   26.000  0.00331 21
 -75.000   27.000  0.00408 26
 -75.000   28.000  0.00483 25
 -75.000   29.000  0.00531 28
 -75.000   30.000  0.00508 27
 -75.000   31.000  0.00417 29
 -75.000   32.000  0.00286 27
 -75.000   33.000  0.00216 28
 -75.000   34.000  0.00070 26
 -75.000   35.000 -0.00046 27
 -75.000   36.000 -0.00239 25
 -75.000   37.000 -0.00337 28
 -75.000   38.000 -0.00485 26
 -75.000   39.000 -0.00503 28
 -75.000   40.000 -0.00588 26
 -75.000   41.000 -0.00500 26
 -75.000   42.000 -0.00442 25
 -75.000   43.000 -0.00228 24
 -75.000   44.000 -0.00090 24
 -75.000   45.000  0.00160 24
 -75.000   46.000  0.00261 24
 -75.000   47.000  0.00391 26
 -75.000   48.000  0.00426 24
 -75.000   49.000  0.00490 24
 -75.000   50.000  0.00446 17
 -74.000   25.000  0.00099 16
 -74.000   26.000  0.00330 17
 -74.000   27.000  0.00435 26
 -74.000   28.000  0.00575 19
 -74.000   29.000  0.00679 28
 -74.000   30.000  0.00667 21
 -74.000   31.000  0.00552 29
 -74.000   32.000  0.00400 21
 -74.000   33.000  0.00298 27
 -74.000   34.000  0.00138 20
 -74.000   35.000  0.00018 25
 -74.000   36.000 -0.00158 20
 -74.000   37.000 -0.00255 24
 -74.000   38.000 -0.00401 22
 -74.000   39.000 -0.00446 23
 -74.000   40.000 -0.00595 23
 -74.000   41.000 -0.00599 21
 -74.000   42.000 -0.00593 22
 -74.000   43.000 -0.00416 19
 -74.000   44.000 -0.00306 21
 -74.000   45.000 -0.00071 20
 -74.000   46.000  0.00082 26
 -74.000   47.000  0.00264 25
 -74.000   48.000  0.00382 31
 -74.000   49.000  0.00472 24
 -74.000   50.000  0.00523 26
 -73.000   25.000  0.00095 17
 -73.000   26.000  0.00318 21
 -73.000   27.000  0.00418 26
 -73.000   28.000  0.00576 25
 -73.000   29.000  0.00687 27
 -73.000   30.000  0.00652 25
 -73.000   31.000  0.00526 27
 -73.000   32.000  0.00356 24
 -73.000   33.000  0.00251 27
 -73.000   34.000  0.00108 23
 -73.000   35.000  0.00032 26
 -73.000   36.000 -0.00088 23
 -73.000   37.000 -0.00125 27
 -73.000   38.000 -0.00218 25
 -73.000   39.000 -0.00237 29
 -73.000   40.000 -0.00388 25
 -73.000   41.000 -0.00432 28
 -73.000   42.000 -0.00467 22
 -73.000   43.000 -0.00358 26
 -73.000   44.000 -0.00322 19
 -73.000   45.000 -0.00150 24
 -73.000   46.000 -0.00004 21
 -73.000   47.000  0.00192 28
 -73.000   48.000  0.00351 24
 -73.000   49.000  0.00467 24
 -73.000   50.000  0.00570 19
 -72.000   25.000  0.00069 16
 -72.000   26.000  0.00284 16
 -72.000   27.000  0.00369 24
 -72.000   28.000  0.00538 18
 -72.000   29.000  0.00648 25
 -72.000   30.000  0.00613 18
 -72.000   31.000  0.00467 25
 -72.000   32.000  0.00273 17
 -72.000   33.000  0.00164 23
 -72.000   34.000  0.00045 17
 -72.000   35.000  0.00025 21
 -72.000   36.000 -0.00030 20
 -72.000   37.000  0.00006 22
 -72.000   38.000 -0.00019 23
 -72.000   39.000  0.00012 21
 -72.000   40.000 -0.00116 20
 -72.000   41.000 -0.00186 18
 -72.000   42.000 -0.00246 18
 -72.000   43.000 -0.00204 18
 -72.000   44.000 -0.00263 17
 -72.000   45.000 -0.00181 17
 -72.000   46.000 -0.00056 21
 -72.000   47.000  0.00133 22
 -72.000   48.000  0.00311 28
 -72.000   49.000  0.00431 22
 -72.000   50.000  0.00570 26
 -71.000   25.000  0.00116 17
 -71.000   26.000  0.00273 22
 -71.000   27.000  0.00335 24
 -71.000   28.000  0.00463 24
 -71.000   29.000  0.00558 26
 -71.000   30.000  0.00518 24
 -71.000   31.000  0.00384 26
 -71.000   32.000  0.00178 21
 -71.000   33.000  0.00120 25
 -71.000   34.000  0.00070 21
 -71.000   35.000  0.00134 25
 -71.000   36.000  0.00141 24
 -71.000   37.000  0.00257 28
 -71.000   38.000  0.00259 27
 -71.000   39.000  0.00292 28
 -71.000   40.000  0.00179 24
 -71.000   41.000  0.00117 27
 -71.000   42.000  0.00040 23
 -71.000   43.000  0.00009 28
 -71.000   44.000 -0.00116 22
 -71.000   45.000 -0.00113 28
 -71.000   46.000 -0.00025 23
 -71.000   47.000  0.00136 29
 -71.000   48.000  0.00288 25
 -71.000   49.000  0.00400 24
 -71.000   50.000  0.00526 17
 -70.000   25.000  0.00079 13
 -70.000   26.000  0.00167 15
 -70.000   27.000  0.00212 19
 -70.000   28.000  0.00285 16
 -70.000   29.000  0.00398 22
 -70.000   30.000  0.00386 18
 -70.000   31.000  0.00289 24
 -70.000   32.000  0.00103 17
 -70.000   33.000  0.00106 21
 -70.000   34.000  0.00109 16
 -70.000   35.000  0.00223 19
 -70.000   36.000  0.00254 20
 -70.000   37.000  0.00390 21
 -70.000   38.000  0.00372 24
 -70.000   39.000  0.00397 20
 -70.000   40.000  0.00300 21
 -70.000   41.000  0.00274 17
 -70.000   42.000  0.00220 20
 -70.000   43.000  0.00155 18
 -70.000   44.000  0.00011 19
 -70.000   45.000 -0.00025 17
 -70.000   46.000  0.00048 21
 -70.000   47.000  0.00175 20
 -70.000   48.000  0.00297 27
 -70.000   49.000  0.00384 20
 -70.000   50.000  0.00471 22
 -69.000   25.000  0.00233 15
 -69.000   26.000  0.00220 20
 -69.000   27.000  0.00229 21
 -69.000   28.000  0.00201 21
 -69.000   29.000  0.00297 23
 -69.000   30.000  0.00297 21
 -69.000   31.000  0.00253 25
 -69.000   32.000  0.00094 21
 -69.000   33.000  0.00183 24
 -69.000   34.000  0.00238 21
 -69.000   35.000  0.00395 25
 -69.000   36.000  0.00424 25
 -69.000   37.000  0.00584 28
 -69.000   38.000  0.00532 27
 -69.000   39.000  0.00543 26
 -69.000   40.000  0.00474 23
 -69.000   41.000  0.00522 23
 -69.000   42.000  0.00504 23
 -69.000   43.000  0.00409 24
 -69.000   44.000  0.00258 24
 -69.000   45.000  0.00174 25
 -69.000   46.000  0.00226 24
 -69.000   47.000  0.00298 24
 -69.000   48.000  0.00377 24
 -69.000   49.000  0.00438 21
 -69.000   50.000  0.00490 17
 -68.000   25.000  0.00305 14
 -68.000   26.000  0.00198 13
 -68.000   27.000  0.00192 19
 -68.000   28.000  0.00099 15
 -68.000   29.000  0.00224 21
 -68.000   30.000  0.00278 16
 -68.000   31.000  0.00297 21
 -68.000   32.000  0.00190 17
 -68.000   33.000  0.00324 19
 -68.000   34.000  0.00394 18
 -68.000   35.000  0.00521 19
 -68.000   36.000  0.00513 21
 -68.000   37.000  0.00607 21
 -68.000   38.000  0.00484 23
 -68.000   39.000  0.00439 21
 -68.000   40.000  0.00383 20
 -68.000   41.000  0.00481 17
 -68.000   42.000  0.00521 19
 -68.000   43.000  0.00431 17
 -68.000   44.000  0.00327 21
 -68.000   45.000  0.00270 17
 -68.000   46.000  0.00376 23
 -68.000   47.000  0.00459 18
 -68.000   48.000  0.00558 24
 -68.000   49.000  0.00622 16
 -68.000   50.000  0.00673 17
 -67.000   25.000  0.01079 13
 -67.000   26.000  0.00759 13
 -67.000   27.000  0.00659 17
 -67.000   28.000  0.00353 14
 -67.000   29.000  0.00390 19
 -67.000   30.000  0.00409 15
 -67.000   31.000  0.00499 20
 -67.000   32.000  0.00440 17
 -67.000   33.000  0.00615 19
 -67.000   34.000  0.00697 18
 -67.000   35.000  0.00813 20
 -67.000   36.000  0.00791 20
 -67.000   37.000  0.00856 21
 -67.000   38.000  0.00667 19
 -67.000   39.000  0.00523 20
 -67.000   40.000  0.00395 17
 -67.000   41.000  0.00464 19
 -67.000   42.000  0.00514 18
 -67.000   43.000  0.00412 19
 -67.000   44.000  0.00375 20
 -67.000   45.000  0.00356 20
 -67.000   46.000  0.00549 21
 -67.000   47.000  0.00646 19
 -67.000   48.000  0.00863 19
 -67.000   49.000  0.00971 14
 -67.000   50.000  0.01114 10
 -66.000   25.000  0.01266 8
 -66.000   26.000  0.00863 7
 -66.000   27.000  0.00733 12
 -66.000   28.000  0.00356 9
 -66.000   29.000  0.00383 14
 -66.000   30.000  0.00417 11
 -66.000   31.000  0.00556 13
 -66.000   32.000  0.00544 11
 -66.000   33.000  0.00731 11
 -66.000   34.000  0.00808 11
 -66.000   35.000  0.00896 10
 -66.000   36.000  0.00847 11
 -66.000   37.000  0.00856 10
 -66.000   38.000  0.00620 11
 -66.000   39.000  0.00425 11
 -66.000   40.000  0.00270 12
 -66.000   41.000  0.00328 12
 -66.000   42.000  0.00396 11
 -66.000   43.000  0.00304 10
 -66.000   44.000  0.00317 11
 -66.000   45.000  0.00353 11
 -66.000   46.000  0.00617 13
 -66.000   47.000  0.00748 11
 -66.000   48.000  0.01020 13
 -66.000   49.000  0.01153 8
 -66.000   50.000  0.01324 6
 -65.000   25.000  0.01737 7
 -65.000   26.000  0.01226 8
 -65.000   27.000  0.01045 11
 -65.000   28.000  0.00560 8
 -65.000   29.000  0.00521 9
 -65.000   30.000  0.00526 8
 -65.000   31.000  0.00694 10
 -65.000   32.000  0.00697 10
 -65.000   33.000  0.00876 11
 -65.000   34.000  0.00935 10
 -65.000   35.000  0.01010 11
 -65.000   36.000  0.00962 10
 -65.000   37.000  0.00967 10
 -65.000   38.000  0.00730 7
 -65.000   39.000  0.00509 7
 -65.000   40.000  0.00335 6
 -65.000   41.000  0.00364 8
 -65.000   42.000  0.00441 6
 -65.000   43.000  0.00349 7
 -65.000   44.000  0.00385 7
 -65.000   45.000  0.00413 9
 -65.000   46.000  0.00710 8
 -65.000   47.000  0.00832 8
 -65.000   48.000  0.01161 8
 -65.000   49.000  0.01317 6
 -65.000   50.000  0.01561 3
