-130.000   25.000  0.00000 0
-130.000   26.000  0.00000 0
-130.000   27.000  0.00000 0
-130.000   28.000  0.00000 0
-130.000   29.000  0.00000 0
-130.000   30.000  0.00000 0
-130.000   31.000  0.00000 0
-130.000   32.000  0.00000 0
-130.000   33.000  0.00000 0
-130.000   34.000  0.00000 0
-130.000   35.000  0.00000 0
-130.000   36.000  0.00000 0
-130.000   37.000  0.00000 0
-130.000   38.000  0.00000 0
-130.000   39.000  0.00000 0
-130.000   40.000  0.00000 0
-130.000   41.000  0.00000 0
-130.000   42.000  0.00000 0
-130.000   43.000  0.00000 0
-130.000   44.000  0.00000 0
-130.000   45.000  0.00000 0
-130.000   46.000  0.00000 0
-130.000   47.000  0.00000 0
-130.000   48.000  0.00000 0
-130.000   49.000  0.00000 0
-130.000   50.000  0.00000 0
-129.000   25.000  0.00000 0
-129.000   26.000  0.00000 0
-129.000   27.000  0.00000 0
-129.000   28.000  0.00000 0
-129.000   29.000  0.00000 0
-129.000   30.000  0.00000 0
-129.000   31.000  0.00000 0
-129.000   32.000  0.00000 0
-129.000   33.000  0.00000 0
-129.000   34.000  0.00000 0
-129.000   35.000  0.00000 0
-129.000   36.000  0.00000 0
-129.000   37.000  0.00000 0
-129.000   38.000  0.00000 0
-129.000   39.000  0.00000 0
-129.000   40.000  0.00000 0
-129.000   41.000  0.00000 0
-129.000   42.000  0.00000 0
-129.000   43.000  0.00000 0
-129.000   44.000  0.00000 0
-129.000   45.000  0.00000 0
-129.000   46.000  0.00000 0
-129.000   47.000  0.00000 0
-129.000   48.000  0.00000 0
-129.000   49.000  0.00000 0
-129.000   50.000  0.00000 0
-128.000   25.000  0.00000 0
-128.000   26.000  0.00000 0
-128.000   27.000  0.00000 0
-128.000   28.000  0.00000 0
-128.000   29.000  0.00000 0
-128.000   30.000  0.00000 0
-128.000   31.000  0.00000 0
-128.000   32.000  0.00000 0
-128.000   33.000  0.00000 0
-128.000   34.000  0.00000 0
-128.000   35.000  0.00000 0
-128.000   36.000  0.00000 0
-128.000   37.000  0.00000 0
-128.000   38.000  0.00000 0
-128.000   39.000  0.00000 0
-128.000   40.000  0.00000 0
-128.000   41.000  0.00000 0
-128.000   42.000  0.00000 0
-128.000   43.000  0.00000 0
-128.000   44.000  0.00000 0
-128.000   45.000  0.00000 0
-128.000   46.000  0.00000 0
-128.000   47.000  0.00000 0
-128.000   48.000  0.00000 0
-128.000   49.000  0.00000 0
-128.000   50.000  0.00000 0
-127.000   25.000  0.01793 0
-127.000   26.000  0.01747 0
-127.000   27.000  0.01720 0
-127.000   28.000  0.01354 0
-127.000   29.000  0.00988 0
-127.000   30.000  0.00644 0
-127.000   31.000  0.00322 0
-127.000   32.000  0.00000 0
-127.000   33.000  0.00000 0
-127.000   34.000  0.00000 0
-127.000   35.000  0.00000 0
-127.000   36.000  0.00000 0
-127.000   37.000  0.00000 0
-127.000   38.000  0.00000 0
-127.000   39.000  0.00000 0
-127.000   40.000  0.00038 0
-127.000   41.000  0.00077 0
-127.000   42.000  0.00115 0
-127.000   43.000  0.00115 0
-127.000   44.000  0.00115 0
-127.000   45.000  0.00077 0
-127.000   46.000  0.00038 0
-127.000   47.000  0.00000 0
-127.000   48.000  0.00000 0
-127.000   49.000  0.00000 0
-127.000   50.000  0.00000 0
-126.000   25.000  0.03585 0
-126.000   26.000  0.03340 0
-126.000   27.000  0.03193 0
-126.000   28.000  0.02537 0
-126.000   29.000  0.01805 0
-126.000   30.000  0.01117 0
-126.000   31.000  0.00596 0
-126.000   32.000  0.00075 0
-126.000   33.000  0.00000 0
-126.000   34.000  0.00000 0
-126.000   35.000  0.00000 0
-126.000   36.000  0.00000 0
-126.000   37.000  0.00000 0
-126.000   38.000  0.00000 0
-126.000   39.000  0.00000 0
-126.000   40.000  0.00077 0
-126.000   41.000  0.00154 0
-126.000   42.000  0.00231 0
-126.000   43.000  0.00231 0
-126.000   44.000  0.00231 0
-126.000   45.000  0.00154 0
-126.000   46.000  0.00077 0
-126.000   47.000  0.00000 0
-126.000   48.000  0.00000 0
-126.000   49.000  0.00000 0
-126.000   50.000  0.00000 0
-125.000   25.000  0.04425 1
-125.000   26.000  0.04219 1
-125.000   27.000  0.04095 2
-125.000   28.000  0.03366 1
-125.000   29.000  0.02485 1
-125.000   30.000  0.01591 0
-125.000   31.000  0.00871 0
-125.000   32.000  0.00151 0
-125.000   33.000  0.00000 0
-125.000   34.000  0.00000 0
-125.000   35.000  0.00159 0
-125.000   36.000  0.00318 0
-125.000   37.000  0.00477 0
-125.000   38.000  0.00477 0
-125.000   39.000  0.00477 0
-125.000   40.000  0.00433 0
-125.000   41.000  0.00390 0
-125.000   42.000  0.00346 1
-125.000   43.000  0.00346 1
-125.000   44.000  0.00346 1
-125.000   45.000  0.00231 0
-125.000   46.000  0.00115 0
-125.000   47.000  0.00000 0
-125.000   48.000  0.00000 0
-125.000   49.000  0.00000 0
-125.000   50.000  0.00000 0
-124.000   25.000  0.04084 1
-124.000   26.000  0.04057 1
-124.000   27.000  0.04041 2
-124.000   28.000  0.03455 2
-124.000   29.000  0.02643 2
-124.000   30.000  0.01817 1
-124.000   31.000  0.01022 0
-124.000   32.000  0.00226 0
-124.000   33.000  0.00000 0
-124.000   34.000  0.00000 0
-124.000   35.000  0.00318 0
-124.000   36.000  0.00636 0
-124.000   37.000  0.00954 0
-124.000   38.000  0.00954 0
-124.000   39.000  0.00954 0
-124.000   40.000  0.00751 0
-124.000   41.000  0.00549 0
-124.000   42.000  0.00346 1
-124.000   43.000  0.00346 1
-124.000   44.000  0.00346 1
-124.000   45.000  0.00231 0
-124.000   46.000  0.00115 0
-124.000   47.000  0.00000 0
-124.000   48.000  0.00000 0
-124.000   49.000  0.00000 0
-124.000   50.000  0.00000 0
-123.000   25.000  0.03618 2
-123.000   26.000  0.03555 2
-123.000   27.000  0.03517 3
-123.000   28.000  0.03021 2
-123.000   29.000  0.02299 2
-123.000   30.000  0.01573 1
-123.000   31.000  0.00900 0
-123.000   32.000  0.00226 0
-123.000   33.000  0.00000 0
-123.000   34.000  0.00000 0
-123.000   35.000  0.00477 0
-123.000   36.000  0.00954 0
-123.000   37.000  0.01431 1
-123.000   38.000  0.01431 1
-123.000   39.000  0.01431 1
-123.000   40.000  0.01069 0
-123.000   41.000  0.00708 0
-123.000   42.000  0.00346 1
-123.000   43.000  0.00346 1
-123.000   44.000  0.00346 1
-123.000   45.000  0.00231 0
-123.000   46.000  0.00115 0
-123.000   47.000  0.00000 0
-123.000   48.000  0.00000 0
-123.000   49.000  0.00000 0
-123.000   50.000  0.00000 0
-122.000   25.000  0.01262 1
-122.000   26.000  0.01233 1
-122.000   27.000  0.01212 1
-122.000   28.000  0.01065 1
-122.000   29.000  0.00692 1
-122.000   30.000  0.00427 1
-122.000   31.000  0.00198 0
-122.000   32.000 -0.00029 0
-122.000   33.000 -0.00128 0
-122.000   34.000  0.00000 0
-122.000   35.000  0.00477 0
-122.000   36.000  0.00954 0
-122.000   37.000  0.01431 1
-122.000   38.000  0.01431 1
-122.000   39.000  0.01431 1
-122.000   40.000  0.01031 0
-122.000   41.000  0.00631 0
-122.000   42.000  0.00231 0
-122.000   43.000  0.00231 0
-122.000   44.000  0.00231 0
-122.000   45.000  0.00154 0
-122.000   46.000  0.00077 0
-122.000   47.000  0.00000 0
-122.000   48.000  0.00000 0
-122.000   49.000  0.00000 0
-122.000   50.000  0.00000 0
-121.000   25.000 -0.01050 2
-121.000   26.000 -0.00902 2
-121.000   27.000 -0.00819 3
-121.000   28.000 -0.00702 1
-121.000   29.000 -0.00735 1
-121.000   30.000 -0.00548 0
-121.000   31.000 -0.00456 0
-121.000   32.000 -0.00359 0
-121.000   33.000 -0.00255 0
-121.000   34.000  0.00000 0
-121.000   35.000  0.00477 0
-121.000   36.000  0.00954 0
-121.000   37.000  0.01431 1
-121.000   38.000  0.01431 1
-121.000   39.000  0.01431 1
-121.000   40.000  0.00992 0
-121.000   41.000  0.00554 0
-121.000   42.000  0.00115 0
-121.000   43.000  0.00115 0
-121.000   44.000  0.00115 0
-121.000   45.000  0.00077 0
-121.000   46.000  0.00038 0
-121.000   47.000  0.00000 0
-121.000   48.000  0.00000 0
-121.000   49.000  0.00000 0
-121.000   50.000  0.00000 0
-120.000   25.000 -0.02192 1
-120.000   26.000 -0.01886 1
-120.000   27.000 -0.01862 2
-120.000   28.000 -0.01713 1
-120.000   29.000 -0.01633 2
-120.000   30.000 -0.01356 1
-120.000   31.000 -0.01277 1
-120.000   32.000 -0.00924 0
-120.000   33.000 -0.00611 0
-120.000   34.000 -0.00228 0
-120.000   35.000  0.00204 0
-120.000   36.000  0.00636 0
-120.000   37.000  0.00954 0
-120.000   38.000  0.00954 0
-120.000   39.000  0.00954 0
-120.000   40.000  0.00636 0
-120.000   41.000  0.00318 0
-120.000   42.000  0.00000 0
-120.000   43.000  0.00000 0
-120.000   44.000  0.00000 0
-120.000   45.000  0.00000 0
-120.000   46.000  0.00000 0
-120.000   47.000  0.00000 0
-120.000   48.000  0.00000 0
-120.000   49.000  0.00000 0
-120.000   50.000  0.00000 0
-119.000   25.000 -0.02153 2
-119.000   26.000 -0.01829 2
-119.000   27.000 -0.01913 3
-119.000   28.000 -0.01956 1
-119.000   29.000 -0.01980 2
-119.000   30.000 -0.01888 1
-119.000   31.000 -0.01944 1
-119.000   32.000 -0.01495 0
-119.000   33.000 -0.00966 0
-119.000   34.000 -0.00457 0
-119.000   35.000 -0.00069 0
-119.000   36.000  0.00318 0
-119.000   37.000  0.00477 0
-119.000   38.000  0.00477 0
-119.000   39.000  0.00477 0
-119.000   40.000  0.00318 0
-119.000   41.000  0.00159 0
-119.000   42.000  0.00000 0
-119.000   43.000  0.00000 0
-119.000   44.000  0.00000 0
-119.000   45.000  0.00000 0
-119.000   46.000  0.00000 0
-119.000   47.000  0.00000 0
-119.000   48.000  0.00000 0
-119.000   49.000  0.00000 0
-119.000   50.000  0.00000 0
-118.000   25.000 -0.00747 1
-118.000   26.000 -0.00568 1
-118.000   27.000 -0.00800 2
-118.000   28.000 -0.01213 1
-118.000   29.000 -0.01659 3
-118.000   30.000 -0.01934 2
-118.000   31.000 -0.02270 3
-118.000   32.000 -0.01925 1
-118.000   33.000 -0.01321 1
-118.000   34.000 -0.00685 0
-118.000   35.000 -0.00342 0
-118.000   36.000  0.00000 0
-118.000   37.000  0.00000 0
-118.000   38.000  0.00000 0
-118.000   39.000  0.00000 0
-118.000   40.000  0.00000 0
-118.000   41.000  0.00000 0
-118.000   42.000  0.00000 0
-118.000   43.000  0.00000 0
-118.000   44.000  0.00000 0
-118.000   45.000  0.00000 0
-118.000   46.000  0.00000 0
-118.000   47.000  0.00000 0
-118.000   48.000  0.00000 0
-118.000   49.000  0.00000 0
-118.000   50.000  0.00000 0
-117.000   25.000  0.00846 1
-117.000   26.000  0.00768 1
-117.000   27.000  0.00384 2
-117.000   28.000 -0.00228 1
-117.000   29.000 -0.00864 2
-117.000   30.000 -0.01461 1
-117.000   31.000 -0.01909 2
-117.000   32.000 -0.01679 1
-117.000   33.000 -0.01194 1
-117.000   34.000 -0.00685 0
-117.000   35.000 -0.00342 0
-117.000   36.000  0.00000 0
-117.000   37.000  0.00000 0
-117.000   38.000  0.00000 0
-117.000   39.000  0.00000 0
-117.000   40.000  0.00000 0
-117.000   41.000  0.00000 0
-117.000   42.000  0.00000 0
-117.000   43.000  0.00000 0
-117.000   44.000  0.00000 0
-117.000   45.000  0.00000 0
-117.000   46.000  0.00000 0
-117.000   47.000  0.00000 0
-117.000   48.000  0.00000 0
-117.000   49.000  0.00000 0
-117.000   50.000  0.00000 0
-116.000   25.000  0.02395 1
-116.000   26.000  0.02171 1
-116.000   27.000  0.01702 2
-116.000   28.000  0.00982 2
-116.000   29.000  0.00166 3
-116.000   30.000 -0.00745 2
-116.000   31.000 -0.01387 2
-116.000   32.000 -0.01353 1
-116.000   33.000 -0.01066 1
-116.000   34.000 -0.00685 0
-116.000   35.000 -0.00342 0
-116.000   36.000  0.00000 0
-116.000   37.000  0.00000 0
-116.000   38.000  0.00000 0
-116.000   39.000  0.00000 0
-116.000   40.000  0.00000 0
-116.000   41.000  0.00000 0
-116.000   42.000  0.00000 0
-116.000   43.000  0.00000 0
-116.000   44.000  0.00000 0
-116.000   45.000  0.00000 0
-116.000   46.000  0.00000 0
-116.000   47.000  0.00000 0
-116.000   48.000  0.00000 0
-116.000   49.000  0.00000 0
-116.000   50.000  0.00000 0
-115.000   25.000  0.02697 1
-115.000   26.000  0.02466 1
-115.000   27.000  0.02148 1
-115.000   28.000  0.01621 1
-115.000   29.000  0.00841 1
-115.000   30.000  0.00047 1
-115.000   31.000 -0.00537 0
-115.000   32.000 -0.00712 0
-115.000   33.000 -0.00711 0
-115.000   34.000 -0.00457 0
-115.000   35.000 -0.00228 0
-115.000   36.000  0.00000 0
-115.000   37.000  0.00000 0
-115.000   38.000  0.00000 0
-115.000   39.000  0.00000 0
-115.000   40.000  0.00000 0
-115.000   41.000  0.00000 0
-115.000   42.000  0.00000 0
-115.000   43.000  0.00000 0
-115.000   44.000  0.00000 0
-115.000   45.000  0.00000 0
-115.000   46.000 -0.00294 0
-115.000   47.000 -0.00589 0
-115.000   48.000 -0.00883 0
-115.000   49.000 -0.01104 0
-115.000   50.000 -0.01472 0
-114.000   25.000  0.02999 1
-114.000   26.000  0.02762 1
-114.000   27.000  0.02558 1
-114.000   28.000  0.02231 2
-114.000   29.000  0.01486 2
-114.000   30.000  0.00809 2
-114.000   31.000  0.00285 0
-114.000   32.000 -0.00064 0
-114.000   33.000 -0.00355 0
-114.000   34.000 -0.00228 0
-114.000   35.000 -0.00114 0
-114.000   36.000  0.00000 0
-114.000   37.000  0.00000 0
-114.000   38.000  0.00000 0
-114.000   39.000  0.00000 0
-114.000   40.000  0.00000 0
-114.000   41.000  0.00000 0
-114.000   42.000  0.00000 0
-114.000   43.000  0.00000 0
-114.000   44.000  0.00000 0
-114.000   45.000  0.00000 0
-114.000   46.000 -0.00589 0
-114.000   47.000 -0.01177 0
-114.000   48.000 -0.01766 0
-114.000   49.000 -0.02207 0
-114.000   50.000 -0.02943 0
-113.000   25.000  0.02060 0
-113.000   26.000  0.02003 0
-113.000   27.000  0.01968 0
-113.000   28.000  0.01922 1
-113.000   29.000  0.01510 1
-113.000   30.000  0.01098 1
-113.000   31.000  0.00732 0
-113.000   32.000  0.00366 0
-113.000   33.000  0.00000 0
-113.000   34.000  0.00000 0
-113.000   35.000  0.00000 0
-113.000   36.000  0.00000 0
-113.000   37.000  0.00000 0
-113.000   38.000  0.00000 0
-113.000   39.000  0.00000 0
-113.000   40.000  0.00000 0
-113.000   41.000  0.00000 0
-113.000   42.000  0.00000 0
-113.000   43.000  0.00000 0
-113.000   44.000  0.00000 0
-113.000   45.000  0.00000 0
-113.000   46.000 -0.00883 0
-113.000   47.000 -0.01766 0
-113.000   48.000 -0.02649 1
-113.000   49.000 -0.03311 1
-113.000   50.000 -0.04415 1
-112.000   25.000  0.01030 0
-112.000   26.000  0.01242 0
-112.000   27.000  0.01370 0
-112.000   28.000  0.01539 1
-112.000   29.000  0.01333 1
-112.000   30.000  0.01127 1
-112.000   31.000  0.00752 0
-112.000   32.000  0.00376 0
-112.000   33.000  0.00000 0
-112.000   34.000  0.00000 0
-112.000   35.000  0.00000 0
-112.000   36.000  0.00000 0
-112.000   37.000  0.00000 0
-112.000   38.000  0.00000 0
-112.000   39.000  0.00000 0
-112.000   40.000  0.00000 0
-112.000   41.000  0.00000 0
-112.000   42.000  0.00000 0
-112.000   43.000  0.00000 0
-112.000   44.000  0.00000 0
-112.000   45.000  0.00000 0
-112.000   46.000 -0.00883 0
-112.000   47.000 -0.01766 0
-112.000   48.000 -0.02649 1
-112.000   49.000 -0.03311 1
-112.000   50.000 -0.04415 1
-111.000   25.000  0.00000 0
-111.000   26.000  0.00381 0
-111.000   27.000  0.00609 0
-111.000   28.000  0.00913 0
-111.000   29.000  0.00913 0
-111.000   30.000  0.00913 0
-111.000   31.000  0.00609 0
-111.000   32.000  0.00304 0
-111.000   33.000  0.00000 0
-111.000   34.000  0.00000 0
-111.000   35.000  0.00000 0
-111.000   36.000  0.00000 0
-111.000   37.000  0.00000 0
-111.000   38.000  0.00000 0
-111.000   39.000  0.00000 0
-111.000   40.000  0.00000 0
-111.000   41.000  0.00000 0
-111.000   42.000  0.00000 0
-111.000   43.000  0.00000 0
-111.000   44.000  0.00000 0
-111.000   45.000  0.00000 0
-111.000   46.000 -0.00883 0
-111.000   47.000 -0.01766 0
-111.000   48.000 -0.02649 1
-111.000   49.000 -0.03311 1
-111.000   50.000 -0.04415 1
-110.000   25.000  0.00000 0
-110.000   26.000  0.00190 0
-110.000   27.000  0.00304 0
-110.000   28.000  0.00457 0
-110.000   29.000  0.00457 0
-110.000   30.000  0.00457 0
-110.000   31.000  0.00304 0
-110.000   32.000  0.00152 0
-110.000   33.000  0.00000 0
-110.000   34.000  0.00000 0
-110.000   35.000  0.00000 0
-110.000   36.000  0.00000 0
-110.000   37.000  0.00000 0
-110.000   38.000  0.00000 0
-110.000   39.000  0.00000 0
-110.000   40.000  0.00000 0
-110.000   41.000  0.00000 0
-110.000   42.000  0.00000 0
-110.000   43.000  0.00000 0
-110.000   44.000  0.00000 0
-110.000   45.000  0.00000 0
-110.000   46.000 -0.00589 0
-110.000   47.000 -0.01177 0
-110.000   48.000 -0.01766 0
-110.000   49.000 -0.02207 0
-110.000   50.000 -0.02943 0
-109.000   25.000  0.00000 0
-109.000   26.000  0.00000 0
-109.000   27.000  0.00000 0
-109.000   28.000  0.00000 0
-109.000   29.000  0.00000 0
-109.000   30.000  0.00000 0
-109.000   31.000  0.00000 0
-109.000   32.000  0.00000 0
-109.000   33.000  0.00000 0
-109.000   34.000  0.00000 0
-109.000   35.000  0.00000 0
-109.000   36.000  0.00000 0
-109.000   37.000  0.00000 0
-109.000   38.000  0.00000 0
-109.000   39.000  0.00000 0
-109.000   40.000  0.00000 0
-109.000   41.000  0.00000 0
-109.000   42.000  0.00000 0
-109.000   43.000  0.00000 0
-109.000   44.000  0.00000 0
-109.000   45.000  0.00000 0
-109.000   46.000 -0.00294 0
-109.000   47.000 -0.00589 0
-109.000   48.000 -0.00883 0
-109.000   49.000 -0.01104 0
-109.000   50.000 -0.01472 0
-108.000   25.000  0.00000 0
-108.000   26.000  0.00000 0
-108.000   27.000  0.00000 0
-108.000   28.000  0.00000 0
-108.000   29.000  0.00000 0
-108.000   30.000  0.00000 0
-108.000   31.000  0.00000 0
-108.000   32.000  0.00000 0
-108.000   33.000  0.00000 0
-108.000   34.000  0.00000 0
-108.000   35.000  0.00000 0
-108.000   36.000  0.00000 0
-108.000   37.000  0.00000 0
-108.000   38.000  0.00000 0
-108.000   39.000  0.00000 0
-108.000   40.000  0.00000 0
-108.000   41.000  0.00000 0
-108.000   42.000  0.00000 0
-108.000   43.000  0.00000 0
-108.000   44.000  0.00000 0
-108.000   45.000  0.00000 0
-108.000   46.000  0.00000 0
-108.000   47.000  0.00000 0
-108.000   48.000  0.00000 0
-108.000   49.000  0.00000 0
-108.000   50.000  0.00000 0
-107.000   25.000  0.00000 0
-107.000   26.000  0.00000 0
-107.000   27.000  0.00000 0
-107.000   28.000  0.00000 0
-107.000   29.000  0.00000 0
-107.000   30.000  0.00000 0
-107.000   31.000  0.00000 0
-107.000   32.000  0.00000 0
-107.000   33.000  0.00000 0
-107.000   34.000  0.00000 0
-107.000   35.000  0.00000 0
-107.000   36.000  0.00000 0
-107.000   37.000  0.00000 0
-107.000   38.000  0.00000 0
-107.000   39.000  0.00000 0
-107.000   40.000  0.00000 0
-107.000   41.000  0.00000 0
-107.000   42.000  0.00000 0
-107.000   43.000  0.00000 0
-107.000   44.000  0.00000 0
-107.000   45.000  0.00000 0
-107.000   46.000  0.00000 0
-107.000   47.000  0.00000 0
-107.000   48.000  0.00000 0
-107.000   49.000  0.00000 0
-107.000   50.000  0.00000 0
-106.000   25.000  0.00000 0
-106.000   26.000  0.00000 0
-106.000   27.000  0.00000 0
-106.000   28.000  0.00000 0
-106.000   29.000  0.00000 0
-106.000   30.000  0.00000 0
-106.000   31.000  0.00000 0
-106.000   32.000  0.00000 0
-106.000   33.000  0.00000 0
-106.000   34.000  0.00000 0
-106.000   35.000  0.00000 0
-106.000   36.000  0.00000 0
-106.000   37.000  0.00000 0
-106.000   38.000  0.00000 0
-106.000   39.000  0.00000 0
-106.000   40.000  0.00000 0
-106.000   41.000  0.00000 0
-106.000   42.000  0.00000 0
-106.000   43.000  0.00000 0
-106.000   44.000  0.00000 0
-106.000   45.000  0.00000 0
-106.000   46.000  0.00000 0
-106.000   47.000  0.00000 0
-106.000   48.000  0.00000 0
-106.000   49.000  0.00000 0
-106.000   50.000  0.00000 0
-105.000   25.000  0.00000 0
-105.000   26.000  0.00000 0
-105.000   27.000  0.00000 0
-105.000   28.000  0.00000 0
-105.000   29.000  0.00000 0
-105.000   30.000  0.00000 0
-105.000   31.000  0.00000 0
-105.000   32.000  0.00000 0
-105.000   33.000  0.00000 0
-105.000   34.000  0.00000 0
-105.000   35.000  0.00000 0
-105.000   36.000  0.00000 0
-105.000   37.000  0.00000 0
-105.000   38.000  0.00000 0
-105.000   39.000  0.00000 0
-105.000   40.000  0.00000 0
-105.000   41.000  0.00000 0
-105.000   42.000  0.00000 0
-105.000   43.000  0.00000 0
-105.000   44.000  0.00000 0
-105.000   45.000  0.00000 0
-105.000   46.000  0.00000 0
-105.000   47.000  0.00000 0
-105.000   48.000  0.00000 0
-105.000   49.000  0.00000 0
-105.000   50.000  0.00000 0
-104.000   25.000  0.00000 0
-104.000   26.000  0.00000 0
-104.000   27.000  0.00000 0
-104.000   28.000  0.00000 0
-104.000   29.000  0.00000 0
-104.000   30.000  0.00000 0
-104.000   31.000  0.00000 0
-104.000   32.000  0.00000 0
-104.000   33.000  0.00000 0
-104.000   34.000  0.00000 0
-104.000   35.000  0.00000 0
-104.000   36.000  0.00000 0
-104.000   37.000  0.00000 0
-104.000   38.000  0.00000 0
-104.000   39.000  0.00000 0
-104.000   40.000  0.00000 0
-104.000   41.000  0.00000 0
-104.000   42.000  0.00000 0
-104.000   43.000  0.00000 0
-104.000   44.000  0.00000 0
-104.000   45.000  0.00000 0
-104.000   46.000  0.00000 0
-104.000   47.000  0.00000 0
-104.000   48.000  0.00000 0
-104.000   49.000  0.00000 0
-104.000   50.000  0.00000 0
-103.000   25.000  0.00000 0
-103.000   26.000  0.00000 0
-103.000   27.000  0.00000 0
-103.000   28.000  0.00000 0
-103.000   29.000  0.00000 0
-103.000   30.000  0.00000 0
-103.000   31.000  0.00000 0
-103.000   32.000  0.00000 0
-103.000   33.000  0.00000 0
-103.000   34.000  0.00000 0
-103.000   35.000  0.00000 0
-103.000   36.000  0.00000 0
-103.000   37.000  0.00000 0
-103.000   38.000  0.00000 0
-103.000   39.000  0.00000 0
-103.000   40.000  0.00000 0
-103.000   41.000  0.00000 0
-103.000   42.000  0.00000 0
-103.000   43.000  0.00000 0
-103.000   44.000  0.00000 0
-103.000   45.000  0.00000 0
-103.000   46.000  0.00000 0
-103.000   47.000  0.00000 0
-103.000   48.000  0.00000 0
-103.000   49.000  0.00000 0
-103.000   50.000  0.00000 0
-102.000   25.000  0.00000 0
-102.000   26.000  0.00000 0
-102.000   27.000  0.00000 0
-102.000   28.000  0.00000 0
-102.000   29.000  0.00000 0
-102.000   30.000  0.00000 0
-102.000   31.000  0.00000 0
-102.000   32.000  0.00000 0
-102.000   33.000  0.00000 0
-102.000   34.000  0.00000 0
-102.000   35.000  0.00000 0
-102.000   36.000  0.00000 0
-102.000   37.000  0.00000 0
-102.000   38.000  0.00000 0
-102.000   39.000  0.00000 0
-102.000   40.000  0.00000 0
-102.000   41.000  0.00000 0
-102.000   42.000  0.00000 0
-102.000   43.000  0.00000 0
-102.000   44.000  0.00000 0
-102.000   45.000  0.00000 0
-102.000   46.000  0.00000 0
-102.000   47.000  0.00000 0
-102.000   48.000  0.00000 0
-102.000   49.000  0.00000 0
-102.000   50.000  0.00000 0
-101.000   25.000  0.00000 0
-101.000   26.000  0.00000 0
-101.000   27.000  0.00000 0
-101.000   28.000  0.00000 0
-101.000   29.000  0.00000 0
-101.000   30.000  0.00000 0
-101.000   31.000  0.00000 0
-101.000   32.000  0.00000 0
-101.000   33.000  0.00000 0
-101.000   34.000  0.00000 0
-101.000   35.000  0.00000 0
-101.000   36.000  0.00000 0
-101.000   37.000  0.00000 0
-101.000   38.000  0.00000 0
-101.000   39.000  0.00000 0
-101.000   40.000  0.00000 0
-101.000   41.000  0.00000 0
-101.000   42.000  0.00000 0
-101.000   43.000  0.00000 0
-101.000   44.000  0.00000 0
-101.000   45.000  0.00000 0
-101.000   46.000  0.00000 0
-101.000   47.000  0.00000 0
-101.000   48.000  0.00000 0
-101.000   49.000  0.00000 0
-101.000   50.000  0.00000 0
-100.000   25.000  0.00000 0
-100.000   26.000  0.00000 0
-100.000   27.000  0.00000 0
-100.000   28.000  0.00000 0
-100.000   29.000  0.00000 0
-100.000   30.000  0.00000 0
-100.000   31.000  0.00000 0
-100.000   32.000  0.00000 0
-100.000   33.000  0.00000 0
-100.000   34.000  0.00000 0
-100.000   35.000  0.00000 0
-100.000   36.000  0.00000 0
-100.000   37.000  0.00000 0
-100.000   38.000  0.00000 0
-100.000   39.000  0.00000 0
-100.000   40.000  0.00000 0
-100.000   41.000  0.00000 0
-100.000   42.000  0.00000 0
-100.000   43.000  0.00000 0
-100.000   44.000  0.00000 0
-100.000   45.000  0.00000 0
-100.000   46.000  0.00000 0
-100.000   47.000  0.00000 0
-100.000   48.000  0.00000 0
-100.000   49.000  0.00000 0
-100.000   50.000  0.00000 0
 -99.000   25.000  0.00000 0
 -99.000   26.000  0.00000 0
 -99.000   27.000  0.00000 0
 -99.000   28.000  0.00000 0
 -99.000   29.000  0.00000 0
 -99.000   30.000  0.00000 0
 -99.000   31.000  0.00000 0
 -99.000   32.000  0.00000 0
 -99.000   33.000  0.00000 0
 -99.000   34.000  0.00000 0
 -99.000   35.000  0.00000 0
 -99.000   36.000  0.00000 0
 -99.000   37.000  0.00000 0
 -99.000   38.000  0.00000 0
 -99.000   39.000  0.00000 0
 -99.000   40.000  0.00000 0
 -99.000   41.000  0.00000 0
 -99.000   42.000  0.00000 0
 -99.000   43.000  0.00000 0
 -99.000   44.000  0.00000 0
 -99.000   45.000  0.00000 0
 -99.000   46.000  0.00000 0
 -99.000   47.000  0.00000 0
 -99.000   48.000  0.00000 0
 -99.000   49.000  0.00000 0
 -99.000   50.000  0.00000 0
 -98.000   25.000  0.00000 0
 -98.000   26.000  0.00000 0
 -98.000   27.000  0.00000 0
 -98.000   28.000  0.00000 0
 -98.000   29.000  0.00000 0
 -98.000   30.000  0.00000 0
 -98.000   31.000  0.00000 0
 -98.000   32.000  0.00000 0
 -98.000   33.000  0.00000 0
 -98.000   34.000  0.00000 0
 -98.000   35.000  0.00000 0
 -98.000   36.000  0.00000 0
 -98.000   37.000  0.00000 0
 -98.000   38.000  0.00000 0
 -98.000   39.000  0.00000 0
 -98.000   40.000  0.00000 0
 -98.000   41.000  0.00000 0
 -98.000   42.000  0.00000 0
 -98.000   43.000  0.00000 0
 -98.000   44.000  0.00000 0
 -98.000   45.000  0.00000 0
 -98.000   46.000  0.00000 0
 -98.000   47.000  0.00000 0
 -98.000   48.000  0.00000 0
 -98.000   49.000  0.00000 0
 -98.000   50.000  0.00000 0
 -97.000   25.000  0.00000 0
 -97.000   26.000  0.00000 0
 -97.000   27.000  0.00000 0
 -97.000   28.000  0.00000 0
 -97.000   29.000  0.00000 0
 -97.000   30.000  0.00000 0
 -97.000   31.000  0.00000 0
 -97.000   32.000  0.00000 0
 -97.000   33.000  0.00000 0
 -97.000   34.000  0.00000 0
 -97.000   35.000  0.00000 0
 -97.000   36.000  0.00000 0
 -97.000   37.000  0.00000 0
 -97.000   38.000  0.00000 0
 -97.000   39.000  0.00000 0
 -97.000   40.000  0.00000 0
 -97.000   41.000  0.00000 0
 -97.000   42.000  0.00000 0
 -97.000   43.000  0.00000 0
 -97.000   44.000  0.00000 0
 -97.000   45.000  0.00000 0
 -97.000   46.000  0.00000 0
 -97.000   47.000  0.00000 0
 -97.000   48.000  0.00000 0
 -97.000   49.000  0.00000 0
 -97.000   50.000  0.00000 0
 -96.000   25.000  0.00000 0
 -96.000   26.000  0.00000 0
 -96.000   27.000  0.00000 0
 -96.000   28.000  0.00000 0
 -96.000   29.000  0.00000 0
 -96.000   30.000  0.00000 0
 -96.000   31.000  0.00000 0
 -96.000   32.000  0.00000 0
 -96.000   33.000  0.00000 0
 -96.000   34.000  0.00000 0
 -96.000   35.000  0.00000 0
 -96.000   36.000  0.00000 0
 -96.000   37.000  0.00000 0
 -96.000   38.000  0.00000 0
 -96.000   39.000  0.00000 0
 -96.000   40.000  0.00000 0
 -96.000   41.000  0.00000 0
 -96.000   42.000  0.00000 0
 -96.000   43.000  0.00000 0
 -96.000   44.000  0.00000 0
 -96.000   45.000  0.00000 0
 -96.000   46.000  0.00000 0
 -96.000   47.000  0.00000 0
 -96.000   48.000  0.00000 0
 -96.000   49.000  0.00000 0
 -96.000   50.000  0.00000 0
 -95.000   25.000  0.00000 0
 -95.000   26.000 -0.00067 0
 -95.000   27.000 -0.00107 0
 -95.000   28.000 -0.00160 0
 -95.000   29.000 -0.00160 0
 -95.000   30.000 -0.00160 0
 -95.000   31.000 -0.00107 0
 -95.000   32.000 -0.00053 0
 -95.000   33.000  0.00000 0
 -95.000   34.000  0.00000 0
 -95.000   35.000  0.00000 0
 -95.000   36.000  0.00000 0
 -95.000   37.000  0.00000 0
 -95.000   38.000  0.00000 0
 -95.000   39.000  0.00000 0
 -95.000   40.000  0.00000 0
 -95.000   41.000  0.00000 0
 -95.000   42.000  0.00000 0
 -95.000   43.000  0.00000 0
 -95.000   44.000  0.00000 0
 -95.000   45.000  0.00000 0
 -95.000   46.000  0.00000 0
 -95.000   47.000  0.00000 0
 -95.000   48.000  0.00000 0
 -95.000   49.000  0.00000 0
 -95.000   50.000  0.00000 0
 -94.000   25.000  0.00000 0
 -94.000   26.000 -0.00133 0
 -94.000   27.000 -0.00213 0
 -94.000   28.000 -0.00326 0
 -94.000   29.000 -0.00391 0
 -94.000   30.000 -0.00456 0
 -94.000   31.000 -0.00350 0
 -94.000   32.000 -0.00243 0
 -94.000   33.000 -0.00131 0
 -94.000   34.000 -0.00065 0
 -94.000   35.000  0.00000 0
 -94.000   36.000  0.00000 0
 -94.000   37.000  0.00000 0
 -94.000   38.000  0.00000 0
 -94.000   39.000  0.00000 0
 -94.000   40.000  0.00000 0
 -94.000   41.000  0.00000 0
 -94.000   42.000  0.00000 0
 -94.000   43.000  0.00000 0
 -94.000   44.000  0.00000 0
 -94.000   45.000  0.00000 0
 -94.000   46.000  0.00000 0
 -94.000   47.000  0.00000 0
 -94.000   48.000  0.00000 0
 -94.000   49.000  0.00000 0
 -94.000   50.000  0.00000 0
 -93.000   25.000  0.00000 0
 -93.000   26.000 -0.00194 0
 -93.000   27.000 -0.00310 0
 -93.000   28.000 -0.00475 1
 -93.000   29.000 -0.00597 1
 -93.000   30.000 -0.00718 1
 -93.000   31.000 -0.00563 0
 -93.000   32.000 -0.00408 0
 -93.000   33.000 -0.00243 0
 -93.000   34.000 -0.00122 0
 -93.000   35.000  0.00000 0
 -93.000   36.000  0.00000 0
 -93.000   37.000  0.00000 0
 -93.000   38.000  0.00000 0
 -93.000   39.000  0.00000 0
 -93.000   40.000  0.00000 0
 -93.000   41.000  0.00000 0
 -93.000   42.000  0.00000 0
 -93.000   43.000  0.00000 0
 -93.000   44.000  0.00000 0
 -93.000   45.000  0.00000 0
 -93.000   46.000  0.00000 0
 -93.000   47.000  0.00000 0
 -93.000   48.000  0.00000 0
 -93.000   49.000  0.00000 0
 -93.000   50.000  0.00000 0
 -92.000   25.000  0.00000 0
 -92.000   26.000 -0.00249 0
 -92.000   27.000 -0.00398 0
 -92.000   28.000 -0.00634 1
 -92.000   29.000 -0.00837 1
 -92.000   30.000 -0.01039 2
 -92.000   31.000 -0.00840 1
 -92.000   32.000 -0.00641 1
 -92.000   33.000 -0.00405 0
 -92.000   34.000 -0.00202 0
 -92.000   35.000  0.00000 0
 -92.000   36.000  0.00000 0
 -92.000   37.000  0.00000 0
 -92.000   38.000  0.00000 0
 -92.000   39.000  0.00000 0
 -92.000   40.000  0.00000 0
 -92.000   41.000  0.00000 0
 -92.000   42.000  0.00000 0
 -92.000   43.000  0.00000 0
 -92.000   44.000  0.00000 0
 -92.000   45.000  0.00000 0
 -92.000   46.000  0.00000 0
 -92.000   47.000  0.00000 0
 -92.000   48.000  0.00000 0
 -92.000   49.000  0.00000 0
 -92.000   50.000  0.00000 0
 -91.000   25.000  0.00000 0
 -91.000   26.000 -0.00303 0
 -91.000   27.000 -0.00486 0
 -91.000   28.000 -0.00793 2
 -91.000   29.000 -0.01076 2
 -91.000   30.000 -0.01352 4
 -91.000   31.000 -0.01163 2
 -91.000   32.000 -0.00975 2
 -91.000   33.000 -0.00667 0
 -91.000   34.000 -0.00385 0
 -91.000   35.000 -0.00109 0
 -91.000   36.000 -0.00054 0
 -91.000   37.000  0.00000 0
 -91.000   38.000  0.00000 0
 -91.000   39.000  0.00000 0
 -91.000   40.000  0.00000 0
 -91.000   41.000  0.00000 0
 -91.000   42.000  0.00000 0
 -91.000   43.000  0.00000 0
 -91.000   44.000  0.00000 0
 -91.000   45.000  0.00000 0
 -91.000   46.000  0.00000 0
 -91.000   47.000  0.00000 0
 -91.000   48.000  0.00000 0
 -91.000   49.000  0.00000 0
 -91.000   50.000  0.00000 0
 -90.000   25.000  0.00000 0
 -90.000   26.000 -0.00184 0
 -90.000   27.000 -0.00295 0
 -90.000   28.000 -0.00618 1
 -90.000   29.000 -0.01007 1
 -90.000   30.000 -0.01364 4
 -90.000   31.000 -0.01313 3
 -90.000   32.000 -0.01262 3
 -90.000   33.000 -0.00938 0
 -90.000   34.000 -0.00549 0
 -90.000   35.000 -0.00192 0
 -90.000   36.000 -0.00096 0
 -90.000   37.000  0.00000 0
 -90.000   38.000  0.00000 0
 -90.000   39.000  0.00000 0
 -90.000   40.000  0.00000 0
 -90.000   41.000  0.00000 0
 -90.000   42.000  0.00000 0
 -90.000   43.000  0.00000 0
 -90.000   44.000  0.00000 0
 -90.000   45.000  0.00000 0
 -90.000   46.000  0.00000 0
 -90.000   47.000  0.00000 0
 -90.000   48.000  0.00000 0
 -90.000   49.000  0.00000 0
 -90.000   50.000  0.00000 0
 -89.000   25.000  0.00000 0
 -89.000   26.000 -0.00065 0
 -89.000   27.000 -0.00104 0
 -89.000   28.000 -0.00418 1
 -89.000   29.000 -0.00837 1
 -89.000   30.000 -0.01193 4
 -89.000   31.000 -0.01294 3
 -89.000   32.000 -0.01389 4
 -89.000   33.000 -0.01135 1
 -89.000   34.000 -0.00744 1
 -89.000   35.000 -0.00387 0
 -89.000   36.000 -0.00234 0
 -89.000   37.000 -0.00087 0
 -89.000   38.000 -0.00028 0
 -89.000   39.000  0.00000 0
 -89.000   40.000  0.00000 0
 -89.000   41.000  0.00000 0
 -89.000   42.000  0.00000 0
 -89.000   43.000  0.00000 0
 -89.000   44.000  0.00000 0
 -89.000   45.000  0.00000 0
 -89.000   46.000  0.00000 0
 -89.000   47.000  0.00000 0
 -89.000   48.000  0.00000 0
 -89.000   49.000  0.00000 0
 -89.000   50.000  0.00000 0
 -88.000   25.000 -0.00179 0
 -88.000   26.000 -0.00118 0
 -88.000   27.000 -0.00082 0
 -88.000   28.000 -0.00329 1
 -88.000   29.000 -0.00717 1
 -88.000   30.000 -0.01027 4
 -88.000   31.000 -0.01240 3
 -88.000   32.000 -0.01443 5
 -88.000   33.000 -0.01281 2
 -88.000   34.000 -0.00913 2
 -88.000   35.000 -0.00565 0
 -88.000   36.000 -0.00365 0
 -88.000   37.000 -0.00174 0
 -88.000   38.000 -0.00055 0
 -88.000   39.000  0.00000 0
 -88.000   40.000  0.00000 0
 -88.000   41.000  0.00000 0
 -88.000   42.000  0.00000 0
 -88.000   43.000  0.00000 0
 -88.000   44.000  0.00000 0
 -88.000   45.000  0.00000 0
 -88.000   46.000  0.00000 0
 -88.000   47.000  0.00000 0
 -88.000   48.000  0.00000 0
 -88.000   49.000  0.00000 0
 -88.000   50.000  0.00000 0
 -87.000   25.000 -0.00358 0
 -87.000   26.000 -0.00193 0
 -87.000   27.000 -0.00094 0
 -87.000   28.000 -0.00242 1
 -87.000   29.000 -0.00554 1
 -87.000   30.000 -0.00781 3
 -87.000   31.000 -0.01093 2
 -87.000   32.000 -0.01385 5
 -87.000   33.000 -0.01335 4
 -87.000   34.000 -0.01031 5
 -87.000   35.000 -0.00742 2
 -87.000   36.000 -0.00505 1
 -87.000   37.000 -0.00272 0
 -87.000   38.000 -0.00105 0
 -87.000   39.000 -0.00029 0
 -87.000   40.000 -0.00014 0
 -87.000   41.000  0.00000 0
 -87.000   42.000  0.00000 0
 -87.000   43.000  0.00000 0
 -87.000   44.000  0.00000 0
 -87.000   45.000  0.00000 0
 -87.000   46.000  0.00000 0
 -87.000   47.000  0.00000 0
 -87.000   48.000  0.00000 0
 -87.000   49.000  0.00000 0
 -87.000   50.000  0.00000 0
 -86.000   25.000 -0.00494 1
 -86.000   26.000 -0.00196 1
 -86.000   27.000 -0.00027 2
 -86.000   28.000 -0.00059 3
 -86.000   29.000 -0.00276 3
 -86.000   30.000 -0.00433 5
 -86.000   31.000 -0.00784 4
 -86.000   32.000 -0.01104 7
 -86.000   33.000 -0.01160 5
 -86.000   34.000 -0.00935 5
 -86.000   35.000 -0.00717 2
 -86.000   36.000 -0.00534 1
 -86.000   37.000 -0.00344 0
 -86.000   38.000 -0.00153 0
 -86.000   39.000 -0.00057 0
 -86.000   40.000 -0.00029 0
 -86.000   41.000 -0.00001 0
 -86.000   42.000 -0.00001 0
 -86.000   43.000 -0.00002 0
 -86.000   44.000 -0.00042 0
 -86.000   45.000 -0.00083 0
 -86.000   46.000 -0.00110 0
 -86.000   47.000 -0.00125 0
 -86.000   48.000 -0.00139 0
 -86.000   49.000 -0.00124 0
 -86.000   50.000 -0.00098 0
 -85.000   25.000 -0.00261 1
 -85.000   26.000  0.00008 1
 -85.000   27.000  0.00109 2
 -85.000   28.000  0.00107 2
 -85.000   29.000 -0.00070 2
 -85.000   30.000 -0.00190 3
 -85.000   31.000 -0.00530 3
 -85.000   32.000 -0.00792 5
 -85.000   33.000 -0.00948 4
 -85.000   34.000 -0.00829 5
 -85.000   35.000 -0.00714 3
 -85.000   36.000 -0.00583 3
 -85.000   37.000 -0.00448 1
 -85.000   38.000 -0.00255 1
 -85.000   39.000 -0.00173 0
 -85.000   40.000 -0.00124 0
 -85.000   41.000 -0.00079 0
 -85.000   42.000 -0.00057 0
 -85.000   43.000 -0.00037 0
 -85.000   44.000 -0.00085 0
 -85.000   45.000 -0.00165 0
 -85.000   46.000 -0.00219 0
 -85.000   47.000 -0.00247 0
 -85.000   48.000 -0.00275 0
 -85.000   49.000 -0.00244 0
 -85.000   50.000 -0.00191 0
 -84.000   25.000 -0.00166 1
 -84.000   26.000 -0.00001 1
 -84.000   27.000  0.00046 3
 -84.000   28.000  0.00081 4
 -84.000   29.000 -0.00028 5
 -84.000   30.000 -0.00022 6
 -84.000   31.000 -0.00232 6
 -84.000   32.000 -0.00380 8
 -84.000   33.000 -0.00542 6
 -84.000   34.000 -0.00506 5
 -84.000   35.000 -0.00487 2
 -84.000   36.000 -0.00440 2
 -84.000   37.000 -0.00388 1
 -84.000   38.000 -0.00294 1
 -84.000   39.000 -0.00280 0
 -84.000   40.000 -0.00221 0
 -84.000   41.000 -0.00158 0
 -84.000   42.000 -0.00101 0
 -84.000   43.000 -0.00067 1
 -84.000   44.000 -0.00089 1
 -84.000   45.000 -0.00185 1
 -84.000   46.000 -0.00230 1
 -84.000   47.000 -0.00259 1
 -84.000   48.000 -0.00271 2
 -84.000   49.000 -0.00230 1
 -84.000   50.000 -0.00146 1
 -83.000   25.000  0.00121 1
 -83.000   26.000  0.00084 1
 -83.000   27.000  0.00050 2
 -83.000   28.000  0.00044 2
 -83.000   29.000 -0.00061 4
 -83.000   30.000  0.00004 4
 -83.000   31.000 -0.00045 4
 -83.000   32.000 -0.00078 4
 -83.000   33.000 -0.00184 4
 -83.000   34.000 -0.00194 4
 -83.000   35.000 -0.00260 2
 -83.000   36.000 -0.00292 3
 -83.000   37.000 -0.00302 3
 -83.000   38.000 -0.00306 4
 -83.000   39.000 -0.00317 3
 -83.000   40.000 -0.00234 2
 -83.000   41.000 -0.00145 1
 -83.000   42.000 -0.00071 0
 -83.000   43.000 -0.00049 1
 -83.000   44.000 -0.00075 1
 -83.000   45.000 -0.00189 1
 -83.000   46.000 -0.00195 1
 -83.000   47.000 -0.00208 1
 -83.000   48.000 -0.00183 2
 -83.000   49.000 -0.00125 2
 -83.000   50.000 -0.00000 2
 -82.000   25.000  0.00353 1
 -82.000   26.000  0.00145 1
 -82.000   27.000  0.00051 3
 -82.000   28.000 -0.00034 3
 -82.000   29.000 -0.00178 6
 -82.000   30.000 -0.00064 6
 -82.000   31.000  0.00052 7
 -82.000   32.000  0.00127 7
 -82.000   33.000  0.00091 7
 -82.000   34.000  0.00078 6
 -82.000   35.000  0.00002 4
 -82.000   36.000 -0.00086 3
 -82.000   37.000 -0.00143 3
 -82.000   38.000 -0.00209 3
 -82.000   39.000 -0.00231 3
 -82.000   40.000 -0.00168 2
 -82.000   41.000 -0.00090 1
 -82.000   42.000 -0.00025 0
 -82.000   43.000 -0.00020 1
 -82.000   44.000 -0.00069 2
 -82.000   45.000 -0.00201 3
 -82.000   46.000 -0.00197 4
 -82.000   47.000 -0.00190 3
 -82.000   48.000 -0.00128 4
 -82.000   49.000 -0.00054 3
 -82.000   50.000  0.00104 3
 -81.000   25.000  0.00142 2
 -81.000   26.000 -0.00021 2
 -81.000   27.000 -0.00104 4
 -81.000   28.000 -0.00203 2
 -81.000   29.000 -0.00307 5
 -81.000   30.000 -0.00195 4
 -81.000   31.000 -0.00049 5
 -81.000   32.000  0.00069 4
 -81.000   33.000  0.00138 4
 -81.000   34.000  0.00176 4
 -81.000   35.000  0.00140 3
 -81.000   36.000  0.00049 3
 -81.000   37.000 -0.00007 3
 -81.000   38.000 -0.00101 5
 -81.000   39.000 -0.00136 6
 -81.000   40.000 -0.00100 7
 -81.000   41.000 -0.00035 5
 -81.000   42.000  0.00013 4
 -81.000   43.000  0.00019 3
 -81.000   44.000  0.00000 3
 -81.000   45.000 -0.00091 3
 -81.000   46.000 -0.00062 3
 -81.000   47.000 -0.00028 2
 -81.000   48.000  0.00055 2
 -81.000   49.000  0.00114 2
 -81.000   50.000  0.00252 2
 -80.000   25.000 -0.00939 1
 -80.000   26.000 -0.00877 1
 -80.000   27.000 -0.00791 3
 -80.000   28.000 -0.00669 2
 -80.000   29.000 -0.00508 4
 -80.000   30.000 -0.00322 4
 -80.000   31.000 -0.00135 5
 -80.000   32.000  0.00004 6
 -80.000   33.000  0.00177 6
 -80.000   34.000  0.00271 7
 -80.000   35.000  0.00317 6
 -80.000   36.000  0.00263 5
 -80.000   37.000  0.00240 4
 -80.000   38.000  0.00115 4
 -80.000   39.000  0.00077 4
 -80.000   40.000  0.00053 5
 -80.000   41.000  0.00084 4
 -80.000   42.000  0.00084 4
 -80.000   43.000  0.00086 3
 -80.000   44.000  0.00081 3
 -80.000   45.000  0.00047 3
 -80.000   46.000  0.00108 4
 -80.000   47.000  0.00195 4
 -80.000   48.000  0.00318 5
 -80.000   49.000  0.00373 4
 -80.000   50.000  0.00510 4
 -79.000   25.000 -0.01164 2
 -79.000   26.000 -0.00995 2
 -79.000   27.000 -0.00898 5
 -79.000   28.000 -0.00770 3
 -79.000   29.000 -0.00589 6
 -79.000   30.000 -0.00489 4
 -79.000   31.000 -0.00375 5
 -79.000   32.000 -0.00229 5
 -79.000   33.000  0.00047 5
 -79.000   34.000  0.00234 6
 -79.000   35.000  0.00386 4
 -79.000   36.000  0.00408 4
 -79.000   37.000  0.00438 4
 -79.000   38.000  0.00313 5
 -79.000   39.000  0.00292 6
 -79.000   40.000  0.00204 7
 -79.000   41.000  0.00203 7
 -79.000   42.000  0.00163 8
 -79.000   43.000  0.00185 7
 -79.000   44.000  0.00173 6
 -79.000   45.000  0.00206 4
 -79.000   46.000  0.00302 4
 -79.000   47.000  0.00481 4
 -79.000   48.000  0.00627 4
 -79.000   49.000  0.00710 3
 -79.000   50.000  0.00858 3
 -78.000   25.000 -0.00987 1
 -78.000   26.000 -0.00742 1
 -78.000   27.000 -0.00684 3
 -78.000   28.000 -0.00629 2
 -78.000   29.000 -0.00546 4
 -78.000   30.000 -0.00555 4
 -78.000   31.000 -0.00565 5
 -78.000   32.000 -0.00432 7
 -78.000   33.000 -0.00097 6
 -78.000   34.000  0.00178 9
 -78.000   35.000  0.00434 7
 -78.000   36.000  0.00512 8
 -78.000   37.000  0.00554 7
 -78.000   38.000  0.00430 6
 -78.000   39.000  0.00393 6
 -78.000   40.000  0.00277 4
 -78.000   41.000  0.00291 4
 -78.000   42.000  0.00290 4
 -78.000   43.000  0.00377 4
 -78.000   44.000  0.00386 4
 -78.000   45.000  0.00441 3
 -78.000   46.000  0.00495 5
 -78.000   47.000  0.00642 5
 -78.000   48.000  0.00732 5
 -78.000   49.000  0.00807 4
 -78.000   50.000  0.00908 5
 -77.000   25.000 -0.00760 2
 -77.000   26.000 -0.00447 2
 -77.000   27.000 -0.00403 6
 -77.000   28.000 -0.00357 4
 -77.000   29.000 -0.00308 8
 -77.000   30.000 -0.00406 6
 -77.000   31.000 -0.00541 8
 -77.000   32.000 -0.00477 8
 -77.000   33.000 -0.00183 7
 -77.000   34.000  0.00065 9
 -77.000   35.000  0.00293 6
 -77.000   36.000  0.00391 6
 -77.000   37.000  0.00430 4
 -77.000   38.000  0.00331 4
 -77.000   39.000  0.00319 6
 -77.000   40.000  0.00249 5
 -77.000   41.000  0.00277 6
 -77.000   42.000  0.00320 6
 -77.000   43.000  0.00426 7
 -77.000   44.000  0.00450 7
 -77.000   45.000  0.00501 7
 -77.000   46.000  0.00576 8
 -77.000   47.000  0.00678 7
 -77.000   48.000  0.00762 5
 -77.000   49.000  0.00823 3
 -77.000   50.000  0.00920 3
 -76.000   25.000 -0.00373 3
 -76.000   26.000 -0.00183 2
 -76.000   27.000 -0.00165 5
 -76.000   28.000 -0.00111 3
 -76.000   29.000 -0.00062 6
 -76.000   30.000 -0.00128 5
 -76.000   31.000 -0.00222 7
 -76.000   32.000 -0.00190 7
 -76.000   33.000 -0.00009 7
 -76.000   34.000  0.00153 9
 -76.000   35.000  0.00340 8
 -76.000   36.000  0.00438 8
 -76.000   37.000  0.00467 6
 -76.000   38.000  0.00361 7
 -76.000   39.000  0.00329 7
 -76.000   40.000  0.00229 7
 -76.000   41.000  0.00205 5
 -76.000   42.000  0.00235 5
 -76.000   43.000  0.00292 4
 -76.000   44.000  0.00302 5
 -76.000   45.000  0.00329 5
 -76.000   46.000  0.00458 7
 -76.000   47.000  0.00512 6
 -76.000   48.000  0.00666 5
 -76.000   49.000  0.00725 4
 -76.000   50.000  0.00848 5
 -75.000   25.000  0.00511 3
 -75.000   26.000  0.00434 2
 -75.000   27.000  0.00335 6
 -75.000   28.000  0.00226 4
 -75.000   29.000  0.00120 10
 -75.000   30.000  0.00073 7
 -75.000   31.000  0.00060 10
 -75.000   32.000  0.00085 7
 -75.000   33.000  0.00146 9
 -75.000   34.000  0.00224 9
 -75.000   35.000  0.00364 8
 -75.000   36.000  0.00483 6
 -75.000   37.000  0.00543 4
 -75.000   38.000  0.00503 4
 -75.000   39.000  0.00472 4
 -75.000   40.000  0.00306 5
 -75.000   41.000  0.00149 5
 -75.000   42.000  0.00080 7
 -75.000   43.000  0.00029 7
 -75.000   44.000  0.00007 7
 -75.000   45.000  0.00028 8
 -75.000   46.000  0.00235 9
 -75.000   47.000  0.00290 9
 -75.000   48.000  0.00620 7
 -75.000   49.000  0.00712 5
 -75.000   50.000  0.00911 4
 -74.000   25.000  0.00499 3
 -74.000   26.000  0.00356 2
 -74.000   27.000  0.00288 6
 -74.000   28.000  0.00217 4
 -74.000   29.000  0.00179 9
 -74.000   30.000  0.00264 5
 -74.000   31.000  0.00404 8
 -74.000   32.000  0.00445 5
 -74.000   33.000  0.00427 8
 -74.000   34.000  0.00451 7
 -74.000   35.000  0.00552 8
 -74.000   36.000  0.00657 7
 -74.000   37.000  0.00754 7
 -74.000   38.000  0.00772 7
 -74.000   39.000  0.00700 6
 -74.000   40.000  0.00435 8
 -74.000   41.000  0.00117 6
 -74.000   42.000 -0.00093 9
 -74.000   43.000 -0.00266 6
 -74.000   44.000 -0.00322 8
 -74.000   45.000 -0.00299 6
 -74.000   46.000 -0.00064 8
 -74.000   47.000 -0.00081 6
 -74.000   48.000  0.00256 5
 -74.000   49.000  0.00327 3
 -74.000   50.000  0.00463 3
 -73.000   25.000 -0.00006 3
 -73.000   26.000 -0.00103 2
 -73.000   27.000 -0.00062 6
 -73.000   28.000 -0.00007 4
 -73.000   29.000  0.00142 10
 -73.000   30.000  0.00376 6
 -73.000   31.000  0.00644 9
 -73.000   32.000  0.00703 7
 -73.000   33.000  0.00636 10
 -73.000   34.000  0.00569 10
 -73.000   35.000  0.00530 8
 -73.000   36.000  0.00596 8
 -73.000   37.000  0.00838 6
 -73.000   38.000  0.00966 6
 -73.000   39.000  0.00864 4
 -73.000   40.000  0.00614 5
 -73.000   41.000  0.00211 4
 -73.000   42.000 -0.00260 6
 -73.000   43.000 -0.00634 5
 -73.000   44.000 -0.00698 7
 -73.000   45.000 -0.00689 6
 -73.000   46.000 -0.00479 7
 -73.000   47.000 -0.00491 6
 -73.000   48.000 -0.00094 5
 -73.000   49.000 -0.00016 3
 -73.000   50.000  0.00141 1
 -72.000   25.000 -0.00794 4
 -72.000   26.000 -0.00786 3
 -72.000   27.000 -0.00637 7
 -72.000   28.000 -0.00420 4
 -72.000   29.000 -0.00085 8
 -72.000   30.000  0.00264 4
 -72.000   31.000  0.00628 6
 -72.000   32.000  0.00809 4
 -72.000   33.000  0.00889 6
 -72.000   34.000  0.00814 6
 -72.000   35.000  0.00617 5
 -72.000   36.000  0.00619 6
 -72.000   37.000  0.00999 5
 -72.000   38.000  0.01078 7
 -72.000   39.000  0.00919 5
 -72.000   40.000  0.00773 7
 -72.000   41.000  0.00387 4
 -72.000   42.000 -0.00349 6
 -72.000   43.000 -0.00809 3
 -72.000   44.000 -0.00818 6
 -72.000   45.000 -0.00757 3
 -72.000   46.000 -0.00567 4
 -72.000   47.000 -0.00546 2
 -72.000   48.000 -0.00178 2
 -72.000   49.000 -0.00103 1
 -72.000   50.000  0.00025 0
 -71.000   25.000 -0.00870 3
 -71.000   26.000 -0.00880 2
 -71.000   27.000 -0.00771 5
 -71.000   28.000 -0.00634 3
 -71.000   29.000 -0.00371 6
 -71.000   30.000 -0.00029 4
 -71.000   31.000  0.00356 6
 -71.000   32.000  0.00659 6
 -71.000   33.000  0.00907 6
 -71.000   34.000  0.00848 8
 -71.000   35.000  0.00497 5
 -71.000   36.000  0.00327 8
 -71.000   37.000  0.00639 4
 -71.000   38.000  0.00645 6
 -71.000   39.000  0.00535 2
 -71.000   40.000  0.00585 3
 -71.000   41.000  0.00404 1
 -71.000   42.000 -0.00300 2
 -71.000   43.000 -0.00712 1
 -71.000   44.000 -0.00697 2
 -71.000   45.000 -0.00613 1
 -71.000   46.000 -0.00475 1
 -71.000   47.000 -0.00417 1
 -71.000   48.000 -0.00125 1
 -71.000   49.000 -0.00050 1
 -71.000   50.000  0.00046 0
 -70.000   25.000 -0.00906 1
 -70.000   26.000 -0.00897 1
 -70.000   27.000 -0.00809 3
 -70.000   28.000 -0.00696 2
 -70.000   29.000 -0.00477 4
 -70.000   30.000 -0.00177 3
 -70.000   31.000  0.00167 4
 -70.000   32.000  0.00491 3
 -70.000   33.000  0.00795 2
 -70.000   34.000  0.00711 3
 -70.000   35.000  0.00226 2
 -70.000   36.000 -0.00111 4
 -70.000   37.000  0.00144 2
 -70.000   38.000  0.00110 3
 -70.000   39.000  0.00070 1
 -70.000   40.000  0.00338 2
 -70.000   41.000  0.00420 1
 -70.000   42.000 -0.00162 2
 -70.000   43.000 -0.00481 1
 -70.000   44.000 -0.00441 1
 -70.000   45.000 -0.00366 0
 -70.000   46.000 -0.00313 0
 -70.000   47.000 -0.00295 0
 -70.000   48.000 -0.00207 0
 -70.000   49.000 -0.00177 0
 -70.000   50.000 -0.00181 0
 -69.000   25.000 -0.00765 0
 -69.000   26.000 -0.00744 0
 -69.000   27.000 -0.00650 1
 -69.000   28.000 -0.00544 1
 -69.000   29.000 -0.00370 2
 -69.000   30.000 -0.00168 2
 -69.000   31.000  0.00075 3
 -69.000   32.000  0.00334 3
 -69.000   33.000  0.00608 2
 -69.000   34.000  0.00428 4
 -69.000   35.000 -0.00213 3
 -69.000   36.000 -0.00707 6
 -69.000   37.000 -0.00514 3
 -69.000   38.000 -0.00569 3
 -69.000   39.000 -0.00492 0
 -69.000   40.000  0.00042 0
 -69.000   41.000  0.00410 0
 -69.000   42.000 -0.00024 0
 -69.000   43.000 -0.00255 0
 -69.000   44.000 -0.00200 0
 -69.000   45.000 -0.00179 0
 -69.000   46.000 -0.00197 0
 -69.000   47.000 -0.00198 0
 -69.000   48.000 -0.00156 0
 -69.000   49.000 -0.00142 0
 -69.000   50.000 -0.00126 0
 -68.000   25.000 -0.00544 0
 -68.000   26.000 -0.00510 0
 -68.000   27.000 -0.00419 0
 -68.000   28.000 -0.00313 0
 -68.000   29.000 -0.00188 2
 -68.000   30.000 -0.00065 2
 -68.000   31.000  0.00083 3
 -68.000   32.000  0.00256 1
 -68.000   33.000  0.00478 1
 -68.000   34.000  0.00297 1
 -68.000   35.000 -0.00279 1
 -68.000   36.000 -0.00768 2
 -68.000   37.000 -0.00711 1
 -68.000   38.000 -0.00841 1
 -68.000   39.000 -0.00720 0
 -68.000   40.000 -0.00196 0
 -68.000   41.000  0.00216 0
 -68.000   42.000 -0.00013 0
 -68.000   43.000 -0.00098 0
 -68.000   44.000 -0.00050 0
 -68.000   45.000 -0.00020 0
 -68.000   46.000 -0.00010 0
 -68.000   47.000  0.00000 0
 -68.000   48.000  0.00000 0
 -68.000   49.000  0.00000 0
 -68.000   50.000  0.00000 0
 -67.000   25.000 -0.00036 0
 -67.000   26.000 -0.00054 0
 -67.000   27.000 -0.00026 0
 -67.000   28.000 -0.00021 0
 -67.000   29.000 -0.00006 1
 -67.000   30.000  0.00040 1
 -67.000   31.000  0.00108 2
 -67.000   32.000  0.00165 1
 -67.000   33.000  0.00251 1
 -67.000   34.000  0.00092 1
 -67.000   35.000 -0.00311 1
 -67.000   36.000 -0.00736 2
 -67.000   37.000 -0.00810 1
 -67.000   38.000 -0.00901 1
 -67.000   39.000 -0.00757 0
 -67.000   40.000 -0.00379 0
 -67.000   41.000  0.00000 0
 -67.000   42.000  0.00000 0
 -67.000   43.000  0.00000 0
 -67.000   44.000  0.00000 0
 -67.000   45.000  0.00000 0
 -67.000   46.000  0.00000 0
 -67.000   47.000  0.00000 0
 -67.000   48.000  0.00000 0
 -67.000   49.000  0.00000 0
 -67.000   50.000  0.00000 0
 -66.000   25.000  0.00000 0
 -66.000   26.000  0.00000 0
 -66.000   27.000  0.00057 0
 -66.000   28.000  0.00114 0
 -66.000   29.000  0.00157 1
 -66.000   30.000  0.00189 1
 -66.000   31.000  0.00222 2
 -66.000   32.000  0.00173 1
 -66.000   33.000  0.00125 1
 -66.000   34.000 -0.00053 0
 -66.000   35.000 -0.00366 0
 -66.000   36.000 -0.00680 0
 -66.000   37.000 -0.00689 0
 -66.000   38.000 -0.00698 0
 -66.000   39.000 -0.00562 0
 -66.000   40.000 -0.00281 0
 -66.000   41.000  0.00000 0
 -66.000   42.000  0.00000 0
 -66.000   43.000  0.00000 0
 -66.000   44.000  0.00000 0
 -66.000   45.000  0.00000 0
 -66.000   46.000  0.00000 0
 -66.000   47.000  0.00000 0
 -66.000   48.000  0.00000 0
 -66.000   49.000  0.00000 0
 -66.000   50.000  0.00000 0
 -65.000   25.000  0.00000 0
 -65.000   26.000  0.00000 0
 -65.000   27.000  0.00085 0
 -65.000   28.000  0.00170 0
 -65.000   29.000  0.00227 0
 -65.000   30.000  0.00256 0
 -65.000   31.000  0.00285 0
 -65.000   32.000  0.00206 0
 -65.000   33.000  0.00127 0
 -65.000   34.000 -0.00021 0
 -65.000   35.000 -0.00237 0
 -65.000   36.000 -0.00453 0
 -65.000   37.000 -0.00459 0
 -65.000   38.000 -0.00465 0
 -65.000   39.000 -0.00374 0
 -65.000   40.000 -0.00187 0
 -65.000   41.000  0.00000 0
 -65.000   42.000  0.00000 0
 -65.000   43.000  0.00000 0
 -65.000   44.000  0.00000 0
 -65.000   45.000  0.00000 0
 -65.000   46.000  0.00000 0
 -65.000   47.000  0.00000 0
 -65.000   48.000  0.00000 0
 -65.000   49.000  0.00000 0
 -65.000   50.000  0.00000 0
