-130.000   25.000  0.00000 0
-130.000   26.000  0.00000 0
-130.000   27.000  0.00000 0
-130.000   28.000  0.00000 0
-130.000   29.000  0.00000 0
-130.000   30.000  0.00000 0
-130.000   31.000  0.00000 0
-130.000   32.000  0.00000 0
-130.000   33.000  0.00000 0
-130.000   34.000  0.00000 0
-130.000   35.000  0.00000 0
-130.000   36.000  0.00000 0
-130.000   37.000  0.00000 0
-130.000   38.000  0.00000 0
-130.000   39.000  0.00000 0
-130.000   40.000  0.00000 0
-130.000   41.000  0.00000 0
-130.000   42.000  0.00000 0
-130.000   43.000  0.00000 0
-130.000   44.000  0.00000 0
-130.000   45.000  0.00000 0
-130.000   46.000  0.00000 0
-130.000   47.000  0.00000 0
-130.000   48.000  0.00000 0
-130.000   49.000  0.00000 0
-130.000   50.000  0.00000 0
-129.000   25.000  0.00000 0
-129.000   26.000  0.00000 0
-129.000   27.000  0.00000 0
-129.000   28.000  0.00000 0
-129.000   29.000  0.00000 0
-129.000   30.000  0.00000 0
-129.000   31.000  0.00000 0
-129.000   32.000  0.00000 0
-129.000   33.000  0.00000 0
-129.000   34.000  0.00000 0
-129.000   35.000  0.00000 0
-129.000   36.000  0.00000 0
-129.000   37.000  0.00000 0
-129.000   38.000  0.00000 0
-129.000   39.000  0.00000 0
-129.000   40.000  0.00000 0
-129.000   41.000  0.00000 0
-129.000   42.000  0.00000 0
-129.000   43.000  0.00000 0
-129.000   44.000  0.00000 0
-129.000   45.000  0.00000 0
-129.000   46.000  0.00000 0
-129.000   47.000  0.00000 0
-129.000   48.000  0.00000 0
-129.000   49.000  0.00000 0
-129.000   50.000  0.00000 0
-128.000   25.000 -0.00102 0
-128.000   26.000 -0.00034 0
-128.000   27.000  0.00007 0
-128.000   28.000  0.00039 0
-128.000   29.000  0.00070 0
-128.000   30.000  0.00069 0
-128.000   31.000  0.00034 0
-128.000   32.000  0.00000 0
-128.000   33.000  0.00000 0
-128.000   34.000  0.00000 0
-128.000   35.000  0.00000 0
-128.000   36.000  0.00000 0
-128.000   37.000  0.00000 0
-128.000   38.000  0.00000 0
-128.000   39.000  0.00000 0
-128.000   40.000  0.00119 0
-128.000   41.000  0.00237 0
-128.000   42.000  0.00356 0
-128.000   43.000  0.00356 0
-128.000   44.000  0.00356 0
-128.000   45.000  0.00237 0
-128.000   46.000  0.00119 0
-128.000   47.000  0.00000 0
-128.000   48.000  0.00000 0
-128.000   49.000  0.00000 0
-128.000   50.000  0.00000 0
-127.000   25.000 -0.00254 0
-127.000   26.000 -0.00154 0
-127.000   27.000 -0.00095 0
-127.000   28.000 -0.00027 0
-127.000   29.000  0.00039 0
-127.000   30.000  0.00058 0
-127.000   31.000  0.00029 0
-127.000   32.000  0.00000 0
-127.000   33.000  0.00000 0
-127.000   34.000  0.00000 0
-127.000   35.000  0.00000 0
-127.000   36.000  0.00000 0
-127.000   37.000  0.00000 0
-127.000   38.000  0.00000 0
-127.000   39.000  0.00000 0
-127.000   40.000  0.00237 0
-127.000   41.000  0.00474 0
-127.000   42.000  0.00668 0
-127.000   43.000  0.00701 0
-127.000   44.000  0.00734 0
-127.000   45.000  0.00497 0
-127.000   46.000  0.00260 0
-127.000   47.000  0.00066 0
-127.000   48.000  0.00033 0
-127.000   49.000  0.00000 0
-127.000   50.000  0.00000 0
-126.000   25.000 -0.00050 1
-126.000   26.000 -0.00008 1
-126.000   27.000  0.00018 2
-126.000   28.000  0.00050 1
-126.000   29.000  0.00056 1
-126.000   30.000  0.00043 0
-126.000   31.000  0.00020 0
-126.000   32.000 -0.00004 0
-126.000   33.000 -0.00002 0
-126.000   34.000  0.00000 0
-126.000   35.000  0.00076 0
-126.000   36.000  0.00151 0
-126.000   37.000  0.00227 0
-126.000   38.000  0.00227 0
-126.000   39.000  0.00227 0
-126.000   40.000  0.00507 0
-126.000   41.000  0.00787 0
-126.000   42.000  0.00981 1
-126.000   43.000  0.01047 1
-126.000   44.000  0.01113 1
-126.000   45.000  0.00757 0
-126.000   46.000  0.00401 0
-126.000   47.000  0.00131 0
-126.000   48.000  0.00066 0
-126.000   49.000  0.00000 0
-126.000   50.000  0.00000 0
-125.000   25.000  0.00297 3
-125.000   26.000  0.00195 2
-125.000   27.000  0.00157 4
-125.000   28.000  0.00132 2
-125.000   29.000  0.00035 2
-125.000   30.000 -0.00031 0
-125.000   31.000 -0.00008 0
-125.000   32.000 -0.00009 0
-125.000   33.000 -0.00004 0
-125.000   34.000  0.00000 0
-125.000   35.000  0.00151 0
-125.000   36.000  0.00303 0
-125.000   37.000  0.00454 0
-125.000   38.000  0.00454 0
-125.000   39.000  0.00454 0
-125.000   40.000  0.00491 0
-125.000   41.000  0.00528 0
-125.000   42.000  0.00580 1
-125.000   43.000  0.00630 1
-125.000   44.000  0.00680 2
-125.000   45.000  0.00492 1
-125.000   46.000  0.00304 1
-125.000   47.000  0.00186 0
-125.000   48.000  0.00221 0
-125.000   49.000  0.00214 0
-125.000   50.000  0.00285 0
-124.000   25.000  0.01159 4
-124.000   26.000  0.00971 3
-124.000   27.000  0.00824 5
-124.000   28.000  0.00654 2
-124.000   29.000  0.00407 3
-124.000   30.000  0.00184 1
-124.000   31.000  0.00103 1
-124.000   32.000  0.00055 0
-124.000   33.000  0.00022 0
-124.000   34.000  0.00535 0
-124.000   35.000  0.00964 0
-124.000   36.000  0.01412 0
-124.000   37.000  0.01639 1
-124.000   38.000  0.01639 1
-124.000   39.000  0.01122 1
-124.000   40.000  0.00695 0
-124.000   41.000  0.00268 0
-124.000   42.000  0.00129 1
-124.000   43.000  0.00115 1
-124.000   44.000  0.00101 2
-124.000   45.000  0.00080 1
-124.000   46.000  0.00060 1
-124.000   47.000  0.00143 0
-124.000   48.000  0.00328 0
-124.000   49.000  0.00428 0
-124.000   50.000  0.00570 0
-123.000   25.000  0.01352 3
-123.000   26.000  0.01066 2
-123.000   27.000  0.00797 3
-123.000   28.000  0.00567 1
-123.000   29.000  0.00195 2
-123.000   30.000  0.00043 1
-123.000   31.000  0.00002 1
-123.000   32.000  0.00057 0
-123.000   33.000  0.00012 0
-123.000   34.000  0.01071 0
-123.000   35.000  0.01998 0
-123.000   36.000  0.02962 0
-123.000   37.000  0.03189 1
-123.000   38.000  0.03189 1
-123.000   39.000  0.02156 1
-123.000   40.000  0.00926 0
-123.000   41.000 -0.00304 0
-123.000   42.000 -0.00677 1
-123.000   43.000 -0.00755 1
-123.000   44.000 -0.00834 3
-123.000   45.000 -0.00581 2
-123.000   46.000 -0.00329 2
-123.000   47.000  0.00025 0
-123.000   48.000  0.00360 0
-123.000   49.000  0.00548 1
-123.000   50.000  0.00752 1
-122.000   25.000  0.01661 2
-122.000   26.000  0.01344 3
-122.000   27.000  0.00995 2
-122.000   28.000  0.00714 2
-122.000   29.000  0.00219 2
-122.000   30.000  0.00076 3
-122.000   31.000 -0.00002 2
-122.000   32.000  0.00024 1
-122.000   33.000 -0.00102 0
-122.000   34.000  0.01100 0
-122.000   35.000  0.02229 0
-122.000   36.000  0.03408 1
-122.000   37.000  0.03689 2
-122.000   38.000  0.03743 2
-122.000   39.000  0.02584 1
-122.000   40.000  0.01022 0
-122.000   41.000 -0.00541 0
-122.000   42.000 -0.00990 1
-122.000   43.000 -0.01101 1
-122.000   44.000 -0.01212 2
-122.000   45.000 -0.00854 1
-122.000   46.000 -0.00496 1
-122.000   47.000 -0.00040 0
-122.000   48.000  0.00393 0
-122.000   49.000  0.00630 1
-122.000   50.000  0.00884 1
-121.000   25.000  0.01391 2
-121.000   26.000  0.01158 3
-121.000   27.000  0.00838 3
-121.000   28.000  0.00641 3
-121.000   29.000  0.00198 3
-121.000   30.000  0.00117 3
-121.000   31.000  0.00035 2
-121.000   32.000  0.00015 1
-121.000   33.000 -0.00188 0
-121.000   34.000  0.00938 0
-121.000   35.000  0.01896 0
-121.000   36.000  0.02901 1
-121.000   37.000  0.03160 1
-121.000   38.000  0.03268 1
-121.000   39.000  0.02181 0
-121.000   40.000  0.00664 0
-121.000   41.000 -0.00854 0
-121.000   42.000 -0.01303 1
-121.000   43.000 -0.01447 1
-121.000   44.000 -0.01591 2
-121.000   45.000 -0.01127 1
-121.000   46.000 -0.00663 1
-121.000   47.000 -0.00105 1
-121.000   48.000  0.00427 1
-121.000   49.000  0.00713 2
-121.000   50.000  0.01015 1
-120.000   25.000  0.01164 2
-120.000   26.000  0.01150 4
-120.000   27.000  0.00936 4
-120.000   28.000  0.00865 5
-120.000   29.000  0.00517 4
-120.000   30.000  0.00446 5
-120.000   31.000  0.00053 3
-120.000   32.000 -0.00195 2
-120.000   33.000 -0.00485 0
-120.000   34.000  0.00652 1
-120.000   35.000  0.01606 1
-120.000   36.000  0.02628 3
-120.000   37.000  0.02935 2
-120.000   38.000  0.03074 2
-120.000   39.000  0.01946 0
-120.000   40.000  0.00591 0
-120.000   41.000 -0.00594 0
-120.000   42.000 -0.00902 0
-120.000   43.000 -0.01030 0
-120.000   44.000 -0.01158 0
-120.000   45.000 -0.01193 0
-120.000   46.000 -0.01229 0
-120.000   47.000 -0.00979 1
-120.000   48.000 -0.00616 1
-120.000   49.000 -0.00610 2
-120.000   50.000 -0.00197 1
-119.000   25.000  0.00385 2
-119.000   26.000  0.00526 3
-119.000   27.000  0.00450 5
-119.000   28.000  0.00567 4
-119.000   29.000  0.00400 5
-119.000   30.000  0.00457 4
-119.000   31.000 -0.00083 4
-119.000   32.000 -0.00503 2
-119.000   33.000 -0.00827 1
-119.000   34.000 -0.00222 1
-119.000   35.000  0.00439 1
-119.000   36.000  0.00989 2
-119.000   37.000  0.00931 1
-119.000   38.000  0.00643 1
-119.000   39.000  0.00019 0
-119.000   40.000 -0.00866 0
-119.000   41.000 -0.01232 0
-119.000   42.000 -0.00899 0
-119.000   43.000 -0.00515 0
-119.000   44.000 -0.00450 0
-119.000   45.000 -0.00753 0
-119.000   46.000 -0.01057 0
-119.000   47.000 -0.01276 1
-119.000   48.000 -0.01266 1
-119.000   49.000 -0.01664 2
-119.000   50.000 -0.01433 1
-118.000   25.000  0.00546 1
-118.000   26.000  0.00824 2
-118.000   27.000  0.00857 3
-118.000   28.000  0.01008 3
-118.000   29.000  0.00835 3
-118.000   30.000  0.00544 3
-118.000   31.000 -0.00304 3
-118.000   32.000 -0.00982 2
-118.000   33.000 -0.01311 2
-118.000   34.000 -0.01148 3
-118.000   35.000 -0.00784 4
-118.000   36.000 -0.00940 4
-118.000   37.000 -0.01358 2
-118.000   38.000 -0.02107 1
-118.000   39.000 -0.02244 0
-118.000   40.000 -0.02468 0
-118.000   41.000 -0.01795 0
-118.000   42.000 -0.00897 0
-118.000   43.000  0.00000 0
-118.000   44.000  0.00259 0
-118.000   45.000 -0.00301 0
-118.000   46.000 -0.00769 0
-118.000   47.000 -0.01260 1
-118.000   48.000 -0.01416 1
-118.000   49.000 -0.02094 3
-118.000   50.000 -0.01860 2
-117.000   25.000  0.00558 2
-117.000   26.000  0.00963 2
-117.000   27.000  0.01099 4
-117.000   28.000  0.01282 2
-117.000   29.000  0.01109 4
-117.000   30.000  0.00535 2
-117.000   31.000 -0.00481 3
-117.000   32.000 -0.01184 1
-117.000   33.000 -0.01398 2
-117.000   34.000 -0.01395 2
-117.000   35.000 -0.01144 3
-117.000   36.000 -0.01807 3
-117.000   37.000 -0.02778 2
-117.000   38.000 -0.04095 2
-117.000   39.000 -0.04017 1
-117.000   40.000 -0.03935 1
-117.000   41.000 -0.02692 0
-117.000   42.000 -0.01782 0
-117.000   43.000 -0.00871 0
-117.000   44.000 -0.00766 0
-117.000   45.000 -0.01183 0
-117.000   46.000 -0.01488 1
-117.000   47.000 -0.01399 2
-117.000   48.000 -0.01013 2
-117.000   49.000 -0.01398 2
-117.000   50.000 -0.01170 1
-116.000   25.000  0.00748 1
-116.000   26.000  0.01218 1
-116.000   27.000  0.01393 3
-116.000   28.000  0.01572 2
-116.000   29.000  0.01377 3
-116.000   30.000  0.00522 1
-116.000   31.000 -0.00658 2
-116.000   32.000 -0.01346 1
-116.000   33.000 -0.01465 3
-116.000   34.000 -0.01279 3
-116.000   35.000 -0.00673 5
-116.000   36.000 -0.01174 4
-116.000   37.000 -0.02250 3
-116.000   38.000 -0.03687 2
-116.000   39.000 -0.03760 1
-116.000   40.000 -0.03847 1
-116.000   41.000 -0.02692 0
-116.000   42.000 -0.02217 0
-116.000   43.000 -0.01742 0
-116.000   44.000 -0.01876 0
-116.000   45.000 -0.02324 0
-116.000   46.000 -0.02538 1
-116.000   47.000 -0.01900 2
-116.000   48.000 -0.01006 3
-116.000   49.000 -0.01090 3
-116.000   50.000 -0.00707 2
-115.000   25.000  0.00675 2
-115.000   26.000  0.01107 2
-115.000   27.000  0.01267 4
-115.000   28.000  0.01423 2
-115.000   29.000  0.01281 3
-115.000   30.000  0.00442 1
-115.000   31.000 -0.00512 2
-115.000   32.000 -0.01775 1
-115.000   33.000 -0.02591 2
-115.000   34.000 -0.03198 1
-115.000   35.000 -0.02666 2
-115.000   36.000 -0.03258 2
-115.000   37.000 -0.03723 2
-115.000   38.000 -0.04455 2
-115.000   39.000 -0.03753 1
-115.000   40.000 -0.03758 1
-115.000   41.000 -0.02692 0
-115.000   42.000 -0.02653 0
-115.000   43.000 -0.02448 0
-115.000   44.000 -0.02777 1
-115.000   45.000 -0.02968 1
-115.000   46.000 -0.02819 2
-115.000   47.000 -0.01482 1
-115.000   48.000 -0.00141 2
-115.000   49.000  0.00234 1
-115.000   50.000  0.00630 1
-114.000   25.000  0.00667 1
-114.000   26.000  0.01068 1
-114.000   27.000  0.01252 4
-114.000   28.000  0.01471 3
-114.000   29.000  0.01407 5
-114.000   30.000  0.00451 2
-114.000   31.000 -0.00397 3
-114.000   32.000 -0.01935 1
-114.000   33.000 -0.03522 2
-114.000   34.000 -0.04949 1
-114.000   35.000 -0.04300 2
-114.000   36.000 -0.04617 1
-114.000   37.000 -0.04374 1
-114.000   38.000 -0.03945 0
-114.000   39.000 -0.02494 0
-114.000   40.000 -0.02506 0
-114.000   41.000 -0.01795 0
-114.000   42.000 -0.02808 0
-114.000   43.000 -0.03407 0
-114.000   44.000 -0.04118 1
-114.000   45.000 -0.04343 1
-114.000   46.000 -0.04153 2
-114.000   47.000 -0.01914 1
-114.000   48.000  0.00015 3
-114.000   49.000  0.00908 2
-114.000   50.000  0.01587 2
-113.000   25.000  0.00504 1
-113.000   26.000  0.00843 1
-113.000   27.000  0.01114 3
-113.000   28.000  0.01560 2
-113.000   29.000  0.01827 4
-113.000   30.000  0.00995 2
-113.000   31.000  0.00293 2
-113.000   32.000 -0.01615 0
-113.000   33.000 -0.04150 0
-113.000   34.000 -0.06648 1
-113.000   35.000 -0.06100 1
-113.000   36.000 -0.06127 1
-113.000   37.000 -0.05106 0
-113.000   38.000 -0.03480 0
-113.000   39.000 -0.01263 0
-113.000   40.000 -0.01253 0
-113.000   41.000 -0.00897 0
-113.000   42.000 -0.02963 0
-113.000   43.000 -0.04365 0
-113.000   44.000 -0.05528 1
-113.000   45.000 -0.05835 2
-113.000   46.000 -0.05786 3
-113.000   47.000 -0.02867 2
-113.000   48.000 -0.00611 2
-113.000   49.000  0.00691 1
-113.000   50.000  0.01432 1
-112.000   25.000  0.00343 0
-112.000   26.000  0.00560 0
-112.000   27.000  0.00847 3
-112.000   28.000  0.01393 3
-112.000   29.000  0.01864 6
-112.000   30.000  0.01180 3
-112.000   31.000  0.00573 3
-112.000   32.000 -0.01448 1
-112.000   33.000 -0.04135 1
-112.000   34.000 -0.06732 2
-112.000   35.000 -0.06172 1
-112.000   36.000 -0.05806 1
-112.000   37.000 -0.04185 0
-112.000   38.000 -0.02045 0
-112.000   39.000  0.00080 0
-112.000   40.000  0.00000 0
-112.000   41.000  0.00000 0
-112.000   42.000 -0.02682 0
-112.000   43.000 -0.04701 0
-112.000   44.000 -0.06143 1
-112.000   45.000 -0.06838 2
-112.000   46.000 -0.07092 4
-112.000   47.000 -0.04219 3
-112.000   48.000 -0.02011 4
-112.000   49.000 -0.00711 2
-112.000   50.000  0.00211 2
-111.000   25.000  0.00147 0
-111.000   26.000  0.00236 0
-111.000   27.000  0.00491 1
-111.000   28.000  0.00994 1
-111.000   29.000  0.01497 2
-111.000   30.000  0.01109 1
-111.000   31.000  0.00707 1
-111.000   32.000 -0.01267 1
-111.000   33.000 -0.03977 1
-111.000   34.000 -0.06687 2
-111.000   35.000 -0.06385 1
-111.000   36.000 -0.06083 1
-111.000   37.000 -0.04412 0
-111.000   38.000 -0.02206 0
-111.000   39.000  0.00000 0
-111.000   40.000  0.00000 0
-111.000   41.000  0.00000 0
-111.000   42.000 -0.02247 0
-111.000   43.000 -0.03830 0
-111.000   44.000 -0.05032 1
-111.000   45.000 -0.05684 2
-111.000   46.000 -0.06016 3
-111.000   47.000 -0.03718 2
-111.000   48.000 -0.02084 2
-111.000   49.000 -0.01103 1
-111.000   50.000 -0.00384 1
-110.000   25.000 -0.00017 0
-110.000   26.000 -0.00025 0
-110.000   27.000  0.00193 2
-110.000   28.000  0.00654 2
-110.000   29.000  0.01114 4
-110.000   30.000  0.00823 2
-110.000   31.000  0.00531 2
-110.000   32.000 -0.00618 1
-110.000   33.000 -0.02550 1
-110.000   34.000 -0.04481 1
-110.000   35.000 -0.04179 0
-110.000   36.000 -0.03877 0
-110.000   37.000 -0.02941 0
-110.000   38.000 -0.01471 0
-110.000   39.000  0.00000 0
-110.000   40.000  0.00000 0
-110.000   41.000  0.00000 0
-110.000   42.000 -0.01811 0
-110.000   43.000 -0.03124 0
-110.000   44.000 -0.04131 1
-110.000   45.000 -0.04709 1
-110.000   46.000 -0.05072 2
-110.000   47.000 -0.03318 1
-110.000   48.000 -0.02061 2
-110.000   49.000 -0.01318 1
-110.000   50.000 -0.00794 1
-109.000   25.000 -0.00253 0
-109.000   26.000 -0.00380 0
-109.000   27.000 -0.00264 1
-109.000   28.000  0.00089 1
-109.000   29.000  0.00442 2
-109.000   30.000  0.00393 1
-109.000   31.000  0.00344 1
-109.000   32.000 -0.00214 0
-109.000   33.000 -0.01303 0
-109.000   34.000 -0.02391 0
-109.000   35.000 -0.02190 0
-109.000   36.000 -0.01989 0
-109.000   37.000 -0.01471 0
-109.000   38.000 -0.00735 0
-109.000   39.000  0.00000 0
-109.000   40.000  0.00000 0
-109.000   41.000  0.00000 0
-109.000   42.000 -0.01207 0
-109.000   43.000 -0.02166 0
-109.000   44.000 -0.02920 0
-109.000   45.000 -0.03362 0
-109.000   46.000 -0.03665 0
-109.000   47.000 -0.02546 0
-109.000   48.000 -0.01676 0
-109.000   49.000 -0.01152 0
-109.000   50.000 -0.00799 0
-108.000   25.000 -0.00505 0
-108.000   26.000 -0.00757 0
-108.000   27.000 -0.00805 2
-108.000   28.000 -0.00683 2
-108.000   29.000 -0.00561 3
-108.000   30.000 -0.00359 1
-108.000   31.000 -0.00156 1
-108.000   32.000 -0.00057 0
-108.000   33.000 -0.00179 0
-108.000   34.000 -0.00302 0
-108.000   35.000 -0.00201 0
-108.000   36.000 -0.00101 0
-108.000   37.000  0.00000 0
-108.000   38.000  0.00000 0
-108.000   39.000  0.00000 0
-108.000   40.000  0.00000 0
-108.000   41.000  0.00000 0
-108.000   42.000 -0.00604 0
-108.000   43.000 -0.01207 0
-108.000   44.000 -0.01639 0
-108.000   45.000 -0.01899 0
-108.000   46.000 -0.02050 0
-108.000   47.000 -0.01491 0
-108.000   48.000 -0.00931 0
-108.000   49.000 -0.00624 0
-108.000   50.000 -0.00400 0
-107.000   25.000 -0.00513 0
-107.000   26.000 -0.00770 0
-107.000   27.000 -0.00877 1
-107.000   28.000 -0.00871 1
-107.000   29.000 -0.00866 1
-107.000   30.000 -0.00558 0
-107.000   31.000 -0.00250 0
-107.000   32.000  0.00011 0
-107.000   33.000  0.00005 0
-107.000   34.000  0.00000 0
-107.000   35.000  0.00000 0
-107.000   36.000  0.00000 0
-107.000   37.000  0.00000 0
-107.000   38.000  0.00000 0
-107.000   39.000  0.00000 0
-107.000   40.000  0.00000 0
-107.000   41.000  0.00000 0
-107.000   42.000  0.00000 0
-107.000   43.000  0.00000 0
-107.000   44.000  0.00000 0
-107.000   45.000  0.00000 0
-107.000   46.000  0.00000 0
-107.000   47.000  0.00000 0
-107.000   48.000  0.00000 0
-107.000   49.000  0.00000 0
-107.000   50.000  0.00000 0
-106.000   25.000 -0.00441 0
-106.000   26.000 -0.00661 0
-106.000   27.000 -0.00769 1
-106.000   28.000 -0.00766 1
-106.000   29.000 -0.00764 1
-106.000   30.000 -0.00499 0
-106.000   31.000 -0.00235 0
-106.000   32.000  0.00005 0
-106.000   33.000  0.00003 0
-106.000   34.000  0.00000 0
-106.000   35.000  0.00000 0
-106.000   36.000  0.00000 0
-106.000   37.000  0.00000 0
-106.000   38.000  0.00000 0
-106.000   39.000  0.00000 0
-106.000   40.000  0.00000 0
-106.000   41.000  0.00000 0
-106.000   42.000  0.00000 0
-106.000   43.000  0.00000 0
-106.000   44.000  0.00000 0
-106.000   45.000  0.00000 0
-106.000   46.000  0.00000 0
-106.000   47.000  0.00000 0
-106.000   48.000  0.00000 0
-106.000   49.000  0.00000 0
-106.000   50.000  0.00000 0
-105.000   25.000 -0.00324 0
-105.000   26.000 -0.00485 0
-105.000   27.000 -0.00583 0
-105.000   28.000 -0.00583 0
-105.000   29.000 -0.00583 0
-105.000   30.000 -0.00388 0
-105.000   31.000 -0.00194 0
-105.000   32.000  0.00000 0
-105.000   33.000  0.00000 0
-105.000   34.000  0.00000 0
-105.000   35.000  0.00000 0
-105.000   36.000  0.00000 0
-105.000   37.000  0.00000 0
-105.000   38.000  0.00000 0
-105.000   39.000  0.00000 0
-105.000   40.000  0.00000 0
-105.000   41.000  0.00000 0
-105.000   42.000  0.00000 0
-105.000   43.000  0.00000 0
-105.000   44.000  0.00000 0
-105.000   45.000  0.00000 0
-105.000   46.000  0.00000 0
-105.000   47.000  0.00000 0
-105.000   48.000  0.00000 0
-105.000   49.000  0.00000 0
-105.000   50.000  0.00000 0
-104.000   25.000 -0.00162 0
-104.000   26.000 -0.00243 0
-104.000   27.000 -0.00291 0
-104.000   28.000 -0.00291 0
-104.000   29.000 -0.00291 0
-104.000   30.000 -0.00194 0
-104.000   31.000 -0.00097 0
-104.000   32.000  0.00000 0
-104.000   33.000  0.00000 0
-104.000   34.000  0.00000 0
-104.000   35.000  0.00000 0
-104.000   36.000  0.00000 0
-104.000   37.000  0.00000 0
-104.000   38.000  0.00000 0
-104.000   39.000  0.00000 0
-104.000   40.000  0.00000 0
-104.000   41.000  0.00000 0
-104.000   42.000  0.00000 0
-104.000   43.000  0.00000 0
-104.000   44.000  0.00000 0
-104.000   45.000  0.00000 0
-104.000   46.000  0.00000 0
-104.000   47.000  0.00000 0
-104.000   48.000  0.00000 0
-104.000   49.000  0.00000 0
-104.000   50.000  0.00000 0
-103.000   25.000  0.00000 0
-103.000   26.000  0.00000 0
-103.000   27.000  0.00000 0
-103.000   28.000 -0.00017 0
-103.000   29.000 -0.00034 0
-103.000   30.000 -0.00051 0
-103.000   31.000 -0.00051 0
-103.000   32.000 -0.00051 0
-103.000   33.000 -0.00034 0
-103.000   34.000 -0.00017 0
-103.000   35.000  0.00000 0
-103.000   36.000  0.00000 0
-103.000   37.000  0.00000 0
-103.000   38.000  0.00000 0
-103.000   39.000  0.00000 0
-103.000   40.000  0.00000 0
-103.000   41.000  0.00000 0
-103.000   42.000  0.00000 0
-103.000   43.000  0.00000 0
-103.000   44.000  0.00000 0
-103.000   45.000  0.00000 0
-103.000   46.000  0.00000 0
-103.000   47.000  0.00000 0
-103.000   48.000  0.00000 0
-103.000   49.000  0.00000 0
-103.000   50.000  0.00000 0
-102.000   25.000  0.00000 0
-102.000   26.000  0.00000 0
-102.000   27.000  0.00000 0
-102.000   28.000 -0.00034 0
-102.000   29.000 -0.00067 0
-102.000   30.000 -0.00101 0
-102.000   31.000 -0.00101 0
-102.000   32.000 -0.00101 0
-102.000   33.000 -0.00067 0
-102.000   34.000 -0.00034 0
-102.000   35.000  0.00000 0
-102.000   36.000  0.00000 0
-102.000   37.000  0.00000 0
-102.000   38.000  0.00000 0
-102.000   39.000  0.00000 0
-102.000   40.000  0.00000 0
-102.000   41.000  0.00000 0
-102.000   42.000  0.00000 0
-102.000   43.000  0.00000 0
-102.000   44.000  0.00000 0
-102.000   45.000  0.00000 0
-102.000   46.000  0.00000 0
-102.000   47.000  0.00000 0
-102.000   48.000  0.00000 0
-102.000   49.000  0.00000 0
-102.000   50.000  0.00000 0
-101.000   25.000  0.00000 0
-101.000   26.000  0.00000 0
-101.000   27.000  0.00000 0
-101.000   28.000 -0.00051 0
-101.000   29.000 -0.00101 0
-101.000   30.000 -0.00152 1
-101.000   31.000 -0.00152 1
-101.000   32.000 -0.00152 1
-101.000   33.000 -0.00101 0
-101.000   34.000 -0.00051 0
-101.000   35.000  0.00000 0
-101.000   36.000  0.00000 0
-101.000   37.000  0.00000 0
-101.000   38.000  0.00000 0
-101.000   39.000  0.00000 0
-101.000   40.000  0.00000 0
-101.000   41.000  0.00000 0
-101.000   42.000  0.00000 0
-101.000   43.000  0.00000 0
-101.000   44.000  0.00000 0
-101.000   45.000  0.00000 0
-101.000   46.000  0.00000 0
-101.000   47.000  0.00000 0
-101.000   48.000  0.00000 0
-101.000   49.000  0.00000 0
-101.000   50.000  0.00000 0
-100.000   25.000  0.00000 0
-100.000   26.000  0.00000 0
-100.000   27.000 -0.00050 0
-100.000   28.000 -0.00150 0
-100.000   29.000 -0.00250 0
-100.000   30.000 -0.00300 1
-100.000   31.000 -0.00300 1
-100.000   32.000 -0.00251 1
-100.000   33.000 -0.00151 0
-100.000   34.000 -0.00051 0
-100.000   35.000  0.00000 0
-100.000   36.000  0.00000 0
-100.000   37.000  0.00000 0
-100.000   38.000  0.00000 0
-100.000   39.000  0.00000 0
-100.000   40.000  0.00000 0
-100.000   41.000  0.00000 0
-100.000   42.000  0.00000 0
-100.000   43.000  0.00000 0
-100.000   44.000  0.00000 0
-100.000   45.000  0.00000 0
-100.000   46.000  0.00000 0
-100.000   47.000  0.00000 0
-100.000   48.000  0.00000 0
-100.000   49.000  0.00000 0
-100.000   50.000  0.00000 0
 -99.000   25.000 -0.00077 0
 -99.000   26.000 -0.00115 0
 -99.000   27.000 -0.00189 0
 -99.000   28.000 -0.00339 0
 -99.000   29.000 -0.00489 0
 -99.000   30.000 -0.00493 1
 -99.000   31.000 -0.00447 1
 -99.000   32.000 -0.00350 1
 -99.000   33.000 -0.00200 0
 -99.000   34.000 -0.00051 0
 -99.000   35.000  0.00000 0
 -99.000   36.000  0.00000 0
 -99.000   37.000  0.00000 0
 -99.000   38.000  0.00000 0
 -99.000   39.000  0.00000 0
 -99.000   40.000  0.00000 0
 -99.000   41.000  0.00000 0
 -99.000   42.000  0.00000 0
 -99.000   43.000  0.00000 0
 -99.000   44.000  0.00000 0
 -99.000   45.000  0.00000 0
 -99.000   46.000  0.00000 0
 -99.000   47.000  0.00000 0
 -99.000   48.000  0.00000 0
 -99.000   49.000  0.00000 0
 -99.000   50.000  0.00000 0
 -98.000   25.000 -0.00154 0
 -98.000   26.000 -0.00230 0
 -98.000   27.000 -0.00329 0
 -98.000   28.000 -0.00509 0
 -98.000   29.000 -0.00689 1
 -98.000   30.000 -0.00631 1
 -98.000   31.000 -0.00539 1
 -98.000   32.000 -0.00394 0
 -98.000   33.000 -0.00214 0
 -98.000   34.000 -0.00034 0
 -98.000   35.000  0.00000 0
 -98.000   36.000  0.00000 0
 -98.000   37.000  0.00000 0
 -98.000   38.000  0.00000 0
 -98.000   39.000  0.00000 0
 -98.000   40.000  0.00000 0
 -98.000   41.000  0.00000 0
 -98.000   42.000  0.00000 0
 -98.000   43.000  0.00000 0
 -98.000   44.000  0.00000 0
 -98.000   45.000  0.00000 0
 -98.000   46.000  0.00000 0
 -98.000   47.000  0.00000 0
 -98.000   48.000  0.00000 0
 -98.000   49.000  0.00000 0
 -98.000   50.000  0.00000 0
 -97.000   25.000 -0.00230 0
 -97.000   26.000 -0.00346 0
 -97.000   27.000 -0.00458 1
 -97.000   28.000 -0.00655 1
 -97.000   29.000 -0.00852 2
 -97.000   30.000 -0.00730 1
 -97.000   31.000 -0.00592 1
 -97.000   32.000 -0.00410 0
 -97.000   33.000 -0.00214 0
 -97.000   34.000 -0.00017 0
 -97.000   35.000  0.00000 0
 -97.000   36.000  0.00000 0
 -97.000   37.000  0.00000 0
 -97.000   38.000  0.00000 0
 -97.000   39.000  0.00000 0
 -97.000   40.000  0.00000 0
 -97.000   41.000  0.00000 0
 -97.000   42.000  0.00000 0
 -97.000   43.000  0.00000 0
 -97.000   44.000  0.00000 0
 -97.000   45.000  0.00000 0
 -97.000   46.000  0.00000 0
 -97.000   47.000  0.00000 0
 -97.000   48.000  0.00000 0
 -97.000   49.000  0.00000 0
 -97.000   50.000  0.00000 0
 -96.000   25.000 -0.00247 0
 -96.000   26.000 -0.00370 0
 -96.000   27.000 -0.00502 1
 -96.000   28.000 -0.00711 1
 -96.000   29.000 -0.00906 3
 -96.000   30.000 -0.00728 2
 -96.000   31.000 -0.00551 2
 -96.000   32.000 -0.00345 0
 -96.000   33.000 -0.00136 0
 -96.000   34.000  0.00059 0
 -96.000   35.000  0.00029 0
 -96.000   36.000  0.00000 0
 -96.000   37.000  0.00000 0
 -96.000   38.000  0.00000 0
 -96.000   39.000  0.00000 0
 -96.000   40.000  0.00000 0
 -96.000   41.000  0.00000 0
 -96.000   42.000  0.00000 0
 -96.000   43.000  0.00000 0
 -96.000   44.000  0.00000 0
 -96.000   45.000  0.00000 0
 -96.000   46.000  0.00000 0
 -96.000   47.000  0.00000 0
 -96.000   48.000  0.00000 0
 -96.000   49.000  0.00000 0
 -96.000   50.000  0.00000 0
 -95.000   25.000 -0.00263 0
 -95.000   26.000 -0.00394 0
 -95.000   27.000 -0.00489 1
 -95.000   28.000 -0.00674 1
 -95.000   29.000 -0.00831 3
 -95.000   30.000 -0.00646 2
 -95.000   31.000 -0.00446 2
 -95.000   32.000 -0.00276 0
 -95.000   33.000 -0.00091 0
 -95.000   34.000  0.00065 0
 -95.000   35.000  0.00039 0
 -95.000   36.000 -0.00004 0
 -95.000   37.000  0.00000 0
 -95.000   38.000  0.00000 0
 -95.000   39.000  0.00000 0
 -95.000   40.000  0.00000 0
 -95.000   41.000  0.00000 0
 -95.000   42.000  0.00000 0
 -95.000   43.000  0.00000 0
 -95.000   44.000  0.00000 0
 -95.000   45.000  0.00000 0
 -95.000   46.000  0.00000 0
 -95.000   47.000  0.00000 0
 -95.000   48.000  0.00000 0
 -95.000   49.000  0.00000 0
 -95.000   50.000  0.00000 0
 -94.000   25.000 -0.00125 0
 -94.000   26.000 -0.00187 0
 -94.000   27.000 -0.00272 1
 -94.000   28.000 -0.00430 1
 -94.000   29.000 -0.00539 4
 -94.000   30.000 -0.00426 3
 -94.000   31.000 -0.00283 4
 -94.000   32.000 -0.00167 1
 -94.000   33.000 -0.00009 1
 -94.000   34.000  0.00099 0
 -94.000   35.000  0.00061 0
 -94.000   36.000 -0.00007 0
 -94.000   37.000  0.00000 0
 -94.000   38.000  0.00000 0
 -94.000   39.000  0.00000 0
 -94.000   40.000  0.00000 0
 -94.000   41.000  0.00000 0
 -94.000   42.000  0.00000 0
 -94.000   43.000  0.00000 0
 -94.000   44.000  0.00000 0
 -94.000   45.000  0.00000 0
 -94.000   46.000  0.00000 0
 -94.000   47.000  0.00000 0
 -94.000   48.000  0.00000 0
 -94.000   49.000  0.00000 0
 -94.000   50.000  0.00000 0
 -93.000   25.000  0.00091 0
 -93.000   26.000  0.00137 0
 -93.000   27.000  0.00050 1
 -93.000   28.000 -0.00084 1
 -93.000   29.000 -0.00149 3
 -93.000   30.000 -0.00160 3
 -93.000   31.000 -0.00122 4
 -93.000   32.000 -0.00074 3
 -93.000   33.000  0.00054 2
 -93.000   34.000  0.00114 1
 -93.000   35.000  0.00071 0
 -93.000   36.000 -0.00022 0
 -93.000   37.000 -0.00011 0
 -93.000   38.000 -0.00005 0
 -93.000   39.000  0.00000 0
 -93.000   40.000  0.00000 0
 -93.000   41.000  0.00000 0
 -93.000   42.000  0.00000 0
 -93.000   43.000  0.00000 0
 -93.000   44.000  0.00000 0
 -93.000   45.000  0.00000 0
 -93.000   46.000  0.00000 0
 -93.000   47.000  0.00000 0
 -93.000   48.000  0.00000 0
 -93.000   49.000  0.00000 0
 -93.000   50.000  0.00000 0
 -92.000   25.000  0.00291 0
 -92.000   26.000  0.00418 0
 -92.000   27.000  0.00336 2
 -92.000   28.000  0.00219 2
 -92.000   29.000  0.00174 5
 -92.000   30.000  0.00064 4
 -92.000   31.000 -0.00006 6
 -92.000   32.000 -0.00017 4
 -92.000   33.000  0.00095 3
 -92.000   34.000  0.00136 1
 -92.000   35.000  0.00097 0
 -92.000   36.000  0.00008 0
 -92.000   37.000  0.00017 0
 -92.000   38.000  0.00009 0
 -92.000   39.000  0.00000 0
 -92.000   40.000  0.00000 0
 -92.000   41.000  0.00000 0
 -92.000   42.000  0.00000 0
 -92.000   43.000  0.00000 0
 -92.000   44.000  0.00000 0
 -92.000   45.000  0.00000 0
 -92.000   46.000 -0.00047 0
 -92.000   47.000 -0.00094 0
 -92.000   48.000 -0.00140 0
 -92.000   49.000 -0.00175 0
 -92.000   50.000 -0.00234 0
 -91.000   25.000  0.00411 0
 -91.000   26.000  0.00578 0
 -91.000   27.000  0.00517 1
 -91.000   28.000  0.00428 1
 -91.000   29.000  0.00377 3
 -91.000   30.000  0.00161 3
 -91.000   31.000 -0.00028 4
 -91.000   32.000 -0.00089 3
 -91.000   33.000 -0.00008 2
 -91.000   34.000  0.00032 2
 -91.000   35.000  0.00031 1
 -91.000   36.000 -0.00020 1
 -91.000   37.000 -0.00056 0
 -91.000   38.000 -0.00075 0
 -91.000   39.000 -0.00091 0
 -91.000   40.000 -0.00067 0
 -91.000   41.000 -0.00043 0
 -91.000   42.000  0.00000 0
 -91.000   43.000  0.00000 0
 -91.000   44.000  0.00000 0
 -91.000   45.000  0.00000 0
 -91.000   46.000 -0.00094 0
 -91.000   47.000 -0.00187 0
 -91.000   48.000 -0.00281 0
 -91.000   49.000 -0.00351 0
 -91.000   50.000 -0.00468 0
 -90.000   25.000  0.00548 1
 -90.000   26.000  0.00760 1
 -90.000   27.000  0.00724 4
 -90.000   28.000  0.00682 3
 -90.000   29.000  0.00647 7
 -90.000   30.000  0.00374 4
 -90.000   31.000  0.00113 6
 -90.000   32.000  0.00005 3
 -90.000   33.000  0.00039 3
 -90.000   34.000  0.00054 3
 -90.000   35.000  0.00034 2
 -90.000   36.000 -0.00032 2
 -90.000   37.000 -0.00126 0
 -90.000   38.000 -0.00158 0
 -90.000   39.000 -0.00178 0
 -90.000   40.000 -0.00134 0
 -90.000   41.000 -0.00086 0
 -90.000   42.000  0.00000 0
 -90.000   43.000  0.00000 0
 -90.000   44.000 -0.00036 0
 -90.000   45.000 -0.00072 0
 -90.000   46.000 -0.00199 0
 -90.000   47.000 -0.00324 0
 -90.000   48.000 -0.00449 1
 -90.000   49.000 -0.00517 1
 -90.000   50.000 -0.00629 1
 -89.000   25.000  0.00792 1
 -89.000   26.000  0.00973 1
 -89.000   27.000  0.00941 3
 -89.000   28.000  0.00903 2
 -89.000   29.000  0.00839 4
 -89.000   30.000  0.00548 2
 -89.000   31.000  0.00254 3
 -89.000   32.000  0.00117 2
 -89.000   33.000  0.00094 2
 -89.000   34.000  0.00076 4
 -89.000   35.000  0.00037 3
 -89.000   36.000 -0.00032 4
 -89.000   37.000 -0.00167 2
 -89.000   38.000 -0.00218 2
 -89.000   39.000 -0.00243 1
 -89.000   40.000 -0.00186 0
 -89.000   41.000 -0.00126 0
 -89.000   42.000 -0.00028 0
 -89.000   43.000 -0.00031 0
 -89.000   44.000 -0.00092 0
 -89.000   45.000 -0.00164 0
 -89.000   46.000 -0.00317 0
 -89.000   47.000 -0.00449 0
 -89.000   48.000 -0.00577 1
 -89.000   49.000 -0.00637 1
 -89.000   50.000 -0.00729 1
 -88.000   25.000  0.00887 1
 -88.000   26.000  0.00945 1
 -88.000   27.000  0.00941 5
 -88.000   28.000  0.00930 4
 -88.000   29.000  0.00856 8
 -88.000   30.000  0.00661 4
 -88.000   31.000  0.00451 8
 -88.000   32.000  0.00322 5
 -88.000   33.000  0.00235 7
 -88.000   34.000  0.00177 5
 -88.000   35.000  0.00102 5
 -88.000   36.000  0.00021 4
 -88.000   37.000 -0.00157 3
 -88.000   38.000 -0.00243 2
 -88.000   39.000 -0.00288 1
 -88.000   40.000 -0.00226 0
 -88.000   41.000 -0.00159 0
 -88.000   42.000 -0.00057 0
 -88.000   43.000 -0.00063 0
 -88.000   44.000 -0.00148 0
 -88.000   45.000 -0.00244 0
 -88.000   46.000 -0.00403 1
 -88.000   47.000 -0.00524 1
 -88.000   48.000 -0.00631 3
 -88.000   49.000 -0.00665 2
 -88.000   50.000 -0.00728 2
 -87.000   25.000  0.01028 1
 -87.000   26.000  0.00966 1
 -87.000   27.000  0.00975 3
 -87.000   28.000  0.00981 2
 -87.000   29.000  0.00911 5
 -87.000   30.000  0.00779 3
 -87.000   31.000  0.00674 6
 -87.000   32.000  0.00554 3
 -87.000   33.000  0.00408 5
 -87.000   34.000  0.00294 3
 -87.000   35.000  0.00172 4
 -87.000   36.000  0.00044 4
 -87.000   37.000 -0.00174 4
 -87.000   38.000 -0.00279 4
 -87.000   39.000 -0.00327 3
 -87.000   40.000 -0.00261 2
 -87.000   41.000 -0.00187 2
 -87.000   42.000 -0.00078 2
 -87.000   43.000 -0.00088 3
 -87.000   44.000 -0.00172 3
 -87.000   45.000 -0.00269 2
 -87.000   46.000 -0.00356 2
 -87.000   47.000 -0.00416 1
 -87.000   48.000 -0.00447 2
 -87.000   49.000 -0.00430 1
 -87.000   50.000 -0.00414 1
 -86.000   25.000  0.01185 1
 -86.000   26.000  0.01014 1
 -86.000   27.000  0.01005 4
 -86.000   28.000  0.00978 3
 -86.000   29.000  0.00910 7
 -86.000   30.000  0.00896 4
 -86.000   31.000  0.00938 9
 -86.000   32.000  0.00869 5
 -86.000   33.000  0.00734 9
 -86.000   34.000  0.00580 5
 -86.000   35.000  0.00397 7
 -86.000   36.000  0.00201 5
 -86.000   37.000 -0.00017 5
 -86.000   38.000 -0.00160 4
 -86.000   39.000 -0.00227 3
 -86.000   40.000 -0.00200 2
 -86.000   41.000 -0.00154 2
 -86.000   42.000 -0.00088 2
 -86.000   43.000 -0.00107 3
 -86.000   44.000 -0.00185 3
 -86.000   45.000 -0.00281 2
 -86.000   46.000 -0.00302 2
 -86.000   47.000 -0.00312 2
 -86.000   48.000 -0.00277 4
 -86.000   49.000 -0.00224 4
 -86.000   50.000 -0.00140 3
 -85.000   25.000  0.01420 2
 -85.000   26.000  0.01230 2
 -85.000   27.000  0.01176 4
 -85.000   28.000  0.01075 2
 -85.000   29.000  0.00966 6
 -85.000   30.000  0.00975 4
 -85.000   31.000  0.01036 7
 -85.000   32.000  0.01011 3
 -85.000   33.000  0.00942 5
 -85.000   34.000  0.00802 3
 -85.000   35.000  0.00617 4
 -85.000   36.000  0.00404 4
 -85.000   37.000  0.00199 4
 -85.000   38.000  0.00011 6
 -85.000   39.000 -0.00085 5
 -85.000   40.000 -0.00105 6
 -85.000   41.000 -0.00090 5
 -85.000   42.000 -0.00071 6
 -85.000   43.000 -0.00093 6
 -85.000   44.000 -0.00125 6
 -85.000   45.000 -0.00182 6
 -85.000   46.000 -0.00154 5
 -85.000   47.000 -0.00142 4
 -85.000   48.000 -0.00078 3
 -85.000   49.000 -0.00034 3
 -85.000   50.000  0.00039 2
 -84.000   25.000  0.01462 1
 -84.000   26.000  0.01254 1
 -84.000   27.000  0.01165 3
 -84.000   28.000  0.01006 2
 -84.000   29.000  0.00874 6
 -84.000   30.000  0.00872 4
 -84.000   31.000  0.00966 8
 -84.000   32.000  0.01000 4
 -84.000   33.000  0.01033 7
 -84.000   34.000  0.00944 5
 -84.000   35.000  0.00800 7
 -84.000   36.000  0.00597 7
 -84.000   37.000  0.00411 7
 -84.000   38.000  0.00201 7
 -84.000   39.000  0.00093 5
 -84.000   40.000  0.00038 5
 -84.000   41.000  0.00030 4
 -84.000   42.000  0.00021 4
 -84.000   43.000 -0.00002 3
 -84.000   44.000  0.00000 3
 -84.000   45.000 -0.00016 4
 -84.000   46.000  0.00041 5
 -84.000   47.000  0.00054 6
 -84.000   48.000  0.00117 6
 -84.000   49.000  0.00144 6
 -84.000   50.000  0.00187 4
 -83.000   25.000  0.01232 2
 -83.000   26.000  0.01081 2
 -83.000   27.000  0.01001 5
 -83.000   28.000  0.00855 3
 -83.000   29.000  0.00749 8
 -83.000   30.000  0.00730 5
 -83.000   31.000  0.00816 9
 -83.000   32.000  0.00882 4
 -83.000   33.000  0.00985 6
 -83.000   34.000  0.00953 3
 -83.000   35.000  0.00882 4
 -83.000   36.000  0.00725 4
 -83.000   37.000  0.00576 4
 -83.000   38.000  0.00372 6
 -83.000   39.000  0.00264 5
 -83.000   40.000  0.00175 8
 -83.000   41.000  0.00133 6
 -83.000   42.000  0.00096 8
 -83.000   43.000  0.00072 7
 -83.000   44.000  0.00105 8
 -83.000   45.000  0.00138 8
 -83.000   46.000  0.00233 8
 -83.000   47.000  0.00280 7
 -83.000   48.000  0.00369 5
 -83.000   49.000  0.00393 3
 -83.000   50.000  0.00430 2
 -82.000   25.000  0.00909 1
 -82.000   26.000  0.00842 1
 -82.000   27.000  0.00764 3
 -82.000   28.000  0.00648 3
 -82.000   29.000  0.00546 6
 -82.000   30.000  0.00558 5
 -82.000   31.000  0.00624 8
 -82.000   32.000  0.00737 6
 -82.000   33.000  0.00897 8
 -82.000   34.000  0.00944 6
 -82.000   35.000  0.00961 7
 -82.000   36.000  0.00876 8
 -82.000   37.000  0.00788 8
 -82.000   38.000  0.00616 8
 -82.000   39.000  0.00518 6
 -82.000   40.000  0.00386 6
 -82.000   41.000  0.00300 5
 -82.000   42.000  0.00205 5
 -82.000   43.000  0.00161 5
 -82.000   44.000  0.00175 5
 -82.000   45.000  0.00230 4
 -82.000   46.000  0.00327 5
 -82.000   47.000  0.00413 5
 -82.000   48.000  0.00519 5
 -82.000   49.000  0.00552 4
 -82.000   50.000  0.00591 3
 -81.000   25.000  0.00585 2
 -81.000   26.000  0.00590 2
 -81.000   27.000  0.00534 6
 -81.000   28.000  0.00483 5
 -81.000   29.000  0.00381 10
 -81.000   30.000  0.00371 7
 -81.000   31.000  0.00368 11
 -81.000   32.000  0.00468 7
 -81.000   33.000  0.00584 10
 -81.000   34.000  0.00687 6
 -81.000   35.000  0.00795 6
 -81.000   36.000  0.00835 5
 -81.000   37.000  0.00856 5
 -81.000   38.000  0.00788 6
 -81.000   39.000  0.00732 4
 -81.000   40.000  0.00594 5
 -81.000   41.000  0.00469 4
 -81.000   42.000  0.00312 6
 -81.000   43.000  0.00258 7
 -81.000   44.000  0.00255 9
 -81.000   45.000  0.00335 9
 -81.000   46.000  0.00425 8
 -81.000   47.000  0.00513 7
 -81.000   48.000  0.00573 4
 -81.000   49.000  0.00590 4
 -81.000   50.000  0.00591 2
 -80.000   25.000  0.00352 2
 -80.000   26.000  0.00359 3
 -80.000   27.000  0.00333 4
 -80.000   28.000  0.00346 5
 -80.000   29.000  0.00243 7
 -80.000   30.000  0.00221 7
 -80.000   31.000  0.00183 8
 -80.000   32.000  0.00243 7
 -80.000   33.000  0.00273 9
 -80.000   34.000  0.00404 8
 -80.000   35.000  0.00579 7
 -80.000   36.000  0.00738 8
 -80.000   37.000  0.00840 8
 -80.000   38.000  0.00864 10
 -80.000   39.000  0.00833 7
 -80.000   40.000  0.00710 7
 -80.000   41.000  0.00587 6
 -80.000   42.000  0.00433 5
 -80.000   43.000  0.00417 5
 -80.000   44.000  0.00434 5
 -80.000   45.000  0.00529 6
 -80.000   46.000  0.00585 6
 -80.000   47.000  0.00618 6
 -80.000   48.000  0.00579 4
 -80.000   49.000  0.00552 4
 -80.000   50.000  0.00488 2
 -79.000   25.000  0.00182 2
 -79.000   26.000  0.00186 3
 -79.000   27.000  0.00191 5
 -79.000   28.000  0.00245 5
 -79.000   29.000  0.00163 10
 -79.000   30.000  0.00165 8
 -79.000   31.000  0.00112 12
 -79.000   32.000  0.00130 7
 -79.000   33.000  0.00081 11
 -79.000   34.000  0.00200 7
 -79.000   35.000  0.00372 7
 -79.000   36.000  0.00560 6
 -79.000   37.000  0.00667 6
 -79.000   38.000  0.00729 7
 -79.000   39.000  0.00712 4
 -79.000   40.000  0.00624 5
 -79.000   41.000  0.00549 4
 -79.000   42.000  0.00453 6
 -79.000   43.000  0.00482 6
 -79.000   44.000  0.00512 9
 -79.000   45.000  0.00616 10
 -79.000   46.000  0.00655 9
 -79.000   47.000  0.00679 9
 -79.000   48.000  0.00637 5
 -79.000   49.000  0.00618 7
 -79.000   50.000  0.00556 3
 -78.000   25.000  0.00252 2
 -78.000   26.000  0.00255 3
 -78.000   27.000  0.00239 4
 -78.000   28.000  0.00253 4
 -78.000   29.000  0.00169 7
 -78.000   30.000  0.00198 6
 -78.000   31.000  0.00142 9
 -78.000   32.000  0.00158 6
 -78.000   33.000  0.00109 9
 -78.000   34.000  0.00217 6
 -78.000   35.000  0.00319 7
 -78.000   36.000  0.00475 7
 -78.000   37.000  0.00542 8
 -78.000   38.000  0.00601 9
 -78.000   39.000  0.00561 8
 -78.000   40.000  0.00510 9
 -78.000   41.000  0.00449 9
 -78.000   42.000  0.00393 8
 -78.000   43.000  0.00417 8
 -78.000   44.000  0.00429 7
 -78.000   45.000  0.00479 7
 -78.000   46.000  0.00476 6
 -78.000   47.000  0.00524 6
 -78.000   48.000  0.00532 4
 -78.000   49.000  0.00543 4
 -78.000   50.000  0.00543 2
 -77.000   25.000  0.00377 3
 -77.000   26.000  0.00348 2
 -77.000   27.000  0.00320 6
 -77.000   28.000  0.00285 4
 -77.000   29.000  0.00218 10
 -77.000   30.000  0.00242 6
 -77.000   31.000  0.00202 13
 -77.000   32.000  0.00206 7
 -77.000   33.000  0.00150 13
 -77.000   34.000  0.00175 6
 -77.000   35.000  0.00164 9
 -77.000   36.000  0.00244 6
 -77.000   37.000  0.00268 8
 -77.000   38.000  0.00340 7
 -77.000   39.000  0.00338 6
 -77.000   40.000  0.00361 6
 -77.000   41.000  0.00310 6
 -77.000   42.000  0.00280 7
 -77.000   43.000  0.00262 7
 -77.000   44.000  0.00263 9
 -77.000   45.000  0.00264 9
 -77.000   46.000  0.00264 9
 -77.000   47.000  0.00307 8
 -77.000   48.000  0.00323 6
 -77.000   49.000  0.00331 7
 -77.000   50.000  0.00349 5
 -76.000   25.000  0.00283 4
 -76.000   26.000  0.00256 3
 -76.000   27.000  0.00242 7
 -76.000   28.000  0.00202 4
 -76.000   29.000  0.00201 8
 -76.000   30.000  0.00247 4
 -76.000   31.000  0.00265 8
 -76.000   32.000  0.00297 4
 -76.000   33.000  0.00280 8
 -76.000   34.000  0.00214 4
 -76.000   35.000  0.00114 7
 -76.000   36.000  0.00104 5
 -76.000   37.000  0.00065 8
 -76.000   38.000  0.00130 8
 -76.000   39.000  0.00208 9
 -76.000   40.000  0.00320 9
 -76.000   41.000  0.00303 10
 -76.000   42.000  0.00310 9
 -76.000   43.000  0.00254 10
 -76.000   44.000  0.00237 8
 -76.000   45.000  0.00159 7
 -76.000   46.000  0.00119 7
 -76.000   47.000  0.00110 6
 -76.000   48.000  0.00089 6
 -76.000   49.000  0.00058 3
 -76.000   50.000  0.00066 3
 -75.000   25.000  0.00001 5
 -75.000   26.000 -0.00070 3
 -75.000   27.000 -0.00079 8
 -75.000   28.000 -0.00141 5
 -75.000   29.000 -0.00080 11
 -75.000   30.000  0.00042 6
 -75.000   31.000  0.00174 12
 -75.000   32.000  0.00272 6
 -75.000   33.000  0.00319 13
 -75.000   34.000  0.00234 7
 -75.000   35.000  0.00096 11
 -75.000   36.000 -0.00001 6
 -75.000   37.000 -0.00085 9
 -75.000   38.000 -0.00036 9
 -75.000   39.000  0.00120 9
 -75.000   40.000  0.00287 9
 -75.000   41.000  0.00322 7
 -75.000   42.000  0.00352 8
 -75.000   43.000  0.00284 7
 -75.000   44.000  0.00213 8
 -75.000   45.000  0.00095 6
 -75.000   46.000  0.00038 8
 -75.000   47.000  0.00034 7
 -75.000   48.000  0.00028 8
 -75.000   49.000 -0.00015 6
 -75.000   50.000 -0.00003 6
 -74.000   25.000 -0.00483 4
 -74.000   26.000 -0.00574 3
 -74.000   27.000 -0.00575 7
 -74.000   28.000 -0.00629 4
 -74.000   29.000 -0.00525 9
 -74.000   30.000 -0.00333 5
 -74.000   31.000 -0.00122 9
 -74.000   32.000  0.00037 4
 -74.000   33.000  0.00134 8
 -74.000   34.000  0.00116 4
 -74.000   35.000  0.00025 7
 -74.000   36.000 -0.00056 4
 -74.000   37.000 -0.00126 7
 -74.000   38.000 -0.00055 7
 -74.000   39.000  0.00142 9
 -74.000   40.000  0.00330 9
 -74.000   41.000  0.00383 9
 -74.000   42.000  0.00428 9
 -74.000   43.000  0.00358 9
 -74.000   44.000  0.00244 9
 -74.000   45.000  0.00087 7
 -74.000   46.000 -0.00007 8
 -74.000   47.000 -0.00082 7
 -74.000   48.000 -0.00158 8
 -74.000   49.000 -0.00259 5
 -74.000   50.000 -0.00316 4
 -73.000   25.000 -0.00848 5
 -73.000   26.000 -0.00995 3
 -73.000   27.000 -0.01004 8
 -73.000   28.000 -0.01080 5
 -73.000   29.000 -0.00982 11
 -73.000   30.000 -0.00773 6
 -73.000   31.000 -0.00506 13
 -73.000   32.000 -0.00296 7
 -73.000   33.000 -0.00171 14
 -73.000   34.000 -0.00131 7
 -73.000   35.000 -0.00142 11
 -73.000   36.000 -0.00184 7
 -73.000   37.000 -0.00240 10
 -73.000   38.000 -0.00169 11
 -73.000   39.000  0.00008 11
 -73.000   40.000  0.00182 11
 -73.000   41.000  0.00276 7
 -73.000   42.000  0.00360 8
 -73.000   43.000  0.00343 6
 -73.000   44.000  0.00300 9
 -73.000   45.000  0.00215 6
 -73.000   46.000  0.00134 7
 -73.000   47.000 -0.00010 5
 -73.000   48.000 -0.00170 7
 -73.000   49.000 -0.00315 6
 -73.000   50.000 -0.00483 5
 -72.000   25.000 -0.01307 4
 -72.000   26.000 -0.01450 3
 -72.000   27.000 -0.01447 7
 -72.000   28.000 -0.01497 4
 -72.000   29.000 -0.01382 9
 -72.000   30.000 -0.01141 5
 -72.000   31.000 -0.00829 10
 -72.000   32.000 -0.00574 5
 -72.000   33.000 -0.00416 9
 -72.000   34.000 -0.00326 4
 -72.000   35.000 -0.00293 7
 -72.000   36.000 -0.00265 5
 -72.000   37.000 -0.00281 7
 -72.000   38.000 -0.00218 7
 -72.000   39.000 -0.00112 7
 -72.000   40.000  0.00057 7
 -72.000   41.000  0.00225 5
 -72.000   42.000  0.00362 7
 -72.000   43.000  0.00451 6
 -72.000   44.000  0.00545 9
 -72.000   45.000  0.00534 6
 -72.000   46.000  0.00403 7
 -72.000   47.000  0.00173 4
 -72.000   48.000 -0.00061 5
 -72.000   49.000 -0.00236 3
 -72.000   50.000 -0.00473 2
 -71.000   25.000 -0.01271 3
 -71.000   26.000 -0.01471 2
 -71.000   27.000 -0.01537 5
 -71.000   28.000 -0.01706 3
 -71.000   29.000 -0.01689 7
 -71.000   30.000 -0.01437 4
 -71.000   31.000 -0.01103 9
 -71.000   32.000 -0.00784 5
 -71.000   33.000 -0.00526 11
 -71.000   34.000 -0.00316 6
 -71.000   35.000 -0.00217 11
 -71.000   36.000 -0.00158 7
 -71.000   37.000 -0.00181 8
 -71.000   38.000 -0.00183 8
 -71.000   39.000 -0.00209 7
 -71.000   40.000 -0.00145 8
 -71.000   41.000  0.00020 3
 -71.000   42.000  0.00173 5
 -71.000   43.000  0.00322 3
 -71.000   44.000  0.00475 5
 -71.000   45.000  0.00547 2
 -71.000   46.000  0.00442 3
 -71.000   47.000  0.00259 1
 -71.000   48.000  0.00090 2
 -71.000   49.000 -0.00032 1
 -71.000   50.000 -0.00230 1
 -70.000   25.000 -0.01232 1
 -70.000   26.000 -0.01469 1
 -70.000   27.000 -0.01603 3
 -70.000   28.000 -0.01874 2
 -70.000   29.000 -0.01941 6
 -70.000   30.000 -0.01634 4
 -70.000   31.000 -0.01236 7
 -70.000   32.000 -0.00773 3
 -70.000   33.000 -0.00343 6
 -70.000   34.000  0.00002 3
 -70.000   35.000  0.00160 6
 -70.000   36.000  0.00207 3
 -70.000   37.000  0.00126 3
 -70.000   38.000  0.00043 2
 -70.000   39.000 -0.00117 2
 -70.000   40.000 -0.00160 3
 -70.000   41.000 -0.00055 1
 -70.000   42.000  0.00060 2
 -70.000   43.000  0.00168 1
 -70.000   44.000  0.00321 2
 -70.000   45.000  0.00388 1
 -70.000   46.000  0.00320 2
 -70.000   47.000  0.00197 1
 -70.000   48.000  0.00115 1
 -70.000   49.000  0.00056 0
 -70.000   50.000 -0.00076 0
 -69.000   25.000 -0.00925 0
 -69.000   26.000 -0.01122 0
 -69.000   27.000 -0.01399 1
 -69.000   28.000 -0.01794 1
 -69.000   29.000 -0.01944 3
 -69.000   30.000 -0.01669 2
 -69.000   31.000 -0.01283 4
 -69.000   32.000 -0.00633 2
 -69.000   33.000 -0.00005 4
 -69.000   34.000  0.00425 2
 -69.000   35.000  0.00608 5
 -69.000   36.000  0.00602 3
 -69.000   37.000  0.00456 3
 -69.000   38.000  0.00290 3
 -69.000   39.000  0.00030 3
 -69.000   40.000 -0.00111 5
 -69.000   41.000 -0.00075 2
 -69.000   42.000 -0.00032 2
 -69.000   43.000  0.00016 0
 -69.000   44.000  0.00166 0
 -69.000   45.000  0.00236 0
 -69.000   46.000  0.00218 0
 -69.000   47.000  0.00181 0
 -69.000   48.000  0.00175 0
 -69.000   49.000  0.00176 0
 -69.000   50.000  0.00120 0
 -68.000   25.000 -0.00634 0
 -68.000   26.000 -0.00777 0
 -68.000   27.000 -0.01189 1
 -68.000   28.000 -0.01689 1
 -68.000   29.000 -0.01916 4
 -68.000   30.000 -0.01676 3
 -68.000   31.000 -0.01319 5
 -68.000   32.000 -0.00507 2
 -68.000   33.000  0.00297 3
 -68.000   34.000  0.00737 1
 -68.000   35.000  0.00870 2
 -68.000   36.000  0.00804 1
 -68.000   37.000  0.00610 1
 -68.000   38.000  0.00392 1
 -68.000   39.000  0.00189 1
 -68.000   40.000  0.00055 2
 -68.000   41.000  0.00061 1
 -68.000   42.000  0.00048 1
 -68.000   43.000  0.00054 0
 -68.000   44.000  0.00144 0
 -68.000   45.000  0.00172 0
 -68.000   46.000  0.00151 0
 -68.000   47.000  0.00113 0
 -68.000   48.000  0.00095 0
 -68.000   49.000  0.00086 0
 -68.000   50.000  0.00057 0
 -67.000   25.000 -0.00242 0
 -67.000   26.000 -0.00363 0
 -67.000   27.000 -0.00781 0
 -67.000   28.000 -0.01288 0
 -67.000   29.000 -0.01543 1
 -67.000   30.000 -0.01373 1
 -67.000   31.000 -0.01099 2
 -67.000   32.000 -0.00356 1
 -67.000   33.000  0.00407 2
 -67.000   34.000  0.00844 1
 -67.000   35.000  0.01001 2
 -67.000   36.000  0.00913 1
 -67.000   37.000  0.00702 1
 -67.000   38.000  0.00480 1
 -67.000   39.000  0.00316 1
 -67.000   40.000  0.00153 2
 -67.000   41.000  0.00112 1
 -67.000   42.000  0.00071 1
 -67.000   43.000  0.00037 0
 -67.000   44.000  0.00019 0
 -67.000   45.000  0.00000 0
 -67.000   46.000  0.00000 0
 -67.000   47.000  0.00000 0
 -67.000   48.000  0.00000 0
 -67.000   49.000  0.00000 0
 -67.000   50.000  0.00000 0
 -66.000   25.000 -0.00151 0
 -66.000   26.000 -0.00227 0
 -66.000   27.000 -0.00687 0
 -66.000   28.000 -0.01205 0
 -66.000   29.000 -0.01460 1
 -66.000   30.000 -0.01327 1
 -66.000   31.000 -0.01081 2
 -66.000   32.000 -0.00281 1
 -66.000   33.000  0.00542 2
 -66.000   34.000  0.01014 1
 -66.000   35.000  0.01190 1
 -66.000   36.000  0.01071 0
 -66.000   37.000  0.00815 0
 -66.000   38.000  0.00559 0
 -66.000   39.000  0.00400 0
 -66.000   40.000  0.00242 0
 -66.000   41.000  0.00205 0
 -66.000   42.000  0.00168 0
 -66.000   43.000  0.00119 0
 -66.000   44.000  0.00060 0
 -66.000   45.000  0.00000 0
 -66.000   46.000  0.00000 0
 -66.000   47.000  0.00000 0
 -66.000   48.000  0.00000 0
 -66.000   49.000  0.00000 0
 -66.000   50.000  0.00000 0
 -65.000   25.000  0.00000 0
 -65.000   26.000  0.00000 0
 -65.000   27.000 -0.00504 0
 -65.000   28.000 -0.01008 0
 -65.000   29.000 -0.01248 0
 -65.000   30.000 -0.01225 0
 -65.000   31.000 -0.01084 0
 -65.000   32.000 -0.00319 0
 -65.000   33.000  0.00453 0
 -65.000   34.000  0.00839 0
 -65.000   35.000  0.00962 0
 -65.000   36.000  0.00845 0
 -65.000   37.000  0.00609 0
 -65.000   38.000  0.00372 0
 -65.000   39.000  0.00267 0
 -65.000   40.000  0.00161 0
 -65.000   41.000  0.00136 0
 -65.000   42.000  0.00112 0
 -65.000   43.000  0.00079 0
 -65.000   44.000  0.00040 0
 -65.000   45.000  0.00000 0
 -65.000   46.000  0.00000 0
 -65.000   47.000  0.00000 0
 -65.000   48.000  0.00000 0
 -65.000   49.000  0.00000 0
 -65.000   50.000  0.00000 0
