-130.000   25.000 -0.01095 14
-130.000   26.000 -0.01035 17
-130.000   27.000 -0.00863 19
-130.000   28.000 -0.00716 14
-130.000   29.000 -0.00410 16
-130.000   30.000 -0.00126 12
-130.000   31.000  0.00291 15
-130.000   32.000  0.00666 11
-130.000   33.000  0.01016 13
-130.000   34.000  0.01078 10
-130.000   35.000  0.01094 12
-130.000   36.000  0.00860 10
-130.000   37.000  0.00697 10
-130.000   38.000  0.00353 10
-130.000   39.000  0.00222 11
-130.000   40.000 -0.00018 11
-130.000   41.000  0.00154 12
-130.000   42.000  0.00179 11
-130.000   43.000  0.00403 13
-130.000   44.000  0.00384 11
-130.000   45.000  0.00621 12
-130.000   46.000  0.00656 11
-130.000   47.000  0.00710 13
-130.000   48.000  0.00734 14
-130.000   49.000  0.00980 14
-130.000   50.000  0.01132 9
-129.000   25.000 -0.00754 15
-129.000   26.000 -0.00731 19
-129.000   27.000 -0.00575 22
-129.000   28.000 -0.00452 17
-129.000   29.000 -0.00189 19
-129.000   30.000  0.00084 15
-129.000   31.000  0.00439 18
-129.000   32.000  0.00695 14
-129.000   33.000  0.00932 17
-129.000   34.000  0.00918 15
-129.000   35.000  0.00919 18
-129.000   36.000  0.00678 16
-129.000   37.000  0.00576 17
-129.000   38.000  0.00255 18
-129.000   39.000  0.00174 20
-129.000   40.000 -0.00051 19
-129.000   41.000  0.00137 20
-129.000   42.000  0.00142 18
-129.000   43.000  0.00349 19
-129.000   44.000  0.00336 16
-129.000   45.000  0.00549 16
-129.000   46.000  0.00570 16
-129.000   47.000  0.00635 16
-129.000   48.000  0.00684 18
-129.000   49.000  0.00896 15
-129.000   50.000  0.01033 11
-128.000   25.000 -0.00428 16
-128.000   26.000 -0.00387 20
-128.000   27.000 -0.00249 19
-128.000   28.000 -0.00134 16
-128.000   29.000  0.00054 15
-128.000   30.000  0.00273 13
-128.000   31.000  0.00506 14
-128.000   32.000  0.00657 12
-128.000   33.000  0.00804 13
-128.000   34.000  0.00794 12
-128.000   35.000  0.00803 14
-128.000   36.000  0.00596 13
-128.000   37.000  0.00538 13
-128.000   38.000  0.00268 14
-128.000   39.000  0.00205 17
-128.000   40.000  0.00022 18
-128.000   41.000  0.00238 19
-128.000   42.000  0.00256 17
-128.000   43.000  0.00453 19
-128.000   44.000  0.00432 16
-128.000   45.000  0.00599 18
-128.000   46.000  0.00582 16
-128.000   47.000  0.00618 19
-128.000   48.000  0.00646 19
-128.000   49.000  0.00820 20
-128.000   50.000  0.00930 14
-127.000   25.000 -0.00095 14
-127.000   26.000 -0.00028 17
-127.000   27.000  0.00112 19
-127.000   28.000  0.00206 15
-127.000   29.000  0.00335 18
-127.000   30.000  0.00450 15
-127.000   31.000  0.00526 18
-127.000   32.000  0.00461 16
-127.000   33.000  0.00500 19
-127.000   34.000  0.00458 17
-127.000   35.000  0.00516 19
-127.000   36.000  0.00359 17
-127.000   37.000  0.00420 19
-127.000   38.000  0.00199 19
-127.000   39.000  0.00186 23
-127.000   40.000  0.00045 22
-127.000   41.000  0.00286 21
-127.000   42.000  0.00292 18
-127.000   43.000  0.00468 19
-127.000   44.000  0.00447 18
-127.000   45.000  0.00541 17
-127.000   46.000  0.00482 17
-127.000   47.000  0.00513 17
-127.000   48.000  0.00570 20
-127.000   49.000  0.00692 17
-127.000   50.000  0.00794 14
-126.000   25.000  0.00231 15
-126.000   26.000  0.00272 18
-126.000   27.000  0.00381 17
-126.000   28.000  0.00376 15
-126.000   29.000  0.00391 15
-126.000   30.000  0.00384 14
-126.000   31.000  0.00332 14
-126.000   32.000  0.00134 14
-126.000   33.000  0.00139 16
-126.000   34.000  0.00162 15
-126.000   35.000  0.00300 16
-126.000   36.000  0.00238 14
-126.000   37.000  0.00391 16
-126.000   38.000  0.00252 15
-126.000   39.000  0.00259 18
-126.000   40.000  0.00179 18
-126.000   41.000  0.00427 19
-126.000   42.000  0.00444 18
-126.000   43.000  0.00590 20
-126.000   44.000  0.00561 19
-126.000   45.000  0.00591 20
-126.000   46.000  0.00483 19
-126.000   47.000  0.00451 21
-126.000   48.000  0.00474 20
-126.000   49.000  0.00528 20
-126.000   50.000  0.00573 14
-125.000   25.000  0.00374 13
-125.000   26.000  0.00414 17
-125.000   27.000  0.00523 20
-125.000   28.000  0.00502 18
-125.000   29.000  0.00524 20
-125.000   30.000  0.00456 19
-125.000   31.000  0.00337 20
-125.000   32.000  0.00034 20
-125.000   33.000 -0.00008 22
-125.000   34.000 -0.00016 20
-125.000   35.000  0.00135 21
-125.000   36.000  0.00118 19
-125.000   37.000  0.00355 22
-125.000   38.000  0.00263 21
-125.000   39.000  0.00302 21
-125.000   40.000  0.00243 19
-125.000   41.000  0.00467 17
-125.000   42.000  0.00439 17
-125.000   43.000  0.00546 18
-125.000   44.000  0.00515 19
-125.000   45.000  0.00542 18
-125.000   46.000  0.00436 20
-125.000   47.000  0.00438 19
-125.000   48.000  0.00496 21
-125.000   49.000  0.00530 17
-125.000   50.000  0.00543 14
-124.000   25.000  0.00286 15
-124.000   26.000  0.00307 20
-124.000   27.000  0.00414 19
-124.000   28.000  0.00374 18
-124.000   29.000  0.00437 16
-124.000   30.000  0.00351 17
-124.000   31.000  0.00268 17
-124.000   32.000 -0.00019 18
-124.000   33.000 -0.00029 19
-124.000   34.000 -0.00026 18
-124.000   35.000  0.00109 19
-124.000   36.000  0.00126 17
-124.000   37.000  0.00380 18
-124.000   38.000  0.00354 16
-124.000   39.000  0.00407 17
-124.000   40.000  0.00390 16
-124.000   41.000  0.00574 18
-124.000   42.000  0.00530 18
-124.000   43.000  0.00594 21
-124.000   44.000  0.00553 20
-124.000   45.000  0.00558 21
-124.000   46.000  0.00440 20
-124.000   47.000  0.00426 21
-124.000   48.000  0.00481 20
-124.000   49.000  0.00491 19
-124.000   50.000  0.00477 14
-123.000   25.000  0.00316 16
-123.000   26.000  0.00342 21
-123.000   27.000  0.00462 23
-123.000   28.000  0.00429 20
-123.000   29.000  0.00546 22
-123.000   30.000  0.00404 22
-123.000   31.000  0.00327 25
-123.000   32.000  0.00017 24
-123.000   33.000  0.00008 25
-123.000   34.000 -0.00043 22
-123.000   35.000  0.00059 23
-123.000   36.000  0.00071 20
-123.000   37.000  0.00326 21
-123.000   38.000  0.00312 19
-123.000   39.000  0.00375 21
-123.000   40.000  0.00354 19
-123.000   41.000  0.00482 18
-123.000   42.000  0.00410 16
-123.000   43.000  0.00460 18
-123.000   44.000  0.00461 19
-123.000   45.000  0.00508 18
-123.000   46.000  0.00441 18
-123.000   47.000  0.00480 18
-123.000   48.000  0.00590 21
-123.000   49.000  0.00603 20
-123.000   50.000  0.00597 17
-122.000   25.000  0.00271 18
-122.000   26.000  0.00282 23
-122.000   27.000  0.00408 21
-122.000   28.000  0.00377 20
-122.000   29.000  0.00510 19
-122.000   30.000  0.00336 21
-122.000   31.000  0.00292 21
-122.000   32.000  0.00029 22
-122.000   33.000  0.00053 21
-122.000   34.000  0.00004 20
-122.000   35.000  0.00077 20
-122.000   36.000  0.00076 18
-122.000   37.000  0.00262 18
-122.000   38.000  0.00253 16
-122.000   39.000  0.00316 20
-122.000   40.000  0.00325 19
-122.000   41.000  0.00427 21
-122.000   42.000  0.00376 19
-122.000   43.000  0.00421 22
-122.000   44.000  0.00454 22
-122.000   45.000  0.00513 22
-122.000   46.000  0.00463 21
-122.000   47.000  0.00488 21
-122.000   48.000  0.00596 22
-122.000   49.000  0.00585 21
-122.000   50.000  0.00555 17
-121.000   25.000  0.00558 18
-121.000   26.000  0.00587 21
-121.000   27.000  0.00675 24
-121.000   28.000  0.00657 21
-121.000   29.000  0.00740 25
-121.000   30.000  0.00508 24
-121.000   31.000  0.00401 26
-121.000   32.000  0.00143 24
-121.000   33.000  0.00125 25
-121.000   34.000  0.00022 22
-121.000   35.000  0.00047 23
-121.000   36.000  0.00012 19
-121.000   37.000  0.00168 21
-121.000   38.000  0.00176 18
-121.000   39.000  0.00275 22
-121.000   40.000  0.00280 19
-121.000   41.000  0.00361 19
-121.000   42.000  0.00294 16
-121.000   43.000  0.00344 18
-121.000   44.000  0.00423 19
-121.000   45.000  0.00561 19
-121.000   46.000  0.00598 18
-121.000   47.000  0.00708 19
-121.000   48.000  0.00873 21
-121.000   49.000  0.00878 22
-121.000   50.000  0.00873 18
-120.000   25.000  0.00493 19
-120.000   26.000  0.00517 23
-120.000   27.000  0.00567 23
-120.000   28.000  0.00537 22
-120.000   29.000  0.00555 22
-120.000   30.000  0.00305 23
-120.000   31.000  0.00173 21
-120.000   32.000 -0.00021 21
-120.000   33.000  0.00009 20
-120.000   34.000 -0.00028 20
-120.000   35.000  0.00033 19
-120.000   36.000  0.00016 17
-120.000   37.000  0.00147 19
-120.000   38.000  0.00163 18
-120.000   39.000  0.00273 21
-120.000   40.000  0.00300 18
-120.000   41.000  0.00401 20
-120.000   42.000  0.00354 18
-120.000   43.000  0.00400 21
-120.000   44.000  0.00475 21
-120.000   45.000  0.00617 23
-120.000   46.000  0.00673 22
-120.000   47.000  0.00790 22
-120.000   48.000  0.00943 22
-120.000   49.000  0.00949 20
-120.000   50.000  0.00937 16
-119.000   25.000  0.00776 19
-119.000   26.000  0.00772 22
-119.000   27.000  0.00755 26
-119.000   28.000  0.00644 23
-119.000   29.000  0.00522 27
-119.000   30.000  0.00206 24
-119.000   31.000 -0.00019 25
-119.000   32.000 -0.00219 22
-119.000   33.000 -0.00180 24
-119.000   34.000 -0.00154 23
-119.000   35.000 -0.00051 24
-119.000   36.000 -0.00036 20
-119.000   37.000  0.00109 22
-119.000   38.000  0.00156 19
-119.000   39.000  0.00274 22
-119.000   40.000  0.00304 17
-119.000   41.000  0.00423 17
-119.000   42.000  0.00399 13
-119.000   43.000  0.00467 15
-119.000   44.000  0.00564 15
-119.000   45.000  0.00745 18
-119.000   46.000  0.00838 17
-119.000   47.000  0.00985 20
-119.000   48.000  0.01123 21
-119.000   49.000  0.01128 23
-119.000   50.000  0.01123 18
-118.000   25.000  0.00619 19
-118.000   26.000  0.00539 25
-118.000   27.000  0.00472 26
-118.000   28.000  0.00289 25
-118.000   29.000  0.00113 25
-118.000   30.000 -0.00165 23
-118.000   31.000 -0.00338 23
-118.000   32.000 -0.00439 22
-118.000   33.000 -0.00301 23
-118.000   34.000 -0.00158 22
-118.000   35.000  0.00005 22
-118.000   36.000  0.00049 20
-118.000   37.000  0.00167 20
-118.000   38.000  0.00203 19
-118.000   39.000  0.00283 21
-118.000   40.000  0.00323 19
-118.000   41.000  0.00464 21
-118.000   42.000  0.00488 18
-118.000   43.000  0.00552 20
-118.000   44.000  0.00631 18
-118.000   45.000  0.00769 21
-118.000   46.000  0.00825 21
-118.000   47.000  0.00919 22
-118.000   48.000  0.00990 23
-118.000   49.000  0.00970 21
-118.000   50.000  0.00938 17
-117.000   25.000  0.00733 19
-117.000   26.000  0.00583 23
-117.000   27.000  0.00452 28
-117.000   28.000  0.00185 25
-117.000   29.000 -0.00055 27
-117.000   30.000 -0.00291 23
-117.000   31.000 -0.00421 26
-117.000   32.000 -0.00454 25
-117.000   33.000 -0.00288 27
-117.000   34.000 -0.00093 25
-117.000   35.000  0.00074 26
-117.000   36.000  0.00122 24
-117.000   37.000  0.00235 23
-117.000   38.000  0.00285 21
-117.000   39.000  0.00345 22
-117.000   40.000  0.00373 19
-117.000   41.000  0.00512 18
-117.000   42.000  0.00548 14
-117.000   43.000  0.00631 17
-117.000   44.000  0.00725 15
-117.000   45.000  0.00903 18
-117.000   46.000  0.00968 16
-117.000   47.000  0.01086 20
-117.000   48.000  0.01113 21
-117.000   49.000  0.01091 25
-117.000   50.000  0.01032 20
-116.000   25.000  0.00447 19
-116.000   26.000  0.00276 25
-116.000   27.000  0.00158 26
-116.000   28.000 -0.00080 25
-116.000   29.000 -0.00270 25
-116.000   30.000 -0.00432 24
-116.000   31.000 -0.00461 26
-116.000   32.000 -0.00414 26
-116.000   33.000 -0.00196 27
-116.000   34.000  0.00043 24
-116.000   35.000  0.00247 23
-116.000   36.000  0.00299 21
-116.000   37.000  0.00366 20
-116.000   38.000  0.00348 20
-116.000   39.000  0.00346 21
-116.000   40.000  0.00347 21
-116.000   41.000  0.00475 22
-116.000   42.000  0.00543 19
-116.000   43.000  0.00654 22
-116.000   44.000  0.00753 19
-116.000   45.000  0.00918 21
-116.000   46.000  0.00951 18
-116.000   47.000  0.01045 21
-116.000   48.000  0.01000 22
-116.000   49.000  0.00970 23
-116.000   50.000  0.00867 18
-115.000   25.000  0.00483 20
-115.000   26.000  0.00349 23
-115.000   27.000  0.00247 27
-115.000   28.000  0.00052 25
-115.000   29.000 -0.00135 28
-115.000   30.000 -0.00289 27
-115.000   31.000 -0.00317 29
-115.000   32.000 -0.00273 28
-115.000   33.000 -0.00097 29
-115.000   34.000  0.00125 27
-115.000   35.000  0.00325 27
-115.000   36.000  0.00360 25
-115.000   37.000  0.00371 26
-115.000   38.000  0.00284 25
-115.000   39.000  0.00235 25
-115.000   40.000  0.00204 22
-115.000   41.000  0.00339 20
-115.000   42.000  0.00462 16
-115.000   43.000  0.00652 19
-115.000   44.000  0.00789 17
-115.000   45.000  0.00979 21
-115.000   46.000  0.00987 16
-115.000   47.000  0.01077 23
-115.000   48.000  0.01011 22
-115.000   49.000  0.00996 29
-115.000   50.000  0.00895 21
-114.000   25.000  0.00286 17
-114.000   26.000  0.00256 23
-114.000   27.000  0.00200 25
-114.000   28.000  0.00125 25
-114.000   29.000 -0.00018 27
-114.000   30.000 -0.00174 26
-114.000   31.000 -0.00231 28
-114.000   32.000 -0.00200 26
-114.000   33.000 -0.00066 28
-114.000   34.000  0.00136 25
-114.000   35.000  0.00351 25
-114.000   36.000  0.00378 22
-114.000   37.000  0.00344 23
-114.000   38.000  0.00185 22
-114.000   39.000  0.00108 22
-114.000   40.000  0.00060 20
-114.000   41.000  0.00212 20
-114.000   42.000  0.00381 18
-114.000   43.000  0.00627 20
-114.000   44.000  0.00766 18
-114.000   45.000  0.00912 23
-114.000   46.000  0.00863 19
-114.000   47.000  0.00922 25
-114.000   48.000  0.00864 21
-114.000   49.000  0.00859 25
-114.000   50.000  0.00788 17
-113.000   25.000  0.00249 20
-113.000   26.000  0.00300 24
-113.000   27.000  0.00261 29
-113.000   28.000  0.00249 27
-113.000   29.000  0.00113 30
-113.000   30.000 -0.00031 27
-113.000   31.000 -0.00146 30
-113.000   32.000 -0.00149 27
-113.000   33.000 -0.00101 30
-113.000   34.000  0.00050 27
-113.000   35.000  0.00231 29
-113.000   36.000  0.00269 26
-113.000   37.000  0.00255 28
-113.000   38.000  0.00119 26
-113.000   39.000  0.00078 25
-113.000   40.000  0.00026 21
-113.000   41.000  0.00183 19
-113.000   42.000  0.00357 17
-113.000   43.000  0.00637 19
-113.000   44.000  0.00780 17
-113.000   45.000  0.00930 23
-113.000   46.000  0.00866 18
-113.000   47.000  0.00910 26
-113.000   48.000  0.00861 20
-113.000   49.000  0.00858 27
-113.000   50.000  0.00811 18
-112.000   25.000  0.00083 17
-112.000   26.000  0.00169 22
-112.000   27.000  0.00151 25
-112.000   28.000  0.00207 24
-112.000   29.000  0.00143 27
-112.000   30.000  0.00087 23
-112.000   31.000 -0.00009 26
-112.000   32.000 -0.00028 23
-112.000   33.000 -0.00058 26
-112.000   34.000  0.00002 23
-112.000   35.000  0.00111 24
-112.000   36.000  0.00141 22
-112.000   37.000  0.00166 23
-112.000   38.000  0.00093 22
-112.000   39.000  0.00114 20
-112.000   40.000  0.00076 18
-112.000   41.000  0.00215 16
-112.000   42.000  0.00372 16
-112.000   43.000  0.00652 17
-112.000   44.000  0.00794 17
-112.000   45.000  0.00912 21
-112.000   46.000  0.00846 18
-112.000   47.000  0.00816 21
-112.000   48.000  0.00719 17
-112.000   49.000  0.00661 20
-112.000   50.000  0.00597 15
-111.000   25.000 -0.00036 22
-111.000   26.000  0.00017 25
-111.000   27.000 -0.00006 28
-111.000   28.000  0.00056 26
-111.000   29.000  0.00049 30
-111.000   30.000  0.00089 26
-111.000   31.000  0.00059 29
-111.000   32.000  0.00071 26
-111.000   33.000  0.00006 29
-111.000   34.000  0.00005 26
-111.000   35.000  0.00020 28
-111.000   36.000  0.00043 26
-111.000   37.000  0.00087 28
-111.000   38.000  0.00103 26
-111.000   39.000  0.00177 25
-111.000   40.000  0.00202 23
-111.000   41.000  0.00342 20
-111.000   42.000  0.00511 18
-111.000   43.000  0.00764 18
-111.000   44.000  0.00910 17
-111.000   45.000  0.00974 20
-111.000   46.000  0.00874 17
-111.000   47.000  0.00740 22
-111.000   48.000  0.00562 19
-111.000   49.000  0.00429 21
-111.000   50.000  0.00322 15
-110.000   25.000 -0.00224 17
-110.000   26.000 -0.00235 20
-110.000   27.000 -0.00236 23
-110.000   28.000 -0.00170 21
-110.000   29.000 -0.00075 26
-110.000   30.000  0.00076 21
-110.000   31.000  0.00181 25
-110.000   32.000  0.00242 21
-110.000   33.000  0.00201 24
-110.000   34.000  0.00144 21
-110.000   35.000  0.00089 22
-110.000   36.000  0.00079 21
-110.000   37.000  0.00136 22
-110.000   38.000  0.00236 22
-110.000   39.000  0.00367 20
-110.000   40.000  0.00459 19
-110.000   41.000  0.00569 16
-110.000   42.000  0.00708 16
-110.000   43.000  0.00890 15
-110.000   44.000  0.01016 17
-110.000   45.000  0.01025 18
-110.000   46.000  0.00915 18
-110.000   47.000  0.00691 19
-110.000   48.000  0.00408 18
-110.000   49.000  0.00185 18
-110.000   50.000 -0.00011 14
-109.000   25.000 -0.00232 22
-109.000   26.000 -0.00309 25
-109.000   27.000 -0.00321 28
-109.000   28.000 -0.00310 25
-109.000   29.000 -0.00206 29
-109.000   30.000 -0.00028 25
-109.000   31.000  0.00144 29
-109.000   32.000  0.00251 25
-109.000   33.000  0.00281 28
-109.000   34.000  0.00260 25
-109.000   35.000  0.00223 27
-109.000   36.000  0.00251 25
-109.000   37.000  0.00326 26
-109.000   38.000  0.00480 24
-109.000   39.000  0.00592 23
-109.000   40.000  0.00710 22
-109.000   41.000  0.00747 20
-109.000   42.000  0.00829 20
-109.000   43.000  0.00909 19
-109.000   44.000  0.01023 19
-109.000   45.000  0.01025 19
-109.000   46.000  0.00931 17
-109.000   47.000  0.00665 21
-109.000   48.000  0.00292 18
-109.000   49.000  0.00020 19
-109.000   50.000 -0.00293 13
-108.000   25.000 -0.00141 17
-108.000   26.000 -0.00254 21
-108.000   27.000 -0.00257 23
-108.000   28.000 -0.00256 20
-108.000   29.000 -0.00139 24
-108.000   30.000  0.00026 20
-108.000   31.000  0.00230 25
-108.000   32.000  0.00349 21
-108.000   33.000  0.00440 24
-108.000   34.000  0.00433 21
-108.000   35.000  0.00437 21
-108.000   36.000  0.00487 20
-108.000   37.000  0.00564 20
-108.000   38.000  0.00709 20
-108.000   39.000  0.00769 19
-108.000   40.000  0.00863 19
-108.000   41.000  0.00802 17
-108.000   42.000  0.00802 18
-108.000   43.000  0.00795 16
-108.000   44.000  0.00906 18
-108.000   45.000  0.00936 16
-108.000   46.000  0.00909 17
-108.000   47.000  0.00667 16
-108.000   48.000  0.00271 16
-108.000   49.000 -0.00006 15
-108.000   50.000 -0.00388 13
-107.000   25.000  0.00090 21
-107.000   26.000  0.00021 25
-107.000   27.000  0.00009 27
-107.000   28.000  0.00030 25
-107.000   29.000  0.00076 28
-107.000   30.000  0.00146 25
-107.000   31.000  0.00241 29
-107.000   32.000  0.00354 26
-107.000   33.000  0.00479 29
-107.000   34.000  0.00542 26
-107.000   35.000  0.00598 27
-107.000   36.000  0.00690 25
-107.000   37.000  0.00734 26
-107.000   38.000  0.00827 24
-107.000   39.000  0.00819 25
-107.000   40.000  0.00907 24
-107.000   41.000  0.00815 23
-107.000   42.000  0.00771 22
-107.000   43.000  0.00686 22
-107.000   44.000  0.00750 21
-107.000   45.000  0.00771 20
-107.000   46.000  0.00763 17
-107.000   47.000  0.00595 18
-107.000   48.000  0.00276 16
-107.000   49.000  0.00067 17
-107.000   50.000 -0.00286 14
-106.000   25.000  0.00278 17
-106.000   26.000  0.00308 22
-106.000   27.000  0.00329 23
-106.000   28.000  0.00443 21
-106.000   29.000  0.00488 23
-106.000   30.000  0.00511 21
-106.000   31.000  0.00472 24
-106.000   32.000  0.00518 21
-106.000   33.000  0.00577 23
-106.000   34.000  0.00626 21
-106.000   35.000  0.00645 21
-106.000   36.000  0.00742 20
-106.000   37.000  0.00766 21
-106.000   38.000  0.00826 22
-106.000   39.000  0.00791 22
-106.000   40.000  0.00865 21
-106.000   41.000  0.00765 19
-106.000   42.000  0.00669 19
-106.000   43.000  0.00539 17
-106.000   44.000  0.00556 18
-106.000   45.000  0.00606 15
-106.000   46.000  0.00664 17
-106.000   47.000  0.00632 14
-106.000   48.000  0.00471 17
-106.000   49.000  0.00373 14
-106.000   50.000  0.00128 14
-105.000   25.000  0.00466 21
-105.000   26.000  0.00590 25
-105.000   27.000  0.00620 26
-105.000   28.000  0.00824 25
-105.000   29.000  0.00849 27
-105.000   30.000  0.00845 26
-105.000   31.000  0.00660 28
-105.000   32.000  0.00650 25
-105.000   33.000  0.00605 27
-105.000   34.000  0.00648 25
-105.000   35.000  0.00632 27
-105.000   36.000  0.00769 25
-105.000   37.000  0.00796 27
-105.000   38.000  0.00857 26
-105.000   39.000  0.00818 28
-105.000   40.000  0.00898 26
-105.000   41.000  0.00808 25
-105.000   42.000  0.00686 22
-105.000   43.000  0.00525 22
-105.000   44.000  0.00508 21
-105.000   45.000  0.00550 20
-105.000   46.000  0.00618 17
-105.000   47.000  0.00651 17
-105.000   48.000  0.00600 18
-105.000   49.000  0.00561 20
-105.000   50.000  0.00400 16
-104.000   25.000  0.00501 18
-104.000   26.000  0.00662 23
-104.000   27.000  0.00731 24
-104.000   28.000  0.01031 22
-104.000   29.000  0.01136 23
-104.000   30.000  0.01215 22
-104.000   31.000  0.01028 23
-104.000   32.000  0.00985 21
-104.000   33.000  0.00806 23
-104.000   34.000  0.00752 22
-104.000   35.000  0.00624 22
-104.000   36.000  0.00727 20
-104.000   37.000  0.00745 21
-104.000   38.000  0.00826 22
-104.000   39.000  0.00842 22
-104.000   40.000  0.00944 21
-104.000   41.000  0.00912 18
-104.000   42.000  0.00796 17
-104.000   43.000  0.00655 15
-104.000   44.000  0.00612 17
-104.000   45.000  0.00641 14
-104.000   46.000  0.00712 15
-104.000   47.000  0.00788 12
-104.000   48.000  0.00816 17
-104.000   49.000  0.00824 15
-104.000   50.000  0.00758 15
-103.000   25.000  0.00448 21
-103.000   26.000  0.00629 25
-103.000   27.000  0.00734 26
-103.000   28.000  0.01096 25
-103.000   29.000  0.01257 25
-103.000   30.000  0.01421 24
-103.000   31.000  0.01273 25
-103.000   32.000  0.01234 25
-103.000   33.000  0.00975 28
-103.000   34.000  0.00864 27
-103.000   35.000  0.00653 29
-103.000   36.000  0.00712 26
-103.000   37.000  0.00709 29
-103.000   38.000  0.00809 27
-103.000   39.000  0.00896 30
-103.000   40.000  0.01043 27
-103.000   41.000  0.01086 25
-103.000   42.000  0.01004 20
-103.000   43.000  0.00895 21
-103.000   44.000  0.00819 21
-103.000   45.000  0.00797 22
-103.000   46.000  0.00795 18
-103.000   47.000  0.00846 19
-103.000   48.000  0.00872 19
-103.000   49.000  0.00874 22
-103.000   50.000  0.00838 17
-102.000   25.000  0.00377 18
-102.000   26.000  0.00540 23
-102.000   27.000  0.00688 25
-102.000   28.000  0.01061 23
-102.000   29.000  0.01282 23
-102.000   30.000  0.01518 21
-102.000   31.000  0.01464 21
-102.000   32.000  0.01424 21
-102.000   33.000  0.01131 22
-102.000   34.000  0.00967 22
-102.000   35.000  0.00710 23
-102.000   36.000  0.00711 22
-102.000   37.000  0.00691 24
-102.000   38.000  0.00799 23
-102.000   39.000  0.00933 23
-102.000   40.000  0.01073 21
-102.000   41.000  0.01158 18
-102.000   42.000  0.01088 17
-102.000   43.000  0.01020 15
-102.000   44.000  0.00924 17
-102.000   45.000  0.00884 17
-102.000   46.000  0.00847 18
-102.000   47.000  0.00898 16
-102.000   48.000  0.00921 18
-102.000   49.000  0.00937 16
-102.000   50.000  0.00936 16
-101.000   25.000  0.00254 21
-101.000   26.000  0.00363 25
-101.000   27.000  0.00527 26
-101.000   28.000  0.00871 25
-101.000   29.000  0.01138 25
-101.000   30.000  0.01460 24
-101.000   31.000  0.01527 23
-101.000   32.000  0.01534 23
-101.000   33.000  0.01270 25
-101.000   34.000  0.01103 26
-101.000   35.000  0.00850 30
-101.000   36.000  0.00823 28
-101.000   37.000  0.00799 32
-101.000   38.000  0.00900 28
-101.000   39.000  0.01029 31
-101.000   40.000  0.01124 27
-101.000   41.000  0.01192 27
-101.000   42.000  0.01108 22
-101.000   43.000  0.01056 22
-101.000   44.000  0.00958 20
-101.000   45.000  0.00919 24
-101.000   46.000  0.00844 22
-101.000   47.000  0.00861 24
-101.000   48.000  0.00827 20
-101.000   49.000  0.00818 22
-101.000   50.000  0.00776 16
-100.000   25.000  0.00198 18
-100.000   26.000  0.00232 23
-100.000   27.000  0.00378 25
-100.000   28.000  0.00644 23
-100.000   29.000  0.00934 25
-100.000   30.000  0.01300 23
-100.000   31.000  0.01477 22
-100.000   32.000  0.01544 20
-100.000   33.000  0.01349 20
-100.000   34.000  0.01178 21
-100.000   35.000  0.00909 22
-100.000   36.000  0.00840 22
-100.000   37.000  0.00798 23
-100.000   38.000  0.00877 22
-100.000   39.000  0.00977 22
-100.000   40.000  0.01033 21
-100.000   41.000  0.01064 19
-100.000   42.000  0.00951 18
-100.000   43.000  0.00892 16
-100.000   44.000  0.00795 17
-100.000   45.000  0.00800 17
-100.000   46.000  0.00759 18
-100.000   47.000  0.00827 17
-100.000   48.000  0.00811 18
-100.000   49.000  0.00837 16
-100.000   50.000  0.00795 15
 -99.000   25.000  0.00168 21
 -99.000   26.000  0.00157 25
 -99.000   27.000  0.00295 26
 -99.000   28.000  0.00522 25
 -99.000   29.000  0.00826 26
 -99.000   30.000  0.01213 25
 -99.000   31.000  0.01441 25
 -99.000   32.000  0.01536 24
 -99.000   33.000  0.01394 26
 -99.000   34.000  0.01213 26
 -99.000   35.000  0.00929 28
 -99.000   36.000  0.00809 26
 -99.000   37.000  0.00743 29
 -99.000   38.000  0.00760 27
 -99.000   39.000  0.00828 30
 -99.000   40.000  0.00850 26
 -99.000   41.000  0.00852 25
 -99.000   42.000  0.00713 20
 -99.000   43.000  0.00651 23
 -99.000   44.000  0.00572 22
 -99.000   45.000  0.00637 23
 -99.000   46.000  0.00642 19
 -99.000   47.000  0.00767 22
 -99.000   48.000  0.00775 21
 -99.000   49.000  0.00819 23
 -99.000   50.000  0.00756 16
 -98.000   25.000  0.00322 18
 -98.000   26.000  0.00267 23
 -98.000   27.000  0.00372 25
 -98.000   28.000  0.00521 23
 -98.000   29.000  0.00785 24
 -98.000   30.000  0.01102 22
 -98.000   31.000  0.01300 23
 -98.000   32.000  0.01361 22
 -98.000   33.000  0.01258 22
 -98.000   34.000  0.01065 21
 -98.000   35.000  0.00800 20
 -98.000   36.000  0.00668 20
 -98.000   37.000  0.00610 20
 -98.000   38.000  0.00585 21
 -98.000   39.000  0.00620 21
 -98.000   40.000  0.00626 20
 -98.000   41.000  0.00610 17
 -98.000   42.000  0.00464 16
 -98.000   43.000  0.00401 16
 -98.000   44.000  0.00339 18
 -98.000   45.000  0.00447 15
 -98.000   46.000  0.00512 15
 -98.000   47.000  0.00715 14
 -98.000   48.000  0.00784 19
 -98.000   49.000  0.00877 17
 -98.000   50.000  0.00844 16
 -97.000   25.000  0.00374 20
 -97.000   26.000  0.00266 24
 -97.000   27.000  0.00361 25
 -97.000   28.000  0.00473 23
 -97.000   29.000  0.00745 25
 -97.000   30.000  0.01064 24
 -97.000   31.000  0.01259 27
 -97.000   32.000  0.01304 26
 -97.000   33.000  0.01214 28
 -97.000   34.000  0.01010 26
 -97.000   35.000  0.00759 27
 -97.000   36.000  0.00621 25
 -97.000   37.000  0.00560 28
 -97.000   38.000  0.00468 27
 -97.000   39.000  0.00459 30
 -97.000   40.000  0.00447 25
 -97.000   41.000  0.00432 25
 -97.000   42.000  0.00307 20
 -97.000   43.000  0.00264 23
 -97.000   44.000  0.00234 21
 -97.000   45.000  0.00372 21
 -97.000   46.000  0.00456 18
 -97.000   47.000  0.00677 20
 -97.000   48.000  0.00756 21
 -97.000   49.000  0.00857 23
 -97.000   50.000  0.00816 17
 -96.000   25.000  0.00575 17
 -96.000   26.000  0.00446 22
 -96.000   27.000  0.00516 23
 -96.000   28.000  0.00568 20
 -96.000   29.000  0.00772 22
 -96.000   30.000  0.00995 21
 -96.000   31.000  0.01126 23
 -96.000   32.000  0.01134 22
 -96.000   33.000  0.01066 23
 -96.000   34.000  0.00915 22
 -96.000   35.000  0.00734 22
 -96.000   36.000  0.00624 21
 -96.000   37.000  0.00537 21
 -96.000   38.000  0.00386 21
 -96.000   39.000  0.00310 21
 -96.000   40.000  0.00279 20
 -96.000   41.000  0.00267 19
 -96.000   42.000  0.00196 18
 -96.000   43.000  0.00187 16
 -96.000   44.000  0.00180 16
 -96.000   45.000  0.00302 14
 -96.000   46.000  0.00377 17
 -96.000   47.000  0.00586 15
 -96.000   48.000  0.00659 19
 -96.000   49.000  0.00766 16
 -96.000   50.000  0.00740 15
 -95.000   25.000  0.00628 19
 -95.000   26.000  0.00490 22
 -95.000   27.000  0.00566 24
 -95.000   28.000  0.00598 21
 -95.000   29.000  0.00778 25
 -95.000   30.000  0.00969 24
 -95.000   31.000  0.01078 28
 -95.000   32.000  0.01060 26
 -95.000   33.000  0.00995 27
 -95.000   34.000  0.00869 25
 -95.000   35.000  0.00735 27
 -95.000   36.000  0.00629 25
 -95.000   37.000  0.00516 27
 -95.000   38.000  0.00303 24
 -95.000   39.000  0.00197 28
 -95.000   40.000  0.00140 24
 -95.000   41.000  0.00150 25
 -95.000   42.000  0.00126 20
 -95.000   43.000  0.00176 21
 -95.000   44.000  0.00193 19
 -95.000   45.000  0.00295 20
 -95.000   46.000  0.00336 20
 -95.000   47.000  0.00503 22
 -95.000   48.000  0.00544 22
 -95.000   49.000  0.00629 23
 -95.000   50.000  0.00604 17
 -94.000   25.000  0.00673 17
 -94.000   26.000  0.00559 21
 -94.000   27.000  0.00645 23
 -94.000   28.000  0.00673 20
 -94.000   29.000  0.00825 22
 -94.000   30.000  0.00955 21
 -94.000   31.000  0.01034 23
 -94.000   32.000  0.01008 22
 -94.000   33.000  0.00945 22
 -94.000   34.000  0.00868 21
 -94.000   35.000  0.00777 22
 -94.000   36.000  0.00691 21
 -94.000   37.000  0.00540 21
 -94.000   38.000  0.00319 19
 -94.000   39.000  0.00180 20
 -94.000   40.000  0.00104 19
 -94.000   41.000  0.00101 18
 -94.000   42.000  0.00113 17
 -94.000   43.000  0.00190 14
 -94.000   44.000  0.00221 15
 -94.000   45.000  0.00298 13
 -94.000   46.000  0.00338 17
 -94.000   47.000  0.00466 15
 -94.000   48.000  0.00507 17
 -94.000   49.000  0.00581 15
 -94.000   50.000  0.00582 14
 -93.000   25.000  0.00505 20
 -93.000   26.000  0.00391 22
 -93.000   27.000  0.00513 26
 -93.000   28.000  0.00574 22
 -93.000   29.000  0.00778 26
 -93.000   30.000  0.00971 24
 -93.000   31.000  0.01103 27
 -93.000   32.000  0.01102 25
 -93.000   33.000  0.01008 25
 -93.000   34.000  0.00934 24
 -93.000   35.000  0.00825 26
 -93.000   36.000  0.00739 25
 -93.000   37.000  0.00569 26
 -93.000   38.000  0.00367 23
 -93.000   39.000  0.00225 27
 -93.000   40.000  0.00129 24
 -93.000   41.000  0.00106 25
 -93.000   42.000  0.00107 20
 -93.000   43.000  0.00177 20
 -93.000   44.000  0.00201 18
 -93.000   45.000  0.00270 19
 -93.000   46.000  0.00318 19
 -93.000   47.000  0.00431 21
 -93.000   48.000  0.00496 19
 -93.000   49.000  0.00566 21
 -93.000   50.000  0.00592 16
 -92.000   25.000  0.00441 18
 -92.000   26.000  0.00341 22
 -92.000   27.000  0.00480 25
 -92.000   28.000  0.00559 21
 -92.000   29.000  0.00787 24
 -92.000   30.000  0.00973 22
 -92.000   31.000  0.01121 23
 -92.000   32.000  0.01136 21
 -92.000   33.000  0.01026 21
 -92.000   34.000  0.00977 21
 -92.000   35.000  0.00865 22
 -92.000   36.000  0.00807 22
 -92.000   37.000  0.00627 22
 -92.000   38.000  0.00479 21
 -92.000   39.000  0.00323 21
 -92.000   40.000  0.00212 20
 -92.000   41.000  0.00132 19
 -92.000   42.000  0.00104 18
 -92.000   43.000  0.00124 15
 -92.000   44.000  0.00150 15
 -92.000   45.000  0.00225 13
 -92.000   46.000  0.00338 16
 -92.000   47.000  0.00480 15
 -92.000   48.000  0.00640 16
 -92.000   49.000  0.00726 16
 -92.000   50.000  0.00805 14
 -91.000   25.000  0.00322 21
 -91.000   26.000  0.00246 23
 -91.000   27.000  0.00413 28
 -91.000   28.000  0.00513 23
 -91.000   29.000  0.00768 28
 -91.000   30.000  0.00952 25
 -91.000   31.000  0.01100 27
 -91.000   32.000  0.01080 24
 -91.000   33.000  0.00929 25
 -91.000   34.000  0.00851 25
 -91.000   35.000  0.00728 26
 -91.000   36.000  0.00675 25
 -91.000   37.000  0.00539 26
 -91.000   38.000  0.00452 25
 -91.000   39.000  0.00353 27
 -91.000   40.000  0.00258 24
 -91.000   41.000  0.00165 25
 -91.000   42.000  0.00096 21
 -91.000   43.000  0.00076 22
 -91.000   44.000  0.00082 19
 -91.000   45.000  0.00166 20
 -91.000   46.000  0.00320 19
 -91.000   47.000  0.00509 22
 -91.000   48.000  0.00749 21
 -91.000   49.000  0.00861 23
 -91.000   50.000  0.00984 17
 -90.000   25.000  0.00422 18
 -90.000   26.000  0.00383 22
 -90.000   27.000  0.00533 26
 -90.000   28.000  0.00621 22
 -90.000   29.000  0.00817 26
 -90.000   30.000  0.00911 23
 -90.000   31.000  0.00989 25
 -90.000   32.000  0.00936 22
 -90.000   33.000  0.00786 23
 -90.000   34.000  0.00744 22
 -90.000   35.000  0.00660 22
 -90.000   36.000  0.00648 21
 -90.000   37.000  0.00535 22
 -90.000   38.000  0.00489 21
 -90.000   39.000  0.00390 21
 -90.000   40.000  0.00299 19
 -90.000   41.000  0.00188 19
 -90.000   42.000  0.00108 17
 -90.000   43.000  0.00060 17
 -90.000   44.000  0.00066 16
 -90.000   45.000  0.00158 15
 -90.000   46.000  0.00350 15
 -90.000   47.000  0.00582 16
 -90.000   48.000  0.00896 18
 -90.000   49.000  0.01036 19
 -90.000   50.000  0.01202 16
 -89.000   25.000  0.00543 21
 -89.000   26.000  0.00530 23
 -89.000   27.000  0.00638 28
 -89.000   28.000  0.00679 23
 -89.000   29.000  0.00783 28
 -89.000   30.000  0.00804 25
 -89.000   31.000  0.00808 28
 -89.000   32.000  0.00719 24
 -89.000   33.000  0.00587 25
 -89.000   34.000  0.00584 24
 -89.000   35.000  0.00548 26
 -89.000   36.000  0.00555 25
 -89.000   37.000  0.00474 27
 -89.000   38.000  0.00420 25
 -89.000   39.000  0.00318 27
 -89.000   40.000  0.00218 24
 -89.000   41.000  0.00124 25
 -89.000   42.000  0.00047 20
 -89.000   43.000  0.00008 23
 -89.000   44.000  0.00001 20
 -89.000   45.000  0.00096 22
 -89.000   46.000  0.00254 18
 -89.000   47.000  0.00508 21
 -89.000   48.000  0.00818 20
 -89.000   49.000  0.00977 23
 -89.000   50.000  0.01144 18
 -88.000   25.000  0.00888 19
 -88.000   26.000  0.00851 24
 -88.000   27.000  0.00853 27
 -88.000   28.000  0.00765 23
 -88.000   29.000  0.00699 26
 -88.000   30.000  0.00600 23
 -88.000   31.000  0.00540 26
 -88.000   32.000  0.00477 22
 -88.000   33.000  0.00433 23
 -88.000   34.000  0.00524 21
 -88.000   35.000  0.00562 23
 -88.000   36.000  0.00603 22
 -88.000   37.000  0.00528 23
 -88.000   38.000  0.00444 21
 -88.000   39.000  0.00286 22
 -88.000   40.000  0.00150 20
 -88.000   41.000  0.00042 21
 -88.000   42.000 -0.00027 17
 -88.000   43.000 -0.00039 19
 -88.000   44.000 -0.00029 16
 -88.000   45.000  0.00081 18
 -88.000   46.000  0.00204 15
 -88.000   47.000  0.00452 18
 -88.000   48.000  0.00731 17
 -88.000   49.000  0.00887 20
 -88.000   50.000  0.01035 16
 -87.000   25.000  0.01144 19
 -87.000   26.000  0.01069 22
 -87.000   27.000  0.00973 27
 -87.000   28.000  0.00764 23
 -87.000   29.000  0.00553 28
 -87.000   30.000  0.00387 25
 -87.000   31.000  0.00293 29
 -87.000   32.000  0.00254 24
 -87.000   33.000  0.00278 26
 -87.000   34.000  0.00407 24
 -87.000   35.000  0.00486 27
 -87.000   36.000  0.00521 25
 -87.000   37.000  0.00462 26
 -87.000   38.000  0.00356 25
 -87.000   39.000  0.00203 27
 -87.000   40.000  0.00073 24
 -87.000   41.000 -0.00013 25
 -87.000   42.000 -0.00056 20
 -87.000   43.000 -0.00018 24
 -87.000   44.000  0.00022 20
 -87.000   45.000  0.00133 24
 -87.000   46.000  0.00184 19
 -87.000   47.000  0.00384 24
 -87.000   48.000  0.00556 20
 -87.000   49.000  0.00654 26
 -87.000   50.000  0.00732 19
 -86.000   25.000  0.01379 16
 -86.000   26.000  0.01214 22
 -86.000   27.000  0.01021 24
 -86.000   28.000  0.00675 23
 -86.000   29.000  0.00344 26
 -86.000   30.000  0.00128 25
 -86.000   31.000  0.00055 28
 -86.000   32.000  0.00085 24
 -86.000   33.000  0.00198 26
 -86.000   34.000  0.00371 23
 -86.000   35.000  0.00489 25
 -86.000   36.000  0.00566 22
 -86.000   37.000  0.00528 23
 -86.000   38.000  0.00426 22
 -86.000   39.000  0.00257 25
 -86.000   40.000  0.00120 23
 -86.000   41.000  0.00010 27
 -86.000   42.000 -0.00028 22
 -86.000   43.000  0.00043 27
 -86.000   44.000  0.00136 21
 -86.000   45.000  0.00263 23
 -86.000   46.000  0.00262 17
 -86.000   47.000  0.00397 21
 -86.000   48.000  0.00470 20
 -86.000   49.000  0.00501 23
 -86.000   50.000  0.00505 17
 -85.000   25.000  0.01409 15
 -85.000   26.000  0.01166 19
 -85.000   27.000  0.00934 23
 -85.000   28.000  0.00521 21
 -85.000   29.000  0.00163 25
 -85.000   30.000 -0.00033 25
 -85.000   31.000 -0.00045 29
 -85.000   32.000  0.00036 26
 -85.000   33.000  0.00182 26
 -85.000   34.000  0.00342 24
 -85.000   35.000  0.00454 25
 -85.000   36.000  0.00534 24
 -85.000   37.000  0.00520 24
 -85.000   38.000  0.00441 24
 -85.000   39.000  0.00301 26
 -85.000   40.000  0.00186 25
 -85.000   41.000  0.00063 27
 -85.000   42.000  0.00027 23
 -85.000   43.000  0.00123 29
 -85.000   44.000  0.00270 25
 -85.000   45.000  0.00428 28
 -85.000   46.000  0.00422 20
 -85.000   47.000  0.00523 23
 -85.000   48.000  0.00507 20
 -85.000   49.000  0.00476 25
 -85.000   50.000  0.00400 19
 -84.000   25.000  0.01330 16
 -84.000   26.000  0.00977 22
 -84.000   27.000  0.00728 24
 -84.000   28.000  0.00257 23
 -84.000   29.000 -0.00063 24
 -84.000   30.000 -0.00214 24
 -84.000   31.000 -0.00123 27
 -84.000   32.000  0.00008 25
 -84.000   33.000  0.00187 26
 -84.000   34.000  0.00318 23
 -84.000   35.000  0.00420 25
 -84.000   36.000  0.00550 23
 -84.000   37.000  0.00589 25
 -84.000   38.000  0.00565 23
 -84.000   39.000  0.00452 27
 -84.000   40.000  0.00346 25
 -84.000   41.000  0.00192 30
 -84.000   42.000  0.00133 25
 -84.000   43.000  0.00229 31
 -84.000   44.000  0.00400 25
 -84.000   45.000  0.00591 26
 -84.000   46.000  0.00591 19
 -84.000   47.000  0.00679 19
 -84.000   48.000  0.00622 19
 -84.000   49.000  0.00575 19
 -84.000   50.000  0.00462 16
 -83.000   25.000  0.01006 17
 -83.000   26.000  0.00627 20
 -83.000   27.000  0.00429 25
 -83.000   28.000  0.00021 21
 -83.000   29.000 -0.00174 25
 -83.000   30.000 -0.00240 23
 -83.000   31.000 -0.00055 26
 -83.000   32.000  0.00085 24
 -83.000   33.000  0.00237 26
 -83.000   34.000  0.00289 25
 -83.000   35.000  0.00339 27
 -83.000   36.000  0.00451 25
 -83.000   37.000  0.00518 25
 -83.000   38.000  0.00553 22
 -83.000   39.000  0.00516 23
 -83.000   40.000  0.00471 21
 -83.000   41.000  0.00354 24
 -83.000   42.000  0.00318 21
 -83.000   43.000  0.00421 26
 -83.000   44.000  0.00609 22
 -83.000   45.000  0.00818 26
 -83.000   46.000  0.00844 21
 -83.000   47.000  0.00923 23
 -83.000   48.000  0.00839 19
 -83.000   49.000  0.00779 22
 -83.000   50.000  0.00642 17
 -82.000   25.000  0.00576 18
 -82.000   26.000  0.00176 22
 -82.000   27.000  0.00042 26
 -82.000   28.000 -0.00296 24
 -82.000   29.000 -0.00324 27
 -82.000   30.000 -0.00293 25
 -82.000   31.000 -0.00012 26
 -82.000   32.000  0.00119 23
 -82.000   33.000  0.00239 27
 -82.000   34.000  0.00204 25
 -82.000   35.000  0.00208 30
 -82.000   36.000  0.00333 25
 -82.000   37.000  0.00457 29
 -82.000   38.000  0.00562 23
 -82.000   39.000  0.00597 28
 -82.000   40.000  0.00595 23
 -82.000   41.000  0.00525 29
 -82.000   42.000  0.00499 23
 -82.000   43.000  0.00597 27
 -82.000   44.000  0.00728 22
 -82.000   45.000  0.00917 25
 -82.000   46.000  0.00913 23
 -82.000   47.000  0.00972 22
 -82.000   48.000  0.00873 21
 -82.000   49.000  0.00849 19
 -82.000   50.000  0.00725 16
 -81.000   25.000  0.00228 18
 -81.000   26.000 -0.00146 20
 -81.000   27.000 -0.00221 26
 -81.000   28.000 -0.00467 21
 -81.000   29.000 -0.00364 26
 -81.000   30.000 -0.00246 23
 -81.000   31.000  0.00105 26
 -81.000   32.000  0.00226 23
 -81.000   33.000  0.00309 26
 -81.000   34.000  0.00192 24
 -81.000   35.000  0.00128 28
 -81.000   36.000  0.00189 24
 -81.000   37.000  0.00308 27
 -81.000   38.000  0.00439 22
 -81.000   39.000  0.00542 23
 -81.000   40.000  0.00595 19
 -81.000   41.000  0.00592 22
 -81.000   42.000  0.00588 19
 -81.000   43.000  0.00676 22
 -81.000   44.000  0.00749 19
 -81.000   45.000  0.00901 24
 -81.000   46.000  0.00893 21
 -81.000   47.000  0.00965 23
 -81.000   48.000  0.00895 19
 -81.000   49.000  0.00914 21
 -81.000   50.000  0.00826 16
 -80.000   25.000 -0.00098 18
 -80.000   26.000 -0.00459 21
 -80.000   27.000 -0.00485 26
 -80.000   28.000 -0.00660 23
 -80.000   29.000 -0.00442 26
 -80.000   30.000 -0.00264 23
 -80.000   31.000  0.00127 26
 -80.000   32.000  0.00229 24
 -80.000   33.000  0.00278 27
 -80.000   34.000  0.00096 23
 -80.000   35.000 -0.00004 28
 -80.000   36.000  0.00038 24
 -80.000   37.000  0.00181 31
 -80.000   38.000  0.00346 25
 -80.000   39.000  0.00514 30
 -80.000   40.000  0.00608 22
 -80.000   41.000  0.00666 25
 -80.000   42.000  0.00653 19
 -80.000   43.000  0.00699 23
 -80.000   44.000  0.00667 20
 -80.000   45.000  0.00745 24
 -80.000   46.000  0.00689 21
 -80.000   47.000  0.00766 21
 -80.000   48.000  0.00741 19
 -80.000   49.000  0.00814 18
 -80.000   50.000  0.00785 14
 -79.000   25.000 -0.00360 17
 -79.000   26.000 -0.00651 18
 -79.000   27.000 -0.00630 25
 -79.000   28.000 -0.00696 19
 -79.000   29.000 -0.00414 25
 -79.000   30.000 -0.00194 19
 -79.000   31.000  0.00199 24
 -79.000   32.000  0.00297 22
 -79.000   33.000  0.00304 27
 -79.000   34.000  0.00078 23
 -79.000   35.000 -0.00071 27
 -79.000   36.000 -0.00095 24
 -79.000   37.000  0.00028 29
 -79.000   38.000  0.00213 25
 -79.000   39.000  0.00445 27
 -79.000   40.000  0.00602 22
 -79.000   41.000  0.00715 23
 -79.000   42.000  0.00703 20
 -79.000   43.000  0.00696 24
 -79.000   44.000  0.00599 22
 -79.000   45.000  0.00600 25
 -79.000   46.000  0.00529 22
 -79.000   47.000  0.00600 24
 -79.000   48.000  0.00618 22
 -79.000   49.000  0.00698 22
 -79.000   50.000  0.00709 16
 -78.000   25.000 -0.00494 17
 -78.000   26.000 -0.00705 19
 -78.000   27.000 -0.00651 24
 -78.000   28.000 -0.00636 20
 -78.000   29.000 -0.00340 25
 -78.000   30.000 -0.00121 20
 -78.000   31.000  0.00206 24
 -78.000   32.000  0.00269 22
 -78.000   33.000  0.00228 28
 -78.000   34.000 -0.00009 24
 -78.000   35.000 -0.00166 29
 -78.000   36.000 -0.00196 24
 -78.000   37.000 -0.00064 30
 -78.000   38.000  0.00147 24
 -78.000   39.000  0.00426 30
 -78.000   40.000  0.00622 23
 -78.000   41.000  0.00771 26
 -78.000   42.000  0.00744 20
 -78.000   43.000  0.00687 25
 -78.000   44.000  0.00522 22
 -78.000   45.000  0.00460 25
 -78.000   46.000  0.00357 22
 -78.000   47.000  0.00422 23
 -78.000   48.000  0.00469 21
 -78.000   49.000  0.00558 20
 -78.000   50.000  0.00597 14
 -77.000   25.000 -0.00510 16
 -77.000   26.000 -0.00627 18
 -77.000   27.000 -0.00541 22
 -77.000   28.000 -0.00473 17
 -77.000   29.000 -0.00214 23
 -77.000   30.000 -0.00024 19
 -77.000   31.000  0.00235 24
 -77.000   32.000  0.00276 21
 -77.000   33.000  0.00218 26
 -77.000   34.000  0.00007 23
 -77.000   35.000 -0.00149 26
 -77.000   36.000 -0.00215 23
 -77.000   37.000 -0.00108 27
 -77.000   38.000  0.00104 25
 -77.000   39.000  0.00400 27
 -77.000   40.000  0.00617 24
 -77.000   41.000  0.00770 25
 -77.000   42.000  0.00724 24
 -77.000   43.000  0.00630 26
 -77.000   44.000  0.00458 26
 -77.000   45.000  0.00373 26
 -77.000   46.000  0.00287 26
 -77.000   47.000  0.00347 25
 -77.000   48.000  0.00408 26
 -77.000   49.000  0.00475 22
 -77.000   50.000  0.00507 18
 -76.000   25.000 -0.00427 17
 -76.000   26.000 -0.00453 20
 -76.000   27.000 -0.00339 22
 -76.000   28.000 -0.00237 19
 -76.000   29.000 -0.00031 23
 -76.000   30.000  0.00096 21
 -76.000   31.000  0.00245 25
 -76.000   32.000  0.00225 22
 -76.000   33.000  0.00139 24
 -76.000   34.000 -0.00033 21
 -76.000   35.000 -0.00159 23
 -76.000   36.000 -0.00214 21
 -76.000   37.000 -0.00100 24
 -76.000   38.000  0.00125 22
 -76.000   39.000  0.00428 23
 -76.000   40.000  0.00647 19
 -76.000   41.000  0.00803 21
 -76.000   42.000  0.00749 20
 -76.000   43.000  0.00643 23
 -76.000   44.000  0.00472 21
 -76.000   45.000  0.00385 23
 -76.000   46.000  0.00289 21
 -76.000   47.000  0.00328 22
 -76.000   48.000  0.00359 21
 -76.000   49.000  0.00397 19
 -76.000   50.000  0.00403 14
 -75.000   25.000 -0.00372 15
 -75.000   26.000 -0.00344 18
 -75.000   27.000 -0.00208 21
 -75.000   28.000 -0.00124 18
 -75.000   29.000  0.00038 22
 -75.000   30.000  0.00104 20
 -75.000   31.000  0.00209 22
 -75.000   32.000  0.00165 20
 -75.000   33.000  0.00112 20
 -75.000   34.000 -0.00026 20
 -75.000   35.000 -0.00127 20
 -75.000   36.000 -0.00204 22
 -75.000   37.000 -0.00097 23
 -75.000   38.000  0.00124 25
 -75.000   39.000  0.00439 23
 -75.000   40.000  0.00657 23
 -75.000   41.000  0.00826 21
 -75.000   42.000  0.00775 24
 -75.000   43.000  0.00681 22
 -75.000   44.000  0.00527 25
 -75.000   45.000  0.00439 23
 -75.000   46.000  0.00318 27
 -75.000   47.000  0.00308 24
 -75.000   48.000  0.00282 26
 -75.000   49.000  0.00274 19
 -75.000   50.000  0.00235 17
 -74.000   25.000 -0.00404 17
 -74.000   26.000 -0.00296 21
 -74.000   27.000 -0.00128 24
 -74.000   28.000 -0.00045 21
 -74.000   29.000  0.00102 22
 -74.000   30.000  0.00112 19
 -74.000   31.000  0.00155 20
 -74.000   32.000  0.00068 19
 -74.000   33.000  0.00048 19
 -74.000   34.000 -0.00049 19
 -74.000   35.000 -0.00102 20
 -74.000   36.000 -0.00167 21
 -74.000   37.000 -0.00050 22
 -74.000   38.000  0.00161 22
 -74.000   39.000  0.00472 20
 -74.000   40.000  0.00677 18
 -74.000   41.000  0.00856 16
 -74.000   42.000  0.00811 17
 -74.000   43.000  0.00740 17
 -74.000   44.000  0.00604 18
 -74.000   45.000  0.00524 20
 -74.000   46.000  0.00387 21
 -74.000   47.000  0.00339 22
 -74.000   48.000  0.00241 20
 -74.000   49.000  0.00199 19
 -74.000   50.000  0.00111 15
 -73.000   25.000 -0.00484 15
 -73.000   26.000 -0.00360 19
 -73.000   27.000 -0.00175 23
 -73.000   28.000 -0.00124 20
 -73.000   29.000  0.00027 22
 -73.000   30.000  0.00006 19
 -73.000   31.000  0.00061 20
 -73.000   32.000 -0.00028 18
 -73.000   33.000  0.00014 18
 -73.000   34.000 -0.00051 18
 -73.000   35.000 -0.00064 20
 -73.000   36.000 -0.00128 22
 -73.000   37.000 -0.00007 24
 -73.000   38.000  0.00183 25
 -73.000   39.000  0.00485 23
 -73.000   40.000  0.00665 22
 -73.000   41.000  0.00840 19
 -73.000   42.000  0.00798 22
 -73.000   43.000  0.00750 18
 -73.000   44.000  0.00635 22
 -73.000   45.000  0.00562 19
 -73.000   46.000  0.00418 25
 -73.000   47.000  0.00336 21
 -73.000   48.000  0.00186 24
 -73.000   49.000  0.00117 19
 -73.000   50.000 -0.00010 19
 -72.000   25.000 -0.00483 19
 -72.000   26.000 -0.00330 24
 -72.000   27.000 -0.00149 24
 -72.000   28.000 -0.00074 22
 -72.000   29.000  0.00085 22
 -72.000   30.000  0.00057 20
 -72.000   31.000  0.00066 20
 -72.000   32.000 -0.00055 19
 -72.000   33.000 -0.00031 19
 -72.000   34.000 -0.00084 18
 -72.000   35.000 -0.00070 20
 -72.000   36.000 -0.00093 21
 -72.000   37.000  0.00054 22
 -72.000   38.000  0.00238 21
 -72.000   39.000  0.00505 18
 -72.000   40.000  0.00646 17
 -72.000   41.000  0.00806 15
 -72.000   42.000  0.00766 17
 -72.000   43.000  0.00735 15
 -72.000   44.000  0.00642 16
 -72.000   45.000  0.00598 16
 -72.000   46.000  0.00491 19
 -72.000   47.000  0.00434 20
 -72.000   48.000  0.00259 22
 -72.000   49.000  0.00198 21
 -72.000   50.000  0.00062 18
 -71.000   25.000 -0.00362 16
 -71.000   26.000 -0.00273 20
 -71.000   27.000 -0.00145 22
 -71.000   28.000 -0.00118 20
 -71.000   29.000  0.00017 23
 -71.000   30.000 -0.00015 20
 -71.000   31.000  0.00003 21
 -71.000   32.000 -0.00119 19
 -71.000   33.000 -0.00091 20
 -71.000   34.000 -0.00135 18
 -71.000   35.000 -0.00096 19
 -71.000   36.000 -0.00093 20
 -71.000   37.000  0.00086 22
 -71.000   38.000  0.00260 23
 -71.000   39.000  0.00494 22
 -71.000   40.000  0.00586 22
 -71.000   41.000  0.00728 21
 -71.000   42.000  0.00689 24
 -71.000   43.000  0.00673 20
 -71.000   44.000  0.00591 22
 -71.000   45.000  0.00568 17
 -71.000   46.000  0.00498 23
 -71.000   47.000  0.00478 19
 -71.000   48.000  0.00316 25
 -71.000   49.000  0.00277 19
 -71.000   50.000  0.00155 19
 -70.000   25.000 -0.00176 20
 -70.000   26.000 -0.00098 25
 -70.000   27.000 -0.00039 24
 -70.000   28.000  0.00001 23
 -70.000   29.000  0.00102 23
 -70.000   30.000  0.00100 22
 -70.000   31.000  0.00078 22
 -70.000   32.000 -0.00041 22
 -70.000   33.000 -0.00054 23
 -70.000   34.000 -0.00088 21
 -70.000   35.000 -0.00074 22
 -70.000   36.000 -0.00070 20
 -70.000   37.000  0.00088 20
 -70.000   38.000  0.00227 19
 -70.000   39.000  0.00383 18
 -70.000   40.000  0.00425 19
 -70.000   41.000  0.00552 17
 -70.000   42.000  0.00517 18
 -70.000   43.000  0.00496 15
 -70.000   44.000  0.00421 16
 -70.000   45.000  0.00441 14
 -70.000   46.000  0.00442 17
 -70.000   47.000  0.00516 17
 -70.000   48.000  0.00408 22
 -70.000   49.000  0.00426 20
 -70.000   50.000  0.00334 19
 -69.000   25.000  0.00085 15
 -69.000   26.000  0.00078 19
 -69.000   27.000  0.00055 21
 -69.000   28.000  0.00031 20
 -69.000   29.000  0.00071 22
 -69.000   30.000  0.00074 20
 -69.000   31.000  0.00071 21
 -69.000   32.000 -0.00016 19
 -69.000   33.000 -0.00018 21
 -69.000   34.000 -0.00031 19
 -69.000   35.000 -0.00026 21
 -69.000   36.000 -0.00040 19
 -69.000   37.000  0.00079 20
 -69.000   38.000  0.00175 21
 -69.000   39.000  0.00272 21
 -69.000   40.000  0.00278 21
 -69.000   41.000  0.00401 19
 -69.000   42.000  0.00388 21
 -69.000   43.000  0.00373 19
 -69.000   44.000  0.00298 21
 -69.000   45.000  0.00338 17
 -69.000   46.000  0.00358 20
 -69.000   47.000  0.00480 16
 -69.000   48.000  0.00407 22
 -69.000   49.000  0.00456 18
 -69.000   50.000  0.00380 20
 -68.000   25.000  0.00215 19
 -68.000   26.000  0.00178 23
 -68.000   27.000  0.00092 23
 -68.000   28.000  0.00072 23
 -68.000   29.000  0.00064 24
 -68.000   30.000  0.00093 24
 -68.000   31.000  0.00064 25
 -68.000   32.000 -0.00003 23
 -68.000   33.000 -0.00016 24
 -68.000   34.000  0.00002 21
 -68.000   35.000 -0.00010 22
 -68.000   36.000 -0.00029 19
 -68.000   37.000  0.00041 19
 -68.000   38.000  0.00074 19
 -68.000   39.000  0.00073 17
 -68.000   40.000  0.00049 19
 -68.000   41.000  0.00147 16
 -68.000   42.000  0.00132 19
 -68.000   43.000  0.00085 15
 -68.000   44.000  0.00012 20
 -68.000   45.000  0.00080 17
 -68.000   46.000  0.00164 22
 -68.000   47.000  0.00401 17
 -68.000   48.000  0.00412 24
 -68.000   49.000  0.00522 20
 -68.000   50.000  0.00483 21
 -67.000   25.000  0.00060 13
 -67.000   26.000 -0.00012 16
 -67.000   27.000 -0.00121 19
 -67.000   28.000 -0.00150 19
 -67.000   29.000 -0.00192 22
 -67.000   30.000 -0.00214 22
 -67.000   31.000 -0.00242 23
 -67.000   32.000 -0.00305 20
 -67.000   33.000 -0.00247 20
 -67.000   34.000 -0.00157 17
 -67.000   35.000 -0.00065 18
 -67.000   36.000 -0.00026 16
 -67.000   37.000  0.00054 18
 -67.000   38.000  0.00003 18
 -67.000   39.000 -0.00078 17
 -67.000   40.000 -0.00147 17
 -67.000   41.000 -0.00109 15
 -67.000   42.000 -0.00147 18
 -67.000   43.000 -0.00207 15
 -67.000   44.000 -0.00277 20
 -67.000   45.000 -0.00208 17
 -67.000   46.000 -0.00088 22
 -67.000   47.000  0.00219 16
 -67.000   48.000  0.00261 21
 -67.000   49.000  0.00395 15
 -67.000   50.000  0.00368 16
 -66.000   25.000 -0.00084 13
 -66.000   26.000 -0.00140 14
 -66.000   27.000 -0.00252 18
 -66.000   28.000 -0.00243 16
 -66.000   29.000 -0.00270 20
 -66.000   30.000 -0.00268 19
 -66.000   31.000 -0.00285 22
 -66.000   32.000 -0.00316 19
 -66.000   33.000 -0.00230 20
 -66.000   34.000 -0.00120 15
 -66.000   35.000 -0.00032 15
 -66.000   36.000 -0.00005 11
 -66.000   37.000  0.00030 14
 -66.000   38.000 -0.00070 12
 -66.000   39.000 -0.00196 13
 -66.000   40.000 -0.00267 13
 -66.000   41.000 -0.00239 13
 -66.000   42.000 -0.00283 14
 -66.000   43.000 -0.00371 11
 -66.000   44.000 -0.00452 17
 -66.000   45.000 -0.00378 14
 -66.000   46.000 -0.00239 19
 -66.000   47.000  0.00118 12
 -66.000   48.000  0.00189 19
 -66.000   49.000  0.00350 13
 -66.000   50.000  0.00327 14
 -65.000   25.000 -0.00325 5
 -65.000   26.000 -0.00370 6
 -65.000   27.000 -0.00461 10
 -65.000   28.000 -0.00432 9
 -65.000   29.000 -0.00457 11
 -65.000   30.000 -0.00481 10
 -65.000   31.000 -0.00492 11
 -65.000   32.000 -0.00520 9
 -65.000   33.000 -0.00376 10
 -65.000   34.000 -0.00214 7
 -65.000   35.000 -0.00044 9
 -65.000   36.000  0.00024 6
 -65.000   37.000  0.00071 8
 -65.000   38.000 -0.00074 5
 -65.000   39.000 -0.00235 7
 -65.000   40.000 -0.00323 6
 -65.000   41.000 -0.00335 7
 -65.000   42.000 -0.00391 6
 -65.000   43.000 -0.00489 6
 -65.000   44.000 -0.00565 8
 -65.000   45.000 -0.00503 7
 -65.000   46.000 -0.00359 8
 -65.000   47.000 -0.00001 5
 -65.000   48.000  0.00061 8
 -65.000   49.000  0.00211 5
 -65.000   50.000  0.00177 7
