-130.000   25.000  0.00000 0
-130.000   26.000  0.00000 0
-130.000   27.000  0.00000 0
-130.000   28.000  0.00000 0
-130.000   29.000  0.00000 0
-130.000   30.000  0.00000 0
-130.000   31.000  0.00000 0
-130.000   32.000  0.00000 0
-130.000   33.000  0.00000 0
-130.000   34.000  0.00000 0
-130.000   35.000  0.00000 0
-130.000   36.000  0.00000 0
-130.000   37.000  0.00000 0
-130.000   38.000  0.00000 0
-130.000   39.000  0.00000 0
-130.000   40.000  0.00000 0
-130.000   41.000  0.00000 0
-130.000   42.000  0.00000 0
-130.000   43.000  0.00000 0
-130.000   44.000  0.00000 0
-130.000   45.000  0.00000 0
-130.000   46.000  0.00000 0
-130.000   47.000  0.00000 0
-130.000   48.000  0.00000 0
-130.000   49.000  0.00000 0
-130.000   50.000  0.00000 0
-129.000   25.000  0.00000 0
-129.000   26.000  0.00000 0
-129.000   27.000  0.00000 0
-129.000   28.000  0.00000 0
-129.000   29.000  0.00000 0
-129.000   30.000  0.00000 0
-129.000   31.000  0.00000 0
-129.000   32.000  0.00000 0
-129.000   33.000  0.00000 0
-129.000   34.000  0.00000 0
-129.000   35.000  0.00000 0
-129.000   36.000  0.00000 0
-129.000   37.000  0.00000 0
-129.000   38.000  0.00000 0
-129.000   39.000  0.00000 0
-129.000   40.000  0.00000 0
-129.000   41.000  0.00000 0
-129.000   42.000  0.00000 0
-129.000   43.000  0.00000 0
-129.000   44.000  0.00000 0
-129.000   45.000  0.00000 0
-129.000   46.000  0.00000 0
-129.000   47.000  0.00000 0
-129.000   48.000  0.00000 0
-129.000   49.000  0.00000 0
-129.000   50.000  0.00000 0
-128.000   25.000  0.00010 0
-128.000   26.000  0.00027 0
-128.000   27.000  0.00036 0
-128.000   28.000  0.00037 0
-128.000   29.000  0.00037 0
-128.000   30.000  0.00030 0
-128.000   31.000  0.00015 0
-128.000   32.000  0.00000 0
-128.000   33.000  0.00000 0
-128.000   34.000  0.00000 0
-128.000   35.000  0.00000 0
-128.000   36.000  0.00000 0
-128.000   37.000  0.00000 0
-128.000   38.000  0.00000 0
-128.000   39.000  0.00000 0
-128.000   40.000 -0.00115 0
-128.000   41.000 -0.00229 0
-128.000   42.000 -0.00344 0
-128.000   43.000 -0.00344 0
-128.000   44.000 -0.00344 0
-128.000   45.000 -0.00229 0
-128.000   46.000 -0.00115 0
-128.000   47.000  0.00000 0
-128.000   48.000  0.00000 0
-128.000   49.000  0.00000 0
-128.000   50.000  0.00000 0
-127.000   25.000  0.00021 0
-127.000   26.000  0.00053 0
-127.000   27.000  0.00073 0
-127.000   28.000  0.00074 0
-127.000   29.000  0.00075 0
-127.000   30.000  0.00060 0
-127.000   31.000  0.00030 0
-127.000   32.000  0.00000 0
-127.000   33.000  0.00000 0
-127.000   34.000  0.00000 0
-127.000   35.000  0.00000 0
-127.000   36.000  0.00000 0
-127.000   37.000  0.00000 0
-127.000   38.000  0.00000 0
-127.000   39.000  0.00000 0
-127.000   40.000 -0.00229 0
-127.000   41.000 -0.00459 0
-127.000   42.000 -0.00660 0
-127.000   43.000 -0.00720 0
-127.000   44.000 -0.00780 0
-127.000   45.000 -0.00551 0
-127.000   46.000 -0.00322 0
-127.000   47.000 -0.00120 0
-127.000   48.000 -0.00060 0
-127.000   49.000  0.00000 0
-127.000   50.000  0.00000 0
-126.000   25.000  0.00203 1
-126.000   26.000  0.00205 1
-126.000   27.000  0.00199 2
-126.000   28.000  0.00135 1
-126.000   29.000  0.00092 1
-126.000   30.000  0.00055 0
-126.000   31.000  0.00013 0
-126.000   32.000 -0.00022 0
-126.000   33.000 -0.00011 0
-126.000   34.000  0.00000 0
-126.000   35.000  0.00558 0
-126.000   36.000  0.01117 0
-126.000   37.000  0.01675 0
-126.000   38.000  0.01675 0
-126.000   39.000  0.01675 0
-126.000   40.000  0.00773 0
-126.000   41.000 -0.00129 0
-126.000   42.000 -0.00977 1
-126.000   43.000 -0.01097 1
-126.000   44.000 -0.01217 1
-126.000   45.000 -0.00873 0
-126.000   46.000 -0.00529 0
-126.000   47.000 -0.00240 0
-126.000   48.000 -0.00120 0
-126.000   49.000  0.00000 0
-126.000   50.000  0.00000 0
-125.000   25.000  0.00887 1
-125.000   26.000  0.00729 1
-125.000   27.000  0.00617 2
-125.000   28.000  0.00404 1
-125.000   29.000  0.00189 1
-125.000   30.000  0.00041 0
-125.000   31.000 -0.00010 0
-125.000   32.000 -0.00044 0
-125.000   33.000 -0.00022 0
-125.000   34.000  0.00000 0
-125.000   35.000  0.01117 0
-125.000   36.000  0.02234 0
-125.000   37.000  0.03351 0
-125.000   38.000  0.03351 0
-125.000   39.000  0.03351 0
-125.000   40.000  0.01862 0
-125.000   41.000  0.00374 0
-125.000   42.000 -0.01076 1
-125.000   43.000 -0.01256 1
-125.000   44.000 -0.01436 2
-125.000   45.000 -0.01064 1
-125.000   46.000 -0.00692 1
-125.000   47.000 -0.00359 0
-125.000   48.000 -0.00180 0
-125.000   49.000  0.00000 0
-125.000   50.000  0.00000 0
-124.000   25.000  0.01456 3
-124.000   26.000  0.01229 2
-124.000   27.000  0.01037 4
-124.000   28.000  0.00707 2
-124.000   29.000  0.00339 3
-124.000   30.000  0.00023 1
-124.000   31.000 -0.00087 1
-124.000   32.000 -0.00141 0
-124.000   33.000 -0.00116 0
-124.000   34.000  0.00201 0
-124.000   35.000  0.01786 0
-124.000   36.000  0.03312 0
-124.000   37.000  0.04988 1
-124.000   38.000  0.04988 1
-124.000   39.000  0.04728 1
-124.000   40.000  0.02802 0
-124.000   41.000  0.00877 0
-124.000   42.000 -0.01159 1
-124.000   43.000 -0.01339 1
-124.000   44.000 -0.01518 2
-124.000   45.000 -0.01119 1
-124.000   46.000 -0.00720 1
-124.000   47.000 -0.00359 0
-124.000   48.000 -0.00072 0
-124.000   49.000  0.00135 0
-124.000   50.000  0.00180 0
-123.000   25.000  0.01815 3
-123.000   26.000  0.01581 2
-123.000   27.000  0.01405 3
-123.000   28.000  0.01066 1
-123.000   29.000  0.00677 2
-123.000   30.000  0.00227 1
-123.000   31.000  0.00051 1
-123.000   32.000 -0.00089 0
-123.000   33.000 -0.00121 0
-123.000   34.000  0.00402 0
-123.000   35.000  0.02307 0
-123.000   36.000  0.04093 0
-123.000   37.000  0.05768 1
-123.000   38.000  0.05768 1
-123.000   39.000  0.05248 1
-123.000   40.000  0.03149 0
-123.000   41.000  0.01051 0
-123.000   42.000 -0.00898 1
-123.000   43.000 -0.01078 1
-123.000   44.000 -0.01257 2
-123.000   45.000 -0.00945 1
-123.000   46.000 -0.00633 1
-123.000   47.000 -0.00359 0
-123.000   48.000  0.00037 0
-123.000   49.000  0.00270 0
-123.000   50.000  0.00360 0
-122.000   25.000  0.01820 4
-122.000   26.000  0.01667 4
-122.000   27.000  0.01560 4
-122.000   28.000  0.01336 3
-122.000   29.000  0.01025 3
-122.000   30.000  0.00611 3
-122.000   31.000  0.00369 2
-122.000   32.000  0.00219 1
-122.000   33.000  0.00179 0
-122.000   34.000  0.00777 0
-122.000   35.000  0.02887 0
-122.000   36.000  0.04934 1
-122.000   37.000  0.06533 2
-122.000   38.000  0.06457 2
-122.000   39.000  0.05768 1
-122.000   40.000  0.03524 0
-122.000   41.000  0.01280 0
-122.000   42.000 -0.00581 1
-122.000   43.000 -0.00701 1
-122.000   44.000 -0.00821 1
-122.000   45.000 -0.00623 0
-122.000   46.000 -0.00426 0
-122.000   47.000 -0.00380 0
-122.000   48.000 -0.00061 0
-122.000   49.000  0.00074 0
-122.000   50.000  0.00099 1
-121.000   25.000  0.01645 3
-121.000   26.000  0.01618 4
-121.000   27.000  0.01598 4
-121.000   28.000  0.01566 3
-121.000   29.000  0.01425 3
-121.000   30.000  0.01171 3
-121.000   31.000  0.00864 2
-121.000   32.000  0.00713 1
-121.000   33.000  0.00624 0
-121.000   34.000  0.01022 0
-121.000   35.000  0.02175 0
-121.000   36.000  0.03433 1
-121.000   37.000  0.04397 1
-121.000   38.000  0.04244 1
-121.000   39.000  0.03633 0
-121.000   40.000  0.02292 0
-121.000   41.000  0.00951 0
-121.000   42.000 -0.00265 1
-121.000   43.000 -0.00325 1
-121.000   44.000 -0.00385 1
-121.000   45.000 -0.00302 0
-121.000   46.000 -0.00219 0
-121.000   47.000 -0.00401 0
-121.000   48.000 -0.00282 0
-121.000   49.000 -0.00278 0
-121.000   50.000 -0.00370 1
-120.000   25.000  0.01349 2
-120.000   26.000  0.01486 3
-120.000   27.000  0.01536 3
-120.000   28.000  0.01662 3
-120.000   29.000  0.01586 3
-120.000   30.000  0.01318 4
-120.000   31.000  0.00780 3
-120.000   32.000  0.00598 2
-120.000   33.000  0.00528 0
-120.000   34.000  0.01002 1
-120.000   35.000  0.01690 1
-120.000   36.000  0.02317 2
-120.000   37.000  0.02712 1
-120.000   38.000  0.02444 1
-120.000   39.000  0.01775 0
-120.000   40.000  0.00973 0
-120.000   41.000  0.00448 0
-120.000   42.000 -0.00166 0
-120.000   43.000 -0.00166 0
-120.000   44.000 -0.00166 0
-120.000   45.000 -0.00426 0
-120.000   46.000 -0.00686 0
-120.000   47.000 -0.01140 0
-120.000   48.000 -0.01222 0
-120.000   49.000 -0.01527 1
-120.000   50.000 -0.01511 2
-119.000   25.000  0.00866 2
-119.000   26.000  0.01106 2
-119.000   27.000  0.01242 4
-119.000   28.000  0.01477 2
-119.000   29.000  0.01413 4
-119.000   30.000  0.01023 3
-119.000   31.000  0.00342 3
-119.000   32.000  0.00095 1
-119.000   33.000  0.00155 0
-119.000   34.000  0.00511 1
-119.000   35.000  0.01039 1
-119.000   36.000  0.01185 2
-119.000   37.000  0.01075 1
-119.000   38.000  0.00671 1
-119.000   39.000  0.00215 0
-119.000   40.000 -0.00197 0
-119.000   41.000 -0.00055 0
-119.000   42.000 -0.00083 0
-119.000   43.000 -0.00083 0
-119.000   44.000 -0.00083 0
-119.000   45.000 -0.00686 0
-119.000   46.000 -0.01289 0
-119.000   47.000 -0.02086 0
-119.000   48.000 -0.02276 0
-119.000   49.000 -0.02845 1
-119.000   50.000 -0.02742 1
-118.000   25.000  0.00303 1
-118.000   26.000  0.00601 1
-118.000   27.000  0.00721 2
-118.000   28.000  0.00941 1
-118.000   29.000  0.00810 2
-118.000   30.000  0.00394 2
-118.000   31.000 -0.00294 3
-118.000   32.000 -0.00392 2
-118.000   33.000 -0.00069 2
-118.000   34.000  0.00547 2
-118.000   35.000  0.01257 3
-118.000   36.000  0.01214 3
-118.000   37.000  0.01073 2
-118.000   38.000  0.00540 1
-118.000   39.000  0.00020 0
-118.000   40.000 -0.00430 0
-118.000   41.000  0.00000 0
-118.000   42.000  0.00000 0
-118.000   43.000  0.00000 0
-118.000   44.000 -0.00050 0
-118.000   45.000 -0.00863 0
-118.000   46.000 -0.01587 0
-118.000   47.000 -0.02527 1
-118.000   48.000 -0.02738 1
-118.000   49.000 -0.03361 2
-118.000   50.000 -0.03125 1
-117.000   25.000  0.00094 2
-117.000   26.000  0.00363 2
-117.000   27.000  0.00413 4
-117.000   28.000  0.00495 2
-117.000   29.000  0.00256 3
-117.000   30.000 -0.00271 1
-117.000   31.000 -0.00879 2
-117.000   32.000 -0.00820 1
-117.000   33.000 -0.00295 2
-117.000   34.000  0.00329 1
-117.000   35.000  0.00923 2
-117.000   36.000  0.00607 2
-117.000   37.000  0.00425 2
-117.000   38.000 -0.00148 1
-117.000   39.000 -0.00500 0
-117.000   40.000 -0.00690 0
-117.000   41.000  0.00000 0
-117.000   42.000  0.00000 0
-117.000   43.000  0.00000 0
-117.000   44.000 -0.00100 0
-117.000   45.000 -0.00963 0
-117.000   46.000 -0.01669 0
-117.000   47.000 -0.02381 1
-117.000   48.000 -0.02491 1
-117.000   49.000 -0.02989 1
-117.000   50.000 -0.02546 0
-116.000   25.000  0.00510 1
-116.000   26.000  0.00661 1
-116.000   27.000  0.00631 3
-116.000   28.000  0.00550 2
-116.000   29.000  0.00112 3
-116.000   30.000 -0.00715 1
-116.000   31.000 -0.01299 3
-116.000   32.000 -0.01178 2
-116.000   33.000 -0.00554 4
-116.000   34.000  0.00242 2
-116.000   35.000  0.01325 3
-116.000   36.000  0.01225 1
-116.000   37.000  0.01003 1
-116.000   38.000  0.00389 0
-116.000   39.000 -0.00041 0
-116.000   40.000 -0.00460 0
-116.000   41.000  0.00000 0
-116.000   42.000 -0.00629 0
-116.000   43.000 -0.01257 0
-116.000   44.000 -0.01691 0
-116.000   45.000 -0.02741 0
-116.000   46.000 -0.03534 1
-116.000   47.000 -0.03466 2
-116.000   48.000 -0.02794 3
-116.000   49.000 -0.02951 2
-116.000   50.000 -0.02184 1
-115.000   25.000  0.00574 1
-115.000   26.000  0.00722 1
-115.000   27.000  0.00743 3
-115.000   28.000  0.00682 2
-115.000   29.000  0.00380 3
-115.000   30.000 -0.00413 1
-115.000   31.000 -0.00848 2
-115.000   32.000 -0.01337 1
-115.000   33.000 -0.01397 2
-115.000   34.000 -0.01342 1
-115.000   35.000 -0.00353 1
-115.000   36.000 -0.00381 0
-115.000   37.000 -0.00057 0
-115.000   38.000 -0.00021 0
-115.000   39.000  0.00142 0
-115.000   40.000 -0.00230 0
-115.000   41.000  0.00000 0
-115.000   42.000 -0.01257 0
-115.000   43.000 -0.02514 0
-115.000   44.000 -0.03424 0
-115.000   45.000 -0.04482 0
-115.000   46.000 -0.05153 1
-115.000   47.000 -0.04292 1
-115.000   48.000 -0.02914 2
-115.000   49.000 -0.02505 1
-115.000   50.000 -0.01576 1
-114.000   25.000  0.00917 1
-114.000   26.000  0.01011 1
-114.000   27.000  0.01034 4
-114.000   28.000  0.01029 3
-114.000   29.000  0.00914 6
-114.000   30.000  0.00506 3
-114.000   31.000  0.00202 4
-114.000   32.000 -0.00828 1
-114.000   33.000 -0.01692 2
-114.000   34.000 -0.02486 1
-114.000   35.000 -0.01977 1
-114.000   36.000 -0.01932 0
-114.000   37.000 -0.01127 0
-114.000   38.000 -0.00420 0
-114.000   39.000  0.00325 0
-114.000   40.000  0.00000 0
-114.000   41.000  0.00000 0
-114.000   42.000 -0.01886 0
-114.000   43.000 -0.03771 0
-114.000   44.000 -0.05135 1
-114.000   45.000 -0.06245 1
-114.000   46.000 -0.06840 3
-114.000   47.000 -0.05147 2
-114.000   48.000 -0.03254 4
-114.000   49.000 -0.02362 2
-114.000   50.000 -0.01301 2
-113.000   25.000  0.01163 1
-113.000   26.000  0.01217 1
-113.000   27.000  0.01246 3
-113.000   28.000  0.01434 2
-113.000   29.000  0.01579 4
-113.000   30.000  0.01477 2
-113.000   31.000  0.01228 2
-113.000   32.000 -0.00416 0
-113.000   33.000 -0.02191 0
-113.000   34.000 -0.04157 1
-113.000   35.000 -0.04319 1
-113.000   36.000 -0.04346 1
-113.000   37.000 -0.02975 0
-113.000   38.000 -0.01605 0
-113.000   39.000  0.00000 0
-113.000   40.000  0.00000 0
-113.000   41.000  0.00000 0
-113.000   42.000 -0.01886 0
-113.000   43.000 -0.03771 0
-113.000   44.000 -0.05495 1
-113.000   45.000 -0.06832 1
-113.000   46.000 -0.07620 2
-113.000   47.000 -0.05975 1
-113.000   48.000 -0.04330 2
-113.000   49.000 -0.03258 1
-113.000   50.000 -0.02117 1
-112.000   25.000  0.01326 1
-112.000   26.000  0.01299 1
-112.000   27.000  0.01310 4
-112.000   28.000  0.01690 3
-112.000   29.000  0.02035 5
-112.000   30.000  0.02203 3
-112.000   31.000  0.01973 3
-112.000   32.000  0.00215 1
-112.000   33.000 -0.01924 0
-112.000   34.000 -0.04144 1
-112.000   35.000 -0.04567 1
-112.000   36.000 -0.04580 1
-112.000   37.000 -0.03092 0
-112.000   38.000 -0.01605 0
-112.000   39.000  0.00000 0
-112.000   40.000  0.00000 0
-112.000   41.000  0.00000 0
-112.000   42.000 -0.01886 0
-112.000   43.000 -0.03771 0
-112.000   44.000 -0.05855 1
-112.000   45.000 -0.07551 1
-112.000   46.000 -0.08644 3
-112.000   47.000 -0.07248 2
-112.000   48.000 -0.05852 4
-112.000   49.000 -0.04711 2
-112.000   50.000 -0.03453 2
-111.000   25.000  0.00791 0
-111.000   26.000  0.00729 0
-111.000   27.000  0.00725 1
-111.000   28.000  0.01142 1
-111.000   29.000  0.01559 1
-111.000   30.000  0.01958 1
-111.000   31.000  0.01849 1
-111.000   32.000  0.00102 1
-111.000   33.000 -0.02100 0
-111.000   34.000 -0.04302 1
-111.000   35.000 -0.04814 1
-111.000   36.000 -0.04814 1
-111.000   37.000 -0.03209 0
-111.000   38.000 -0.01605 0
-111.000   39.000  0.00000 0
-111.000   40.000  0.00000 0
-111.000   41.000  0.00000 0
-111.000   42.000 -0.01257 0
-111.000   43.000 -0.02514 0
-111.000   44.000 -0.04264 0
-111.000   45.000 -0.05773 0
-111.000   46.000 -0.06779 1
-111.000   47.000 -0.06023 1
-111.000   48.000 -0.05267 2
-111.000   49.000 -0.04397 1
-111.000   50.000 -0.03346 1
-110.000   25.000  0.00226 0
-110.000   26.000  0.00108 0
-110.000   27.000  0.00056 2
-110.000   28.000  0.00443 2
-110.000   29.000  0.00831 2
-110.000   30.000  0.01388 1
-110.000   31.000  0.01437 1
-110.000   32.000  0.00398 1
-110.000   33.000 -0.01150 0
-110.000   34.000 -0.02697 0
-110.000   35.000 -0.03209 0
-110.000   36.000 -0.03209 0
-110.000   37.000 -0.02140 0
-110.000   38.000 -0.01070 0
-110.000   39.000  0.00000 0
-110.000   40.000  0.00000 0
-110.000   41.000  0.00000 0
-110.000   42.000 -0.00629 0
-110.000   43.000 -0.01257 0
-110.000   44.000 -0.02531 0
-110.000   45.000 -0.03717 0
-110.000   46.000 -0.04529 1
-110.000   47.000 -0.04338 1
-110.000   48.000 -0.04148 2
-110.000   49.000 -0.03593 1
-110.000   50.000 -0.02814 1
-109.000   25.000 -0.00201 0
-109.000   26.000 -0.00302 0
-109.000   27.000 -0.00362 1
-109.000   28.000 -0.00021 1
-109.000   29.000  0.00320 1
-109.000   30.000  0.00782 0
-109.000   31.000  0.00903 0
-109.000   32.000  0.00489 0
-109.000   33.000 -0.00387 0
-109.000   34.000 -0.01263 0
-109.000   35.000 -0.01605 0
-109.000   36.000 -0.01605 0
-109.000   37.000 -0.01070 0
-109.000   38.000 -0.00535 0
-109.000   39.000  0.00000 0
-109.000   40.000  0.00000 0
-109.000   41.000  0.00000 0
-109.000   42.000  0.00000 0
-109.000   43.000  0.00000 0
-109.000   44.000 -0.00819 0
-109.000   45.000 -0.01639 0
-109.000   46.000 -0.02211 0
-109.000   47.000 -0.02537 0
-109.000   48.000 -0.02862 0
-109.000   49.000 -0.02553 0
-109.000   50.000 -0.02038 0
-108.000   25.000 -0.00254 0
-108.000   26.000 -0.00381 0
-108.000   27.000 -0.00458 1
-108.000   28.000 -0.00287 1
-108.000   29.000 -0.00116 1
-108.000   30.000  0.00207 0
-108.000   31.000  0.00359 0
-108.000   32.000  0.00512 0
-108.000   33.000  0.00341 0
-108.000   34.000  0.00171 0
-108.000   35.000  0.00000 0
-108.000   36.000  0.00000 0
-108.000   37.000  0.00000 0
-108.000   38.000  0.00000 0
-108.000   39.000  0.00000 0
-108.000   40.000  0.00000 0
-108.000   41.000  0.00000 0
-108.000   42.000  0.00000 0
-108.000   43.000  0.00000 0
-108.000   44.000 -0.00410 0
-108.000   45.000 -0.00819 0
-108.000   46.000 -0.01106 0
-108.000   47.000 -0.01268 0
-108.000   48.000 -0.01431 0
-108.000   49.000 -0.01276 0
-108.000   50.000 -0.01019 0
-107.000   25.000 -0.00225 0
-107.000   26.000 -0.00337 0
-107.000   27.000 -0.00404 0
-107.000   28.000 -0.00404 0
-107.000   29.000 -0.00404 0
-107.000   30.000 -0.00269 0
-107.000   31.000 -0.00135 0
-107.000   32.000  0.00000 0
-107.000   33.000  0.00000 0
-107.000   34.000  0.00000 0
-107.000   35.000  0.00000 0
-107.000   36.000  0.00000 0
-107.000   37.000  0.00000 0
-107.000   38.000  0.00000 0
-107.000   39.000  0.00000 0
-107.000   40.000  0.00000 0
-107.000   41.000  0.00000 0
-107.000   42.000  0.00000 0
-107.000   43.000  0.00000 0
-107.000   44.000  0.00000 0
-107.000   45.000  0.00000 0
-107.000   46.000  0.00000 0
-107.000   47.000  0.00000 0
-107.000   48.000  0.00000 0
-107.000   49.000  0.00000 0
-107.000   50.000  0.00000 0
-106.000   25.000 -0.00112 0
-106.000   26.000 -0.00168 0
-106.000   27.000 -0.00202 0
-106.000   28.000 -0.00202 0
-106.000   29.000 -0.00202 0
-106.000   30.000 -0.00135 0
-106.000   31.000 -0.00067 0
-106.000   32.000  0.00000 0
-106.000   33.000  0.00000 0
-106.000   34.000  0.00000 0
-106.000   35.000  0.00000 0
-106.000   36.000  0.00000 0
-106.000   37.000  0.00000 0
-106.000   38.000  0.00000 0
-106.000   39.000  0.00000 0
-106.000   40.000  0.00000 0
-106.000   41.000  0.00000 0
-106.000   42.000  0.00000 0
-106.000   43.000  0.00000 0
-106.000   44.000  0.00000 0
-106.000   45.000  0.00000 0
-106.000   46.000  0.00000 0
-106.000   47.000  0.00000 0
-106.000   48.000  0.00000 0
-106.000   49.000  0.00000 0
-106.000   50.000  0.00000 0
-105.000   25.000  0.00000 0
-105.000   26.000  0.00000 0
-105.000   27.000  0.00000 0
-105.000   28.000  0.00000 0
-105.000   29.000  0.00000 0
-105.000   30.000  0.00000 0
-105.000   31.000  0.00000 0
-105.000   32.000  0.00000 0
-105.000   33.000  0.00000 0
-105.000   34.000  0.00000 0
-105.000   35.000  0.00000 0
-105.000   36.000  0.00000 0
-105.000   37.000  0.00000 0
-105.000   38.000  0.00000 0
-105.000   39.000  0.00000 0
-105.000   40.000  0.00000 0
-105.000   41.000  0.00000 0
-105.000   42.000  0.00000 0
-105.000   43.000  0.00000 0
-105.000   44.000  0.00000 0
-105.000   45.000  0.00000 0
-105.000   46.000  0.00000 0
-105.000   47.000  0.00000 0
-105.000   48.000  0.00000 0
-105.000   49.000  0.00000 0
-105.000   50.000  0.00000 0
-104.000   25.000  0.00000 0
-104.000   26.000  0.00000 0
-104.000   27.000  0.00000 0
-104.000   28.000  0.00000 0
-104.000   29.000  0.00000 0
-104.000   30.000  0.00000 0
-104.000   31.000  0.00000 0
-104.000   32.000  0.00000 0
-104.000   33.000  0.00000 0
-104.000   34.000  0.00000 0
-104.000   35.000  0.00000 0
-104.000   36.000  0.00000 0
-104.000   37.000  0.00000 0
-104.000   38.000  0.00000 0
-104.000   39.000  0.00000 0
-104.000   40.000  0.00000 0
-104.000   41.000  0.00000 0
-104.000   42.000  0.00000 0
-104.000   43.000  0.00000 0
-104.000   44.000  0.00000 0
-104.000   45.000  0.00000 0
-104.000   46.000  0.00000 0
-104.000   47.000  0.00000 0
-104.000   48.000  0.00000 0
-104.000   49.000  0.00000 0
-104.000   50.000  0.00000 0
-103.000   25.000  0.00000 0
-103.000   26.000  0.00000 0
-103.000   27.000  0.00000 0
-103.000   28.000  0.00000 0
-103.000   29.000  0.00000 0
-103.000   30.000  0.00000 0
-103.000   31.000  0.00000 0
-103.000   32.000  0.00000 0
-103.000   33.000  0.00000 0
-103.000   34.000  0.00000 0
-103.000   35.000  0.00000 0
-103.000   36.000  0.00000 0
-103.000   37.000  0.00000 0
-103.000   38.000  0.00000 0
-103.000   39.000  0.00000 0
-103.000   40.000  0.00000 0
-103.000   41.000  0.00000 0
-103.000   42.000  0.00000 0
-103.000   43.000  0.00000 0
-103.000   44.000  0.00000 0
-103.000   45.000  0.00000 0
-103.000   46.000  0.00000 0
-103.000   47.000  0.00000 0
-103.000   48.000  0.00000 0
-103.000   49.000  0.00000 0
-103.000   50.000  0.00000 0
-102.000   25.000  0.00000 0
-102.000   26.000  0.00000 0
-102.000   27.000  0.00000 0
-102.000   28.000  0.00000 0
-102.000   29.000  0.00000 0
-102.000   30.000  0.00000 0
-102.000   31.000  0.00000 0
-102.000   32.000  0.00000 0
-102.000   33.000  0.00000 0
-102.000   34.000  0.00000 0
-102.000   35.000  0.00000 0
-102.000   36.000  0.00000 0
-102.000   37.000  0.00000 0
-102.000   38.000  0.00000 0
-102.000   39.000  0.00000 0
-102.000   40.000  0.00000 0
-102.000   41.000  0.00000 0
-102.000   42.000  0.00000 0
-102.000   43.000  0.00000 0
-102.000   44.000  0.00000 0
-102.000   45.000  0.00000 0
-102.000   46.000  0.00000 0
-102.000   47.000  0.00000 0
-102.000   48.000  0.00000 0
-102.000   49.000  0.00000 0
-102.000   50.000  0.00000 0
-101.000   25.000  0.00000 0
-101.000   26.000  0.00000 0
-101.000   27.000  0.00000 0
-101.000   28.000  0.00000 0
-101.000   29.000  0.00000 0
-101.000   30.000  0.00000 0
-101.000   31.000  0.00000 0
-101.000   32.000  0.00000 0
-101.000   33.000  0.00000 0
-101.000   34.000  0.00000 0
-101.000   35.000  0.00000 0
-101.000   36.000  0.00000 0
-101.000   37.000  0.00000 0
-101.000   38.000  0.00000 0
-101.000   39.000  0.00000 0
-101.000   40.000  0.00000 0
-101.000   41.000  0.00000 0
-101.000   42.000  0.00000 0
-101.000   43.000  0.00000 0
-101.000   44.000  0.00000 0
-101.000   45.000  0.00000 0
-101.000   46.000  0.00000 0
-101.000   47.000  0.00000 0
-101.000   48.000  0.00000 0
-101.000   49.000  0.00000 0
-101.000   50.000  0.00000 0
-100.000   25.000  0.00000 0
-100.000   26.000  0.00000 0
-100.000   27.000  0.00000 0
-100.000   28.000  0.00000 0
-100.000   29.000  0.00000 0
-100.000   30.000  0.00000 0
-100.000   31.000  0.00000 0
-100.000   32.000  0.00000 0
-100.000   33.000  0.00000 0
-100.000   34.000  0.00000 0
-100.000   35.000  0.00000 0
-100.000   36.000  0.00000 0
-100.000   37.000  0.00000 0
-100.000   38.000  0.00000 0
-100.000   39.000  0.00000 0
-100.000   40.000  0.00000 0
-100.000   41.000  0.00000 0
-100.000   42.000  0.00000 0
-100.000   43.000  0.00000 0
-100.000   44.000  0.00000 0
-100.000   45.000  0.00000 0
-100.000   46.000  0.00000 0
-100.000   47.000  0.00000 0
-100.000   48.000  0.00000 0
-100.000   49.000  0.00000 0
-100.000   50.000  0.00000 0
 -99.000   25.000  0.00000 0
 -99.000   26.000  0.00000 0
 -99.000   27.000  0.00000 0
 -99.000   28.000  0.00000 0
 -99.000   29.000  0.00000 0
 -99.000   30.000  0.00000 0
 -99.000   31.000  0.00000 0
 -99.000   32.000  0.00000 0
 -99.000   33.000  0.00000 0
 -99.000   34.000  0.00000 0
 -99.000   35.000  0.00000 0
 -99.000   36.000  0.00000 0
 -99.000   37.000  0.00000 0
 -99.000   38.000  0.00000 0
 -99.000   39.000  0.00000 0
 -99.000   40.000  0.00000 0
 -99.000   41.000  0.00000 0
 -99.000   42.000  0.00000 0
 -99.000   43.000  0.00000 0
 -99.000   44.000  0.00000 0
 -99.000   45.000  0.00000 0
 -99.000   46.000  0.00000 0
 -99.000   47.000  0.00000 0
 -99.000   48.000  0.00000 0
 -99.000   49.000  0.00000 0
 -99.000   50.000  0.00000 0
 -98.000   25.000  0.00000 0
 -98.000   26.000  0.00000 0
 -98.000   27.000 -0.00038 0
 -98.000   28.000 -0.00075 0
 -98.000   29.000 -0.00113 0
 -98.000   30.000 -0.00113 0
 -98.000   31.000 -0.00113 0
 -98.000   32.000 -0.00075 0
 -98.000   33.000 -0.00038 0
 -98.000   34.000  0.00000 0
 -98.000   35.000  0.00000 0
 -98.000   36.000  0.00000 0
 -98.000   37.000  0.00000 0
 -98.000   38.000  0.00000 0
 -98.000   39.000  0.00000 0
 -98.000   40.000  0.00000 0
 -98.000   41.000  0.00000 0
 -98.000   42.000  0.00000 0
 -98.000   43.000  0.00000 0
 -98.000   44.000  0.00000 0
 -98.000   45.000  0.00000 0
 -98.000   46.000  0.00000 0
 -98.000   47.000  0.00000 0
 -98.000   48.000  0.00000 0
 -98.000   49.000  0.00000 0
 -98.000   50.000  0.00000 0
 -97.000   25.000  0.00000 0
 -97.000   26.000 -0.00044 0
 -97.000   27.000 -0.00109 0
 -97.000   28.000 -0.00183 0
 -97.000   29.000 -0.00258 0
 -97.000   30.000 -0.00258 0
 -97.000   31.000 -0.00223 0
 -97.000   32.000 -0.00149 0
 -97.000   33.000 -0.00075 0
 -97.000   34.000  0.00000 0
 -97.000   35.000  0.00000 0
 -97.000   36.000  0.00000 0
 -97.000   37.000  0.00000 0
 -97.000   38.000  0.00000 0
 -97.000   39.000  0.00000 0
 -97.000   40.000  0.00000 0
 -97.000   41.000  0.00000 0
 -97.000   42.000  0.00000 0
 -97.000   43.000  0.00000 0
 -97.000   44.000  0.00000 0
 -97.000   45.000  0.00000 0
 -97.000   46.000  0.00000 0
 -97.000   47.000  0.00000 0
 -97.000   48.000  0.00000 0
 -97.000   49.000  0.00000 0
 -97.000   50.000  0.00000 0
 -96.000   25.000  0.00000 0
 -96.000   26.000 -0.00088 0
 -96.000   27.000 -0.00190 0
 -96.000   28.000 -0.00309 0
 -96.000   29.000 -0.00435 1
 -96.000   30.000 -0.00435 1
 -96.000   31.000 -0.00365 1
 -96.000   32.000 -0.00246 0
 -96.000   33.000 -0.00126 0
 -96.000   34.000  0.00000 0
 -96.000   35.000  0.00000 0
 -96.000   36.000  0.00000 0
 -96.000   37.000  0.00000 0
 -96.000   38.000  0.00000 0
 -96.000   39.000  0.00000 0
 -96.000   40.000  0.00000 0
 -96.000   41.000  0.00000 0
 -96.000   42.000  0.00000 0
 -96.000   43.000  0.00000 0
 -96.000   44.000  0.00000 0
 -96.000   45.000  0.00000 0
 -96.000   46.000  0.00000 0
 -96.000   47.000  0.00000 0
 -96.000   48.000  0.00000 0
 -96.000   49.000  0.00000 0
 -96.000   50.000  0.00000 0
 -95.000   25.000  0.00000 0
 -95.000   26.000 -0.00131 0
 -95.000   27.000 -0.00274 0
 -95.000   28.000 -0.00434 1
 -95.000   29.000 -0.00603 2
 -95.000   30.000 -0.00626 2
 -95.000   31.000 -0.00521 1
 -95.000   32.000 -0.00352 0
 -95.000   33.000 -0.00192 0
 -95.000   34.000 -0.00023 0
 -95.000   35.000  0.00000 0
 -95.000   36.000  0.00000 0
 -95.000   37.000  0.00000 0
 -95.000   38.000  0.00000 0
 -95.000   39.000  0.00000 0
 -95.000   40.000  0.00000 0
 -95.000   41.000  0.00000 0
 -95.000   42.000  0.00000 0
 -95.000   43.000  0.00000 0
 -95.000   44.000  0.00000 0
 -95.000   45.000  0.00000 0
 -95.000   46.000  0.00000 0
 -95.000   47.000  0.00000 0
 -95.000   48.000  0.00000 0
 -95.000   49.000  0.00000 0
 -95.000   50.000  0.00000 0
 -94.000   25.000 -0.00011 0
 -94.000   26.000 -0.00148 0
 -94.000   27.000 -0.00328 0
 -94.000   28.000 -0.00534 1
 -94.000   29.000 -0.00749 3
 -94.000   30.000 -0.00769 3
 -94.000   31.000 -0.00641 2
 -94.000   32.000 -0.00415 0
 -94.000   33.000 -0.00209 0
 -94.000   34.000  0.00006 0
 -94.000   35.000  0.00032 0
 -94.000   36.000  0.00016 0
 -94.000   37.000  0.00000 0
 -94.000   38.000  0.00000 0
 -94.000   39.000  0.00000 0
 -94.000   40.000  0.00000 0
 -94.000   41.000  0.00000 0
 -94.000   42.000  0.00000 0
 -94.000   43.000  0.00000 0
 -94.000   44.000  0.00000 0
 -94.000   45.000  0.00000 0
 -94.000   46.000  0.00000 0
 -94.000   47.000  0.00000 0
 -94.000   48.000  0.00000 0
 -94.000   49.000  0.00000 0
 -94.000   50.000  0.00000 0
 -93.000   25.000 -0.00022 0
 -93.000   26.000 -0.00164 0
 -93.000   27.000 -0.00333 0
 -93.000   28.000 -0.00538 1
 -93.000   29.000 -0.00753 2
 -93.000   30.000 -0.00779 3
 -93.000   31.000 -0.00654 2
 -93.000   32.000 -0.00452 1
 -93.000   33.000 -0.00276 0
 -93.000   34.000 -0.00090 0
 -93.000   35.000 -0.00050 0
 -93.000   36.000 -0.00057 0
 -93.000   37.000 -0.00058 0
 -93.000   38.000 -0.00029 0
 -93.000   39.000  0.00000 0
 -93.000   40.000  0.00000 0
 -93.000   41.000  0.00000 0
 -93.000   42.000  0.00000 0
 -93.000   43.000  0.00000 0
 -93.000   44.000  0.00000 0
 -93.000   45.000  0.00000 0
 -93.000   46.000  0.00000 0
 -93.000   47.000  0.00000 0
 -93.000   48.000  0.00000 0
 -93.000   49.000  0.00000 0
 -93.000   50.000  0.00000 0
 -92.000   25.000  0.00033 0
 -92.000   26.000 -0.00038 0
 -92.000   27.000 -0.00202 1
 -92.000   28.000 -0.00407 1
 -92.000   29.000 -0.00620 3
 -92.000   30.000 -0.00700 3
 -92.000   31.000 -0.00665 3
 -92.000   32.000 -0.00517 2
 -92.000   33.000 -0.00370 1
 -92.000   34.000 -0.00214 1
 -92.000   35.000 -0.00154 0
 -92.000   36.000 -0.00139 0
 -92.000   37.000 -0.00116 0
 -92.000   38.000 -0.00058 0
 -92.000   39.000  0.00000 0
 -92.000   40.000  0.00000 0
 -92.000   41.000  0.00000 0
 -92.000   42.000  0.00000 0
 -92.000   43.000  0.00000 0
 -92.000   44.000  0.00000 0
 -92.000   45.000  0.00000 0
 -92.000   46.000  0.00000 0
 -92.000   47.000  0.00000 0
 -92.000   48.000  0.00000 0
 -92.000   49.000  0.00000 0
 -92.000   50.000  0.00000 0
 -91.000   25.000  0.00154 0
 -91.000   26.000  0.00187 0
 -91.000   27.000  0.00039 1
 -91.000   28.000 -0.00149 1
 -91.000   29.000 -0.00339 2
 -91.000   30.000 -0.00525 2
 -91.000   31.000 -0.00639 2
 -91.000   32.000 -0.00587 3
 -91.000   33.000 -0.00484 2
 -91.000   34.000 -0.00375 3
 -91.000   35.000 -0.00298 1
 -91.000   36.000 -0.00258 1
 -91.000   37.000 -0.00200 0
 -91.000   38.000 -0.00114 0
 -91.000   39.000 -0.00033 0
 -91.000   40.000 -0.00016 0
 -91.000   41.000  0.00000 0
 -91.000   42.000  0.00000 0
 -91.000   43.000  0.00000 0
 -91.000   44.000  0.00000 0
 -91.000   45.000  0.00000 0
 -91.000   46.000  0.00000 0
 -91.000   47.000  0.00000 0
 -91.000   48.000  0.00000 0
 -91.000   49.000  0.00000 0
 -91.000   50.000  0.00000 0
 -90.000   25.000  0.00189 0
 -90.000   26.000  0.00309 0
 -90.000   27.000  0.00210 2
 -90.000   28.000  0.00068 2
 -90.000   29.000 -0.00085 4
 -90.000   30.000 -0.00305 3
 -90.000   31.000 -0.00526 3
 -90.000   32.000 -0.00544 4
 -90.000   33.000 -0.00446 3
 -90.000   34.000 -0.00351 4
 -90.000   35.000 -0.00286 1
 -90.000   36.000 -0.00231 1
 -90.000   37.000 -0.00177 0
 -90.000   38.000 -0.00128 0
 -90.000   39.000 -0.00065 0
 -90.000   40.000 -0.00033 0
 -90.000   41.000  0.00000 0
 -90.000   42.000  0.00000 0
 -90.000   43.000  0.00000 0
 -90.000   44.000 -0.00042 0
 -90.000   45.000 -0.00083 0
 -90.000   46.000 -0.00131 0
 -90.000   47.000 -0.00184 0
 -90.000   48.000 -0.00238 0
 -90.000   49.000 -0.00245 0
 -90.000   50.000 -0.00257 0
 -89.000   25.000  0.00211 0
 -89.000   26.000  0.00366 0
 -89.000   27.000  0.00304 1
 -89.000   28.000  0.00208 1
 -89.000   29.000  0.00089 2
 -89.000   30.000 -0.00175 2
 -89.000   31.000 -0.00469 2
 -89.000   32.000 -0.00529 3
 -89.000   33.000 -0.00435 2
 -89.000   34.000 -0.00362 4
 -89.000   35.000 -0.00295 2
 -89.000   36.000 -0.00221 3
 -89.000   37.000 -0.00195 1
 -89.000   38.000 -0.00183 1
 -89.000   39.000 -0.00129 0
 -89.000   40.000 -0.00076 0
 -89.000   41.000 -0.00023 0
 -89.000   42.000  0.00000 0
 -89.000   43.000  0.00000 0
 -89.000   44.000 -0.00083 0
 -89.000   45.000 -0.00166 0
 -89.000   46.000 -0.00261 0
 -89.000   47.000 -0.00368 0
 -89.000   48.000 -0.00475 0
 -89.000   49.000 -0.00490 0
 -89.000   50.000 -0.00514 0
 -88.000   25.000  0.00230 1
 -88.000   26.000  0.00412 1
 -88.000   27.000  0.00387 4
 -88.000   28.000  0.00346 3
 -88.000   29.000  0.00264 6
 -88.000   30.000 -0.00024 4
 -88.000   31.000 -0.00347 6
 -88.000   32.000 -0.00409 5
 -88.000   33.000 -0.00310 4
 -88.000   34.000 -0.00217 4
 -88.000   35.000 -0.00167 2
 -88.000   36.000 -0.00111 3
 -88.000   37.000 -0.00153 1
 -88.000   38.000 -0.00198 1
 -88.000   39.000 -0.00195 0
 -88.000   40.000 -0.00122 0
 -88.000   41.000 -0.00047 0
 -88.000   42.000  0.00000 0
 -88.000   43.000 -0.00011 0
 -88.000   44.000 -0.00109 0
 -88.000   45.000 -0.00208 0
 -88.000   46.000 -0.00329 1
 -88.000   47.000 -0.00469 1
 -88.000   48.000 -0.00599 2
 -88.000   49.000 -0.00625 1
 -88.000   50.000 -0.00669 1
 -87.000   25.000  0.00546 1
 -87.000   26.000  0.00646 1
 -87.000   27.000  0.00584 3
 -87.000   28.000  0.00483 2
 -87.000   29.000  0.00334 5
 -87.000   30.000  0.00042 3
 -87.000   31.000 -0.00262 5
 -87.000   32.000 -0.00289 3
 -87.000   33.000 -0.00177 3
 -87.000   34.000 -0.00074 3
 -87.000   35.000 -0.00055 2
 -87.000   36.000 -0.00038 4
 -87.000   37.000 -0.00151 3
 -87.000   38.000 -0.00254 3
 -87.000   39.000 -0.00300 1
 -87.000   40.000 -0.00221 0
 -87.000   41.000 -0.00136 0
 -87.000   42.000 -0.00072 0
 -87.000   43.000 -0.00074 0
 -87.000   44.000 -0.00159 0
 -87.000   45.000 -0.00247 0
 -87.000   46.000 -0.00359 1
 -87.000   47.000 -0.00505 1
 -87.000   48.000 -0.00638 2
 -87.000   49.000 -0.00667 1
 -87.000   50.000 -0.00721 1
 -86.000   25.000  0.00796 1
 -86.000   26.000  0.00782 1
 -86.000   27.000  0.00703 4
 -86.000   28.000  0.00567 3
 -86.000   29.000  0.00377 8
 -86.000   30.000  0.00154 5
 -86.000   31.000 -0.00049 9
 -86.000   32.000 -0.00031 6
 -86.000   33.000  0.00072 7
 -86.000   34.000  0.00163 6
 -86.000   35.000  0.00147 5
 -86.000   36.000  0.00106 5
 -86.000   37.000 -0.00087 3
 -86.000   38.000 -0.00252 2
 -86.000   39.000 -0.00351 1
 -86.000   40.000 -0.00296 0
 -86.000   41.000 -0.00224 0
 -86.000   42.000 -0.00144 0
 -86.000   43.000 -0.00136 0
 -86.000   44.000 -0.00200 0
 -86.000   45.000 -0.00279 1
 -86.000   46.000 -0.00378 3
 -86.000   47.000 -0.00527 3
 -86.000   48.000 -0.00654 4
 -86.000   49.000 -0.00691 2
 -86.000   50.000 -0.00746 2
 -85.000   25.000  0.00873 1
 -85.000   26.000  0.00760 1
 -85.000   27.000  0.00655 3
 -85.000   28.000  0.00486 2
 -85.000   29.000  0.00276 6
 -85.000   30.000  0.00128 4
 -85.000   31.000  0.00044 6
 -85.000   32.000  0.00110 3
 -85.000   33.000  0.00192 4
 -85.000   34.000  0.00249 4
 -85.000   35.000  0.00199 4
 -85.000   36.000  0.00108 4
 -85.000   37.000 -0.00119 3
 -85.000   38.000 -0.00277 3
 -85.000   39.000 -0.00368 3
 -85.000   40.000 -0.00326 4
 -85.000   41.000 -0.00262 4
 -85.000   42.000 -0.00166 4
 -85.000   43.000 -0.00157 3
 -85.000   44.000 -0.00170 3
 -85.000   45.000 -0.00220 3
 -85.000   46.000 -0.00265 3
 -85.000   47.000 -0.00373 2
 -85.000   48.000 -0.00437 2
 -85.000   49.000 -0.00473 1
 -85.000   50.000 -0.00499 1
 -84.000   25.000  0.00719 1
 -84.000   26.000  0.00536 1
 -84.000   27.000  0.00459 3
 -84.000   28.000  0.00333 2
 -84.000   29.000  0.00188 6
 -84.000   30.000  0.00165 4
 -84.000   31.000  0.00227 7
 -84.000   32.000  0.00304 5
 -84.000   33.000  0.00335 7
 -84.000   34.000  0.00355 8
 -84.000   35.000  0.00286 8
 -84.000   36.000  0.00174 7
 -84.000   37.000 -0.00018 4
 -84.000   38.000 -0.00150 3
 -84.000   39.000 -0.00245 3
 -84.000   40.000 -0.00240 4
 -84.000   41.000 -0.00210 4
 -84.000   42.000 -0.00140 4
 -84.000   43.000 -0.00145 3
 -84.000   44.000 -0.00124 3
 -84.000   45.000 -0.00144 3
 -84.000   46.000 -0.00138 4
 -84.000   47.000 -0.00198 4
 -84.000   48.000 -0.00194 5
 -84.000   49.000 -0.00224 4
 -84.000   50.000 -0.00228 3
 -83.000   25.000  0.00415 2
 -83.000   26.000  0.00274 2
 -83.000   27.000  0.00206 5
 -83.000   28.000  0.00094 3
 -83.000   29.000 -0.00001 7
 -83.000   30.000  0.00034 4
 -83.000   31.000  0.00137 6
 -83.000   32.000  0.00234 3
 -83.000   33.000  0.00305 4
 -83.000   34.000  0.00352 4
 -83.000   35.000  0.00327 4
 -83.000   36.000  0.00255 5
 -83.000   37.000  0.00129 4
 -83.000   38.000  0.00025 6
 -83.000   39.000 -0.00068 5
 -83.000   40.000 -0.00118 8
 -83.000   41.000 -0.00139 7
 -83.000   42.000 -0.00112 9
 -83.000   43.000 -0.00122 7
 -83.000   44.000 -0.00097 7
 -83.000   45.000 -0.00108 5
 -83.000   46.000 -0.00076 4
 -83.000   47.000 -0.00095 3
 -83.000   48.000 -0.00057 3
 -83.000   49.000 -0.00068 3
 -83.000   50.000 -0.00044 2
 -82.000   25.000 -0.00273 1
 -82.000   26.000 -0.00245 1
 -82.000   27.000 -0.00234 3
 -82.000   28.000 -0.00160 2
 -82.000   29.000 -0.00120 5
 -82.000   30.000 -0.00006 3
 -82.000   31.000  0.00117 6
 -82.000   32.000  0.00241 4
 -82.000   33.000  0.00361 6
 -82.000   34.000  0.00454 6
 -82.000   35.000  0.00472 7
 -82.000   36.000  0.00449 9
 -82.000   37.000  0.00370 8
 -82.000   38.000  0.00279 8
 -82.000   39.000  0.00167 5
 -82.000   40.000  0.00062 5
 -82.000   41.000 -0.00017 4
 -82.000   42.000 -0.00036 5
 -82.000   43.000 -0.00069 4
 -82.000   44.000 -0.00052 5
 -82.000   45.000 -0.00059 4
 -82.000   46.000 -0.00019 5
 -82.000   47.000 -0.00022 5
 -82.000   48.000  0.00031 5
 -82.000   49.000  0.00028 6
 -82.000   50.000  0.00061 4
 -81.000   25.000 -0.00624 2
 -81.000   26.000 -0.00537 2
 -81.000   27.000 -0.00523 6
 -81.000   28.000 -0.00429 4
 -81.000   29.000 -0.00388 9
 -81.000   30.000 -0.00297 5
 -81.000   31.000 -0.00226 9
 -81.000   32.000 -0.00037 4
 -81.000   33.000  0.00170 5
 -81.000   34.000  0.00374 3
 -81.000   35.000  0.00510 4
 -81.000   36.000  0.00615 6
 -81.000   37.000  0.00581 5
 -81.000   38.000  0.00500 7
 -81.000   39.000  0.00379 5
 -81.000   40.000  0.00234 8
 -81.000   41.000  0.00122 6
 -81.000   42.000  0.00065 9
 -81.000   43.000  0.00038 7
 -81.000   44.000  0.00051 9
 -81.000   45.000  0.00076 7
 -81.000   46.000  0.00125 7
 -81.000   47.000  0.00146 5
 -81.000   48.000  0.00175 3
 -81.000   49.000  0.00185 3
 -81.000   50.000  0.00196 2
 -80.000   25.000 -0.00422 1
 -80.000   26.000 -0.00350 2
 -80.000   27.000 -0.00372 4
 -80.000   28.000 -0.00340 4
 -80.000   29.000 -0.00382 6
 -80.000   30.000 -0.00379 5
 -80.000   31.000 -0.00393 7
 -80.000   32.000 -0.00194 5
 -80.000   33.000  0.00040 5
 -80.000   34.000  0.00332 6
 -80.000   35.000  0.00579 7
 -80.000   36.000  0.00787 10
 -80.000   37.000  0.00773 8
 -80.000   38.000  0.00683 8
 -80.000   39.000  0.00544 6
 -80.000   40.000  0.00365 6
 -80.000   41.000  0.00247 5
 -80.000   42.000  0.00184 5
 -80.000   43.000  0.00202 4
 -80.000   44.000  0.00220 6
 -80.000   45.000  0.00293 5
 -80.000   46.000  0.00331 7
 -80.000   47.000  0.00365 5
 -80.000   48.000  0.00351 4
 -80.000   49.000  0.00365 3
 -80.000   50.000  0.00326 3
 -79.000   25.000  0.00132 2
 -79.000   26.000  0.00148 3
 -79.000   27.000  0.00033 7
 -79.000   28.000 -0.00075 6
 -79.000   29.000 -0.00304 11
 -79.000   30.000 -0.00417 8
 -79.000   31.000 -0.00532 12
 -79.000   32.000 -0.00368 7
 -79.000   33.000 -0.00143 7
 -79.000   34.000  0.00156 6
 -79.000   35.000  0.00406 6
 -79.000   36.000  0.00636 8
 -79.000   37.000  0.00629 5
 -79.000   38.000  0.00579 6
 -79.000   39.000  0.00495 4
 -79.000   40.000  0.00369 5
 -79.000   41.000  0.00308 5
 -79.000   42.000  0.00284 7
 -79.000   43.000  0.00330 7
 -79.000   44.000  0.00329 8
 -79.000   45.000  0.00382 8
 -79.000   46.000  0.00385 8
 -79.000   47.000  0.00386 6
 -79.000   48.000  0.00352 4
 -79.000   49.000  0.00360 3
 -79.000   50.000  0.00325 3
 -78.000   25.000  0.00315 2
 -78.000   26.000  0.00319 2
 -78.000   27.000  0.00215 5
 -78.000   28.000  0.00101 5
 -78.000   29.000 -0.00063 8
 -78.000   30.000 -0.00119 6
 -78.000   31.000 -0.00202 9
 -78.000   32.000 -0.00087 6
 -78.000   33.000  0.00063 7
 -78.000   34.000  0.00241 6
 -78.000   35.000  0.00365 7
 -78.000   36.000  0.00521 9
 -78.000   37.000  0.00511 8
 -78.000   38.000  0.00482 8
 -78.000   39.000  0.00449 7
 -78.000   40.000  0.00347 6
 -78.000   41.000  0.00284 7
 -78.000   42.000  0.00233 5
 -78.000   43.000  0.00230 6
 -78.000   44.000  0.00210 6
 -78.000   45.000  0.00248 7
 -78.000   46.000  0.00283 7
 -78.000   47.000  0.00248 5
 -78.000   48.000  0.00261 4
 -78.000   49.000  0.00260 3
 -78.000   50.000  0.00244 3
 -77.000   25.000  0.00648 2
 -77.000   26.000  0.00524 1
 -77.000   27.000  0.00396 5
 -77.000   28.000  0.00170 4
 -77.000   29.000  0.00012 11
 -77.000   30.000  0.00007 7
 -77.000   31.000 -0.00004 14
 -77.000   32.000  0.00071 7
 -77.000   33.000  0.00156 11
 -77.000   34.000  0.00218 6
 -77.000   35.000  0.00247 8
 -77.000   36.000  0.00342 7
 -77.000   37.000  0.00363 7
 -77.000   38.000  0.00375 6
 -77.000   39.000  0.00396 5
 -77.000   40.000  0.00304 4
 -77.000   41.000  0.00220 5
 -77.000   42.000  0.00110 4
 -77.000   43.000  0.00042 5
 -77.000   44.000  0.00014 6
 -77.000   45.000  0.00083 8
 -77.000   46.000  0.00164 8
 -77.000   47.000  0.00159 7
 -77.000   48.000  0.00219 6
 -77.000   49.000  0.00224 6
 -77.000   50.000  0.00203 5
 -76.000   25.000  0.00569 2
 -76.000   26.000  0.00423 1
 -76.000   27.000  0.00330 4
 -76.000   28.000  0.00134 3
 -76.000   29.000  0.00067 7
 -76.000   30.000  0.00156 4
 -76.000   31.000  0.00265 9
 -76.000   32.000  0.00336 5
 -76.000   33.000  0.00383 9
 -76.000   34.000  0.00333 5
 -76.000   35.000  0.00257 8
 -76.000   36.000  0.00248 6
 -76.000   37.000  0.00251 8
 -76.000   38.000  0.00262 7
 -76.000   39.000  0.00297 8
 -76.000   40.000  0.00233 7
 -76.000   41.000  0.00142 7
 -76.000   42.000  0.00029 7
 -76.000   43.000 -0.00056 7
 -76.000   44.000 -0.00079 9
 -76.000   45.000 -0.00030 7
 -76.000   46.000  0.00014 8
 -76.000   47.000  0.00016 5
 -76.000   48.000  0.00095 5
 -76.000   49.000  0.00103 3
 -76.000   50.000  0.00092 3
 -75.000   25.000  0.00318 3
 -75.000   26.000  0.00204 2
 -75.000   27.000  0.00150 6
 -75.000   28.000  0.00007 4
 -75.000   29.000  0.00024 10
 -75.000   30.000  0.00169 6
 -75.000   31.000  0.00319 12
 -75.000   32.000  0.00357 6
 -75.000   33.000  0.00355 11
 -75.000   34.000  0.00205 7
 -75.000   35.000  0.00037 10
 -75.000   36.000 -0.00027 8
 -75.000   37.000 -0.00000 9
 -75.000   38.000  0.00073 8
 -75.000   39.000  0.00148 7
 -75.000   40.000  0.00161 5
 -75.000   41.000  0.00090 4
 -75.000   42.000  0.00007 5
 -75.000   43.000 -0.00078 5
 -75.000   44.000 -0.00091 8
 -75.000   45.000 -0.00090 7
 -75.000   46.000 -0.00102 9
 -75.000   47.000 -0.00123 7
 -75.000   48.000 -0.00060 7
 -75.000   49.000 -0.00056 7
 -75.000   50.000 -0.00044 7
 -74.000   25.000 -0.00175 4
 -74.000   26.000 -0.00196 3
 -74.000   27.000 -0.00182 7
 -74.000   28.000 -0.00237 4
 -74.000   29.000 -0.00092 8
 -74.000   30.000  0.00057 4
 -74.000   31.000  0.00194 8
 -74.000   32.000  0.00229 4
 -74.000   33.000  0.00210 7
 -74.000   34.000  0.00029 4
 -74.000   35.000 -0.00153 7
 -74.000   36.000 -0.00208 6
 -74.000   37.000 -0.00184 8
 -74.000   38.000 -0.00063 8
 -74.000   39.000  0.00043 9
 -74.000   40.000  0.00117 8
 -74.000   41.000  0.00041 7
 -74.000   42.000 -0.00008 10
 -74.000   43.000 -0.00081 10
 -74.000   44.000 -0.00083 13
 -74.000   45.000 -0.00149 8
 -74.000   46.000 -0.00214 10
 -74.000   47.000 -0.00227 6
 -74.000   48.000 -0.00204 6
 -74.000   49.000 -0.00217 4
 -74.000   50.000 -0.00151 4
 -73.000   25.000 -0.00085 5
 -73.000   26.000 -0.00160 3
 -73.000   27.000 -0.00181 8
 -73.000   28.000 -0.00280 5
 -73.000   29.000 -0.00265 12
 -73.000   30.000 -0.00239 7
 -73.000   31.000 -0.00165 13
 -73.000   32.000 -0.00116 6
 -73.000   33.000 -0.00117 11
 -73.000   34.000 -0.00188 6
 -73.000   35.000 -0.00232 9
 -73.000   36.000 -0.00236 8
 -73.000   37.000 -0.00278 10
 -73.000   38.000 -0.00167 10
 -73.000   39.000 -0.00039 8
 -73.000   40.000  0.00087 8
 -73.000   41.000  0.00040 6
 -73.000   42.000  0.00091 7
 -73.000   43.000  0.00081 5
 -73.000   44.000  0.00068 7
 -73.000   45.000  0.00034 5
 -73.000   46.000  0.00012 8
 -73.000   47.000  0.00048 6
 -73.000   48.000  0.00024 6
 -73.000   49.000  0.00019 5
 -73.000   50.000  0.00017 5
 -72.000   25.000 -0.00334 4
 -72.000   26.000 -0.00342 3
 -72.000   27.000 -0.00324 7
 -72.000   28.000 -0.00337 4
 -72.000   29.000 -0.00315 9
 -72.000   30.000 -0.00365 5
 -72.000   31.000 -0.00355 10
 -72.000   32.000 -0.00310 5
 -72.000   33.000 -0.00318 9
 -72.000   34.000 -0.00229 4
 -72.000   35.000 -0.00089 6
 -72.000   36.000 -0.00077 4
 -72.000   37.000 -0.00302 6
 -72.000   38.000 -0.00273 6
 -72.000   39.000 -0.00125 5
 -72.000   40.000 -0.00002 7
 -72.000   41.000  0.00026 6
 -72.000   42.000  0.00302 9
 -72.000   43.000  0.00425 6
 -72.000   44.000  0.00282 8
 -72.000   45.000  0.00148 4
 -72.000   46.000  0.00084 6
 -72.000   47.000  0.00094 3
 -72.000   48.000  0.00014 3
 -72.000   49.000 -0.00000 1
 -72.000   50.000  0.00005 1
 -71.000   25.000 -0.00288 3
 -71.000   26.000 -0.00285 2
 -71.000   27.000 -0.00254 5
 -71.000   28.000 -0.00239 3
 -71.000   29.000 -0.00234 8
 -71.000   30.000 -0.00318 5
 -71.000   31.000 -0.00349 10
 -71.000   32.000 -0.00345 5
 -71.000   33.000 -0.00387 11
 -71.000   34.000 -0.00222 6
 -71.000   35.000  0.00005 7
 -71.000   36.000 -0.00007 5
 -71.000   37.000 -0.00355 6
 -71.000   38.000 -0.00447 8
 -71.000   39.000 -0.00350 4
 -71.000   40.000 -0.00282 6
 -71.000   41.000 -0.00192 3
 -71.000   42.000  0.00232 4
 -71.000   43.000  0.00479 1
 -71.000   44.000  0.00313 2
 -71.000   45.000  0.00157 1
 -71.000   46.000  0.00109 2
 -71.000   47.000  0.00090 1
 -71.000   48.000  0.00010 1
 -71.000   49.000 -0.00011 1
 -71.000   50.000  0.00007 1
 -70.000   25.000 -0.00365 1
 -70.000   26.000 -0.00330 1
 -70.000   27.000 -0.00283 3
 -70.000   28.000 -0.00229 2
 -70.000   29.000 -0.00175 5
 -70.000   30.000 -0.00183 3
 -70.000   31.000 -0.00151 6
 -70.000   32.000 -0.00079 3
 -70.000   33.000 -0.00044 6
 -70.000   34.000  0.00146 3
 -70.000   35.000  0.00357 3
 -70.000   36.000  0.00259 2
 -70.000   37.000 -0.00235 2
 -70.000   38.000 -0.00489 4
 -70.000   39.000 -0.00436 2
 -70.000   40.000 -0.00447 3
 -70.000   41.000 -0.00363 1
 -70.000   42.000  0.00088 2
 -70.000   43.000  0.00357 1
 -70.000   44.000  0.00168 2
 -70.000   45.000  0.00025 1
 -70.000   46.000  0.00036 1
 -70.000   47.000  0.00040 0
 -70.000   48.000  0.00010 0
 -70.000   49.000 -0.00005 0
 -70.000   50.000  0.00023 0
 -69.000   25.000 -0.00283 0
 -69.000   26.000 -0.00245 0
 -69.000   27.000 -0.00249 1
 -69.000   28.000 -0.00239 1
 -69.000   29.000 -0.00176 3
 -69.000   30.000 -0.00106 2
 -69.000   31.000  0.00006 4
 -69.000   32.000  0.00212 2
 -69.000   33.000  0.00402 4
 -69.000   34.000  0.00660 2
 -69.000   35.000  0.00880 2
 -69.000   36.000  0.00688 3
 -69.000   37.000  0.00061 3
 -69.000   38.000 -0.00408 6
 -69.000   39.000 -0.00461 3
 -69.000   40.000 -0.00604 3
 -69.000   41.000 -0.00541 0
 -69.000   42.000 -0.00092 0
 -69.000   43.000  0.00221 0
 -69.000   44.000  0.00046 0
 -69.000   45.000  0.00002 0
 -69.000   46.000  0.00099 0
 -69.000   47.000  0.00132 0
 -69.000   48.000  0.00147 0
 -69.000   49.000  0.00156 0
 -69.000   50.000  0.00117 0
 -68.000   25.000 -0.00259 0
 -68.000   26.000 -0.00219 0
 -68.000   27.000 -0.00270 1
 -68.000   28.000 -0.00292 1
 -68.000   29.000 -0.00213 3
 -68.000   30.000 -0.00052 2
 -68.000   31.000  0.00143 4
 -68.000   32.000  0.00471 2
 -68.000   33.000  0.00787 3
 -68.000   34.000  0.01002 1
 -68.000   35.000  0.01116 1
 -68.000   36.000  0.00855 1
 -68.000   37.000  0.00211 1
 -68.000   38.000 -0.00339 2
 -68.000   39.000 -0.00446 1
 -68.000   40.000 -0.00628 1
 -68.000   41.000 -0.00563 0
 -68.000   42.000 -0.00166 0
 -68.000   43.000  0.00146 0
 -68.000   44.000  0.00013 0
 -68.000   45.000 -0.00041 0
 -68.000   46.000 -0.00020 0
 -68.000   47.000 -0.00007 0
 -68.000   48.000 -0.00004 0
 -68.000   49.000  0.00000 0
 -68.000   50.000  0.00000 0
 -67.000   25.000 -0.00026 0
 -67.000   26.000 -0.00039 0
 -67.000   27.000 -0.00126 0
 -67.000   28.000 -0.00210 0
 -67.000   29.000 -0.00177 1
 -67.000   30.000 -0.00012 1
 -67.000   31.000  0.00191 2
 -67.000   32.000  0.00520 1
 -67.000   33.000  0.00837 2
 -67.000   34.000  0.00946 1
 -67.000   35.000  0.00938 1
 -67.000   36.000  0.00691 1
 -67.000   37.000  0.00198 1
 -67.000   38.000 -0.00295 2
 -67.000   39.000 -0.00436 1
 -67.000   40.000 -0.00577 1
 -67.000   41.000 -0.00518 0
 -67.000   42.000 -0.00259 0
 -67.000   43.000  0.00000 0
 -67.000   44.000  0.00000 0
 -67.000   45.000  0.00000 0
 -67.000   46.000  0.00000 0
 -67.000   47.000  0.00000 0
 -67.000   48.000  0.00000 0
 -67.000   49.000  0.00000 0
 -67.000   50.000  0.00000 0
 -66.000   25.000 -0.00016 0
 -66.000   26.000 -0.00024 0
 -66.000   27.000 -0.00149 0
 -66.000   28.000 -0.00274 0
 -66.000   29.000 -0.00240 1
 -66.000   30.000 -0.00035 1
 -66.000   31.000  0.00200 2
 -66.000   32.000  0.00594 1
 -66.000   33.000  0.00985 2
 -66.000   34.000  0.01033 1
 -66.000   35.000  0.00922 1
 -66.000   36.000  0.00653 0
 -66.000   37.000  0.00218 0
 -66.000   38.000 -0.00217 0
 -66.000   39.000 -0.00301 0
 -66.000   40.000 -0.00384 0
 -66.000   41.000 -0.00340 0
 -66.000   42.000 -0.00170 0
 -66.000   43.000  0.00000 0
 -66.000   44.000  0.00000 0
 -66.000   45.000  0.00000 0
 -66.000   46.000  0.00000 0
 -66.000   47.000  0.00000 0
 -66.000   48.000  0.00000 0
 -66.000   49.000  0.00000 0
 -66.000   50.000  0.00000 0
 -65.000   25.000  0.00000 0
 -65.000   26.000  0.00000 0
 -65.000   27.000 -0.00168 0
 -65.000   28.000 -0.00336 0
 -65.000   29.000 -0.00334 0
 -65.000   30.000 -0.00160 0
 -65.000   31.000  0.00044 0
 -65.000   32.000  0.00447 0
 -65.000   33.000  0.00851 0
 -65.000   34.000  0.00904 0
 -65.000   35.000  0.00786 0
 -65.000   36.000  0.00553 0
 -65.000   37.000  0.00204 0
 -65.000   38.000 -0.00145 0
 -65.000   39.000 -0.00200 0
 -65.000   40.000 -0.00256 0
 -65.000   41.000 -0.00227 0
 -65.000   42.000 -0.00113 0
 -65.000   43.000  0.00000 0
 -65.000   44.000  0.00000 0
 -65.000   45.000  0.00000 0
 -65.000   46.000  0.00000 0
 -65.000   47.000  0.00000 0
 -65.000   48.000  0.00000 0
 -65.000   49.000  0.00000 0
 -65.000   50.000  0.00000 0
