-130.000   25.000  0.00000 0
-130.000   26.000  0.00000 0
-130.000   27.000 -0.00268 0
-130.000   28.000 -0.00536 0
-130.000   29.000 -0.00898 2
-130.000   30.000 -0.01356 2
-130.000   31.000 -0.01813 4
-130.000   32.000 -0.01545 2
-130.000   33.000 -0.01277 2
-130.000   34.000 -0.00914 0
-130.000   35.000 -0.00457 0
-130.000   36.000  0.00000 0
-130.000   37.000  0.00000 0
-130.000   38.000  0.00000 0
-130.000   39.000  0.00000 0
-130.000   40.000  0.00000 0
-130.000   41.000  0.00000 0
-130.000   42.000  0.00000 0
-130.000   43.000  0.00020 0
-130.000   44.000  0.00041 0
-130.000   45.000  0.00061 0
-130.000   46.000  0.00061 0
-130.000   47.000  0.00061 0
-130.000   48.000  0.00041 0
-130.000   49.000  0.00026 0
-130.000   50.000  0.00000 0
-129.000   25.000 -0.00370 0
-129.000   26.000 -0.00272 0
-129.000   27.000 -0.00446 0
-129.000   28.000 -0.00617 0
-129.000   29.000 -0.00871 1
-129.000   30.000 -0.01257 1
-129.000   31.000 -0.01690 2
-129.000   32.000 -0.01461 1
-129.000   33.000 -0.01201 1
-129.000   34.000 -0.00857 0
-129.000   35.000 -0.00428 0
-129.000   36.000  0.00000 0
-129.000   37.000  0.00000 0
-129.000   38.000  0.00000 0
-129.000   39.000  0.00069 0
-129.000   40.000  0.00137 0
-129.000   41.000  0.00206 0
-129.000   42.000  0.00206 0
-129.000   43.000  0.00237 0
-129.000   44.000  0.00199 0
-129.000   45.000  0.00161 0
-129.000   46.000  0.00092 0
-129.000   47.000  0.00092 0
-129.000   48.000  0.00061 0
-129.000   49.000  0.00038 0
-129.000   50.000  0.00000 0
-128.000   25.000 -0.00474 0
-128.000   26.000 -0.00370 0
-128.000   27.000 -0.00485 0
-128.000   28.000 -0.00572 0
-128.000   29.000 -0.00760 2
-128.000   30.000 -0.01091 2
-128.000   31.000 -0.01469 4
-128.000   32.000 -0.01281 2
-128.000   33.000 -0.01073 2
-128.000   34.000 -0.00779 0
-128.000   35.000 -0.00390 0
-128.000   36.000  0.00000 0
-128.000   37.000  0.00000 0
-128.000   38.000  0.00000 0
-128.000   39.000  0.00110 0
-128.000   40.000  0.00220 0
-128.000   41.000  0.00330 0
-128.000   42.000  0.00387 0
-128.000   43.000  0.00436 0
-128.000   44.000  0.00364 0
-128.000   45.000  0.00292 1
-128.000   46.000  0.00142 1
-128.000   47.000  0.00046 1
-128.000   48.000 -0.00042 0
-128.000   49.000 -0.00100 0
-128.000   50.000 -0.00196 0
-127.000   25.000 -0.00544 1
-127.000   26.000 -0.00441 1
-127.000   27.000 -0.00490 2
-127.000   28.000 -0.00482 1
-127.000   29.000 -0.00590 2
-127.000   30.000 -0.00849 1
-127.000   31.000 -0.01150 2
-127.000   32.000 -0.01013 1
-127.000   33.000 -0.00875 1
-127.000   34.000 -0.00655 0
-127.000   35.000 -0.00401 0
-127.000   36.000 -0.00147 0
-127.000   37.000 -0.00220 0
-127.000   38.000 -0.00220 0
-127.000   39.000  0.00003 0
-127.000   40.000  0.00300 0
-127.000   41.000  0.00578 1
-127.000   42.000  0.00765 1
-127.000   43.000  0.00842 1
-127.000   44.000  0.00670 0
-127.000   45.000  0.00499 1
-127.000   46.000  0.00216 1
-127.000   47.000  0.00024 1
-127.000   48.000 -0.00147 0
-127.000   49.000 -0.00249 0
-127.000   50.000 -0.00419 0
-126.000   25.000 -0.00480 3
-126.000   26.000 -0.00434 2
-126.000   27.000 -0.00413 4
-126.000   28.000 -0.00324 2
-126.000   29.000 -0.00361 5
-126.000   30.000 -0.00528 3
-126.000   31.000 -0.00698 5
-126.000   32.000 -0.00633 2
-126.000   33.000 -0.00582 2
-126.000   34.000 -0.00458 0
-126.000   35.000 -0.00376 0
-126.000   36.000 -0.00294 0
-126.000   37.000 -0.00441 0
-126.000   38.000 -0.00441 0
-126.000   39.000 -0.00045 0
-126.000   40.000  0.00497 0
-126.000   41.000  0.00900 1
-126.000   42.000  0.01149 1
-126.000   43.000  0.01255 2
-126.000   44.000  0.00961 1
-126.000   45.000  0.00667 4
-126.000   46.000  0.00293 3
-126.000   47.000  0.00087 3
-126.000   48.000 -0.00154 1
-126.000   49.000 -0.00319 1
-126.000   50.000 -0.00594 1
-125.000   25.000 -0.00263 4
-125.000   26.000 -0.00187 3
-125.000   27.000 -0.00110 5
-125.000   28.000  0.00031 2
-125.000   29.000  0.00071 4
-125.000   30.000 -0.00009 2
-125.000   31.000 -0.00111 3
-125.000   32.000 -0.00150 1
-125.000   33.000 -0.00195 1
-125.000   34.000 -0.00187 0
-125.000   35.000 -0.00224 0
-125.000   36.000 -0.00261 0
-125.000   37.000 -0.00391 1
-125.000   38.000 -0.00391 1
-125.000   39.000  0.00177 1
-125.000   40.000  0.00875 0
-125.000   41.000  0.01308 2
-125.000   42.000  0.01463 2
-125.000   43.000  0.01587 3
-125.000   44.000  0.01193 1
-125.000   45.000  0.00798 3
-125.000   46.000  0.00434 2
-125.000   47.000  0.00329 2
-125.000   48.000  0.00055 1
-125.000   49.000 -0.00147 1
-125.000   50.000 -0.00485 2
-124.000   25.000 -0.00151 4
-124.000   26.000 -0.00121 2
-124.000   27.000 -0.00019 3
-124.000   28.000  0.00148 1
-124.000   29.000  0.00271 4
-124.000   30.000  0.00312 3
-124.000   31.000  0.00345 5
-124.000   32.000  0.00267 2
-124.000   33.000  0.00144 2
-124.000   34.000  0.00054 0
-124.000   35.000  0.00003 0
-124.000   36.000 -0.00048 0
-124.000   37.000 -0.00072 1
-124.000   38.000 -0.00072 1
-124.000   39.000  0.00441 1
-124.000   40.000  0.00978 0
-124.000   41.000  0.01078 1
-124.000   42.000  0.01103 1
-124.000   43.000  0.01245 3
-124.000   44.000  0.01024 2
-124.000   45.000  0.00798 6
-124.000   46.000  0.00818 4
-124.000   47.000  0.00824 4
-124.000   48.000  0.00550 1
-124.000   49.000  0.00323 2
-124.000   50.000 -0.00049 3
-123.000   25.000 -0.00172 3
-123.000   26.000 -0.00169 2
-123.000   27.000 -0.00069 3
-123.000   28.000  0.00068 1
-123.000   29.000  0.00234 3
-123.000   30.000  0.00356 2
-123.000   31.000  0.00472 4
-123.000   32.000  0.00405 2
-123.000   33.000  0.00119 2
-123.000   34.000 -0.00157 0
-123.000   35.000 -0.00425 0
-123.000   36.000 -0.00693 0
-123.000   37.000 -0.00876 2
-123.000   38.000 -0.00713 2
-123.000   39.000 -0.00093 2
-123.000   40.000  0.00549 0
-123.000   41.000  0.00486 1
-123.000   42.000  0.00618 1
-123.000   43.000  0.00765 2
-123.000   44.000  0.00764 1
-123.000   45.000  0.00749 3
-123.000   46.000  0.01276 2
-123.000   47.000  0.01497 2
-123.000   48.000  0.01288 1
-123.000   49.000  0.01040 2
-123.000   50.000  0.00648 4
-122.000   25.000 -0.00425 3
-122.000   26.000 -0.00435 2
-122.000   27.000 -0.00303 4
-122.000   28.000 -0.00159 2
-122.000   29.000  0.00104 6
-122.000   30.000  0.00368 4
-122.000   31.000  0.00598 7
-122.000   32.000  0.00485 3
-122.000   33.000  0.00089 3
-122.000   34.000 -0.00375 0
-122.000   35.000 -0.00939 0
-122.000   36.000 -0.01610 0
-122.000   37.000 -0.02077 1
-122.000   38.000 -0.01799 1
-122.000   39.000 -0.01130 1
-122.000   40.000 -0.00381 0
-122.000   41.000 -0.00346 0
-122.000   42.000  0.00067 0
-122.000   43.000  0.00195 2
-122.000   44.000  0.00471 3
-122.000   45.000  0.00764 6
-122.000   46.000  0.01807 4
-122.000   47.000  0.02328 4
-122.000   48.000  0.02281 2
-122.000   49.000  0.02077 4
-122.000   50.000  0.01706 4
-121.000   25.000 -0.01056 4
-121.000   26.000 -0.01174 3
-121.000   27.000 -0.00990 6
-121.000   28.000 -0.00954 3
-121.000   29.000 -0.00521 7
-121.000   30.000 -0.00174 4
-121.000   31.000  0.00255 7
-121.000   32.000  0.00049 3
-121.000   33.000 -0.00300 3
-121.000   34.000 -0.00915 0
-121.000   35.000 -0.01552 1
-121.000   36.000 -0.02524 1
-121.000   37.000 -0.03137 3
-121.000   38.000 -0.03143 2
-121.000   39.000 -0.02469 2
-121.000   40.000 -0.01766 0
-121.000   41.000 -0.01518 0
-121.000   42.000 -0.00812 0
-121.000   43.000 -0.00266 1
-121.000   44.000  0.00291 2
-121.000   45.000  0.00930 3
-121.000   46.000  0.02264 2
-121.000   47.000  0.03021 2
-121.000   48.000  0.03076 3
-121.000   49.000  0.02933 4
-121.000   50.000  0.02558 5
-120.000   25.000 -0.01635 4
-120.000   26.000 -0.01949 3
-120.000   27.000 -0.01705 6
-120.000   28.000 -0.01743 3
-120.000   29.000 -0.01178 8
-120.000   30.000 -0.00796 5
-120.000   31.000 -0.00132 9
-120.000   32.000 -0.00431 4
-120.000   33.000 -0.00725 5
-120.000   34.000 -0.01490 1
-120.000   35.000 -0.02170 2
-120.000   36.000 -0.03490 1
-120.000   37.000 -0.04323 2
-120.000   38.000 -0.04632 1
-120.000   39.000 -0.03948 1
-120.000   40.000 -0.03296 0
-120.000   41.000 -0.02702 0
-120.000   42.000 -0.01501 0
-120.000   43.000 -0.00535 2
-120.000   44.000  0.00101 3
-120.000   45.000  0.00917 4
-120.000   46.000  0.02174 2
-120.000   47.000  0.02864 3
-120.000   48.000  0.02864 3
-120.000   49.000  0.02785 5
-120.000   50.000  0.02352 4
-119.000   25.000 -0.01180 4
-119.000   26.000 -0.01588 4
-119.000   27.000 -0.01442 5
-119.000   28.000 -0.01672 4
-119.000   29.000 -0.01333 6
-119.000   30.000 -0.01164 5
-119.000   31.000 -0.00650 7
-119.000   32.000 -0.01024 5
-119.000   33.000 -0.01327 5
-119.000   34.000 -0.01982 3
-119.000   35.000 -0.02584 4
-119.000   36.000 -0.03905 4
-119.000   37.000 -0.05135 4
-119.000   38.000 -0.05736 3
-119.000   39.000 -0.05040 2
-119.000   40.000 -0.04322 1
-119.000   41.000 -0.03352 0
-119.000   42.000 -0.01561 0
-119.000   43.000 -0.00161 1
-119.000   44.000  0.00335 1
-119.000   45.000  0.01016 2
-119.000   46.000  0.01702 1
-119.000   47.000  0.02264 2
-119.000   48.000  0.02259 3
-119.000   49.000  0.02203 4
-119.000   50.000  0.01802 4
-118.000   25.000 -0.00404 3
-118.000   26.000 -0.00762 4
-118.000   27.000 -0.00719 5
-118.000   28.000 -0.00991 4
-118.000   29.000 -0.00910 7
-118.000   30.000 -0.00881 6
-118.000   31.000 -0.00601 8
-118.000   32.000 -0.01027 5
-118.000   33.000 -0.01305 5
-118.000   34.000 -0.01616 3
-118.000   35.000 -0.01845 3
-118.000   36.000 -0.01968 3
-118.000   37.000 -0.01699 2
-118.000   38.000 -0.01047 2
-118.000   39.000 -0.00675 1
-118.000   40.000 -0.00302 1
-118.000   41.000 -0.00157 0
-118.000   42.000  0.00563 0
-118.000   43.000  0.00875 2
-118.000   44.000  0.01488 2
-118.000   45.000  0.02120 3
-118.000   46.000  0.02411 2
-118.000   47.000  0.02572 3
-118.000   48.000  0.02433 4
-118.000   49.000  0.02276 4
-118.000   50.000  0.01979 3
-117.000   25.000  0.00485 3
-117.000   26.000  0.00191 5
-117.000   27.000  0.00079 5
-117.000   28.000 -0.00306 6
-117.000   29.000 -0.00604 6
-117.000   30.000 -0.00810 6
-117.000   31.000 -0.00857 6
-117.000   32.000 -0.01281 6
-117.000   33.000 -0.01556 5
-117.000   34.000 -0.01541 5
-117.000   35.000 -0.01421 5
-117.000   36.000 -0.00468 6
-117.000   37.000  0.00692 4
-117.000   38.000  0.02682 3
-117.000   39.000  0.02827 1
-117.000   40.000  0.02956 1
-117.000   41.000  0.02288 0
-117.000   42.000  0.02506 0
-117.000   43.000  0.01729 1
-117.000   44.000  0.02616 1
-117.000   45.000  0.03309 3
-117.000   46.000  0.03666 3
-117.000   47.000  0.03575 3
-117.000   48.000  0.03449 3
-117.000   49.000  0.03202 3
-117.000   50.000  0.03113 3
-116.000   25.000  0.00629 3
-116.000   26.000  0.00584 4
-116.000   27.000  0.00449 6
-116.000   28.000  0.00226 5
-116.000   29.000 -0.00154 7
-116.000   30.000 -0.00418 5
-116.000   31.000 -0.00691 7
-116.000   32.000 -0.00983 5
-116.000   33.000 -0.01177 6
-116.000   34.000 -0.00692 4
-116.000   35.000 -0.00221 4
-116.000   36.000  0.01750 3
-116.000   37.000  0.03693 2
-116.000   38.000  0.06889 2
-116.000   39.000  0.06859 1
-116.000   40.000  0.06611 1
-116.000   41.000  0.04982 0
-116.000   42.000  0.04838 0
-116.000   43.000  0.03180 1
-116.000   44.000  0.04227 2
-116.000   45.000  0.05140 3
-116.000   46.000  0.05709 4
-116.000   47.000  0.05132 3
-116.000   48.000  0.04708 4
-116.000   49.000  0.04226 3
-116.000   50.000  0.04113 3
-115.000   25.000  0.01245 2
-115.000   26.000  0.01251 3
-115.000   27.000  0.01021 5
-115.000   28.000  0.00799 5
-115.000   29.000  0.00211 7
-115.000   30.000 -0.00087 6
-115.000   31.000 -0.00540 8
-115.000   32.000 -0.00684 7
-115.000   33.000 -0.00858 8
-115.000   34.000 -0.00002 6
-115.000   35.000  0.00674 6
-115.000   36.000  0.03480 4
-115.000   37.000  0.05994 4
-115.000   38.000  0.10267 3
-115.000   39.000  0.10148 2
-115.000   40.000  0.09675 1
-115.000   41.000  0.07224 0
-115.000   42.000  0.06742 0
-115.000   43.000  0.04247 1
-115.000   44.000  0.05567 2
-115.000   45.000  0.06779 3
-115.000   46.000  0.07765 3
-115.000   47.000  0.06877 2
-115.000   48.000  0.06276 2
-115.000   49.000  0.05495 3
-115.000   50.000  0.05306 3
-114.000   25.000  0.01190 1
-114.000   26.000  0.01095 1
-114.000   27.000  0.00932 3
-114.000   28.000  0.00873 2
-114.000   29.000  0.00390 6
-114.000   30.000  0.00260 5
-114.000   31.000  0.00067 8
-114.000   32.000  0.00111 5
-114.000   33.000  0.00081 8
-114.000   34.000  0.01069 6
-114.000   35.000  0.01856 7
-114.000   36.000  0.04914 4
-114.000   37.000  0.08021 5
-114.000   38.000  0.13046 5
-114.000   39.000  0.12874 5
-114.000   40.000  0.12138 3
-114.000   41.000  0.09150 1
-114.000   42.000  0.08151 0
-114.000   43.000  0.05042 1
-114.000   44.000  0.06584 3
-114.000   45.000  0.08215 3
-114.000   46.000  0.09837 5
-114.000   47.000  0.08712 3
-114.000   48.000  0.07724 4
-114.000   49.000  0.06759 2
-114.000   50.000  0.06375 2
-113.000   25.000  0.00700 1
-113.000   26.000  0.00517 1
-113.000   27.000  0.00446 4
-113.000   28.000  0.00435 3
-113.000   29.000  0.00168 8
-113.000   30.000  0.00155 6
-113.000   31.000  0.00236 9
-113.000   32.000  0.00433 5
-113.000   33.000  0.00651 8
-113.000   34.000  0.01489 6
-113.000   35.000  0.02157 8
-113.000   36.000  0.04172 5
-113.000   37.000  0.06049 6
-113.000   38.000  0.09871 4
-113.000   39.000  0.09973 4
-113.000   40.000  0.09256 2
-113.000   41.000  0.07090 1
-113.000   42.000  0.06955 0
-113.000   43.000  0.04885 1
-113.000   44.000  0.06291 2
-113.000   45.000  0.08181 2
-113.000   46.000  0.10098 3
-113.000   47.000  0.08933 2
-113.000   48.000  0.07608 3
-113.000   49.000  0.06554 3
-113.000   50.000  0.05750 3
-112.000   25.000  0.00087 1
-112.000   26.000 -0.00056 1
-112.000   27.000 -0.00002 3
-112.000   28.000  0.00087 2
-112.000   29.000  0.00105 5
-112.000   30.000  0.00128 3
-112.000   31.000  0.00442 6
-112.000   32.000  0.00869 3
-112.000   33.000  0.01458 7
-112.000   34.000  0.02351 5
-112.000   35.000  0.03240 8
-112.000   36.000  0.04670 6
-112.000   37.000  0.06037 8
-112.000   38.000  0.08431 6
-112.000   39.000  0.08562 6
-112.000   40.000  0.07447 3
-112.000   41.000  0.05593 3
-112.000   42.000  0.05228 2
-112.000   43.000  0.04131 2
-112.000   44.000  0.05190 4
-112.000   45.000  0.07339 3
-112.000   46.000  0.09190 7
-112.000   47.000  0.07813 4
-112.000   48.000  0.05878 5
-112.000   49.000  0.04654 2
-112.000   50.000  0.03054 2
-111.000   25.000  0.00311 2
-111.000   26.000  0.00133 2
-111.000   27.000  0.00184 6
-111.000   28.000  0.00261 4
-111.000   29.000  0.00267 9
-111.000   30.000  0.00311 5
-111.000   31.000  0.00656 9
-111.000   32.000  0.01110 4
-111.000   33.000  0.01684 7
-111.000   34.000  0.02412 3
-111.000   35.000  0.03259 5
-111.000   36.000  0.04259 3
-111.000   37.000  0.04942 5
-111.000   38.000  0.06100 3
-111.000   39.000  0.06002 3
-111.000   40.000  0.04643 1
-111.000   41.000  0.03002 2
-111.000   42.000  0.02322 2
-111.000   43.000  0.01927 2
-111.000   44.000  0.02725 3
-111.000   45.000  0.04822 2
-111.000   46.000  0.06395 4
-111.000   47.000  0.05417 2
-111.000   48.000  0.03452 4
-111.000   49.000  0.02388 4
-111.000   50.000  0.00514 4
-110.000   25.000 -0.00298 1
-110.000   26.000 -0.00350 1
-110.000   27.000 -0.00208 3
-110.000   28.000  0.00024 2
-110.000   29.000  0.00163 6
-110.000   30.000  0.00239 4
-110.000   31.000  0.00633 8
-110.000   32.000  0.01197 4
-110.000   33.000  0.01792 7
-110.000   34.000  0.02373 3
-110.000   35.000  0.03202 6
-110.000   36.000  0.03973 4
-110.000   37.000  0.04124 7
-110.000   38.000  0.04229 4
-110.000   39.000  0.03948 5
-110.000   40.000  0.02235 2
-110.000   41.000  0.00500 5
-110.000   42.000 -0.00627 5
-110.000   43.000 -0.00492 6
-110.000   44.000  0.00031 6
-110.000   45.000  0.02259 5
-110.000   46.000  0.03681 6
-110.000   47.000  0.03378 3
-110.000   48.000  0.01471 3
-110.000   49.000  0.00698 2
-110.000   50.000 -0.01297 2
-109.000   25.000 -0.00870 2
-109.000   26.000 -0.00747 2
-109.000   27.000 -0.00568 6
-109.000   28.000 -0.00283 4
-109.000   29.000 -0.00040 10
-109.000   30.000  0.00072 6
-109.000   31.000  0.00368 11
-109.000   32.000  0.00867 5
-109.000   33.000  0.01304 8
-109.000   34.000  0.01426 3
-109.000   35.000  0.01747 5
-109.000   36.000  0.02201 2
-109.000   37.000  0.01421 3
-109.000   38.000  0.00505 1
-109.000   39.000 -0.00098 3
-109.000   40.000 -0.02134 2
-109.000   41.000 -0.03969 4
-109.000   42.000 -0.04934 3
-109.000   43.000 -0.04232 4
-109.000   44.000 -0.03474 3
-109.000   45.000 -0.00847 3
-109.000   46.000  0.00632 3
-109.000   47.000  0.01055 2
-109.000   48.000 -0.00455 3
-109.000   49.000 -0.00966 3
-109.000   50.000 -0.02799 3
-108.000   25.000 -0.01118 1
-108.000   26.000 -0.01037 1
-108.000   27.000 -0.00822 3
-108.000   28.000 -0.00541 2
-108.000   29.000 -0.00301 7
-108.000   30.000 -0.00119 5
-108.000   31.000  0.00186 9
-108.000   32.000  0.00567 4
-108.000   33.000  0.00808 7
-108.000   34.000  0.00638 3
-108.000   35.000  0.00619 6
-108.000   36.000  0.01085 3
-108.000   37.000  0.00196 4
-108.000   38.000 -0.00869 1
-108.000   39.000 -0.01334 3
-108.000   40.000 -0.03831 2
-108.000   41.000 -0.05961 4
-108.000   42.000 -0.07301 4
-108.000   43.000 -0.06762 6
-108.000   44.000 -0.06342 6
-108.000   45.000 -0.03307 6
-108.000   46.000 -0.01818 5
-108.000   47.000 -0.00682 3
-108.000   48.000 -0.01822 2
-108.000   49.000 -0.02023 1
-108.000   50.000 -0.03508 2
-107.000   25.000 -0.01234 1
-107.000   26.000 -0.01324 1
-107.000   27.000 -0.01069 3
-107.000   28.000 -0.00791 2
-107.000   29.000 -0.00527 7
-107.000   30.000 -0.00136 5
-107.000   31.000  0.00273 9
-107.000   32.000  0.00437 4
-107.000   33.000  0.00377 7
-107.000   34.000 -0.00019 3
-107.000   35.000 -0.00305 4
-107.000   36.000  0.00106 1
-107.000   37.000 -0.00783 1
-107.000   38.000 -0.01851 0
-107.000   39.000 -0.02281 1
-107.000   40.000 -0.04429 1
-107.000   41.000 -0.06468 1
-107.000   42.000 -0.07627 1
-107.000   43.000 -0.07138 2
-107.000   44.000 -0.06980 3
-107.000   45.000 -0.04602 3
-107.000   46.000 -0.03423 4
-107.000   47.000 -0.01921 3
-107.000   48.000 -0.02414 4
-107.000   49.000 -0.02263 2
-107.000   50.000 -0.03003 3
-106.000   25.000 -0.01052 0
-106.000   26.000 -0.01201 0
-106.000   27.000 -0.00932 1
-106.000   28.000 -0.00649 1
-106.000   29.000 -0.00395 6
-106.000   30.000  0.00016 5
-106.000   31.000  0.00414 9
-106.000   32.000  0.00436 4
-106.000   33.000  0.00180 7
-106.000   34.000 -0.00411 3
-106.000   35.000 -0.00911 4
-106.000   36.000 -0.00728 1
-106.000   37.000 -0.01453 1
-106.000   38.000 -0.02163 0
-106.000   39.000 -0.02367 0
-106.000   40.000 -0.04093 0
-106.000   41.000 -0.05860 0
-106.000   42.000 -0.06842 1
-106.000   43.000 -0.06769 3
-106.000   44.000 -0.06821 4
-106.000   45.000 -0.04957 5
-106.000   46.000 -0.03817 4
-106.000   47.000 -0.02350 3
-106.000   48.000 -0.02397 2
-106.000   49.000 -0.02072 1
-106.000   50.000 -0.02285 2
-105.000   25.000 -0.00571 0
-105.000   26.000 -0.00668 0
-105.000   27.000 -0.00417 1
-105.000   28.000 -0.00139 1
-105.000   29.000  0.00122 5
-105.000   30.000  0.00487 4
-105.000   31.000  0.00756 8
-105.000   32.000  0.00582 4
-105.000   33.000  0.00191 7
-105.000   34.000 -0.00498 3
-105.000   35.000 -0.01169 3
-105.000   36.000 -0.01246 0
-105.000   37.000 -0.01803 0
-105.000   38.000 -0.02232 0
-105.000   39.000 -0.02344 0
-105.000   40.000 -0.03596 0
-105.000   41.000 -0.04825 0
-105.000   42.000 -0.05422 0
-105.000   43.000 -0.05627 1
-105.000   44.000 -0.05800 1
-105.000   45.000 -0.04561 3
-105.000   46.000 -0.03692 3
-105.000   47.000 -0.02696 4
-105.000   48.000 -0.02390 3
-105.000   49.000 -0.02004 2
-105.000   50.000 -0.01814 1
-104.000   25.000 -0.00087 0
-104.000   26.000 -0.00130 0
-104.000   27.000  0.00113 2
-104.000   28.000  0.00403 2
-104.000   29.000  0.00659 7
-104.000   30.000  0.00933 5
-104.000   31.000  0.01079 10
-104.000   32.000  0.00775 5
-104.000   33.000  0.00336 8
-104.000   34.000 -0.00171 3
-104.000   35.000 -0.00644 3
-104.000   36.000 -0.00738 0
-104.000   37.000 -0.00651 0
-104.000   38.000 -0.00502 0
-104.000   39.000 -0.00251 0
-104.000   40.000 -0.00877 0
-104.000   41.000 -0.01567 0
-104.000   42.000 -0.02268 0
-104.000   43.000 -0.03000 1
-104.000   44.000 -0.03730 1
-104.000   45.000 -0.03404 4
-104.000   46.000 -0.03090 3
-104.000   47.000 -0.02671 4
-104.000   48.000 -0.02249 1
-104.000   49.000 -0.01898 1
-104.000   50.000 -0.01612 0
-103.000   25.000  0.00205 0
-103.000   26.000  0.00310 0
-103.000   27.000  0.00540 1
-103.000   28.000  0.00884 1
-103.000   29.000  0.01184 5
-103.000   30.000  0.01329 4
-103.000   31.000  0.01328 8
-103.000   32.000  0.00959 4
-103.000   33.000  0.00538 7
-103.000   34.000  0.00224 3
-103.000   35.000 -0.00058 3
-103.000   36.000 -0.00197 0
-103.000   37.000 -0.00120 0
-103.000   38.000 -0.00043 0
-103.000   39.000 -0.00029 0
-103.000   40.000 -0.00014 0
-103.000   41.000 -0.00283 0
-103.000   42.000 -0.00566 0
-103.000   43.000 -0.01204 0
-103.000   44.000 -0.01844 0
-103.000   45.000 -0.02404 2
-103.000   46.000 -0.02516 2
-103.000   47.000 -0.02591 4
-103.000   48.000 -0.01981 2
-103.000   49.000 -0.01675 2
-103.000   50.000 -0.01301 0
-102.000   25.000  0.00445 0
-102.000   26.000  0.00675 0
-102.000   27.000  0.00870 3
-102.000   28.000  0.01229 4
-102.000   29.000  0.01537 7
-102.000   30.000  0.01542 4
-102.000   31.000  0.01405 7
-102.000   32.000  0.01015 4
-102.000   33.000  0.00597 7
-102.000   34.000  0.00260 3
-102.000   35.000 -0.00041 3
-102.000   36.000 -0.00205 0
-102.000   37.000 -0.00145 0
-102.000   38.000 -0.00086 0
-102.000   39.000 -0.00057 0
-102.000   40.000 -0.00029 0
-102.000   41.000 -0.00142 0
-102.000   42.000 -0.00283 0
-102.000   43.000 -0.00849 0
-102.000   44.000 -0.01417 0
-102.000   45.000 -0.01933 2
-102.000   46.000 -0.02115 2
-102.000   47.000 -0.02297 3
-102.000   48.000 -0.01732 1
-102.000   49.000 -0.01454 1
-102.000   50.000 -0.01079 0
-101.000   25.000  0.00490 0
-101.000   26.000  0.00748 0
-101.000   27.000  0.00918 2
-101.000   28.000  0.01252 3
-101.000   29.000  0.01532 5
-101.000   30.000  0.01481 3
-101.000   31.000  0.01302 6
-101.000   32.000  0.00957 4
-101.000   33.000  0.00596 7
-101.000   34.000  0.00262 3
-101.000   35.000 -0.00035 3
-101.000   36.000 -0.00215 1
-101.000   37.000 -0.00188 1
-101.000   38.000 -0.00162 1
-101.000   39.000 -0.00108 0
-101.000   40.000 -0.00054 0
-101.000   41.000  0.00000 0
-101.000   42.000  0.00000 0
-101.000   43.000 -0.00496 0
-101.000   44.000 -0.00992 0
-101.000   45.000 -0.01463 1
-101.000   46.000 -0.01744 1
-101.000   47.000 -0.02024 2
-101.000   48.000 -0.01528 1
-101.000   49.000 -0.01290 1
-101.000   50.000 -0.00935 0
-100.000   25.000  0.00385 0
-100.000   26.000  0.00597 0
-100.000   27.000  0.00742 4
-100.000   28.000  0.01028 6
-100.000   29.000  0.01258 8
-100.000   30.000  0.01217 4
-100.000   31.000  0.01062 6
-100.000   32.000  0.00764 4
-100.000   33.000  0.00436 7
-100.000   34.000  0.00106 3
-100.000   35.000 -0.00184 3
-100.000   36.000 -0.00366 1
-100.000   37.000 -0.00333 1
-100.000   38.000 -0.00291 1
-100.000   39.000 -0.00191 0
-100.000   40.000 -0.00091 0
-100.000   41.000  0.00000 0
-100.000   42.000  0.00000 0
-100.000   43.000 -0.00442 0
-100.000   44.000 -0.00884 0
-100.000   45.000 -0.01331 2
-100.000   46.000 -0.01538 2
-100.000   47.000 -0.01745 2
-100.000   48.000 -0.01303 0
-100.000   49.000 -0.01077 0
-100.000   50.000 -0.00690 0
 -99.000   25.000  0.00265 0
 -99.000   26.000  0.00422 0
 -99.000   27.000  0.00539 2
 -99.000   28.000  0.00761 3
 -99.000   29.000  0.00912 6
 -99.000   30.000  0.00852 4
 -99.000   31.000  0.00697 7
 -99.000   32.000  0.00430 4
 -99.000   33.000  0.00139 8
 -99.000   34.000 -0.00144 4
 -99.000   35.000 -0.00389 4
 -99.000   36.000 -0.00565 2
 -99.000   37.000 -0.00585 2
 -99.000   38.000 -0.00516 2
 -99.000   39.000 -0.00384 0
 -99.000   40.000 -0.00238 0
 -99.000   41.000 -0.00086 0
 -99.000   42.000  0.00000 0
 -99.000   43.000 -0.00333 0
 -99.000   44.000 -0.00667 0
 -99.000   45.000 -0.01041 1
 -99.000   46.000 -0.01178 1
 -99.000   47.000 -0.01315 1
 -99.000   48.000 -0.00981 0
 -99.000   49.000 -0.00810 0
 -99.000   50.000 -0.00457 0
 -98.000   25.000  0.00161 0
 -98.000   26.000  0.00265 0
 -98.000   27.000  0.00355 3
 -98.000   28.000  0.00514 5
 -98.000   29.000  0.00612 8
 -98.000   30.000  0.00561 5
 -98.000   31.000  0.00432 7
 -98.000   32.000  0.00204 4
 -98.000   33.000 -0.00054 8
 -98.000   34.000 -0.00308 4
 -98.000   35.000 -0.00536 5
 -98.000   36.000 -0.00746 2
 -98.000   37.000 -0.00833 2
 -98.000   38.000 -0.00733 1
 -98.000   39.000 -0.00577 0
 -98.000   40.000 -0.00396 0
 -98.000   41.000 -0.00172 0
 -98.000   42.000  0.00000 0
 -98.000   43.000 -0.00316 0
 -98.000   44.000 -0.00632 0
 -98.000   45.000 -0.00962 1
 -98.000   46.000 -0.01029 1
 -98.000   47.000 -0.01096 1
 -98.000   48.000 -0.00780 0
 -98.000   49.000 -0.00580 0
 -98.000   50.000 -0.00223 0
 -97.000   25.000  0.00179 0
 -97.000   26.000  0.00231 0
 -97.000   27.000  0.00291 1
 -97.000   28.000  0.00386 2
 -97.000   29.000  0.00395 5
 -97.000   30.000  0.00292 4
 -97.000   31.000  0.00124 7
 -97.000   32.000 -0.00116 4
 -97.000   33.000 -0.00374 8
 -97.000   34.000 -0.00578 4
 -97.000   35.000 -0.00742 6
 -97.000   36.000 -0.00911 3
 -97.000   37.000 -0.01016 4
 -97.000   38.000 -0.00943 2
 -97.000   39.000 -0.00840 1
 -97.000   40.000 -0.00674 0
 -97.000   41.000 -0.00413 0
 -97.000   42.000 -0.00176 0
 -97.000   43.000 -0.00412 0
 -97.000   44.000 -0.00622 0
 -97.000   45.000 -0.00867 0
 -97.000   46.000 -0.00949 0
 -97.000   47.000 -0.01028 1
 -97.000   48.000 -0.00716 1
 -97.000   49.000 -0.00550 1
 -97.000   50.000 -0.00254 0
 -96.000   25.000  0.00248 0
 -96.000   26.000  0.00272 0
 -96.000   27.000  0.00306 2
 -96.000   28.000  0.00350 3
 -96.000   29.000  0.00308 6
 -96.000   30.000  0.00184 5
 -96.000   31.000  0.00031 8
 -96.000   32.000 -0.00160 5
 -96.000   33.000 -0.00372 8
 -96.000   34.000 -0.00531 4
 -96.000   35.000 -0.00662 7
 -96.000   36.000 -0.00851 3
 -96.000   37.000 -0.01036 4
 -96.000   38.000 -0.01044 1
 -96.000   39.000 -0.01025 1
 -96.000   40.000 -0.00907 0
 -96.000   41.000 -0.00633 0
 -96.000   42.000 -0.00361 0
 -96.000   43.000 -0.00498 0
 -96.000   44.000 -0.00597 0
 -96.000   45.000 -0.00765 1
 -96.000   46.000 -0.00866 1
 -96.000   47.000 -0.00952 2
 -96.000   48.000 -0.00703 1
 -96.000   49.000 -0.00587 1
 -96.000   50.000 -0.00364 0
 -95.000   25.000  0.00376 1
 -95.000   26.000  0.00381 1
 -95.000   27.000  0.00397 3
 -95.000   28.000  0.00403 3
 -95.000   29.000  0.00294 6
 -95.000   30.000  0.00100 5
 -95.000   31.000 -0.00104 7
 -95.000   32.000 -0.00317 4
 -95.000   33.000 -0.00519 7
 -95.000   34.000 -0.00591 4
 -95.000   35.000 -0.00633 6
 -95.000   36.000 -0.00783 2
 -95.000   37.000 -0.00992 4
 -95.000   38.000 -0.01052 2
 -95.000   39.000 -0.01146 3
 -95.000   40.000 -0.01130 2
 -95.000   41.000 -0.00919 2
 -95.000   42.000 -0.00626 1
 -95.000   43.000 -0.00665 0
 -95.000   44.000 -0.00648 0
 -95.000   45.000 -0.00691 1
 -95.000   46.000 -0.00742 2
 -95.000   47.000 -0.00817 3
 -95.000   48.000 -0.00636 3
 -95.000   49.000 -0.00574 2
 -95.000   50.000 -0.00437 1
 -94.000   25.000  0.00570 1
 -94.000   26.000  0.00565 1
 -94.000   27.000  0.00560 3
 -94.000   28.000  0.00526 3
 -94.000   29.000  0.00381 6
 -94.000   30.000  0.00162 5
 -94.000   31.000 -0.00034 7
 -94.000   32.000 -0.00199 4
 -94.000   33.000 -0.00339 9
 -94.000   34.000 -0.00356 6
 -94.000   35.000 -0.00360 10
 -94.000   36.000 -0.00519 4
 -94.000   37.000 -0.00731 7
 -94.000   38.000 -0.00883 4
 -94.000   39.000 -0.01074 5
 -94.000   40.000 -0.01162 3
 -94.000   41.000 -0.01033 2
 -94.000   42.000 -0.00829 1
 -94.000   43.000 -0.00864 0
 -94.000   44.000 -0.00826 1
 -94.000   45.000 -0.00804 3
 -94.000   46.000 -0.00789 4
 -94.000   47.000 -0.00823 3
 -94.000   48.000 -0.00643 3
 -94.000   49.000 -0.00561 2
 -94.000   50.000 -0.00437 3
 -93.000   25.000  0.00702 2
 -93.000   26.000  0.00669 2
 -93.000   27.000  0.00653 5
 -93.000   28.000  0.00596 5
 -93.000   29.000  0.00407 9
 -93.000   30.000  0.00156 7
 -93.000   31.000 -0.00078 9
 -93.000   32.000 -0.00283 5
 -93.000   33.000 -0.00422 9
 -93.000   34.000 -0.00348 5
 -93.000   35.000 -0.00260 8
 -93.000   36.000 -0.00317 3
 -93.000   37.000 -0.00426 6
 -93.000   38.000 -0.00613 4
 -93.000   39.000 -0.00919 6
 -93.000   40.000 -0.01116 4
 -93.000   41.000 -0.01108 4
 -93.000   42.000 -0.01021 2
 -93.000   43.000 -0.00998 2
 -93.000   44.000 -0.00872 2
 -93.000   45.000 -0.00773 4
 -93.000   46.000 -0.00685 6
 -93.000   47.000 -0.00660 5
 -93.000   48.000 -0.00529 6
 -93.000   49.000 -0.00489 3
 -93.000   50.000 -0.00393 4
 -92.000   25.000  0.00722 1
 -92.000   26.000  0.00667 1
 -92.000   27.000  0.00656 3
 -92.000   28.000  0.00601 3
 -92.000   29.000  0.00428 6
 -92.000   30.000  0.00213 5
 -92.000   31.000  0.00037 8
 -92.000   32.000 -0.00126 5
 -92.000   33.000 -0.00212 10
 -92.000   34.000 -0.00099 6
 -92.000   35.000  0.00016 12
 -92.000   36.000 -0.00040 6
 -92.000   37.000 -0.00138 11
 -92.000   38.000 -0.00345 6
 -92.000   39.000 -0.00663 8
 -92.000   40.000 -0.00894 4
 -92.000   41.000 -0.00959 5
 -92.000   42.000 -0.00957 4
 -92.000   43.000 -0.00932 5
 -92.000   44.000 -0.00817 5
 -92.000   45.000 -0.00713 7
 -92.000   46.000 -0.00587 7
 -92.000   47.000 -0.00548 5
 -92.000   48.000 -0.00492 4
 -92.000   49.000 -0.00493 2
 -92.000   50.000 -0.00448 3
 -91.000   25.000  0.00740 2
 -91.000   26.000  0.00659 2
 -91.000   27.000  0.00637 6
 -91.000   28.000  0.00570 6
 -91.000   29.000  0.00402 11
 -91.000   30.000  0.00192 9
 -91.000   31.000  0.00012 12
 -91.000   32.000 -0.00171 7
 -91.000   33.000 -0.00245 10
 -91.000   34.000 -0.00102 5
 -91.000   35.000  0.00042 8
 -91.000   36.000  0.00044 3
 -91.000   37.000  0.00023 6
 -91.000   38.000 -0.00142 3
 -91.000   39.000 -0.00440 6
 -91.000   40.000 -0.00679 4
 -91.000   41.000 -0.00801 7
 -91.000   42.000 -0.00854 5
 -91.000   43.000 -0.00863 7
 -91.000   44.000 -0.00786 5
 -91.000   45.000 -0.00687 7
 -91.000   46.000 -0.00508 6
 -91.000   47.000 -0.00434 6
 -91.000   48.000 -0.00352 5
 -91.000   49.000 -0.00341 4
 -91.000   50.000 -0.00292 3
 -90.000   25.000  0.00703 1
 -90.000   26.000  0.00588 1
 -90.000   27.000  0.00543 3
 -90.000   28.000  0.00452 3
 -90.000   29.000  0.00303 6
 -90.000   30.000  0.00124 5
 -90.000   31.000 -0.00006 8
 -90.000   32.000 -0.00138 5
 -90.000   33.000 -0.00147 9
 -90.000   34.000  0.00017 5
 -90.000   35.000  0.00157 10
 -90.000   36.000  0.00188 6
 -90.000   37.000  0.00197 12
 -90.000   38.000  0.00052 8
 -90.000   39.000 -0.00213 11
 -90.000   40.000 -0.00418 7
 -90.000   41.000 -0.00522 9
 -90.000   42.000 -0.00598 7
 -90.000   43.000 -0.00631 8
 -90.000   44.000 -0.00586 8
 -90.000   45.000 -0.00533 8
 -90.000   46.000 -0.00388 7
 -90.000   47.000 -0.00313 5
 -90.000   48.000 -0.00197 4
 -90.000   49.000 -0.00180 3
 -90.000   50.000 -0.00118 2
 -89.000   25.000  0.00585 2
 -89.000   26.000  0.00408 2
 -89.000   27.000  0.00354 6
 -89.000   28.000  0.00260 6
 -89.000   29.000  0.00142 11
 -89.000   30.000  0.00008 9
 -89.000   31.000 -0.00071 11
 -89.000   32.000 -0.00182 6
 -89.000   33.000 -0.00185 9
 -89.000   34.000 -0.00027 5
 -89.000   35.000  0.00109 8
 -89.000   36.000  0.00209 4
 -89.000   37.000  0.00275 7
 -89.000   38.000  0.00187 5
 -89.000   39.000 -0.00039 7
 -89.000   40.000 -0.00206 5
 -89.000   41.000 -0.00311 7
 -89.000   42.000 -0.00394 5
 -89.000   43.000 -0.00451 7
 -89.000   44.000 -0.00425 6
 -89.000   45.000 -0.00406 7
 -89.000   46.000 -0.00267 6
 -89.000   47.000 -0.00184 6
 -89.000   48.000 -0.00030 6
 -89.000   49.000  0.00004 6
 -89.000   50.000  0.00090 4
 -88.000   25.000 -0.00017 1
 -88.000   26.000 -0.00142 1
 -88.000   27.000 -0.00122 3
 -88.000   28.000 -0.00084 3
 -88.000   29.000 -0.00071 6
 -88.000   30.000 -0.00119 5
 -88.000   31.000 -0.00138 7
 -88.000   32.000 -0.00213 4
 -88.000   33.000 -0.00226 8
 -88.000   34.000 -0.00087 6
 -88.000   35.000  0.00052 10
 -88.000   36.000  0.00207 7
 -88.000   37.000  0.00294 11
 -88.000   38.000  0.00251 9
 -88.000   39.000  0.00085 12
 -88.000   40.000 -0.00029 9
 -88.000   41.000 -0.00107 10
 -88.000   42.000 -0.00153 8
 -88.000   43.000 -0.00187 9
 -88.000   44.000 -0.00159 10
 -88.000   45.000 -0.00158 9
 -88.000   46.000 -0.00067 10
 -88.000   47.000 -0.00053 8
 -88.000   48.000  0.00030 7
 -88.000   49.000  0.00032 4
 -88.000   50.000  0.00062 2
 -87.000   25.000 -0.00301 1
 -87.000   26.000 -0.00382 1
 -87.000   27.000 -0.00343 4
 -87.000   28.000 -0.00249 5
 -87.000   29.000 -0.00189 10
 -87.000   30.000 -0.00179 9
 -87.000   31.000 -0.00195 11
 -87.000   32.000 -0.00252 8
 -87.000   33.000 -0.00289 11
 -87.000   34.000 -0.00168 8
 -87.000   35.000 -0.00045 10
 -87.000   36.000  0.00154 6
 -87.000   37.000  0.00274 8
 -87.000   38.000  0.00303 5
 -87.000   39.000  0.00187 7
 -87.000   40.000  0.00113 5
 -87.000   41.000  0.00052 6
 -87.000   42.000  0.00032 5
 -87.000   43.000 -0.00000 7
 -87.000   44.000  0.00025 7
 -87.000   45.000  0.00017 8
 -87.000   46.000  0.00075 7
 -87.000   47.000  0.00074 8
 -87.000   48.000  0.00148 6
 -87.000   49.000  0.00151 6
 -87.000   50.000  0.00181 3
 -86.000   25.000 -0.00422 1
 -86.000   26.000 -0.00465 1
 -86.000   27.000 -0.00416 3
 -86.000   28.000 -0.00298 3
 -86.000   29.000 -0.00251 7
 -86.000   30.000 -0.00239 6
 -86.000   31.000 -0.00309 9
 -86.000   32.000 -0.00391 7
 -86.000   33.000 -0.00480 10
 -86.000   34.000 -0.00342 7
 -86.000   35.000 -0.00199 9
 -86.000   36.000  0.00070 6
 -86.000   37.000  0.00246 9
 -86.000   38.000  0.00360 7
 -86.000   39.000  0.00276 11
 -86.000   40.000  0.00216 9
 -86.000   41.000  0.00153 11
 -86.000   42.000  0.00144 10
 -86.000   43.000  0.00130 11
 -86.000   44.000  0.00167 11
 -86.000   45.000  0.00180 10
 -86.000   46.000  0.00202 11
 -86.000   47.000  0.00180 9
 -86.000   48.000  0.00201 7
 -86.000   49.000  0.00186 4
 -86.000   50.000  0.00180 2
 -85.000   25.000 -0.00341 2
 -85.000   26.000 -0.00361 3
 -85.000   27.000 -0.00311 5
 -85.000   28.000 -0.00202 7
 -85.000   29.000 -0.00190 10
 -85.000   30.000 -0.00168 10
 -85.000   31.000 -0.00269 12
 -85.000   32.000 -0.00365 12
 -85.000   33.000 -0.00508 13
 -85.000   34.000 -0.00390 9
 -85.000   35.000 -0.00269 10
 -85.000   36.000  0.00003 7
 -85.000   37.000  0.00167 10
 -85.000   38.000  0.00315 6
 -85.000   39.000  0.00241 8
 -85.000   40.000  0.00181 5
 -85.000   41.000  0.00087 7
 -85.000   42.000  0.00083 6
 -85.000   43.000  0.00079 7
 -85.000   44.000  0.00128 7
 -85.000   45.000  0.00168 8
 -85.000   46.000  0.00191 8
 -85.000   47.000  0.00190 7
 -85.000   48.000  0.00160 5
 -85.000   49.000  0.00144 5
 -85.000   50.000  0.00120 3
 -84.000   25.000 -0.00294 3
 -84.000   26.000 -0.00246 4
 -84.000   27.000 -0.00195 6
 -84.000   28.000 -0.00087 6
 -84.000   29.000 -0.00113 9
 -84.000   30.000 -0.00111 8
 -84.000   31.000 -0.00278 10
 -84.000   32.000 -0.00400 8
 -84.000   33.000 -0.00580 10
 -84.000   34.000 -0.00473 7
 -84.000   35.000 -0.00362 8
 -84.000   36.000 -0.00089 5
 -84.000   37.000  0.00071 8
 -84.000   38.000  0.00242 6
 -84.000   39.000  0.00188 9
 -84.000   40.000  0.00147 8
 -84.000   41.000  0.00050 12
 -84.000   42.000  0.00058 12
 -84.000   43.000  0.00071 12
 -84.000   44.000  0.00118 12
 -84.000   45.000  0.00159 11
 -84.000   46.000  0.00150 12
 -84.000   47.000  0.00139 9
 -84.000   48.000  0.00054 8
 -84.000   49.000  0.00030 5
 -84.000   50.000 -0.00017 3
 -83.000   25.000  0.00197 3
 -83.000   26.000  0.00244 5
 -83.000   27.000  0.00229 6
 -83.000   28.000  0.00224 9
 -83.000   29.000  0.00088 11
 -83.000   30.000  0.00054 12
 -83.000   31.000 -0.00144 12
 -83.000   32.000 -0.00250 12
 -83.000   33.000 -0.00404 12
 -83.000   34.000 -0.00323 10
 -83.000   35.000 -0.00269 11
 -83.000   36.000 -0.00091 9
 -83.000   37.000 -0.00007 12
 -83.000   38.000  0.00123 8
 -83.000   39.000  0.00062 10
 -83.000   40.000  0.00032 7
 -83.000   41.000 -0.00061 9
 -83.000   42.000 -0.00039 7
 -83.000   43.000 -0.00034 7
 -83.000   44.000  0.00012 8
 -83.000   45.000  0.00049 9
 -83.000   46.000  0.00050 9
 -83.000   47.000  0.00069 7
 -83.000   48.000  0.00021 6
 -83.000   49.000  0.00021 5
 -83.000   50.000  0.00013 4
 -82.000   25.000  0.00311 3
 -82.000   26.000  0.00376 4
 -82.000   27.000  0.00356 6
 -82.000   28.000  0.00323 6
 -82.000   29.000  0.00183 10
 -82.000   30.000  0.00112 9
 -82.000   31.000 -0.00101 11
 -82.000   32.000 -0.00223 8
 -82.000   33.000 -0.00363 10
 -82.000   34.000 -0.00278 7
 -82.000   35.000 -0.00237 8
 -82.000   36.000 -0.00105 5
 -82.000   37.000 -0.00047 7
 -82.000   38.000  0.00067 6
 -82.000   39.000 -0.00004 9
 -82.000   40.000 -0.00015 9
 -82.000   41.000 -0.00089 11
 -82.000   42.000 -0.00067 10
 -82.000   43.000 -0.00083 11
 -82.000   44.000 -0.00062 11
 -82.000   45.000 -0.00041 12
 -82.000   46.000 -0.00038 11
 -82.000   47.000 -0.00004 10
 -82.000   48.000 -0.00044 8
 -82.000   49.000 -0.00026 7
 -82.000   50.000 -0.00028 5
 -81.000   25.000  0.00385 4
 -81.000   26.000  0.00451 4
 -81.000   27.000  0.00425 6
 -81.000   28.000  0.00366 7
 -81.000   29.000  0.00219 11
 -81.000   30.000  0.00132 11
 -81.000   31.000 -0.00052 13
 -81.000   32.000 -0.00150 11
 -81.000   33.000 -0.00242 13
 -81.000   34.000 -0.00163 9
 -81.000   35.000 -0.00137 12
 -81.000   36.000 -0.00067 8
 -81.000   37.000 -0.00073 13
 -81.000   38.000 -0.00025 9
 -81.000   39.000 -0.00106 14
 -81.000   40.000 -0.00092 9
 -81.000   41.000 -0.00138 12
 -81.000   42.000 -0.00095 7
 -81.000   43.000 -0.00095 9
 -81.000   44.000 -0.00059 7
 -81.000   45.000 -0.00027 9
 -81.000   46.000 -0.00008 8
 -81.000   47.000  0.00022 7
 -81.000   48.000 -0.00023 6
 -81.000   49.000 -0.00004 6
 -81.000   50.000 -0.00036 6
 -80.000   25.000  0.00268 4
 -80.000   26.000  0.00321 3
 -80.000   27.000  0.00297 7
 -80.000   28.000  0.00230 5
 -80.000   29.000  0.00088 11
 -80.000   30.000 -0.00010 8
 -80.000   31.000 -0.00174 13
 -80.000   32.000 -0.00259 8
 -80.000   33.000 -0.00317 13
 -80.000   34.000 -0.00216 7
 -80.000   35.000 -0.00140 10
 -80.000   36.000 -0.00043 5
 -80.000   37.000 -0.00032 9
 -80.000   38.000  0.00015 7
 -80.000   39.000 -0.00040 10
 -80.000   40.000  0.00004 8
 -80.000   41.000 -0.00005 11
 -80.000   42.000  0.00039 9
 -80.000   43.000  0.00044 11
 -80.000   44.000  0.00058 10
 -80.000   45.000  0.00058 12
 -80.000   46.000  0.00047 10
 -80.000   47.000  0.00048 10
 -80.000   48.000 -0.00005 7
 -80.000   49.000  0.00008 9
 -80.000   50.000 -0.00041 6
 -79.000   25.000  0.00211 4
 -79.000   26.000  0.00228 3
 -79.000   27.000  0.00191 7
 -79.000   28.000  0.00088 6
 -79.000   29.000 -0.00056 11
 -79.000   30.000 -0.00145 9
 -79.000   31.000 -0.00263 13
 -79.000   32.000 -0.00306 10
 -79.000   33.000 -0.00305 14
 -79.000   34.000 -0.00174 8
 -79.000   35.000 -0.00076 13
 -79.000   36.000  0.00010 8
 -79.000   37.000  0.00006 15
 -79.000   38.000  0.00024 9
 -79.000   39.000 -0.00044 15
 -79.000   40.000 -0.00023 9
 -79.000   41.000 -0.00022 15
 -79.000   42.000  0.00036 9
 -79.000   43.000  0.00068 12
 -79.000   44.000  0.00107 8
 -79.000   45.000  0.00132 10
 -79.000   46.000  0.00129 7
 -79.000   47.000  0.00116 7
 -79.000   48.000  0.00060 6
 -79.000   49.000  0.00056 7
 -79.000   50.000 -0.00001 6
 -78.000   25.000 -0.00043 3
 -78.000   26.000 -0.00014 2
 -78.000   27.000 -0.00029 7
 -78.000   28.000 -0.00098 6
 -78.000   29.000 -0.00187 12
 -78.000   30.000 -0.00271 8
 -78.000   31.000 -0.00372 13
 -78.000   32.000 -0.00388 8
 -78.000   33.000 -0.00365 12
 -78.000   34.000 -0.00211 7
 -78.000   35.000 -0.00089 11
 -78.000   36.000  0.00033 8
 -78.000   37.000  0.00049 11
 -78.000   38.000  0.00097 8
 -78.000   39.000  0.00023 10
 -78.000   40.000  0.00010 8
 -78.000   41.000 -0.00015 10
 -78.000   42.000  0.00015 8
 -78.000   43.000  0.00029 10
 -78.000   44.000  0.00079 8
 -78.000   45.000  0.00138 12
 -78.000   46.000  0.00149 8
 -78.000   47.000  0.00150 11
 -78.000   48.000  0.00095 6
 -78.000   49.000  0.00090 10
 -78.000   50.000  0.00032 6
 -77.000   25.000 -0.00215 3
 -77.000   26.000 -0.00160 2
 -77.000   27.000 -0.00158 5
 -77.000   28.000 -0.00183 4
 -77.000   29.000 -0.00252 8
 -77.000   30.000 -0.00326 7
 -77.000   31.000 -0.00415 11
 -77.000   32.000 -0.00399 9
 -77.000   33.000 -0.00354 12
 -77.000   34.000 -0.00202 8
 -77.000   35.000 -0.00079 13
 -77.000   36.000  0.00051 9
 -77.000   37.000  0.00048 15
 -77.000   38.000  0.00081 9
 -77.000   39.000 -0.00015 15
 -77.000   40.000 -0.00082 9
 -77.000   41.000 -0.00153 15
 -77.000   42.000 -0.00143 9
 -77.000   43.000 -0.00120 13
 -77.000   44.000 -0.00024 6
 -77.000   45.000  0.00086 11
 -77.000   46.000  0.00130 6
 -77.000   47.000  0.00139 10
 -77.000   48.000  0.00079 5
 -77.000   49.000  0.00057 7
 -77.000   50.000 -0.00006 5
 -76.000   25.000 -0.00476 4
 -76.000   26.000 -0.00386 2
 -76.000   27.000 -0.00359 6
 -76.000   28.000 -0.00318 5
 -76.000   29.000 -0.00325 11
 -76.000   30.000 -0.00361 8
 -76.000   31.000 -0.00433 13
 -76.000   32.000 -0.00380 9
 -76.000   33.000 -0.00337 12
 -76.000   34.000 -0.00198 8
 -76.000   35.000 -0.00084 11
 -76.000   36.000  0.00069 9
 -76.000   37.000  0.00055 12
 -76.000   38.000  0.00078 9
 -76.000   39.000 -0.00036 11
 -76.000   40.000 -0.00148 7
 -76.000   41.000 -0.00272 10
 -76.000   42.000 -0.00283 8
 -76.000   43.000 -0.00268 12
 -76.000   44.000 -0.00158 7
 -76.000   45.000 -0.00042 13
 -76.000   46.000  0.00011 8
 -76.000   47.000  0.00021 12
 -76.000   48.000 -0.00021 5
 -76.000   49.000 -0.00047 9
 -76.000   50.000 -0.00076 6
 -75.000   25.000 -0.00644 4
 -75.000   26.000 -0.00509 3
 -75.000   27.000 -0.00461 6
 -75.000   28.000 -0.00366 4
 -75.000   29.000 -0.00311 8
 -75.000   30.000 -0.00296 6
 -75.000   31.000 -0.00351 9
 -75.000   32.000 -0.00272 7
 -75.000   33.000 -0.00233 9
 -75.000   34.000 -0.00124 6
 -75.000   35.000 -0.00048 11
 -75.000   36.000  0.00078 9
 -75.000   37.000  0.00028 15
 -75.000   38.000  0.00001 9
 -75.000   39.000 -0.00134 15
 -75.000   40.000 -0.00280 8
 -75.000   41.000 -0.00442 15
 -75.000   42.000 -0.00473 9
 -75.000   43.000 -0.00457 16
 -75.000   44.000 -0.00333 8
 -75.000   45.000 -0.00214 14
 -75.000   46.000 -0.00144 7
 -75.000   47.000 -0.00125 11
 -75.000   48.000 -0.00137 5
 -75.000   49.000 -0.00164 7
 -75.000   50.000 -0.00177 4
 -74.000   25.000 -0.00729 5
 -74.000   26.000 -0.00526 3
 -74.000   27.000 -0.00457 8
 -74.000   28.000 -0.00309 7
 -74.000   29.000 -0.00213 14
 -74.000   30.000 -0.00206 11
 -74.000   31.000 -0.00304 16
 -74.000   32.000 -0.00241 12
 -74.000   33.000 -0.00220 14
 -74.000   34.000 -0.00114 9
 -74.000   35.000 -0.00046 11
 -74.000   36.000  0.00078 8
 -74.000   37.000  0.00012 12
 -74.000   38.000 -0.00060 8
 -74.000   39.000 -0.00206 13
 -74.000   40.000 -0.00336 7
 -74.000   41.000 -0.00499 12
 -74.000   42.000 -0.00550 7
 -74.000   43.000 -0.00539 14
 -74.000   44.000 -0.00433 8
 -74.000   45.000 -0.00352 15
 -74.000   46.000 -0.00292 8
 -74.000   47.000 -0.00257 11
 -74.000   48.000 -0.00237 5
 -74.000   49.000 -0.00254 8
 -74.000   50.000 -0.00259 6
 -73.000   25.000 -0.00382 4
 -73.000   26.000 -0.00176 3
 -73.000   27.000 -0.00155 7
 -73.000   28.000 -0.00069 5
 -73.000   29.000 -0.00056 10
 -73.000   30.000 -0.00127 8
 -73.000   31.000 -0.00306 11
 -73.000   32.000 -0.00280 8
 -73.000   33.000 -0.00251 9
 -73.000   34.000 -0.00124 6
 -73.000   35.000 -0.00050 8
 -73.000   36.000  0.00059 5
 -73.000   37.000 -0.00003 11
 -73.000   38.000 -0.00111 7
 -73.000   39.000 -0.00251 15
 -73.000   40.000 -0.00352 8
 -73.000   41.000 -0.00483 16
 -73.000   42.000 -0.00545 8
 -73.000   43.000 -0.00533 17
 -73.000   44.000 -0.00463 9
 -73.000   45.000 -0.00429 16
 -73.000   46.000 -0.00393 7
 -73.000   47.000 -0.00351 12
 -73.000   48.000 -0.00306 6
 -73.000   49.000 -0.00317 8
 -73.000   50.000 -0.00315 4
 -72.000   25.000 -0.00087 5
 -72.000   26.000  0.00009 3
 -72.000   27.000 -0.00020 8
 -72.000   28.000 -0.00011 8
 -72.000   29.000 -0.00086 15
 -72.000   30.000 -0.00166 13
 -72.000   31.000 -0.00336 18
 -72.000   32.000 -0.00316 14
 -72.000   33.000 -0.00303 18
 -72.000   34.000 -0.00164 12
 -72.000   35.000 -0.00070 14
 -72.000   36.000  0.00040 7
 -72.000   37.000 -0.00008 12
 -72.000   38.000 -0.00117 7
 -72.000   39.000 -0.00245 14
 -72.000   40.000 -0.00320 7
 -72.000   41.000 -0.00414 14
 -72.000   42.000 -0.00470 7
 -72.000   43.000 -0.00465 15
 -72.000   44.000 -0.00430 8
 -72.000   45.000 -0.00431 15
 -72.000   46.000 -0.00416 7
 -72.000   47.000 -0.00376 10
 -72.000   48.000 -0.00324 5
 -72.000   49.000 -0.00327 7
 -72.000   50.000 -0.00318 6
 -71.000   25.000  0.00171 4
 -71.000   26.000  0.00022 3
 -71.000   27.000 -0.00040 7
 -71.000   28.000 -0.00118 6
 -71.000   29.000 -0.00277 11
 -71.000   30.000 -0.00263 8
 -71.000   31.000 -0.00291 11
 -71.000   32.000 -0.00259 7
 -71.000   33.000 -0.00283 10
 -71.000   34.000 -0.00168 6
 -71.000   35.000 -0.00067 9
 -71.000   36.000  0.00038 5
 -71.000   37.000  0.00036 9
 -71.000   38.000 -0.00018 5
 -71.000   39.000 -0.00131 12
 -71.000   40.000 -0.00204 7
 -71.000   41.000 -0.00288 15
 -71.000   42.000 -0.00381 8
 -71.000   43.000 -0.00441 17
 -71.000   44.000 -0.00451 9
 -71.000   45.000 -0.00469 15
 -71.000   46.000 -0.00451 6
 -71.000   47.000 -0.00395 9
 -71.000   48.000 -0.00326 4
 -71.000   49.000 -0.00316 5
 -71.000   50.000 -0.00284 3
 -70.000   25.000 -0.00658 3
 -70.000   26.000 -0.00826 2
 -70.000   27.000 -0.00770 6
 -70.000   28.000 -0.00843 7
 -70.000   29.000 -0.01010 13
 -70.000   30.000 -0.00478 11
 -70.000   31.000 -0.00334 15
 -70.000   32.000 -0.00255 11
 -70.000   33.000 -0.00290 14
 -70.000   34.000 -0.00177 9
 -70.000   35.000 -0.00064 12
 -70.000   36.000  0.00036 7
 -70.000   37.000  0.00064 10
 -70.000   38.000  0.00080 5
 -70.000   39.000 -0.00021 9
 -70.000   40.000 -0.00101 4
 -70.000   41.000 -0.00199 9
 -70.000   42.000 -0.00355 5
 -70.000   43.000 -0.00530 10
 -70.000   44.000 -0.00551 5
 -70.000   45.000 -0.00538 9
 -70.000   46.000 -0.00477 4
 -70.000   47.000 -0.00367 4
 -70.000   48.000 -0.00249 1
 -70.000   49.000 -0.00245 1
 -70.000   50.000 -0.00220 2
 -69.000   25.000 -0.00648 1
 -69.000   26.000 -0.00843 1
 -69.000   27.000 -0.00831 3
 -69.000   28.000 -0.00954 3
 -69.000   29.000 -0.01197 6
 -69.000   30.000 -0.00652 5
 -69.000   31.000 -0.00439 7
 -69.000   32.000 -0.00296 5
 -69.000   33.000 -0.00279 5
 -69.000   34.000 -0.00111 3
 -69.000   35.000 -0.00007 3
 -69.000   36.000  0.00040 2
 -69.000   37.000  0.00087 3
 -69.000   38.000  0.00179 2
 -69.000   39.000  0.00107 4
 -69.000   40.000  0.00009 2
 -69.000   41.000 -0.00117 6
 -69.000   42.000 -0.00350 4
 -69.000   43.000 -0.00648 8
 -69.000   44.000 -0.00681 4
 -69.000   45.000 -0.00624 6
 -69.000   46.000 -0.00507 2
 -69.000   47.000 -0.00339 2
 -69.000   48.000 -0.00167 0
 -69.000   49.000 -0.00160 0
 -69.000   50.000 -0.00138 0
 -68.000   25.000 -0.00789 0
 -68.000   26.000 -0.01020 0
 -68.000   27.000 -0.01042 1
 -68.000   28.000 -0.01196 3
 -68.000   29.000 -0.01481 6
 -68.000   30.000 -0.00877 7
 -68.000   31.000 -0.00559 7
 -68.000   32.000 -0.00323 6
 -68.000   33.000 -0.00264 5
 -68.000   34.000 -0.00051 5
 -68.000   35.000  0.00047 4
 -68.000   36.000  0.00060 3
 -68.000   37.000  0.00112 4
 -68.000   38.000  0.00253 3
 -68.000   39.000  0.00239 4
 -68.000   40.000  0.00147 1
 -68.000   41.000  0.00025 2
 -68.000   42.000 -0.00208 1
 -68.000   43.000 -0.00529 2
 -68.000   44.000 -0.00594 1
 -68.000   45.000 -0.00524 1
 -68.000   46.000 -0.00400 0
 -68.000   47.000 -0.00240 0
 -68.000   48.000 -0.00084 0
 -68.000   49.000 -0.00071 0
 -68.000   50.000 -0.00049 0
 -67.000   25.000 -0.00858 0
 -67.000   26.000 -0.01036 0
 -67.000   27.000 -0.01185 0
 -67.000   28.000 -0.01469 1
 -67.000   29.000 -0.01846 2
 -67.000   30.000 -0.01249 3
 -67.000   31.000 -0.00933 2
 -67.000   32.000 -0.00557 2
 -67.000   33.000 -0.00345 1
 -67.000   34.000 -0.00013 2
 -67.000   35.000  0.00064 1
 -67.000   36.000  0.00069 1
 -67.000   37.000  0.00121 1
 -67.000   38.000  0.00265 1
 -67.000   39.000  0.00270 2
 -67.000   40.000  0.00182 1
 -67.000   41.000  0.00054 2
 -67.000   42.000 -0.00170 1
 -67.000   43.000 -0.00473 2
 -67.000   44.000 -0.00530 1
 -67.000   45.000 -0.00457 1
 -67.000   46.000 -0.00337 0
 -67.000   47.000 -0.00184 0
 -67.000   48.000 -0.00034 0
 -67.000   49.000 -0.00021 0
 -67.000   50.000  0.00000 0
 -66.000   25.000 -0.01154 0
 -66.000   26.000 -0.01117 0
 -66.000   27.000 -0.01285 0
 -66.000   28.000 -0.01583 1
 -66.000   29.000 -0.01978 2
 -66.000   30.000 -0.01359 3
 -66.000   31.000 -0.01123 2
 -66.000   32.000 -0.00693 2
 -66.000   33.000 -0.00381 1
 -66.000   34.000  0.00040 2
 -66.000   35.000  0.00105 1
 -66.000   36.000  0.00066 1
 -66.000   37.000  0.00088 1
 -66.000   38.000  0.00221 1
 -66.000   39.000  0.00255 2
 -66.000   40.000  0.00187 1
 -66.000   41.000  0.00072 1
 -66.000   42.000 -0.00152 0
 -66.000   43.000 -0.00461 0
 -66.000   44.000 -0.00521 0
 -66.000   45.000 -0.00445 0
 -66.000   46.000 -0.00326 0
 -66.000   47.000 -0.00163 0
 -66.000   48.000  0.00000 0
 -66.000   49.000  0.00000 0
 -66.000   50.000  0.00000 0
 -65.000   25.000  0.00000 0
 -65.000   26.000  0.00048 0
 -65.000   27.000 -0.00366 0
 -65.000   28.000 -0.00781 0
 -65.000   29.000 -0.01304 1
 -65.000   30.000 -0.01357 1
 -65.000   31.000 -0.01307 1
 -65.000   32.000 -0.00849 0
 -65.000   33.000 -0.00416 0
 -65.000   34.000  0.00124 0
 -65.000   35.000  0.00162 0
 -65.000   36.000  0.00057 0
 -65.000   37.000  0.00061 0
 -65.000   38.000  0.00174 0
 -65.000   39.000  0.00229 0
 -65.000   40.000  0.00194 0
 -65.000   41.000  0.00130 0
 -65.000   42.000 -0.00036 0
 -65.000   43.000 -0.00275 0
 -65.000   44.000 -0.00348 0
 -65.000   45.000 -0.00297 0
 -65.000   46.000 -0.00217 0
 -65.000   47.000 -0.00109 0
 -65.000   48.000  0.00000 0
 -65.000   49.000  0.00000 0
 -65.000   50.000  0.00000 0
