-130.000   25.000 -0.03832 17
-130.000   26.000 -0.04245 19
-130.000   27.000 -0.04444 20
-130.000   28.000 -0.05147 17
-130.000   29.000 -0.05481 17
-130.000   30.000 -0.05783 14
-130.000   31.000 -0.05463 16
-130.000   32.000 -0.05176 13
-130.000   33.000 -0.04477 16
-130.000   34.000 -0.04092 12
-130.000   35.000 -0.03586 15
-130.000   36.000 -0.03603 10
-130.000   37.000 -0.03682 13
-130.000   38.000 -0.03874 11
-130.000   39.000 -0.03958 13
-130.000   40.000 -0.04042 10
-130.000   41.000 -0.04028 10
-130.000   42.000 -0.04105 8
-130.000   43.000 -0.04327 10
-130.000   44.000 -0.04427 8
-130.000   45.000 -0.04649 12
-130.000   46.000 -0.04322 10
-130.000   47.000 -0.04360 15
-130.000   48.000 -0.03990 12
-130.000   49.000 -0.03875 17
-130.000   50.000 -0.03539 13
-129.000   25.000 -0.04350 14
-129.000   26.000 -0.04516 16
-129.000   27.000 -0.04543 17
-129.000   28.000 -0.04836 14
-129.000   29.000 -0.04913 14
-129.000   30.000 -0.05164 11
-129.000   31.000 -0.04963 13
-129.000   32.000 -0.04841 10
-129.000   33.000 -0.04427 13
-129.000   34.000 -0.04203 9
-129.000   35.000 -0.03820 14
-129.000   36.000 -0.03827 9
-129.000   37.000 -0.03870 15
-129.000   38.000 -0.03995 11
-129.000   39.000 -0.04008 17
-129.000   40.000 -0.04061 12
-129.000   41.000 -0.04041 16
-129.000   42.000 -0.04072 12
-129.000   43.000 -0.04189 17
-129.000   44.000 -0.04057 13
-129.000   45.000 -0.04066 18
-129.000   46.000 -0.03639 14
-129.000   47.000 -0.03764 17
-129.000   48.000 -0.03630 13
-129.000   49.000 -0.03727 16
-129.000   50.000 -0.03666 14
-128.000   25.000 -0.04445 22
-128.000   26.000 -0.04409 22
-128.000   27.000 -0.04401 23
-128.000   28.000 -0.04494 19
-128.000   29.000 -0.04549 20
-128.000   30.000 -0.04813 17
-128.000   31.000 -0.04800 19
-128.000   32.000 -0.04781 17
-128.000   33.000 -0.04514 20
-128.000   34.000 -0.04244 16
-128.000   35.000 -0.03840 19
-128.000   36.000 -0.03750 13
-128.000   37.000 -0.03775 15
-128.000   38.000 -0.03918 13
-128.000   39.000 -0.04045 16
-128.000   40.000 -0.04175 14
-128.000   41.000 -0.04217 13
-128.000   42.000 -0.04196 11
-128.000   43.000 -0.04236 13
-128.000   44.000 -0.03941 11
-128.000   45.000 -0.03839 16
-128.000   46.000 -0.03457 15
-128.000   47.000 -0.03694 19
-128.000   48.000 -0.03747 16
-128.000   49.000 -0.04007 19
-128.000   50.000 -0.04150 17
-127.000   25.000 -0.04535 14
-127.000   26.000 -0.04263 15
-127.000   27.000 -0.04157 15
-127.000   28.000 -0.03968 11
-127.000   29.000 -0.03957 12
-127.000   30.000 -0.04213 9
-127.000   31.000 -0.04396 12
-127.000   32.000 -0.04528 10
-127.000   33.000 -0.04501 13
-127.000   34.000 -0.04238 10
-127.000   35.000 -0.03865 15
-127.000   36.000 -0.03712 11
-127.000   37.000 -0.03743 15
-127.000   38.000 -0.03931 10
-127.000   39.000 -0.04184 16
-127.000   40.000 -0.04386 12
-127.000   41.000 -0.04464 15
-127.000   42.000 -0.04370 10
-127.000   43.000 -0.04258 15
-127.000   44.000 -0.03805 12
-127.000   45.000 -0.03546 17
-127.000   46.000 -0.03291 14
-127.000   47.000 -0.03677 16
-127.000   48.000 -0.03995 13
-127.000   49.000 -0.04426 14
-127.000   50.000 -0.04838 13
-126.000   25.000 -0.04653 21
-126.000   26.000 -0.04230 22
-126.000   27.000 -0.04099 22
-126.000   28.000 -0.03745 18
-126.000   29.000 -0.03715 19
-126.000   30.000 -0.03932 16
-126.000   31.000 -0.04242 18
-126.000   32.000 -0.04366 16
-126.000   33.000 -0.04386 19
-126.000   34.000 -0.03999 15
-126.000   35.000 -0.03625 18
-126.000   36.000 -0.03374 14
-126.000   37.000 -0.03447 17
-126.000   38.000 -0.03632 14
-126.000   39.000 -0.04017 16
-126.000   40.000 -0.04247 14
-126.000   41.000 -0.04455 13
-126.000   42.000 -0.04393 11
-126.000   43.000 -0.04367 12
-126.000   44.000 -0.03923 11
-126.000   45.000 -0.03666 14
-126.000   46.000 -0.03425 14
-126.000   47.000 -0.03847 18
-126.000   48.000 -0.04213 17
-126.000   49.000 -0.04700 19
-126.000   50.000 -0.05209 17
-125.000   25.000 -0.04431 14
-125.000   26.000 -0.04096 17
-125.000   27.000 -0.03956 18
-125.000   28.000 -0.03668 14
-125.000   29.000 -0.03621 15
-125.000   30.000 -0.03775 11
-125.000   31.000 -0.03973 14
-125.000   32.000 -0.03974 10
-125.000   33.000 -0.03892 14
-125.000   34.000 -0.03475 9
-125.000   35.000 -0.03173 14
-125.000   36.000 -0.02973 10
-125.000   37.000 -0.03148 17
-125.000   38.000 -0.03295 12
-125.000   39.000 -0.03711 17
-125.000   40.000 -0.03870 12
-125.000   41.000 -0.04138 15
-125.000   42.000 -0.04140 10
-125.000   43.000 -0.04250 14
-125.000   44.000 -0.04034 12
-125.000   45.000 -0.03949 16
-125.000   46.000 -0.03821 13
-125.000   47.000 -0.04244 15
-125.000   48.000 -0.04561 13
-125.000   49.000 -0.04944 14
-125.000   50.000 -0.05366 13
-124.000   25.000 -0.04237 20
-124.000   26.000 -0.03984 23
-124.000   27.000 -0.03891 23
-124.000   28.000 -0.03696 20
-124.000   29.000 -0.03691 20
-124.000   30.000 -0.03726 18
-124.000   31.000 -0.03832 19
-124.000   32.000 -0.03756 17
-124.000   33.000 -0.03627 19
-124.000   34.000 -0.03224 16
-124.000   35.000 -0.02953 17
-124.000   36.000 -0.02737 14
-124.000   37.000 -0.02890 16
-124.000   38.000 -0.02918 14
-124.000   39.000 -0.03187 15
-124.000   40.000 -0.03238 14
-124.000   41.000 -0.03562 13
-124.000   42.000 -0.03697 12
-124.000   43.000 -0.04044 12
-124.000   44.000 -0.04186 12
-124.000   45.000 -0.04410 13
-124.000   46.000 -0.04356 12
-124.000   47.000 -0.04616 15
-124.000   48.000 -0.04650 16
-124.000   49.000 -0.04823 19
-124.000   50.000 -0.04951 19
-123.000   25.000 -0.04362 14
-123.000   26.000 -0.04138 16
-123.000   27.000 -0.03974 17
-123.000   28.000 -0.03648 13
-123.000   29.000 -0.03470 15
-123.000   30.000 -0.03296 12
-123.000   31.000 -0.03255 15
-123.000   32.000 -0.03230 12
-123.000   33.000 -0.03277 16
-123.000   34.000 -0.03188 13
-123.000   35.000 -0.03111 17
-123.000   36.000 -0.02976 12
-123.000   37.000 -0.03041 15
-123.000   38.000 -0.02934 10
-123.000   39.000 -0.02897 15
-123.000   40.000 -0.02814 12
-123.000   41.000 -0.03091 14
-123.000   42.000 -0.03325 9
-123.000   43.000 -0.03797 13
-123.000   44.000 -0.04223 11
-123.000   45.000 -0.04666 14
-123.000   46.000 -0.04645 10
-123.000   47.000 -0.04732 13
-123.000   48.000 -0.04513 13
-123.000   49.000 -0.04453 16
-123.000   50.000 -0.04292 16
-122.000   25.000 -0.04440 20
-122.000   26.000 -0.04253 23
-122.000   27.000 -0.04098 21
-122.000   28.000 -0.03753 19
-122.000   29.000 -0.03506 18
-122.000   30.000 -0.03206 18
-122.000   31.000 -0.03099 18
-122.000   32.000 -0.03084 18
-122.000   33.000 -0.03221 18
-122.000   34.000 -0.03272 18
-122.000   35.000 -0.03204 16
-122.000   36.000 -0.03093 13
-122.000   37.000 -0.03130 10
-122.000   38.000 -0.03046 9
-122.000   39.000 -0.02898 11
-122.000   40.000 -0.02935 12
-122.000   41.000 -0.03171 12
-122.000   42.000 -0.03413 10
-122.000   43.000 -0.03796 11
-122.000   44.000 -0.04244 10
-122.000   45.000 -0.04652 11
-122.000   46.000 -0.04492 10
-122.000   47.000 -0.04359 13
-122.000   48.000 -0.03898 16
-122.000   49.000 -0.03696 19
-122.000   50.000 -0.03277 21
-121.000   25.000 -0.04125 14
-121.000   26.000 -0.04041 16
-121.000   27.000 -0.03972 16
-121.000   28.000 -0.03729 13
-121.000   29.000 -0.03586 15
-121.000   30.000 -0.03333 12
-121.000   31.000 -0.03230 15
-121.000   32.000 -0.03218 12
-121.000   33.000 -0.03403 16
-121.000   34.000 -0.03472 13
-121.000   35.000 -0.03353 16
-121.000   36.000 -0.03272 10
-121.000   37.000 -0.03295 13
-121.000   38.000 -0.03391 8
-121.000   39.000 -0.03329 14
-121.000   40.000 -0.03594 10
-121.000   41.000 -0.03762 14
-121.000   42.000 -0.03955 8
-121.000   43.000 -0.04067 13
-121.000   44.000 -0.04437 9
-121.000   45.000 -0.04630 13
-121.000   46.000 -0.04476 9
-121.000   47.000 -0.04288 13
-121.000   48.000 -0.03843 12
-121.000   49.000 -0.03588 15
-121.000   50.000 -0.03120 15
-120.000   25.000 -0.04192 20
-120.000   26.000 -0.04028 23
-120.000   27.000 -0.03957 21
-120.000   28.000 -0.03578 20
-120.000   29.000 -0.03389 20
-120.000   30.000 -0.03083 18
-120.000   31.000 -0.03123 17
-120.000   32.000 -0.03255 15
-120.000   33.000 -0.03656 15
-120.000   34.000 -0.03800 15
-120.000   35.000 -0.03685 13
-120.000   36.000 -0.03603 11
-120.000   37.000 -0.03586 10
-120.000   38.000 -0.03925 10
-120.000   39.000 -0.03979 11
-120.000   40.000 -0.04472 11
-120.000   41.000 -0.04534 12
-120.000   42.000 -0.04744 10
-120.000   43.000 -0.04587 11
-120.000   44.000 -0.04905 9
-120.000   45.000 -0.04869 11
-120.000   46.000 -0.04779 10
-120.000   47.000 -0.04386 12
-120.000   48.000 -0.03851 14
-120.000   49.000 -0.03480 15
-120.000   50.000 -0.03003 18
-119.000   25.000 -0.04388 13
-119.000   26.000 -0.04272 14
-119.000   27.000 -0.04188 15
-119.000   28.000 -0.03754 13
-119.000   29.000 -0.03505 17
-119.000   30.000 -0.03166 12
-119.000   31.000 -0.03244 14
-119.000   32.000 -0.03428 9
-119.000   33.000 -0.03975 14
-119.000   34.000 -0.04205 11
-119.000   35.000 -0.04194 15
-119.000   36.000 -0.04163 10
-119.000   37.000 -0.04111 15
-119.000   38.000 -0.04501 11
-119.000   39.000 -0.04594 15
-119.000   40.000 -0.05105 10
-119.000   41.000 -0.05058 13
-119.000   42.000 -0.05395 8
-119.000   43.000 -0.05193 12
-119.000   44.000 -0.05568 8
-119.000   45.000 -0.05408 12
-119.000   46.000 -0.05384 8
-119.000   47.000 -0.04791 13
-119.000   48.000 -0.04191 11
-119.000   49.000 -0.03667 14
-119.000   50.000 -0.03245 12
-118.000   25.000 -0.04389 19
-118.000   26.000 -0.04338 23
-118.000   27.000 -0.04291 22
-118.000   28.000 -0.03954 21
-118.000   29.000 -0.03752 21
-118.000   30.000 -0.03464 19
-118.000   31.000 -0.03614 18
-118.000   32.000 -0.03779 17
-118.000   33.000 -0.04298 16
-118.000   34.000 -0.04482 16
-118.000   35.000 -0.04454 13
-118.000   36.000 -0.04428 12
-118.000   37.000 -0.04382 11
-118.000   38.000 -0.04816 12
-118.000   39.000 -0.04990 13
-118.000   40.000 -0.05538 11
-118.000   41.000 -0.05472 13
-118.000   42.000 -0.06065 10
-118.000   43.000 -0.05955 13
-118.000   44.000 -0.06499 9
-118.000   45.000 -0.06293 11
-118.000   46.000 -0.06298 10
-118.000   47.000 -0.05449 13
-118.000   48.000 -0.04683 15
-118.000   49.000 -0.03985 16
-118.000   50.000 -0.03556 17
-117.000   25.000 -0.04297 12
-117.000   26.000 -0.04269 15
-117.000   27.000 -0.04262 17
-117.000   28.000 -0.03957 14
-117.000   29.000 -0.03845 16
-117.000   30.000 -0.03664 13
-117.000   31.000 -0.03955 16
-117.000   32.000 -0.04195 14
-117.000   33.000 -0.04790 17
-117.000   34.000 -0.05046 14
-117.000   35.000 -0.05087 16
-117.000   36.000 -0.04968 11
-117.000   37.000 -0.04752 14
-117.000   38.000 -0.04919 10
-117.000   39.000 -0.04910 16
-117.000   40.000 -0.05262 10
-117.000   41.000 -0.05276 15
-117.000   42.000 -0.06148 8
-117.000   43.000 -0.06347 14
-117.000   44.000 -0.07063 8
-117.000   45.000 -0.06942 12
-117.000   46.000 -0.06916 8
-117.000   47.000 -0.05944 13
-117.000   48.000 -0.05074 11
-117.000   49.000 -0.04314 15
-117.000   50.000 -0.03918 12
-116.000   25.000 -0.04478 18
-116.000   26.000 -0.04353 23
-116.000   27.000 -0.04284 22
-116.000   28.000 -0.03892 22
-116.000   29.000 -0.03718 20
-116.000   30.000 -0.03537 21
-116.000   31.000 -0.03934 20
-116.000   32.000 -0.04362 22
-116.000   33.000 -0.05107 20
-116.000   34.000 -0.05564 21
-116.000   35.000 -0.05716 16
-116.000   36.000 -0.05580 14
-116.000   37.000 -0.05188 12
-116.000   38.000 -0.05059 13
-116.000   39.000 -0.04761 17
-116.000   40.000 -0.04871 13
-116.000   41.000 -0.04905 16
-116.000   42.000 -0.05952 9
-116.000   43.000 -0.06423 14
-116.000   44.000 -0.07239 9
-116.000   45.000 -0.07276 13
-116.000   46.000 -0.07169 11
-116.000   47.000 -0.06054 14
-116.000   48.000 -0.04997 15
-116.000   49.000 -0.04195 17
-116.000   50.000 -0.03736 18
-115.000   25.000 -0.04008 12
-115.000   26.000 -0.03934 14
-115.000   27.000 -0.03922 15
-115.000   28.000 -0.03752 13
-115.000   29.000 -0.03780 15
-115.000   30.000 -0.03810 14
-115.000   31.000 -0.04307 16
-115.000   32.000 -0.04873 14
-115.000   33.000 -0.05608 18
-115.000   34.000 -0.06111 16
-115.000   35.000 -0.06246 18
-115.000   36.000 -0.06038 12
-115.000   37.000 -0.05442 16
-115.000   38.000 -0.04926 12
-115.000   39.000 -0.04356 19
-115.000   40.000 -0.04240 12
-115.000   41.000 -0.04347 16
-115.000   42.000 -0.05406 7
-115.000   43.000 -0.06096 12
-115.000   44.000 -0.06821 7
-115.000   45.000 -0.06937 13
-115.000   46.000 -0.06650 10
-115.000   47.000 -0.05579 15
-115.000   48.000 -0.04472 13
-115.000   49.000 -0.03792 16
-115.000   50.000 -0.03291 14
-114.000   25.000 -0.03298 16
-114.000   26.000 -0.03269 20
-114.000   27.000 -0.03394 16
-114.000   28.000 -0.03520 20
-114.000   29.000 -0.03834 18
-114.000   30.000 -0.04120 22
-114.000   31.000 -0.04689 22
-114.000   32.000 -0.05214 23
-114.000   33.000 -0.05709 24
-114.000   34.000 -0.06025 22
-114.000   35.000 -0.06007 23
-114.000   36.000 -0.05782 19
-114.000   37.000 -0.05251 22
-114.000   38.000 -0.04795 18
-114.000   39.000 -0.04359 22
-114.000   40.000 -0.04326 16
-114.000   41.000 -0.04516 19
-114.000   42.000 -0.05369 12
-114.000   43.000 -0.05964 17
-114.000   44.000 -0.06440 12
-114.000   45.000 -0.06459 18
-114.000   46.000 -0.06024 13
-114.000   47.000 -0.05105 19
-114.000   48.000 -0.04039 16
-114.000   49.000 -0.03488 21
-114.000   50.000 -0.02953 19
-113.000   25.000 -0.02834 10
-113.000   26.000 -0.02897 12
-113.000   27.000 -0.03125 12
-113.000   28.000 -0.03472 12
-113.000   29.000 -0.03940 14
-113.000   30.000 -0.04363 14
-113.000   31.000 -0.04866 18
-113.000   32.000 -0.05260 15
-113.000   33.000 -0.05528 20
-113.000   34.000 -0.05707 14
-113.000   35.000 -0.05676 21
-113.000   36.000 -0.05500 15
-113.000   37.000 -0.05086 22
-113.000   38.000 -0.04641 14
-113.000   39.000 -0.04278 19
-113.000   40.000 -0.04222 12
-113.000   41.000 -0.04408 16
-113.000   42.000 -0.04965 10
-113.000   43.000 -0.05450 15
-113.000   44.000 -0.05699 10
-113.000   45.000 -0.05589 15
-113.000   46.000 -0.04966 10
-113.000   47.000 -0.04182 16
-113.000   48.000 -0.03169 12
-113.000   49.000 -0.02690 17
-113.000   50.000 -0.02120 14
-112.000   25.000 -0.02751 16
-112.000   26.000 -0.02925 21
-112.000   27.000 -0.03182 16
-112.000   28.000 -0.03677 21
-112.000   29.000 -0.04147 18
-112.000   30.000 -0.04580 22
-112.000   31.000 -0.04880 23
-112.000   32.000 -0.05074 24
-112.000   33.000 -0.05076 27
-112.000   34.000 -0.05134 23
-112.000   35.000 -0.05130 28
-112.000   36.000 -0.05126 23
-112.000   37.000 -0.04940 29
-112.000   38.000 -0.04652 22
-112.000   39.000 -0.04407 24
-112.000   40.000 -0.04277 18
-112.000   41.000 -0.04335 20
-112.000   42.000 -0.04582 16
-112.000   43.000 -0.04908 20
-112.000   44.000 -0.04975 15
-112.000   45.000 -0.04793 20
-112.000   46.000 -0.04074 12
-112.000   47.000 -0.03378 19
-112.000   48.000 -0.02427 12
-112.000   49.000 -0.01969 20
-112.000   50.000 -0.01394 15
-111.000   25.000 -0.02912 12
-111.000   26.000 -0.03120 15
-111.000   27.000 -0.03370 15
-111.000   28.000 -0.03893 14
-111.000   29.000 -0.04278 16
-111.000   30.000 -0.04642 15
-111.000   31.000 -0.04765 18
-111.000   32.000 -0.04788 15
-111.000   33.000 -0.04656 20
-111.000   34.000 -0.04697 16
-111.000   35.000 -0.04768 21
-111.000   36.000 -0.04881 15
-111.000   37.000 -0.04840 21
-111.000   38.000 -0.04596 15
-111.000   39.000 -0.04332 19
-111.000   40.000 -0.04083 13
-111.000   41.000 -0.03984 15
-111.000   42.000 -0.03988 10
-111.000   43.000 -0.04184 13
-111.000   44.000 -0.04127 9
-111.000   45.000 -0.03886 14
-111.000   46.000 -0.03147 9
-111.000   47.000 -0.02519 14
-111.000   48.000 -0.01648 9
-111.000   49.000 -0.01206 14
-111.000   50.000 -0.00658 11
-110.000   25.000 -0.03319 18
-110.000   26.000 -0.03453 23
-110.000   27.000 -0.03672 18
-110.000   28.000 -0.04058 21
-110.000   29.000 -0.04336 18
-110.000   30.000 -0.04596 22
-110.000   31.000 -0.04628 22
-110.000   32.000 -0.04511 24
-110.000   33.000 -0.04306 27
-110.000   34.000 -0.04277 25
-110.000   35.000 -0.04346 29
-110.000   36.000 -0.04475 24
-110.000   37.000 -0.04550 29
-110.000   38.000 -0.04434 22
-110.000   39.000 -0.04258 24
-110.000   40.000 -0.03991 19
-110.000   41.000 -0.03791 21
-110.000   42.000 -0.03591 18
-110.000   43.000 -0.03599 21
-110.000   44.000 -0.03426 17
-110.000   45.000 -0.03132 22
-110.000   46.000 -0.02480 15
-110.000   47.000 -0.01957 21
-110.000   48.000 -0.01262 12
-110.000   49.000 -0.00849 19
-110.000   50.000 -0.00417 13
-109.000   25.000 -0.03674 12
-109.000   26.000 -0.03703 14
-109.000   27.000 -0.03893 14
-109.000   28.000 -0.04185 13
-109.000   29.000 -0.04386 16
-109.000   30.000 -0.04550 15
-109.000   31.000 -0.04527 19
-109.000   32.000 -0.04322 16
-109.000   33.000 -0.04040 20
-109.000   34.000 -0.03969 15
-109.000   35.000 -0.04030 20
-109.000   36.000 -0.04169 15
-109.000   37.000 -0.04270 20
-109.000   38.000 -0.04188 13
-109.000   39.000 -0.04000 17
-109.000   40.000 -0.03684 12
-109.000   41.000 -0.03392 15
-109.000   42.000 -0.03061 11
-109.000   43.000 -0.02942 14
-109.000   44.000 -0.02673 11
-109.000   45.000 -0.02375 15
-109.000   46.000 -0.01829 11
-109.000   47.000 -0.01402 15
-109.000   48.000 -0.00853 10
-109.000   49.000 -0.00520 14
-109.000   50.000 -0.00186 11
-108.000   25.000 -0.04088 18
-108.000   26.000 -0.04041 22
-108.000   27.000 -0.04191 19
-108.000   28.000 -0.04426 22
-108.000   29.000 -0.04589 21
-108.000   30.000 -0.04675 23
-108.000   31.000 -0.04606 24
-108.000   32.000 -0.04360 25
-108.000   33.000 -0.03995 27
-108.000   34.000 -0.03827 24
-108.000   35.000 -0.03796 28
-108.000   36.000 -0.03896 24
-108.000   37.000 -0.03981 29
-108.000   38.000 -0.03936 22
-108.000   39.000 -0.03764 26
-108.000   40.000 -0.03420 21
-108.000   41.000 -0.03077 24
-108.000   42.000 -0.02632 20
-108.000   43.000 -0.02377 23
-108.000   44.000 -0.01979 19
-108.000   45.000 -0.01696 22
-108.000   46.000 -0.01260 17
-108.000   47.000 -0.00936 22
-108.000   48.000 -0.00553 15
-108.000   49.000 -0.00346 20
-108.000   50.000 -0.00124 14
-107.000   25.000 -0.04598 12
-107.000   26.000 -0.04452 14
-107.000   27.000 -0.04586 14
-107.000   28.000 -0.04779 15
-107.000   29.000 -0.04897 20
-107.000   30.000 -0.04879 17
-107.000   31.000 -0.04729 22
-107.000   32.000 -0.04335 17
-107.000   33.000 -0.03792 22
-107.000   34.000 -0.03481 16
-107.000   35.000 -0.03358 21
-107.000   36.000 -0.03430 15
-107.000   37.000 -0.03526 21
-107.000   38.000 -0.03531 15
-107.000   39.000 -0.03375 21
-107.000   40.000 -0.03057 15
-107.000   41.000 -0.02707 18
-107.000   42.000 -0.02248 12
-107.000   43.000 -0.01932 16
-107.000   44.000 -0.01517 12
-107.000   45.000 -0.01269 15
-107.000   46.000 -0.00941 10
-107.000   47.000 -0.00675 14
-107.000   48.000 -0.00371 10
-107.000   49.000 -0.00229 14
-107.000   50.000 -0.00043 11
-106.000   25.000 -0.04977 18
-106.000   26.000 -0.04787 23
-106.000   27.000 -0.04892 21
-106.000   28.000 -0.04994 24
-106.000   29.000 -0.05053 26
-106.000   30.000 -0.04951 26
-106.000   31.000 -0.04737 28
-106.000   32.000 -0.04251 26
-106.000   33.000 -0.03606 28
-106.000   34.000 -0.03142 24
-106.000   35.000 -0.02885 28
-106.000   36.000 -0.02840 24
-106.000   37.000 -0.02885 30
-106.000   38.000 -0.02917 25
-106.000   39.000 -0.02834 30
-106.000   40.000 -0.02612 24
-106.000   41.000 -0.02329 26
-106.000   42.000 -0.01898 20
-106.000   43.000 -0.01543 24
-106.000   44.000 -0.01113 19
-106.000   45.000 -0.00860 23
-106.000   46.000 -0.00584 17
-106.000   47.000 -0.00368 22
-106.000   48.000 -0.00156 18
-106.000   49.000 -0.00069 23
-106.000   50.000  0.00078 19
-105.000   25.000 -0.05254 12
-105.000   26.000 -0.05073 16
-105.000   27.000 -0.05220 14
-105.000   28.000 -0.05332 15
-105.000   29.000 -0.05406 20
-105.000   30.000 -0.05272 18
-105.000   31.000 -0.04971 24
-105.000   32.000 -0.04273 18
-105.000   33.000 -0.03410 23
-105.000   34.000 -0.02679 16
-105.000   35.000 -0.02207 21
-105.000   36.000 -0.02021 15
-105.000   37.000 -0.02014 21
-105.000   38.000 -0.02078 16
-105.000   39.000 -0.02077 21
-105.000   40.000 -0.02008 15
-105.000   41.000 -0.01819 17
-105.000   42.000 -0.01475 11
-105.000   43.000 -0.01152 16
-105.000   44.000 -0.00757 12
-105.000   45.000 -0.00520 16
-105.000   46.000 -0.00288 10
-105.000   47.000 -0.00138 14
-105.000   48.000  0.00035 12
-105.000   49.000  0.00080 16
-105.000   50.000  0.00238 15
-104.000   25.000 -0.05347 18
-104.000   26.000 -0.05195 24
-104.000   27.000 -0.05290 21
-104.000   28.000 -0.05325 24
-104.000   29.000 -0.05320 25
-104.000   30.000 -0.05123 26
-104.000   31.000 -0.04754 28
-104.000   32.000 -0.04003 26
-104.000   33.000 -0.03137 28
-104.000   34.000 -0.02319 25
-104.000   35.000 -0.01753 28
-104.000   36.000 -0.01450 25
-104.000   37.000 -0.01369 30
-104.000   38.000 -0.01392 27
-104.000   39.000 -0.01385 30
-104.000   40.000 -0.01377 24
-104.000   41.000 -0.01235 25
-104.000   42.000 -0.00975 19
-104.000   43.000 -0.00690 23
-104.000   44.000 -0.00369 19
-104.000   45.000 -0.00158 24
-104.000   46.000  0.00033 19
-104.000   47.000  0.00135 23
-104.000   48.000  0.00253 22
-104.000   49.000  0.00273 26
-104.000   50.000  0.00416 24
-103.000   25.000 -0.05168 12
-103.000   26.000 -0.05020 16
-103.000   27.000 -0.05121 13
-103.000   28.000 -0.05153 16
-103.000   29.000 -0.05178 18
-103.000   30.000 -0.05049 17
-103.000   31.000 -0.04700 21
-103.000   32.000 -0.03861 17
-103.000   33.000 -0.02894 23
-103.000   34.000 -0.01878 18
-103.000   35.000 -0.01163 23
-103.000   36.000 -0.00753 17
-103.000   37.000 -0.00659 22
-103.000   38.000 -0.00706 17
-103.000   39.000 -0.00749 21
-103.000   40.000 -0.00813 15
-103.000   41.000 -0.00699 17
-103.000   42.000 -0.00499 11
-103.000   43.000 -0.00244 16
-103.000   44.000  0.00009 13
-103.000   45.000  0.00165 17
-103.000   46.000  0.00266 12
-103.000   47.000  0.00287 15
-103.000   48.000  0.00340 13
-103.000   49.000  0.00314 16
-103.000   50.000  0.00423 14
-102.000   25.000 -0.04696 18
-102.000   26.000 -0.04568 23
-102.000   27.000 -0.04619 20
-102.000   28.000 -0.04579 25
-102.000   29.000 -0.04546 25
-102.000   30.000 -0.04414 26
-102.000   31.000 -0.04070 26
-102.000   32.000 -0.03288 25
-102.000   33.000 -0.02414 28
-102.000   34.000 -0.01426 27
-102.000   35.000 -0.00720 30
-102.000   36.000 -0.00268 27
-102.000   37.000 -0.00131 30
-102.000   38.000 -0.00137 27
-102.000   39.000 -0.00160 29
-102.000   40.000 -0.00234 25
-102.000   41.000 -0.00139 27
-102.000   42.000  0.00009 21
-102.000   43.000  0.00229 24
-102.000   44.000  0.00424 20
-102.000   45.000  0.00537 26
-102.000   46.000  0.00580 22
-102.000   47.000  0.00537 25
-102.000   48.000  0.00511 23
-102.000   49.000  0.00445 26
-102.000   50.000  0.00498 24
-101.000   25.000 -0.04235 12
-101.000   26.000 -0.04103 16
-101.000   27.000 -0.04135 13
-101.000   28.000 -0.04074 17
-101.000   29.000 -0.04068 19
-101.000   30.000 -0.04000 18
-101.000   31.000 -0.03702 21
-101.000   32.000 -0.02915 17
-101.000   33.000 -0.02016 23
-101.000   34.000 -0.00933 18
-101.000   35.000 -0.00144 24
-101.000   36.000  0.00347 18
-101.000   37.000  0.00437 23
-101.000   38.000  0.00344 17
-101.000   39.000  0.00215 21
-101.000   40.000  0.00070 16
-101.000   41.000  0.00141 19
-101.000   42.000  0.00282 13
-101.000   43.000  0.00516 17
-101.000   44.000  0.00705 13
-101.000   45.000  0.00790 18
-101.000   46.000  0.00773 13
-101.000   47.000  0.00668 16
-101.000   48.000  0.00582 13
-101.000   49.000  0.00489 16
-101.000   50.000  0.00503 14
-100.000   25.000 -0.03817 18
-100.000   26.000 -0.03626 23
-100.000   27.000 -0.03544 20
-100.000   28.000 -0.03333 25
-100.000   29.000 -0.03201 26
-100.000   30.000 -0.03051 27
-100.000   31.000 -0.02769 28
-100.000   32.000 -0.02106 26
-100.000   33.000 -0.01387 29
-100.000   34.000 -0.00472 27
-100.000   35.000  0.00183 29
-100.000   36.000  0.00629 26
-100.000   37.000  0.00681 29
-100.000   38.000  0.00591 27
-100.000   39.000  0.00468 29
-100.000   40.000  0.00356 24
-100.000   41.000  0.00416 26
-100.000   42.000  0.00526 21
-100.000   43.000  0.00738 26
-100.000   44.000  0.00848 21
-100.000   45.000  0.00888 26
-100.000   46.000  0.00801 21
-100.000   47.000  0.00684 26
-100.000   48.000  0.00538 24
-100.000   49.000  0.00462 27
-100.000   50.000  0.00420 25
 -99.000   25.000 -0.03555 12
 -99.000   26.000 -0.03303 16
 -99.000   27.000 -0.03146 13
 -99.000   28.000 -0.02842 17
 -99.000   29.000 -0.02721 18
 -99.000   30.000 -0.02585 18
 -99.000   31.000 -0.02390 21
 -99.000   32.000 -0.01794 18
 -99.000   33.000 -0.01121 23
 -99.000   34.000 -0.00141 18
 -99.000   35.000  0.00589 23
 -99.000   36.000  0.01111 17
 -99.000   37.000  0.01133 23
 -99.000   38.000  0.00970 18
 -99.000   39.000  0.00704 23
 -99.000   40.000  0.00485 15
 -99.000   41.000  0.00467 17
 -99.000   42.000  0.00564 11
 -99.000   43.000  0.00767 18
 -99.000   44.000  0.00849 14
 -99.000   45.000  0.00886 17
 -99.000   46.000  0.00734 11
 -99.000   47.000  0.00584 16
 -99.000   48.000  0.00389 14
 -99.000   49.000  0.00335 17
 -99.000   50.000  0.00263 14
 -98.000   25.000 -0.03338 17
 -98.000   26.000 -0.03065 22
 -98.000   27.000 -0.02843 19
 -98.000   28.000 -0.02431 23
 -98.000   29.000 -0.02245 23
 -98.000   30.000 -0.02019 25
 -98.000   31.000 -0.01825 27
 -98.000   32.000 -0.01308 27
 -98.000   33.000 -0.00758 29
 -98.000   34.000  0.00115 27
 -98.000   35.000  0.00802 29
 -98.000   36.000  0.01346 26
 -98.000   37.000  0.01407 29
 -98.000   38.000  0.01266 27
 -98.000   39.000  0.00988 30
 -98.000   40.000  0.00725 24
 -98.000   41.000  0.00636 25
 -98.000   42.000  0.00674 19
 -98.000   43.000  0.00821 25
 -98.000   44.000  0.00852 20
 -98.000   45.000  0.00893 24
 -98.000   46.000  0.00738 20
 -98.000   47.000  0.00606 26
 -98.000   48.000  0.00388 25
 -98.000   49.000  0.00366 27
 -98.000   50.000  0.00276 24
 -97.000   25.000 -0.03212 11
 -97.000   26.000 -0.02936 15
 -97.000   27.000 -0.02735 12
 -97.000   28.000 -0.02330 15
 -97.000   29.000 -0.02256 15
 -97.000   30.000 -0.02106 16
 -97.000   31.000 -0.02000 19
 -97.000   32.000 -0.01484 19
 -97.000   33.000 -0.00879 22
 -97.000   34.000  0.00138 18
 -97.000   35.000  0.00978 23
 -97.000   36.000  0.01626 18
 -97.000   37.000  0.01705 24
 -97.000   38.000  0.01491 18
 -97.000   39.000  0.01103 24
 -97.000   40.000  0.00738 17
 -97.000   41.000  0.00599 19
 -97.000   42.000  0.00643 11
 -97.000   43.000  0.00789 16
 -97.000   44.000  0.00829 12
 -97.000   45.000  0.00888 16
 -97.000   46.000  0.00738 12
 -97.000   47.000  0.00605 16
 -97.000   48.000  0.00380 14
 -97.000   49.000  0.00381 16
 -97.000   50.000  0.00301 14
 -96.000   25.000 -0.03069 15
 -96.000   26.000 -0.02775 20
 -96.000   27.000 -0.02587 17
 -96.000   28.000 -0.02155 20
 -96.000   29.000 -0.02113 20
 -96.000   30.000 -0.01981 23
 -96.000   31.000 -0.01930 26
 -96.000   32.000 -0.01484 28
 -96.000   33.000 -0.00942 28
 -96.000   34.000  0.00002 26
 -96.000   35.000  0.00805 28
 -96.000   36.000  0.01459 26
 -96.000   37.000  0.01611 29
 -96.000   38.000  0.01481 25
 -96.000   39.000  0.01191 29
 -96.000   40.000  0.00886 23
 -96.000   41.000  0.00765 25
 -96.000   42.000  0.00789 18
 -96.000   43.000  0.00885 23
 -96.000   44.000  0.00848 18
 -96.000   45.000  0.00868 23
 -96.000   46.000  0.00703 20
 -96.000   47.000  0.00606 25
 -96.000   48.000  0.00407 23
 -96.000   49.000  0.00442 25
 -96.000   50.000  0.00382 23
 -95.000   25.000 -0.02875 10
 -95.000   26.000 -0.02607 14
 -95.000   27.000 -0.02521 11
 -95.000   28.000 -0.02199 14
 -95.000   29.000 -0.02358 15
 -95.000   30.000 -0.02364 17
 -95.000   31.000 -0.02407 20
 -95.000   32.000 -0.01941 20
 -95.000   33.000 -0.01298 21
 -95.000   34.000 -0.00220 17
 -95.000   35.000  0.00697 21
 -95.000   36.000  0.01387 17
 -95.000   37.000  0.01553 23
 -95.000   38.000  0.01380 16
 -95.000   39.000  0.01081 23
 -95.000   40.000  0.00784 15
 -95.000   41.000  0.00708 18
 -95.000   42.000  0.00797 10
 -95.000   43.000  0.00929 15
 -95.000   44.000  0.00910 11
 -95.000   45.000  0.00900 15
 -95.000   46.000  0.00717 11
 -95.000   47.000  0.00612 15
 -95.000   48.000  0.00439 12
 -95.000   49.000  0.00478 15
 -95.000   50.000  0.00458 14
 -94.000   25.000 -0.02564 16
 -94.000   26.000 -0.02365 19
 -94.000   27.000 -0.02379 16
 -94.000   28.000 -0.02177 19
 -94.000   29.000 -0.02407 19
 -94.000   30.000 -0.02460 23
 -94.000   31.000 -0.02505 24
 -94.000   32.000 -0.02050 26
 -94.000   33.000 -0.01411 25
 -94.000   34.000 -0.00426 25
 -94.000   35.000  0.00422 27
 -94.000   36.000  0.01065 25
 -94.000   37.000  0.01287 28
 -94.000   38.000  0.01209 24
 -94.000   39.000  0.01054 29
 -94.000   40.000  0.00888 23
 -94.000   41.000  0.00886 25
 -94.000   42.000  0.01007 18
 -94.000   43.000  0.01131 22
 -94.000   44.000  0.01093 18
 -94.000   45.000  0.01026 23
 -94.000   46.000  0.00847 21
 -94.000   47.000  0.00762 25
 -94.000   48.000  0.00643 21
 -94.000   49.000  0.00687 23
 -94.000   50.000  0.00713 19
 -93.000   25.000 -0.02192 12
 -93.000   26.000 -0.02085 14
 -93.000   27.000 -0.02201 11
 -93.000   28.000 -0.02184 14
 -93.000   29.000 -0.02534 15
 -93.000   30.000 -0.02670 17
 -93.000   31.000 -0.02722 18
 -93.000   32.000 -0.02234 18
 -93.000   33.000 -0.01516 19
 -93.000   34.000 -0.00472 18
 -93.000   35.000  0.00408 21
 -93.000   36.000  0.01044 17
 -93.000   37.000  0.01246 22
 -93.000   38.000  0.01142 17
 -93.000   39.000  0.00978 24
 -93.000   40.000  0.00856 17
 -93.000   41.000  0.00875 20
 -93.000   42.000  0.01055 12
 -93.000   43.000  0.01207 15
 -93.000   44.000  0.01208 11
 -93.000   45.000  0.01093 15
 -93.000   46.000  0.00883 13
 -93.000   47.000  0.00761 16
 -93.000   48.000  0.00641 13
 -93.000   49.000  0.00649 15
 -93.000   50.000  0.00685 12
 -92.000   25.000 -0.01925 17
 -92.000   26.000 -0.01852 19
 -92.000   27.000 -0.01986 16
 -92.000   28.000 -0.02043 19
 -92.000   29.000 -0.02356 18
 -92.000   30.000 -0.02478 22
 -92.000   31.000 -0.02506 21
 -92.000   32.000 -0.02073 24
 -92.000   33.000 -0.01430 23
 -92.000   34.000 -0.00527 25
 -92.000   35.000  0.00238 26
 -92.000   36.000  0.00851 25
 -92.000   37.000  0.01110 28
 -92.000   38.000  0.01170 26
 -92.000   39.000  0.01131 30
 -92.000   40.000  0.01147 25
 -92.000   41.000  0.01168 27
 -92.000   42.000  0.01333 21
 -92.000   43.000  0.01412 24
 -92.000   44.000  0.01382 20
 -92.000   45.000  0.01203 23
 -92.000   46.000  0.00971 21
 -92.000   47.000  0.00844 24
 -92.000   48.000  0.00743 21
 -92.000   49.000  0.00738 23
 -92.000   50.000  0.00781 18
 -91.000   25.000 -0.01802 11
 -91.000   26.000 -0.01740 14
 -91.000   27.000 -0.01878 12
 -91.000   28.000 -0.02002 14
 -91.000   29.000 -0.02276 15
 -91.000   30.000 -0.02377 17
 -91.000   31.000 -0.02350 18
 -91.000   32.000 -0.01882 18
 -91.000   33.000 -0.01176 19
 -91.000   34.000 -0.00258 18
 -91.000   35.000  0.00479 20
 -91.000   36.000  0.01069 17
 -91.000   37.000  0.01265 22
 -91.000   38.000  0.01301 18
 -91.000   39.000  0.01198 24
 -91.000   40.000  0.01239 17
 -91.000   41.000  0.01212 21
 -91.000   42.000  0.01387 14
 -91.000   43.000  0.01437 17
 -91.000   44.000  0.01436 12
 -91.000   45.000  0.01215 14
 -91.000   46.000  0.00940 11
 -91.000   47.000  0.00765 14
 -91.000   48.000  0.00622 13
 -91.000   49.000  0.00569 16
 -91.000   50.000  0.00571 14
 -90.000   25.000 -0.01712 18
 -90.000   26.000 -0.01685 21
 -90.000   27.000 -0.01783 18
 -90.000   28.000 -0.01920 19
 -90.000   29.000 -0.02053 18
 -90.000   30.000 -0.02078 21
 -90.000   31.000 -0.01969 20
 -90.000   32.000 -0.01540 21
 -90.000   33.000 -0.00918 20
 -90.000   34.000 -0.00148 21
 -90.000   35.000  0.00451 23
 -90.000   36.000  0.01013 23
 -90.000   37.000  0.01219 27
 -90.000   38.000  0.01375 26
 -90.000   39.000  0.01325 29
 -90.000   40.000  0.01468 25
 -90.000   41.000  0.01417 27
 -90.000   42.000  0.01584 22
 -90.000   43.000  0.01568 24
 -90.000   44.000  0.01566 19
 -90.000   45.000  0.01329 21
 -90.000   46.000  0.01070 17
 -90.000   47.000  0.00889 20
 -90.000   48.000  0.00743 18
 -90.000   49.000  0.00678 22
 -90.000   50.000  0.00663 19
 -89.000   25.000 -0.01765 13
 -89.000   26.000 -0.01743 16
 -89.000   27.000 -0.01819 14
 -89.000   28.000 -0.01946 14
 -89.000   29.000 -0.01953 15
 -89.000   30.000 -0.01892 16
 -89.000   31.000 -0.01656 17
 -89.000   32.000 -0.01167 15
 -89.000   33.000 -0.00509 15
 -89.000   34.000  0.00193 14
 -89.000   35.000  0.00662 17
 -89.000   36.000  0.01070 15
 -89.000   37.000  0.01132 20
 -89.000   38.000  0.01187 17
 -89.000   39.000  0.01058 23
 -89.000   40.000  0.01226 17
 -89.000   41.000  0.01219 21
 -89.000   42.000  0.01482 14
 -89.000   43.000  0.01539 17
 -89.000   44.000  0.01578 11
 -89.000   45.000  0.01345 14
 -89.000   46.000  0.01042 10
 -89.000   47.000  0.00801 13
 -89.000   48.000  0.00573 12
 -89.000   49.000  0.00487 15
 -89.000   50.000  0.00421 14
 -88.000   25.000 -0.01857 19
 -88.000   26.000 -0.01819 23
 -88.000   27.000 -0.01851 19
 -88.000   28.000 -0.01907 20
 -88.000   29.000 -0.01777 17
 -88.000   30.000 -0.01630 21
 -88.000   31.000 -0.01316 19
 -88.000   32.000 -0.00857 20
 -88.000   33.000 -0.00294 17
 -88.000   34.000  0.00228 17
 -88.000   35.000  0.00528 19
 -88.000   36.000  0.00819 19
 -88.000   37.000  0.00845 23
 -88.000   38.000  0.00961 22
 -88.000   39.000  0.00889 27
 -88.000   40.000  0.01147 23
 -88.000   41.000  0.01198 26
 -88.000   42.000  0.01518 20
 -88.000   43.000  0.01583 24
 -88.000   44.000  0.01639 18
 -88.000   45.000  0.01426 21
 -88.000   46.000  0.01161 16
 -88.000   47.000  0.00921 19
 -88.000   48.000  0.00706 17
 -88.000   49.000  0.00638 21
 -88.000   50.000  0.00586 19
 -87.000   25.000 -0.02076 13
 -87.000   26.000 -0.02005 17
 -87.000   27.000 -0.02003 15
 -87.000   28.000 -0.01957 15
 -87.000   29.000 -0.01664 14
 -87.000   30.000 -0.01368 17
 -87.000   31.000 -0.00904 17
 -87.000   32.000 -0.00388 17
 -87.000   33.000  0.00168 15
 -87.000   34.000  0.00563 13
 -87.000   35.000  0.00688 16
 -87.000   36.000  0.00750 15
 -87.000   37.000  0.00619 20
 -87.000   38.000  0.00616 15
 -87.000   39.000  0.00482 23
 -87.000   40.000  0.00744 16
 -87.000   41.000  0.00887 22
 -87.000   42.000  0.01328 13
 -87.000   43.000  0.01498 21
 -87.000   44.000  0.01602 14
 -87.000   45.000  0.01427 18
 -87.000   46.000  0.01150 12
 -87.000   47.000  0.00868 17
 -87.000   48.000  0.00598 15
 -87.000   49.000  0.00525 18
 -87.000   50.000  0.00452 15
 -86.000   25.000 -0.02196 19
 -86.000   26.000 -0.02138 22
 -86.000   27.000 -0.02119 19
 -86.000   28.000 -0.02006 21
 -86.000   29.000 -0.01618 17
 -86.000   30.000 -0.01251 22
 -86.000   31.000 -0.00749 18
 -86.000   32.000 -0.00281 21
 -86.000   33.000  0.00162 16
 -86.000   34.000  0.00410 17
 -86.000   35.000  0.00442 17
 -86.000   36.000  0.00445 19
 -86.000   37.000  0.00359 20
 -86.000   38.000  0.00421 19
 -86.000   39.000  0.00349 22
 -86.000   40.000  0.00631 20
 -86.000   41.000  0.00818 23
 -86.000   42.000  0.01287 19
 -86.000   43.000  0.01467 24
 -86.000   44.000  0.01599 20
 -86.000   45.000  0.01475 22
 -86.000   46.000  0.01296 18
 -86.000   47.000  0.01034 20
 -86.000   48.000  0.00833 19
 -86.000   49.000  0.00785 20
 -86.000   50.000  0.00766 19
 -85.000   25.000 -0.02439 14
 -85.000   26.000 -0.02350 16
 -85.000   27.000 -0.02293 16
 -85.000   28.000 -0.02086 16
 -85.000   29.000 -0.01580 16
 -85.000   30.000 -0.01120 17
 -85.000   31.000 -0.00533 16
 -85.000   32.000 -0.00061 16
 -85.000   33.000  0.00366 13
 -85.000   34.000  0.00515 13
 -85.000   35.000  0.00460 14
 -85.000   36.000  0.00331 16
 -85.000   37.000  0.00193 18
 -85.000   38.000  0.00203 15
 -85.000   39.000  0.00102 18
 -85.000   40.000  0.00351 14
 -85.000   41.000  0.00596 19
 -85.000   42.000  0.01132 14
 -85.000   43.000  0.01384 21
 -85.000   44.000  0.01578 16
 -85.000   45.000  0.01529 19
 -85.000   46.000  0.01400 13
 -85.000   47.000  0.01117 16
 -85.000   48.000  0.00907 14
 -85.000   49.000  0.00849 15
 -85.000   50.000  0.00828 13
 -84.000   25.000 -0.02416 19
 -84.000   26.000 -0.02315 21
 -84.000   27.000 -0.02249 19
 -84.000   28.000 -0.02016 22
 -84.000   29.000 -0.01537 20
 -84.000   30.000 -0.01130 22
 -84.000   31.000 -0.00626 17
 -84.000   32.000 -0.00248 20
 -84.000   33.000  0.00103 15
 -84.000   34.000  0.00211 18
 -84.000   35.000  0.00211 14
 -84.000   36.000  0.00177 18
 -84.000   37.000  0.00170 16
 -84.000   38.000  0.00298 18
 -84.000   39.000  0.00267 16
 -84.000   40.000  0.00499 17
 -84.000   41.000  0.00693 18
 -84.000   42.000  0.01152 19
 -84.000   43.000  0.01330 20
 -84.000   44.000  0.01558 19
 -84.000   45.000  0.01572 19
 -84.000   46.000  0.01585 18
 -84.000   47.000  0.01366 17
 -84.000   48.000  0.01263 17
 -84.000   49.000  0.01211 15
 -84.000   50.000  0.01234 16
 -83.000   25.000 -0.02276 14
 -83.000   26.000 -0.02167 17
 -83.000   27.000 -0.02060 17
 -83.000   28.000 -0.01806 18
 -83.000   29.000 -0.01342 19
 -83.000   30.000 -0.00991 17
 -83.000   31.000 -0.00568 16
 -83.000   32.000 -0.00298 16
 -83.000   33.000 -0.00010 15
 -83.000   34.000  0.00074 15
 -83.000   35.000  0.00103 15
 -83.000   36.000  0.00114 16
 -83.000   37.000  0.00150 18
 -83.000   38.000  0.00302 15
 -83.000   39.000  0.00260 17
 -83.000   40.000  0.00450 13
 -83.000   41.000  0.00615 18
 -83.000   42.000  0.01033 14
 -83.000   43.000  0.01223 20
 -83.000   44.000  0.01512 15
 -83.000   45.000  0.01618 19
 -83.000   46.000  0.01742 13
 -83.000   47.000  0.01592 16
 -83.000   48.000  0.01535 12
 -83.000   49.000  0.01485 14
 -83.000   50.000  0.01504 11
 -82.000   25.000 -0.02045 20
 -82.000   26.000 -0.01944 25
 -82.000   27.000 -0.01790 21
 -82.000   28.000 -0.01552 24
 -82.000   29.000 -0.01178 21
 -82.000   30.000 -0.00989 21
 -82.000   31.000 -0.00757 18
 -82.000   32.000 -0.00696 20
 -82.000   33.000 -0.00549 17
 -82.000   34.000 -0.00489 19
 -82.000   35.000 -0.00352 16
 -82.000   36.000 -0.00159 19
 -82.000   37.000  0.00048 17
 -82.000   38.000  0.00347 18
 -82.000   39.000  0.00405 16
 -82.000   40.000  0.00597 17
 -82.000   41.000  0.00693 17
 -82.000   42.000  0.01001 18
 -82.000   43.000  0.01123 18
 -82.000   44.000  0.01425 18
 -82.000   45.000  0.01554 18
 -82.000   46.000  0.01797 18
 -82.000   47.000  0.01735 17
 -82.000   48.000  0.01796 17
 -82.000   49.000  0.01759 15
 -82.000   50.000  0.01820 16
 -81.000   25.000 -0.01754 15
 -81.000   26.000 -0.01625 21
 -81.000   27.000 -0.01351 19
 -81.000   28.000 -0.01096 20
 -81.000   29.000 -0.00723 18
 -81.000   30.000 -0.00666 16
 -81.000   31.000 -0.00591 17
 -81.000   32.000 -0.00775 16
 -81.000   33.000 -0.00786 16
 -81.000   34.000 -0.00797 15
 -81.000   35.000 -0.00651 16
 -81.000   36.000 -0.00407 16
 -81.000   37.000 -0.00182 18
 -81.000   38.000  0.00140 16
 -81.000   39.000  0.00187 17
 -81.000   40.000  0.00364 13
 -81.000   41.000  0.00452 15
 -81.000   42.000  0.00769 12
 -81.000   43.000  0.00976 17
 -81.000   44.000  0.01359 14
 -81.000   45.000  0.01561 18
 -81.000   46.000  0.01815 13
 -81.000   47.000  0.01780 15
 -81.000   48.000  0.01804 12
 -81.000   49.000  0.01739 14
 -81.000   50.000  0.01739 13
 -80.000   25.000 -0.01472 21
 -80.000   26.000 -0.01325 27
 -80.000   27.000 -0.00970 21
 -80.000   28.000 -0.00716 24
 -80.000   29.000 -0.00381 20
 -80.000   30.000 -0.00478 22
 -80.000   31.000 -0.00570 20
 -80.000   32.000 -0.00967 22
 -80.000   33.000 -0.01118 18
 -80.000   34.000 -0.01171 20
 -80.000   35.000 -0.00969 16
 -80.000   36.000 -0.00627 19
 -80.000   37.000 -0.00331 16
 -80.000   38.000  0.00054 19
 -80.000   39.000  0.00144 16
 -80.000   40.000  0.00328 17
 -80.000   41.000  0.00389 14
 -80.000   42.000  0.00673 16
 -80.000   43.000  0.00878 16
 -80.000   44.000  0.01271 18
 -80.000   45.000  0.01453 18
 -80.000   46.000  0.01690 18
 -80.000   47.000  0.01648 17
 -80.000   48.000  0.01665 18
 -80.000   49.000  0.01580 17
 -80.000   50.000  0.01557 19
 -79.000   25.000 -0.01181 15
 -79.000   26.000 -0.01030 20
 -79.000   27.000 -0.00571 17
 -79.000   28.000 -0.00318 19
 -79.000   29.000  0.00013 18
 -79.000   30.000 -0.00213 18
 -79.000   31.000 -0.00423 17
 -79.000   32.000 -0.00993 17
 -79.000   33.000 -0.01221 16
 -79.000   34.000 -0.01269 17
 -79.000   35.000 -0.01027 16
 -79.000   36.000 -0.00646 16
 -79.000   37.000 -0.00396 17
 -79.000   38.000 -0.00089 16
 -79.000   39.000 -0.00132 18
 -79.000   40.000 -0.00055 14
 -79.000   41.000 -0.00026 16
 -79.000   42.000  0.00322 12
 -79.000   43.000  0.00655 18
 -79.000   44.000  0.01197 15
 -79.000   45.000  0.01509 21
 -79.000   46.000  0.01726 16
 -79.000   47.000  0.01621 20
 -79.000   48.000  0.01514 16
 -79.000   49.000  0.01354 18
 -79.000   50.000  0.01212 16
 -78.000   25.000 -0.01175 19
 -78.000   26.000 -0.01030 23
 -78.000   27.000 -0.00558 19
 -78.000   28.000 -0.00312 22
 -78.000   29.000 -0.00004 20
 -78.000   30.000 -0.00299 23
 -78.000   31.000 -0.00546 20
 -78.000   32.000 -0.01137 23
 -78.000   33.000 -0.01342 19
 -78.000   34.000 -0.01335 23
 -78.000   35.000 -0.01019 18
 -78.000   36.000 -0.00599 21
 -78.000   37.000 -0.00362 17
 -78.000   38.000 -0.00121 20
 -78.000   39.000 -0.00250 18
 -78.000   40.000 -0.00259 19
 -78.000   41.000 -0.00267 17
 -78.000   42.000  0.00111 17
 -78.000   43.000  0.00479 18
 -78.000   44.000  0.01083 19
 -78.000   45.000  0.01405 21
 -78.000   46.000  0.01588 21
 -78.000   47.000  0.01392 23
 -78.000   48.000  0.01234 22
 -78.000   49.000  0.01029 22
 -78.000   50.000  0.00851 21
 -77.000   25.000 -0.01026 13
 -77.000   26.000 -0.00965 18
 -77.000   27.000 -0.00525 17
 -77.000   28.000 -0.00369 18
 -77.000   29.000 -0.00100 17
 -77.000   30.000 -0.00439 17
 -77.000   31.000 -0.00648 17
 -77.000   32.000 -0.01157 17
 -77.000   33.000 -0.01237 17
 -77.000   34.000 -0.01116 18
 -77.000   35.000 -0.00730 17
 -77.000   36.000 -0.00305 17
 -77.000   37.000 -0.00186 18
 -77.000   38.000 -0.00135 18
 -77.000   39.000 -0.00490 20
 -77.000   40.000 -0.00673 17
 -77.000   41.000 -0.00757 20
 -77.000   42.000 -0.00330 15
 -77.000   43.000  0.00155 20
 -77.000   44.000  0.00914 15
 -77.000   45.000  0.01386 22
 -77.000   46.000  0.01606 18
 -77.000   47.000  0.01381 22
 -77.000   48.000  0.01131 17
 -77.000   49.000  0.00881 19
 -77.000   50.000  0.00615 17
 -76.000   25.000 -0.01131 18
 -76.000   26.000 -0.01173 22
 -76.000   27.000 -0.00863 21
 -76.000   28.000 -0.00831 22
 -76.000   29.000 -0.00627 21
 -76.000   30.000 -0.00918 23
 -76.000   31.000 -0.00973 23
 -76.000   32.000 -0.01243 24
 -76.000   33.000 -0.01116 22
 -76.000   34.000 -0.00883 24
 -76.000   35.000 -0.00472 22
 -76.000   36.000 -0.00112 25
 -76.000   37.000 -0.00088 23
 -76.000   38.000 -0.00154 25
 -76.000   39.000 -0.00575 21
 -76.000   40.000 -0.00792 21
 -76.000   41.000 -0.00908 20
 -76.000   42.000 -0.00480 20
 -76.000   43.000 -0.00027 20
 -76.000   44.000  0.00726 19
 -76.000   45.000  0.01176 22
 -76.000   46.000  0.01433 22
 -76.000   47.000  0.01198 23
 -76.000   48.000  0.00978 21
 -76.000   49.000  0.00730 21
 -76.000   50.000  0.00488 21
 -75.000   25.000 -0.01137 15
 -75.000   26.000 -0.01300 21
 -75.000   27.000 -0.01140 19
 -75.000   28.000 -0.01263 20
 -75.000   29.000 -0.01141 18
 -75.000   30.000 -0.01387 18
 -75.000   31.000 -0.01294 18
 -75.000   32.000 -0.01317 17
 -75.000   33.000 -0.00970 17
 -75.000   34.000 -0.00627 17
 -75.000   35.000 -0.00184 18
 -75.000   36.000  0.00120 19
 -75.000   37.000  0.00053 21
 -75.000   38.000 -0.00166 20
 -75.000   39.000 -0.00700 21
 -75.000   40.000 -0.01014 17
 -75.000   41.000 -0.01213 21
 -75.000   42.000 -0.00835 16
 -75.000   43.000 -0.00358 21
 -75.000   44.000  0.00467 16
 -75.000   45.000  0.01012 24
 -75.000   46.000  0.01367 20
 -75.000   47.000  0.01204 22
 -75.000   48.000  0.00985 16
 -75.000   49.000  0.00726 16
 -75.000   50.000  0.00453 15
 -74.000   25.000 -0.01540 20
 -74.000   26.000 -0.01740 25
 -74.000   27.000 -0.01706 23
 -74.000   28.000 -0.01872 24
 -74.000   29.000 -0.01756 22
 -74.000   30.000 -0.01852 23
 -74.000   31.000 -0.01565 22
 -74.000   32.000 -0.01328 23
 -74.000   33.000 -0.00818 22
 -74.000   34.000 -0.00456 24
 -74.000   35.000 -0.00049 24
 -74.000   36.000  0.00134 26
 -74.000   37.000  0.00023 25
 -74.000   38.000 -0.00266 24
 -74.000   39.000 -0.00739 22
 -74.000   40.000 -0.01030 20
 -74.000   41.000 -0.01243 20
 -74.000   42.000 -0.00967 19
 -74.000   43.000 -0.00570 20
 -74.000   44.000  0.00153 20
 -74.000   45.000  0.00608 23
 -74.000   46.000  0.00997 23
 -74.000   47.000  0.00914 24
 -74.000   48.000  0.00805 22
 -74.000   49.000  0.00590 21
 -74.000   50.000  0.00404 20
 -73.000   25.000 -0.01773 16
 -73.000   26.000 -0.01988 23
 -73.000   27.000 -0.02033 19
 -73.000   28.000 -0.02192 22
 -73.000   29.000 -0.02061 18
 -73.000   30.000 -0.02065 19
 -73.000   31.000 -0.01667 16
 -73.000   32.000 -0.01268 17
 -73.000   33.000 -0.00655 16
 -73.000   34.000 -0.00295 17
 -73.000   35.000  0.00122 17
 -73.000   36.000  0.00264 17
 -73.000   37.000  0.00160 19
 -73.000   38.000 -0.00225 18
 -73.000   39.000 -0.00703 20
 -73.000   40.000 -0.01089 15
 -73.000   41.000 -0.01379 19
 -73.000   42.000 -0.01235 15
 -73.000   43.000 -0.00843 20
 -73.000   44.000 -0.00146 16
 -73.000   45.000  0.00346 23
 -73.000   46.000  0.00781 20
 -73.000   47.000  0.00796 23
 -73.000   48.000  0.00736 18
 -73.000   49.000  0.00541 20
 -73.000   50.000  0.00376 17
 -72.000   25.000 -0.02280 21
 -72.000   26.000 -0.02441 25
 -72.000   27.000 -0.02508 23
 -72.000   28.000 -0.02589 26
 -72.000   29.000 -0.02373 24
 -72.000   30.000 -0.02235 25
 -72.000   31.000 -0.01732 22
 -72.000   32.000 -0.01247 23
 -72.000   33.000 -0.00615 23
 -72.000   34.000 -0.00347 24
 -72.000   35.000  0.00003 24
 -72.000   36.000  0.00038 24
 -72.000   37.000 -0.00044 25
 -72.000   38.000 -0.00461 24
 -72.000   39.000 -0.00841 22
 -72.000   40.000 -0.01212 19
 -72.000   41.000 -0.01474 20
 -72.000   42.000 -0.01404 20
 -72.000   43.000 -0.01052 21
 -72.000   44.000 -0.00457 20
 -72.000   45.000 -0.00045 22
 -72.000   46.000  0.00369 22
 -72.000   47.000  0.00428 23
 -72.000   48.000  0.00457 22
 -72.000   49.000  0.00310 24
 -72.000   50.000  0.00239 23
 -71.000   25.000 -0.02570 17
 -71.000   26.000 -0.02695 23
 -71.000   27.000 -0.02767 19
 -71.000   28.000 -0.02773 24
 -71.000   29.000 -0.02499 20
 -71.000   30.000 -0.02306 22
 -71.000   31.000 -0.01793 17
 -71.000   32.000 -0.01298 18
 -71.000   33.000 -0.00677 17
 -71.000   34.000 -0.00464 17
 -71.000   35.000 -0.00092 17
 -71.000   36.000 -0.00044 17
 -71.000   37.000 -0.00068 21
 -71.000   38.000 -0.00549 20
 -71.000   39.000 -0.00946 20
 -71.000   40.000 -0.01439 14
 -71.000   41.000 -0.01712 19
 -71.000   42.000 -0.01657 16
 -71.000   43.000 -0.01200 21
 -71.000   44.000 -0.00536 16
 -71.000   45.000 -0.00013 22
 -71.000   46.000  0.00428 19
 -71.000   47.000  0.00501 22
 -71.000   48.000  0.00507 18
 -71.000   49.000  0.00355 21
 -71.000   50.000  0.00282 18
 -70.000   25.000 -0.03020 21
 -70.000   26.000 -0.03081 26
 -70.000   27.000 -0.03100 24
 -70.000   28.000 -0.03001 27
 -70.000   29.000 -0.02638 24
 -70.000   30.000 -0.02373 24
 -70.000   31.000 -0.01844 21
 -70.000   32.000 -0.01380 21
 -70.000   33.000 -0.00818 22
 -70.000   34.000 -0.00691 21
 -70.000   35.000 -0.00369 22
 -70.000   36.000 -0.00377 22
 -70.000   37.000 -0.00384 25
 -70.000   38.000 -0.00858 24
 -70.000   39.000 -0.01194 23
 -70.000   40.000 -0.01703 20
 -70.000   41.000 -0.01912 21
 -70.000   42.000 -0.01854 20
 -70.000   43.000 -0.01379 21
 -70.000   44.000 -0.00758 20
 -70.000   45.000 -0.00215 21
 -70.000   46.000  0.00214 21
 -70.000   47.000  0.00316 21
 -70.000   48.000  0.00361 21
 -70.000   49.000  0.00266 22
 -70.000   50.000  0.00244 22
 -69.000   25.000 -0.03246 16
 -69.000   26.000 -0.03289 24
 -69.000   27.000 -0.03279 20
 -69.000   28.000 -0.03160 25
 -69.000   29.000 -0.02776 20
 -69.000   30.000 -0.02506 22
 -69.000   31.000 -0.01976 18
 -69.000   32.000 -0.01540 19
 -69.000   33.000 -0.00975 18
 -69.000   34.000 -0.00853 17
 -69.000   35.000 -0.00515 17
 -69.000   36.000 -0.00521 16
 -69.000   37.000 -0.00521 20
 -69.000   38.000 -0.00992 19
 -69.000   39.000 -0.01352 21
 -69.000   40.000 -0.01912 15
 -69.000   41.000 -0.02107 18
 -69.000   42.000 -0.02002 14
 -69.000   43.000 -0.01477 19
 -69.000   44.000 -0.00791 16
 -69.000   45.000 -0.00140 21
 -69.000   46.000  0.00347 18
 -69.000   47.000  0.00482 20
 -69.000   48.000  0.00526 17
 -69.000   49.000  0.00455 19
 -69.000   50.000  0.00433 17
 -68.000   25.000 -0.03478 20
 -68.000   26.000 -0.03483 27
 -68.000   27.000 -0.03419 24
 -68.000   28.000 -0.03306 28
 -68.000   29.000 -0.02916 24
 -68.000   30.000 -0.02639 25
 -68.000   31.000 -0.02107 23
 -68.000   32.000 -0.01726 23
 -68.000   33.000 -0.01179 23
 -68.000   34.000 -0.01077 22
 -68.000   35.000 -0.00798 22
 -68.000   36.000 -0.00892 20
 -68.000   37.000 -0.00944 22
 -68.000   38.000 -0.01374 21
 -68.000   39.000 -0.01709 23
 -68.000   40.000 -0.02216 20
 -68.000   41.000 -0.02341 21
 -68.000   42.000 -0.02169 19
 -68.000   43.000 -0.01663 21
 -68.000   44.000 -0.00985 21
 -68.000   45.000 -0.00297 23
 -68.000   46.000  0.00232 22
 -68.000   47.000  0.00415 22
 -68.000   48.000  0.00495 21
 -68.000   49.000  0.00485 23
 -68.000   50.000  0.00489 23
 -67.000   25.000 -0.03258 16
 -67.000   26.000 -0.03241 24
 -67.000   27.000 -0.03162 19
 -67.000   28.000 -0.03110 26
 -67.000   29.000 -0.02809 22
 -67.000   30.000 -0.02604 25
 -67.000   31.000 -0.02134 21
 -67.000   32.000 -0.01811 22
 -67.000   33.000 -0.01250 21
 -67.000   34.000 -0.01099 21
 -67.000   35.000 -0.00808 20
 -67.000   36.000 -0.00924 18
 -67.000   37.000 -0.01045 20
 -67.000   38.000 -0.01515 19
 -67.000   39.000 -0.01936 22
 -67.000   40.000 -0.02473 16
 -67.000   41.000 -0.02601 19
 -67.000   42.000 -0.02294 14
 -67.000   43.000 -0.01703 21
 -67.000   44.000 -0.00857 18
 -67.000   45.000 -0.00034 24
 -67.000   46.000  0.00607 19
 -67.000   47.000  0.00773 22
 -67.000   48.000  0.00855 18
 -67.000   49.000  0.00810 22
 -67.000   50.000  0.00808 19
 -66.000   25.000 -0.03272 13
 -66.000   26.000 -0.03228 19
 -66.000   27.000 -0.03120 16
 -66.000   28.000 -0.03079 21
 -66.000   29.000 -0.02813 19
 -66.000   30.000 -0.02627 20
 -66.000   31.000 -0.02167 18
 -66.000   32.000 -0.01863 18
 -66.000   33.000 -0.01301 18
 -66.000   34.000 -0.01136 18
 -66.000   35.000 -0.00880 18
 -66.000   36.000 -0.01052 16
 -66.000   37.000 -0.01223 17
 -66.000   38.000 -0.01666 15
 -66.000   39.000 -0.02079 18
 -66.000   40.000 -0.02579 14
 -66.000   41.000 -0.02695 17
 -66.000   42.000 -0.02382 13
 -66.000   43.000 -0.01842 17
 -66.000   44.000 -0.01015 14
 -66.000   45.000 -0.00179 17
 -66.000   46.000  0.00493 14
 -66.000   47.000  0.00701 16
 -66.000   48.000  0.00826 14
 -66.000   49.000  0.00815 17
 -66.000   50.000  0.00827 15
 -65.000   25.000 -0.03065 6
 -65.000   26.000 -0.02984 10
 -65.000   27.000 -0.02862 7
 -65.000   28.000 -0.02838 11
 -65.000   29.000 -0.02655 10
 -65.000   30.000 -0.02535 11
 -65.000   31.000 -0.02147 10
 -65.000   32.000 -0.01888 10
 -65.000   33.000 -0.01315 11
 -65.000   34.000 -0.01079 10
 -65.000   35.000 -0.00774 11
 -65.000   36.000 -0.00923 9
 -65.000   37.000 -0.01127 11
 -65.000   38.000 -0.01606 9
 -65.000   39.000 -0.02101 12
 -65.000   40.000 -0.02645 7
 -65.000   41.000 -0.02803 10
 -65.000   42.000 -0.02442 5
 -65.000   43.000 -0.01880 10
 -65.000   44.000 -0.00962 7
 -65.000   45.000 -0.00061 11
 -65.000   46.000  0.00688 8
 -65.000   47.000  0.00903 10
 -65.000   48.000  0.01057 8
 -65.000   49.000  0.01035 10
 -65.000   50.000  0.01060 8
