-130.000   25.000  0.00177 16
-130.000   26.000  0.00393 19
-130.000   27.000  0.00338 15
-130.000   28.000  0.00640 17
-130.000   29.000  0.00558 14
-130.000   30.000  0.00667 16
-130.000   31.000  0.00473 14
-130.000   32.000  0.00481 15
-130.000   33.000  0.00233 12
-130.000   34.000  0.00208 13
-130.000   35.000  0.00260 11
-130.000   36.000  0.00330 13
-130.000   37.000  0.00506 11
-130.000   38.000  0.00399 17
-130.000   39.000  0.00172 17
-130.000   40.000 -0.00392 20
-130.000   41.000 -0.00752 16
-130.000   42.000 -0.01008 17
-130.000   43.000 -0.00825 15
-130.000   44.000 -0.00556 15
-130.000   45.000 -0.00316 13
-130.000   46.000 -0.00340 14
-130.000   47.000 -0.00509 13
-130.000   48.000 -0.00777 15
-130.000   49.000 -0.01048 14
-130.000   50.000 -0.01129 16
-129.000   25.000  0.00351 16
-129.000   26.000  0.00406 18
-129.000   27.000  0.00361 14
-129.000   28.000  0.00564 15
-129.000   29.000  0.00517 14
-129.000   30.000  0.00617 15
-129.000   31.000  0.00504 15
-129.000   32.000  0.00484 14
-129.000   33.000  0.00224 12
-129.000   34.000  0.00153 11
-129.000   35.000  0.00201 10
-129.000   36.000  0.00255 11
-129.000   37.000  0.00459 10
-129.000   38.000  0.00290 15
-129.000   39.000  0.00010 16
-129.000   40.000 -0.00566 18
-129.000   41.000 -0.00802 15
-129.000   42.000 -0.01041 15
-129.000   43.000 -0.00825 15
-129.000   44.000 -0.00656 14
-129.000   45.000 -0.00516 14
-129.000   46.000 -0.00751 13
-129.000   47.000 -0.00968 14
-129.000   48.000 -0.01196 14
-129.000   49.000 -0.01366 15
-129.000   50.000 -0.01393 14
-128.000   25.000  0.00274 19
-128.000   26.000  0.00195 22
-128.000   27.000  0.00170 17
-128.000   28.000  0.00276 19
-128.000   29.000  0.00293 15
-128.000   30.000  0.00427 18
-128.000   31.000  0.00428 15
-128.000   32.000  0.00426 17
-128.000   33.000  0.00209 13
-128.000   34.000  0.00076 14
-128.000   35.000  0.00080 11
-128.000   36.000  0.00028 13
-128.000   37.000  0.00164 11
-128.000   38.000 -0.00051 17
-128.000   39.000 -0.00258 16
-128.000   40.000 -0.00725 20
-128.000   41.000 -0.00789 14
-128.000   42.000 -0.00979 17
-128.000   43.000 -0.00788 13
-128.000   44.000 -0.00807 16
-128.000   45.000 -0.00857 12
-128.000   46.000 -0.01233 16
-128.000   47.000 -0.01442 14
-128.000   48.000 -0.01590 18
-128.000   49.000 -0.01660 15
-128.000   50.000 -0.01564 18
-127.000   25.000  0.00084 16
-127.000   26.000 -0.00146 18
-127.000   27.000 -0.00137 13
-127.000   28.000 -0.00144 14
-127.000   29.000 -0.00073 13
-127.000   30.000  0.00034 15
-127.000   31.000  0.00070 15
-127.000   32.000  0.00027 15
-127.000   33.000 -0.00173 13
-127.000   34.000 -0.00345 12
-127.000   35.000 -0.00313 10
-127.000   36.000 -0.00334 11
-127.000   37.000 -0.00107 10
-127.000   38.000 -0.00256 13
-127.000   39.000 -0.00344 14
-127.000   40.000 -0.00667 16
-127.000   41.000 -0.00555 14
-127.000   42.000 -0.00797 14
-127.000   43.000 -0.00729 13
-127.000   44.000 -0.00978 14
-127.000   45.000 -0.01184 13
-127.000   46.000 -0.01726 15
-127.000   47.000 -0.01914 15
-127.000   48.000 -0.01951 16
-127.000   49.000 -0.01882 15
-127.000   50.000 -0.01751 14
-126.000   25.000  0.00120 19
-126.000   26.000 -0.00188 23
-126.000   27.000 -0.00135 17
-126.000   28.000 -0.00200 20
-126.000   29.000 -0.00109 15
-126.000   30.000 -0.00058 19
-126.000   31.000 -0.00043 15
-126.000   32.000 -0.00171 18
-126.000   33.000 -0.00414 14
-126.000   34.000 -0.00616 15
-126.000   35.000 -0.00604 11
-126.000   36.000 -0.00629 14
-126.000   37.000 -0.00414 12
-126.000   38.000 -0.00405 16
-126.000   39.000 -0.00224 14
-126.000   40.000 -0.00291 17
-126.000   41.000 -0.00055 12
-126.000   42.000 -0.00318 15
-126.000   43.000 -0.00485 11
-126.000   44.000 -0.01145 16
-126.000   45.000 -0.01628 11
-126.000   46.000 -0.02149 18
-126.000   47.000 -0.02128 14
-126.000   48.000 -0.01881 20
-126.000   49.000 -0.01563 14
-126.000   50.000 -0.01186 20
-125.000   25.000  0.00114 15
-125.000   26.000 -0.00113 19
-125.000   27.000  0.00011 15
-125.000   28.000 -0.00021 18
-125.000   29.000 -0.00014 14
-125.000   30.000 -0.00166 16
-125.000   31.000 -0.00433 13
-125.000   32.000 -0.00761 14
-125.000   33.000 -0.01134 12
-125.000   34.000 -0.01261 12
-125.000   35.000 -0.01161 10
-125.000   36.000 -0.00904 12
-125.000   37.000 -0.00512 11
-125.000   38.000 -0.00108 13
-125.000   39.000  0.00353 13
-125.000   40.000  0.00487 14
-125.000   41.000  0.00594 13
-125.000   42.000  0.00136 13
-125.000   43.000 -0.00371 13
-125.000   44.000 -0.01239 14
-125.000   45.000 -0.01731 13
-125.000   46.000 -0.01916 15
-125.000   47.000 -0.01583 14
-125.000   48.000 -0.01052 15
-125.000   49.000 -0.00567 13
-125.000   50.000 -0.00078 14
-124.000   25.000  0.00552 18
-124.000   26.000  0.00310 22
-124.000   27.000  0.00337 17
-124.000   28.000  0.00157 21
-124.000   29.000 -0.00083 15
-124.000   30.000 -0.00469 20
-124.000   31.000 -0.00901 14
-124.000   32.000 -0.01239 19
-124.000   33.000 -0.01544 14
-124.000   34.000 -0.01501 18
-124.000   35.000 -0.01316 13
-124.000   36.000 -0.00884 17
-124.000   37.000 -0.00452 13
-124.000   38.000  0.00208 17
-124.000   39.000  0.00847 13
-124.000   40.000  0.01135 16
-124.000   41.000  0.01055 11
-124.000   42.000  0.00470 15
-124.000   43.000 -0.00300 11
-124.000   44.000 -0.01305 16
-124.000   45.000 -0.01806 11
-124.000   46.000 -0.01667 17
-124.000   47.000 -0.01091 12
-124.000   48.000 -0.00406 20
-124.000   49.000  0.00155 15
-124.000   50.000  0.00728 24
-123.000   25.000  0.01125 15
-123.000   26.000  0.00810 18
-123.000   27.000  0.00694 14
-123.000   28.000  0.00298 17
-123.000   29.000 -0.00276 13
-123.000   30.000 -0.00938 17
-123.000   31.000 -0.01564 13
-123.000   32.000 -0.01868 16
-123.000   33.000 -0.02118 12
-123.000   34.000 -0.01846 15
-123.000   35.000 -0.01575 12
-123.000   36.000 -0.00859 14
-123.000   37.000 -0.00351 11
-123.000   38.000  0.00522 13
-123.000   39.000  0.01120 12
-123.000   40.000  0.01405 14
-123.000   41.000  0.01059 13
-123.000   42.000  0.00312 14
-123.000   43.000 -0.00548 13
-123.000   44.000 -0.01403 14
-123.000   45.000 -0.01624 13
-123.000   46.000 -0.01203 13
-123.000   47.000 -0.00490 12
-123.000   48.000  0.00130 14
-123.000   49.000  0.00634 15
-123.000   50.000  0.01030 17
-122.000   25.000  0.01972 18
-122.000   26.000  0.01611 21
-122.000   27.000  0.01341 16
-122.000   28.000  0.00758 19
-122.000   29.000 -0.00066 14
-122.000   30.000 -0.00906 20
-122.000   31.000 -0.01601 15
-122.000   32.000 -0.01913 20
-122.000   33.000 -0.02185 14
-122.000   34.000 -0.01967 20
-122.000   35.000 -0.01948 15
-122.000   36.000 -0.01501 19
-122.000   37.000 -0.01282 13
-122.000   38.000 -0.00609 17
-122.000   39.000 -0.00141 12
-122.000   40.000  0.00154 16
-122.000   41.000 -0.00057 11
-122.000   42.000 -0.00466 15
-122.000   43.000 -0.00914 10
-122.000   44.000 -0.01428 15
-122.000   45.000 -0.01441 11
-122.000   46.000 -0.00979 17
-122.000   47.000 -0.00391 12
-122.000   48.000  0.00022 22
-122.000   49.000  0.00389 18
-122.000   50.000  0.00713 28
-121.000   25.000  0.02233 16
-121.000   26.000  0.01930 19
-121.000   27.000  0.01639 14
-121.000   28.000  0.00975 17
-121.000   29.000  0.00020 13
-121.000   30.000 -0.00988 17
-121.000   31.000 -0.01847 12
-121.000   32.000 -0.02267 14
-121.000   33.000 -0.02616 10
-121.000   34.000 -0.02514 14
-121.000   35.000 -0.02774 12
-121.000   36.000 -0.02654 14
-121.000   37.000 -0.02716 11
-121.000   38.000 -0.02376 13
-121.000   39.000 -0.02075 12
-121.000   40.000 -0.01696 14
-121.000   41.000 -0.01514 13
-121.000   42.000 -0.01466 13
-121.000   43.000 -0.01289 12
-121.000   44.000 -0.01335 12
-121.000   45.000 -0.01065 12
-121.000   46.000 -0.00794 13
-121.000   47.000 -0.00511 13
-121.000   48.000 -0.00492 15
-121.000   49.000 -0.00363 15
-121.000   50.000 -0.00350 17
-120.000   25.000  0.02313 19
-120.000   26.000  0.02012 22
-120.000   27.000  0.01638 17
-120.000   28.000  0.00818 20
-120.000   29.000 -0.00286 16
-120.000   30.000 -0.01435 20
-120.000   31.000 -0.02353 14
-120.000   32.000 -0.02748 17
-120.000   33.000 -0.02974 12
-120.000   34.000 -0.02876 18
-120.000   35.000 -0.03310 14
-120.000   36.000 -0.03461 18
-120.000   37.000 -0.03781 12
-120.000   38.000 -0.03874 17
-120.000   39.000 -0.03769 12
-120.000   40.000 -0.03318 17
-120.000   41.000 -0.02749 11
-120.000   42.000 -0.02220 14
-120.000   43.000 -0.01432 9
-120.000   44.000 -0.01148 14
-120.000   45.000 -0.00849 11
-120.000   46.000 -0.00936 19
-120.000   47.000 -0.00982 14
-120.000   48.000 -0.01330 24
-120.000   49.000 -0.01384 18
-120.000   50.000 -0.01432 27
-119.000   25.000  0.01828 18
-119.000   26.000  0.01642 21
-119.000   27.000  0.01300 16
-119.000   28.000  0.00496 19
-119.000   29.000 -0.00681 15
-119.000   30.000 -0.01894 19
-119.000   31.000 -0.02915 13
-119.000   32.000 -0.03268 16
-119.000   33.000 -0.03358 11
-119.000   34.000 -0.03033 16
-119.000   35.000 -0.03383 12
-119.000   36.000 -0.03408 14
-119.000   37.000 -0.03811 10
-119.000   38.000 -0.04093 13
-119.000   39.000 -0.04266 12
-119.000   40.000 -0.03844 14
-119.000   41.000 -0.03247 12
-119.000   42.000 -0.02519 12
-119.000   43.000 -0.01488 12
-119.000   44.000 -0.01000 12
-119.000   45.000 -0.00683 12
-119.000   46.000 -0.00923 13
-119.000   47.000 -0.01083 13
-119.000   48.000 -0.01521 15
-119.000   49.000 -0.01590 15
-119.000   50.000 -0.01615 16
-118.000   25.000  0.01036 19
-118.000   26.000  0.00993 23
-118.000   27.000  0.00711 19
-118.000   28.000  0.00031 22
-118.000   29.000 -0.01078 18
-118.000   30.000 -0.02232 22
-118.000   31.000 -0.03261 17
-118.000   32.000 -0.03562 21
-118.000   33.000 -0.03530 15
-118.000   34.000 -0.02994 20
-118.000   35.000 -0.03165 13
-118.000   36.000 -0.02970 17
-118.000   37.000 -0.03269 10
-118.000   38.000 -0.03533 16
-118.000   39.000 -0.03829 12
-118.000   40.000 -0.03458 16
-118.000   41.000 -0.02840 11
-118.000   42.000 -0.01808 12
-118.000   43.000 -0.00596 10
-118.000   44.000 -0.00015 13
-118.000   45.000  0.00172 11
-118.000   46.000 -0.00216 17
-118.000   47.000 -0.00600 14
-118.000   48.000 -0.01157 23
-118.000   49.000 -0.01224 19
-118.000   50.000 -0.01028 26
-117.000   25.000 -0.00011 18
-117.000   26.000 -0.00010 22
-117.000   27.000 -0.00212 17
-117.000   28.000 -0.00765 21
-117.000   29.000 -0.01696 16
-117.000   30.000 -0.02616 21
-117.000   31.000 -0.03421 15
-117.000   32.000 -0.03448 20
-117.000   33.000 -0.03147 14
-117.000   34.000 -0.02080 19
-117.000   35.000 -0.01763 12
-117.000   36.000 -0.01032 14
-117.000   37.000 -0.01187 9
-117.000   38.000 -0.01315 12
-117.000   39.000 -0.02006 12
-117.000   40.000 -0.02013 12
-117.000   41.000 -0.01881 12
-117.000   42.000 -0.00792 9
-117.000   43.000  0.00224 12
-117.000   44.000  0.00886 9
-117.000   45.000  0.01074 11
-117.000   46.000  0.00828 10
-117.000   47.000  0.00355 13
-117.000   48.000 -0.00156 14
-117.000   49.000 -0.00193 16
-117.000   50.000  0.00145 16
-116.000   25.000 -0.00777 18
-116.000   26.000 -0.00843 22
-116.000   27.000 -0.01050 18
-116.000   28.000 -0.01487 21
-116.000   29.000 -0.02199 18
-116.000   30.000 -0.02775 21
-116.000   31.000 -0.03240 17
-116.000   32.000 -0.02902 20
-116.000   33.000 -0.02355 15
-116.000   34.000 -0.00851 18
-116.000   35.000 -0.00106 11
-116.000   36.000  0.01184 14
-116.000   37.000  0.01233 9
-116.000   38.000  0.01411 14
-116.000   39.000  0.00416 12
-116.000   40.000  0.00243 13
-116.000   41.000 -0.00058 11
-116.000   42.000  0.01123 8
-116.000   43.000  0.01841 9
-116.000   44.000  0.02572 9
-116.000   45.000  0.02538 11
-116.000   46.000  0.02254 15
-116.000   47.000  0.01471 16
-116.000   48.000  0.00852 23
-116.000   49.000  0.00710 21
-116.000   50.000  0.01055 26
-115.000   25.000 -0.01239 18
-115.000   26.000 -0.01310 21
-115.000   27.000 -0.01414 16
-115.000   28.000 -0.01547 20
-115.000   29.000 -0.01753 15
-115.000   30.000 -0.01820 19
-115.000   31.000 -0.01859 13
-115.000   32.000 -0.01280 18
-115.000   33.000 -0.00661 13
-115.000   34.000  0.00858 16
-115.000   35.000  0.01744 10
-115.000   36.000  0.03136 12
-115.000   37.000  0.03156 11
-115.000   38.000  0.03319 13
-115.000   39.000  0.02000 13
-115.000   40.000  0.01558 10
-115.000   41.000  0.00833 11
-115.000   42.000  0.01936 6
-115.000   43.000  0.02366 10
-115.000   44.000  0.03284 7
-115.000   45.000  0.03291 12
-115.000   46.000  0.03128 11
-115.000   47.000  0.02238 15
-115.000   48.000  0.01603 15
-115.000   49.000  0.01267 17
-115.000   50.000  0.01320 16
-114.000   25.000 -0.01586 17
-114.000   26.000 -0.01593 21
-114.000   27.000 -0.01566 17
-114.000   28.000 -0.01366 20
-114.000   29.000 -0.01084 16
-114.000   30.000 -0.00734 18
-114.000   31.000 -0.00557 14
-114.000   32.000  0.00001 17
-114.000   33.000  0.00428 13
-114.000   34.000  0.01577 15
-114.000   35.000  0.02258 10
-114.000   36.000  0.03467 13
-114.000   37.000  0.03458 12
-114.000   38.000  0.03696 15
-114.000   39.000  0.02466 13
-114.000   40.000  0.02208 11
-114.000   41.000  0.01528 10
-114.000   42.000  0.02742 7
-114.000   43.000  0.03075 9
-114.000   44.000  0.04171 8
-114.000   45.000  0.04141 12
-114.000   46.000  0.03979 13
-114.000   47.000  0.02896 16
-114.000   48.000  0.02068 20
-114.000   49.000  0.01464 21
-114.000   50.000  0.01135 25
-113.000   25.000 -0.01482 17
-113.000   26.000 -0.01331 21
-113.000   27.000 -0.01141 16
-113.000   28.000 -0.00620 21
-113.000   29.000 -0.00001 14
-113.000   30.000  0.00582 18
-113.000   31.000  0.00875 11
-113.000   32.000  0.01304 17
-113.000   33.000  0.01605 12
-113.000   34.000  0.02424 16
-113.000   35.000  0.02922 11
-113.000   36.000  0.03735 13
-113.000   37.000  0.03537 13
-113.000   38.000  0.03547 14
-113.000   39.000  0.02295 14
-113.000   40.000  0.01968 10
-113.000   41.000  0.01203 11
-113.000   42.000  0.02140 7
-113.000   43.000  0.02244 11
-113.000   44.000  0.03322 7
-113.000   45.000  0.03400 12
-113.000   46.000  0.03542 8
-113.000   47.000  0.02789 13
-113.000   48.000  0.02181 11
-113.000   49.000  0.01611 16
-113.000   50.000  0.01105 15
-112.000   25.000 -0.01211 16
-112.000   26.000 -0.00914 21
-112.000   27.000 -0.00648 16
-112.000   28.000  0.00043 21
-112.000   29.000  0.00696 15
-112.000   30.000  0.01272 19
-112.000   31.000  0.01491 12
-112.000   32.000  0.01753 16
-112.000   33.000  0.01889 11
-112.000   34.000  0.02343 16
-112.000   35.000  0.02537 12
-112.000   36.000  0.02990 14
-112.000   37.000  0.02730 12
-112.000   38.000  0.02632 14
-112.000   39.000  0.01570 13
-112.000   40.000  0.01258 11
-112.000   41.000  0.00525 10
-112.000   42.000  0.01015 7
-112.000   43.000  0.01026 10
-112.000   44.000  0.02031 8
-112.000   45.000  0.02379 13
-112.000   46.000  0.02762 10
-112.000   47.000  0.02508 14
-112.000   48.000  0.02031 13
-112.000   49.000  0.01588 17
-112.000   50.000  0.00985 20
-111.000   25.000 -0.00743 17
-111.000   26.000 -0.00349 21
-111.000   27.000 -0.00087 15
-111.000   28.000  0.00607 21
-111.000   29.000  0.01109 13
-111.000   30.000  0.01553 19
-111.000   31.000  0.01773 10
-111.000   32.000  0.01961 17
-111.000   33.000  0.02167 10
-111.000   34.000  0.02426 16
-111.000   35.000  0.02451 11
-111.000   36.000  0.02411 14
-111.000   37.000  0.02026 13
-111.000   38.000  0.01505 14
-111.000   39.000  0.00517 14
-111.000   40.000 -0.00210 10
-111.000   41.000 -0.01019 11
-111.000   42.000 -0.01170 6
-111.000   43.000 -0.01200 11
-111.000   44.000 -0.00372 7
-111.000   45.000  0.00446 13
-111.000   46.000  0.01257 8
-111.000   47.000  0.01759 13
-111.000   48.000  0.01689 8
-111.000   49.000  0.01563 13
-111.000   50.000  0.01137 11
-110.000   25.000 -0.00661 16
-110.000   26.000 -0.00324 21
-110.000   27.000 -0.00174 14
-110.000   28.000  0.00298 20
-110.000   29.000  0.00502 12
-110.000   30.000  0.00764 19
-110.000   31.000  0.00996 10
-110.000   32.000  0.01261 17
-110.000   33.000  0.01589 9
-110.000   34.000  0.01869 15
-110.000   35.000  0.01799 10
-110.000   36.000  0.01502 15
-110.000   37.000  0.01043 13
-110.000   38.000  0.00338 13
-110.000   39.000 -0.00562 11
-110.000   40.000 -0.01493 9
-110.000   41.000 -0.02228 11
-110.000   42.000 -0.02688 8
-110.000   43.000 -0.02577 12
-110.000   44.000 -0.01876 9
-110.000   45.000 -0.00703 14
-110.000   46.000  0.00312 10
-110.000   47.000  0.01293 14
-110.000   48.000  0.01426 10
-110.000   49.000  0.01577 14
-110.000   50.000  0.01350 14
-109.000   25.000 -0.00636 18
-109.000   26.000 -0.00336 22
-109.000   27.000 -0.00277 14
-109.000   28.000  0.00047 19
-109.000   29.000  0.00103 10
-109.000   30.000  0.00272 18
-109.000   31.000  0.00540 9
-109.000   32.000  0.00883 18
-109.000   33.000  0.01335 9
-109.000   34.000  0.01648 15
-109.000   35.000  0.01641 9
-109.000   36.000  0.01167 15
-109.000   37.000  0.00677 14
-109.000   38.000 -0.00274 13
-109.000   39.000 -0.01168 12
-109.000   40.000 -0.02492 8
-109.000   41.000 -0.03200 12
-109.000   42.000 -0.03919 8
-109.000   43.000 -0.03704 13
-109.000   44.000 -0.03182 8
-109.000   45.000 -0.01817 13
-109.000   46.000 -0.00781 8
-109.000   47.000  0.00501 13
-109.000   48.000  0.00889 8
-109.000   49.000  0.01237 13
-109.000   50.000  0.01273 9
-108.000   25.000 -0.00495 15
-108.000   26.000 -0.00323 21
-108.000   27.000 -0.00393 12
-108.000   28.000 -0.00237 18
-108.000   29.000 -0.00236 9
-108.000   30.000 -0.00043 18
-108.000   31.000  0.00299 9
-108.000   32.000  0.00760 18
-108.000   33.000  0.01189 10
-108.000   34.000  0.01378 17
-108.000   35.000  0.01228 11
-108.000   36.000  0.00560 16
-108.000   37.000 -0.00037 13
-108.000   38.000 -0.01113 13
-108.000   39.000 -0.01927 12
-108.000   40.000 -0.03256 11
-108.000   41.000 -0.03741 14
-108.000   42.000 -0.04367 12
-108.000   43.000 -0.03927 15
-108.000   44.000 -0.03402 11
-108.000   45.000 -0.01986 14
-108.000   46.000 -0.01180 10
-108.000   47.000  0.00022 14
-108.000   48.000  0.00385 11
-108.000   49.000  0.00676 15
-108.000   50.000  0.00700 13
-107.000   25.000 -0.00332 17
-107.000   26.000 -0.00224 22
-107.000   27.000 -0.00366 13
-107.000   28.000 -0.00272 18
-107.000   29.000 -0.00190 9
-107.000   30.000  0.00058 18
-107.000   31.000  0.00387 9
-107.000   32.000  0.00850 18
-107.000   33.000  0.01238 10
-107.000   34.000  0.01230 17
-107.000   35.000  0.01063 12
-107.000   36.000  0.00341 17
-107.000   37.000 -0.00183 15
-107.000   38.000 -0.01260 16
-107.000   39.000 -0.01839 16
-107.000   40.000 -0.02939 13
-107.000   41.000 -0.03188 14
-107.000   42.000 -0.03726 10
-107.000   43.000 -0.03287 14
-107.000   44.000 -0.02960 9
-107.000   45.000 -0.01911 13
-107.000   46.000 -0.01434 8
-107.000   47.000 -0.00464 13
-107.000   48.000 -0.00075 9
-107.000   49.000  0.00140 14
-107.000   50.000  0.00199 10
-106.000   25.000 -0.00086 14
-106.000   26.000 -0.00096 22
-106.000   27.000 -0.00293 12
-106.000   28.000 -0.00305 20
-106.000   29.000 -0.00199 10
-106.000   30.000  0.00060 20
-106.000   31.000  0.00346 10
-106.000   32.000  0.00749 20
-106.000   33.000  0.00996 12
-106.000   34.000  0.00806 19
-106.000   35.000  0.00624 14
-106.000   36.000 -0.00014 18
-106.000   37.000 -0.00424 17
-106.000   38.000 -0.01277 18
-106.000   39.000 -0.01606 19
-106.000   40.000 -0.02337 16
-106.000   41.000 -0.02425 17
-106.000   42.000 -0.02808 12
-106.000   43.000 -0.02434 16
-106.000   44.000 -0.02220 10
-106.000   45.000 -0.01526 15
-106.000   46.000 -0.01325 9
-106.000   47.000 -0.00645 16
-106.000   48.000 -0.00365 13
-106.000   49.000 -0.00266 20
-106.000   50.000 -0.00297 15
-105.000   25.000  0.00016 18
-105.000   26.000  0.00005 24
-105.000   27.000 -0.00148 14
-105.000   28.000 -0.00173 20
-105.000   29.000 -0.00035 10
-105.000   30.000  0.00188 19
-105.000   31.000  0.00371 9
-105.000   32.000  0.00614 18
-105.000   33.000  0.00731 10
-105.000   34.000  0.00414 16
-105.000   35.000  0.00327 13
-105.000   36.000 -0.00121 18
-105.000   37.000 -0.00234 19
-105.000   38.000 -0.00750 18
-105.000   39.000 -0.00742 19
-105.000   40.000 -0.01174 13
-105.000   41.000 -0.01177 15
-105.000   42.000 -0.01569 8
-105.000   43.000 -0.01427 14
-105.000   44.000 -0.01459 7
-105.000   45.000 -0.01152 14
-105.000   46.000 -0.01166 7
-105.000   47.000 -0.00743 14
-105.000   48.000 -0.00494 9
-105.000   49.000 -0.00436 16
-105.000   50.000 -0.00450 10
-104.000   25.000  0.00291 15
-104.000   26.000  0.00218 22
-104.000   27.000  0.00069 12
-104.000   28.000 -0.00023 21
-104.000   29.000  0.00025 11
-104.000   30.000  0.00149 21
-104.000   31.000  0.00292 10
-104.000   32.000  0.00427 20
-104.000   33.000  0.00440 13
-104.000   34.000  0.00052 21
-104.000   35.000 -0.00052 19
-104.000   36.000 -0.00452 24
-104.000   37.000 -0.00431 25
-104.000   38.000 -0.00745 24
-104.000   39.000 -0.00535 25
-104.000   40.000 -0.00757 20
-104.000   41.000 -0.00652 22
-104.000   42.000 -0.00986 14
-104.000   43.000 -0.00893 19
-104.000   44.000 -0.01019 12
-104.000   45.000 -0.00835 20
-104.000   46.000 -0.00916 13
-104.000   47.000 -0.00651 20
-104.000   48.000 -0.00496 15
-104.000   49.000 -0.00434 22
-104.000   50.000 -0.00471 16
-103.000   25.000  0.00408 16
-103.000   26.000  0.00330 21
-103.000   27.000  0.00202 12
-103.000   28.000  0.00065 18
-103.000   29.000  0.00021 9
-103.000   30.000  0.00041 17
-103.000   31.000  0.00089 8
-103.000   32.000  0.00102 16
-103.000   33.000  0.00006 10
-103.000   34.000 -0.00378 18
-103.000   35.000 -0.00449 17
-103.000   36.000 -0.00693 23
-103.000   37.000 -0.00447 22
-103.000   38.000 -0.00470 21
-103.000   39.000 -0.00054 20
-103.000   40.000 -0.00122 16
-103.000   41.000  0.00008 17
-103.000   42.000 -0.00374 11
-103.000   43.000 -0.00423 15
-103.000   44.000 -0.00704 10
-103.000   45.000 -0.00672 16
-103.000   46.000 -0.00838 11
-103.000   47.000 -0.00666 15
-103.000   48.000 -0.00483 10
-103.000   49.000 -0.00385 14
-103.000   50.000 -0.00350 10
-102.000   25.000  0.00456 13
-102.000   26.000  0.00362 18
-102.000   27.000  0.00243 10
-102.000   28.000  0.00046 19
-102.000   29.000 -0.00125 10
-102.000   30.000 -0.00230 20
-102.000   31.000 -0.00283 10
-102.000   32.000 -0.00395 20
-102.000   33.000 -0.00564 14
-102.000   34.000 -0.00887 24
-102.000   35.000 -0.00938 23
-102.000   36.000 -0.01105 29
-102.000   37.000 -0.00774 28
-102.000   38.000 -0.00646 28
-102.000   39.000 -0.00149 27
-102.000   40.000 -0.00116 25
-102.000   41.000  0.00100 25
-102.000   42.000 -0.00194 19
-102.000   43.000 -0.00227 21
-102.000   44.000 -0.00519 16
-102.000   45.000 -0.00513 22
-102.000   46.000 -0.00729 16
-102.000   47.000 -0.00629 21
-102.000   48.000 -0.00469 16
-102.000   49.000 -0.00371 22
-102.000   50.000 -0.00323 17
-101.000   25.000  0.00381 15
-101.000   26.000  0.00286 19
-101.000   27.000  0.00190 10
-101.000   28.000 -0.00032 16
-101.000   29.000 -0.00182 8
-101.000   30.000 -0.00293 16
-101.000   31.000 -0.00410 8
-101.000   32.000 -0.00608 16
-101.000   33.000 -0.00889 10
-101.000   34.000 -0.01217 18
-101.000   35.000 -0.01313 16
-101.000   36.000 -0.01418 22
-101.000   37.000 -0.01031 20
-101.000   38.000 -0.00740 20
-101.000   39.000 -0.00144 18
-101.000   40.000  0.00003 17
-101.000   41.000  0.00275 17
-101.000   42.000  0.00023 13
-101.000   43.000 -0.00049 14
-101.000   44.000 -0.00409 10
-101.000   45.000 -0.00489 14
-101.000   46.000 -0.00745 9
-101.000   47.000 -0.00644 13
-101.000   48.000 -0.00396 9
-101.000   49.000 -0.00281 14
-101.000   50.000 -0.00138 10
-100.000   25.000  0.00355 14
-100.000   26.000  0.00241 18
-100.000   27.000  0.00145 10
-100.000   28.000 -0.00092 18
-100.000   29.000 -0.00222 11
-100.000   30.000 -0.00327 21
-100.000   31.000 -0.00454 12
-100.000   32.000 -0.00680 21
-100.000   33.000 -0.00991 15
-100.000   34.000 -0.01303 24
-100.000   35.000 -0.01461 22
-100.000   36.000 -0.01594 28
-100.000   37.000 -0.01293 27
-100.000   38.000 -0.00994 28
-100.000   39.000 -0.00432 27
-100.000   40.000 -0.00215 25
-100.000   41.000  0.00126 25
-100.000   42.000  0.00008 20
-100.000   43.000 -0.00015 22
-100.000   44.000 -0.00335 17
-100.000   45.000 -0.00419 22
-100.000   46.000 -0.00655 15
-100.000   47.000 -0.00550 20
-100.000   48.000 -0.00293 15
-100.000   49.000 -0.00177 22
-100.000   50.000 -0.00013 17
 -99.000   25.000  0.00436 15
 -99.000   26.000  0.00278 20
 -99.000   27.000  0.00188 11
 -99.000   28.000 -0.00080 16
 -99.000   29.000 -0.00133 9
 -99.000   30.000 -0.00155 17
 -99.000   31.000 -0.00210 10
 -99.000   32.000 -0.00384 17
 -99.000   33.000 -0.00739 11
 -99.000   34.000 -0.01073 18
 -99.000   35.000 -0.01334 15
 -99.000   36.000 -0.01514 21
 -99.000   37.000 -0.01316 19
 -99.000   38.000 -0.01002 21
 -99.000   39.000 -0.00464 19
 -99.000   40.000 -0.00187 16
 -99.000   41.000  0.00139 15
 -99.000   42.000  0.00065 11
 -99.000   43.000  0.00030 14
 -99.000   44.000 -0.00289 10
 -99.000   45.000 -0.00417 14
 -99.000   46.000 -0.00638 9
 -99.000   47.000 -0.00514 13
 -99.000   48.000 -0.00218 9
 -99.000   49.000 -0.00100 14
 -99.000   50.000  0.00114 10
 -98.000   25.000  0.00384 14
 -98.000   26.000  0.00178 20
 -98.000   27.000  0.00074 12
 -98.000   28.000 -0.00239 18
 -98.000   29.000 -0.00306 11
 -98.000   30.000 -0.00334 21
 -98.000   31.000 -0.00346 14
 -98.000   32.000 -0.00468 22
 -98.000   33.000 -0.00739 16
 -98.000   34.000 -0.00994 24
 -98.000   35.000 -0.01204 20
 -98.000   36.000 -0.01375 26
 -98.000   37.000 -0.01266 24
 -98.000   38.000 -0.01040 28
 -98.000   39.000 -0.00589 27
 -98.000   40.000 -0.00311 23
 -98.000   41.000  0.00003 22
 -98.000   42.000  0.00026 17
 -98.000   43.000  0.00040 22
 -98.000   44.000 -0.00200 17
 -98.000   45.000 -0.00309 22
 -98.000   46.000 -0.00455 17
 -98.000   47.000 -0.00339 22
 -98.000   48.000 -0.00090 17
 -98.000   49.000  0.00024 22
 -98.000   50.000  0.00220 17
 -97.000   25.000  0.00670 17
 -97.000   26.000  0.00384 22
 -97.000   27.000  0.00258 14
 -97.000   28.000 -0.00147 18
 -97.000   29.000 -0.00268 10
 -97.000   30.000 -0.00346 17
 -97.000   31.000 -0.00317 10
 -97.000   32.000 -0.00386 17
 -97.000   33.000 -0.00613 11
 -97.000   34.000 -0.00812 18
 -97.000   35.000 -0.01002 14
 -97.000   36.000 -0.01162 20
 -97.000   37.000 -0.01095 17
 -97.000   38.000 -0.00890 21
 -97.000   39.000 -0.00477 20
 -97.000   40.000 -0.00223 17
 -97.000   41.000  0.00016 16
 -97.000   42.000  0.00009 11
 -97.000   43.000  0.00001 16
 -97.000   44.000 -0.00208 11
 -97.000   45.000 -0.00300 16
 -97.000   46.000 -0.00390 12
 -97.000   47.000 -0.00257 16
 -97.000   48.000 -0.00004 11
 -97.000   49.000  0.00107 14
 -97.000   50.000  0.00306 10
 -96.000   25.000  0.00704 16
 -96.000   26.000  0.00401 21
 -96.000   27.000  0.00275 13
 -96.000   28.000 -0.00151 19
 -96.000   29.000 -0.00324 11
 -96.000   30.000 -0.00481 19
 -96.000   31.000 -0.00463 12
 -96.000   32.000 -0.00513 20
 -96.000   33.000 -0.00617 15
 -96.000   34.000 -0.00719 22
 -96.000   35.000 -0.00804 18
 -96.000   36.000 -0.00897 23
 -96.000   37.000 -0.00843 20
 -96.000   38.000 -0.00731 23
 -96.000   39.000 -0.00454 22
 -96.000   40.000 -0.00302 20
 -96.000   41.000 -0.00155 21
 -96.000   42.000 -0.00173 17
 -96.000   43.000 -0.00162 22
 -96.000   44.000 -0.00267 17
 -96.000   45.000 -0.00262 22
 -96.000   46.000 -0.00260 18
 -96.000   47.000 -0.00109 23
 -96.000   48.000  0.00083 17
 -96.000   49.000  0.00190 21
 -96.000   50.000  0.00334 15
 -95.000   25.000  0.01014 18
 -95.000   26.000  0.00690 22
 -95.000   27.000  0.00547 15
 -95.000   28.000  0.00063 20
 -95.000   29.000 -0.00175 11
 -95.000   30.000 -0.00423 17
 -95.000   31.000 -0.00434 9
 -95.000   32.000 -0.00487 17
 -95.000   33.000 -0.00520 11
 -95.000   34.000 -0.00550 17
 -95.000   35.000 -0.00552 13
 -95.000   36.000 -0.00586 18
 -95.000   37.000 -0.00470 15
 -95.000   38.000 -0.00369 17
 -95.000   39.000 -0.00162 16
 -95.000   40.000 -0.00136 14
 -95.000   41.000 -0.00118 15
 -95.000   42.000 -0.00258 11
 -95.000   43.000 -0.00306 16
 -95.000   44.000 -0.00385 11
 -95.000   45.000 -0.00307 16
 -95.000   46.000 -0.00235 11
 -95.000   47.000 -0.00051 16
 -95.000   48.000  0.00143 10
 -95.000   49.000  0.00243 15
 -95.000   50.000  0.00369 9
 -94.000   25.000  0.00890 16
 -94.000   26.000  0.00605 21
 -94.000   27.000  0.00447 13
 -94.000   28.000 -0.00034 19
 -94.000   29.000 -0.00334 11
 -94.000   30.000 -0.00646 19
 -94.000   31.000 -0.00706 12
 -94.000   32.000 -0.00771 20
 -94.000   33.000 -0.00690 14
 -94.000   34.000 -0.00610 19
 -94.000   35.000 -0.00468 14
 -94.000   36.000 -0.00421 19
 -94.000   37.000 -0.00217 16
 -94.000   38.000 -0.00150 19
 -94.000   39.000 -0.00024 16
 -94.000   40.000 -0.00115 17
 -94.000   41.000 -0.00174 16
 -94.000   42.000 -0.00371 16
 -94.000   43.000 -0.00439 18
 -94.000   44.000 -0.00474 17
 -94.000   45.000 -0.00318 19
 -94.000   46.000 -0.00161 17
 -94.000   47.000  0.00046 20
 -94.000   48.000  0.00224 17
 -94.000   49.000  0.00328 20
 -94.000   50.000  0.00418 15
 -93.000   25.000  0.01016 18
 -93.000   26.000  0.00769 23
 -93.000   27.000  0.00600 16
 -93.000   28.000  0.00121 20
 -93.000   29.000 -0.00224 13
 -93.000   30.000 -0.00615 20
 -93.000   31.000 -0.00724 12
 -93.000   32.000 -0.00795 19
 -93.000   33.000 -0.00642 11
 -93.000   34.000 -0.00478 17
 -93.000   35.000 -0.00215 11
 -93.000   36.000 -0.00093 17
 -93.000   37.000  0.00240 13
 -93.000   38.000  0.00330 17
 -93.000   39.000  0.00404 14
 -93.000   40.000  0.00159 15
 -93.000   41.000 -0.00055 13
 -93.000   42.000 -0.00436 12
 -93.000   43.000 -0.00617 14
 -93.000   44.000 -0.00674 12
 -93.000   45.000 -0.00466 15
 -93.000   46.000 -0.00233 12
 -93.000   47.000  0.00018 15
 -93.000   48.000  0.00238 12
 -93.000   49.000  0.00348 15
 -93.000   50.000  0.00443 11
 -92.000   25.000  0.00608 16
 -92.000   26.000  0.00436 22
 -92.000   27.000  0.00288 15
 -92.000   28.000 -0.00078 20
 -92.000   29.000 -0.00352 14
 -92.000   30.000 -0.00676 21
 -92.000   31.000 -0.00767 14
 -92.000   32.000 -0.00799 19
 -92.000   33.000 -0.00593 12
 -92.000   34.000 -0.00396 17
 -92.000   35.000 -0.00060 12
 -92.000   36.000  0.00109 17
 -92.000   37.000  0.00494 13
 -92.000   38.000  0.00560 18
 -92.000   39.000  0.00554 14
 -92.000   40.000  0.00220 18
 -92.000   41.000 -0.00081 14
 -92.000   42.000 -0.00529 17
 -92.000   43.000 -0.00754 15
 -92.000   44.000 -0.00807 17
 -92.000   45.000 -0.00584 16
 -92.000   46.000 -0.00309 17
 -92.000   47.000 -0.00049 17
 -92.000   48.000  0.00150 18
 -92.000   49.000  0.00262 18
 -92.000   50.000  0.00342 17
 -91.000   25.000  0.00427 17
 -91.000   26.000  0.00324 23
 -91.000   27.000  0.00208 17
 -91.000   28.000 -0.00058 21
 -91.000   29.000 -0.00241 15
 -91.000   30.000 -0.00518 21
 -91.000   31.000 -0.00583 13
 -91.000   32.000 -0.00598 18
 -91.000   33.000 -0.00361 10
 -91.000   34.000 -0.00158 17
 -91.000   35.000  0.00256 12
 -91.000   36.000  0.00469 18
 -91.000   37.000  0.00968 13
 -91.000   38.000  0.01040 17
 -91.000   39.000  0.00954 13
 -91.000   40.000  0.00460 15
 -91.000   41.000 -0.00012 13
 -91.000   42.000 -0.00646 13
 -91.000   43.000 -0.00983 13
 -91.000   44.000 -0.01051 11
 -91.000   45.000 -0.00806 13
 -91.000   46.000 -0.00487 11
 -91.000   47.000 -0.00197 14
 -91.000   48.000  0.00017 12
 -91.000   49.000  0.00121 15
 -91.000   50.000  0.00213 12
 -90.000   25.000 -0.00012 16
 -90.000   26.000 -0.00048 22
 -90.000   27.000 -0.00125 17
 -90.000   28.000 -0.00274 21
 -90.000   29.000 -0.00378 16
 -90.000   30.000 -0.00566 20
 -90.000   31.000 -0.00598 14
 -90.000   32.000 -0.00599 17
 -90.000   33.000 -0.00365 11
 -90.000   34.000 -0.00177 16
 -90.000   35.000  0.00270 12
 -90.000   36.000  0.00505 17
 -90.000   37.000  0.01028 13
 -90.000   38.000  0.01091 17
 -90.000   39.000  0.00967 13
 -90.000   40.000  0.00442 17
 -90.000   41.000 -0.00076 14
 -90.000   42.000 -0.00726 17
 -90.000   43.000 -0.01075 14
 -90.000   44.000 -0.01120 16
 -90.000   45.000 -0.00893 14
 -90.000   46.000 -0.00559 16
 -90.000   47.000 -0.00278 15
 -90.000   48.000 -0.00070 17
 -90.000   49.000  0.00026 17
 -90.000   50.000  0.00122 19
 -89.000   25.000 -0.00089 17
 -89.000   26.000 -0.00065 23
 -89.000   27.000 -0.00095 18
 -89.000   28.000 -0.00192 21
 -89.000   29.000 -0.00272 16
 -89.000   30.000 -0.00495 20
 -89.000   31.000 -0.00588 14
 -89.000   32.000 -0.00647 18
 -89.000   33.000 -0.00385 11
 -89.000   34.000 -0.00149 17
 -89.000   35.000  0.00435 12
 -89.000   36.000  0.00794 19
 -89.000   37.000  0.01428 14
 -89.000   38.000  0.01496 18
 -89.000   39.000  0.01290 13
 -89.000   40.000  0.00617 15
 -89.000   41.000 -0.00054 13
 -89.000   42.000 -0.00834 14
 -89.000   43.000 -0.01259 14
 -89.000   44.000 -0.01267 12
 -89.000   45.000 -0.01022 13
 -89.000   46.000 -0.00634 11
 -89.000   47.000 -0.00325 13
 -89.000   48.000 -0.00067 11
 -89.000   49.000  0.00019 14
 -89.000   50.000  0.00148 13
 -88.000   25.000 -0.00299 16
 -88.000   26.000 -0.00236 21
 -88.000   27.000 -0.00211 18
 -88.000   28.000 -0.00254 20
 -88.000   29.000 -0.00303 17
 -88.000   30.000 -0.00533 19
 -88.000   31.000 -0.00708 16
 -88.000   32.000 -0.00877 18
 -88.000   33.000 -0.00670 14
 -88.000   34.000 -0.00444 17
 -88.000   35.000  0.00186 13
 -88.000   36.000  0.00641 17
 -88.000   37.000  0.01312 13
 -88.000   38.000  0.01400 17
 -88.000   39.000  0.01184 13
 -88.000   40.000  0.00556 16
 -88.000   41.000 -0.00079 13
 -88.000   42.000 -0.00783 17
 -88.000   43.000 -0.01180 15
 -88.000   44.000 -0.01158 17
 -88.000   45.000 -0.00980 14
 -88.000   46.000 -0.00642 17
 -88.000   47.000 -0.00380 15
 -88.000   48.000 -0.00127 18
 -88.000   49.000 -0.00057 17
 -88.000   50.000  0.00085 21
 -87.000   25.000 -0.00193 17
 -87.000   26.000 -0.00115 21
 -87.000   27.000 -0.00055 17
 -87.000   28.000 -0.00100 20
 -87.000   29.000 -0.00188 16
 -87.000   30.000 -0.00522 20
 -87.000   31.000 -0.00841 16
 -87.000   32.000 -0.01154 20
 -87.000   33.000 -0.00959 14
 -87.000   34.000 -0.00669 18
 -87.000   35.000  0.00117 13
 -87.000   36.000  0.00754 19
 -87.000   37.000  0.01562 14
 -87.000   38.000  0.01671 19
 -87.000   39.000  0.01401 14
 -87.000   40.000  0.00684 16
 -87.000   41.000 -0.00030 13
 -87.000   42.000 -0.00784 15
 -87.000   43.000 -0.01211 15
 -87.000   44.000 -0.01170 13
 -87.000   45.000 -0.01019 13
 -87.000   46.000 -0.00697 12
 -87.000   47.000 -0.00445 14
 -87.000   48.000 -0.00141 13
 -87.000   49.000 -0.00071 15
 -87.000   50.000  0.00102 14
 -86.000   25.000 -0.00017 18
 -86.000   26.000  0.00037 21
 -86.000   27.000  0.00098 18
 -86.000   28.000  0.00026 20
 -86.000   29.000 -0.00127 17
 -86.000   30.000 -0.00517 20
 -86.000   31.000 -0.00918 18
 -86.000   32.000 -0.01314 21
 -86.000   33.000 -0.01213 17
 -86.000   34.000 -0.00946 20
 -86.000   35.000 -0.00211 16
 -86.000   36.000  0.00426 20
 -86.000   37.000  0.01153 15
 -86.000   38.000  0.01252 18
 -86.000   39.000  0.01008 13
 -86.000   40.000  0.00379 16
 -86.000   41.000 -0.00240 13
 -86.000   42.000 -0.00849 18
 -86.000   43.000 -0.01178 16
 -86.000   44.000 -0.01093 18
 -86.000   45.000 -0.00959 14
 -86.000   46.000 -0.00657 18
 -86.000   47.000 -0.00438 16
 -86.000   48.000 -0.00122 20
 -86.000   49.000 -0.00062 17
 -86.000   50.000  0.00109 21
 -85.000   25.000  0.00318 19
 -85.000   26.000  0.00345 22
 -85.000   27.000  0.00385 17
 -85.000   28.000  0.00271 21
 -85.000   29.000  0.00037 16
 -85.000   30.000 -0.00452 21
 -85.000   31.000 -0.00884 17
 -85.000   32.000 -0.01293 22
 -85.000   33.000 -0.01170 15
 -85.000   34.000 -0.00871 20
 -85.000   35.000 -0.00107 15
 -85.000   36.000  0.00511 22
 -85.000   37.000  0.01163 16
 -85.000   38.000  0.01164 19
 -85.000   39.000  0.00856 13
 -85.000   40.000  0.00157 16
 -85.000   41.000 -0.00502 13
 -85.000   42.000 -0.01091 16
 -85.000   43.000 -0.01358 15
 -85.000   44.000 -0.01204 14
 -85.000   45.000 -0.01008 13
 -85.000   46.000 -0.00663 12
 -85.000   47.000 -0.00418 14
 -85.000   48.000 -0.00087 13
 -85.000   49.000 -0.00029 14
 -85.000   50.000  0.00128 13
 -84.000   25.000  0.00519 20
 -84.000   26.000  0.00517 23
 -84.000   27.000  0.00543 19
 -84.000   28.000  0.00427 22
 -84.000   29.000  0.00193 18
 -84.000   30.000 -0.00280 22
 -84.000   31.000 -0.00643 19
 -84.000   32.000 -0.01003 23
 -84.000   33.000 -0.00927 18
 -84.000   34.000 -0.00724 22
 -84.000   35.000 -0.00174 18
 -84.000   36.000  0.00225 23
 -84.000   37.000  0.00614 17
 -84.000   38.000  0.00508 19
 -84.000   39.000  0.00214 13
 -84.000   40.000 -0.00355 18
 -84.000   41.000 -0.00876 14
 -84.000   42.000 -0.01270 19
 -84.000   43.000 -0.01407 15
 -84.000   44.000 -0.01227 20
 -84.000   45.000 -0.01033 16
 -84.000   46.000 -0.00717 20
 -84.000   47.000 -0.00492 16
 -84.000   48.000 -0.00204 20
 -84.000   49.000 -0.00147 16
 -84.000   50.000 -0.00005 20
 -83.000   25.000  0.00600 19
 -83.000   26.000  0.00631 22
 -83.000   27.000  0.00651 17
 -83.000   28.000  0.00587 22
 -83.000   29.000  0.00381 17
 -83.000   30.000 -0.00110 22
 -83.000   31.000 -0.00361 17
 -83.000   32.000 -0.00606 22
 -83.000   33.000 -0.00401 16
 -83.000   34.000 -0.00201 21
 -83.000   35.000  0.00261 16
 -83.000   36.000  0.00447 22
 -83.000   37.000  0.00583 16
 -83.000   38.000  0.00267 19
 -83.000   39.000 -0.00126 13
 -83.000   40.000 -0.00702 18
 -83.000   41.000 -0.01191 14
 -83.000   42.000 -0.01478 17
 -83.000   43.000 -0.01531 14
 -83.000   44.000 -0.01310 17
 -83.000   45.000 -0.01096 16
 -83.000   46.000 -0.00782 15
 -83.000   47.000 -0.00537 14
 -83.000   48.000 -0.00266 13
 -83.000   49.000 -0.00196 14
 -83.000   50.000 -0.00051 13
 -82.000   25.000  0.00584 20
 -82.000   26.000  0.00651 23
 -82.000   27.000  0.00672 19
 -82.000   28.000  0.00663 23
 -82.000   29.000  0.00533 19
 -82.000   30.000  0.00100 23
 -82.000   31.000 -0.00015 19
 -82.000   32.000 -0.00142 23
 -82.000   33.000  0.00087 19
 -82.000   34.000  0.00192 22
 -82.000   35.000  0.00428 18
 -82.000   36.000  0.00334 22
 -82.000   37.000  0.00189 18
 -82.000   38.000 -0.00241 21
 -82.000   39.000 -0.00613 15
 -82.000   40.000 -0.01061 20
 -82.000   41.000 -0.01414 15
 -82.000   42.000 -0.01548 20
 -82.000   43.000 -0.01515 15
 -82.000   44.000 -0.01285 22
 -82.000   45.000 -0.01057 18
 -82.000   46.000 -0.00732 22
 -82.000   47.000 -0.00475 16
 -82.000   48.000 -0.00243 21
 -82.000   49.000 -0.00167 17
 -82.000   50.000 -0.00034 21
 -81.000   25.000  0.00458 19
 -81.000   26.000  0.00593 22
 -81.000   27.000  0.00622 17
 -81.000   28.000  0.00704 22
 -81.000   29.000  0.00616 17
 -81.000   30.000  0.00145 22
 -81.000   31.000  0.00092 17
 -81.000   32.000  0.00067 22
 -81.000   33.000  0.00418 17
 -81.000   34.000  0.00556 21
 -81.000   35.000  0.00772 16
 -81.000   36.000  0.00583 21
 -81.000   37.000  0.00307 17
 -81.000   38.000 -0.00223 20
 -81.000   39.000 -0.00632 14
 -81.000   40.000 -0.01050 17
 -81.000   41.000 -0.01370 13
 -81.000   42.000 -0.01455 17
 -81.000   43.000 -0.01413 15
 -81.000   44.000 -0.01173 18
 -81.000   45.000 -0.00955 16
 -81.000   46.000 -0.00633 15
 -81.000   47.000 -0.00370 14
 -81.000   48.000 -0.00155 14
 -81.000   49.000 -0.00074 15
 -81.000   50.000  0.00049 14
 -80.000   25.000  0.00285 20
 -80.000   26.000  0.00499 22
 -80.000   27.000  0.00576 18
 -80.000   28.000  0.00741 22
 -80.000   29.000  0.00706 19
 -80.000   30.000  0.00272 23
 -80.000   31.000  0.00199 19
 -80.000   32.000  0.00154 23
 -80.000   33.000  0.00446 19
 -80.000   34.000  0.00542 23
 -80.000   35.000  0.00664 19
 -80.000   36.000  0.00422 24
 -80.000   37.000  0.00104 20
 -80.000   38.000 -0.00367 23
 -80.000   39.000 -0.00696 17
 -80.000   40.000 -0.00949 20
 -80.000   41.000 -0.01135 15
 -80.000   42.000 -0.01126 19
 -80.000   43.000 -0.01091 15
 -80.000   44.000 -0.00893 20
 -80.000   45.000 -0.00744 16
 -80.000   46.000 -0.00485 21
 -80.000   47.000 -0.00271 17
 -80.000   48.000 -0.00073 23
 -80.000   49.000  0.00007 18
 -80.000   50.000  0.00126 23
 -79.000   25.000  0.00140 19
 -79.000   26.000  0.00443 21
 -79.000   27.000  0.00571 16
 -79.000   28.000  0.00827 21
 -79.000   29.000  0.00796 17
 -79.000   30.000  0.00313 22
 -79.000   31.000  0.00160 17
 -79.000   32.000  0.00060 22
 -79.000   33.000  0.00330 17
 -79.000   34.000  0.00463 23
 -79.000   35.000  0.00622 18
 -79.000   36.000  0.00446 24
 -79.000   37.000  0.00163 18
 -79.000   38.000 -0.00247 22
 -79.000   39.000 -0.00546 16
 -79.000   40.000 -0.00719 19
 -79.000   41.000 -0.00852 14
 -79.000   42.000 -0.00806 17
 -79.000   43.000 -0.00787 15
 -79.000   44.000 -0.00587 18
 -79.000   45.000 -0.00487 16
 -79.000   46.000 -0.00281 17
 -79.000   47.000 -0.00120 16
 -79.000   48.000  0.00070 16
 -79.000   49.000  0.00132 15
 -79.000   50.000  0.00230 15
 -78.000   25.000  0.00171 19
 -78.000   26.000  0.00453 20
 -78.000   27.000  0.00605 17
 -78.000   28.000  0.00815 21
 -78.000   29.000  0.00771 19
 -78.000   30.000  0.00374 24
 -78.000   31.000  0.00176 20
 -78.000   32.000  0.00000 24
 -78.000   33.000  0.00114 19
 -78.000   34.000  0.00196 24
 -78.000   35.000  0.00302 20
 -78.000   36.000  0.00194 26
 -78.000   37.000  0.00004 21
 -78.000   38.000 -0.00222 25
 -78.000   39.000 -0.00417 19
 -78.000   40.000 -0.00486 22
 -78.000   41.000 -0.00580 16
 -78.000   42.000 -0.00528 19
 -78.000   43.000 -0.00542 15
 -78.000   44.000 -0.00351 20
 -78.000   45.000 -0.00267 16
 -78.000   46.000 -0.00064 22
 -78.000   47.000  0.00051 18
 -78.000   48.000  0.00227 24
 -78.000   49.000  0.00265 18
 -78.000   50.000  0.00337 24
 -77.000   25.000  0.00302 17
 -77.000   26.000  0.00530 20
 -77.000   27.000  0.00675 16
 -77.000   28.000  0.00816 21
 -77.000   29.000  0.00741 17
 -77.000   30.000  0.00355 23
 -77.000   31.000  0.00091 18
 -77.000   32.000 -0.00154 23
 -77.000   33.000 -0.00137 17
 -77.000   34.000 -0.00069 22
 -77.000   35.000  0.00042 17
 -77.000   36.000  0.00065 23
 -77.000   37.000 -0.00021 18
 -77.000   38.000 -0.00092 23
 -77.000   39.000 -0.00258 17
 -77.000   40.000 -0.00283 20
 -77.000   41.000 -0.00390 14
 -77.000   42.000 -0.00347 17
 -77.000   43.000 -0.00384 15
 -77.000   44.000 -0.00189 19
 -77.000   45.000 -0.00125 17
 -77.000   46.000 -0.00033 18
 -77.000   47.000 -0.00045 16
 -77.000   48.000  0.00023 16
 -77.000   49.000 -0.00016 15
 -77.000   50.000 -0.00064 15
 -76.000   25.000  0.00491 19
 -76.000   26.000  0.00625 23
 -76.000   27.000  0.00749 19
 -76.000   28.000  0.00776 22
 -76.000   29.000  0.00675 18
 -76.000   30.000  0.00390 23
 -76.000   31.000  0.00095 20
 -76.000   32.000 -0.00215 23
 -76.000   33.000 -0.00336 18
 -76.000   34.000 -0.00327 22
 -76.000   35.000 -0.00273 19
 -76.000   36.000 -0.00179 25
 -76.000   37.000 -0.00169 21
 -76.000   38.000 -0.00095 25
 -76.000   39.000 -0.00192 19
 -76.000   40.000 -0.00150 22
 -76.000   41.000 -0.00224 17
 -76.000   42.000 -0.00170 20
 -76.000   43.000 -0.00217 16
 -76.000   44.000 -0.00050 21
 -76.000   45.000 -0.00012 17
 -76.000   46.000 -0.00010 22
 -76.000   47.000 -0.00127 17
 -76.000   48.000 -0.00138 22
 -76.000   49.000 -0.00228 17
 -76.000   50.000 -0.00356 23
 -75.000   25.000  0.00673 18
 -75.000   26.000  0.00733 24
 -75.000   27.000  0.00831 18
 -75.000   28.000  0.00798 22
 -75.000   29.000  0.00670 16
 -75.000   30.000  0.00385 21
 -75.000   31.000  0.00019 18
 -75.000   32.000 -0.00358 22
 -75.000   33.000 -0.00594 18
 -75.000   34.000 -0.00635 22
 -75.000   35.000 -0.00610 18
 -75.000   36.000 -0.00432 23
 -75.000   37.000 -0.00351 18
 -75.000   38.000 -0.00173 23
 -75.000   39.000 -0.00216 17
 -75.000   40.000 -0.00136 20
 -75.000   41.000 -0.00165 15
 -75.000   42.000 -0.00097 18
 -75.000   43.000 -0.00116 16
 -75.000   44.000  0.00021 20
 -75.000   45.000  0.00051 18
 -75.000   46.000 -0.00079 20
 -75.000   47.000 -0.00300 17
 -75.000   48.000 -0.00455 18
 -75.000   49.000 -0.00609 16
 -75.000   50.000 -0.00863 16
 -74.000   25.000  0.00807 21
 -74.000   26.000  0.00761 27
 -74.000   27.000  0.00807 21
 -74.000   28.000  0.00673 25
 -74.000   29.000  0.00531 19
 -74.000   30.000  0.00314 24
 -74.000   31.000 -0.00042 21
 -74.000   32.000 -0.00429 24
 -74.000   33.000 -0.00736 20
 -74.000   34.000 -0.00827 23
 -74.000   35.000 -0.00808 20
 -74.000   36.000 -0.00584 24
 -74.000   37.000 -0.00418 20
 -74.000   38.000 -0.00175 24
 -74.000   39.000 -0.00156 19
 -74.000   40.000 -0.00082 22
 -74.000   41.000 -0.00103 18
 -74.000   42.000 -0.00066 21
 -74.000   43.000 -0.00079 17
 -74.000   44.000  0.00025 22
 -74.000   45.000  0.00082 18
 -74.000   46.000 -0.00062 24
 -74.000   47.000 -0.00282 19
 -74.000   48.000 -0.00487 24
 -74.000   49.000 -0.00647 19
 -74.000   50.000 -0.00954 23
 -73.000   25.000  0.00753 18
 -73.000   26.000  0.00697 24
 -73.000   27.000  0.00753 18
 -73.000   28.000  0.00637 24
 -73.000   29.000  0.00526 18
 -73.000   30.000  0.00306 24
 -73.000   31.000 -0.00096 20
 -73.000   32.000 -0.00552 25
 -73.000   33.000 -0.00953 21
 -73.000   34.000 -0.01101 24
 -73.000   35.000 -0.01083 19
 -73.000   36.000 -0.00806 22
 -73.000   37.000 -0.00564 17
 -73.000   38.000 -0.00257 21
 -73.000   39.000 -0.00183 16
 -73.000   40.000 -0.00123 19
 -73.000   41.000 -0.00120 15
 -73.000   42.000 -0.00112 18
 -73.000   43.000 -0.00100 16
 -73.000   44.000 -0.00034 20
 -73.000   45.000  0.00052 18
 -73.000   46.000 -0.00126 21
 -73.000   47.000 -0.00336 19
 -73.000   48.000 -0.00588 22
 -73.000   49.000 -0.00741 20
 -73.000   50.000 -0.01092 18
 -72.000   25.000  0.00616 20
 -72.000   26.000  0.00590 26
 -72.000   27.000  0.00667 21
 -72.000   28.000  0.00588 27
 -72.000   29.000  0.00512 21
 -72.000   30.000  0.00336 26
 -72.000   31.000 -0.00023 21
 -72.000   32.000 -0.00478 25
 -72.000   33.000 -0.00886 21
 -72.000   34.000 -0.01057 24
 -72.000   35.000 -0.01036 20
 -72.000   36.000 -0.00807 24
 -72.000   37.000 -0.00546 20
 -72.000   38.000 -0.00254 23
 -72.000   39.000 -0.00125 18
 -72.000   40.000 -0.00082 21
 -72.000   41.000 -0.00048 18
 -72.000   42.000 -0.00075 21
 -72.000   43.000 -0.00038 19
 -72.000   44.000 -0.00016 23
 -72.000   45.000  0.00099 20
 -72.000   46.000 -0.00028 23
 -72.000   47.000 -0.00126 20
 -72.000   48.000 -0.00315 24
 -72.000   49.000 -0.00392 21
 -72.000   50.000 -0.00678 22
 -71.000   25.000  0.00379 18
 -71.000   26.000  0.00423 24
 -71.000   27.000  0.00562 18
 -71.000   28.000  0.00551 24
 -71.000   29.000  0.00517 18
 -71.000   30.000  0.00338 23
 -71.000   31.000 -0.00037 19
 -71.000   32.000 -0.00539 24
 -71.000   33.000 -0.00974 21
 -71.000   34.000 -0.01156 24
 -71.000   35.000 -0.01125 19
 -71.000   36.000 -0.00908 23
 -71.000   37.000 -0.00622 18
 -71.000   38.000 -0.00312 21
 -71.000   39.000 -0.00119 15
 -71.000   40.000 -0.00072 18
 -71.000   41.000  0.00007 15
 -71.000   42.000 -0.00062 18
 -71.000   43.000 -0.00019 18
 -71.000   44.000 -0.00079 21
 -71.000   45.000  0.00026 20
 -71.000   46.000 -0.00102 20
 -71.000   47.000 -0.00095 19
 -71.000   48.000 -0.00223 21
 -71.000   49.000 -0.00214 20
 -71.000   50.000 -0.00413 19
 -70.000   25.000  0.00266 18
 -70.000   26.000  0.00321 24
 -70.000   27.000  0.00455 20
 -70.000   28.000  0.00438 25
 -70.000   29.000  0.00400 20
 -70.000   30.000  0.00245 24
 -70.000   31.000 -0.00064 20
 -70.000   32.000 -0.00490 24
 -70.000   33.000 -0.00824 21
 -70.000   34.000 -0.00960 24
 -70.000   35.000 -0.00897 20
 -70.000   36.000 -0.00735 23
 -70.000   37.000 -0.00467 19
 -70.000   38.000 -0.00222 22
 -70.000   39.000 -0.00019 19
 -70.000   40.000  0.00005 21
 -70.000   41.000  0.00093 19
 -70.000   42.000 -0.00020 20
 -70.000   43.000  0.00002 21
 -70.000   44.000 -0.00121 23
 -70.000   45.000 -0.00041 23
 -70.000   46.000 -0.00122 23
 -70.000   47.000 -0.00019 21
 -70.000   48.000 -0.00047 22
 -70.000   49.000  0.00049 20
 -70.000   50.000 -0.00035 22
 -69.000   25.000  0.00186 17
 -69.000   26.000  0.00270 24
 -69.000   27.000  0.00413 18
 -69.000   28.000  0.00417 24
 -69.000   29.000  0.00382 19
 -69.000   30.000  0.00201 24
 -69.000   31.000 -0.00140 20
 -69.000   32.000 -0.00566 24
 -69.000   33.000 -0.00871 21
 -69.000   34.000 -0.00993 24
 -69.000   35.000 -0.00923 19
 -69.000   36.000 -0.00770 21
 -69.000   37.000 -0.00501 16
 -69.000   38.000 -0.00287 19
 -69.000   39.000 -0.00066 16
 -69.000   40.000 -0.00026 18
 -69.000   41.000  0.00105 16
 -69.000   42.000 -0.00014 17
 -69.000   43.000 -0.00020 17
 -69.000   44.000 -0.00215 19
 -69.000   45.000 -0.00197 19
 -69.000   46.000 -0.00300 20
 -69.000   47.000 -0.00196 18
 -69.000   48.000 -0.00193 20
 -69.000   49.000 -0.00060 18
 -69.000   50.000 -0.00085 20
 -68.000   25.000  0.00289 16
 -68.000   26.000  0.00370 23
 -68.000   27.000  0.00470 19
 -68.000   28.000  0.00474 25
 -68.000   29.000  0.00414 21
 -68.000   30.000  0.00211 26
 -68.000   31.000 -0.00124 22
 -68.000   32.000 -0.00465 26
 -68.000   33.000 -0.00672 22
 -68.000   34.000 -0.00760 26
 -68.000   35.000 -0.00689 21
 -68.000   36.000 -0.00589 23
 -68.000   37.000 -0.00363 19
 -68.000   38.000 -0.00250 21
 -68.000   39.000 -0.00026 20
 -68.000   40.000  0.00032 20
 -68.000   41.000  0.00222 20
 -68.000   42.000  0.00107 19
 -68.000   43.000  0.00096 21
 -68.000   44.000 -0.00152 22
 -68.000   45.000 -0.00187 24
 -68.000   46.000 -0.00327 24
 -68.000   47.000 -0.00245 23
 -68.000   48.000 -0.00253 24
 -68.000   49.000 -0.00118 23
 -68.000   50.000 -0.00133 24
 -67.000   25.000  0.00372 17
 -67.000   26.000  0.00454 25
 -67.000   27.000  0.00538 18
 -67.000   28.000  0.00561 26
 -67.000   29.000  0.00493 21
 -67.000   30.000  0.00232 27
 -67.000   31.000 -0.00165 22
 -67.000   32.000 -0.00497 26
 -67.000   33.000 -0.00676 22
 -67.000   34.000 -0.00747 26
 -67.000   35.000 -0.00655 20
 -67.000   36.000 -0.00535 23
 -67.000   37.000 -0.00305 18
 -67.000   38.000 -0.00226 20
 -67.000   39.000  0.00002 16
 -67.000   40.000  0.00086 17
 -67.000   41.000  0.00312 16
 -67.000   42.000  0.00189 17
 -67.000   43.000  0.00144 18
 -67.000   44.000 -0.00147 20
 -67.000   45.000 -0.00237 21
 -67.000   46.000 -0.00408 21
 -67.000   47.000 -0.00354 20
 -67.000   48.000 -0.00374 22
 -67.000   49.000 -0.00250 21
 -67.000   50.000 -0.00274 22
 -66.000   25.000  0.00516 13
 -66.000   26.000  0.00572 19
 -66.000   27.000  0.00607 14
 -66.000   28.000  0.00611 20
 -66.000   29.000  0.00509 17
 -66.000   30.000  0.00214 21
 -66.000   31.000 -0.00197 18
 -66.000   32.000 -0.00478 22
 -66.000   33.000 -0.00606 19
 -66.000   34.000 -0.00655 23
 -66.000   35.000 -0.00551 19
 -66.000   36.000 -0.00438 20
 -66.000   37.000 -0.00232 17
 -66.000   38.000 -0.00215 16
 -66.000   39.000 -0.00007 16
 -66.000   40.000  0.00079 14
 -66.000   41.000  0.00320 16
 -66.000   42.000  0.00215 14
 -66.000   43.000  0.00166 18
 -66.000   44.000 -0.00116 18
 -66.000   45.000 -0.00224 22
 -66.000   46.000 -0.00395 20
 -66.000   47.000 -0.00380 20
 -66.000   48.000 -0.00425 19
 -66.000   49.000 -0.00329 19
 -66.000   50.000 -0.00378 19
 -65.000   25.000  0.00586 8
 -65.000   26.000  0.00626 12
 -65.000   27.000  0.00649 8
 -65.000   28.000  0.00660 12
 -65.000   29.000  0.00574 10
 -65.000   30.000  0.00245 12
 -65.000   31.000 -0.00202 10
 -65.000   32.000 -0.00497 12
 -65.000   33.000 -0.00629 11
 -65.000   34.000 -0.00691 13
 -65.000   35.000 -0.00577 11
 -65.000   36.000 -0.00436 11
 -65.000   37.000 -0.00212 9
 -65.000   38.000 -0.00205 8
 -65.000   39.000 -0.00010 8
 -65.000   40.000  0.00080 7
 -65.000   41.000  0.00319 8
 -65.000   42.000  0.00214 7
 -65.000   43.000  0.00144 9
 -65.000   44.000 -0.00137 9
 -65.000   45.000 -0.00264 11
 -65.000   46.000 -0.00424 10
 -65.000   47.000 -0.00429 9
 -65.000   48.000 -0.00478 9
 -65.000   49.000 -0.00396 8
 -65.000   50.000 -0.00454 9
