-130.000   25.000  0.00000 0
-130.000   26.000  0.00000 0
-130.000   27.000  0.00000 0
-130.000   28.000  0.00000 0
-130.000   29.000  0.00000 0
-130.000   30.000  0.00000 0
-130.000   31.000  0.00000 0
-130.000   32.000  0.00000 0
-130.000   33.000  0.00000 0
-130.000   34.000  0.00000 0
-130.000   35.000  0.00000 0
-130.000   36.000  0.00000 0
-130.000   37.000  0.00000 0
-130.000   38.000  0.00000 0
-130.000   39.000  0.00000 0
-130.000   40.000  0.00000 0
-130.000   41.000  0.00000 0
-130.000   42.000  0.00000 0
-130.000   43.000  0.00000 0
-130.000   44.000  0.00000 0
-130.000   45.000  0.00000 0
-130.000   46.000  0.00000 0
-130.000   47.000 -0.00218 0
-130.000   48.000 -0.00218 0
-130.000   49.000 -0.00273 0
-130.000   50.000 -0.00364 0
-129.000   25.000  0.00000 0
-129.000   26.000  0.00000 0
-129.000   27.000  0.00000 0
-129.000   28.000  0.00000 0
-129.000   29.000  0.00000 0
-129.000   30.000  0.00000 0
-129.000   31.000  0.00000 0
-129.000   32.000  0.00000 0
-129.000   33.000  0.00000 0
-129.000   34.000  0.00000 0
-129.000   35.000  0.00000 0
-129.000   36.000  0.00000 0
-129.000   37.000  0.00000 0
-129.000   38.000  0.00000 0
-129.000   39.000  0.00000 0
-129.000   40.000  0.00000 0
-129.000   41.000  0.00000 0
-129.000   42.000  0.00000 0
-129.000   43.000  0.00000 0
-129.000   44.000  0.00000 0
-129.000   45.000  0.00000 0
-129.000   46.000  0.00004 0
-129.000   47.000 -0.00160 0
-129.000   48.000 -0.00160 0
-129.000   49.000 -0.00200 9
-129.000   50.000 -0.00267 5
-128.000   25.000  0.00000 0
-128.000   26.000  0.00000 0
-128.000   27.000  0.00000 0
-128.000   28.000  0.00000 0
-128.000   29.000  0.00000 0
-128.000   30.000  0.00000 0
-128.000   31.000  0.00000 0
-128.000   32.000  0.00000 0
-128.000   33.000  0.00000 0
-128.000   34.000  0.00000 0
-128.000   35.000  0.00000 0
-128.000   36.000  0.00000 0
-128.000   37.000  0.00000 0
-128.000   38.000  0.00000 0
-128.000   39.000 -0.00080 0
-128.000   40.000 -0.00263 0
-128.000   41.000 -0.00365 0
-128.000   42.000 -0.00243 0
-128.000   43.000 -0.00332 0
-128.000   44.000 -0.00252 0
-128.000   45.000 -0.00143 0
-128.000   46.000  0.00080 0
-128.000   47.000 -0.00062 0
-128.000   48.000  0.00135 0
-128.000   49.000  0.00169 4
-128.000   50.000  0.00349 2
-127.000   25.000  0.00000 0
-127.000   26.000  0.00000 0
-127.000   27.000  0.00000 0
-127.000   28.000  0.00000 0
-127.000   29.000  0.00000 0
-127.000   30.000  0.00000 0
-127.000   31.000  0.00000 0
-127.000   32.000  0.00000 0
-127.000   33.000  0.00000 0
-127.000   34.000  0.00000 0
-127.000   35.000  0.00000 0
-127.000   36.000  0.00000 0
-127.000   37.000 -0.00071 0
-127.000   38.000 -0.00202 0
-127.000   39.000 -0.00314 0
-127.000   40.000 -0.00527 0
-127.000   41.000 -0.00633 0
-127.000   42.000 -0.00450 0
-127.000   43.000 -0.00390 0
-127.000   44.000 -0.00288 0
-127.000   45.000 -0.00137 0
-127.000   46.000  0.00133 0
-127.000   47.000  0.00127 0
-127.000   48.000  0.00278 10
-127.000   49.000  0.00360 2
-127.000   50.000  0.00583 0
-126.000   25.000  0.00000 0
-126.000   26.000  0.00000 0
-126.000   27.000  0.00000 0
-126.000   28.000  0.00000 0
-126.000   29.000  0.00000 0
-126.000   30.000  0.00000 0
-126.000   31.000  0.00000 0
-126.000   32.000  0.00000 0
-126.000   33.000  0.00000 0
-126.000   34.000  0.00000 0
-126.000   35.000 -0.00052 0
-126.000   36.000 -0.00041 0
-126.000   37.000 -0.00165 0
-126.000   38.000 -0.00332 0
-126.000   39.000 -0.00439 2
-126.000   40.000 -0.00627 0
-126.000   41.000 -0.00776 12
-126.000   42.000 -0.00518 6
-126.000   43.000 -0.00445 14
-126.000   44.000 -0.00266 14
-126.000   45.000 -0.00044 6
-126.000   46.000  0.00302 0
-126.000   47.000  0.00505 15
-126.000   48.000  0.00545 21
-126.000   49.000  0.00590 11
-126.000   50.000  0.00817 11
-125.000   25.000  0.00000 0
-125.000   26.000  0.00000 0
-125.000   27.000  0.00000 0
-125.000   28.000  0.00000 0
-125.000   29.000  0.00000 0
-125.000   30.000  0.00000 0
-125.000   31.000  0.00000 0
-125.000   32.000  0.00000 0
-125.000   33.000  0.00056 0
-125.000   34.000  0.00016 0
-125.000   35.000 -0.00027 0
-125.000   36.000 -0.00105 0
-125.000   37.000 -0.00250 0
-125.000   38.000 -0.00460 3
-125.000   39.000 -0.00510 16
-125.000   40.000 -0.00697 38
-125.000   41.000 -0.00727 58
-125.000   42.000 -0.00463 88
-125.000   43.000 -0.00355 93
-125.000   44.000 -0.00201 126
-125.000   45.000  0.00017 97
-125.000   46.000  0.00286 89
-125.000   47.000  0.00470 141
-125.000   48.000  0.00462 111
-125.000   49.000  0.00497 33
-125.000   50.000  0.00681 14
-124.000   25.000  0.00000 0
-124.000   26.000  0.00000 0
-124.000   27.000  0.00000 0
-124.000   28.000  0.00000 0
-124.000   29.000  0.00000 0
-124.000   30.000  0.00000 0
-124.000   31.000  0.00000 0
-124.000   32.000  0.00000 0
-124.000   33.000  0.00090 0
-124.000   34.000  0.00078 0
-124.000   35.000 -0.00015 0
-124.000   36.000 -0.00113 2
-124.000   37.000 -0.00351 40
-124.000   38.000 -0.00701 42
-124.000   39.000 -0.00795 72
-124.000   40.000 -0.00904 93
-124.000   41.000 -0.00953 126
-124.000   42.000 -0.00607 91
-124.000   43.000 -0.00343 126
-124.000   44.000 -0.00170 89
-124.000   45.000  0.00063 90
-124.000   46.000  0.00475 130
-124.000   47.000  0.00655 135
-124.000   48.000  0.00598 168
-124.000   49.000  0.00663 45
-124.000   50.000  0.00833 8
-123.000   25.000  0.00000 0
-123.000   26.000  0.00000 0
-123.000   27.000  0.00000 0
-123.000   28.000  0.00000 0
-123.000   29.000  0.00000 0
-123.000   30.000  0.00026 0
-123.000   31.000  0.00024 0
-123.000   32.000  0.00010 0
-123.000   33.000  0.00051 0
-123.000   34.000  0.00024 0
-123.000   35.000 -0.00152 9
-123.000   36.000 -0.00274 43
-123.000   37.000 -0.00510 64
-123.000   38.000 -0.00778 53
-123.000   39.000 -0.00864 96
-123.000   40.000 -0.00737 86
-123.000   41.000 -0.00655 126
-123.000   42.000 -0.00454 116
-123.000   43.000 -0.00155 104
-123.000   44.000  0.00056 98
-123.000   45.000  0.00211 96
-123.000   46.000  0.00408 136
-123.000   47.000  0.00665 146
-123.000   48.000  0.00530 146
-123.000   49.000  0.00538 55
-123.000   50.000  0.00498 1
-122.000   25.000  0.00000 0
-122.000   26.000  0.00000 0
-122.000   27.000  0.00000 0
-122.000   28.000  0.00000 0
-122.000   29.000  0.00000 0
-122.000   30.000  0.00024 0
-122.000   31.000 -0.00006 0
-122.000   32.000 -0.00005 0
-122.000   33.000  0.00042 1
-122.000   34.000 -0.00044 4
-122.000   35.000 -0.00229 37
-122.000   36.000 -0.00369 47
-122.000   37.000 -0.00544 135
-122.000   38.000 -0.00634 104
-122.000   39.000 -0.00666 142
-122.000   40.000 -0.00422 134
-122.000   41.000 -0.00192 104
-122.000   42.000  0.00035 95
-122.000   43.000  0.00141 129
-122.000   44.000  0.00376 126
-122.000   45.000  0.00463 112
-122.000   46.000  0.00434 136
-122.000   47.000  0.00360 126
-122.000   48.000  0.00262 79
-122.000   49.000  0.00182 22
-122.000   50.000 -0.00041 0
-121.000   25.000  0.00000 0
-121.000   26.000  0.00000 0
-121.000   27.000  0.00000 0
-121.000   28.000  0.00000 0
-121.000   29.000  0.00000 0
-121.000   30.000 -0.00007 0
-121.000   31.000 -0.00060 0
-121.000   32.000 -0.00096 14
-121.000   33.000 -0.00015 34
-121.000   34.000 -0.00163 92
-121.000   35.000 -0.00311 120
-121.000   36.000 -0.00485 97
-121.000   37.000 -0.00564 126
-121.000   38.000 -0.00595 95
-121.000   39.000 -0.00513 105
-121.000   40.000 -0.00180 58
-121.000   41.000  0.00198 96
-121.000   42.000  0.00378 58
-121.000   43.000  0.00538 79
-121.000   44.000  0.00715 80
-121.000   45.000  0.00702 91
-121.000   46.000  0.00514 139
-121.000   47.000  0.00344 120
-121.000   48.000  0.00232 79
-121.000   49.000  0.00152 45
-121.000   50.000 -0.00073 19
-120.000   25.000  0.00000 0
-120.000   26.000  0.00000 0
-120.000   27.000  0.00000 0
-120.000   28.000  0.00000 0
-120.000   29.000  0.00000 0
-120.000   30.000 -0.00005 0
-120.000   31.000 -0.00058 0
-120.000   32.000 -0.00099 26
-120.000   33.000 -0.00093 102
-120.000   34.000 -0.00218 173
-120.000   35.000 -0.00535 175
-120.000   36.000 -0.00628 149
-120.000   37.000 -0.00667 148
-120.000   38.000 -0.00686 66
-120.000   39.000 -0.00757 66
-120.000   40.000 -0.00274 45
-120.000   41.000 -0.00027 48
-120.000   42.000  0.00078 65
-120.000   43.000  0.00188 86
-120.000   44.000  0.00549 101
-120.000   45.000  0.00562 103
-120.000   46.000  0.00497 120
-120.000   47.000  0.00400 121
-120.000   48.000  0.00402 45
-120.000   49.000  0.00295 18
-120.000   50.000  0.00104 3
-119.000   25.000  0.00000 0
-119.000   26.000  0.00000 0
-119.000   27.000  0.00000 0
-119.000   28.000  0.00000 0
-119.000   29.000  0.00024 0
-119.000   30.000  0.00081 0
-119.000   31.000  0.00068 1
-119.000   32.000  0.00024 54
-119.000   33.000 -0.00001 180
-119.000   34.000 -0.00197 298
-119.000   35.000 -0.00573 345
-119.000   36.000 -0.00737 118
-119.000   37.000 -0.00582 162
-119.000   38.000 -0.00296 93
-119.000   39.000 -0.00207 60
-119.000   40.000  0.00342 27
-119.000   41.000  0.00771 53
-119.000   42.000  0.00747 38
-119.000   43.000  0.00522 40
-119.000   44.000  0.00792 81
-119.000   45.000  0.00730 156
-119.000   46.000  0.00338 124
-119.000   47.000  0.00162 111
-119.000   48.000  0.00225 66
-119.000   49.000  0.00047 27
-119.000   50.000 -0.00216 4
-118.000   25.000  0.00000 0
-118.000   26.000  0.00000 0
-118.000   27.000  0.00000 0
-118.000   28.000  0.00000 0
-118.000   29.000  0.00135 0
-118.000   30.000  0.00177 0
-118.000   31.000  0.00182 0
-118.000   32.000  0.00117 230
-118.000   33.000  0.00140 543
-118.000   34.000 -0.00149 421
-118.000   35.000 -0.00466 231
-118.000   36.000 -0.00655 134
-118.000   37.000 -0.00436 116
-118.000   38.000 -0.00238 50
-118.000   39.000 -0.00016 51
-118.000   40.000  0.00560 38
-118.000   41.000  0.00988 69
-118.000   42.000  0.00986 25
-118.000   43.000  0.00832 65
-118.000   44.000  0.00922 68
-118.000   45.000  0.00777 119
-118.000   46.000  0.00439 66
-118.000   47.000  0.00096 76
-118.000   48.000  0.00030 37
-118.000   49.000 -0.00162 26
-118.000   50.000 -0.00475 0
-117.000   25.000  0.00000 0
-117.000   26.000  0.00000 0
-117.000   27.000  0.00000 0
-117.000   28.000  0.00000 0
-117.000   29.000  0.00210 0
-117.000   30.000  0.00304 0
-117.000   31.000  0.00350 46
-117.000   32.000  0.00231 242
-117.000   33.000  0.00277 418
-117.000   34.000 -0.00091 266
-117.000   35.000 -0.00488 219
-117.000   36.000 -0.00757 130
-117.000   37.000 -0.00531 93
-117.000   38.000 -0.00417 41
-117.000   39.000 -0.00157 71
-117.000   40.000  0.00385 104
-117.000   41.000  0.00845 281
-117.000   42.000  0.00814 33
-117.000   43.000  0.00732 92
-117.000   44.000  0.00857 73
-117.000   45.000  0.00824 82
-117.000   46.000  0.00637 41
-117.000   47.000  0.00445 77
-117.000   48.000  0.00462 27
-117.000   49.000  0.00294 22
-117.000   50.000  0.00046 1
-116.000   25.000  0.00000 0
-116.000   26.000  0.00000 0
-116.000   27.000  0.00000 0
-116.000   28.000  0.00000 0
-116.000   29.000  0.00134 0
-116.000   30.000  0.00274 0
-116.000   31.000  0.00361 48
-116.000   32.000  0.00274 442
-116.000   33.000  0.00273 221
-116.000   34.000 -0.00013 343
-116.000   35.000 -0.00415 220
-116.000   36.000 -0.00707 89
-116.000   37.000 -0.00604 63
-116.000   38.000 -0.00575 34
-116.000   39.000 -0.00402 115
-116.000   40.000  0.00061 62
-116.000   41.000  0.00489 174
-116.000   42.000  0.00479 38
-116.000   43.000  0.00327 85
-116.000   44.000  0.00426 117
-116.000   45.000  0.00441 110
-116.000   46.000  0.00326 35
-116.000   47.000  0.00223 60
-116.000   48.000  0.00442 31
-116.000   49.000  0.00402 18
-116.000   50.000  0.00178 1
-115.000   25.000  0.00000 0
-115.000   26.000  0.00000 0
-115.000   27.000  0.00000 0
-115.000   28.000  0.00000 0
-115.000   29.000  0.00058 0
-115.000   30.000  0.00157 0
-115.000   31.000  0.00196 36
-115.000   32.000  0.00112 219
-115.000   33.000  0.00138 173
-115.000   34.000 -0.00174 154
-115.000   35.000 -0.00399 139
-115.000   36.000 -0.00754 70
-115.000   37.000 -0.00681 73
-115.000   38.000 -0.00628 37
-115.000   39.000 -0.00235 208
-115.000   40.000  0.00072 59
-115.000   41.000  0.00609 41
-115.000   42.000  0.00628 58
-115.000   43.000  0.00508 69
-115.000   44.000  0.00434 74
-115.000   45.000  0.00518 65
-115.000   46.000  0.00491 38
-115.000   47.000  0.00295 58
-115.000   48.000  0.00431 26
-115.000   49.000  0.00456 14
-115.000   50.000  0.00164 6
-114.000   25.000  0.00000 0
-114.000   26.000  0.00000 0
-114.000   27.000  0.00000 0
-114.000   28.000  0.00000 0
-114.000   29.000 -0.00144 0
-114.000   30.000 -0.00135 0
-114.000   31.000 -0.00145 28
-114.000   32.000 -0.00274 143
-114.000   33.000 -0.00289 168
-114.000   34.000 -0.00421 98
-114.000   35.000 -0.00554 71
-114.000   36.000 -0.00818 56
-114.000   37.000 -0.00771 43
-114.000   38.000 -0.00825 47
-114.000   39.000 -0.00523 190
-114.000   40.000 -0.00400 50
-114.000   41.000 -0.00027 71
-114.000   42.000 -0.00061 54
-114.000   43.000 -0.00023 76
-114.000   44.000 -0.00090 31
-114.000   45.000  0.00090 50
-114.000   46.000  0.00164 54
-114.000   47.000  0.00078 23
-114.000   48.000  0.00202 25
-114.000   49.000  0.00304 18
-114.000   50.000  0.00108 4
-113.000   25.000  0.00000 0
-113.000   26.000  0.00000 0
-113.000   27.000  0.00000 0
-113.000   28.000  0.00000 0
-113.000   29.000 -0.00271 0
-113.000   30.000 -0.00347 2
-113.000   31.000 -0.00386 38
-113.000   32.000 -0.00567 48
-113.000   33.000 -0.00516 99
-113.000   34.000 -0.00473 83
-113.000   35.000 -0.00439 67
-113.000   36.000 -0.00646 52
-113.000   37.000 -0.00613 47
-113.000   38.000 -0.00689 29
-113.000   39.000 -0.00462 39
-113.000   40.000 -0.00485 38
-113.000   41.000 -0.00120 39
-113.000   42.000 -0.00135 60
-113.000   43.000 -0.00124 62
-113.000   44.000 -0.00205 38
-113.000   45.000  0.00026 30
-113.000   46.000  0.00043 59
-113.000   47.000  0.00094 24
-113.000   48.000  0.00203 33
-113.000   49.000  0.00356 10
-113.000   50.000  0.00198 3
-112.000   25.000  0.00000 0
-112.000   26.000  0.00000 0
-112.000   27.000  0.00000 0
-112.000   28.000 -0.00038 0
-112.000   29.000 -0.00352 0
-112.000   30.000 -0.00494 0
-112.000   31.000 -0.00572 48
-112.000   32.000 -0.00750 37
-112.000   33.000 -0.00750 75
-112.000   34.000 -0.00608 54
-112.000   35.000 -0.00474 68
-112.000   36.000 -0.00624 75
-112.000   37.000 -0.00556 32
-112.000   38.000 -0.00523 46
-112.000   39.000 -0.00411 45
-112.000   40.000 -0.00484 62
-112.000   41.000 -0.00191 25
-112.000   42.000 -0.00357 28
-112.000   43.000 -0.00349 98
-112.000   44.000 -0.00563 195
-112.000   45.000 -0.00444 60
-112.000   46.000 -0.00455 27
-112.000   47.000 -0.00142 23
-112.000   48.000 -0.00145 24
-112.000   49.000  0.00159 13
-112.000   50.000  0.00151 1
-111.000   25.000  0.00000 0
-111.000   26.000  0.00000 0
-111.000   27.000  0.00000 0
-111.000   28.000 -0.00111 0
-111.000   29.000 -0.00305 0
-111.000   30.000 -0.00497 3
-111.000   31.000 -0.00623 34
-111.000   32.000 -0.00795 38
-111.000   33.000 -0.00562 65
-111.000   34.000 -0.00540 99
-111.000   35.000 -0.00368 73
-111.000   36.000 -0.00454 68
-111.000   37.000 -0.00255 27
-111.000   38.000 -0.00308 42
-111.000   39.000 -0.00151 32
-111.000   40.000 -0.00258 49
-111.000   41.000 -0.00072 30
-111.000   42.000 -0.00390 93
-111.000   43.000 -0.00412 95
-111.000   44.000 -0.00664 66
-111.000   45.000 -0.00499 43
-111.000   46.000 -0.00443 34
-111.000   47.000 -0.00075 29
-111.000   48.000 -0.00122 19
-111.000   49.000  0.00180 21
-111.000   50.000  0.00179 2
-110.000   25.000  0.00000 0
-110.000   26.000  0.00000 0
-110.000   27.000  0.00000 0
-110.000   28.000 -0.00136 0
-110.000   29.000 -0.00338 0
-110.000   30.000 -0.00584 14
-110.000   31.000 -0.00721 35
-110.000   32.000 -0.00891 64
-110.000   33.000 -0.00554 54
-110.000   34.000 -0.00306 61
-110.000   35.000 -0.00047 42
-110.000   36.000  0.00020 56
-110.000   37.000  0.00231 46
-110.000   38.000  0.00070 65
-110.000   39.000  0.00031 45
-110.000   40.000 -0.00136 40
-110.000   41.000 -0.00080 64
-110.000   42.000 -0.00366 159
-110.000   43.000 -0.00359 100
-110.000   44.000 -0.00639 46
-110.000   45.000 -0.00605 43
-110.000   46.000 -0.00610 36
-110.000   47.000 -0.00135 24
-110.000   48.000 -0.00181 28
-110.000   49.000  0.00115 15
-110.000   50.000  0.00355 2
-109.000   25.000  0.00000 0
-109.000   26.000  0.00000 0
-109.000   27.000  0.00000 0
-109.000   28.000 -0.00136 0
-109.000   29.000 -0.00149 0
-109.000   30.000 -0.00367 20
-109.000   31.000 -0.00501 17
-109.000   32.000 -0.00650 69
-109.000   33.000 -0.00294 101
-109.000   34.000 -0.00223 63
-109.000   35.000  0.00004 31
-109.000   36.000  0.00111 48
-109.000   37.000  0.00211 26
-109.000   38.000 -0.00009 59
-109.000   39.000 -0.00015 53
-109.000   40.000 -0.00111 36
-109.000   41.000 -0.00133 124
-109.000   42.000 -0.00249 39
-109.000   43.000 -0.00153 59
-109.000   44.000 -0.00465 56
-109.000   45.000 -0.00482 46
-109.000   46.000 -0.00337 29
-109.000   47.000  0.00127 34
-109.000   48.000  0.00030 20
-109.000   49.000  0.00363 12
-109.000   50.000  0.00659 0
-108.000   25.000  0.00000 0
-108.000   26.000  0.00000 0
-108.000   27.000  0.00000 0
-108.000   28.000 -0.00177 0
-108.000   29.000 -0.00165 0
-108.000   30.000 -0.00309 19
-108.000   31.000 -0.00421 37
-108.000   32.000 -0.00436 26
-108.000   33.000 -0.00156 70
-108.000   34.000 -0.00062 61
-108.000   35.000  0.00015 81
-108.000   36.000  0.00097 42
-108.000   37.000  0.00091 40
-108.000   38.000 -0.00073 47
-108.000   39.000 -0.00251 44
-108.000   40.000 -0.00245 29
-108.000   41.000 -0.00254 54
-108.000   42.000 -0.00321 70
-108.000   43.000 -0.00131 106
-108.000   44.000 -0.00410 57
-108.000   45.000 -0.00370 61
-108.000   46.000 -0.00212 42
-108.000   47.000  0.00185 25
-108.000   48.000  0.00056 24
-108.000   49.000  0.00507 10
-108.000   50.000  0.00714 3
-107.000   25.000  0.00000 0
-107.000   26.000  0.00000 0
-107.000   27.000  0.00033 0
-107.000   28.000 -0.00079 0
-107.000   29.000 -0.00101 0
-107.000   30.000 -0.00258 1
-107.000   31.000 -0.00322 54
-107.000   32.000 -0.00342 33
-107.000   33.000 -0.00103 69
-107.000   34.000  0.00125 43
-107.000   35.000  0.00202 37
-107.000   36.000  0.00292 45
-107.000   37.000  0.00323 53
-107.000   38.000  0.00056 45
-107.000   39.000 -0.00175 74
-107.000   40.000 -0.00175 54
-107.000   41.000 -0.00263 66
-107.000   42.000 -0.00298 85
-107.000   43.000 -0.00092 148
-107.000   44.000 -0.00297 50
-107.000   45.000 -0.00133 29
-107.000   46.000 -0.00000 42
-107.000   47.000  0.00170 29
-107.000   48.000  0.00104 23
-107.000   49.000  0.00417 12
-107.000   50.000  0.00418 2
-106.000   25.000 -0.00111 0
-106.000   26.000 -0.00141 0
-106.000   27.000 -0.00123 0
-106.000   28.000 -0.00151 0
-106.000   29.000 -0.00313 0
-106.000   30.000 -0.00350 14
-106.000   31.000 -0.00340 31
-106.000   32.000 -0.00327 130
-106.000   33.000 -0.00392 122
-106.000   34.000  0.00017 72
-106.000   35.000  0.00133 58
-106.000   36.000  0.00256 81
-106.000   37.000  0.00207 33
-106.000   38.000  0.00085 73
-106.000   39.000 -0.00270 55
-106.000   40.000 -0.00314 57
-106.000   41.000 -0.00397 67
-106.000   42.000 -0.00301 42
-106.000   43.000  0.00007 111
-106.000   44.000 -0.00086 59
-106.000   45.000 -0.00068 27
-106.000   46.000 -0.00013 20
-106.000   47.000 -0.00036 21
-106.000   48.000 -0.00259 37
-106.000   49.000 -0.00071 16
-106.000   50.000 -0.00075 2
-105.000   25.000 -0.00111 0
-105.000   26.000  0.00015 0
-105.000   27.000  0.00018 0
-105.000   28.000 -0.00009 0
-105.000   29.000 -0.00060 50
-105.000   30.000 -0.00019 49
-105.000   31.000 -0.00081 55
-105.000   32.000 -0.00113 91
-105.000   33.000 -0.00286 79
-105.000   34.000 -0.00036 80
-105.000   35.000  0.00031 50
-105.000   36.000  0.00083 81
-105.000   37.000  0.00196 43
-105.000   38.000  0.00233 81
-105.000   39.000 -0.00156 67
-105.000   40.000 -0.00205 45
-105.000   41.000 -0.00246 45
-105.000   42.000 -0.00261 31
-105.000   43.000 -0.00030 62
-105.000   44.000 -0.00051 60
-105.000   45.000  0.00063 47
-105.000   46.000  0.00059 34
-105.000   47.000 -0.00008 26
-105.000   48.000 -0.00366 37
-105.000   49.000 -0.00194 15
-105.000   50.000 -0.00437 1
-104.000   25.000 -0.00111 0
-104.000   26.000  0.00015 0
-104.000   27.000  0.00084 6
-104.000   28.000  0.00086 30
-104.000   29.000  0.00033 16
-104.000   30.000  0.00087 87
-104.000   31.000  0.00028 80
-104.000   32.000 -0.00052 109
-104.000   33.000 -0.00243 119
-104.000   34.000  0.00100 91
-104.000   35.000  0.00192 66
-104.000   36.000  0.00208 66
-104.000   37.000  0.00373 48
-104.000   38.000  0.00410 47
-104.000   39.000 -0.00088 31
-104.000   40.000 -0.00201 47
-104.000   41.000 -0.00159 45
-104.000   42.000 -0.00324 38
-104.000   43.000 -0.00132 21
-104.000   44.000 -0.00000 44
-104.000   45.000  0.00115 33
-104.000   46.000 -0.00056 64
-104.000   47.000 -0.00039 28
-104.000   48.000 -0.00371 27
-104.000   49.000 -0.00368 21
-104.000   50.000 -0.00628 9
-103.000   25.000 -0.00111 0
-103.000   26.000  0.00070 0
-103.000   27.000  0.00164 3
-103.000   28.000  0.00210 33
-103.000   29.000  0.00132 10
-103.000   30.000  0.00330 58
-103.000   31.000  0.00109 66
-103.000   32.000 -0.00074 59
-103.000   33.000 -0.00168 67
-103.000   34.000  0.00117 55
-103.000   35.000  0.00067 54
-103.000   36.000  0.00227 50
-103.000   37.000  0.00501 42
-103.000   38.000  0.00343 35
-103.000   39.000  0.00041 47
-103.000   40.000 -0.00010 33
-103.000   41.000  0.00015 53
-103.000   42.000 -0.00272 25
-103.000   43.000 -0.00121 52
-103.000   44.000 -0.00032 23
-103.000   45.000 -0.00163 51
-103.000   46.000 -0.00398 53
-103.000   47.000 -0.00340 34
-103.000   48.000 -0.00576 38
-103.000   49.000 -0.00713 20
-103.000   50.000 -0.00782 8
-102.000   25.000  0.00074 0
-102.000   26.000  0.00206 0
-102.000   27.000  0.00229 0
-102.000   28.000  0.00328 1
-102.000   29.000  0.00227 38
-102.000   30.000  0.00392 42
-102.000   31.000  0.00155 83
-102.000   32.000  0.00071 93
-102.000   33.000  0.00026 32
-102.000   34.000  0.00376 63
-102.000   35.000  0.00384 33
-102.000   36.000  0.00621 31
-102.000   37.000  0.00820 32
-102.000   38.000  0.00682 49
-102.000   39.000  0.00348 45
-102.000   40.000  0.00181 33
-102.000   41.000  0.00186 47
-102.000   42.000 -0.00092 33
-102.000   43.000 -0.00018 35
-102.000   44.000 -0.00001 42
-102.000   45.000 -0.00225 32
-102.000   46.000 -0.00408 32
-102.000   47.000 -0.00297 48
-102.000   48.000 -0.00503 34
-102.000   49.000 -0.00543 20
-102.000   50.000 -0.00436 3
-101.000   25.000  0.00536 0
-101.000   26.000  0.00632 0
-101.000   27.000  0.00716 0
-101.000   28.000  0.00822 16
-101.000   29.000  0.00663 54
-101.000   30.000  0.00709 55
-101.000   31.000  0.00380 70
-101.000   32.000  0.00204 47
-101.000   33.000  0.00316 49
-101.000   34.000  0.00695 37
-101.000   35.000  0.00666 21
-101.000   36.000  0.00864 40
-101.000   37.000  0.01087 23
-101.000   38.000  0.00855 42
-101.000   39.000  0.00539 63
-101.000   40.000  0.00320 32
-101.000   41.000  0.00365 42
-101.000   42.000  0.00055 36
-101.000   43.000  0.00011 64
-101.000   44.000 -0.00135 36
-101.000   45.000 -0.00243 29
-101.000   46.000 -0.00476 56
-101.000   47.000 -0.00319 32
-101.000   48.000 -0.00268 58
-101.000   49.000 -0.00189 17
-101.000   50.000 -0.00062 1
-100.000   25.000  0.00733 0
-100.000   26.000  0.00695 1
-100.000   27.000  0.00812 14
-100.000   28.000  0.00921 32
-100.000   29.000  0.00657 84
-100.000   30.000  0.00763 59
-100.000   31.000  0.00513 63
-100.000   32.000  0.00376 61
-100.000   33.000  0.00574 68
-100.000   34.000  0.00872 48
-100.000   35.000  0.00843 49
-100.000   36.000  0.01113 59
-100.000   37.000  0.01102 74
-100.000   38.000  0.00720 66
-100.000   39.000  0.00457 51
-100.000   40.000  0.00198 35
-100.000   41.000  0.00157 38
-100.000   42.000 -0.00056 27
-100.000   43.000 -0.00046 54
-100.000   44.000 -0.00258 44
-100.000   45.000 -0.00418 75
-100.000   46.000 -0.00809 50
-100.000   47.000 -0.00609 32
-100.000   48.000 -0.00387 44
-100.000   49.000 -0.00294 16
-100.000   50.000 -0.00073 11
 -99.000   25.000  0.00542 1
 -99.000   26.000  0.00510 10
 -99.000   27.000  0.00530 55
 -99.000   28.000  0.00624 56
 -99.000   29.000  0.00355 74
 -99.000   30.000  0.00603 52
 -99.000   31.000  0.00444 75
 -99.000   32.000  0.00588 48
 -99.000   33.000  0.00850 52
 -99.000   34.000  0.01136 50
 -99.000   35.000  0.01083 46
 -99.000   36.000  0.01372 60
 -99.000   37.000  0.01240 53
 -99.000   38.000  0.00872 37
 -99.000   39.000  0.00551 45
 -99.000   40.000  0.00301 52
 -99.000   41.000  0.00110 32
 -99.000   42.000 -0.00041 44
 -99.000   43.000 -0.00140 21
 -99.000   44.000 -0.00353 41
 -99.000   45.000 -0.00510 24
 -99.000   46.000 -0.00757 64
 -99.000   47.000 -0.00760 33
 -99.000   48.000 -0.00618 35
 -99.000   49.000 -0.00487 13
 -99.000   50.000 -0.00356 6
 -98.000   25.000  0.01165 1
 -98.000   26.000  0.00875 11
 -98.000   27.000  0.01066 14
 -98.000   28.000  0.01156 39
 -98.000   29.000  0.00960 44
 -98.000   30.000  0.00735 74
 -98.000   31.000  0.00797 55
 -98.000   32.000  0.00702 66
 -98.000   33.000  0.00886 56
 -98.000   34.000  0.01143 45
 -98.000   35.000  0.01177 40
 -98.000   36.000  0.01303 77
 -98.000   37.000  0.01104 64
 -98.000   38.000  0.00885 41
 -98.000   39.000  0.00529 53
 -98.000   40.000  0.00153 37
 -98.000   41.000 -0.00013 51
 -98.000   42.000 -0.00055 19
 -98.000   43.000 -0.00285 51
 -98.000   44.000 -0.00411 34
 -98.000   45.000 -0.00346 55
 -98.000   46.000 -0.00572 35
 -98.000   47.000 -0.00562 28
 -98.000   48.000 -0.00184 37
 -98.000   49.000 -0.00065 10
 -98.000   50.000  0.00067 17
 -97.000   25.000  0.00980 1
 -97.000   26.000  0.00739 3
 -97.000   27.000  0.00846 18
 -97.000   28.000  0.00977 26
 -97.000   29.000  0.00967 33
 -97.000   30.000  0.00775 58
 -97.000   31.000  0.00828 61
 -97.000   32.000  0.00770 65
 -97.000   33.000  0.00921 37
 -97.000   34.000  0.00844 42
 -97.000   35.000  0.00808 61
 -97.000   36.000  0.00914 83
 -97.000   37.000  0.00771 77
 -97.000   38.000  0.00499 51
 -97.000   39.000  0.00294 43
 -97.000   40.000  0.00013 43
 -97.000   41.000 -0.00204 39
 -97.000   42.000 -0.00285 30
 -97.000   43.000 -0.00540 39
 -97.000   44.000 -0.00691 23
 -97.000   45.000 -0.00587 30
 -97.000   46.000 -0.00665 52
 -97.000   47.000 -0.00659 15
 -97.000   48.000 -0.00286 23
 -97.000   49.000 -0.00166 24
 -97.000   50.000 -0.00045 7
 -96.000   25.000  0.00629 0
 -96.000   26.000  0.00454 0
 -96.000   27.000  0.00351 8
 -96.000   28.000  0.00571 28
 -96.000   29.000  0.00754 24
 -96.000   30.000  0.00508 20
 -96.000   31.000  0.00561 29
 -96.000   32.000  0.00778 34
 -96.000   33.000  0.00715 51
 -96.000   34.000  0.00485 58
 -96.000   35.000  0.00482 83
 -96.000   36.000  0.00629 52
 -96.000   37.000  0.00394 38
 -96.000   38.000  0.00255 50
 -96.000   39.000  0.00053 40
 -96.000   40.000 -0.00067 38
 -96.000   41.000 -0.00348 27
 -96.000   42.000 -0.00408 19
 -96.000   43.000 -0.00603 35
 -96.000   44.000 -0.00693 32
 -96.000   45.000 -0.00789 26
 -96.000   46.000 -0.00672 33
 -96.000   47.000 -0.00614 23
 -96.000   48.000 -0.00389 14
 -96.000   49.000 -0.00267 11
 -96.000   50.000  0.00064 6
 -95.000   25.000  0.00432 0
 -95.000   26.000  0.00235 0
 -95.000   27.000  0.00157 1
 -95.000   28.000  0.00266 4
 -95.000   29.000  0.00768 20
 -95.000   30.000  0.00502 46
 -95.000   31.000  0.00641 39
 -95.000   32.000  0.00780 39
 -95.000   33.000  0.00752 44
 -95.000   34.000  0.00280 74
 -95.000   35.000  0.00239 53
 -95.000   36.000  0.00292 51
 -95.000   37.000  0.00095 54
 -95.000   38.000  0.00059 39
 -95.000   39.000 -0.00064 52
 -95.000   40.000 -0.00076 27
 -95.000   41.000 -0.00409 38
 -95.000   42.000 -0.00394 23
 -95.000   43.000 -0.00652 36
 -95.000   44.000 -0.00725 23
 -95.000   45.000 -0.00943 45
 -95.000   46.000 -0.00511 45
 -95.000   47.000 -0.00435 35
 -95.000   48.000 -0.00178 21
 -95.000   49.000 -0.00014 16
 -95.000   50.000  0.00443 1
 -94.000   25.000  0.00623 0
 -94.000   26.000  0.00420 0
 -94.000   27.000  0.00373 0
 -94.000   28.000  0.00564 5
 -94.000   29.000  0.01141 8
 -94.000   30.000  0.00571 30
 -94.000   31.000  0.00597 18
 -94.000   32.000  0.00529 47
 -94.000   33.000  0.00388 62
 -94.000   34.000 -0.00245 42
 -94.000   35.000 -0.00095 81
 -94.000   36.000 -0.00067 67
 -94.000   37.000 -0.00142 57
 -94.000   38.000 -0.00304 47
 -94.000   39.000 -0.00315 39
 -94.000   40.000 -0.00321 69
 -94.000   41.000 -0.00572 36
 -94.000   42.000 -0.00578 40
 -94.000   43.000 -0.00664 32
 -94.000   44.000 -0.00806 28
 -94.000   45.000 -0.00964 62
 -94.000   46.000 -0.00518 56
 -94.000   47.000 -0.00398 34
 -94.000   48.000 -0.00028 17
 -94.000   49.000  0.00226 3
 -94.000   50.000  0.00650 0
 -93.000   25.000  0.00000 0
 -93.000   26.000  0.00000 0
 -93.000   27.000 -0.00244 0
 -93.000   28.000  0.00028 3
 -93.000   29.000  0.00667 9
 -93.000   30.000  0.00471 22
 -93.000   31.000  0.00373 12
 -93.000   32.000  0.00561 22
 -93.000   33.000  0.00311 34
 -93.000   34.000 -0.00443 38
 -93.000   35.000 -0.00363 32
 -93.000   36.000 -0.00224 42
 -93.000   37.000 -0.00229 31
 -93.000   38.000 -0.00326 57
 -93.000   39.000 -0.00302 48
 -93.000   40.000 -0.00179 55
 -93.000   41.000 -0.00505 49
 -93.000   42.000 -0.00557 31
 -93.000   43.000 -0.00588 26
 -93.000   44.000 -0.00737 40
 -93.000   45.000 -0.00902 40
 -93.000   46.000 -0.00575 27
 -93.000   47.000 -0.00505 73
 -93.000   48.000 -0.00397 25
 -93.000   49.000 -0.00198 14
 -93.000   50.000  0.00001 0
 -92.000   25.000  0.00000 0
 -92.000   26.000  0.00000 0
 -92.000   27.000 -0.00115 0
 -92.000   28.000  0.00026 0
 -92.000   29.000  0.00399 1
 -92.000   30.000  0.00316 10
 -92.000   31.000  0.00166 16
 -92.000   32.000  0.00277 23
 -92.000   33.000  0.00065 34
 -92.000   34.000 -0.00456 34
 -92.000   35.000 -0.00516 38
 -92.000   36.000 -0.00390 33
 -92.000   37.000 -0.00503 50
 -92.000   38.000 -0.00469 62
 -92.000   39.000 -0.00387 57
 -92.000   40.000 -0.00177 25
 -92.000   41.000 -0.00368 49
 -92.000   42.000 -0.00366 26
 -92.000   43.000 -0.00353 51
 -92.000   44.000 -0.00332 48
 -92.000   45.000 -0.00482 53
 -92.000   46.000 -0.00282 39
 -92.000   47.000 -0.00339 31
 -92.000   48.000 -0.00316 19
 -92.000   49.000 -0.00340 11
 -92.000   50.000 -0.00313 2
 -91.000   25.000  0.00000 0
 -91.000   26.000  0.00000 0
 -91.000   27.000  0.00050 0
 -91.000   28.000  0.00196 2
 -91.000   29.000  0.00792 2
 -91.000   30.000  0.00835 7
 -91.000   31.000  0.00707 29
 -91.000   32.000  0.00626 27
 -91.000   33.000  0.00464 44
 -91.000   34.000 -0.00237 24
 -91.000   35.000 -0.00399 25
 -91.000   36.000 -0.00303 46
 -91.000   37.000 -0.00419 26
 -91.000   38.000 -0.00430 31
 -91.000   39.000 -0.00302 48
 -91.000   40.000 -0.00157 29
 -91.000   41.000 -0.00314 28
 -91.000   42.000 -0.00303 26
 -91.000   43.000 -0.00308 43
 -91.000   44.000 -0.00287 34
 -91.000   45.000 -0.00282 32
 -91.000   46.000 -0.00180 42
 -91.000   47.000 -0.00216 12
 -91.000   48.000 -0.00185 6
 -91.000   49.000 -0.00286 4
 -91.000   50.000 -0.00433 5
 -90.000   25.000  0.00000 0
 -90.000   26.000  0.00000 0
 -90.000   27.000  0.00007 0
 -90.000   28.000  0.00342 0
 -90.000   29.000  0.00711 7
 -90.000   30.000  0.00733 19
 -90.000   31.000  0.00587 10
 -90.000   32.000  0.00668 25
 -90.000   33.000  0.00369 34
 -90.000   34.000 -0.00064 37
 -90.000   35.000 -0.00264 33
 -90.000   36.000 -0.00207 44
 -90.000   37.000 -0.00436 25
 -90.000   38.000 -0.00481 57
 -90.000   39.000 -0.00407 63
 -90.000   40.000 -0.00244 43
 -90.000   41.000 -0.00173 43
 -90.000   42.000 -0.00138 38
 -90.000   43.000 -0.00086 37
 -90.000   44.000  0.00133 36
 -90.000   45.000  0.00255 26
 -90.000   46.000  0.00129 12
 -90.000   47.000 -0.00007 24
 -90.000   48.000 -0.00049 8
 -90.000   49.000 -0.00348 7
 -90.000   50.000 -0.00642 2
 -89.000   25.000  0.00000 0
 -89.000   26.000  0.00000 0
 -89.000   27.000  0.00010 0
 -89.000   28.000  0.00199 1
 -89.000   29.000  0.00435 1
 -89.000   30.000  0.00660 12
 -89.000   31.000  0.00609 14
 -89.000   32.000  0.00707 27
 -89.000   33.000  0.00538 34
 -89.000   34.000  0.00235 35
 -89.000   35.000 -0.00140 25
 -89.000   36.000 -0.00175 55
 -89.000   37.000 -0.00456 79
 -89.000   38.000 -0.00407 70
 -89.000   39.000 -0.00290 60
 -89.000   40.000 -0.00115 30
 -89.000   41.000  0.00087 39
 -89.000   42.000  0.00137 48
 -89.000   43.000  0.00124 44
 -89.000   44.000  0.00457 34
 -89.000   45.000  0.00512 34
 -89.000   46.000  0.00276 25
 -89.000   47.000  0.00243 11
 -89.000   48.000  0.00186 13
 -89.000   49.000 -0.00245 2
 -89.000   50.000 -0.00460 3
 -88.000   25.000  0.00000 0
 -88.000   26.000  0.00000 0
 -88.000   27.000  0.00161 0
 -88.000   28.000  0.00156 0
 -88.000   29.000  0.00203 3
 -88.000   30.000  0.00483 7
 -88.000   31.000  0.00613 17
 -88.000   32.000  0.00657 30
 -88.000   33.000  0.00690 41
 -88.000   34.000  0.00579 40
 -88.000   35.000  0.00182 61
 -88.000   36.000 -0.00076 71
 -88.000   37.000 -0.00475 119
 -88.000   38.000 -0.00457 113
 -88.000   39.000 -0.00384 82
 -88.000   40.000 -0.00173 42
 -88.000   41.000  0.00163 63
 -88.000   42.000  0.00153 39
 -88.000   43.000  0.00197 12
 -88.000   44.000  0.00551 26
 -88.000   45.000  0.00512 18
 -88.000   46.000  0.00344 14
 -88.000   47.000  0.00392 20
 -88.000   48.000  0.00301 5
 -88.000   49.000 -0.00077 0
 -88.000   50.000 -0.00195 5
 -87.000   25.000  0.00000 0
 -87.000   26.000  0.00000 0
 -87.000   27.000  0.00199 0
 -87.000   28.000  0.00296 0
 -87.000   29.000  0.00405 10
 -87.000   30.000  0.00607 10
 -87.000   31.000  0.00958 22
 -87.000   32.000  0.01002 41
 -87.000   33.000  0.00936 37
 -87.000   34.000  0.00740 58
 -87.000   35.000  0.00486 47
 -87.000   36.000 -0.00035 75
 -87.000   37.000 -0.00477 93
 -87.000   38.000 -0.00628 88
 -87.000   39.000 -0.00567 94
 -87.000   40.000 -0.00435 26
 -87.000   41.000 -0.00077 27
 -87.000   42.000  0.00025 22
 -87.000   43.000  0.00190 41
 -87.000   44.000  0.00463 17
 -87.000   45.000  0.00318 34
 -87.000   46.000  0.00137 9
 -87.000   47.000  0.00234 7
 -87.000   48.000  0.00188 4
 -87.000   49.000 -0.00073 0
 -87.000   50.000  0.00013 1
 -86.000   25.000  0.00000 0
 -86.000   26.000  0.00000 0
 -86.000   27.000  0.00174 0
 -86.000   28.000  0.00149 0
 -86.000   29.000  0.00015 10
 -86.000   30.000  0.00164 13
 -86.000   31.000  0.00617 29
 -86.000   32.000  0.00692 52
 -86.000   33.000  0.00774 25
 -86.000   34.000  0.00726 41
 -86.000   35.000  0.00537 45
 -86.000   36.000 -0.00073 88
 -86.000   37.000 -0.00432 71
 -86.000   38.000 -0.00656 80
 -86.000   39.000 -0.00630 55
 -86.000   40.000 -0.00525 53
 -86.000   41.000 -0.00138 42
 -86.000   42.000 -0.00015 32
 -86.000   43.000  0.00159 10
 -86.000   44.000  0.00509 26
 -86.000   45.000  0.00285 11
 -86.000   46.000  0.00055 23
 -86.000   47.000  0.00043 12
 -86.000   48.000  0.00035 5
 -86.000   49.000 -0.00199 2
 -86.000   50.000  0.00000 3
 -85.000   25.000  0.00000 0
 -85.000   26.000  0.00233 0
 -85.000   27.000  0.00315 0
 -85.000   28.000  0.00287 3
 -85.000   29.000  0.00189 9
 -85.000   30.000  0.00390 16
 -85.000   31.000  0.00677 45
 -85.000   32.000  0.00698 64
 -85.000   33.000  0.00728 72
 -85.000   34.000  0.00657 42
 -85.000   35.000  0.00393 66
 -85.000   36.000 -0.00212 88
 -85.000   37.000 -0.00380 65
 -85.000   38.000 -0.00605 68
 -85.000   39.000 -0.00610 58
 -85.000   40.000 -0.00481 32
 -85.000   41.000 -0.00123 40
 -85.000   42.000 -0.00105 35
 -85.000   43.000  0.00034 51
 -85.000   44.000  0.00251 19
 -85.000   45.000  0.00016 35
 -85.000   46.000 -0.00301 4
 -85.000   47.000 -0.00301 21
 -85.000   48.000 -0.00129 4
 -85.000   49.000 -0.00215 2
 -85.000   50.000 -0.00004 3
 -84.000   25.000 -0.00167 0
 -84.000   26.000  0.00148 0
 -84.000   27.000  0.00208 0
 -84.000   28.000  0.00228 4
 -84.000   29.000  0.00138 17
 -84.000   30.000  0.00370 49
 -84.000   31.000  0.00514 70
 -84.000   32.000  0.00573 88
 -84.000   33.000  0.00564 105
 -84.000   34.000  0.00533 84
 -84.000   35.000  0.00409 113
 -84.000   36.000 -0.00050 95
 -84.000   37.000 -0.00201 65
 -84.000   38.000 -0.00381 60
 -84.000   39.000 -0.00419 60
 -84.000   40.000 -0.00342 60
 -84.000   41.000  0.00114 46
 -84.000   42.000  0.00156 43
 -84.000   43.000  0.00148 36
 -84.000   44.000  0.00252 26
 -84.000   45.000  0.00002 35
 -84.000   46.000 -0.00411 16
 -84.000   47.000 -0.00451 7
 -84.000   48.000 -0.00185 4
 -84.000   49.000 -0.00165 5
 -84.000   50.000  0.00057 4
 -83.000   25.000 -0.00221 0
 -83.000   26.000  0.00154 0
 -83.000   27.000  0.00062 0
 -83.000   28.000  0.00160 15
 -83.000   29.000  0.00235 13
 -83.000   30.000  0.00389 60
 -83.000   31.000  0.00398 62
 -83.000   32.000  0.00526 120
 -83.000   33.000  0.00393 98
 -83.000   34.000  0.00216 79
 -83.000   35.000  0.00275 71
 -83.000   36.000 -0.00005 58
 -83.000   37.000 -0.00099 46
 -83.000   38.000 -0.00273 41
 -83.000   39.000 -0.00270 67
 -83.000   40.000 -0.00417 50
 -83.000   41.000 -0.00059 52
 -83.000   42.000  0.00085 37
 -83.000   43.000  0.00040 27
 -83.000   44.000  0.00118 4
 -83.000   45.000  0.00055 22
 -83.000   46.000 -0.00340 11
 -83.000   47.000 -0.00458 14
 -83.000   48.000  0.00015 11
 -83.000   49.000  0.00082 0
 -83.000   50.000  0.00346 18
 -82.000   25.000 -0.00144 2
 -82.000   26.000  0.00211 4
 -82.000   27.000  0.00063 21
 -82.000   28.000  0.00024 22
 -82.000   29.000  0.00358 22
 -82.000   30.000  0.00490 32
 -82.000   31.000  0.00311 22
 -82.000   32.000  0.00500 43
 -82.000   33.000  0.00500 34
 -82.000   34.000  0.00063 32
 -82.000   35.000  0.00120 47
 -82.000   36.000  0.00207 42
 -82.000   37.000  0.00137 60
 -82.000   38.000  0.00080 59
 -82.000   39.000  0.00102 50
 -82.000   40.000  0.00048 55
 -82.000   41.000  0.00206 42
 -82.000   42.000  0.00228 35
 -82.000   43.000 -0.00025 11
 -82.000   44.000 -0.00113 24
 -82.000   45.000 -0.00217 12
 -82.000   46.000 -0.00497 4
 -82.000   47.000 -0.00532 5
 -82.000   48.000 -0.00009 35
 -82.000   49.000  0.00235 0
 -82.000   50.000  0.00504 5
 -81.000   25.000 -0.00144 11
 -81.000   26.000  0.00211 16
 -81.000   27.000  0.00088 18
 -81.000   28.000  0.00058 23
 -81.000   29.000  0.00374 5
 -81.000   30.000  0.00544 11
 -81.000   31.000  0.00357 14
 -81.000   32.000  0.00472 18
 -81.000   33.000  0.00478 33
 -81.000   34.000  0.00192 50
 -81.000   35.000  0.00194 40
 -81.000   36.000  0.00274 67
 -81.000   37.000  0.00281 51
 -81.000   38.000  0.00283 88
 -81.000   39.000  0.00227 71
 -81.000   40.000  0.00241 68
 -81.000   41.000  0.00418 54
 -81.000   42.000  0.00275 50
 -81.000   43.000 -0.00071 25
 -81.000   44.000 -0.00169 8
 -81.000   45.000 -0.00112 12
 -81.000   46.000 -0.00377 11
 -81.000   47.000 -0.00327 7
 -81.000   48.000  0.00216 4
 -81.000   49.000  0.00459 1
 -81.000   50.000  0.00448 6
 -80.000   25.000 -0.00144 7
 -80.000   26.000 -0.00022 3
 -80.000   27.000 -0.00053 2
 -80.000   28.000 -0.00137 1
 -80.000   29.000  0.00128 1
 -80.000   30.000 -0.00126 0
 -80.000   31.000 -0.00119 8
 -80.000   32.000 -0.00155 20
 -80.000   33.000 -0.00099 30
 -80.000   34.000 -0.00345 40
 -80.000   35.000  0.00097 51
 -80.000   36.000  0.00172 97
 -80.000   37.000  0.00231 56
 -80.000   38.000  0.00339 71
 -80.000   39.000  0.00336 80
 -80.000   40.000  0.00417 83
 -80.000   41.000  0.00578 31
 -80.000   42.000  0.00446 40
 -80.000   43.000  0.00038 25
 -80.000   44.000  0.00010 20
 -80.000   45.000  0.00043 24
 -80.000   46.000 -0.00074 11
 -80.000   47.000  0.00006 7
 -80.000   48.000  0.00422 12
 -80.000   49.000  0.00575 0
 -80.000   50.000  0.00507 0
 -79.000   25.000  0.00023 0
 -79.000   26.000  0.00063 0
 -79.000   27.000  0.00051 0
 -79.000   28.000 -0.00033 4
 -79.000   29.000  0.00281 0
 -79.000   30.000 -0.00055 0
 -79.000   31.000  0.00020 0
 -79.000   32.000 -0.00132 11
 -79.000   33.000  0.00024 25
 -79.000   34.000 -0.00305 33
 -79.000   35.000 -0.00010 44
 -79.000   36.000 -0.00058 57
 -79.000   37.000  0.00056 76
 -79.000   38.000  0.00023 39
 -79.000   39.000  0.00059 79
 -79.000   40.000  0.00167 68
 -79.000   41.000  0.00242 70
 -79.000   42.000  0.00137 44
 -79.000   43.000 -0.00140 67
 -79.000   44.000 -0.00111 29
 -79.000   45.000 -0.00010 23
 -79.000   46.000  0.00009 15
 -79.000   47.000  0.00088 7
 -79.000   48.000  0.00412 8
 -79.000   49.000  0.00488 7
 -79.000   50.000  0.00446 0
 -78.000   25.000  0.00077 0
 -78.000   26.000  0.00058 0
 -78.000   27.000  0.00046 0
 -78.000   28.000  0.00000 0
 -78.000   29.000  0.00218 0
 -78.000   30.000 -0.00142 0
 -78.000   31.000 -0.00054 0
 -78.000   32.000 -0.00068 7
 -78.000   33.000  0.00056 12
 -78.000   34.000 -0.00201 13
 -78.000   35.000  0.00124 26
 -78.000   36.000 -0.00002 67
 -78.000   37.000  0.00046 61
 -78.000   38.000 -0.00017 62
 -78.000   39.000  0.00037 79
 -78.000   40.000  0.00165 34
 -78.000   41.000  0.00323 61
 -78.000   42.000  0.00150 38
 -78.000   43.000 -0.00061 42
 -78.000   44.000 -0.00126 27
 -78.000   45.000 -0.00035 26
 -78.000   46.000  0.00074 13
 -78.000   47.000  0.00150 23
 -78.000   48.000  0.00299 14
 -78.000   49.000  0.00437 11
 -78.000   50.000  0.00276 0
 -77.000   25.000  0.00000 0
 -77.000   26.000  0.00000 0
 -77.000   27.000  0.00000 0
 -77.000   28.000  0.00000 0
 -77.000   29.000  0.00000 0
 -77.000   30.000 -0.00342 0
 -77.000   31.000 -0.00232 0
 -77.000   32.000 -0.00325 0
 -77.000   33.000 -0.00228 3
 -77.000   34.000 -0.00120 9
 -77.000   35.000  0.00162 30
 -77.000   36.000 -0.00139 37
 -77.000   37.000 -0.00096 42
 -77.000   38.000 -0.00193 31
 -77.000   39.000 -0.00274 44
 -77.000   40.000 -0.00187 54
 -77.000   41.000  0.00107 71
 -77.000   42.000  0.00094 40
 -77.000   43.000 -0.00019 64
 -77.000   44.000  0.00056 38
 -77.000   45.000  0.00264 39
 -77.000   46.000  0.00295 15
 -77.000   47.000  0.00294 14
 -77.000   48.000  0.00407 5
 -77.000   49.000  0.00381 3
 -77.000   50.000  0.00118 0
 -76.000   25.000  0.00000 0
 -76.000   26.000  0.00000 0
 -76.000   27.000  0.00000 0
 -76.000   28.000  0.00000 0
 -76.000   29.000  0.00000 0
 -76.000   30.000 -0.00368 0
 -76.000   31.000 -0.00327 0
 -76.000   32.000 -0.00400 0
 -76.000   33.000 -0.00365 0
 -76.000   34.000 -0.00332 9
 -76.000   35.000 -0.00012 9
 -76.000   36.000 -0.00343 19
 -76.000   37.000 -0.00358 14
 -76.000   38.000 -0.00485 45
 -76.000   39.000 -0.00458 43
 -76.000   40.000 -0.00424 63
 -76.000   41.000 -0.00030 92
 -76.000   42.000  0.00087 71
 -76.000   43.000  0.00120 72
 -76.000   44.000  0.00163 39
 -76.000   45.000  0.00340 60
 -76.000   46.000  0.00390 28
 -76.000   47.000  0.00350 15
 -76.000   48.000  0.00408 13
 -76.000   49.000  0.00382 2
 -76.000   50.000  0.00239 0
 -75.000   25.000  0.00000 0
 -75.000   26.000  0.00000 0
 -75.000   27.000  0.00000 0
 -75.000   28.000  0.00000 0
 -75.000   29.000  0.00000 0
 -75.000   30.000  0.00000 0
 -75.000   31.000  0.00000 0
 -75.000   32.000  0.00051 0
 -75.000   33.000  0.00100 0
 -75.000   34.000  0.00146 3
 -75.000   35.000  0.00125 2
 -75.000   36.000 -0.00155 7
 -75.000   37.000 -0.00268 18
 -75.000   38.000 -0.00492 19
 -75.000   39.000 -0.00541 55
 -75.000   40.000 -0.00617 38
 -75.000   41.000 -0.00259 89
 -75.000   42.000 -0.00049 141
 -75.000   43.000  0.00107 93
 -75.000   44.000  0.00161 51
 -75.000   45.000  0.00456 81
 -75.000   46.000  0.00479 28
 -75.000   47.000  0.00330 8
 -75.000   48.000  0.00350 12
 -75.000   49.000  0.00372 0
 -75.000   50.000  0.00168 0
 -74.000   25.000  0.00000 0
 -74.000   26.000  0.00000 0
 -74.000   27.000  0.00000 0
 -74.000   28.000  0.00000 0
 -74.000   29.000  0.00000 0
 -74.000   30.000  0.00000 0
 -74.000   31.000  0.00000 0
 -74.000   32.000  0.00116 0
 -74.000   33.000  0.00059 0
 -74.000   34.000  0.00139 0
 -74.000   35.000  0.00152 0
 -74.000   36.000 -0.00057 0
 -74.000   37.000 -0.00202 3
 -74.000   38.000 -0.00293 8
 -74.000   39.000 -0.00415 135
 -74.000   40.000 -0.00473 62
 -74.000   41.000 -0.00096 99
 -74.000   42.000  0.00063 145
 -74.000   43.000  0.00181 97
 -74.000   44.000  0.00215 78
 -74.000   45.000  0.00435 81
 -74.000   46.000  0.00379 27
 -74.000   47.000  0.00249 11
 -74.000   48.000  0.00279 8
 -74.000   49.000  0.00359 0
 -74.000   50.000  0.00186 0
 -73.000   25.000  0.00000 0
 -73.000   26.000  0.00000 0
 -73.000   27.000  0.00000 0
 -73.000   28.000  0.00000 0
 -73.000   29.000  0.00000 0
 -73.000   30.000  0.00000 0
 -73.000   31.000  0.00000 0
 -73.000   32.000  0.00000 0
 -73.000   33.000  0.00000 0
 -73.000   34.000  0.00077 0
 -73.000   35.000  0.00036 0
 -73.000   36.000 -0.00127 0
 -73.000   37.000 -0.00207 0
 -73.000   38.000 -0.00331 1
 -73.000   39.000 -0.00325 19
 -73.000   40.000 -0.00330 40
 -73.000   41.000  0.00012 51
 -73.000   42.000  0.00207 75
 -73.000   43.000  0.00314 66
 -73.000   44.000  0.00304 54
 -73.000   45.000  0.00455 53
 -73.000   46.000  0.00343 23
 -73.000   47.000  0.00228 12
 -73.000   48.000  0.00246 6
 -73.000   49.000  0.00216 0
 -73.000   50.000  0.00114 0
 -72.000   25.000  0.00000 0
 -72.000   26.000  0.00000 0
 -72.000   27.000  0.00000 0
 -72.000   28.000  0.00000 0
 -72.000   29.000  0.00000 0
 -72.000   30.000  0.00000 0
 -72.000   31.000  0.00000 0
 -72.000   32.000  0.00000 0
 -72.000   33.000  0.00000 0
 -72.000   34.000  0.00000 0
 -72.000   35.000  0.00000 0
 -72.000   36.000 -0.00104 0
 -72.000   37.000 -0.00098 0
 -72.000   38.000 -0.00103 0
 -72.000   39.000 -0.00095 3
 -72.000   40.000 -0.00154 27
 -72.000   41.000  0.00105 55
 -72.000   42.000  0.00236 51
 -72.000   43.000  0.00246 73
 -72.000   44.000  0.00316 50
 -72.000   45.000  0.00376 55
 -72.000   46.000  0.00234 17
 -72.000   47.000  0.00098 14
 -72.000   48.000  0.00092 13
 -72.000   49.000  0.00018 0
 -72.000   50.000  0.00023 0
 -71.000   25.000  0.00000 0
 -71.000   26.000  0.00000 0
 -71.000   27.000  0.00000 0
 -71.000   28.000  0.00000 0
 -71.000   29.000  0.00000 0
 -71.000   30.000  0.00000 0
 -71.000   31.000  0.00000 0
 -71.000   32.000  0.00000 0
 -71.000   33.000  0.00000 0
 -71.000   34.000  0.00000 0
 -71.000   35.000  0.00000 0
 -71.000   36.000  0.00000 0
 -71.000   37.000  0.00003 0
 -71.000   38.000  0.00050 0
 -71.000   39.000  0.00044 0
 -71.000   40.000 -0.00118 20
 -71.000   41.000 -0.00041 7
 -71.000   42.000  0.00142 49
 -71.000   43.000  0.00133 49
 -71.000   44.000  0.00262 40
 -71.000   45.000  0.00403 56
 -71.000   46.000  0.00405 28
 -71.000   47.000  0.00219 16
 -71.000   48.000  0.00181 14
 -71.000   49.000  0.00072 0
 -71.000   50.000  0.00131 0
 -70.000   25.000  0.00000 0
 -70.000   26.000  0.00000 0
 -70.000   27.000  0.00000 0
 -70.000   28.000  0.00000 0
 -70.000   29.000  0.00000 0
 -70.000   30.000  0.00000 0
 -70.000   31.000  0.00000 0
 -70.000   32.000  0.00000 0
 -70.000   33.000  0.00000 0
 -70.000   34.000  0.00000 0
 -70.000   35.000  0.00000 0
 -70.000   36.000  0.00000 0
 -70.000   37.000  0.00000 0
 -70.000   38.000  0.00080 0
 -70.000   39.000  0.00154 0
 -70.000   40.000 -0.00007 9
 -70.000   41.000 -0.00032 6
 -70.000   42.000  0.00051 18
 -70.000   43.000  0.00033 21
 -70.000   44.000  0.00027 36
 -70.000   45.000  0.00115 46
 -70.000   46.000  0.00245 50
 -70.000   47.000  0.00162 24
 -70.000   48.000  0.00103 14
 -70.000   49.000  0.00043 0
 -70.000   50.000  0.00180 0
 -69.000   25.000  0.00000 0
 -69.000   26.000  0.00000 0
 -69.000   27.000  0.00000 0
 -69.000   28.000  0.00000 0
 -69.000   29.000  0.00000 0
 -69.000   30.000  0.00000 0
 -69.000   31.000  0.00000 0
 -69.000   32.000  0.00000 0
 -69.000   33.000  0.00000 0
 -69.000   34.000  0.00000 0
 -69.000   35.000  0.00000 0
 -69.000   36.000  0.00000 0
 -69.000   37.000  0.00000 0
 -69.000   38.000  0.00058 0
 -69.000   39.000  0.00154 0
 -69.000   40.000  0.00008 0
 -69.000   41.000  0.00001 3
 -69.000   42.000  0.00114 9
 -69.000   43.000  0.00125 14
 -69.000   44.000  0.00118 32
 -69.000   45.000  0.00121 55
 -69.000   46.000  0.00193 34
 -69.000   47.000  0.00080 30
 -69.000   48.000  0.00088 11
 -69.000   49.000 -0.00001 0
 -69.000   50.000  0.00237 0
 -68.000   25.000  0.00000 0
 -68.000   26.000  0.00000 0
 -68.000   27.000  0.00000 0
 -68.000   28.000  0.00000 0
 -68.000   29.000  0.00000 0
 -68.000   30.000  0.00000 0
 -68.000   31.000  0.00000 0
 -68.000   32.000  0.00000 0
 -68.000   33.000  0.00000 0
 -68.000   34.000  0.00000 0
 -68.000   35.000  0.00000 0
 -68.000   36.000  0.00000 0
 -68.000   37.000  0.00000 0
 -68.000   38.000  0.00102 0
 -68.000   39.000  0.00045 0
 -68.000   40.000 -0.00088 0
 -68.000   41.000 -0.00145 0
 -68.000   42.000 -0.00047 0
 -68.000   43.000 -0.00081 7
 -68.000   44.000  0.00234 28
 -68.000   45.000  0.00201 37
 -68.000   46.000  0.00295 35
 -68.000   47.000  0.00197 16
 -68.000   48.000  0.00206 10
 -68.000   49.000 -0.00066 0
 -68.000   50.000  0.00190 19
 -67.000   25.000  0.00000 0
 -67.000   26.000  0.00000 0
 -67.000   27.000  0.00000 0
 -67.000   28.000  0.00000 0
 -67.000   29.000  0.00000 0
 -67.000   30.000  0.00000 0
 -67.000   31.000  0.00000 0
 -67.000   32.000  0.00000 0
 -67.000   33.000  0.00000 0
 -67.000   34.000  0.00000 0
 -67.000   35.000  0.00000 0
 -67.000   36.000  0.00000 0
 -67.000   37.000  0.00000 0
 -67.000   38.000  0.00000 0
 -67.000   39.000  0.00000 0
 -67.000   40.000 -0.00113 0
 -67.000   41.000 -0.00135 0
 -67.000   42.000 -0.00088 0
 -67.000   43.000 -0.00016 8
 -67.000   44.000  0.00231 18
 -67.000   45.000  0.00257 13
 -67.000   46.000  0.00370 29
 -67.000   47.000  0.00323 6
 -67.000   48.000  0.00329 30
 -67.000   49.000  0.00101 0
 -67.000   50.000  0.00281 7
 -66.000   25.000  0.00000 0
 -66.000   26.000  0.00000 0
 -66.000   27.000  0.00000 0
 -66.000   28.000  0.00000 0
 -66.000   29.000  0.00000 0
 -66.000   30.000  0.00000 0
 -66.000   31.000  0.00000 0
 -66.000   32.000  0.00000 0
 -66.000   33.000  0.00000 0
 -66.000   34.000  0.00000 0
 -66.000   35.000  0.00000 0
 -66.000   36.000  0.00000 0
 -66.000   37.000  0.00000 0
 -66.000   38.000  0.00000 0
 -66.000   39.000  0.00000 0
 -66.000   40.000  0.00000 0
 -66.000   41.000  0.00040 0
 -66.000   42.000  0.00020 0
 -66.000   43.000  0.00063 0
 -66.000   44.000  0.00297 5
 -66.000   45.000  0.00180 5
 -66.000   46.000  0.00125 6
 -66.000   47.000  0.00145 1
 -66.000   48.000  0.00198 2
 -66.000   49.000 -0.00045 0
 -66.000   50.000  0.00135 2
 -65.000   25.000  0.00000 0
 -65.000   26.000  0.00000 0
 -65.000   27.000  0.00000 0
 -65.000   28.000  0.00000 0
 -65.000   29.000  0.00000 0
 -65.000   30.000  0.00000 0
 -65.000   31.000  0.00000 0
 -65.000   32.000  0.00000 0
 -65.000   33.000  0.00000 0
 -65.000   34.000  0.00000 0
 -65.000   35.000  0.00000 0
 -65.000   36.000  0.00000 0
 -65.000   37.000  0.00000 0
 -65.000   38.000  0.00000 0
 -65.000   39.000  0.00000 0
 -65.000   40.000  0.00000 0
 -65.000   41.000  0.00196 0
 -65.000   42.000  0.00209 0
 -65.000   43.000  0.00214 0
 -65.000   44.000  0.00536 0
 -65.000   45.000  0.00330 0
 -65.000   46.000  0.00085 0
 -65.000   47.000  0.00073 0
 -65.000   48.000  0.00191 0
 -65.000   49.000 -0.00163 0
 -65.000   50.000  0.00126 2
