-130.000   25.000 -0.00584 1
-130.000   26.000 -0.00754 4
-130.000   27.000 -0.00088 9
-130.000   28.000 -0.00088 7
-130.000   29.000 -0.00042 8
-130.000   30.000  0.00262 2
-130.000   31.000  0.00515 2
-130.000   32.000  0.00000 1
-130.000   33.000  0.00000 0
-130.000   34.000  0.00000 0
-130.000   35.000  0.00000 0
-130.000   36.000  0.00000 0
-130.000   37.000 -0.00056 0
-130.000   38.000  0.00076 0
-130.000   39.000  0.00290 4
-130.000   40.000  0.00230 30
-130.000   41.000  0.00360 20
-130.000   42.000  0.00493 20
-130.000   43.000  0.00361 5
-130.000   44.000 -0.00111 1
-130.000   45.000 -0.00409 4
-130.000   46.000 -0.00538 7
-130.000   47.000 -0.00615 71
-130.000   48.000 -0.00615 1
-130.000   49.000 -0.00445 3
-130.000   50.000  0.00000 4
-129.000   25.000 -0.00438 1
-129.000   26.000 -0.00565 11
-129.000   27.000 -0.00066 9
-129.000   28.000 -0.00066 7
-129.000   29.000 -0.00031 2
-129.000   30.000  0.00197 4
-129.000   31.000  0.00386 2
-129.000   32.000  0.00000 0
-129.000   33.000  0.00000 0
-129.000   34.000  0.00000 0
-129.000   35.000  0.00000 0
-129.000   36.000  0.00000 0
-129.000   37.000 -0.00042 0
-129.000   38.000  0.00265 2
-129.000   39.000  0.00577 2
-129.000   40.000  0.00533 29
-129.000   41.000  0.00630 19
-129.000   42.000  0.00730 15
-129.000   43.000  0.00422 11
-129.000   44.000 -0.00084 3
-129.000   45.000 -0.00306 4
-129.000   46.000 -0.00403 12
-129.000   47.000 -0.00461 20
-129.000   48.000 -0.00461 4
-129.000   49.000 -0.00334 2
-129.000   50.000  0.00000 0
-128.000   25.000 -0.00350 1
-128.000   26.000 -0.00452 9
-128.000   27.000 -0.00053 1
-128.000   28.000 -0.00053 4
-128.000   29.000 -0.00025 8
-128.000   30.000  0.00157 1
-128.000   31.000  0.00309 0
-128.000   32.000  0.00000 0
-128.000   33.000  0.00000 2
-128.000   34.000  0.00000 0
-128.000   35.000  0.00000 0
-128.000   36.000  0.00000 1
-128.000   37.000 -0.00034 1
-128.000   38.000  0.00212 2
-128.000   39.000  0.00462 15
-128.000   40.000  0.00426 34
-128.000   41.000  0.00504 8
-128.000   42.000  0.00584 8
-128.000   43.000  0.00338 4
-128.000   44.000 -0.00067 10
-128.000   45.000 -0.00245 3
-128.000   46.000 -0.00323 10
-128.000   47.000 -0.00369 5
-128.000   48.000 -0.00301 2
-128.000   49.000 -0.00182 4
-128.000   50.000  0.00114 5
-127.000   25.000 -0.00203 3
-127.000   26.000 -0.00216 3
-127.000   27.000 -0.00041 4
-127.000   28.000 -0.00041 1
-127.000   29.000 -0.00013 3
-127.000   30.000  0.00081 0
-127.000   31.000  0.00132 1
-127.000   32.000  0.00000 0
-127.000   33.000  0.00000 0
-127.000   34.000  0.00000 0
-127.000   35.000  0.00000 0
-127.000   36.000  0.00000 1
-127.000   37.000 -0.00034 1
-127.000   38.000  0.00149 3
-127.000   39.000  0.00244 4
-127.000   40.000  0.00231 6
-127.000   41.000  0.00308 12
-127.000   42.000  0.00388 4
-127.000   43.000  0.00206 2
-127.000   44.000  0.00033 4
-127.000   45.000 -0.00115 3
-127.000   46.000 -0.00309 1
-127.000   47.000 -0.00809 2
-127.000   48.000 -0.00770 4
-127.000   49.000 -0.00865 3
-127.000   50.000 -0.00885 4
-126.000   25.000 -0.00031 0
-126.000   26.000 -0.00024 2
-126.000   27.000  0.00113 2
-126.000   28.000  0.00113 3
-126.000   29.000  0.00132 0
-126.000   30.000  0.00272 0
-126.000   31.000  0.00468 0
-126.000   32.000  0.00457 1
-126.000   33.000  0.00819 1
-126.000   34.000  0.01005 0
-126.000   35.000  0.00970 0
-126.000   36.000  0.00765 0
-126.000   37.000  0.00648 3
-126.000   38.000  0.00562 4
-126.000   39.000  0.00605 0
-126.000   40.000  0.00478 3
-126.000   41.000  0.00629 3
-126.000   42.000  0.00672 2
-126.000   43.000  0.00396 1
-126.000   44.000  0.00069 3
-126.000   45.000  0.00188 1
-126.000   46.000 -0.00326 4
-126.000   47.000 -0.00857 2
-126.000   48.000 -0.00952 4
-126.000   49.000 -0.01067 5
-126.000   50.000 -0.01586 14
-125.000   25.000  0.00000 1
-125.000   26.000  0.00000 2
-125.000   27.000  0.00000 3
-125.000   28.000  0.00000 2
-125.000   29.000  0.00000 0
-125.000   30.000  0.00140 1
-125.000   31.000  0.00487 1
-125.000   32.000  0.00937 0
-125.000   33.000  0.01630 2
-125.000   34.000  0.01932 0
-125.000   35.000  0.02064 4
-125.000   36.000  0.01968 1
-125.000   37.000  0.01697 5
-125.000   38.000  0.01630 5
-125.000   39.000  0.01639 4
-125.000   40.000  0.01558 2
-125.000   41.000  0.01677 7
-125.000   42.000  0.01496 8
-125.000   43.000  0.00870 1
-125.000   44.000  0.00460 5
-125.000   45.000  0.00367 1
-125.000   46.000 -0.00373 5
-125.000   47.000 -0.00858 2
-125.000   48.000 -0.00953 6
-125.000   49.000 -0.01067 9
-125.000   50.000 -0.01586 30
-124.000   25.000  0.00000 0
-124.000   26.000  0.00000 3
-124.000   27.000  0.00222 1
-124.000   28.000  0.00222 1
-124.000   29.000  0.00486 0
-124.000   30.000  0.00792 0
-124.000   31.000  0.01320 0
-124.000   32.000  0.01861 9
-124.000   33.000  0.02572 17
-124.000   34.000  0.02838 11
-124.000   35.000  0.03057 11
-124.000   36.000  0.02999 10
-124.000   37.000  0.02844 25
-124.000   38.000  0.02839 7
-124.000   39.000  0.02602 15
-124.000   40.000  0.02519 7
-124.000   41.000  0.02362 8
-124.000   42.000  0.01696 15
-124.000   43.000  0.01037 10
-124.000   44.000  0.00645 1
-124.000   45.000  0.00366 3
-124.000   46.000 -0.00318 2
-124.000   47.000 -0.00747 6
-124.000   48.000 -0.00889 10
-124.000   49.000 -0.00988 12
-124.000   50.000 -0.01586 20
-123.000   25.000  0.00000 0
-123.000   26.000  0.00000 0
-123.000   27.000  0.00633 0
-123.000   28.000  0.00633 0
-123.000   29.000  0.01158 1
-123.000   30.000  0.01705 3
-123.000   31.000  0.02233 4
-123.000   32.000  0.02609 4
-123.000   33.000  0.03320 10
-123.000   34.000  0.03382 15
-123.000   35.000  0.03592 8
-123.000   36.000  0.03878 15
-123.000   37.000  0.03862 11
-123.000   38.000  0.03906 10
-123.000   39.000  0.03557 14
-123.000   40.000  0.03242 20
-123.000   41.000  0.02372 13
-123.000   42.000  0.01156 11
-123.000   43.000  0.00447 10
-123.000   44.000  0.00109 3
-123.000   45.000 -0.00170 3
-123.000   46.000 -0.00485 6
-123.000   47.000 -0.00747 3
-123.000   48.000 -0.01054 4
-123.000   49.000 -0.01193 5
-123.000   50.000 -0.01861 4
-122.000   25.000  0.00000 0
-122.000   26.000  0.00000 0
-122.000   27.000  0.00633 0
-122.000   28.000  0.00633 5
-122.000   29.000  0.01375 12
-122.000   30.000  0.02234 5
-122.000   31.000  0.02762 8
-122.000   32.000  0.03338 14
-122.000   33.000  0.04160 7
-122.000   34.000  0.04173 7
-122.000   35.000  0.04342 10
-122.000   36.000  0.04678 14
-122.000   37.000  0.04665 6
-122.000   38.000  0.04682 8
-122.000   39.000  0.04489 10
-122.000   40.000  0.04024 7
-122.000   41.000  0.03156 11
-122.000   42.000  0.01652 16
-122.000   43.000  0.00860 9
-122.000   44.000  0.00198 11
-122.000   45.000 -0.00202 7
-122.000   46.000 -0.00453 5
-122.000   47.000 -0.00177 6
-122.000   48.000 -0.00455 4
-122.000   49.000 -0.00445 5
-122.000   50.000 -0.00862 2
-121.000   25.000  0.00000 0
-121.000   26.000  0.00000 0
-121.000   27.000  0.00633 0
-121.000   28.000  0.00633 4
-121.000   29.000  0.01375 13
-121.000   30.000  0.02390 1
-121.000   31.000  0.02722 16
-121.000   32.000  0.03392 10
-121.000   33.000  0.03966 4
-121.000   34.000  0.03881 11
-121.000   35.000  0.04100 5
-121.000   36.000  0.04940 6
-121.000   37.000  0.04961 13
-121.000   38.000  0.04951 10
-121.000   39.000  0.04581 15
-121.000   40.000  0.03929 7
-121.000   41.000  0.02520 8
-121.000   42.000  0.00962 5
-121.000   43.000  0.00444 6
-121.000   44.000  0.00058 8
-121.000   45.000 -0.00461 4
-121.000   46.000 -0.00223 5
-121.000   47.000  0.00011 5
-121.000   48.000 -0.00132 1
-121.000   49.000 -0.00041 3
-121.000   50.000 -0.00161 6
-120.000   25.000  0.00000 1
-120.000   26.000  0.00000 1
-120.000   27.000  0.00633 0
-120.000   28.000  0.00633 1
-120.000   29.000  0.01648 3
-120.000   30.000  0.02663 0
-120.000   31.000  0.02845 10
-120.000   32.000  0.03184 9
-120.000   33.000  0.03669 5
-120.000   34.000  0.03504 8
-120.000   35.000  0.03794 6
-120.000   36.000  0.04634 12
-120.000   37.000  0.04947 18
-120.000   38.000  0.04817 12
-120.000   39.000  0.04016 16
-120.000   40.000  0.03156 11
-120.000   41.000  0.01631 12
-120.000   42.000  0.00297 14
-120.000   43.000 -0.00011 14
-120.000   44.000 -0.00060 10
-120.000   45.000 -0.00297 4
-120.000   46.000  0.00207 2
-120.000   47.000  0.00256 5
-120.000   48.000  0.00113 3
-120.000   49.000  0.00141 4
-120.000   50.000 -0.00161 2
-119.000   25.000  0.00000 0
-119.000   26.000  0.00000 1
-119.000   27.000  0.00411 1
-119.000   28.000  0.00411 2
-119.000   29.000  0.01143 1
-119.000   30.000  0.01993 3
-119.000   31.000  0.01993 5
-119.000   32.000  0.02553 7
-119.000   33.000  0.03128 2
-119.000   34.000  0.03192 10
-119.000   35.000  0.03377 7
-119.000   36.000  0.04327 8
-119.000   37.000  0.04399 15
-119.000   38.000  0.03935 11
-119.000   39.000  0.03095 18
-119.000   40.000  0.02514 15
-119.000   41.000  0.01092 9
-119.000   42.000  0.00086 29
-119.000   43.000  0.00159 12
-119.000   44.000  0.00203 22
-119.000   45.000  0.00085 1
-119.000   46.000  0.00575 1
-119.000   47.000  0.00536 2
-119.000   48.000  0.00258 3
-119.000   49.000  0.00322 5
-119.000   50.000 -0.00132 4
-118.000   25.000  0.00000 1
-118.000   26.000  0.00000 3
-118.000   27.000  0.00000 2
-118.000   28.000  0.00000 2
-118.000   29.000  0.00547 3
-118.000   30.000  0.01156 3
-118.000   31.000  0.01156 6
-118.000   32.000  0.02148 5
-118.000   33.000  0.03025 4
-118.000   34.000  0.03435 5
-118.000   35.000  0.03754 12
-118.000   36.000  0.04568 13
-118.000   37.000  0.04164 8
-118.000   38.000  0.03348 11
-118.000   39.000  0.02428 20
-118.000   40.000  0.01818 21
-118.000   41.000  0.00966 18
-118.000   42.000  0.00582 26
-118.000   43.000  0.00704 20
-118.000   44.000  0.00667 7
-118.000   45.000  0.00687 3
-118.000   46.000  0.00555 2
-118.000   47.000  0.00353 9
-118.000   48.000  0.00170 4
-118.000   49.000  0.00213 2
-118.000   50.000 -0.00278 2
-117.000   25.000  0.00000 1
-117.000   26.000  0.00000 0
-117.000   27.000  0.00000 0
-117.000   28.000  0.00000 3
-117.000   29.000  0.00330 3
-117.000   30.000  0.00627 4
-117.000   31.000  0.00627 6
-117.000   32.000  0.01419 4
-117.000   33.000  0.02473 4
-117.000   34.000  0.02932 16
-117.000   35.000  0.03686 30
-117.000   36.000  0.04463 8
-117.000   37.000  0.04242 7
-117.000   38.000  0.02991 16
-117.000   39.000  0.01975 28
-117.000   40.000  0.01106 18
-117.000   41.000  0.00596 7
-117.000   42.000  0.00478 10
-117.000   43.000  0.00865 9
-117.000   44.000  0.01091 13
-117.000   45.000  0.01358 8
-117.000   46.000  0.00942 0
-117.000   47.000  0.00490 17
-117.000   48.000  0.00302 12
-117.000   49.000  0.00377 2
-117.000   50.000 -0.00246 3
-116.000   25.000  0.00000 0
-116.000   26.000  0.00000 0
-116.000   27.000  0.00000 1
-116.000   28.000  0.00000 3
-116.000   29.000  0.00330 5
-116.000   30.000  0.00330 1
-116.000   31.000  0.00330 7
-116.000   32.000  0.01231 3
-116.000   33.000  0.02171 3
-116.000   34.000  0.02541 22
-116.000   35.000  0.03280 12
-116.000   36.000  0.03707 6
-116.000   37.000  0.03218 11
-116.000   38.000  0.02346 16
-116.000   39.000  0.01676 21
-116.000   40.000  0.01205 5
-116.000   41.000  0.01345 13
-116.000   42.000  0.01418 15
-116.000   43.000  0.01477 12
-116.000   44.000  0.01445 3
-116.000   45.000  0.01626 3
-116.000   46.000  0.01001 1
-116.000   47.000  0.00517 2
-116.000   48.000  0.00392 7
-116.000   49.000  0.00490 7
-116.000   50.000 -0.00096 1
-115.000   25.000  0.00000 3
-115.000   26.000  0.00000 1
-115.000   27.000  0.00000 2
-115.000   28.000 -0.00388 5
-115.000   29.000 -0.00331 2
-115.000   30.000 -0.00331 5
-115.000   31.000 -0.00331 4
-115.000   32.000  0.00718 2
-115.000   33.000  0.01804 1
-115.000   34.000  0.02277 4
-115.000   35.000  0.02778 6
-115.000   36.000  0.03066 2
-115.000   37.000  0.02347 7
-115.000   38.000  0.01804 17
-115.000   39.000  0.01398 22
-115.000   40.000  0.01443 6
-115.000   41.000  0.01850 14
-115.000   42.000  0.01688 15
-115.000   43.000  0.01389 9
-115.000   44.000  0.01264 7
-115.000   45.000  0.01022 6
-115.000   46.000  0.00094 4
-115.000   47.000 -0.00072 6
-115.000   48.000  0.00073 11
-115.000   49.000  0.00091 5
-115.000   50.000 -0.00385 4
-114.000   25.000  0.00000 2
-114.000   26.000 -0.00642 3
-114.000   27.000 -0.00513 1
-114.000   28.000 -0.00902 3
-114.000   29.000 -0.00826 3
-114.000   30.000 -0.00826 2
-114.000   31.000 -0.00059 1
-114.000   32.000  0.00678 1
-114.000   33.000  0.02084 3
-114.000   34.000  0.02523 9
-114.000   35.000  0.03372 5
-114.000   36.000  0.03201 5
-114.000   37.000  0.02596 5
-114.000   38.000  0.01637 8
-114.000   39.000  0.01236 13
-114.000   40.000  0.00800 12
-114.000   41.000  0.01438 6
-114.000   42.000  0.01565 6
-114.000   43.000  0.01409 13
-114.000   44.000  0.01144 7
-114.000   45.000  0.00579 7
-114.000   46.000 -0.00580 2
-114.000   47.000 -0.00988 3
-114.000   48.000 -0.00891 7
-114.000   49.000 -0.00926 3
-114.000   50.000 -0.00981 5
-113.000   25.000  0.00000 0
-113.000   26.000 -0.00642 1
-113.000   27.000 -0.00513 1
-113.000   28.000 -0.00902 4
-113.000   29.000 -0.00902 3
-113.000   30.000 -0.00902 6
-113.000   31.000 -0.00135 0
-113.000   32.000  0.00335 0
-113.000   33.000  0.01439 2
-113.000   34.000  0.01736 7
-113.000   35.000  0.02517 5
-113.000   36.000  0.02132 6
-113.000   37.000  0.02133 5
-113.000   38.000  0.01521 22
-113.000   39.000  0.01290 10
-113.000   40.000  0.01042 14
-113.000   41.000  0.02076 11
-113.000   42.000  0.02068 8
-113.000   43.000  0.01881 8
-113.000   44.000  0.01574 6
-113.000   45.000  0.00889 7
-113.000   46.000 -0.00267 2
-113.000   47.000 -0.01001 3
-113.000   48.000 -0.00918 11
-113.000   49.000 -0.00845 3
-113.000   50.000 -0.00874 4
-112.000   25.000  0.00057 1
-112.000   26.000 -0.00226 0
-112.000   27.000 -0.00313 0
-112.000   28.000 -0.00827 6
-112.000   29.000 -0.00827 3
-112.000   30.000 -0.00736 3
-112.000   31.000  0.00022 3
-112.000   32.000  0.00625 1
-112.000   33.000  0.01690 7
-112.000   34.000  0.02118 3
-112.000   35.000  0.02597 6
-112.000   36.000  0.01921 6
-112.000   37.000  0.01746 16
-112.000   38.000  0.01195 25
-112.000   39.000  0.00872 10
-112.000   40.000  0.00878 9
-112.000   41.000  0.01558 4
-112.000   42.000  0.01443 6
-112.000   43.000  0.01227 1
-112.000   44.000  0.00985 8
-112.000   45.000  0.00236 10
-112.000   46.000 -0.00479 7
-112.000   47.000 -0.00931 6
-112.000   48.000 -0.00842 7
-112.000   49.000 -0.00881 8
-112.000   50.000 -0.00734 3
-111.000   25.000  0.00412 0
-111.000   26.000  0.00040 1
-111.000   27.000 -0.00099 3
-111.000   28.000 -0.00787 3
-111.000   29.000 -0.00937 1
-111.000   30.000 -0.00846 0
-111.000   31.000 -0.00088 2
-111.000   32.000  0.00392 5
-111.000   33.000  0.01569 1
-111.000   34.000  0.02000 4
-111.000   35.000  0.02572 3
-111.000   36.000  0.02051 5
-111.000   37.000  0.02085 15
-111.000   38.000  0.01541 16
-111.000   39.000  0.01483 8
-111.000   40.000  0.01283 11
-111.000   41.000  0.01599 10
-111.000   42.000  0.01292 8
-111.000   43.000  0.01081 7
-111.000   44.000  0.00472 7
-111.000   45.000 -0.00338 6
-111.000   46.000 -0.00966 6
-111.000   47.000 -0.01314 5
-111.000   48.000 -0.01192 4
-111.000   49.000 -0.01195 6
-111.000   50.000 -0.00863 2
-110.000   25.000  0.00412 15
-110.000   26.000  0.00040 4
-110.000   27.000 -0.00099 9
-110.000   28.000 -0.00398 8
-110.000   29.000 -0.00549 9
-110.000   30.000 -0.00323 1
-110.000   31.000  0.00435 3
-110.000   32.000  0.01005 2
-110.000   33.000  0.02267 6
-110.000   34.000  0.02940 3
-110.000   35.000  0.03257 8
-110.000   36.000  0.02947 9
-110.000   37.000  0.03060 8
-110.000   38.000  0.01823 15
-110.000   39.000  0.01474 8
-110.000   40.000  0.01267 7
-110.000   41.000  0.01293 8
-110.000   42.000  0.00898 4
-110.000   43.000  0.01353 3
-110.000   44.000  0.00941 6
-110.000   45.000  0.00259 5
-110.000   46.000 -0.00356 7
-110.000   47.000 -0.00825 5
-110.000   48.000 -0.01151 8
-110.000   49.000 -0.01329 4
-110.000   50.000 -0.01042 4
-109.000   25.000  0.00412 13
-109.000   26.000  0.00577 6
-109.000   27.000  0.00330 5
-109.000   28.000  0.00031 2
-109.000   29.000 -0.00160 10
-109.000   30.000  0.00066 6
-109.000   31.000  0.00494 4
-109.000   32.000  0.01289 1
-109.000   33.000  0.02303 5
-109.000   34.000  0.03067 6
-109.000   35.000  0.03269 5
-109.000   36.000  0.02915 9
-109.000   37.000  0.02936 7
-109.000   38.000  0.02036 12
-109.000   39.000  0.01316 9
-109.000   40.000  0.01097 7
-109.000   41.000  0.00999 8
-109.000   42.000  0.00474 5
-109.000   43.000  0.00942 0
-109.000   44.000  0.01159 5
-109.000   45.000  0.00823 7
-109.000   46.000  0.00464 10
-109.000   47.000  0.00019 7
-109.000   48.000 -0.00407 9
-109.000   49.000 -0.00784 4
-109.000   50.000 -0.00682 7
-108.000   25.000  0.00412 5
-108.000   26.000  0.00577 4
-108.000   27.000  0.00330 3
-108.000   28.000  0.00031 1
-108.000   29.000  0.00260 1
-108.000   30.000  0.00773 5
-108.000   31.000  0.01202 1
-108.000   32.000  0.01997 6
-108.000   33.000  0.03168 5
-108.000   34.000  0.03278 18
-108.000   35.000  0.03422 11
-108.000   36.000  0.03339 8
-108.000   37.000  0.03248 11
-108.000   38.000  0.02146 8
-108.000   39.000  0.01682 7
-108.000   40.000  0.01250 4
-108.000   41.000  0.00633 6
-108.000   42.000  0.00016 7
-108.000   43.000  0.00455 6
-108.000   44.000  0.00850 8
-108.000   45.000  0.00497 12
-108.000   46.000  0.00386 8
-108.000   47.000  0.00266 4
-108.000   48.000 -0.00087 6
-108.000   49.000 -0.00635 8
-108.000   50.000 -0.00483 5
-107.000   25.000  0.00355 5
-107.000   26.000  0.00161 2
-107.000   27.000  0.00086 3
-107.000   28.000 -0.00088 8
-107.000   29.000  0.00273 5
-107.000   30.000  0.00678 3
-107.000   31.000  0.01107 6
-107.000   32.000  0.01954 2
-107.000   33.000  0.03138 6
-107.000   34.000  0.03265 10
-107.000   35.000  0.03110 16
-107.000   36.000  0.03153 12
-107.000   37.000  0.02909 12
-107.000   38.000  0.01948 5
-107.000   39.000  0.01359 7
-107.000   40.000  0.01243 11
-107.000   41.000  0.00799 6
-107.000   42.000  0.00310 2
-107.000   43.000  0.00903 9
-107.000   44.000  0.01394 8
-107.000   45.000  0.01042 6
-107.000   46.000  0.00827 11
-107.000   47.000  0.00589 6
-107.000   48.000 -0.00071 5
-107.000   49.000 -0.00764 6
-107.000   50.000 -0.00655 2
-106.000   25.000  0.00000 2
-106.000   26.000 -0.00105 0
-106.000   27.000 -0.00128 4
-106.000   28.000 -0.00128 3
-106.000   29.000  0.00483 3
-106.000   30.000  0.00797 3
-106.000   31.000  0.01245 6
-106.000   32.000  0.01860 7
-106.000   33.000  0.03014 4
-106.000   34.000  0.03037 2
-106.000   35.000  0.02881 7
-106.000   36.000  0.02865 7
-106.000   37.000  0.02764 7
-106.000   38.000  0.01755 16
-106.000   39.000  0.00724 11
-106.000   40.000  0.01213 4
-106.000   41.000  0.00860 5
-106.000   42.000  0.00689 4
-106.000   43.000  0.01299 5
-106.000   44.000  0.02662 5
-106.000   45.000  0.01971 9
-106.000   46.000  0.01735 9
-106.000   47.000  0.01271 3
-106.000   48.000  0.00516 2
-106.000   49.000 -0.00562 5
-106.000   50.000 -0.00676 3
-105.000   25.000  0.00000 2
-105.000   26.000 -0.00105 0
-105.000   27.000 -0.00128 4
-105.000   28.000 -0.00126 2
-105.000   29.000  0.00486 6
-105.000   30.000  0.00538 5
-105.000   31.000  0.01087 9
-105.000   32.000  0.01354 7
-105.000   33.000  0.01849 10
-105.000   34.000  0.01529 9
-105.000   35.000  0.01907 13
-105.000   36.000  0.01615 9
-105.000   37.000  0.01844 8
-105.000   38.000  0.01492 14
-105.000   39.000  0.00851 5
-105.000   40.000  0.01527 5
-105.000   41.000  0.01338 3
-105.000   42.000  0.01709 4
-105.000   43.000  0.02388 5
-105.000   44.000  0.04034 5
-105.000   45.000  0.02885 7
-105.000   46.000  0.02901 8
-105.000   47.000  0.01953 3
-105.000   48.000  0.01128 1
-105.000   49.000 -0.00210 2
-105.000   50.000 -0.00207 2
-104.000   25.000  0.00000 2
-104.000   26.000  0.00000 1
-104.000   27.000 -0.00044 2
-104.000   28.000 -0.00041 0
-104.000   29.000  0.00526 5
-104.000   30.000  0.00577 1
-104.000   31.000  0.00666 6
-104.000   32.000  0.00753 7
-104.000   33.000  0.01046 7
-104.000   34.000  0.00478 6
-104.000   35.000  0.00651 9
-104.000   36.000  0.00736 2
-104.000   37.000  0.01167 1
-104.000   38.000  0.01023 6
-104.000   39.000  0.00994 5
-104.000   40.000  0.02488 9
-104.000   41.000  0.02786 4
-104.000   42.000  0.02847 6
-104.000   43.000  0.03190 8
-104.000   44.000  0.04358 6
-104.000   45.000  0.02639 5
-104.000   46.000  0.02168 6
-104.000   47.000  0.01633 3
-104.000   48.000  0.01138 4
-104.000   49.000  0.00000 2
-104.000   50.000  0.00000 3
-103.000   25.000  0.00000 2
-103.000   26.000  0.00000 0
-103.000   27.000 -0.00044 4
-103.000   28.000 -0.00041 1
-103.000   29.000  0.00062 3
-103.000   30.000 -0.00070 8
-103.000   31.000 -0.00219 4
-103.000   32.000 -0.00042 7
-103.000   33.000  0.00256 9
-103.000   34.000  0.00403 7
-103.000   35.000  0.00554 8
-103.000   36.000  0.00613 6
-103.000   37.000  0.00797 11
-103.000   38.000  0.00766 9
-103.000   39.000  0.00486 6
-103.000   40.000  0.02076 5
-103.000   41.000  0.02500 8
-103.000   42.000  0.02439 8
-103.000   43.000  0.02724 4
-103.000   44.000  0.03783 8
-103.000   45.000  0.02174 8
-103.000   46.000  0.01839 6
-103.000   47.000  0.01583 0
-103.000   48.000  0.01029 2
-103.000   49.000  0.00000 1
-103.000   50.000  0.00000 1
-102.000   25.000  0.00000 0
-102.000   26.000  0.00000 1
-102.000   27.000  0.00000 4
-102.000   28.000  0.00003 0
-102.000   29.000 -0.00026 3
-102.000   30.000 -0.00041 2
-102.000   31.000 -0.00181 6
-102.000   32.000 -0.00062 5
-102.000   33.000  0.00152 15
-102.000   34.000  0.00152 14
-102.000   35.000  0.00409 8
-102.000   36.000  0.00621 7
-102.000   37.000  0.00838 6
-102.000   38.000  0.00890 3
-102.000   39.000  0.01624 8
-102.000   40.000  0.02950 5
-102.000   41.000  0.03143 4
-102.000   42.000  0.03062 11
-102.000   43.000  0.03040 10
-102.000   44.000  0.03058 7
-102.000   45.000  0.01491 5
-102.000   46.000  0.01225 5
-102.000   47.000  0.00970 1
-102.000   48.000  0.00723 0
-102.000   49.000  0.00000 0
-102.000   50.000  0.00000 0
-101.000   25.000  0.00000 0
-101.000   26.000  0.00000 0
-101.000   27.000  0.00000 2
-101.000   28.000  0.00003 0
-101.000   29.000 -0.00126 2
-101.000   30.000 -0.00049 4
-101.000   31.000 -0.00083 6
-101.000   32.000  0.00070 15
-101.000   33.000  0.00058 13
-101.000   34.000  0.00440 11
-101.000   35.000  0.00605 8
-101.000   36.000  0.00645 8
-101.000   37.000  0.00829 7
-101.000   38.000  0.00956 5
-101.000   39.000  0.01539 3
-101.000   40.000  0.02352 7
-101.000   41.000  0.02558 2
-101.000   42.000  0.02252 6
-101.000   43.000  0.02381 6
-101.000   44.000  0.02258 9
-101.000   45.000  0.01204 3
-101.000   46.000  0.00991 4
-101.000   47.000  0.00961 3
-101.000   48.000  0.00714 1
-101.000   49.000  0.00000 0
-101.000   50.000  0.00000 1
-100.000   25.000  0.00000 4
-100.000   26.000  0.00000 1
-100.000   27.000  0.00000 2
-100.000   28.000  0.00295 0
-100.000   29.000  0.00329 0
-100.000   30.000  0.00533 0
-100.000   31.000  0.00399 2
-100.000   32.000  0.00661 11
-100.000   33.000  0.00475 4
-100.000   34.000  0.00667 7
-100.000   35.000  0.00629 9
-100.000   36.000  0.00763 4
-100.000   37.000  0.00663 5
-100.000   38.000  0.00672 5
-100.000   39.000  0.01312 8
-100.000   40.000  0.01608 5
-100.000   41.000  0.01821 8
-100.000   42.000  0.01216 8
-100.000   43.000  0.01098 6
-100.000   44.000  0.00303 5
-100.000   45.000 -0.00160 5
-100.000   46.000 -0.00373 6
-100.000   47.000  0.00071 3
-100.000   48.000  0.00071 4
-100.000   49.000  0.00000 1
-100.000   50.000  0.00000 1
 -99.000   25.000  0.00000 2
 -99.000   26.000  0.00000 2
 -99.000   27.000  0.00000 0
 -99.000   28.000  0.00295 2
 -99.000   29.000  0.00414 2
 -99.000   30.000  0.00618 5
 -99.000   31.000  0.00507 5
 -99.000   32.000  0.00724 5
 -99.000   33.000  0.00601 6
 -99.000   34.000  0.00485 3
 -99.000   35.000  0.00551 6
 -99.000   36.000  0.00663 7
 -99.000   37.000  0.00465 4
 -99.000   38.000  0.00556 4
 -99.000   39.000  0.01419 5
 -99.000   40.000  0.01270 3
 -99.000   41.000  0.01174 7
 -99.000   42.000  0.00875 3
 -99.000   43.000  0.00612 3
 -99.000   44.000 -0.00183 2
 -99.000   45.000 -0.00305 4
 -99.000   46.000 -0.00209 9
 -99.000   47.000  0.00071 5
 -99.000   48.000  0.00071 0
 -99.000   49.000  0.00000 2
 -99.000   50.000  0.00000 0
 -98.000   25.000  0.00000 3
 -98.000   26.000  0.00000 2
 -98.000   27.000 -0.00021 2
 -98.000   28.000  0.00274 3
 -98.000   29.000  0.00437 5
 -98.000   30.000  0.00512 7
 -98.000   31.000  0.00639 6
 -98.000   32.000  0.00787 4
 -98.000   33.000  0.00318 2
 -98.000   34.000  0.00208 5
 -98.000   35.000  0.00374 6
 -98.000   36.000  0.00019 6
 -98.000   37.000 -0.00089 10
 -98.000   38.000  0.00230 3
 -98.000   39.000  0.01044 3
 -98.000   40.000  0.01034 3
 -98.000   41.000  0.01302 1
 -98.000   42.000  0.01283 4
 -98.000   43.000  0.01138 1
 -98.000   44.000  0.00343 2
 -98.000   45.000  0.00111 3
 -98.000   46.000  0.00071 10
 -98.000   47.000  0.00071 2
 -98.000   48.000  0.00071 1
 -98.000   49.000  0.00000 1
 -98.000   50.000  0.00000 2
 -97.000   25.000 -0.00026 0
 -97.000   26.000 -0.00020 1
 -97.000   27.000 -0.00037 1
 -97.000   28.000  0.00274 2
 -97.000   29.000  0.00437 2
 -97.000   30.000  0.00411 5
 -97.000   31.000  0.00538 1
 -97.000   32.000  0.00560 2
 -97.000   33.000  0.00007 1
 -97.000   34.000 -0.00009 2
 -97.000   35.000  0.00299 8
 -97.000   36.000 -0.00018 7
 -97.000   37.000 -0.00004 9
 -97.000   38.000  0.00399 2
 -97.000   39.000  0.00314 2
 -97.000   40.000  0.00301 6
 -97.000   41.000  0.00703 5
 -97.000   42.000  0.00689 6
 -97.000   43.000  0.00543 6
 -97.000   44.000  0.00635 3
 -97.000   45.000  0.00366 4
 -97.000   46.000  0.00154 2
 -97.000   47.000  0.00154 1
 -97.000   48.000  0.00154 1
 -97.000   49.000  0.00000 1
 -97.000   50.000  0.00000 4
 -96.000   25.000  0.00209 3
 -96.000   26.000  0.00157 0
 -96.000   27.000  0.00104 1
 -96.000   28.000  0.00274 3
 -96.000   29.000  0.00437 8
 -96.000   30.000  0.00411 3
 -96.000   31.000  0.00314 4
 -96.000   32.000  0.00335 6
 -96.000   33.000  0.00039 1
 -96.000   34.000 -0.00351 3
 -96.000   35.000  0.00131 7
 -96.000   36.000  0.00162 10
 -96.000   37.000  0.00232 14
 -96.000   38.000  0.00430 6
 -96.000   39.000  0.00587 4
 -96.000   40.000  0.00417 5
 -96.000   41.000  0.00695 1
 -96.000   42.000  0.00672 2
 -96.000   43.000  0.00475 5
 -96.000   44.000  0.00381 4
 -96.000   45.000 -0.00193 3
 -96.000   46.000 -0.00405 3
 -96.000   47.000 -0.00452 3
 -96.000   48.000 -0.00452 2
 -96.000   49.000 -0.00361 0
 -96.000   50.000  0.00000 2
 -95.000   25.000  0.00516 7
 -95.000   26.000  0.00387 1
 -95.000   27.000  0.00288 0
 -95.000   28.000 -0.00021 1
 -95.000   29.000 -0.00448 5
 -95.000   30.000 -0.00474 1
 -95.000   31.000 -0.00571 4
 -95.000   32.000 -0.00550 3
 -95.000   33.000 -0.00645 4
 -95.000   34.000 -0.00543 5
 -95.000   35.000 -0.00095 17
 -95.000   36.000  0.00116 10
 -95.000   37.000  0.00227 23
 -95.000   38.000  0.00519 7
 -95.000   39.000  0.00829 13
 -95.000   40.000  0.00728 5
 -95.000   41.000  0.00791 6
 -95.000   42.000  0.00727 7
 -95.000   43.000  0.00530 6
 -95.000   44.000  0.00546 2
 -95.000   45.000 -0.00065 2
 -95.000   46.000 -0.00241 2
 -95.000   47.000 -0.00288 4
 -95.000   48.000 -0.00362 5
 -95.000   49.000 -0.00452 3
 -95.000   50.000 -0.00122 3
 -94.000   25.000  0.00810 9
 -94.000   26.000  0.00608 5
 -94.000   27.000  0.00465 3
 -94.000   28.000 -0.00021 1
 -94.000   29.000 -0.00448 3
 -94.000   30.000 -0.00474 3
 -94.000   31.000 -0.00756 3
 -94.000   32.000 -0.00264 4
 -94.000   33.000 -0.00294 7
 -94.000   34.000  0.00140 3
 -94.000   35.000  0.00481 14
 -94.000   36.000  0.01093 22
 -94.000   37.000  0.00687 14
 -94.000   38.000  0.00713 18
 -94.000   39.000  0.00782 13
 -94.000   40.000  0.00605 8
 -94.000   41.000  0.00487 3
 -94.000   42.000  0.00469 6
 -94.000   43.000  0.00473 3
 -94.000   44.000  0.00475 6
 -94.000   45.000  0.00050 5
 -94.000   46.000 -0.00226 1
 -94.000   47.000 -0.00273 8
 -94.000   48.000 -0.00346 3
 -94.000   49.000 -0.00531 3
 -94.000   50.000 -0.00227 2
 -93.000   25.000  0.00810 7
 -93.000   26.000  0.00608 2
 -93.000   27.000  0.00486 3
 -93.000   28.000  0.00000 2
 -93.000   29.000 -0.00290 0
 -93.000   30.000 -0.00290 4
 -93.000   31.000 -0.00573 7
 -93.000   32.000  0.00195 5
 -93.000   33.000  0.00511 2
 -93.000   34.000  0.00802 4
 -93.000   35.000  0.00895 11
 -93.000   36.000  0.01859 18
 -93.000   37.000  0.01244 15
 -93.000   38.000  0.01123 14
 -93.000   39.000  0.01205 9
 -93.000   40.000  0.01328 5
 -93.000   41.000  0.00859 7
 -93.000   42.000  0.00753 11
 -93.000   43.000  0.00558 6
 -93.000   44.000  0.00554 3
 -93.000   45.000  0.00050 4
 -93.000   46.000 -0.00226 4
 -93.000   47.000 -0.00273 3
 -93.000   48.000 -0.00346 1
 -93.000   49.000 -0.00531 0
 -93.000   50.000 -0.00227 6
 -92.000   25.000  0.00836 7
 -92.000   26.000  0.00627 3
 -92.000   27.000  0.00603 2
 -92.000   28.000  0.00190 4
 -92.000   29.000  0.00126 4
 -92.000   30.000  0.00286 5
 -92.000   31.000  0.00131 4
 -92.000   32.000  0.00923 4
 -92.000   33.000  0.01122 6
 -92.000   34.000  0.01161 6
 -92.000   35.000  0.01131 11
 -92.000   36.000  0.01929 18
 -92.000   37.000  0.01175 13
 -92.000   38.000  0.01104 10
 -92.000   39.000  0.01266 13
 -92.000   40.000  0.01376 9
 -92.000   41.000  0.01034 6
 -92.000   42.000  0.00942 16
 -92.000   43.000  0.00725 14
 -92.000   44.000  0.00667 3
 -92.000   45.000  0.00143 5
 -92.000   46.000 -0.00221 6
 -92.000   47.000 -0.00268 2
 -92.000   48.000 -0.00341 7
 -92.000   49.000 -0.00525 5
 -92.000   50.000 -0.00227 1
 -91.000   25.000  0.00601 4
 -91.000   26.000  0.00481 1
 -91.000   27.000  0.00486 3
 -91.000   28.000  0.00215 4
 -91.000   29.000  0.00403 2
 -91.000   30.000  0.00563 2
 -91.000   31.000  0.00487 11
 -91.000   32.000  0.01039 5
 -91.000   33.000  0.01126 5
 -91.000   34.000  0.00824 6
 -91.000   35.000  0.00882 8
 -91.000   36.000  0.01477 11
 -91.000   37.000  0.00858 10
 -91.000   38.000  0.00866 14
 -91.000   39.000  0.01081 15
 -91.000   40.000  0.00961 11
 -91.000   41.000  0.00717 9
 -91.000   42.000  0.00684 13
 -91.000   43.000  0.00500 5
 -91.000   44.000  0.00477 2
 -91.000   45.000  0.00384 4
 -91.000   46.000  0.00021 2
 -91.000   47.000  0.00021 2
 -91.000   48.000 -0.00052 1
 -91.000   49.000 -0.00164 1
 -91.000   50.000 -0.00227 0
 -90.000   25.000  0.00295 2
 -90.000   26.000  0.00252 4
 -90.000   27.000  0.00373 3
 -90.000   28.000  0.00352 3
 -90.000   29.000  0.00967 8
 -90.000   30.000  0.01032 9
 -90.000   31.000  0.01066 9
 -90.000   32.000  0.01649 10
 -90.000   33.000  0.01887 9
 -90.000   34.000  0.01232 10
 -90.000   35.000  0.01416 16
 -90.000   36.000  0.01755 6
 -90.000   37.000  0.01101 8
 -90.000   38.000  0.00989 3
 -90.000   39.000  0.00984 5
 -90.000   40.000  0.00783 9
 -90.000   41.000  0.00720 18
 -90.000   42.000  0.00540 21
 -90.000   43.000  0.00113 8
 -90.000   44.000  0.00236 3
 -90.000   45.000  0.00195 3
 -90.000   46.000 -0.00204 3
 -90.000   47.000 -0.00124 7
 -90.000   48.000  0.00021 4
 -90.000   49.000 -0.00073 4
 -90.000   50.000 -0.00105 2
 -89.000   25.000  0.00000 4
 -89.000   26.000  0.00031 2
 -89.000   27.000  0.00196 5
 -89.000   28.000  0.00727 9
 -89.000   29.000  0.01499 1
 -89.000   30.000  0.01728 3
 -89.000   31.000  0.02211 7
 -89.000   32.000  0.02506 5
 -89.000   33.000  0.02293 11
 -89.000   34.000  0.01241 6
 -89.000   35.000  0.01127 5
 -89.000   36.000  0.00802 6
 -89.000   37.000  0.00490 8
 -89.000   38.000  0.00509 7
 -89.000   39.000  0.00695 12
 -89.000   40.000  0.00729 13
 -89.000   41.000  0.00785 11
 -89.000   42.000  0.00551 9
 -89.000   43.000  0.00069 3
 -89.000   44.000  0.00162 5
 -89.000   45.000  0.00018 4
 -89.000   46.000 -0.00220 4
 -89.000   47.000 -0.00140 2
 -89.000   48.000  0.00005 0
 -89.000   49.000  0.00006 2
 -89.000   50.000  0.00000 3
 -88.000   25.000 -0.00227 2
 -88.000   26.000 -0.00140 2
 -88.000   27.000  0.00060 4
 -88.000   28.000  0.00590 2
 -88.000   29.000  0.01262 6
 -88.000   30.000  0.01550 6
 -88.000   31.000  0.02032 3
 -88.000   32.000  0.01932 11
 -88.000   33.000  0.01451 7
 -88.000   34.000  0.00496 9
 -88.000   35.000  0.00500 18
 -88.000   36.000 -0.00089 45
 -88.000   37.000  0.00016 48
 -88.000   38.000  0.00424 18
 -88.000   39.000  0.00729 13
 -88.000   40.000  0.00817 16
 -88.000   41.000  0.01209 18
 -88.000   42.000  0.00953 7
 -88.000   43.000  0.00435 1
 -88.000   44.000  0.00413 10
 -88.000   45.000  0.00175 6
 -88.000   46.000 -0.00136 3
 -88.000   47.000 -0.00056 1
 -88.000   48.000  0.00005 2
 -88.000   49.000  0.00006 2
 -88.000   50.000  0.00000 1
 -87.000   25.000  0.00164 0
 -87.000   26.000  0.00154 3
 -87.000   27.000  0.00193 1
 -87.000   28.000  0.00466 4
 -87.000   29.000  0.00846 5
 -87.000   30.000  0.00974 6
 -87.000   31.000  0.01052 7
 -87.000   32.000  0.00901 6
 -87.000   33.000  0.00399 7
 -87.000   34.000 -0.00432 9
 -87.000   35.000 -0.00428 9
 -87.000   36.000 -0.00586 13
 -87.000   37.000 -0.00330 16
 -87.000   38.000  0.00337 4
 -87.000   39.000  0.00822 14
 -87.000   40.000  0.01089 4
 -87.000   41.000  0.01263 9
 -87.000   42.000  0.01008 9
 -87.000   43.000  0.00407 7
 -87.000   44.000  0.00434 4
 -87.000   45.000  0.00164 5
 -87.000   46.000  0.00045 3
 -87.000   47.000  0.00175 2
 -87.000   48.000  0.00169 3
 -87.000   49.000  0.00054 2
 -87.000   50.000  0.00085 1
 -86.000   25.000 -0.00144 4
 -86.000   26.000 -0.00108 5
 -86.000   27.000 -0.00016 8
 -86.000   28.000  0.00432 5
 -86.000   29.000  0.00689 2
 -86.000   30.000  0.01020 3
 -86.000   31.000  0.00790 7
 -86.000   32.000  0.00574 7
 -86.000   33.000  0.00003 5
 -86.000   34.000 -0.00526 13
 -86.000   35.000 -0.01156 12
 -86.000   36.000 -0.00914 13
 -86.000   37.000 -0.00563 8
 -86.000   38.000  0.00298 6
 -86.000   39.000  0.00666 8
 -86.000   40.000  0.01574 10
 -86.000   41.000  0.01493 9
 -86.000   42.000  0.01212 25
 -86.000   43.000  0.00497 15
 -86.000   44.000  0.00461 4
 -86.000   45.000 -0.00021 7
 -86.000   46.000  0.00049 4
 -86.000   47.000  0.00175 5
 -86.000   48.000  0.00169 1
 -86.000   49.000  0.00054 1
 -86.000   50.000  0.00085 1
 -85.000   25.000 -0.00144 6
 -85.000   26.000 -0.00108 9
 -85.000   27.000 -0.00086 4
 -85.000   28.000  0.00294 4
 -85.000   29.000  0.00551 3
 -85.000   30.000  0.01137 2
 -85.000   31.000  0.00674 5
 -85.000   32.000  0.00427 3
 -85.000   33.000 -0.00138 11
 -85.000   34.000 -0.00650 18
 -85.000   35.000 -0.01605 10
 -85.000   36.000 -0.01066 8
 -85.000   37.000 -0.00796 11
 -85.000   38.000  0.00354 11
 -85.000   39.000  0.00995 3
 -85.000   40.000  0.01803 12
 -85.000   41.000  0.01610 12
 -85.000   42.000  0.01631 20
 -85.000   43.000  0.01013 5
 -85.000   44.000  0.00658 9
 -85.000   45.000  0.00362 6
 -85.000   46.000  0.00479 6
 -85.000   47.000  0.00487 6
 -85.000   48.000  0.00099 0
 -85.000   49.000  0.00003 6
 -85.000   50.000 -0.00007 1
 -84.000   25.000 -0.00144 9
 -84.000   26.000 -0.00108 5
 -84.000   27.000 -0.00086 3
 -84.000   28.000 -0.00080 1
 -84.000   29.000  0.00019 1
 -84.000   30.000  0.00923 10
 -84.000   31.000  0.00426 6
 -84.000   32.000 -0.00015 11
 -84.000   33.000 -0.00645 20
 -84.000   34.000 -0.00830 8
 -84.000   35.000 -0.01976 12
 -84.000   36.000 -0.01228 5
 -84.000   37.000 -0.00629 9
 -84.000   38.000  0.01096 8
 -84.000   39.000  0.01683 11
 -84.000   40.000  0.02300 14
 -84.000   41.000  0.01929 9
 -84.000   42.000  0.01874 18
 -84.000   43.000  0.01017 10
 -84.000   44.000  0.00610 14
 -84.000   45.000  0.00379 4
 -84.000   46.000  0.00499 2
 -84.000   47.000  0.00447 4
 -84.000   48.000  0.00163 2
 -84.000   49.000  0.00003 2
 -84.000   50.000 -0.00007 2
 -83.000   25.000  0.00084 3
 -83.000   26.000  0.00063 4
 -83.000   27.000  0.00050 3
 -83.000   28.000  0.00056 3
 -83.000   29.000 -0.00846 5
 -83.000   30.000 -0.00001 1
 -83.000   31.000 -0.00373 1
 -83.000   32.000 -0.00960 10
 -83.000   33.000 -0.01484 17
 -83.000   34.000 -0.00660 1
 -83.000   35.000 -0.01700 2
 -83.000   36.000 -0.00936 3
 -83.000   37.000 -0.00378 4
 -83.000   38.000  0.01203 8
 -83.000   39.000  0.01719 8
 -83.000   40.000  0.02067 19
 -83.000   41.000  0.01538 11
 -83.000   42.000  0.01670 11
 -83.000   43.000  0.00793 23
 -83.000   44.000  0.00634 13
 -83.000   45.000  0.00637 8
 -83.000   46.000  0.00934 6
 -83.000   47.000  0.00882 8
 -83.000   48.000  0.00657 1
 -83.000   49.000  0.00391 4
 -83.000   50.000  0.00259 9
 -82.000   25.000 -0.00308 2
 -82.000   26.000 -0.00357 3
 -82.000   27.000 -0.00285 3
 -82.000   28.000 -0.00110 5
 -82.000   29.000 -0.00947 3
 -82.000   30.000 -0.00102 5
 -82.000   31.000 -0.00096 1
 -82.000   32.000 -0.00657 11
 -82.000   33.000 -0.01053 11
 -82.000   34.000 -0.00195 7
 -82.000   35.000 -0.00961 7
 -82.000   36.000 -0.00502 7
 -82.000   37.000  0.00031 1
 -82.000   38.000  0.01348 6
 -82.000   39.000  0.01885 8
 -82.000   40.000  0.01920 7
 -82.000   41.000  0.01431 6
 -82.000   42.000  0.01561 10
 -82.000   43.000  0.00815 22
 -82.000   44.000  0.00591 12
 -82.000   45.000  0.00694 6
 -82.000   46.000  0.00978 8
 -82.000   47.000  0.00876 5
 -82.000   48.000  0.00655 4
 -82.000   49.000  0.00401 1
 -82.000   50.000  0.00173 1
 -81.000   25.000  0.00000 0
 -81.000   26.000 -0.00126 0
 -81.000   27.000 -0.00414 2
 -81.000   28.000 -0.00414 2
 -81.000   29.000 -0.01379 5
 -81.000   30.000 -0.00739 1
 -81.000   31.000 -0.00405 12
 -81.000   32.000 -0.00296 2
 -81.000   33.000 -0.00369 10
 -81.000   34.000  0.00531 7
 -81.000   35.000  0.00137 3
 -81.000   36.000  0.00179 9
 -81.000   37.000  0.00373 8
 -81.000   38.000  0.01232 4
 -81.000   39.000  0.01828 8
 -81.000   40.000  0.01610 13
 -81.000   41.000  0.01401 9
 -81.000   42.000  0.01386 13
 -81.000   43.000  0.00908 13
 -81.000   44.000  0.00841 5
 -81.000   45.000  0.01029 6
 -81.000   46.000  0.01175 7
 -81.000   47.000  0.01423 6
 -81.000   48.000  0.01060 6
 -81.000   49.000  0.00746 2
 -81.000   50.000  0.00633 0
 -80.000   25.000 -0.00534 2
 -80.000   26.000 -0.00526 2
 -80.000   27.000 -0.00734 5
 -80.000   28.000 -0.00734 7
 -80.000   29.000 -0.01792 2
 -80.000   30.000 -0.00897 1
 -80.000   31.000 -0.00244 4
 -80.000   32.000 -0.00134 1
 -80.000   33.000 -0.00169 1
 -80.000   34.000  0.00817 1
 -80.000   35.000  0.00582 7
 -80.000   36.000  0.00418 3
 -80.000   37.000  0.00723 6
 -80.000   38.000  0.01455 5
 -80.000   39.000  0.01768 2
 -80.000   40.000  0.01736 7
 -80.000   41.000  0.01459 14
 -80.000   42.000  0.01295 3
 -80.000   43.000  0.00724 7
 -80.000   44.000  0.01001 5
 -80.000   45.000  0.01146 7
 -80.000   46.000  0.01219 8
 -80.000   47.000  0.01613 10
 -80.000   48.000  0.01702 4
 -80.000   49.000  0.01365 5
 -80.000   50.000  0.01221 1
 -79.000   25.000 -0.00534 4
 -79.000   26.000 -0.00526 1
 -79.000   27.000 -0.00825 5
 -79.000   28.000 -0.00825 4
 -79.000   29.000 -0.01687 6
 -79.000   30.000 -0.01274 1
 -79.000   31.000 -0.00851 2
 -79.000   32.000 -0.00306 4
 -79.000   33.000 -0.00061 3
 -79.000   34.000  0.00772 10
 -79.000   35.000  0.01001 8
 -79.000   36.000  0.00892 6
 -79.000   37.000  0.00804 1
 -79.000   38.000  0.01120 3
 -79.000   39.000  0.01231 5
 -79.000   40.000  0.01090 7
 -79.000   41.000  0.00851 4
 -79.000   42.000  0.00677 4
 -79.000   43.000  0.00346 5
 -79.000   44.000  0.00978 6
 -79.000   45.000  0.01502 11
 -79.000   46.000  0.01446 27
 -79.000   47.000  0.01899 5
 -79.000   48.000  0.01885 12
 -79.000   49.000  0.01348 6
 -79.000   50.000  0.00777 2
 -78.000   25.000 -0.00534 2
 -78.000   26.000 -0.00526 7
 -78.000   27.000 -0.00848 6
 -78.000   28.000 -0.01040 5
 -78.000   29.000 -0.00925 3
 -78.000   30.000 -0.00512 4
 -78.000   31.000 -0.00469 5
 -78.000   32.000  0.00569 3
 -78.000   33.000  0.01006 8
 -78.000   34.000  0.00798 4
 -78.000   35.000  0.00973 10
 -78.000   36.000  0.01254 6
 -78.000   37.000  0.00741 4
 -78.000   38.000  0.00777 8
 -78.000   39.000  0.00894 6
 -78.000   40.000  0.00720 13
 -78.000   41.000  0.00416 4
 -78.000   42.000  0.00196 2
 -78.000   43.000  0.00342 5
 -78.000   44.000  0.00876 3
 -78.000   45.000  0.01542 3
 -78.000   46.000  0.01407 37
 -78.000   47.000  0.01860 9
 -78.000   48.000  0.01796 6
 -78.000   49.000  0.01431 13
 -78.000   50.000  0.00799 8
 -77.000   25.000 -0.00534 4
 -77.000   26.000 -0.00400 5
 -77.000   27.000 -0.00747 3
 -77.000   28.000 -0.00939 3
 -77.000   29.000 -0.00641 10
 -77.000   30.000 -0.00263 5
 -77.000   31.000 -0.00477 8
 -77.000   32.000  0.00561 2
 -77.000   33.000  0.00652 2
 -77.000   34.000  0.00408 9
 -77.000   35.000  0.00420 6
 -77.000   36.000  0.00857 4
 -77.000   37.000  0.00344 6
 -77.000   38.000  0.00813 4
 -77.000   39.000  0.00666 8
 -77.000   40.000  0.00689 5
 -77.000   41.000  0.00372 4
 -77.000   42.000  0.00152 2
 -77.000   43.000  0.00151 6
 -77.000   44.000  0.00685 3
 -77.000   45.000  0.01358 2
 -77.000   46.000  0.00965 13
 -77.000   47.000  0.01418 7
 -77.000   48.000  0.01675 8
 -77.000   49.000  0.01425 5
 -77.000   50.000  0.00780 2
 -76.000   25.000 -0.00534 0
 -76.000   26.000 -0.00400 0
 -76.000   27.000 -0.00127 1
 -76.000   28.000 -0.00295 4
 -76.000   29.000  0.00012 7
 -76.000   30.000  0.00317 6
 -76.000   31.000 -0.00164 11
 -76.000   32.000  0.00201 5
 -76.000   33.000  0.00016 10
 -76.000   34.000 -0.00150 10
 -76.000   35.000 -0.00410 4
 -76.000   36.000  0.00266 2
 -76.000   37.000 -0.00194 4
 -76.000   38.000  0.00520 7
 -76.000   39.000  0.00287 7
 -76.000   40.000  0.00654 3
 -76.000   41.000  0.00365 4
 -76.000   42.000  0.00267 5
 -76.000   43.000  0.00130 2
 -76.000   44.000  0.00536 2
 -76.000   45.000  0.01181 7
 -76.000   46.000  0.00645 6
 -76.000   47.000  0.00752 8
 -76.000   48.000  0.01151 17
 -76.000   49.000  0.00931 3
 -76.000   50.000  0.00167 9
 -75.000   25.000  0.00000 1
 -75.000   26.000  0.00000 1
 -75.000   27.000  0.00194 2
 -75.000   28.000  0.00025 2
 -75.000   29.000  0.00425 5
 -75.000   30.000  0.00317 3
 -75.000   31.000 -0.00638 6
 -75.000   32.000 -0.00273 6
 -75.000   33.000 -0.00422 15
 -75.000   34.000 -0.01003 3
 -75.000   35.000 -0.01354 6
 -75.000   36.000 -0.00418 6
 -75.000   37.000 -0.01024 9
 -75.000   38.000 -0.00585 3
 -75.000   39.000 -0.00403 4
 -75.000   40.000  0.00056 6
 -75.000   41.000 -0.00019 3
 -75.000   42.000  0.00028 4
 -75.000   43.000  0.00130 4
 -75.000   44.000  0.00418 1
 -75.000   45.000  0.00905 3
 -75.000   46.000  0.00469 3
 -75.000   47.000  0.00469 9
 -75.000   48.000  0.00652 7
 -75.000   49.000  0.00455 4
 -75.000   50.000 -0.00205 6
 -74.000   25.000  0.00000 0
 -74.000   26.000  0.00000 1
 -74.000   27.000  0.00285 0
 -74.000   28.000  0.00116 5
 -74.000   29.000  0.00320 6
 -74.000   30.000  0.00213 7
 -74.000   31.000 -0.00742 8
 -74.000   32.000 -0.00800 7
 -74.000   33.000 -0.00874 10
 -74.000   34.000 -0.01775 3
 -74.000   35.000 -0.02110 3
 -74.000   36.000 -0.01161 5
 -74.000   37.000 -0.01856 7
 -74.000   38.000 -0.01416 6
 -74.000   39.000 -0.00718 3
 -74.000   40.000 -0.00368 1
 -74.000   41.000 -0.00361 3
 -74.000   42.000  0.00107 5
 -74.000   43.000  0.00131 3
 -74.000   44.000  0.00160 1
 -74.000   45.000  0.00486 1
 -74.000   46.000  0.00223 2
 -74.000   47.000  0.00223 8
 -74.000   48.000  0.00446 8
 -74.000   49.000  0.00522 4
 -74.000   50.000  0.00305 3
 -73.000   25.000  0.00000 0
 -73.000   26.000  0.00000 0
 -73.000   27.000  0.00308 0
 -73.000   28.000  0.00331 1
 -73.000   29.000  0.00523 3
 -73.000   30.000  0.00416 3
 -73.000   31.000 -0.00283 1
 -73.000   32.000 -0.00591 1
 -73.000   33.000 -0.00856 7
 -73.000   34.000 -0.02187 4
 -73.000   35.000 -0.02415 11
 -73.000   36.000 -0.01732 6
 -73.000   37.000 -0.02287 7
 -73.000   38.000 -0.01955 3
 -73.000   39.000 -0.00817 6
 -73.000   40.000 -0.00573 2
 -73.000   41.000 -0.00557 5
 -73.000   42.000 -0.00002 3
 -73.000   43.000 -0.00092 3
 -73.000   44.000 -0.00092 2
 -73.000   45.000  0.00031 2
 -73.000   46.000 -0.00204 5
 -73.000   47.000 -0.00204 3
 -73.000   48.000  0.00363 7
 -73.000   49.000  0.00454 4
 -73.000   50.000  0.00554 4
 -72.000   25.000  0.00000 0
 -72.000   26.000  0.00000 0
 -72.000   27.000  0.00308 0
 -72.000   28.000  0.00331 2
 -72.000   29.000  0.00340 3
 -72.000   30.000  0.00267 5
 -72.000   31.000 -0.00276 5
 -72.000   32.000 -0.00584 0
 -72.000   33.000 -0.00587 0
 -72.000   34.000 -0.01881 1
 -72.000   35.000 -0.02139 8
 -72.000   36.000 -0.01621 15
 -72.000   37.000 -0.02123 2
 -72.000   38.000 -0.02174 6
 -72.000   39.000 -0.00889 8
 -72.000   40.000 -0.00650 8
 -72.000   41.000 -0.00625 5
 -72.000   42.000 -0.00123 6
 -72.000   43.000 -0.00092 1
 -72.000   44.000 -0.00092 0
 -72.000   45.000 -0.00027 3
 -72.000   46.000  0.00008 5
 -72.000   47.000  0.00008 3
 -72.000   48.000  0.00379 4
 -72.000   49.000  0.00474 2
 -72.000   50.000  0.00678 6
 -71.000   25.000  0.00000 0
 -71.000   26.000  0.00000 0
 -71.000   27.000  0.00000 0
 -71.000   28.000  0.00000 0
 -71.000   29.000  0.00000 4
 -71.000   30.000  0.00000 0
 -71.000   31.000 -0.00276 4
 -71.000   32.000 -0.00276 3
 -71.000   33.000 -0.00256 1
 -71.000   34.000 -0.01541 0
 -71.000   35.000 -0.01527 0
 -71.000   36.000 -0.01248 19
 -71.000   37.000 -0.01624 11
 -71.000   38.000 -0.01676 4
 -71.000   39.000 -0.00391 9
 -71.000   40.000 -0.00497 8
 -71.000   41.000 -0.00500 4
 -71.000   42.000 -0.00123 5
 -71.000   43.000 -0.00092 0
 -71.000   44.000 -0.00092 0
 -71.000   45.000  0.00000 0
 -71.000   46.000  0.00128 5
 -71.000   47.000  0.00128 2
 -71.000   48.000  0.00571 6
 -71.000   49.000  0.00714 5
 -71.000   50.000  0.00952 7
 -70.000   25.000  0.00000 0
 -70.000   26.000  0.00000 0
 -70.000   27.000  0.00000 0
 -70.000   28.000  0.00000 0
 -70.000   29.000  0.00000 0
 -70.000   30.000  0.00000 0
 -70.000   31.000  0.00000 0
 -70.000   32.000  0.00000 1
 -70.000   33.000 -0.00054 1
 -70.000   34.000 -0.01011 2
 -70.000   35.000 -0.00981 1
 -70.000   36.000 -0.00960 2
 -70.000   37.000 -0.01226 4
 -70.000   38.000 -0.01209 8
 -70.000   39.000 -0.00252 6
 -70.000   40.000 -0.00589 3
 -70.000   41.000 -0.00610 1
 -70.000   42.000 -0.00344 4
 -70.000   43.000 -0.00307 0
 -70.000   44.000 -0.00307 1
 -70.000   45.000  0.00000 0
 -70.000   46.000  0.00054 2
 -70.000   47.000  0.00054 4
 -70.000   48.000  0.00497 4
 -70.000   49.000  0.00622 2
 -70.000   50.000  0.00829 6
 -69.000   25.000  0.00000 0
 -69.000   26.000  0.00000 0
 -69.000   27.000  0.00000 0
 -69.000   28.000  0.00000 0
 -69.000   29.000  0.00000 0
 -69.000   30.000  0.00000 0
 -69.000   31.000  0.00000 0
 -69.000   32.000  0.00000 3
 -69.000   33.000  0.00000 1
 -69.000   34.000 -0.00440 3
 -69.000   35.000 -0.00410 2
 -69.000   36.000 -0.00401 2
 -69.000   37.000 -0.00340 3
 -69.000   38.000 -0.00455 5
 -69.000   39.000 -0.00018 6
 -69.000   40.000 -0.00339 4
 -69.000   41.000 -0.00348 1
 -69.000   42.000 -0.00409 2
 -69.000   43.000 -0.00295 0
 -69.000   44.000 -0.00292 4
 -69.000   45.000  0.00000 1
 -69.000   46.000  0.00054 3
 -69.000   47.000  0.00054 3
 -69.000   48.000  0.00458 1
 -69.000   49.000  0.00572 4
 -69.000   50.000  0.00763 6
 -68.000   25.000  0.00000 0
 -68.000   26.000  0.00000 0
 -68.000   27.000  0.00000 0
 -68.000   28.000  0.00000 0
 -68.000   29.000  0.00000 0
 -68.000   30.000  0.00000 0
 -68.000   31.000  0.00000 0
 -68.000   32.000  0.00000 1
 -68.000   33.000  0.00000 0
 -68.000   34.000  0.00000 0
 -68.000   35.000 -0.00076 2
 -68.000   36.000 -0.00067 1
 -68.000   37.000  0.00112 6
 -68.000   38.000  0.00106 6
 -68.000   39.000  0.00031 4
 -68.000   40.000 -0.00185 7
 -68.000   41.000 -0.00194 2
 -68.000   42.000 -0.00373 6
 -68.000   43.000 -0.00367 0
 -68.000   44.000 -0.00292 3
 -68.000   45.000  0.00000 2
 -68.000   46.000  0.00000 2
 -68.000   47.000  0.00000 2
 -68.000   48.000  0.00135 3
 -68.000   49.000  0.00169 2
 -68.000   50.000  0.00225 3
 -67.000   25.000  0.00000 0
 -67.000   26.000  0.00000 0
 -67.000   27.000  0.00000 0
 -67.000   28.000  0.00000 0
 -67.000   29.000  0.00000 0
 -67.000   30.000  0.00000 0
 -67.000   31.000  0.00000 0
 -67.000   32.000  0.00000 0
 -67.000   33.000  0.00000 0
 -67.000   34.000  0.00000 0
 -67.000   35.000 -0.00076 0
 -67.000   36.000 -0.00058 1
 -67.000   37.000  0.00068 0
 -67.000   38.000  0.00062 0
 -67.000   39.000 -0.00014 3
 -67.000   40.000 -0.00229 5
 -67.000   41.000 -0.00247 8
 -67.000   42.000 -0.00373 8
 -67.000   43.000 -0.00367 2
 -67.000   44.000 -0.00292 1
 -67.000   45.000  0.00000 3
 -67.000   46.000  0.00000 4
 -67.000   47.000  0.00000 1
 -67.000   48.000  0.00073 2
 -67.000   49.000  0.00091 5
 -67.000   50.000  0.00121 2
 -66.000   25.000  0.00000 0
 -66.000   26.000  0.00000 0
 -66.000   27.000  0.00000 0
 -66.000   28.000  0.00000 0
 -66.000   29.000  0.00000 0
 -66.000   30.000  0.00000 0
 -66.000   31.000  0.00000 0
 -66.000   32.000  0.00000 0
 -66.000   33.000  0.00000 0
 -66.000   34.000  0.00000 0
 -66.000   35.000 -0.00095 0
 -66.000   36.000 -0.00072 0
 -66.000   37.000 -0.00072 0
 -66.000   38.000 -0.00079 0
 -66.000   39.000 -0.00174 1
 -66.000   40.000 -0.00444 3
 -66.000   41.000 -0.00466 8
 -66.000   42.000 -0.00466 3
 -66.000   43.000 -0.00459 2
 -66.000   44.000 -0.00365 0
 -66.000   45.000  0.00000 1
 -66.000   46.000  0.00000 3
 -66.000   47.000  0.00000 2
 -66.000   48.000  0.00000 1
 -66.000   49.000  0.00000 2
 -66.000   50.000  0.00000 4
 -65.000   25.000  0.00000 0
 -65.000   26.000  0.00000 0
 -65.000   27.000  0.00000 0
 -65.000   28.000  0.00000 0
 -65.000   29.000  0.00000 0
 -65.000   30.000  0.00000 0
 -65.000   31.000  0.00000 0
 -65.000   32.000  0.00000 0
 -65.000   33.000  0.00000 0
 -65.000   34.000  0.00000 0
 -65.000   35.000  0.00000 0
 -65.000   36.000  0.00000 0
 -65.000   37.000  0.00000 0
 -65.000   38.000  0.00000 0
 -65.000   39.000 -0.00126 0
 -65.000   40.000 -0.00255 5
 -65.000   41.000 -0.00255 2
 -65.000   42.000 -0.00255 2
 -65.000   43.000 -0.00255 1
 -65.000   44.000 -0.00128 1
 -65.000   45.000  0.00000 3
 -65.000   46.000  0.00000 4
 -65.000   47.000  0.00000 1
 -65.000   48.000  0.00000 3
 -65.000   49.000  0.00000 0
 -65.000   50.000  0.00000 3
