-130.000   25.000  0.00000 0
-130.000   26.000  0.00000 0
-130.000   27.000  0.00000 0
-130.000   28.000  0.00000 0
-130.000   29.000  0.00000 0
-130.000   30.000  0.00000 0
-130.000   31.000  0.00000 0
-130.000   32.000  0.00000 0
-130.000   33.000  0.00000 0
-130.000   34.000  0.00000 0
-130.000   35.000  0.00000 0
-130.000   36.000  0.00000 0
-130.000   37.000  0.00000 0
-130.000   38.000  0.00000 0
-130.000   39.000  0.00000 0
-130.000   40.000  0.00000 0
-130.000   41.000  0.00000 0
-130.000   42.000  0.00000 0
-130.000   43.000  0.00000 0
-130.000   44.000  0.00000 0
-130.000   45.000  0.00000 0
-130.000   46.000  0.00000 0
-130.000   47.000 -0.00066 0
-130.000   48.000  0.00337 0
-130.000   49.000  0.00422 0
-130.000   50.000  0.00562 0
-129.000   25.000  0.00000 0
-129.000   26.000  0.00000 0
-129.000   27.000  0.00000 0
-129.000   28.000  0.00000 0
-129.000   29.000  0.00000 0
-129.000   30.000  0.00000 0
-129.000   31.000  0.00000 0
-129.000   32.000  0.00000 0
-129.000   33.000  0.00000 0
-129.000   34.000  0.00000 0
-129.000   35.000  0.00000 0
-129.000   36.000  0.00000 0
-129.000   37.000  0.00000 0
-129.000   38.000  0.00000 0
-129.000   39.000  0.00000 0
-129.000   40.000  0.00000 0
-129.000   41.000  0.00000 0
-129.000   42.000  0.00000 0
-129.000   43.000  0.00000 0
-129.000   44.000  0.00000 0
-129.000   45.000  0.00000 0
-129.000   46.000  0.00000 0
-129.000   47.000 -0.00050 0
-129.000   48.000  0.00253 0
-129.000   49.000  0.00316 0
-129.000   50.000  0.00422 0
-128.000   25.000  0.00000 0
-128.000   26.000  0.00000 0
-128.000   27.000  0.00000 0
-128.000   28.000  0.00000 0
-128.000   29.000  0.00000 0
-128.000   30.000  0.00000 0
-128.000   31.000  0.00000 0
-128.000   32.000  0.00000 0
-128.000   33.000  0.00000 0
-128.000   34.000  0.00000 0
-128.000   35.000  0.00000 0
-128.000   36.000  0.00000 0
-128.000   37.000  0.00000 0
-128.000   38.000  0.00000 0
-128.000   39.000  0.00000 0
-128.000   40.000  0.00000 0
-128.000   41.000  0.00000 0
-128.000   42.000  0.00000 0
-128.000   43.000  0.00000 0
-128.000   44.000  0.00000 0
-128.000   45.000  0.00000 0
-128.000   46.000 -0.00250 0
-128.000   47.000 -0.00078 0
-128.000   48.000  0.00164 0
-128.000   49.000  0.00206 11
-128.000   50.000  0.00274 9
-127.000   25.000  0.00000 0
-127.000   26.000  0.00000 0
-127.000   27.000  0.00000 0
-127.000   28.000  0.00000 0
-127.000   29.000  0.00000 0
-127.000   30.000  0.00000 0
-127.000   31.000  0.00000 0
-127.000   32.000  0.00000 0
-127.000   33.000  0.00000 0
-127.000   34.000  0.00000 0
-127.000   35.000  0.00000 0
-127.000   36.000  0.00000 0
-127.000   37.000  0.00000 0
-127.000   38.000 -0.00009 0
-127.000   39.000 -0.00022 0
-127.000   40.000 -0.00037 0
-127.000   41.000  0.00033 0
-127.000   42.000  0.00232 0
-127.000   43.000  0.00241 0
-127.000   44.000  0.00254 0
-127.000   45.000  0.00451 0
-127.000   46.000  0.00263 0
-127.000   47.000  0.00384 0
-127.000   48.000  0.00597 0
-127.000   49.000  0.00746 2
-127.000   50.000  0.00692 4
-126.000   25.000  0.00000 0
-126.000   26.000  0.00000 0
-126.000   27.000  0.00000 0
-126.000   28.000  0.00000 0
-126.000   29.000  0.00000 0
-126.000   30.000  0.00000 0
-126.000   31.000  0.00000 0
-126.000   32.000  0.00000 0
-126.000   33.000  0.00000 0
-126.000   34.000  0.00000 0
-126.000   35.000  0.00029 0
-126.000   36.000  0.00002 0
-126.000   37.000  0.00077 0
-126.000   38.000  0.00185 0
-126.000   39.000  0.00103 0
-126.000   40.000  0.00032 0
-126.000   41.000  0.00155 0
-126.000   42.000  0.00325 0
-126.000   43.000  0.00269 0
-126.000   44.000  0.00383 0
-126.000   45.000  0.00686 0
-126.000   46.000  0.00437 0
-126.000   47.000  0.00563 0
-126.000   48.000  0.00821 6
-126.000   49.000  0.00987 10
-126.000   50.000  0.00880 0
-125.000   25.000  0.00000 0
-125.000   26.000  0.00000 0
-125.000   27.000  0.00000 0
-125.000   28.000  0.00000 0
-125.000   29.000  0.00000 0
-125.000   30.000  0.00000 0
-125.000   31.000  0.00000 0
-125.000   32.000  0.00000 0
-125.000   33.000  0.00000 0
-125.000   34.000  0.00000 0
-125.000   35.000  0.00027 0
-125.000   36.000  0.00056 0
-125.000   37.000  0.00192 0
-125.000   38.000  0.00344 0
-125.000   39.000  0.00328 0
-125.000   40.000  0.00268 10
-125.000   41.000  0.00313 7
-125.000   42.000  0.00502 10
-125.000   43.000  0.00484 42
-125.000   44.000  0.00536 34
-125.000   45.000  0.00861 4
-125.000   46.000  0.00682 3
-125.000   47.000  0.00797 27
-125.000   48.000  0.00732 24
-125.000   49.000  0.00870 39
-125.000   50.000  0.00673 7
-124.000   25.000  0.00000 0
-124.000   26.000  0.00000 0
-124.000   27.000  0.00000 0
-124.000   28.000  0.00000 0
-124.000   29.000  0.00000 0
-124.000   30.000  0.00000 0
-124.000   31.000  0.00000 0
-124.000   32.000  0.00000 0
-124.000   33.000  0.00000 0
-124.000   34.000 -0.00032 0
-124.000   35.000  0.00041 0
-124.000   36.000  0.00120 0
-124.000   37.000  0.00331 8
-124.000   38.000  0.00464 11
-124.000   39.000  0.00461 31
-124.000   40.000  0.00364 41
-124.000   41.000  0.00347 48
-124.000   42.000  0.00455 107
-124.000   43.000  0.00429 105
-124.000   44.000  0.00440 93
-124.000   45.000  0.00759 107
-124.000   46.000  0.00671 85
-124.000   47.000  0.00856 192
-124.000   48.000  0.00817 86
-124.000   49.000  0.01052 22
-124.000   50.000  0.00910 8
-123.000   25.000  0.00000 0
-123.000   26.000  0.00000 0
-123.000   27.000  0.00000 0
-123.000   28.000  0.00000 0
-123.000   29.000  0.00000 0
-123.000   30.000  0.00000 0
-123.000   31.000  0.00000 0
-123.000   32.000  0.00000 0
-123.000   33.000  0.00094 0
-123.000   34.000  0.00115 0
-123.000   35.000  0.00313 0
-123.000   36.000  0.00417 2
-123.000   37.000  0.00697 32
-123.000   38.000  0.00795 54
-123.000   39.000  0.00802 79
-123.000   40.000  0.00628 134
-123.000   41.000  0.00633 141
-123.000   42.000  0.00546 118
-123.000   43.000  0.00450 149
-123.000   44.000  0.00505 141
-123.000   45.000  0.00843 137
-123.000   46.000  0.00927 154
-123.000   47.000  0.01099 177
-123.000   48.000  0.01072 156
-123.000   49.000  0.01236 65
-123.000   50.000  0.01045 0
-122.000   25.000  0.00000 0
-122.000   26.000  0.00000 0
-122.000   27.000  0.00000 0
-122.000   28.000  0.00000 0
-122.000   29.000  0.00000 0
-122.000   30.000  0.00156 0
-122.000   31.000  0.00363 0
-122.000   32.000  0.00483 0
-122.000   33.000  0.00706 0
-122.000   34.000  0.00788 0
-122.000   35.000  0.00844 4
-122.000   36.000  0.00729 51
-122.000   37.000  0.00942 93
-122.000   38.000  0.01000 56
-122.000   39.000  0.01018 111
-122.000   40.000  0.00878 145
-122.000   41.000  0.00749 86
-122.000   42.000  0.00516 94
-122.000   43.000  0.00319 109
-122.000   44.000  0.00369 103
-122.000   45.000  0.00446 137
-122.000   46.000  0.00632 111
-122.000   47.000  0.00825 208
-122.000   48.000  0.00837 118
-122.000   49.000  0.00860 29
-122.000   50.000  0.00898 0
-121.000   25.000  0.00000 0
-121.000   26.000  0.00000 0
-121.000   27.000  0.00000 0
-121.000   28.000  0.00000 0
-121.000   29.000  0.00000 0
-121.000   30.000  0.00343 0
-121.000   31.000  0.00690 0
-121.000   32.000  0.00979 0
-121.000   33.000  0.01188 0
-121.000   34.000  0.01333 2
-121.000   35.000  0.01263 74
-121.000   36.000  0.01085 88
-121.000   37.000  0.01059 101
-121.000   38.000  0.01121 101
-121.000   39.000  0.01125 77
-121.000   40.000  0.01045 80
-121.000   41.000  0.00732 60
-121.000   42.000  0.00645 51
-121.000   43.000  0.00385 77
-121.000   44.000  0.00337 67
-121.000   45.000  0.00224 99
-121.000   46.000  0.00506 81
-121.000   47.000  0.00557 96
-121.000   48.000  0.00544 61
-121.000   49.000  0.00554 10
-121.000   50.000  0.00606 0
-120.000   25.000  0.00000 0
-120.000   26.000  0.00000 0
-120.000   27.000  0.00000 0
-120.000   28.000  0.00000 0
-120.000   29.000  0.00000 0
-120.000   30.000  0.00279 0
-120.000   31.000  0.00691 0
-120.000   32.000  0.01051 6
-120.000   33.000  0.01367 34
-120.000   34.000  0.01550 91
-120.000   35.000  0.01474 93
-120.000   36.000  0.01196 72
-120.000   37.000  0.01128 175
-120.000   38.000  0.01120 77
-120.000   39.000  0.01065 52
-120.000   40.000  0.01118 34
-120.000   41.000  0.00843 37
-120.000   42.000  0.00747 35
-120.000   43.000  0.00362 53
-120.000   44.000  0.00343 42
-120.000   45.000  0.00106 45
-120.000   46.000  0.00334 80
-120.000   47.000  0.00445 83
-120.000   48.000  0.00523 63
-120.000   49.000  0.00515 55
-120.000   50.000  0.00657 0
-119.000   25.000  0.00000 0
-119.000   26.000  0.00000 0
-119.000   27.000  0.00000 0
-119.000   28.000  0.00000 0
-119.000   29.000  0.00000 0
-119.000   30.000  0.00455 0
-119.000   31.000  0.00946 0
-119.000   32.000  0.01387 6
-119.000   33.000  0.01745 89
-119.000   34.000  0.01985 361
-119.000   35.000  0.01709 149
-119.000   36.000  0.01404 78
-119.000   37.000  0.01227 111
-119.000   38.000  0.01345 98
-119.000   39.000  0.01227 47
-119.000   40.000  0.01413 28
-119.000   41.000  0.01206 37
-119.000   42.000  0.01214 64
-119.000   43.000  0.00698 50
-119.000   44.000  0.00660 69
-119.000   45.000  0.00402 57
-119.000   46.000  0.00365 63
-119.000   47.000  0.00336 70
-119.000   48.000  0.00376 89
-119.000   49.000  0.00365 32
-119.000   50.000  0.00309 0
-118.000   25.000  0.00000 0
-118.000   26.000  0.00000 0
-118.000   27.000  0.00000 0
-118.000   28.000  0.00000 0
-118.000   29.000  0.00000 0
-118.000   30.000  0.00560 0
-118.000   31.000  0.01142 0
-118.000   32.000  0.01656 48
-118.000   33.000  0.01930 379
-118.000   34.000  0.02021 373
-118.000   35.000  0.01628 169
-118.000   36.000  0.01321 143
-118.000   37.000  0.01091 98
-118.000   38.000  0.01285 69
-118.000   39.000  0.01451 27
-118.000   40.000  0.01818 47
-118.000   41.000  0.01520 50
-118.000   42.000  0.01656 44
-118.000   43.000  0.01183 37
-118.000   44.000  0.00921 98
-118.000   45.000  0.00404 129
-118.000   46.000  0.00376 127
-118.000   47.000  0.00159 65
-118.000   48.000  0.00164 82
-118.000   49.000  0.00211 7
-118.000   50.000  0.00253 0
-117.000   25.000  0.00000 0
-117.000   26.000  0.00000 0
-117.000   27.000  0.00000 0
-117.000   28.000  0.00000 0
-117.000   29.000  0.00000 0
-117.000   30.000  0.00514 0
-117.000   31.000  0.00921 0
-117.000   32.000  0.01405 161
-117.000   33.000  0.01642 597
-117.000   34.000  0.01760 296
-117.000   35.000  0.01399 199
-117.000   36.000  0.01235 146
-117.000   37.000  0.00975 65
-117.000   38.000  0.01014 30
-117.000   39.000  0.01238 33
-117.000   40.000  0.01751 54
-117.000   41.000  0.01621 37
-117.000   42.000  0.01745 21
-117.000   43.000  0.01578 38
-117.000   44.000  0.01247 112
-117.000   45.000  0.00757 129
-117.000   46.000  0.00552 42
-117.000   47.000  0.00333 28
-117.000   48.000  0.00225 43
-117.000   49.000  0.00267 13
-117.000   50.000  0.00063 0
-116.000   25.000  0.00000 0
-116.000   26.000  0.00000 0
-116.000   27.000  0.00000 0
-116.000   28.000  0.00000 0
-116.000   29.000  0.00000 0
-116.000   30.000  0.00410 0
-116.000   31.000  0.00806 1
-116.000   32.000  0.01118 92
-116.000   33.000  0.01383 371
-116.000   34.000  0.01357 238
-116.000   35.000  0.01000 135
-116.000   36.000  0.00900 89
-116.000   37.000  0.00856 23
-116.000   38.000  0.00867 58
-116.000   39.000  0.01314 37
-116.000   40.000  0.01949 189
-116.000   41.000  0.01794 98
-116.000   42.000  0.01740 21
-116.000   43.000  0.01658 38
-116.000   44.000  0.01365 96
-116.000   45.000  0.00897 46
-116.000   46.000  0.00764 34
-116.000   47.000  0.00649 19
-116.000   48.000  0.00456 34
-116.000   49.000  0.00409 13
-116.000   50.000  0.00180 0
-115.000   25.000  0.00000 0
-115.000   26.000  0.00000 0
-115.000   27.000  0.00000 0
-115.000   28.000  0.00000 0
-115.000   29.000  0.00111 0
-115.000   30.000  0.00733 0
-115.000   31.000  0.01080 0
-115.000   32.000  0.01368 112
-115.000   33.000  0.01608 251
-115.000   34.000  0.01431 190
-115.000   35.000  0.00938 104
-115.000   36.000  0.00878 44
-115.000   37.000  0.00849 25
-115.000   38.000  0.00913 56
-115.000   39.000  0.01426 76
-115.000   40.000  0.02038 290
-115.000   41.000  0.01950 52
-115.000   42.000  0.01892 21
-115.000   43.000  0.01897 81
-115.000   44.000  0.01591 86
-115.000   45.000  0.01186 34
-115.000   46.000  0.01029 37
-115.000   47.000  0.01168 34
-115.000   48.000  0.00860 31
-115.000   49.000  0.00898 5
-115.000   50.000  0.00637 0
-114.000   25.000  0.00000 0
-114.000   26.000  0.00000 0
-114.000   27.000  0.00000 0
-114.000   28.000  0.00000 0
-114.000   29.000  0.00012 0
-114.000   30.000  0.00532 0
-114.000   31.000  0.00920 0
-114.000   32.000  0.01301 62
-114.000   33.000  0.01488 118
-114.000   34.000  0.01282 110
-114.000   35.000  0.00818 73
-114.000   36.000  0.00563 31
-114.000   37.000  0.00417 43
-114.000   38.000  0.00492 30
-114.000   39.000  0.01255 31
-114.000   40.000  0.01908 43
-114.000   41.000  0.01992 21
-114.000   42.000  0.02017 25
-114.000   43.000  0.02086 73
-114.000   44.000  0.01751 68
-114.000   45.000  0.01280 27
-114.000   46.000  0.01088 39
-114.000   47.000  0.01168 24
-114.000   48.000  0.00837 24
-114.000   49.000  0.00753 6
-114.000   50.000  0.00607 0
-113.000   25.000  0.00000 0
-113.000   26.000  0.00000 0
-113.000   27.000  0.00000 0
-113.000   28.000  0.00000 0
-113.000   29.000 -0.00008 0
-113.000   30.000  0.00373 0
-113.000   31.000  0.00665 23
-113.000   32.000  0.01082 70
-113.000   33.000  0.01268 72
-113.000   34.000  0.01197 87
-113.000   35.000  0.00690 33
-113.000   36.000  0.00434 37
-113.000   37.000  0.00190 44
-113.000   38.000  0.00273 22
-113.000   39.000  0.00824 24
-113.000   40.000  0.01659 61
-113.000   41.000  0.01981 18
-113.000   42.000  0.02101 19
-113.000   43.000  0.02129 24
-113.000   44.000  0.01819 37
-113.000   45.000  0.01328 34
-113.000   46.000  0.00900 47
-113.000   47.000  0.00913 12
-113.000   48.000  0.00616 28
-113.000   49.000  0.00569 6
-113.000   50.000  0.00395 0
-112.000   25.000  0.00000 0
-112.000   26.000  0.00000 0
-112.000   27.000  0.00000 0
-112.000   28.000  0.00000 0
-112.000   29.000  0.00053 0
-112.000   30.000  0.00281 0
-112.000   31.000  0.00571 21
-112.000   32.000  0.00954 28
-112.000   33.000  0.01074 34
-112.000   34.000  0.00851 51
-112.000   35.000  0.00543 78
-112.000   36.000  0.00412 65
-112.000   37.000  0.00241 15
-112.000   38.000  0.00504 17
-112.000   39.000  0.01083 34
-112.000   40.000  0.01769 24
-112.000   41.000  0.02041 36
-112.000   42.000  0.01940 23
-112.000   43.000  0.01795 48
-112.000   44.000  0.01552 25
-112.000   45.000  0.01023 25
-112.000   46.000  0.00401 25
-112.000   47.000  0.00597 9
-112.000   48.000  0.00359 15
-112.000   49.000  0.00241 3
-112.000   50.000  0.00194 0
-111.000   25.000  0.00000 0
-111.000   26.000  0.00000 0
-111.000   27.000  0.00000 0
-111.000   28.000  0.00000 0
-111.000   29.000  0.00205 0
-111.000   30.000  0.00495 0
-111.000   31.000  0.00747 14
-111.000   32.000  0.01131 40
-111.000   33.000  0.01230 33
-111.000   34.000  0.00900 52
-111.000   35.000  0.00645 43
-111.000   36.000  0.00558 26
-111.000   37.000  0.00488 29
-111.000   38.000  0.00717 22
-111.000   39.000  0.01349 82
-111.000   40.000  0.01950 24
-111.000   41.000  0.02386 35
-111.000   42.000  0.02190 27
-111.000   43.000  0.02105 118
-111.000   44.000  0.01661 106
-111.000   45.000  0.01020 27
-111.000   46.000  0.00143 22
-111.000   47.000  0.00425 13
-111.000   48.000  0.00183 21
-111.000   49.000  0.00149 2
-111.000   50.000  0.00207 0
-110.000   25.000  0.00000 0
-110.000   26.000  0.00000 0
-110.000   27.000  0.00000 0
-110.000   28.000  0.00000 0
-110.000   29.000  0.00094 0
-110.000   30.000  0.00357 1
-110.000   31.000  0.00663 33
-110.000   32.000  0.01034 42
-110.000   33.000  0.01125 43
-110.000   34.000  0.00826 57
-110.000   35.000  0.00593 116
-110.000   36.000  0.00491 31
-110.000   37.000  0.00459 30
-110.000   38.000  0.00577 58
-110.000   39.000  0.01374 24
-110.000   40.000  0.01950 20
-110.000   41.000  0.02357 18
-110.000   42.000  0.02141 87
-110.000   43.000  0.02143 153
-110.000   44.000  0.01530 38
-110.000   45.000  0.00851 46
-110.000   46.000 -0.00066 21
-110.000   47.000 -0.00138 18
-110.000   48.000 -0.00348 17
-110.000   49.000 -0.00409 2
-110.000   50.000 -0.00423 0
-109.000   25.000  0.00000 0
-109.000   26.000  0.00000 0
-109.000   27.000  0.00000 0
-109.000   28.000  0.00000 0
-109.000   29.000  0.00193 0
-109.000   30.000  0.00562 2
-109.000   31.000  0.00924 37
-109.000   32.000  0.01171 28
-109.000   33.000  0.01368 32
-109.000   34.000  0.01107 42
-109.000   35.000  0.00769 32
-109.000   36.000  0.00712 31
-109.000   37.000  0.00838 42
-109.000   38.000  0.00839 24
-109.000   39.000  0.01420 15
-109.000   40.000  0.01965 68
-109.000   41.000  0.02208 18
-109.000   42.000  0.01959 87
-109.000   43.000  0.01945 38
-109.000   44.000  0.01438 64
-109.000   45.000  0.00895 43
-109.000   46.000  0.00090 23
-109.000   47.000  0.00042 31
-109.000   48.000 -0.00143 32
-109.000   49.000 -0.00186 8
-109.000   50.000 -0.00303 0
-108.000   25.000  0.00000 0
-108.000   26.000  0.00000 0
-108.000   27.000  0.00000 0
-108.000   28.000  0.00000 0
-108.000   29.000  0.00285 0
-108.000   30.000  0.00689 0
-108.000   31.000  0.01149 3
-108.000   32.000  0.01428 57
-108.000   33.000  0.01692 67
-108.000   34.000  0.01421 38
-108.000   35.000  0.01011 21
-108.000   36.000  0.00879 26
-108.000   37.000  0.00970 25
-108.000   38.000  0.00783 29
-108.000   39.000  0.01166 43
-108.000   40.000  0.01558 34
-108.000   41.000  0.01569 19
-108.000   42.000  0.01302 34
-108.000   43.000  0.01513 68
-108.000   44.000  0.01244 115
-108.000   45.000  0.00919 48
-108.000   46.000  0.00501 36
-108.000   47.000  0.00473 22
-108.000   48.000  0.00185 33
-108.000   49.000  0.00072 5
-108.000   50.000 -0.00006 0
-107.000   25.000  0.00000 0
-107.000   26.000  0.00000 0
-107.000   27.000  0.00000 0
-107.000   28.000 -0.00093 0
-107.000   29.000  0.00238 0
-107.000   30.000  0.00762 0
-107.000   31.000  0.01272 4
-107.000   32.000  0.01584 40
-107.000   33.000  0.01930 90
-107.000   34.000  0.01719 79
-107.000   35.000  0.01168 48
-107.000   36.000  0.00962 33
-107.000   37.000  0.00906 44
-107.000   38.000  0.00791 57
-107.000   39.000  0.00961 27
-107.000   40.000  0.01369 40
-107.000   41.000  0.01431 39
-107.000   42.000  0.01525 46
-107.000   43.000  0.01688 87
-107.000   44.000  0.01551 157
-107.000   45.000  0.01236 41
-107.000   46.000  0.00885 29
-107.000   47.000  0.00719 34
-107.000   48.000  0.00418 25
-107.000   49.000  0.00330 7
-107.000   50.000  0.00332 0
-106.000   25.000  0.00000 0
-106.000   26.000  0.00180 0
-106.000   27.000  0.00198 0
-106.000   28.000  0.00166 0
-106.000   29.000  0.00333 0
-106.000   30.000  0.00782 5
-106.000   31.000  0.01051 36
-106.000   32.000  0.01320 69
-106.000   33.000  0.01726 94
-106.000   34.000  0.01714 67
-106.000   35.000  0.01224 55
-106.000   36.000  0.01026 26
-106.000   37.000  0.00740 62
-106.000   38.000  0.00352 60
-106.000   39.000  0.00273 87
-106.000   40.000  0.00542 71
-106.000   41.000  0.00603 70
-106.000   42.000  0.00931 52
-106.000   43.000  0.01186 66
-106.000   44.000  0.01275 70
-106.000   45.000  0.01208 24
-106.000   46.000  0.01046 48
-106.000   47.000  0.00811 16
-106.000   48.000  0.00570 33
-106.000   49.000  0.00507 5
-106.000   50.000  0.00408 0
-105.000   25.000  0.00000 0
-105.000   26.000  0.00080 0
-105.000   27.000  0.00139 0
-105.000   28.000  0.00129 0
-105.000   29.000  0.00363 2
-105.000   30.000  0.00779 8
-105.000   31.000  0.01112 35
-105.000   32.000  0.01364 81
-105.000   33.000  0.01702 85
-105.000   34.000  0.01726 61
-105.000   35.000  0.01371 45
-105.000   36.000  0.01067 36
-105.000   37.000  0.00794 87
-105.000   38.000  0.00474 56
-105.000   39.000  0.00121 52
-105.000   40.000  0.00197 47
-105.000   41.000  0.00383 51
-105.000   42.000  0.00729 24
-105.000   43.000  0.00940 38
-105.000   44.000  0.01337 34
-105.000   45.000  0.01367 31
-105.000   46.000  0.01196 21
-105.000   47.000  0.01038 28
-105.000   48.000  0.00819 31
-105.000   49.000  0.00645 18
-105.000   50.000  0.00583 0
-104.000   25.000  0.00000 0
-104.000   26.000  0.00080 0
-104.000   27.000  0.00139 0
-104.000   28.000  0.00116 17
-104.000   29.000  0.00494 109
-104.000   30.000  0.00812 42
-104.000   31.000  0.01028 52
-104.000   32.000  0.01258 84
-104.000   33.000  0.01504 96
-104.000   34.000  0.01398 51
-104.000   35.000  0.01306 38
-104.000   36.000  0.01073 41
-104.000   37.000  0.00854 37
-104.000   38.000  0.00600 19
-104.000   39.000  0.00302 19
-104.000   40.000  0.00202 24
-104.000   41.000  0.00404 43
-104.000   42.000  0.00659 23
-104.000   43.000  0.00894 41
-104.000   44.000  0.01210 38
-104.000   45.000  0.01071 34
-104.000   46.000  0.00873 29
-104.000   47.000  0.00728 29
-104.000   48.000  0.00524 42
-104.000   49.000  0.00293 5
-104.000   50.000  0.00411 0
-103.000   25.000  0.00000 0
-103.000   26.000  0.00073 0
-103.000   27.000  0.00305 0
-103.000   28.000  0.00330 16
-103.000   29.000  0.00760 21
-103.000   30.000  0.01237 45
-103.000   31.000  0.01484 60
-103.000   32.000  0.01505 82
-103.000   33.000  0.01715 77
-103.000   34.000  0.01470 95
-103.000   35.000  0.01440 40
-103.000   36.000  0.01163 30
-103.000   37.000  0.00996 45
-103.000   38.000  0.00789 19
-103.000   39.000  0.00563 47
-103.000   40.000  0.00273 22
-103.000   41.000  0.00573 29
-103.000   42.000  0.00746 44
-103.000   43.000  0.01007 38
-103.000   44.000  0.01281 44
-103.000   45.000  0.01109 38
-103.000   46.000  0.00757 33
-103.000   47.000  0.00921 41
-103.000   48.000  0.00631 31
-103.000   49.000  0.00499 9
-103.000   50.000  0.00687 0
-102.000   25.000  0.00067 0
-102.000   26.000  0.00146 0
-102.000   27.000  0.00489 0
-102.000   28.000  0.00629 0
-102.000   29.000  0.00948 4
-102.000   30.000  0.01308 21
-102.000   31.000  0.01499 25
-102.000   32.000  0.01450 32
-102.000   33.000  0.01599 47
-102.000   34.000  0.01465 32
-102.000   35.000  0.01601 44
-102.000   36.000  0.01420 32
-102.000   37.000  0.01337 31
-102.000   38.000  0.01084 44
-102.000   39.000  0.00985 33
-102.000   40.000  0.00627 33
-102.000   41.000  0.00757 36
-102.000   42.000  0.00708 37
-102.000   43.000  0.00940 34
-102.000   44.000  0.00915 51
-102.000   45.000  0.00814 64
-102.000   46.000  0.00588 35
-102.000   47.000  0.00914 29
-102.000   48.000  0.00646 43
-102.000   49.000  0.00731 19
-102.000   50.000  0.00844 0
-101.000   25.000 -0.00189 0
-101.000   26.000 -0.00373 0
-101.000   27.000  0.00105 0
-101.000   28.000  0.00136 8
-101.000   29.000  0.00486 7
-101.000   30.000  0.00976 25
-101.000   31.000  0.01555 26
-101.000   32.000  0.01644 24
-101.000   33.000  0.01805 18
-101.000   34.000  0.01713 25
-101.000   35.000  0.01853 21
-101.000   36.000  0.01613 18
-101.000   37.000  0.01394 25
-101.000   38.000  0.01475 47
-101.000   39.000  0.01447 50
-101.000   40.000  0.01169 33
-101.000   41.000  0.01401 27
-101.000   42.000  0.01340 26
-101.000   43.000  0.01451 30
-101.000   44.000  0.01374 30
-101.000   45.000  0.01048 22
-101.000   46.000  0.00590 39
-101.000   47.000  0.00885 39
-101.000   48.000  0.00501 40
-101.000   49.000  0.00436 8
-101.000   50.000  0.00728 0
-100.000   25.000 -0.00375 0
-100.000   26.000 -0.00396 0
-100.000   27.000  0.00029 9
-100.000   28.000  0.00051 64
-100.000   29.000  0.00254 34
-100.000   30.000  0.00772 55
-100.000   31.000  0.01211 68
-100.000   32.000  0.01370 35
-100.000   33.000  0.01519 41
-100.000   34.000  0.01524 17
-100.000   35.000  0.01681 45
-100.000   36.000  0.01555 30
-100.000   37.000  0.01230 31
-100.000   38.000  0.01410 33
-100.000   39.000  0.01491 63
-100.000   40.000  0.01379 38
-100.000   41.000  0.01588 31
-100.000   42.000  0.01524 25
-100.000   43.000  0.01672 42
-100.000   44.000  0.01561 32
-100.000   45.000  0.01240 23
-100.000   46.000  0.00734 48
-100.000   47.000  0.01225 41
-100.000   48.000  0.00727 57
-100.000   49.000  0.00685 19
-100.000   50.000  0.00884 0
 -99.000   25.000 -0.00375 0
 -99.000   26.000 -0.00266 4
 -99.000   27.000  0.00253 24
 -99.000   28.000  0.00304 30
 -99.000   29.000  0.00435 18
 -99.000   30.000  0.00834 53
 -99.000   31.000  0.01071 59
 -99.000   32.000  0.01120 39
 -99.000   33.000  0.01303 32
 -99.000   34.000  0.01424 31
 -99.000   35.000  0.01571 54
 -99.000   36.000  0.01581 60
 -99.000   37.000  0.01145 52
 -99.000   38.000  0.01186 53
 -99.000   39.000  0.01152 55
 -99.000   40.000  0.01155 34
 -99.000   41.000  0.01375 48
 -99.000   42.000  0.01314 46
 -99.000   43.000  0.01742 30
 -99.000   44.000  0.01745 50
 -99.000   45.000  0.01555 62
 -99.000   46.000  0.01176 63
 -99.000   47.000  0.01715 40
 -99.000   48.000  0.01013 51
 -99.000   49.000  0.00990 17
 -99.000   50.000  0.01096 0
 -98.000   25.000 -0.00375 0
 -98.000   26.000 -0.00259 4
 -98.000   27.000  0.00104 15
 -98.000   28.000  0.00211 29
 -98.000   29.000  0.00192 35
 -98.000   30.000  0.00445 41
 -98.000   31.000  0.00555 50
 -98.000   32.000  0.00656 48
 -98.000   33.000  0.00717 49
 -98.000   34.000  0.00968 30
 -98.000   35.000  0.01158 29
 -98.000   36.000  0.01264 28
 -98.000   37.000  0.00870 40
 -98.000   38.000  0.01044 70
 -98.000   39.000  0.01081 40
 -98.000   40.000  0.01191 30
 -98.000   41.000  0.01551 38
 -98.000   42.000  0.01672 53
 -98.000   43.000  0.02040 24
 -98.000   44.000  0.02003 26
 -98.000   45.000  0.01992 26
 -98.000   46.000  0.01516 25
 -98.000   47.000  0.01689 35
 -98.000   48.000  0.00979 38
 -98.000   49.000  0.00933 7
 -98.000   50.000  0.00716 0
 -97.000   25.000 -0.00443 0
 -97.000   26.000 -0.00332 0
 -97.000   27.000 -0.00080 0
 -97.000   28.000 -0.00026 7
 -97.000   29.000  0.00016 15
 -97.000   30.000  0.00313 44
 -97.000   31.000  0.00389 29
 -97.000   32.000  0.00450 10
 -97.000   33.000  0.00480 22
 -97.000   34.000  0.00557 28
 -97.000   35.000  0.00692 52
 -97.000   36.000  0.00750 41
 -97.000   37.000  0.00517 57
 -97.000   38.000  0.00736 41
 -97.000   39.000  0.00798 44
 -97.000   40.000  0.00987 30
 -97.000   41.000  0.01522 21
 -97.000   42.000  0.01704 35
 -97.000   43.000  0.02173 19
 -97.000   44.000  0.02369 25
 -97.000   45.000  0.02371 27
 -97.000   46.000  0.01887 49
 -97.000   47.000  0.01957 22
 -97.000   48.000  0.01184 15
 -97.000   49.000  0.01008 18
 -97.000   50.000  0.00751 0
 -96.000   25.000 -0.00186 0
 -96.000   26.000  0.00007 0
 -96.000   27.000  0.00105 0
 -96.000   28.000  0.00209 2
 -96.000   29.000  0.00399 11
 -96.000   30.000  0.00700 36
 -96.000   31.000  0.00558 44
 -96.000   32.000  0.00596 43
 -96.000   33.000  0.00594 32
 -96.000   34.000  0.00454 35
 -96.000   35.000  0.00392 64
 -96.000   36.000  0.00480 92
 -96.000   37.000  0.00356 35
 -96.000   38.000  0.00448 34
 -96.000   39.000  0.00523 45
 -96.000   40.000  0.00672 36
 -96.000   41.000  0.01056 29
 -96.000   42.000  0.01351 29
 -96.000   43.000  0.01965 38
 -96.000   44.000  0.02202 23
 -96.000   45.000  0.02577 40
 -96.000   46.000  0.02419 26
 -96.000   47.000  0.02386 39
 -96.000   48.000  0.01580 32
 -96.000   49.000  0.01521 11
 -96.000   50.000  0.00943 0
 -95.000   25.000  0.00000 0
 -95.000   26.000  0.00130 0
 -95.000   27.000  0.00241 0
 -95.000   28.000  0.00801 0
 -95.000   29.000  0.01154 2
 -95.000   30.000  0.01394 8
 -95.000   31.000  0.01403 26
 -95.000   32.000  0.01431 35
 -95.000   33.000  0.00980 32
 -95.000   34.000  0.00708 33
 -95.000   35.000  0.00528 42
 -95.000   36.000  0.00448 50
 -95.000   37.000  0.00326 72
 -95.000   38.000  0.00295 29
 -95.000   39.000  0.00335 25
 -95.000   40.000  0.00466 32
 -95.000   41.000  0.00872 39
 -95.000   42.000  0.01185 30
 -95.000   43.000  0.01841 25
 -95.000   44.000  0.02056 34
 -95.000   45.000  0.02506 33
 -95.000   46.000  0.02428 26
 -95.000   47.000  0.02137 28
 -95.000   48.000  0.01404 13
 -95.000   49.000  0.01335 11
 -95.000   50.000  0.00712 0
 -94.000   25.000  0.00000 0
 -94.000   26.000  0.00000 0
 -94.000   27.000  0.00017 0
 -94.000   28.000  0.00381 0
 -94.000   29.000  0.00882 1
 -94.000   30.000  0.01205 5
 -94.000   31.000  0.01444 22
 -94.000   32.000  0.01606 19
 -94.000   33.000  0.01391 27
 -94.000   34.000  0.00970 45
 -94.000   35.000  0.00746 68
 -94.000   36.000  0.00605 42
 -94.000   37.000  0.00496 32
 -94.000   38.000  0.00416 57
 -94.000   39.000  0.00578 36
 -94.000   40.000  0.00643 55
 -94.000   41.000  0.00932 38
 -94.000   42.000  0.01353 40
 -94.000   43.000  0.01747 20
 -94.000   44.000  0.01894 57
 -94.000   45.000  0.02407 34
 -94.000   46.000  0.02374 41
 -94.000   47.000  0.02020 27
 -94.000   48.000  0.01557 29
 -94.000   49.000  0.01460 4
 -94.000   50.000  0.00818 0
 -93.000   25.000  0.00000 0
 -93.000   26.000  0.00000 0
 -93.000   27.000  0.00000 0
 -93.000   28.000  0.00261 0
 -93.000   29.000  0.00955 2
 -93.000   30.000  0.01284 10
 -93.000   31.000  0.01611 34
 -93.000   32.000  0.01812 23
 -93.000   33.000  0.01742 23
 -93.000   34.000  0.01246 35
 -93.000   35.000  0.01128 70
 -93.000   36.000  0.00946 46
 -93.000   37.000  0.00836 27
 -93.000   38.000  0.00703 64
 -93.000   39.000  0.00732 38
 -93.000   40.000  0.00653 40
 -93.000   41.000  0.00808 32
 -93.000   42.000  0.01153 30
 -93.000   43.000  0.01399 44
 -93.000   44.000  0.01586 79
 -93.000   45.000  0.01861 57
 -93.000   46.000  0.01972 59
 -93.000   47.000  0.01675 41
 -93.000   48.000  0.01372 23
 -93.000   49.000  0.01197 0
 -93.000   50.000  0.00918 0
 -92.000   25.000  0.00000 0
 -92.000   26.000  0.00000 0
 -92.000   27.000  0.00000 0
 -92.000   28.000  0.00440 0
 -92.000   29.000  0.01096 0
 -92.000   30.000  0.01492 6
 -92.000   31.000  0.01861 13
 -92.000   32.000  0.02132 24
 -92.000   33.000  0.02006 36
 -92.000   34.000  0.01760 18
 -92.000   35.000  0.01708 27
 -92.000   36.000  0.01471 27
 -92.000   37.000  0.01326 32
 -92.000   38.000  0.01063 56
 -92.000   39.000  0.00886 42
 -92.000   40.000  0.00582 51
 -92.000   41.000  0.00624 8
 -92.000   42.000  0.00899 43
 -92.000   43.000  0.00926 26
 -92.000   44.000  0.01002 29
 -92.000   45.000  0.01157 32
 -92.000   46.000  0.01435 60
 -92.000   47.000  0.01034 45
 -92.000   48.000  0.00956 44
 -92.000   49.000  0.00810 0
 -92.000   50.000  0.00754 3
 -91.000   25.000  0.00000 0
 -91.000   26.000  0.00000 0
 -91.000   27.000  0.00000 0
 -91.000   28.000  0.00440 0
 -91.000   29.000  0.00878 0
 -91.000   30.000  0.01152 4
 -91.000   31.000  0.01485 26
 -91.000   32.000  0.01696 38
 -91.000   33.000  0.01772 17
 -91.000   34.000  0.01767 15
 -91.000   35.000  0.01935 21
 -91.000   36.000  0.01778 18
 -91.000   37.000  0.01799 46
 -91.000   38.000  0.01370 40
 -91.000   39.000  0.01159 14
 -91.000   40.000  0.00859 29
 -91.000   41.000  0.00824 34
 -91.000   42.000  0.00799 26
 -91.000   43.000  0.00686 44
 -91.000   44.000  0.00843 42
 -91.000   45.000  0.00657 21
 -91.000   46.000  0.00849 30
 -91.000   47.000  0.00642 32
 -91.000   48.000  0.00668 10
 -91.000   49.000  0.00362 5
 -91.000   50.000  0.00556 2
 -90.000   25.000  0.00000 0
 -90.000   26.000  0.00000 0
 -90.000   27.000  0.00000 0
 -90.000   28.000 -0.00030 0
 -90.000   29.000  0.00383 1
 -90.000   30.000  0.00744 7
 -90.000   31.000  0.01132 25
 -90.000   32.000  0.01394 23
 -90.000   33.000  0.02040 19
 -90.000   34.000  0.02097 36
 -90.000   35.000  0.02372 38
 -90.000   36.000  0.02276 13
 -90.000   37.000  0.02307 28
 -90.000   38.000  0.01779 45
 -90.000   39.000  0.01518 31
 -90.000   40.000  0.01009 42
 -90.000   41.000  0.00772 25
 -90.000   42.000  0.00624 47
 -90.000   43.000  0.00430 24
 -90.000   44.000  0.00542 37
 -90.000   45.000  0.00340 20
 -90.000   46.000  0.00554 10
 -90.000   47.000  0.00408 7
 -90.000   48.000  0.00515 13
 -90.000   49.000  0.00243 1
 -90.000   50.000  0.00447 4
 -89.000   25.000  0.00000 0
 -89.000   26.000  0.00000 0
 -89.000   27.000  0.00000 0
 -89.000   28.000  0.00150 0
 -89.000   29.000  0.00543 0
 -89.000   30.000  0.00867 3
 -89.000   31.000  0.01236 14
 -89.000   32.000  0.01480 26
 -89.000   33.000  0.01863 36
 -89.000   34.000  0.02005 21
 -89.000   35.000  0.02362 29
 -89.000   36.000  0.02282 13
 -89.000   37.000  0.02439 43
 -89.000   38.000  0.02033 53
 -89.000   39.000  0.01614 49
 -89.000   40.000  0.01076 29
 -89.000   41.000  0.00815 21
 -89.000   42.000  0.00435 37
 -89.000   43.000  0.00270 44
 -89.000   44.000  0.00302 28
 -89.000   45.000  0.00009 19
 -89.000   46.000  0.00174 20
 -89.000   47.000  0.00152 21
 -89.000   48.000  0.00191 6
 -89.000   49.000  0.00055 2
 -89.000   50.000  0.00323 1
 -88.000   25.000  0.00000 0
 -88.000   26.000  0.00000 0
 -88.000   27.000  0.00000 0
 -88.000   28.000  0.00148 0
 -88.000   29.000  0.00437 0
 -88.000   30.000  0.00922 0
 -88.000   31.000  0.01343 8
 -88.000   32.000  0.01691 14
 -88.000   33.000  0.02103 37
 -88.000   34.000  0.02308 22
 -88.000   35.000  0.02445 43
 -88.000   36.000  0.02305 48
 -88.000   37.000  0.02388 92
 -88.000   38.000  0.01950 120
 -88.000   39.000  0.01523 45
 -88.000   40.000  0.01025 39
 -88.000   41.000  0.00615 38
 -88.000   42.000  0.00263 38
 -88.000   43.000  0.00181 19
 -88.000   44.000  0.00186 36
 -88.000   45.000  0.00017 29
 -88.000   46.000  0.00281 28
 -88.000   47.000  0.00203 12
 -88.000   48.000  0.00162 0
 -88.000   49.000  0.00113 1
 -88.000   50.000  0.00226 3
 -87.000   25.000  0.00000 0
 -87.000   26.000  0.00000 0
 -87.000   27.000  0.00000 0
 -87.000   28.000 -0.00031 0
 -87.000   29.000  0.00185 0
 -87.000   30.000  0.00627 2
 -87.000   31.000  0.01060 18
 -87.000   32.000  0.01438 38
 -87.000   33.000  0.01969 32
 -87.000   34.000  0.02098 47
 -87.000   35.000  0.02174 55
 -87.000   36.000  0.02014 37
 -87.000   37.000  0.02041 109
 -87.000   38.000  0.01630 151
 -87.000   39.000  0.01420 37
 -87.000   40.000  0.01035 59
 -87.000   41.000  0.00619 17
 -87.000   42.000  0.00284 24
 -87.000   43.000  0.00448 1
 -87.000   44.000  0.00410 19
 -87.000   45.000  0.00207 19
 -87.000   46.000  0.00421 23
 -87.000   47.000  0.00351 4
 -87.000   48.000  0.00098 0
 -87.000   49.000  0.00002 0
 -87.000   50.000  0.00118 4
 -86.000   25.000  0.00000 0
 -86.000   26.000  0.00000 0
 -86.000   27.000  0.00000 0
 -86.000   28.000  0.00011 0
 -86.000   29.000  0.00373 0
 -86.000   30.000  0.00760 15
 -86.000   31.000  0.01308 24
 -86.000   32.000  0.01766 19
 -86.000   33.000  0.02111 26
 -86.000   34.000  0.02117 28
 -86.000   35.000  0.02177 35
 -86.000   36.000  0.01868 45
 -86.000   37.000  0.01742 82
 -86.000   38.000  0.01414 46
 -86.000   39.000  0.01248 20
 -86.000   40.000  0.00849 32
 -86.000   41.000  0.00697 29
 -86.000   42.000  0.00525 25
 -86.000   43.000  0.00852 13
 -86.000   44.000  0.00643 19
 -86.000   45.000  0.00365 20
 -86.000   46.000  0.00363 8
 -86.000   47.000  0.00203 3
 -86.000   48.000 -0.00153 1
 -86.000   49.000 -0.00181 3
 -86.000   50.000  0.00139 2
 -85.000   25.000  0.00000 0
 -85.000   26.000  0.00000 0
 -85.000   27.000 -0.00089 0
 -85.000   28.000 -0.00033 0
 -85.000   29.000  0.00338 4
 -85.000   30.000  0.00680 18
 -85.000   31.000  0.01153 21
 -85.000   32.000  0.01569 33
 -85.000   33.000  0.01838 21
 -85.000   34.000  0.01904 34
 -85.000   35.000  0.01950 44
 -85.000   36.000  0.01751 49
 -85.000   37.000  0.01703 86
 -85.000   38.000  0.01428 64
 -85.000   39.000  0.01073 38
 -85.000   40.000  0.00799 65
 -85.000   41.000  0.00601 25
 -85.000   42.000  0.00443 36
 -85.000   43.000  0.00621 24
 -85.000   44.000  0.00646 22
 -85.000   45.000 -0.00016 35
 -85.000   46.000 -0.00009 18
 -85.000   47.000 -0.00129 9
 -85.000   48.000 -0.00310 7
 -85.000   49.000 -0.00521 5
 -85.000   50.000  0.00218 0
 -84.000   25.000 -0.00356 0
 -84.000   26.000 -0.00461 0
 -84.000   27.000 -0.00505 0
 -84.000   28.000 -0.00371 0
 -84.000   29.000 -0.00192 5
 -84.000   30.000  0.00330 19
 -84.000   31.000  0.00905 40
 -84.000   32.000  0.01306 112
 -84.000   33.000  0.01536 50
 -84.000   34.000  0.01621 61
 -84.000   35.000  0.01729 106
 -84.000   36.000  0.01547 88
 -84.000   37.000  0.01464 66
 -84.000   38.000  0.01099 45
 -84.000   39.000  0.00978 58
 -84.000   40.000  0.00793 49
 -84.000   41.000  0.00771 48
 -84.000   42.000  0.00723 50
 -84.000   43.000  0.00863 19
 -84.000   44.000  0.00610 25
 -84.000   45.000 -0.00130 16
 -84.000   46.000 -0.00261 10
 -84.000   47.000 -0.00610 8
 -84.000   48.000 -0.00701 4
 -84.000   49.000 -0.00738 1
 -84.000   50.000 -0.00136 1
 -83.000   25.000 -0.00420 0
 -83.000   26.000 -0.00778 0
 -83.000   27.000 -0.00770 0
 -83.000   28.000 -0.00656 0
 -83.000   29.000 -0.00517 12
 -83.000   30.000  0.00072 24
 -83.000   31.000  0.00813 11
 -83.000   32.000  0.01071 32
 -83.000   33.000  0.01255 53
 -83.000   34.000  0.01399 67
 -83.000   35.000  0.01497 45
 -83.000   36.000  0.01383 44
 -83.000   37.000  0.01479 27
 -83.000   38.000  0.01181 27
 -83.000   39.000  0.01154 39
 -83.000   40.000  0.00981 65
 -83.000   41.000  0.01100 48
 -83.000   42.000  0.00935 22
 -83.000   43.000  0.00946 29
 -83.000   44.000  0.00618 18
 -83.000   45.000 -0.00141 7
 -83.000   46.000 -0.00432 7
 -83.000   47.000 -0.00687 6
 -83.000   48.000 -0.00673 0
 -83.000   49.000 -0.00738 4
 -83.000   50.000 -0.00136 19
 -82.000   25.000 -0.00420 0
 -82.000   26.000 -0.00778 0
 -82.000   27.000 -0.00770 9
 -82.000   28.000 -0.00628 17
 -82.000   29.000 -0.00432 13
 -82.000   30.000  0.00129 41
 -82.000   31.000  0.00698 79
 -82.000   32.000  0.00932 39
 -82.000   33.000  0.01030 41
 -82.000   34.000  0.00980 29
 -82.000   35.000  0.01069 42
 -82.000   36.000  0.01219 29
 -82.000   37.000  0.01376 28
 -82.000   38.000  0.01206 54
 -82.000   39.000  0.01246 57
 -82.000   40.000  0.01166 76
 -82.000   41.000  0.01220 21
 -82.000   42.000  0.01096 24
 -82.000   43.000  0.00900 6
 -82.000   44.000  0.00730 4
 -82.000   45.000  0.00139 6
 -82.000   46.000 -0.00263 7
 -82.000   47.000 -0.00596 8
 -82.000   48.000 -0.00445 4
 -82.000   49.000 -0.00561 20
 -82.000   50.000 -0.00275 5
 -81.000   25.000 -0.00420 10
 -81.000   26.000 -0.00778 21
 -81.000   27.000 -0.00770 23
 -81.000   28.000 -0.00669 13
 -81.000   29.000 -0.00571 6
 -81.000   30.000 -0.00036 3
 -81.000   31.000  0.00369 9
 -81.000   32.000  0.00772 19
 -81.000   33.000  0.00914 18
 -81.000   34.000  0.00921 33
 -81.000   35.000  0.01092 29
 -81.000   36.000  0.01398 45
 -81.000   37.000  0.01458 66
 -81.000   38.000  0.01343 47
 -81.000   39.000  0.01385 70
 -81.000   40.000  0.01290 64
 -81.000   41.000  0.01327 33
 -81.000   42.000  0.00969 24
 -81.000   43.000  0.00576 14
 -81.000   44.000  0.00284 10
 -81.000   45.000 -0.00224 1
 -81.000   46.000 -0.00601 4
 -81.000   47.000 -0.00773 5
 -81.000   48.000 -0.00482 0
 -81.000   49.000 -0.00407 0
 -81.000   50.000 -0.00275 0
 -80.000   25.000 -0.00420 0
 -80.000   26.000 -0.00778 3
 -80.000   27.000 -0.00681 5
 -80.000   28.000 -0.00626 0
 -80.000   29.000 -0.00593 0
 -80.000   30.000 -0.00154 0
 -80.000   31.000  0.00157 0
 -80.000   32.000  0.00488 2
 -80.000   33.000  0.00581 40
 -80.000   34.000  0.00538 36
 -80.000   35.000  0.00771 53
 -80.000   36.000  0.01047 53
 -80.000   37.000  0.01083 30
 -80.000   38.000  0.01071 55
 -80.000   39.000  0.01328 79
 -80.000   40.000  0.01233 54
 -80.000   41.000  0.01462 58
 -80.000   42.000  0.01188 62
 -80.000   43.000  0.00694 10
 -80.000   44.000  0.00294 13
 -80.000   45.000  0.00063 9
 -80.000   46.000 -0.00428 11
 -80.000   47.000 -0.00676 8
 -80.000   48.000 -0.00341 0
 -80.000   49.000 -0.00219 0
 -80.000   50.000 -0.00430 0
 -79.000   25.000 -0.00064 0
 -79.000   26.000 -0.00317 0
 -79.000   27.000 -0.00265 0
 -79.000   28.000 -0.00288 0
 -79.000   29.000 -0.00263 0
 -79.000   30.000 -0.00016 0
 -79.000   31.000  0.00127 0
 -79.000   32.000  0.00466 0
 -79.000   33.000  0.00524 16
 -79.000   34.000  0.00381 20
 -79.000   35.000  0.00442 47
 -79.000   36.000  0.00732 60
 -79.000   37.000  0.00605 31
 -79.000   38.000  0.00813 80
 -79.000   39.000  0.01171 56
 -79.000   40.000  0.01109 52
 -79.000   41.000  0.01248 38
 -79.000   42.000  0.01125 45
 -79.000   43.000  0.00506 31
 -79.000   44.000  0.00379 29
 -79.000   45.000  0.00213 50
 -79.000   46.000 -0.00190 7
 -79.000   47.000 -0.00267 7
 -79.000   48.000  0.00086 1
 -79.000   49.000 -0.00020 0
 -79.000   50.000 -0.00075 0
 -78.000   25.000  0.00000 0
 -78.000   26.000  0.00000 0
 -78.000   27.000  0.00000 0
 -78.000   28.000  0.00000 0
 -78.000   29.000  0.00000 0
 -78.000   30.000  0.00000 0
 -78.000   31.000 -0.00160 0
 -78.000   32.000  0.00196 0
 -78.000   33.000  0.00349 11
 -78.000   34.000  0.00212 19
 -78.000   35.000  0.00476 20
 -78.000   36.000  0.00872 24
 -78.000   37.000  0.00769 36
 -78.000   38.000  0.00946 85
 -78.000   39.000  0.01317 25
 -78.000   40.000  0.01226 53
 -78.000   41.000  0.01250 52
 -78.000   42.000  0.01169 61
 -78.000   43.000  0.00365 30
 -78.000   44.000  0.00220 22
 -78.000   45.000  0.00208 14
 -78.000   46.000 -0.00098 17
 -78.000   47.000 -0.00269 20
 -78.000   48.000  0.00205 16
 -78.000   49.000  0.00144 0
 -78.000   50.000 -0.00075 0
 -77.000   25.000  0.00000 0
 -77.000   26.000  0.00000 0
 -77.000   27.000  0.00000 0
 -77.000   28.000  0.00000 0
 -77.000   29.000  0.00000 0
 -77.000   30.000  0.00000 0
 -77.000   31.000 -0.00032 0
 -77.000   32.000  0.00268 0
 -77.000   33.000  0.00428 0
 -77.000   34.000  0.00379 6
 -77.000   35.000  0.00589 11
 -77.000   36.000  0.00777 32
 -77.000   37.000  0.00571 30
 -77.000   38.000  0.00744 43
 -77.000   39.000  0.01087 19
 -77.000   40.000  0.01068 54
 -77.000   41.000  0.01188 53
 -77.000   42.000  0.01175 33
 -77.000   43.000  0.00412 37
 -77.000   44.000  0.00042 19
 -77.000   45.000 -0.00024 18
 -77.000   46.000 -0.00345 17
 -77.000   47.000 -0.00426 8
 -77.000   48.000  0.00003 2
 -77.000   49.000  0.00100 0
 -77.000   50.000 -0.00075 0
 -76.000   25.000  0.00000 0
 -76.000   26.000  0.00000 0
 -76.000   27.000  0.00000 0
 -76.000   28.000  0.00000 0
 -76.000   29.000  0.00000 0
 -76.000   30.000  0.00000 0
 -76.000   31.000  0.00032 0
 -76.000   32.000  0.00074 0
 -76.000   33.000  0.00141 0
 -76.000   34.000  0.00080 2
 -76.000   35.000  0.00176 8
 -76.000   36.000  0.00282 13
 -76.000   37.000  0.00370 6
 -76.000   38.000  0.00610 25
 -76.000   39.000  0.00919 28
 -76.000   40.000  0.01029 70
 -76.000   41.000  0.01076 71
 -76.000   42.000  0.01128 74
 -76.000   43.000  0.00368 53
 -76.000   44.000  0.00126 45
 -76.000   45.000  0.00188 29
 -76.000   46.000 -0.00041 29
 -76.000   47.000 -0.00224 15
 -76.000   48.000  0.00229 0
 -76.000   49.000  0.00279 0
 -76.000   50.000 -0.00075 0
 -75.000   25.000  0.00000 0
 -75.000   26.000  0.00000 0
 -75.000   27.000  0.00000 0
 -75.000   28.000  0.00000 0
 -75.000   29.000  0.00000 0
 -75.000   30.000  0.00000 0
 -75.000   31.000  0.00000 0
 -75.000   32.000  0.00027 0
 -75.000   33.000  0.00106 0
 -75.000   34.000  0.00055 0
 -75.000   35.000  0.00081 4
 -75.000   36.000  0.00223 0
 -75.000   37.000  0.00270 5
 -75.000   38.000  0.00733 12
 -75.000   39.000  0.00928 19
 -75.000   40.000  0.01159 66
 -75.000   41.000  0.01250 106
 -75.000   42.000  0.01397 32
 -75.000   43.000  0.00487 69
 -75.000   44.000  0.00208 43
 -75.000   45.000  0.00229 61
 -75.000   46.000 -0.00005 20
 -75.000   47.000 -0.00226 15
 -75.000   48.000  0.00142 0
 -75.000   49.000  0.00347 0
 -75.000   50.000  0.00000 0
 -74.000   25.000  0.00000 0
 -74.000   26.000  0.00000 0
 -74.000   27.000  0.00000 0
 -74.000   28.000  0.00000 0
 -74.000   29.000  0.00000 0
 -74.000   30.000  0.00000 0
 -74.000   31.000  0.00000 0
 -74.000   32.000  0.00000 0
 -74.000   33.000  0.00143 0
 -74.000   34.000  0.00217 0
 -74.000   35.000  0.00293 0
 -74.000   36.000  0.00370 0
 -74.000   37.000  0.00525 0
 -74.000   38.000  0.00855 0
 -74.000   39.000  0.00784 16
 -74.000   40.000  0.01009 119
 -74.000   41.000  0.01214 197
 -74.000   42.000  0.01365 110
 -74.000   43.000  0.00644 78
 -74.000   44.000  0.00605 120
 -74.000   45.000  0.00640 63
 -74.000   46.000  0.00358 28
 -74.000   47.000  0.00052 11
 -74.000   48.000  0.00300 0
 -74.000   49.000  0.00420 0
 -74.000   50.000  0.00000 0
 -73.000   25.000  0.00000 0
 -73.000   26.000  0.00000 0
 -73.000   27.000  0.00000 0
 -73.000   28.000  0.00000 0
 -73.000   29.000  0.00000 0
 -73.000   30.000  0.00000 0
 -73.000   31.000  0.00000 0
 -73.000   32.000  0.00000 0
 -73.000   33.000  0.00000 0
 -73.000   34.000  0.00000 0
 -73.000   35.000  0.00000 0
 -73.000   36.000  0.00005 0
 -73.000   37.000  0.00054 0
 -73.000   38.000  0.00393 0
 -73.000   39.000  0.00352 0
 -73.000   40.000  0.00673 19
 -73.000   41.000  0.01088 40
 -73.000   42.000  0.01298 35
 -73.000   43.000  0.00819 72
 -73.000   44.000  0.00934 49
 -73.000   45.000  0.00875 33
 -73.000   46.000  0.00455 25
 -73.000   47.000  0.00196 15
 -73.000   48.000  0.00336 0
 -73.000   49.000  0.00328 0
 -73.000   50.000  0.00000 0
 -72.000   25.000  0.00000 0
 -72.000   26.000  0.00000 0
 -72.000   27.000  0.00000 0
 -72.000   28.000  0.00000 0
 -72.000   29.000  0.00000 0
 -72.000   30.000  0.00000 0
 -72.000   31.000  0.00000 0
 -72.000   32.000  0.00000 0
 -72.000   33.000  0.00000 0
 -72.000   34.000  0.00000 0
 -72.000   35.000  0.00000 0
 -72.000   36.000  0.00000 0
 -72.000   37.000  0.00108 0
 -72.000   38.000  0.00380 0
 -72.000   39.000  0.00284 0
 -72.000   40.000  0.00510 4
 -72.000   41.000  0.00983 19
 -72.000   42.000  0.01145 58
 -72.000   43.000  0.00722 77
 -72.000   44.000  0.00981 66
 -72.000   45.000  0.00950 31
 -72.000   46.000  0.00477 15
 -72.000   47.000  0.00208 10
 -72.000   48.000  0.00359 0
 -72.000   49.000  0.00245 0
 -72.000   50.000  0.00000 0
 -71.000   25.000  0.00000 0
 -71.000   26.000  0.00000 0
 -71.000   27.000  0.00000 0
 -71.000   28.000  0.00000 0
 -71.000   29.000  0.00000 0
 -71.000   30.000  0.00000 0
 -71.000   31.000  0.00000 0
 -71.000   32.000  0.00000 0
 -71.000   33.000  0.00000 0
 -71.000   34.000  0.00000 0
 -71.000   35.000  0.00000 0
 -71.000   36.000  0.00000 0
 -71.000   37.000  0.00000 0
 -71.000   38.000  0.00241 0
 -71.000   39.000  0.00140 0
 -71.000   40.000  0.00318 5
 -71.000   41.000  0.00739 32
 -71.000   42.000  0.00985 47
 -71.000   43.000  0.00605 50
 -71.000   44.000  0.01061 51
 -71.000   45.000  0.01061 60
 -71.000   46.000  0.00641 25
 -71.000   47.000  0.00394 15
 -71.000   48.000  0.00534 5
 -71.000   49.000  0.00223 0
 -71.000   50.000  0.00000 0
 -70.000   25.000  0.00000 0
 -70.000   26.000  0.00000 0
 -70.000   27.000  0.00000 0
 -70.000   28.000  0.00000 0
 -70.000   29.000  0.00000 0
 -70.000   30.000  0.00000 0
 -70.000   31.000  0.00000 0
 -70.000   32.000  0.00000 0
 -70.000   33.000  0.00000 0
 -70.000   34.000  0.00000 0
 -70.000   35.000  0.00000 0
 -70.000   36.000  0.00000 0
 -70.000   37.000  0.00000 0
 -70.000   38.000  0.00000 0
 -70.000   39.000 -0.00002 0
 -70.000   40.000  0.00089 5
 -70.000   41.000  0.00398 16
 -70.000   42.000  0.00706 4
 -70.000   43.000  0.00695 13
 -70.000   44.000  0.01284 26
 -70.000   45.000  0.01519 44
 -70.000   46.000  0.01211 33
 -70.000   47.000  0.00903 40
 -70.000   48.000  0.00913 0
 -70.000   49.000  0.00408 0
 -70.000   50.000  0.00000 0
 -69.000   25.000  0.00000 0
 -69.000   26.000  0.00000 0
 -69.000   27.000  0.00000 0
 -69.000   28.000  0.00000 0
 -69.000   29.000  0.00000 0
 -69.000   30.000  0.00000 0
 -69.000   31.000  0.00000 0
 -69.000   32.000  0.00000 0
 -69.000   33.000  0.00000 0
 -69.000   34.000  0.00000 0
 -69.000   35.000  0.00000 0
 -69.000   36.000  0.00000 0
 -69.000   37.000  0.00000 0
 -69.000   38.000  0.00000 0
 -69.000   39.000  0.00043 0
 -69.000   40.000  0.00067 0
 -69.000   41.000  0.00277 0
 -69.000   42.000  0.00457 0
 -69.000   43.000  0.00421 2
 -69.000   44.000  0.00875 27
 -69.000   45.000  0.01133 60
 -69.000   46.000  0.00923 51
 -69.000   47.000  0.00896 38
 -69.000   48.000  0.01008 0
 -69.000   49.000  0.00637 0
 -69.000   50.000  0.00380 0
 -68.000   25.000  0.00000 0
 -68.000   26.000  0.00000 0
 -68.000   27.000  0.00000 0
 -68.000   28.000  0.00000 0
 -68.000   29.000  0.00000 0
 -68.000   30.000  0.00000 0
 -68.000   31.000  0.00000 0
 -68.000   32.000  0.00000 0
 -68.000   33.000  0.00000 0
 -68.000   34.000  0.00000 0
 -68.000   35.000  0.00000 0
 -68.000   36.000  0.00000 0
 -68.000   37.000  0.00000 0
 -68.000   38.000  0.00000 0
 -68.000   39.000  0.00020 0
 -68.000   40.000  0.00020 0
 -68.000   41.000  0.00101 0
 -68.000   42.000  0.00236 0
 -68.000   43.000  0.00213 0
 -68.000   44.000  0.00592 13
 -68.000   45.000  0.00817 48
 -68.000   46.000  0.00736 39
 -68.000   47.000  0.00753 25
 -68.000   48.000  0.00852 0
 -68.000   49.000  0.00566 2
 -68.000   50.000  0.00380 0
 -67.000   25.000  0.00000 0
 -67.000   26.000  0.00000 0
 -67.000   27.000  0.00000 0
 -67.000   28.000  0.00000 0
 -67.000   29.000  0.00000 0
 -67.000   30.000  0.00000 0
 -67.000   31.000  0.00000 0
 -67.000   32.000  0.00000 0
 -67.000   33.000  0.00000 0
 -67.000   34.000  0.00000 0
 -67.000   35.000  0.00000 0
 -67.000   36.000  0.00000 0
 -67.000   37.000  0.00000 0
 -67.000   38.000  0.00000 0
 -67.000   39.000  0.00000 0
 -67.000   40.000  0.00000 0
 -67.000   41.000  0.00000 0
 -67.000   42.000  0.00107 0
 -67.000   43.000  0.00105 0
 -67.000   44.000  0.00488 27
 -67.000   45.000  0.00706 39
 -67.000   46.000  0.00706 4
 -67.000   47.000  0.00751 4
 -67.000   48.000  0.00829 0
 -67.000   49.000  0.00557 22
 -67.000   50.000  0.00380 24
 -66.000   25.000  0.00000 0
 -66.000   26.000  0.00000 0
 -66.000   27.000  0.00000 0
 -66.000   28.000  0.00000 0
 -66.000   29.000  0.00000 0
 -66.000   30.000  0.00000 0
 -66.000   31.000  0.00000 0
 -66.000   32.000  0.00000 0
 -66.000   33.000  0.00000 0
 -66.000   34.000  0.00000 0
 -66.000   35.000  0.00000 0
 -66.000   36.000  0.00000 0
 -66.000   37.000  0.00000 0
 -66.000   38.000  0.00000 0
 -66.000   39.000  0.00000 0
 -66.000   40.000  0.00000 0
 -66.000   41.000  0.00000 0
 -66.000   42.000  0.00185 0
 -66.000   43.000  0.00174 0
 -66.000   44.000  0.00444 1
 -66.000   45.000  0.00657 2
 -66.000   46.000  0.00657 0
 -66.000   47.000  0.00663 0
 -66.000   48.000  0.00768 0
 -66.000   49.000  0.00623 0
 -66.000   50.000  0.00475 1
 -65.000   25.000  0.00000 0
 -65.000   26.000  0.00000 0
 -65.000   27.000  0.00000 0
 -65.000   28.000  0.00000 0
 -65.000   29.000  0.00000 0
 -65.000   30.000  0.00000 0
 -65.000   31.000  0.00000 0
 -65.000   32.000  0.00000 0
 -65.000   33.000  0.00000 0
 -65.000   34.000  0.00000 0
 -65.000   35.000  0.00000 0
 -65.000   36.000  0.00000 0
 -65.000   37.000  0.00000 0
 -65.000   38.000  0.00000 0
 -65.000   39.000  0.00000 0
 -65.000   40.000  0.00000 0
 -65.000   41.000  0.00000 0
 -65.000   42.000 -0.00005 0
 -65.000   43.000 -0.00032 0
 -65.000   44.000 -0.00032 0
 -65.000   45.000 -0.00032 0
 -65.000   46.000 -0.00032 0
 -65.000   47.000  0.00226 0
 -65.000   48.000  0.00380 0
 -65.000   49.000  0.00475 0
 -65.000   50.000  0.00633 0
