-130.000   25.000  0.00000 0
-130.000   26.000  0.00000 0
-130.000   27.000  0.00000 0
-130.000   28.000  0.00000 0
-130.000   29.000  0.00000 0
-130.000   30.000  0.00000 0
-130.000   31.000  0.00000 0
-130.000   32.000  0.00000 0
-130.000   33.000  0.00000 0
-130.000   34.000  0.00000 0
-130.000   35.000  0.00000 0
-130.000   36.000  0.00000 0
-130.000   37.000  0.00000 0
-130.000   38.000  0.00000 0
-130.000   39.000  0.00000 0
-130.000   40.000  0.00000 0
-130.000   41.000  0.00000 0
-130.000   42.000  0.00000 0
-130.000   43.000  0.00000 0
-130.000   44.000  0.00000 0
-130.000   45.000  0.00000 0
-130.000   46.000  0.00000 0
-130.000   47.000 -0.00159 0
-130.000   48.000  0.00121 0
-130.000   49.000  0.00151 0
-130.000   50.000  0.00202 0
-129.000   25.000  0.00000 0
-129.000   26.000  0.00000 0
-129.000   27.000  0.00000 0
-129.000   28.000  0.00000 0
-129.000   29.000  0.00000 0
-129.000   30.000  0.00000 0
-129.000   31.000  0.00000 0
-129.000   32.000  0.00000 0
-129.000   33.000  0.00000 0
-129.000   34.000  0.00000 0
-129.000   35.000  0.00000 0
-129.000   36.000  0.00000 0
-129.000   37.000  0.00000 0
-129.000   38.000  0.00000 0
-129.000   39.000  0.00000 0
-129.000   40.000  0.00000 0
-129.000   41.000  0.00000 0
-129.000   42.000  0.00000 0
-129.000   43.000  0.00000 0
-129.000   44.000  0.00000 0
-129.000   45.000  0.00000 0
-129.000   46.000  0.00000 0
-129.000   47.000 -0.00119 0
-129.000   48.000  0.00091 0
-129.000   49.000  0.00114 0
-129.000   50.000  0.00151 0
-128.000   25.000  0.00000 0
-128.000   26.000  0.00000 0
-128.000   27.000  0.00000 0
-128.000   28.000  0.00000 0
-128.000   29.000  0.00000 0
-128.000   30.000  0.00000 0
-128.000   31.000  0.00000 0
-128.000   32.000  0.00000 0
-128.000   33.000  0.00000 0
-128.000   34.000  0.00000 0
-128.000   35.000  0.00000 0
-128.000   36.000  0.00000 0
-128.000   37.000  0.00000 0
-128.000   38.000  0.00000 0
-128.000   39.000  0.00000 0
-128.000   40.000  0.00000 0
-128.000   41.000  0.00000 0
-128.000   42.000  0.00000 0
-128.000   43.000  0.00000 0
-128.000   44.000  0.00000 0
-128.000   45.000  0.00000 0
-128.000   46.000  0.00397 0
-128.000   47.000  0.00647 0
-128.000   48.000  0.00815 0
-128.000   49.000  0.01019 10
-128.000   50.000  0.01359 10
-127.000   25.000  0.00000 0
-127.000   26.000  0.00000 0
-127.000   27.000  0.00000 0
-127.000   28.000  0.00000 0
-127.000   29.000  0.00000 0
-127.000   30.000  0.00000 0
-127.000   31.000  0.00000 0
-127.000   32.000  0.00000 0
-127.000   33.000  0.00000 0
-127.000   34.000  0.00000 0
-127.000   35.000  0.00000 0
-127.000   36.000  0.00000 0
-127.000   37.000  0.00000 0
-127.000   38.000  0.00000 0
-127.000   39.000  0.00000 0
-127.000   40.000  0.00151 0
-127.000   41.000  0.00328 0
-127.000   42.000  0.00463 0
-127.000   43.000  0.00463 0
-127.000   44.000  0.00463 0
-127.000   45.000  0.00359 0
-127.000   46.000  0.00578 0
-127.000   47.000  0.00808 0
-127.000   48.000  0.00881 0
-127.000   49.000  0.01101 4
-127.000   50.000  0.01388 4
-126.000   25.000  0.00000 0
-126.000   26.000  0.00000 0
-126.000   27.000  0.00000 0
-126.000   28.000  0.00000 0
-126.000   29.000  0.00000 0
-126.000   30.000  0.00000 0
-126.000   31.000  0.00000 0
-126.000   32.000  0.00000 0
-126.000   33.000  0.00000 0
-126.000   34.000  0.00000 0
-126.000   35.000  0.00000 0
-126.000   36.000  0.00000 0
-126.000   37.000  0.00084 0
-126.000   38.000  0.00252 0
-126.000   39.000  0.00264 0
-126.000   40.000  0.00563 0
-126.000   41.000  0.00762 0
-126.000   42.000  0.00851 0
-126.000   43.000  0.00653 0
-126.000   44.000  0.00555 0
-126.000   45.000  0.00328 0
-126.000   46.000  0.00489 0
-126.000   47.000  0.00673 0
-126.000   48.000  0.00712 6
-126.000   49.000  0.00998 8
-126.000   50.000  0.01210 0
-125.000   25.000  0.00000 0
-125.000   26.000  0.00000 0
-125.000   27.000  0.00000 0
-125.000   28.000  0.00000 0
-125.000   29.000  0.00000 0
-125.000   30.000  0.00000 0
-125.000   31.000  0.00000 0
-125.000   32.000  0.00000 0
-125.000   33.000  0.00000 0
-125.000   34.000  0.00000 0
-125.000   35.000  0.00201 0
-125.000   36.000  0.00357 0
-125.000   37.000  0.00587 0
-125.000   38.000  0.00925 0
-125.000   39.000  0.01046 0
-125.000   40.000  0.01213 5
-125.000   41.000  0.01220 3
-125.000   42.000  0.01243 10
-125.000   43.000  0.00919 27
-125.000   44.000  0.00756 19
-125.000   45.000  0.00475 1
-125.000   46.000  0.00663 1
-125.000   47.000  0.00886 20
-125.000   48.000  0.00713 21
-125.000   49.000  0.00944 29
-125.000   50.000  0.01115 7
-124.000   25.000  0.00000 0
-124.000   26.000  0.00000 0
-124.000   27.000  0.00000 0
-124.000   28.000  0.00000 0
-124.000   29.000  0.00000 0
-124.000   30.000  0.00000 0
-124.000   31.000  0.00000 0
-124.000   32.000  0.00000 0
-124.000   33.000  0.00000 0
-124.000   34.000  0.00099 0
-124.000   35.000  0.00407 0
-124.000   36.000  0.00621 0
-124.000   37.000  0.00955 5
-124.000   38.000  0.01301 4
-124.000   39.000  0.01324 25
-124.000   40.000  0.01399 43
-124.000   41.000  0.01365 30
-124.000   42.000  0.01427 97
-124.000   43.000  0.01102 111
-124.000   44.000  0.00912 105
-124.000   45.000  0.00649 104
-124.000   46.000  0.00968 80
-124.000   47.000  0.00999 194
-124.000   48.000  0.00818 92
-124.000   49.000  0.01108 29
-124.000   50.000  0.01277 9
-123.000   25.000  0.00000 0
-123.000   26.000  0.00000 0
-123.000   27.000  0.00000 0
-123.000   28.000  0.00000 0
-123.000   29.000  0.00000 0
-123.000   30.000  0.00000 0
-123.000   31.000  0.00000 0
-123.000   32.000  0.00000 0
-123.000   33.000  0.00115 0
-123.000   34.000  0.00236 0
-123.000   35.000  0.00627 0
-123.000   36.000  0.00855 0
-123.000   37.000  0.01233 26
-123.000   38.000  0.01525 69
-123.000   39.000  0.01644 71
-123.000   40.000  0.01625 126
-123.000   41.000  0.01648 128
-123.000   42.000  0.01649 114
-123.000   43.000  0.01346 149
-123.000   44.000  0.01299 132
-123.000   45.000  0.01105 147
-123.000   46.000  0.01030 124
-123.000   47.000  0.00857 213
-123.000   48.000  0.00594 155
-123.000   49.000  0.00500 65
-123.000   50.000  0.00371 0
-122.000   25.000  0.00000 0
-122.000   26.000  0.00000 0
-122.000   27.000  0.00000 0
-122.000   28.000  0.00000 0
-122.000   29.000  0.00000 0
-122.000   30.000  0.00120 0
-122.000   31.000  0.00277 0
-122.000   32.000  0.00415 0
-122.000   33.000  0.00486 0
-122.000   34.000  0.00647 0
-122.000   35.000  0.00984 2
-122.000   36.000  0.01109 48
-122.000   37.000  0.01365 87
-122.000   38.000  0.01749 52
-122.000   39.000  0.01871 90
-122.000   40.000  0.01716 151
-122.000   41.000  0.01558 95
-122.000   42.000  0.01432 86
-122.000   43.000  0.01138 94
-122.000   44.000  0.01100 99
-122.000   45.000  0.00975 123
-122.000   46.000  0.01023 122
-122.000   47.000  0.00849 204
-122.000   48.000  0.00623 129
-122.000   49.000  0.00473 36
-122.000   50.000  0.00335 0
-121.000   25.000  0.00000 0
-121.000   26.000  0.00000 0
-121.000   27.000  0.00000 0
-121.000   28.000  0.00000 0
-121.000   29.000  0.00000 0
-121.000   30.000  0.00120 0
-121.000   31.000  0.00429 0
-121.000   32.000  0.00652 0
-121.000   33.000  0.00736 0
-121.000   34.000  0.01014 2
-121.000   35.000  0.01386 67
-121.000   36.000  0.01484 79
-121.000   37.000  0.01556 89
-121.000   38.000  0.01758 100
-121.000   39.000  0.01747 78
-121.000   40.000  0.01459 78
-121.000   41.000  0.01226 54
-121.000   42.000  0.01279 52
-121.000   43.000  0.01195 74
-121.000   44.000  0.01281 77
-121.000   45.000  0.01188 96
-121.000   46.000  0.01190 67
-121.000   47.000  0.00858 99
-121.000   48.000  0.00655 63
-121.000   49.000  0.00379 9
-121.000   50.000  0.00320 0
-120.000   25.000  0.00000 0
-120.000   26.000  0.00000 0
-120.000   27.000  0.00000 0
-120.000   28.000  0.00000 0
-120.000   29.000  0.00000 0
-120.000   30.000  0.00333 0
-120.000   31.000  0.00721 0
-120.000   32.000  0.00946 6
-120.000   33.000  0.01181 30
-120.000   34.000  0.01520 76
-120.000   35.000  0.01479 94
-120.000   36.000  0.01374 66
-120.000   37.000  0.01432 169
-120.000   38.000  0.01341 83
-120.000   39.000  0.01200 49
-120.000   40.000  0.01164 30
-120.000   41.000  0.01163 34
-120.000   42.000  0.01220 31
-120.000   43.000  0.01261 56
-120.000   44.000  0.01402 40
-120.000   45.000  0.01285 44
-120.000   46.000  0.01280 75
-120.000   47.000  0.00933 75
-120.000   48.000  0.00749 67
-120.000   49.000  0.00512 49
-120.000   50.000  0.00452 0
-119.000   25.000  0.00000 0
-119.000   26.000  0.00000 0
-119.000   27.000  0.00000 0
-119.000   28.000  0.00000 0
-119.000   29.000  0.00000 0
-119.000   30.000  0.00479 0
-119.000   31.000  0.00970 0
-119.000   32.000  0.01207 3
-119.000   33.000  0.01504 75
-119.000   34.000  0.01807 328
-119.000   35.000  0.01572 129
-119.000   36.000  0.01415 64
-119.000   37.000  0.01376 115
-119.000   38.000  0.01289 90
-119.000   39.000  0.01229 40
-119.000   40.000  0.01312 29
-119.000   41.000  0.01347 38
-119.000   42.000  0.01385 63
-119.000   43.000  0.01407 50
-119.000   44.000  0.01551 63
-119.000   45.000  0.01501 57
-119.000   46.000  0.01321 63
-119.000   47.000  0.01148 70
-119.000   48.000  0.00918 91
-119.000   49.000  0.00662 29
-119.000   50.000  0.00422 0
-118.000   25.000  0.00000 0
-118.000   26.000  0.00000 0
-118.000   27.000  0.00000 0
-118.000   28.000  0.00000 0
-118.000   29.000  0.00000 0
-118.000   30.000  0.00625 0
-118.000   31.000  0.01176 0
-118.000   32.000  0.01485 31
-118.000   33.000  0.01693 311
-118.000   34.000  0.01996 373
-118.000   35.000  0.01512 154
-118.000   36.000  0.01321 120
-118.000   37.000  0.01217 88
-118.000   38.000  0.01142 69
-118.000   39.000  0.00911 25
-118.000   40.000  0.01145 45
-118.000   41.000  0.01156 38
-118.000   42.000  0.01260 47
-118.000   43.000  0.01269 33
-118.000   44.000  0.01358 97
-118.000   45.000  0.01314 134
-118.000   46.000  0.01090 127
-118.000   47.000  0.00733 72
-118.000   48.000  0.00591 83
-118.000   49.000  0.00537 5
-118.000   50.000  0.00166 0
-117.000   25.000  0.00000 0
-117.000   26.000  0.00000 0
-117.000   27.000  0.00000 0
-117.000   28.000  0.00000 0
-117.000   29.000  0.00000 0
-117.000   30.000  0.00625 0
-117.000   31.000  0.01058 0
-117.000   32.000  0.01288 144
-117.000   33.000  0.01621 540
-117.000   34.000  0.01980 289
-117.000   35.000  0.01484 175
-117.000   36.000  0.01354 155
-117.000   37.000  0.01300 55
-117.000   38.000  0.00923 26
-117.000   39.000  0.00669 21
-117.000   40.000  0.00954 52
-117.000   41.000  0.01013 37
-117.000   42.000  0.01138 19
-117.000   43.000  0.01241 34
-117.000   44.000  0.01265 108
-117.000   45.000  0.01192 136
-117.000   46.000  0.01052 46
-117.000   47.000  0.00650 24
-117.000   48.000  0.00590 47
-117.000   49.000  0.00577 13
-117.000   50.000  0.00202 0
-116.000   25.000  0.00000 0
-116.000   26.000  0.00000 0
-116.000   27.000  0.00000 0
-116.000   28.000  0.00000 0
-116.000   29.000  0.00000 0
-116.000   30.000  0.00709 0
-116.000   31.000  0.01088 1
-116.000   32.000  0.01204 84
-116.000   33.000  0.01646 326
-116.000   34.000  0.01983 212
-116.000   35.000  0.01469 138
-116.000   36.000  0.01370 77
-116.000   37.000  0.01479 15
-116.000   38.000  0.00960 60
-116.000   39.000  0.00732 30
-116.000   40.000  0.00882 187
-116.000   41.000  0.00978 86
-116.000   42.000  0.00977 19
-116.000   43.000  0.01120 44
-116.000   44.000  0.01240 96
-116.000   45.000  0.01361 43
-116.000   46.000  0.01363 28
-116.000   47.000  0.01121 20
-116.000   48.000  0.01056 35
-116.000   49.000  0.01035 11
-116.000   50.000  0.00602 0
-115.000   25.000  0.00000 0
-115.000   26.000  0.00000 0
-115.000   27.000  0.00000 0
-115.000   28.000  0.00000 0
-115.000   29.000  0.00140 0
-115.000   30.000  0.00702 0
-115.000   31.000  0.01025 0
-115.000   32.000  0.01188 99
-115.000   33.000  0.01511 236
-115.000   34.000  0.01767 159
-115.000   35.000  0.01478 86
-115.000   36.000  0.01503 36
-115.000   37.000  0.01589 21
-115.000   38.000  0.01206 54
-115.000   39.000  0.00927 73
-115.000   40.000  0.00951 301
-115.000   41.000  0.00941 48
-115.000   42.000  0.00855 18
-115.000   43.000  0.01053 77
-115.000   44.000  0.01194 87
-115.000   45.000  0.01306 34
-115.000   46.000  0.01256 37
-115.000   47.000  0.01075 30
-115.000   48.000  0.00939 29
-115.000   49.000  0.00850 7
-115.000   50.000  0.00450 0
-114.000   25.000  0.00000 0
-114.000   26.000  0.00000 0
-114.000   27.000  0.00000 0
-114.000   28.000  0.00000 0
-114.000   29.000  0.00122 0
-114.000   30.000  0.00595 0
-114.000   31.000  0.00827 0
-114.000   32.000  0.00995 53
-114.000   33.000  0.01241 85
-114.000   34.000  0.01453 115
-114.000   35.000  0.01326 72
-114.000   36.000  0.01544 22
-114.000   37.000  0.01644 40
-114.000   38.000  0.01313 25
-114.000   39.000  0.01067 25
-114.000   40.000  0.00925 29
-114.000   41.000  0.00807 17
-114.000   42.000  0.00729 19
-114.000   43.000  0.00743 62
-114.000   44.000  0.00927 64
-114.000   45.000  0.01108 26
-114.000   46.000  0.01077 41
-114.000   47.000  0.00846 26
-114.000   48.000  0.00917 24
-114.000   49.000  0.00806 5
-114.000   50.000  0.00433 0
-113.000   25.000  0.00000 0
-113.000   26.000  0.00000 0
-113.000   27.000  0.00000 0
-113.000   28.000  0.00000 0
-113.000   29.000  0.00234 0
-113.000   30.000  0.00439 0
-113.000   31.000  0.00575 21
-113.000   32.000  0.00765 76
-113.000   33.000  0.01085 80
-113.000   34.000  0.01317 82
-113.000   35.000  0.01499 27
-113.000   36.000  0.01950 40
-113.000   37.000  0.02061 35
-113.000   38.000  0.01821 17
-113.000   39.000  0.01587 23
-113.000   40.000  0.01515 66
-113.000   41.000  0.01280 17
-113.000   42.000  0.01100 15
-113.000   43.000  0.01053 20
-113.000   44.000  0.01028 30
-113.000   45.000  0.01006 34
-113.000   46.000  0.00944 45
-113.000   47.000  0.00772 10
-113.000   48.000  0.00739 29
-113.000   49.000  0.00663 5
-113.000   50.000  0.00398 0
-112.000   25.000  0.00000 0
-112.000   26.000  0.00000 0
-112.000   27.000  0.00000 0
-112.000   28.000  0.00000 0
-112.000   29.000  0.00302 0
-112.000   30.000  0.00453 0
-112.000   31.000  0.00571 19
-112.000   32.000  0.00791 29
-112.000   33.000  0.01062 34
-112.000   34.000  0.01227 58
-112.000   35.000  0.01535 67
-112.000   36.000  0.02116 56
-112.000   37.000  0.02209 15
-112.000   38.000  0.02238 18
-112.000   39.000  0.01980 30
-112.000   40.000  0.01836 20
-112.000   41.000  0.01548 35
-112.000   42.000  0.01319 21
-112.000   43.000  0.01190 36
-112.000   44.000  0.01336 16
-112.000   45.000  0.01292 22
-112.000   46.000  0.01095 23
-112.000   47.000  0.01012 10
-112.000   48.000  0.00840 15
-112.000   49.000  0.00606 3
-112.000   50.000  0.00358 0
-111.000   25.000  0.00000 0
-111.000   26.000  0.00000 0
-111.000   27.000  0.00000 0
-111.000   28.000  0.00000 0
-111.000   29.000  0.00346 0
-111.000   30.000  0.00516 0
-111.000   31.000  0.00544 11
-111.000   32.000  0.00820 39
-111.000   33.000  0.01004 36
-111.000   34.000  0.01030 50
-111.000   35.000  0.01238 39
-111.000   36.000  0.01873 28
-111.000   37.000  0.02137 27
-111.000   38.000  0.02384 22
-111.000   39.000  0.02527 69
-111.000   40.000  0.02587 18
-111.000   41.000  0.02290 35
-111.000   42.000  0.01805 24
-111.000   43.000  0.01614 139
-111.000   44.000  0.01259 78
-111.000   45.000  0.00940 22
-111.000   46.000  0.00628 22
-111.000   47.000  0.00551 11
-111.000   48.000  0.00311 21
-111.000   49.000  0.00188 2
-111.000   50.000  0.00053 0
-110.000   25.000  0.00000 0
-110.000   26.000  0.00000 0
-110.000   27.000  0.00000 0
-110.000   28.000  0.00000 0
-110.000   29.000  0.00206 0
-110.000   30.000  0.00458 1
-110.000   31.000  0.00439 40
-110.000   32.000  0.00619 40
-110.000   33.000  0.00888 44
-110.000   34.000  0.00859 60
-110.000   35.000  0.00934 119
-110.000   36.000  0.01637 29
-110.000   37.000  0.02170 25
-110.000   38.000  0.02329 54
-110.000   39.000  0.02729 23
-110.000   40.000  0.02819 17
-110.000   41.000  0.02488 16
-110.000   42.000  0.01850 85
-110.000   43.000  0.01506 139
-110.000   44.000  0.00975 36
-110.000   45.000  0.00745 42
-110.000   46.000  0.00417 16
-110.000   47.000  0.00355 19
-110.000   48.000  0.00272 18
-110.000   49.000  0.00281 2
-110.000   50.000  0.00065 0
-109.000   25.000  0.00000 0
-109.000   26.000  0.00000 0
-109.000   27.000  0.00000 0
-109.000   28.000  0.00000 0
-109.000   29.000  0.00224 0
-109.000   30.000  0.00450 1
-109.000   31.000  0.00545 46
-109.000   32.000  0.00831 26
-109.000   33.000  0.01256 35
-109.000   34.000  0.01197 48
-109.000   35.000  0.01227 34
-109.000   36.000  0.01695 31
-109.000   37.000  0.02136 35
-109.000   38.000  0.02155 21
-109.000   39.000  0.02635 15
-109.000   40.000  0.02973 62
-109.000   41.000  0.02732 15
-109.000   42.000  0.02043 70
-109.000   43.000  0.01903 46
-109.000   44.000  0.01358 61
-109.000   45.000  0.00891 37
-109.000   46.000  0.00651 19
-109.000   47.000  0.00570 27
-109.000   48.000  0.00267 32
-109.000   49.000  0.00207 8
-109.000   50.000  0.00063 0
-108.000   25.000  0.00000 0
-108.000   26.000  0.00000 0
-108.000   27.000  0.00000 0
-108.000   28.000  0.00000 0
-108.000   29.000  0.00146 0
-108.000   30.000  0.00540 0
-108.000   31.000  0.00777 1
-108.000   32.000  0.01120 60
-108.000   33.000  0.01445 60
-108.000   34.000  0.01280 42
-108.000   35.000  0.01078 19
-108.000   36.000  0.01285 27
-108.000   37.000  0.01687 23
-108.000   38.000  0.01687 31
-108.000   39.000  0.02222 39
-108.000   40.000  0.02580 33
-108.000   41.000  0.02313 21
-108.000   42.000  0.01623 26
-108.000   43.000  0.01587 68
-108.000   44.000  0.01251 127
-108.000   45.000  0.00829 41
-108.000   46.000  0.00724 35
-108.000   47.000  0.00554 26
-108.000   48.000  0.00265 35
-108.000   49.000  0.00106 6
-108.000   50.000 -0.00071 0
-107.000   25.000  0.00000 0
-107.000   26.000  0.00000 0
-107.000   27.000  0.00000 0
-107.000   28.000  0.00289 0
-107.000   29.000  0.00470 0
-107.000   30.000  0.00853 0
-107.000   31.000  0.01106 3
-107.000   32.000  0.01382 33
-107.000   33.000  0.01393 75
-107.000   34.000  0.01205 86
-107.000   35.000  0.00963 38
-107.000   36.000  0.01154 29
-107.000   37.000  0.01613 45
-107.000   38.000  0.01635 50
-107.000   39.000  0.02166 25
-107.000   40.000  0.02496 39
-107.000   41.000  0.02133 39
-107.000   42.000  0.01539 44
-107.000   43.000  0.01359 93
-107.000   44.000  0.00925 149
-107.000   45.000  0.00483 42
-107.000   46.000  0.00526 28
-107.000   47.000  0.00294 32
-107.000   48.000  0.00152 22
-107.000   49.000  0.00078 7
-107.000   50.000  0.00054 0
-106.000   25.000  0.00000 0
-106.000   26.000 -0.00042 0
-106.000   27.000  0.00022 0
-106.000   28.000  0.00439 0
-106.000   29.000  0.00591 0
-106.000   30.000  0.00905 3
-106.000   31.000  0.01181 34
-106.000   32.000  0.01398 69
-106.000   33.000  0.01340 84
-106.000   34.000  0.01277 67
-106.000   35.000  0.01157 55
-106.000   36.000  0.01356 34
-106.000   37.000  0.01563 63
-106.000   38.000  0.01446 56
-106.000   39.000  0.01576 74
-106.000   40.000  0.01711 69
-106.000   41.000  0.01346 62
-106.000   42.000  0.01034 52
-106.000   43.000  0.00817 52
-106.000   44.000  0.00684 64
-106.000   45.000  0.00480 36
-106.000   46.000  0.00548 47
-106.000   47.000  0.00229 16
-106.000   48.000  0.00204 28
-106.000   49.000  0.00147 6
-106.000   50.000 -0.00012 0
-105.000   25.000  0.00000 0
-105.000   26.000 -0.00306 0
-105.000   27.000 -0.00216 0
-105.000   28.000  0.00304 0
-105.000   29.000  0.00463 2
-105.000   30.000  0.00682 10
-105.000   31.000  0.01284 38
-105.000   32.000  0.01614 79
-105.000   33.000  0.01326 83
-105.000   34.000  0.01382 60
-105.000   35.000  0.01379 43
-105.000   36.000  0.01421 35
-105.000   37.000  0.01288 85
-105.000   38.000  0.01258 55
-105.000   39.000  0.01111 58
-105.000   40.000  0.01248 31
-105.000   41.000  0.00945 60
-105.000   42.000  0.00924 22
-105.000   43.000  0.00776 38
-105.000   44.000  0.00928 33
-105.000   45.000  0.00645 31
-105.000   46.000  0.00671 20
-105.000   47.000  0.00362 24
-105.000   48.000  0.00308 42
-105.000   49.000  0.00109 7
-105.000   50.000  0.00029 0
-104.000   25.000  0.00000 0
-104.000   26.000 -0.00306 0
-104.000   27.000 -0.00216 0
-104.000   28.000  0.00326 14
-104.000   29.000  0.00666 119
-104.000   30.000  0.00967 38
-104.000   31.000  0.01458 57
-104.000   32.000  0.01729 73
-104.000   33.000  0.01284 95
-104.000   34.000  0.01190 55
-104.000   35.000  0.01004 37
-104.000   36.000  0.01102 40
-104.000   37.000  0.01012 30
-104.000   38.000  0.01159 19
-104.000   39.000  0.00960 20
-104.000   40.000  0.01058 21
-104.000   41.000  0.00729 39
-104.000   42.000  0.00725 28
-104.000   43.000  0.00433 46
-104.000   44.000  0.00466 33
-104.000   45.000  0.00191 32
-104.000   46.000  0.00165 28
-104.000   47.000 -0.00080 25
-104.000   48.000 -0.00032 34
-104.000   49.000 -0.00137 8
-104.000   50.000 -0.00084 0
-103.000   25.000  0.00000 0
-103.000   26.000 -0.00573 0
-103.000   27.000 -0.00277 0
-103.000   28.000  0.00389 9
-103.000   29.000  0.00842 29
-103.000   30.000  0.01167 42
-103.000   31.000  0.01838 60
-103.000   32.000  0.01952 78
-103.000   33.000  0.01461 68
-103.000   34.000  0.01325 96
-103.000   35.000  0.01276 39
-103.000   36.000  0.01323 31
-103.000   37.000  0.01196 42
-103.000   38.000  0.01256 20
-103.000   39.000  0.01080 46
-103.000   40.000  0.00977 17
-103.000   41.000  0.00788 29
-103.000   42.000  0.00760 27
-103.000   43.000  0.00618 55
-103.000   44.000  0.00476 43
-103.000   45.000  0.00218 35
-103.000   46.000  0.00220 34
-103.000   47.000 -0.00046 27
-103.000   48.000 -0.00140 37
-103.000   49.000 -0.00174 7
-103.000   50.000 -0.00090 0
-102.000   25.000  0.00053 0
-102.000   26.000 -0.00500 0
-102.000   27.000 -0.00122 0
-102.000   28.000  0.00318 0
-102.000   29.000  0.00650 4
-102.000   30.000  0.00940 23
-102.000   31.000  0.01523 22
-102.000   32.000  0.01717 28
-102.000   33.000  0.01458 39
-102.000   34.000  0.01387 25
-102.000   35.000  0.01306 37
-102.000   36.000  0.01462 25
-102.000   37.000  0.01208 34
-102.000   38.000  0.01309 52
-102.000   39.000  0.01242 33
-102.000   40.000  0.01105 33
-102.000   41.000  0.00867 36
-102.000   42.000  0.00759 32
-102.000   43.000  0.00579 29
-102.000   44.000  0.00287 39
-102.000   45.000  0.00190 68
-102.000   46.000  0.00266 35
-102.000   47.000  0.00040 25
-102.000   48.000 -0.00064 42
-102.000   49.000  0.00043 14
-102.000   50.000  0.00048 0
-101.000   25.000 -0.00319 0
-101.000   26.000 -0.00835 0
-101.000   27.000 -0.00476 0
-101.000   28.000 -0.00141 8
-101.000   29.000  0.00187 8
-101.000   30.000  0.00697 22
-101.000   31.000  0.01484 27
-101.000   32.000  0.01831 23
-101.000   33.000  0.01628 16
-101.000   34.000  0.01616 21
-101.000   35.000  0.01454 18
-101.000   36.000  0.01433 13
-101.000   37.000  0.01097 15
-101.000   38.000  0.01299 46
-101.000   39.000  0.01231 44
-101.000   40.000  0.01206 32
-101.000   41.000  0.01055 25
-101.000   42.000  0.01050 24
-101.000   43.000  0.00835 30
-101.000   44.000  0.00650 29
-101.000   45.000  0.00531 17
-101.000   46.000  0.00618 36
-101.000   47.000  0.00439 37
-101.000   48.000  0.00320 39
-101.000   49.000  0.00319 7
-101.000   50.000  0.00405 0
-100.000   25.000 -0.00465 0
-100.000   26.000 -0.00711 0
-100.000   27.000 -0.00327 6
-100.000   28.000 -0.00006 68
-100.000   29.000  0.00344 32
-100.000   30.000  0.00919 61
-100.000   31.000  0.01461 66
-100.000   32.000  0.01783 28
-100.000   33.000  0.01588 38
-100.000   34.000  0.01523 19
-100.000   35.000  0.01438 30
-100.000   36.000  0.01468 26
-100.000   37.000  0.01037 26
-100.000   38.000  0.01287 32
-100.000   39.000  0.01333 64
-100.000   40.000  0.01304 37
-100.000   41.000  0.01256 33
-100.000   42.000  0.01477 23
-100.000   43.000  0.01386 39
-100.000   44.000  0.01138 33
-100.000   45.000  0.01098 35
-100.000   46.000  0.01139 45
-100.000   47.000  0.00722 37
-100.000   48.000  0.00438 58
-100.000   49.000  0.00445 13
-100.000   50.000  0.00354 0
 -99.000   25.000 -0.00465 0
 -99.000   26.000 -0.00150 4
 -99.000   27.000  0.00166 22
 -99.000   28.000  0.00440 32
 -99.000   29.000  0.00714 20
 -99.000   30.000  0.01210 54
 -99.000   31.000  0.01300 47
 -99.000   32.000  0.01577 46
 -99.000   33.000  0.01402 28
 -99.000   34.000  0.01394 29
 -99.000   35.000  0.01422 43
 -99.000   36.000  0.01480 60
 -99.000   37.000  0.01079 38
 -99.000   38.000  0.01324 59
 -99.000   39.000  0.01423 47
 -99.000   40.000  0.01473 25
 -99.000   41.000  0.01563 56
 -99.000   42.000  0.01901 37
 -99.000   43.000  0.02037 31
 -99.000   44.000  0.01921 47
 -99.000   45.000  0.01854 45
 -99.000   46.000  0.01977 61
 -99.000   47.000  0.01427 38
 -99.000   48.000  0.00945 48
 -99.000   49.000  0.00872 14
 -99.000   50.000  0.00781 0
 -98.000   25.000 -0.00465 0
 -98.000   26.000  0.00117 5
 -98.000   27.000  0.00457 15
 -98.000   28.000  0.00548 30
 -98.000   29.000  0.00597 36
 -98.000   30.000  0.01024 40
 -98.000   31.000  0.00826 59
 -98.000   32.000  0.00883 47
 -98.000   33.000  0.00848 49
 -98.000   34.000  0.01057 27
 -98.000   35.000  0.01078 25
 -98.000   36.000  0.01236 32
 -98.000   37.000  0.01049 21
 -98.000   38.000  0.01366 64
 -98.000   39.000  0.01520 42
 -98.000   40.000  0.01738 26
 -98.000   41.000  0.01856 55
 -98.000   42.000  0.02278 34
 -98.000   43.000  0.02355 29
 -98.000   44.000  0.02330 23
 -98.000   45.000  0.02305 18
 -98.000   46.000  0.02408 23
 -98.000   47.000  0.02005 33
 -98.000   48.000  0.01557 34
 -98.000   49.000  0.01462 5
 -98.000   50.000  0.01344 0
 -97.000   25.000 -0.00518 0
 -97.000   26.000  0.00045 0
 -97.000   27.000  0.00302 1
 -97.000   28.000  0.00623 7
 -97.000   29.000  0.00819 20
 -97.000   30.000  0.01250 42
 -97.000   31.000  0.01140 28
 -97.000   32.000  0.01094 11
 -97.000   33.000  0.00874 20
 -97.000   34.000  0.00890 28
 -97.000   35.000  0.00873 36
 -97.000   36.000  0.00814 33
 -97.000   37.000  0.00883 60
 -97.000   38.000  0.01117 30
 -97.000   39.000  0.01348 41
 -97.000   40.000  0.01759 29
 -97.000   41.000  0.02163 20
 -97.000   42.000  0.02628 38
 -97.000   43.000  0.02867 21
 -97.000   44.000  0.03038 23
 -97.000   45.000  0.02984 24
 -97.000   46.000  0.03022 46
 -97.000   47.000  0.02804 18
 -97.000   48.000  0.02229 16
 -97.000   49.000  0.02020 8
 -97.000   50.000  0.01925 0
 -96.000   25.000 -0.00146 0
 -96.000   26.000  0.00420 0
 -96.000   27.000  0.00635 0
 -96.000   28.000  0.01054 2
 -96.000   29.000  0.01358 11
 -96.000   30.000  0.01583 36
 -96.000   31.000  0.01173 45
 -96.000   32.000  0.01036 43
 -96.000   33.000  0.00697 28
 -96.000   34.000  0.00445 33
 -96.000   35.000  0.00440 73
 -96.000   36.000  0.00540 96
 -96.000   37.000  0.00757 28
 -96.000   38.000  0.01024 42
 -96.000   39.000  0.01465 45
 -96.000   40.000  0.01924 25
 -96.000   41.000  0.02384 29
 -96.000   42.000  0.02863 29
 -96.000   43.000  0.03322 36
 -96.000   44.000  0.03501 26
 -96.000   45.000  0.03466 38
 -96.000   46.000  0.03612 24
 -96.000   47.000  0.03235 34
 -96.000   48.000  0.02429 31
 -96.000   49.000  0.02196 9
 -96.000   50.000  0.02001 0
 -95.000   25.000  0.00000 0
 -95.000   26.000  0.00561 0
 -95.000   27.000  0.00723 0
 -95.000   28.000  0.01457 0
 -95.000   29.000  0.01697 2
 -95.000   30.000  0.01783 7
 -95.000   31.000  0.01457 26
 -95.000   32.000  0.01330 35
 -95.000   33.000  0.00708 34
 -95.000   34.000  0.00510 32
 -95.000   35.000  0.00527 41
 -95.000   36.000  0.00449 63
 -95.000   37.000  0.00747 45
 -95.000   38.000  0.00989 26
 -95.000   39.000  0.01546 25
 -95.000   40.000  0.02067 43
 -95.000   41.000  0.02556 29
 -95.000   42.000  0.02912 27
 -95.000   43.000  0.03391 30
 -95.000   44.000  0.03577 33
 -95.000   45.000  0.03831 33
 -95.000   46.000  0.04166 25
 -95.000   47.000  0.03844 26
 -95.000   48.000  0.03012 12
 -95.000   49.000  0.02784 10
 -95.000   50.000  0.02248 0
 -94.000   25.000  0.00000 0
 -94.000   26.000  0.00000 0
 -94.000   27.000  0.00230 0
 -94.000   28.000  0.01008 0
 -94.000   29.000  0.01197 1
 -94.000   30.000  0.01348 6
 -94.000   31.000  0.01550 23
 -94.000   32.000  0.01394 17
 -94.000   33.000  0.00798 26
 -94.000   34.000  0.00716 42
 -94.000   35.000  0.00705 68
 -94.000   36.000  0.00634 44
 -94.000   37.000  0.01018 30
 -94.000   38.000  0.01128 57
 -94.000   39.000  0.01650 33
 -94.000   40.000  0.02163 55
 -94.000   41.000  0.02643 52
 -94.000   42.000  0.03017 24
 -94.000   43.000  0.03426 20
 -94.000   44.000  0.03679 54
 -94.000   45.000  0.04028 28
 -94.000   46.000  0.04117 40
 -94.000   47.000  0.03744 17
 -94.000   48.000  0.03042 27
 -94.000   49.000  0.02700 1
 -94.000   50.000  0.01932 0
 -93.000   25.000  0.00000 0
 -93.000   26.000  0.00000 0
 -93.000   27.000  0.00000 0
 -93.000   28.000  0.00837 0
 -93.000   29.000  0.01198 2
 -93.000   30.000  0.01395 10
 -93.000   31.000  0.01778 33
 -93.000   32.000  0.01890 20
 -93.000   33.000  0.01331 25
 -93.000   34.000  0.01243 35
 -93.000   35.000  0.01258 62
 -93.000   36.000  0.01015 48
 -93.000   37.000  0.01347 23
 -93.000   38.000  0.01429 60
 -93.000   39.000  0.01795 35
 -93.000   40.000  0.02078 38
 -93.000   41.000  0.02570 38
 -93.000   42.000  0.03067 35
 -93.000   43.000  0.03379 41
 -93.000   44.000  0.03667 81
 -93.000   45.000  0.03934 63
 -93.000   46.000  0.03820 55
 -93.000   47.000  0.03193 44
 -93.000   48.000  0.02521 24
 -93.000   49.000  0.01992 0
 -93.000   50.000  0.01386 0
 -92.000   25.000  0.00000 0
 -92.000   26.000  0.00000 0
 -92.000   27.000  0.00000 0
 -92.000   28.000  0.00544 0
 -92.000   29.000  0.00752 0
 -92.000   30.000  0.01001 6
 -92.000   31.000  0.01468 12
 -92.000   32.000  0.01660 24
 -92.000   33.000  0.01343 33
 -92.000   34.000  0.01679 20
 -92.000   35.000  0.01807 35
 -92.000   36.000  0.01421 22
 -92.000   37.000  0.01679 30
 -92.000   38.000  0.01857 42
 -92.000   39.000  0.01940 29
 -92.000   40.000  0.02022 51
 -92.000   41.000  0.02519 11
 -92.000   42.000  0.02958 27
 -92.000   43.000  0.03229 29
 -92.000   44.000  0.03325 28
 -92.000   45.000  0.03670 33
 -92.000   46.000  0.03735 65
 -92.000   47.000  0.02846 43
 -92.000   48.000  0.02169 41
 -92.000   49.000  0.01808 0
 -92.000   50.000  0.01071 1
 -91.000   25.000  0.00000 0
 -91.000   26.000  0.00000 0
 -91.000   27.000  0.00000 0
 -91.000   28.000  0.00423 0
 -91.000   29.000  0.00665 0
 -91.000   30.000  0.00930 4
 -91.000   31.000  0.01424 32
 -91.000   32.000  0.01644 31
 -91.000   33.000  0.01612 19
 -91.000   34.000  0.02018 15
 -91.000   35.000  0.02277 21
 -91.000   36.000  0.01864 25
 -91.000   37.000  0.02055 50
 -91.000   38.000  0.02196 49
 -91.000   39.000  0.02204 20
 -91.000   40.000  0.02173 30
 -91.000   41.000  0.02560 37
 -91.000   42.000  0.02817 36
 -91.000   43.000  0.02784 44
 -91.000   44.000  0.02809 39
 -91.000   45.000  0.02967 15
 -91.000   46.000  0.03119 30
 -91.000   47.000  0.02451 29
 -91.000   48.000  0.01951 9
 -91.000   49.000  0.01589 5
 -91.000   50.000  0.01035 2
 -90.000   25.000  0.00000 0
 -90.000   26.000  0.00000 0
 -90.000   27.000  0.00000 0
 -90.000   28.000  0.00019 0
 -90.000   29.000  0.00484 1
 -90.000   30.000  0.00841 4
 -90.000   31.000  0.01366 28
 -90.000   32.000  0.01675 21
 -90.000   33.000  0.02163 17
 -90.000   34.000  0.02382 40
 -90.000   35.000  0.02554 33
 -90.000   36.000  0.02128 14
 -90.000   37.000  0.02128 30
 -90.000   38.000  0.02156 41
 -90.000   39.000  0.02060 30
 -90.000   40.000  0.01963 38
 -90.000   41.000  0.02317 25
 -90.000   42.000  0.02552 43
 -90.000   43.000  0.02453 30
 -90.000   44.000  0.02438 40
 -90.000   45.000  0.02309 28
 -90.000   46.000  0.02324 8
 -90.000   47.000  0.01779 7
 -90.000   48.000  0.01343 12
 -90.000   49.000  0.00963 1
 -90.000   50.000  0.00779 3
 -89.000   25.000  0.00000 0
 -89.000   26.000  0.00000 0
 -89.000   27.000  0.00000 0
 -89.000   28.000  0.00000 0
 -89.000   29.000  0.00523 0
 -89.000   30.000  0.00886 3
 -89.000   31.000  0.01467 16
 -89.000   32.000  0.01843 26
 -89.000   33.000  0.02396 32
 -89.000   34.000  0.02706 19
 -89.000   35.000  0.02876 29
 -89.000   36.000  0.02287 14
 -89.000   37.000  0.02059 43
 -89.000   38.000  0.02097 70
 -89.000   39.000  0.01916 47
 -89.000   40.000  0.01541 28
 -89.000   41.000  0.01777 18
 -89.000   42.000  0.01914 35
 -89.000   43.000  0.01815 42
 -89.000   44.000  0.01641 33
 -89.000   45.000  0.01618 16
 -89.000   46.000  0.01790 22
 -89.000   47.000  0.01505 20
 -89.000   48.000  0.01013 7
 -89.000   49.000  0.00669 1
 -89.000   50.000  0.00668 1
 -88.000   25.000  0.00000 0
 -88.000   26.000  0.00000 0
 -88.000   27.000  0.00000 0
 -88.000   28.000  0.00099 0
 -88.000   29.000  0.00681 0
 -88.000   30.000  0.01142 0
 -88.000   31.000  0.01680 6
 -88.000   32.000  0.02203 13
 -88.000   33.000  0.02707 44
 -88.000   34.000  0.02957 22
 -88.000   35.000  0.02972 34
 -88.000   36.000  0.02450 49
 -88.000   37.000  0.02016 82
 -88.000   38.000  0.01957 124
 -88.000   39.000  0.01651 43
 -88.000   40.000  0.01383 36
 -88.000   41.000  0.01458 45
 -88.000   42.000  0.01543 36
 -88.000   43.000  0.01428 20
 -88.000   44.000  0.01267 34
 -88.000   45.000  0.01306 28
 -88.000   46.000  0.01664 28
 -88.000   47.000  0.01492 11
 -88.000   48.000  0.01061 0
 -88.000   49.000  0.00873 1
 -88.000   50.000  0.00749 2
 -87.000   25.000  0.00000 0
 -87.000   26.000  0.00000 0
 -87.000   27.000  0.00000 0
 -87.000   28.000  0.00060 0
 -87.000   29.000  0.00680 0
 -87.000   30.000  0.01195 2
 -87.000   31.000  0.01720 17
 -87.000   32.000  0.02263 32
 -87.000   33.000  0.02878 30
 -87.000   34.000  0.02975 58
 -87.000   35.000  0.02869 52
 -87.000   36.000  0.02435 41
 -87.000   37.000  0.01959 114
 -87.000   38.000  0.01744 149
 -87.000   39.000  0.01512 27
 -87.000   40.000  0.01252 62
 -87.000   41.000  0.01107 21
 -87.000   42.000  0.01064 17
 -87.000   43.000  0.00925 1
 -87.000   44.000  0.00859 9
 -87.000   45.000  0.00810 9
 -87.000   46.000  0.01174 31
 -87.000   47.000  0.01149 2
 -87.000   48.000  0.00827 0
 -87.000   49.000  0.00511 0
 -87.000   50.000  0.00516 4
 -86.000   25.000  0.00000 0
 -86.000   26.000  0.00000 0
 -86.000   27.000  0.00000 0
 -86.000   28.000  0.00188 0
 -86.000   29.000  0.00745 0
 -86.000   30.000  0.01250 15
 -86.000   31.000  0.01976 28
 -86.000   32.000  0.02643 14
 -86.000   33.000  0.03121 23
 -86.000   34.000  0.03225 29
 -86.000   35.000  0.03004 42
 -86.000   36.000  0.02459 37
 -86.000   37.000  0.01858 80
 -86.000   38.000  0.01528 52
 -86.000   39.000  0.01223 22
 -86.000   40.000  0.00999 27
 -86.000   41.000  0.00902 31
 -86.000   42.000  0.00902 16
 -86.000   43.000  0.00986 21
 -86.000   44.000  0.01184 26
 -86.000   45.000  0.01248 19
 -86.000   46.000  0.01335 8
 -86.000   47.000  0.01268 3
 -86.000   48.000  0.00848 1
 -86.000   49.000  0.00366 3
 -86.000   50.000  0.00283 0
 -85.000   25.000  0.00000 0
 -85.000   26.000  0.00000 0
 -85.000   27.000 -0.00098 0
 -85.000   28.000  0.00216 0
 -85.000   29.000  0.00721 3
 -85.000   30.000  0.01228 14
 -85.000   31.000  0.01965 27
 -85.000   32.000  0.02741 32
 -85.000   33.000  0.03037 24
 -85.000   34.000  0.03274 29
 -85.000   35.000  0.02964 49
 -85.000   36.000  0.02451 47
 -85.000   37.000  0.01991 82
 -85.000   38.000  0.01680 59
 -85.000   39.000  0.01208 39
 -85.000   40.000  0.01027 69
 -85.000   41.000  0.00777 25
 -85.000   42.000  0.00585 36
 -85.000   43.000  0.00645 25
 -85.000   44.000  0.00934 20
 -85.000   45.000  0.00938 36
 -85.000   46.000  0.01133 20
 -85.000   47.000  0.01275 7
 -85.000   48.000  0.00991 7
 -85.000   49.000  0.00541 4
 -85.000   50.000  0.00687 0
 -84.000   25.000  0.00225 0
 -84.000   26.000  0.00316 0
 -84.000   27.000  0.00220 0
 -84.000   28.000  0.00599 0
 -84.000   29.000  0.01127 6
 -84.000   30.000  0.01520 10
 -84.000   31.000  0.02212 51
 -84.000   32.000  0.03009 101
 -84.000   33.000  0.03175 54
 -84.000   34.000  0.03117 64
 -84.000   35.000  0.02812 106
 -84.000   36.000  0.02232 90
 -84.000   37.000  0.01779 64
 -84.000   38.000  0.01500 39
 -84.000   39.000  0.01260 53
 -84.000   40.000  0.01270 38
 -84.000   41.000  0.01015 53
 -84.000   42.000  0.00781 45
 -84.000   43.000  0.00637 20
 -84.000   44.000  0.00716 23
 -84.000   45.000  0.00381 17
 -84.000   46.000  0.00576 11
 -84.000   47.000  0.00648 3
 -84.000   48.000  0.00602 2
 -84.000   49.000  0.00365 1
 -84.000   50.000  0.00659 1
 -83.000   25.000  0.00062 0
 -83.000   26.000  0.00145 0
 -83.000   27.000  0.00204 0
 -83.000   28.000  0.00568 0
 -83.000   29.000  0.01054 15
 -83.000   30.000  0.01451 22
 -83.000   31.000  0.02326 11
 -83.000   32.000  0.02915 31
 -83.000   33.000  0.03112 58
 -83.000   34.000  0.03090 70
 -83.000   35.000  0.02799 41
 -83.000   36.000  0.02115 46
 -83.000   37.000  0.01792 27
 -83.000   38.000  0.01583 25
 -83.000   39.000  0.01510 35
 -83.000   40.000  0.01494 59
 -83.000   41.000  0.01342 45
 -83.000   42.000  0.00997 17
 -83.000   43.000  0.00748 31
 -83.000   44.000  0.00680 20
 -83.000   45.000  0.00311 7
 -83.000   46.000  0.00363 11
 -83.000   47.000  0.00503 3
 -83.000   48.000  0.00561 0
 -83.000   49.000  0.00365 6
 -83.000   50.000  0.00659 17
 -82.000   25.000  0.00062 0
 -82.000   26.000  0.00145 3
 -82.000   27.000  0.00204 6
 -82.000   28.000  0.00607 17
 -82.000   29.000  0.01079 12
 -82.000   30.000  0.01346 27
 -82.000   31.000  0.02166 70
 -82.000   32.000  0.02765 38
 -82.000   33.000  0.02920 42
 -82.000   34.000  0.02853 29
 -82.000   35.000  0.02728 42
 -82.000   36.000  0.02170 28
 -82.000   37.000  0.01982 26
 -82.000   38.000  0.01744 47
 -82.000   39.000  0.01727 55
 -82.000   40.000  0.01756 73
 -82.000   41.000  0.01676 21
 -82.000   42.000  0.01321 23
 -82.000   43.000  0.01078 5
 -82.000   44.000  0.01150 4
 -82.000   45.000  0.00711 9
 -82.000   46.000  0.00450 6
 -82.000   47.000  0.00456 6
 -82.000   48.000  0.00540 2
 -82.000   49.000  0.00165 23
 -82.000   50.000  0.00376 4
 -81.000   25.000  0.00062 10
 -81.000   26.000  0.00145 21
 -81.000   27.000  0.00204 23
 -81.000   28.000  0.00480 13
 -81.000   29.000  0.00860 6
 -81.000   30.000  0.01073 5
 -81.000   31.000  0.01932 11
 -81.000   32.000  0.02656 12
 -81.000   33.000  0.02935 20
 -81.000   34.000  0.03025 36
 -81.000   35.000  0.03033 29
 -81.000   36.000  0.02417 42
 -81.000   37.000  0.02105 63
 -81.000   38.000  0.01899 43
 -81.000   39.000  0.01876 67
 -81.000   40.000  0.01904 61
 -81.000   41.000  0.01763 41
 -81.000   42.000  0.01221 16
 -81.000   43.000  0.00741 14
 -81.000   44.000  0.00565 8
 -81.000   45.000 -0.00048 1
 -81.000   46.000 -0.00228 5
 -81.000   47.000 -0.00038 2
 -81.000   48.000  0.00254 0
 -81.000   49.000  0.00045 0
 -81.000   50.000  0.00376 0
 -80.000   25.000  0.00062 0
 -80.000   26.000  0.00145 4
 -80.000   27.000  0.00303 4
 -80.000   28.000  0.00451 0
 -80.000   29.000  0.00698 0
 -80.000   30.000  0.00836 0
 -80.000   31.000  0.01347 0
 -80.000   32.000  0.01793 1
 -80.000   33.000  0.02146 42
 -80.000   34.000  0.02224 40
 -80.000   35.000  0.02343 56
 -80.000   36.000  0.02046 55
 -80.000   37.000  0.01785 26
 -80.000   38.000  0.01601 48
 -80.000   39.000  0.01704 74
 -80.000   40.000  0.01638 40
 -80.000   41.000  0.01515 55
 -80.000   42.000  0.01195 64
 -80.000   43.000  0.00594 7
 -80.000   44.000  0.00248 11
 -80.000   45.000 -0.00340 12
 -80.000   46.000 -0.00471 10
 -80.000   47.000 -0.00539 8
 -80.000   48.000 -0.00171 0
 -80.000   49.000 -0.00249 0
 -80.000   50.000  0.00038 0
 -79.000   25.000 -0.00163 0
 -79.000   26.000 -0.00171 0
 -79.000   27.000 -0.00015 0
 -79.000   28.000  0.00069 0
 -79.000   29.000  0.00179 0
 -79.000   30.000  0.00329 0
 -79.000   31.000  0.00737 0
 -79.000   32.000  0.01106 0
 -79.000   33.000  0.01495 14
 -79.000   34.000  0.01709 19
 -79.000   35.000  0.01918 52
 -79.000   36.000  0.01854 57
 -79.000   37.000  0.01748 29
 -79.000   38.000  0.01657 71
 -79.000   39.000  0.01616 56
 -79.000   40.000  0.01505 44
 -79.000   41.000  0.01340 37
 -79.000   42.000  0.01061 46
 -79.000   43.000  0.00538 28
 -79.000   44.000  0.00431 27
 -79.000   45.000  0.00045 49
 -79.000   46.000 -0.00055 10
 -79.000   47.000 -0.00161 6
 -79.000   48.000  0.00065 0
 -79.000   49.000 -0.00074 0
 -79.000   50.000  0.00065 0
 -78.000   25.000  0.00000 0
 -78.000   26.000  0.00000 0
 -78.000   27.000  0.00000 0
 -78.000   28.000  0.00000 0
 -78.000   29.000  0.00000 0
 -78.000   30.000  0.00000 0
 -78.000   31.000  0.00090 0
 -78.000   32.000  0.00478 0
 -78.000   33.000  0.00832 11
 -78.000   34.000  0.00837 16
 -78.000   35.000  0.01016 20
 -78.000   36.000  0.01123 21
 -78.000   37.000  0.01173 36
 -78.000   38.000  0.01120 94
 -78.000   39.000  0.01356 25
 -78.000   40.000  0.01424 47
 -78.000   41.000  0.01276 57
 -78.000   42.000  0.00978 53
 -78.000   43.000  0.00408 28
 -78.000   44.000  0.00245 20
 -78.000   45.000 -0.00043 18
 -78.000   46.000 -0.00052 17
 -78.000   47.000 -0.00192 20
 -78.000   48.000  0.00077 17
 -78.000   49.000 -0.00002 0
 -78.000   50.000  0.00065 0
 -77.000   25.000  0.00000 0
 -77.000   26.000  0.00000 0
 -77.000   27.000  0.00000 0
 -77.000   28.000  0.00000 0
 -77.000   29.000  0.00000 0
 -77.000   30.000  0.00000 0
 -77.000   31.000  0.00037 0
 -77.000   32.000  0.00319 0
 -77.000   33.000  0.00592 0
 -77.000   34.000  0.00495 5
 -77.000   35.000  0.00421 13
 -77.000   36.000  0.00427 38
 -77.000   37.000  0.00345 23
 -77.000   38.000  0.00469 40
 -77.000   39.000  0.00820 22
 -77.000   40.000  0.01116 49
 -77.000   41.000  0.01011 50
 -77.000   42.000  0.00881 31
 -77.000   43.000  0.00249 38
 -77.000   44.000 -0.00227 18
 -77.000   45.000 -0.00501 14
 -77.000   46.000 -0.00401 25
 -77.000   47.000 -0.00470 5
 -77.000   48.000 -0.00235 2
 -77.000   49.000 -0.00016 0
 -77.000   50.000  0.00065 0
 -76.000   25.000  0.00000 0
 -76.000   26.000  0.00000 0
 -76.000   27.000  0.00000 0
 -76.000   28.000  0.00000 0
 -76.000   29.000  0.00000 0
 -76.000   30.000  0.00000 0
 -76.000   31.000 -0.00164 0
 -76.000   32.000 -0.00193 0
 -76.000   33.000 -0.00090 0
 -76.000   34.000 -0.00295 2
 -76.000   35.000 -0.00490 8
 -76.000   36.000 -0.00332 12
 -76.000   37.000 -0.00068 9
 -76.000   38.000  0.00131 24
 -76.000   39.000  0.00631 29
 -76.000   40.000  0.01000 69
 -76.000   41.000  0.00953 62
 -76.000   42.000  0.00932 70
 -76.000   43.000  0.00463 55
 -76.000   44.000 -0.00031 41
 -76.000   45.000 -0.00068 24
 -76.000   46.000  0.00025 39
 -76.000   47.000 -0.00190 13
 -76.000   48.000 -0.00022 0
 -76.000   49.000  0.00220 0
 -76.000   50.000  0.00065 0
 -75.000   25.000  0.00000 0
 -75.000   26.000  0.00000 0
 -75.000   27.000  0.00000 0
 -75.000   28.000  0.00000 0
 -75.000   29.000  0.00000 0
 -75.000   30.000  0.00000 0
 -75.000   31.000  0.00000 0
 -75.000   32.000  0.00000 0
 -75.000   33.000  0.00080 0
 -75.000   34.000 -0.00103 0
 -75.000   35.000 -0.00328 4
 -75.000   36.000 -0.00371 0
 -75.000   37.000 -0.00131 6
 -75.000   38.000  0.00315 13
 -75.000   39.000  0.00853 18
 -75.000   40.000  0.01287 75
 -75.000   41.000  0.01413 100
 -75.000   42.000  0.01374 34
 -75.000   43.000  0.00724 75
 -75.000   44.000  0.00241 40
 -75.000   45.000  0.00210 62
 -75.000   46.000  0.00127 21
 -75.000   47.000 -0.00074 16
 -75.000   48.000  0.00051 0
 -75.000   49.000  0.00223 0
 -75.000   50.000  0.00000 0
 -74.000   25.000  0.00000 0
 -74.000   26.000  0.00000 0
 -74.000   27.000  0.00000 0
 -74.000   28.000  0.00000 0
 -74.000   29.000  0.00000 0
 -74.000   30.000  0.00000 0
 -74.000   31.000  0.00000 0
 -74.000   32.000  0.00000 0
 -74.000   33.000  0.00078 0
 -74.000   34.000 -0.00052 0
 -74.000   35.000 -0.00301 0
 -74.000   36.000 -0.00400 0
 -74.000   37.000 -0.00182 0
 -74.000   38.000  0.00163 0
 -74.000   39.000  0.00645 12
 -74.000   40.000  0.01097 88
 -74.000   41.000  0.01368 194
 -74.000   42.000  0.01424 105
 -74.000   43.000  0.00957 87
 -74.000   44.000  0.00464 111
 -74.000   45.000  0.00469 61
 -74.000   46.000  0.00297 39
 -74.000   47.000  0.00024 9
 -74.000   48.000  0.00068 0
 -74.000   49.000  0.00261 0
 -74.000   50.000  0.00000 0
 -73.000   25.000  0.00000 0
 -73.000   26.000  0.00000 0
 -73.000   27.000  0.00000 0
 -73.000   28.000  0.00000 0
 -73.000   29.000  0.00000 0
 -73.000   30.000  0.00000 0
 -73.000   31.000  0.00000 0
 -73.000   32.000  0.00000 0
 -73.000   33.000  0.00000 0
 -73.000   34.000  0.00000 0
 -73.000   35.000 -0.00147 0
 -73.000   36.000 -0.00210 0
 -73.000   37.000 -0.00145 0
 -73.000   38.000  0.00199 0
 -73.000   39.000  0.00440 0
 -73.000   40.000  0.00776 14
 -73.000   41.000  0.01159 33
 -73.000   42.000  0.01438 40
 -73.000   43.000  0.01075 66
 -73.000   44.000  0.00702 47
 -73.000   45.000  0.00748 34
 -73.000   46.000  0.00427 30
 -73.000   47.000  0.00085 14
 -73.000   48.000  0.00103 0
 -73.000   49.000  0.00294 0
 -73.000   50.000  0.00000 0
 -72.000   25.000  0.00000 0
 -72.000   26.000  0.00000 0
 -72.000   27.000  0.00000 0
 -72.000   28.000  0.00000 0
 -72.000   29.000  0.00000 0
 -72.000   30.000  0.00000 0
 -72.000   31.000  0.00000 0
 -72.000   32.000  0.00000 0
 -72.000   33.000  0.00000 0
 -72.000   34.000  0.00000 0
 -72.000   35.000  0.00000 0
 -72.000   36.000  0.00000 0
 -72.000   37.000  0.00081 0
 -72.000   38.000  0.00301 0
 -72.000   39.000  0.00604 0
 -72.000   40.000  0.00735 2
 -72.000   41.000  0.01172 20
 -72.000   42.000  0.01610 57
 -72.000   43.000  0.01406 75
 -72.000   44.000  0.01070 64
 -72.000   45.000  0.01205 28
 -72.000   46.000  0.00769 16
 -72.000   47.000  0.00250 9
 -72.000   48.000  0.00234 0
 -72.000   49.000  0.00333 0
 -72.000   50.000  0.00000 0
 -71.000   25.000  0.00000 0
 -71.000   26.000  0.00000 0
 -71.000   27.000  0.00000 0
 -71.000   28.000  0.00000 0
 -71.000   29.000  0.00000 0
 -71.000   30.000  0.00000 0
 -71.000   31.000  0.00000 0
 -71.000   32.000  0.00000 0
 -71.000   33.000  0.00000 0
 -71.000   34.000  0.00000 0
 -71.000   35.000  0.00000 0
 -71.000   36.000  0.00000 0
 -71.000   37.000  0.00000 0
 -71.000   38.000  0.00208 0
 -71.000   39.000  0.00403 0
 -71.000   40.000  0.00492 5
 -71.000   41.000  0.00876 30
 -71.000   42.000  0.01305 50
 -71.000   43.000  0.01180 49
 -71.000   44.000  0.00947 52
 -71.000   45.000  0.01111 63
 -71.000   46.000  0.00727 36
 -71.000   47.000  0.00298 12
 -71.000   48.000  0.00216 3
 -71.000   49.000  0.00316 0
 -71.000   50.000  0.00000 0
 -70.000   25.000  0.00000 0
 -70.000   26.000  0.00000 0
 -70.000   27.000  0.00000 0
 -70.000   28.000  0.00000 0
 -70.000   29.000  0.00000 0
 -70.000   30.000  0.00000 0
 -70.000   31.000  0.00000 0
 -70.000   32.000  0.00000 0
 -70.000   33.000  0.00000 0
 -70.000   34.000  0.00000 0
 -70.000   35.000  0.00000 0
 -70.000   36.000  0.00000 0
 -70.000   37.000  0.00000 0
 -70.000   38.000  0.00000 0
 -70.000   39.000  0.00162 0
 -70.000   40.000  0.00218 4
 -70.000   41.000  0.00504 16
 -70.000   42.000  0.01009 5
 -70.000   43.000  0.01208 11
 -70.000   44.000  0.01135 30
 -70.000   45.000  0.01589 44
 -70.000   46.000  0.01303 43
 -70.000   47.000  0.00797 37
 -70.000   48.000  0.00599 2
 -70.000   49.000  0.00637 0
 -70.000   50.000  0.00000 0
 -69.000   25.000  0.00000 0
 -69.000   26.000  0.00000 0
 -69.000   27.000  0.00000 0
 -69.000   28.000  0.00000 0
 -69.000   29.000  0.00000 0
 -69.000   30.000  0.00000 0
 -69.000   31.000  0.00000 0
 -69.000   32.000  0.00000 0
 -69.000   33.000  0.00000 0
 -69.000   34.000  0.00000 0
 -69.000   35.000  0.00000 0
 -69.000   36.000  0.00000 0
 -69.000   37.000  0.00000 0
 -69.000   38.000  0.00000 0
 -69.000   39.000  0.00155 0
 -69.000   40.000  0.00182 0
 -69.000   41.000  0.00409 0
 -69.000   42.000  0.00776 0
 -69.000   43.000  0.01016 2
 -69.000   44.000  0.00999 25
 -69.000   45.000  0.01452 57
 -69.000   46.000  0.01225 59
 -69.000   47.000  0.00884 31
 -69.000   48.000  0.00609 0
 -69.000   49.000  0.00589 0
 -69.000   50.000 -0.00015 0
 -68.000   25.000  0.00000 0
 -68.000   26.000  0.00000 0
 -68.000   27.000  0.00000 0
 -68.000   28.000  0.00000 0
 -68.000   29.000  0.00000 0
 -68.000   30.000  0.00000 0
 -68.000   31.000  0.00000 0
 -68.000   32.000  0.00000 0
 -68.000   33.000  0.00000 0
 -68.000   34.000  0.00000 0
 -68.000   35.000  0.00000 0
 -68.000   36.000  0.00000 0
 -68.000   37.000  0.00000 0
 -68.000   38.000  0.00000 0
 -68.000   39.000  0.00163 0
 -68.000   40.000  0.00163 0
 -68.000   41.000  0.00247 0
 -68.000   42.000  0.00492 0
 -68.000   43.000  0.00748 0
 -68.000   44.000  0.00760 12
 -68.000   45.000  0.01156 48
 -68.000   46.000  0.01073 52
 -68.000   47.000  0.00854 19
 -68.000   48.000  0.00563 0
 -68.000   49.000  0.00484 2
 -68.000   50.000 -0.00015 1
 -67.000   25.000  0.00000 0
 -67.000   26.000  0.00000 0
 -67.000   27.000  0.00000 0
 -67.000   28.000  0.00000 0
 -67.000   29.000  0.00000 0
 -67.000   30.000  0.00000 0
 -67.000   31.000  0.00000 0
 -67.000   32.000  0.00000 0
 -67.000   33.000  0.00000 0
 -67.000   34.000  0.00000 0
 -67.000   35.000  0.00000 0
 -67.000   36.000  0.00000 0
 -67.000   37.000  0.00000 0
 -67.000   38.000  0.00000 0
 -67.000   39.000  0.00000 0
 -67.000   40.000  0.00000 0
 -67.000   41.000  0.00000 0
 -67.000   42.000  0.00073 0
 -67.000   43.000  0.00290 0
 -67.000   44.000  0.00473 25
 -67.000   45.000  0.00818 40
 -67.000   46.000  0.00818 5
 -67.000   47.000  0.00771 3
 -67.000   48.000  0.00519 0
 -67.000   49.000  0.00420 22
 -67.000   50.000 -0.00015 25
 -66.000   25.000  0.00000 0
 -66.000   26.000  0.00000 0
 -66.000   27.000  0.00000 0
 -66.000   28.000  0.00000 0
 -66.000   29.000  0.00000 0
 -66.000   30.000  0.00000 0
 -66.000   31.000  0.00000 0
 -66.000   32.000  0.00000 0
 -66.000   33.000  0.00000 0
 -66.000   34.000  0.00000 0
 -66.000   35.000  0.00000 0
 -66.000   36.000  0.00000 0
 -66.000   37.000  0.00000 0
 -66.000   38.000  0.00000 0
 -66.000   39.000  0.00000 0
 -66.000   40.000  0.00000 0
 -66.000   41.000  0.00000 0
 -66.000   42.000  0.00184 0
 -66.000   43.000  0.00379 0
 -66.000   44.000  0.00522 1
 -66.000   45.000  0.00855 2
 -66.000   46.000  0.00855 0
 -66.000   47.000  0.00704 0
 -66.000   48.000  0.00465 0
 -66.000   49.000  0.00403 0
 -66.000   50.000 -0.00018 0
 -65.000   25.000  0.00000 0
 -65.000   26.000  0.00000 0
 -65.000   27.000  0.00000 0
 -65.000   28.000  0.00000 0
 -65.000   29.000  0.00000 0
 -65.000   30.000  0.00000 0
 -65.000   31.000  0.00000 0
 -65.000   32.000  0.00000 0
 -65.000   33.000  0.00000 0
 -65.000   34.000  0.00000 0
 -65.000   35.000  0.00000 0
 -65.000   36.000  0.00000 0
 -65.000   37.000  0.00000 0
 -65.000   38.000  0.00000 0
 -65.000   39.000  0.00000 0
 -65.000   40.000  0.00000 0
 -65.000   41.000  0.00000 0
 -65.000   42.000 -0.00020 0
 -65.000   43.000  0.00165 0
 -65.000   44.000  0.00165 0
 -65.000   45.000  0.00165 0
 -65.000   46.000  0.00165 0
 -65.000   47.000  0.00229 0
 -65.000   48.000 -0.00015 0
 -65.000   49.000 -0.00018 0
 -65.000   50.000 -0.00024 0
