-130.000   25.000  0.00000 0
-130.000   26.000  0.00000 0
-130.000   27.000  0.00000 0
-130.000   28.000  0.00000 0
-130.000   29.000  0.00000 0
-130.000   30.000  0.00000 0
-130.000   31.000  0.00000 0
-130.000   32.000  0.00000 0
-130.000   33.000 -0.00173 0
-130.000   34.000 -0.00272 0
-130.000   35.000 -0.00494 0
-130.000   36.000 -0.00327 0
-130.000   37.000  0.00217 0
-130.000   38.000  0.00294 0
-130.000   39.000  0.00127 7
-130.000   40.000  0.00052 8
-130.000   41.000 -0.00364 11
-130.000   42.000 -0.01197 17
-130.000   43.000 -0.01955 24
-130.000   44.000 -0.02076 30
-130.000   45.000 -0.02338 29
-130.000   46.000 -0.02158 41
-130.000   47.000 -0.02078 35
-130.000   48.000 -0.01870 7
-130.000   49.000 -0.01854 10
-130.000   50.000 -0.01541 17
-129.000   25.000  0.00000 0
-129.000   26.000  0.00000 0
-129.000   27.000  0.00000 0
-129.000   28.000  0.00000 0
-129.000   29.000  0.00000 0
-129.000   30.000  0.00000 0
-129.000   31.000  0.00000 0
-129.000   32.000  0.00000 0
-129.000   33.000 -0.00197 0
-129.000   34.000 -0.00259 0
-129.000   35.000 -0.00386 0
-129.000   36.000 -0.00274 1
-129.000   37.000  0.00110 8
-129.000   38.000  0.00225 7
-129.000   39.000  0.00091 13
-129.000   40.000 -0.00015 28
-129.000   41.000 -0.00314 20
-129.000   42.000 -0.01040 19
-129.000   43.000 -0.01632 16
-129.000   44.000 -0.01821 31
-129.000   45.000 -0.02146 45
-129.000   46.000 -0.02068 58
-129.000   47.000 -0.01884 36
-129.000   48.000 -0.01692 29
-129.000   49.000 -0.01635 7
-129.000   50.000 -0.01247 42
-128.000   25.000  0.00000 0
-128.000   26.000  0.00000 0
-128.000   27.000  0.00000 0
-128.000   28.000  0.00000 0
-128.000   29.000  0.00000 0
-128.000   30.000  0.00000 0
-128.000   31.000  0.00000 0
-128.000   32.000  0.00066 0
-128.000   33.000 -0.00007 0
-128.000   34.000 -0.00005 1
-128.000   35.000 -0.00091 8
-128.000   36.000 -0.00075 16
-128.000   37.000  0.00136 15
-128.000   38.000  0.00195 24
-128.000   39.000 -0.00025 27
-128.000   40.000 -0.00060 32
-128.000   41.000 -0.00355 28
-128.000   42.000 -0.00917 27
-128.000   43.000 -0.01405 36
-128.000   44.000 -0.01614 45
-128.000   45.000 -0.01973 22
-128.000   46.000 -0.01757 51
-128.000   47.000 -0.01565 38
-128.000   48.000 -0.01448 19
-128.000   49.000 -0.01277 19
-128.000   50.000 -0.00903 13
-127.000   25.000  0.00000 0
-127.000   26.000  0.00000 0
-127.000   27.000  0.00000 0
-127.000   28.000  0.00000 0
-127.000   29.000  0.00000 0
-127.000   30.000  0.00000 0
-127.000   31.000  0.00037 0
-127.000   32.000  0.00137 0
-127.000   33.000  0.00245 2
-127.000   34.000  0.00340 5
-127.000   35.000  0.00246 15
-127.000   36.000  0.00241 20
-127.000   37.000  0.00382 45
-127.000   38.000  0.00139 34
-127.000   39.000  0.00052 43
-127.000   40.000  0.00132 35
-127.000   41.000 -0.00218 17
-127.000   42.000 -0.00745 20
-127.000   43.000 -0.01073 19
-127.000   44.000 -0.01529 30
-127.000   45.000 -0.01957 32
-127.000   46.000 -0.01901 15
-127.000   47.000 -0.01799 23
-127.000   48.000 -0.01634 18
-127.000   49.000 -0.01484 5
-127.000   50.000 -0.01243 10
-126.000   25.000  0.00000 0
-126.000   26.000  0.00000 0
-126.000   27.000  0.00000 0
-126.000   28.000  0.00000 0
-126.000   29.000  0.00000 0
-126.000   30.000  0.00077 0
-126.000   31.000  0.00060 0
-126.000   32.000  0.00154 0
-126.000   33.000  0.00275 5
-126.000   34.000  0.00140 8
-126.000   35.000 -0.00037 18
-126.000   36.000 -0.00094 30
-126.000   37.000 -0.00013 49
-126.000   38.000 -0.00230 30
-126.000   39.000 -0.00140 24
-126.000   40.000 -0.00035 21
-126.000   41.000 -0.00281 11
-126.000   42.000 -0.00681 19
-126.000   43.000 -0.01039 16
-126.000   44.000 -0.01333 22
-126.000   45.000 -0.01785 23
-126.000   46.000 -0.01889 24
-126.000   47.000 -0.01863 14
-126.000   48.000 -0.01768 17
-126.000   49.000 -0.01786 6
-126.000   50.000 -0.01635 4
-125.000   25.000  0.00000 0
-125.000   26.000  0.00000 0
-125.000   27.000  0.00000 0
-125.000   28.000 -0.00004 0
-125.000   29.000  0.00028 0
-125.000   30.000  0.00230 0
-125.000   31.000  0.00160 1
-125.000   32.000  0.00225 1
-125.000   33.000  0.00409 21
-125.000   34.000  0.00311 22
-125.000   35.000  0.00041 23
-125.000   36.000 -0.00043 35
-125.000   37.000  0.00014 34
-125.000   38.000 -0.00447 15
-125.000   39.000 -0.00389 15
-125.000   40.000 -0.00248 29
-125.000   41.000 -0.00402 14
-125.000   42.000 -0.00871 17
-125.000   43.000 -0.00823 19
-125.000   44.000 -0.01053 27
-125.000   45.000 -0.01444 19
-125.000   46.000 -0.01447 35
-125.000   47.000 -0.01392 24
-125.000   48.000 -0.01403 14
-125.000   49.000 -0.01458 17
-125.000   50.000 -0.01412 2
-124.000   25.000  0.00000 0
-124.000   26.000  0.00000 0
-124.000   27.000  0.00000 0
-124.000   28.000 -0.00018 0
-124.000   29.000  0.00049 1
-124.000   30.000  0.00290 2
-124.000   31.000  0.00156 5
-124.000   32.000  0.00154 11
-124.000   33.000  0.00398 38
-124.000   34.000  0.00063 47
-124.000   35.000 -0.00256 27
-124.000   36.000 -0.00275 25
-124.000   37.000 -0.00197 28
-124.000   38.000 -0.00739 20
-124.000   39.000 -0.00491 21
-124.000   40.000 -0.00402 20
-124.000   41.000 -0.00553 22
-124.000   42.000 -0.00949 25
-124.000   43.000 -0.00827 30
-124.000   44.000 -0.01181 28
-124.000   45.000 -0.01534 43
-124.000   46.000 -0.01626 27
-124.000   47.000 -0.01600 26
-124.000   48.000 -0.01653 14
-124.000   49.000 -0.01599 13
-124.000   50.000 -0.01560 12
-123.000   25.000  0.00000 0
-123.000   26.000  0.00000 0
-123.000   27.000 -0.00034 0
-123.000   28.000  0.00020 0
-123.000   29.000  0.00076 0
-123.000   30.000  0.00406 10
-123.000   31.000  0.00252 23
-123.000   32.000  0.00264 31
-123.000   33.000  0.00433 42
-123.000   34.000  0.00090 66
-123.000   35.000 -0.00278 49
-123.000   36.000 -0.00310 42
-123.000   37.000 -0.00303 33
-123.000   38.000 -0.01116 18
-123.000   39.000 -0.00922 20
-123.000   40.000 -0.00959 17
-123.000   41.000 -0.00991 21
-123.000   42.000 -0.01367 18
-123.000   43.000 -0.01106 26
-123.000   44.000 -0.01382 33
-123.000   45.000 -0.01822 21
-123.000   46.000 -0.01918 25
-123.000   47.000 -0.01819 15
-123.000   48.000 -0.01738 14
-123.000   49.000 -0.01710 9
-123.000   50.000 -0.01421 2
-122.000   25.000  0.00000 0
-122.000   26.000  0.00000 0
-122.000   27.000  0.00182 0
-122.000   28.000  0.00201 0
-122.000   29.000  0.00158 0
-122.000   30.000  0.00579 18
-122.000   31.000  0.00365 51
-122.000   32.000  0.00049 73
-122.000   33.000  0.00120 62
-122.000   34.000 -0.00263 34
-122.000   35.000 -0.00698 29
-122.000   36.000 -0.00753 49
-122.000   37.000 -0.00732 26
-122.000   38.000 -0.01464 30
-122.000   39.000 -0.01173 17
-122.000   40.000 -0.01243 21
-122.000   41.000 -0.01152 19
-122.000   42.000 -0.01527 29
-122.000   43.000 -0.01200 35
-122.000   44.000 -0.01588 28
-122.000   45.000 -0.02090 22
-122.000   46.000 -0.02120 9
-122.000   47.000 -0.01722 19
-122.000   48.000 -0.01634 18
-122.000   49.000 -0.01390 5
-122.000   50.000 -0.00875 2
-121.000   25.000  0.00000 0
-121.000   26.000  0.00238 0
-121.000   27.000  0.00625 0
-121.000   28.000  0.00546 1
-121.000   29.000  0.00490 15
-121.000   30.000  0.00888 44
-121.000   31.000  0.00509 26
-121.000   32.000 -0.00084 45
-121.000   33.000  0.00133 67
-121.000   34.000  0.00029 34
-121.000   35.000 -0.00218 35
-121.000   36.000 -0.00254 42
-121.000   37.000 -0.00252 22
-121.000   38.000 -0.01071 45
-121.000   39.000 -0.00996 25
-121.000   40.000 -0.01270 34
-121.000   41.000 -0.01214 32
-121.000   42.000 -0.01488 30
-121.000   43.000 -0.01147 29
-121.000   44.000 -0.01694 17
-121.000   45.000 -0.02199 13
-121.000   46.000 -0.02043 10
-121.000   47.000 -0.01648 21
-121.000   48.000 -0.01130 11
-121.000   49.000 -0.00623 11
-121.000   50.000  0.00216 5
-120.000   25.000  0.00000 0
-120.000   26.000  0.00598 0
-120.000   27.000  0.01099 0
-120.000   28.000  0.00995 5
-120.000   29.000  0.00920 20
-120.000   30.000  0.01227 46
-120.000   31.000  0.00707 30
-120.000   32.000 -0.00031 27
-120.000   33.000  0.00174 48
-120.000   34.000  0.00029 38
-120.000   35.000 -0.00110 25
-120.000   36.000 -0.00184 27
-120.000   37.000 -0.00176 25
-120.000   38.000 -0.00702 63
-120.000   39.000 -0.00601 55
-120.000   40.000 -0.00888 55
-120.000   41.000 -0.00856 57
-120.000   42.000 -0.00941 32
-120.000   43.000 -0.00874 40
-120.000   44.000 -0.01593 50
-120.000   45.000 -0.02257 21
-120.000   46.000 -0.02150 32
-120.000   47.000 -0.01622 17
-120.000   48.000 -0.01086 10
-120.000   49.000 -0.00309 12
-120.000   50.000  0.00895 11
-119.000   25.000  0.00000 1
-119.000   26.000  0.00697 1
-119.000   27.000  0.01240 1
-119.000   28.000  0.01203 6
-119.000   29.000  0.01035 53
-119.000   30.000  0.01322 31
-119.000   31.000  0.00820 25
-119.000   32.000  0.00142 30
-119.000   33.000  0.00333 27
-119.000   34.000  0.00449 38
-119.000   35.000  0.00276 25
-119.000   36.000  0.00056 48
-119.000   37.000  0.00093 53
-119.000   38.000 -0.00522 46
-119.000   39.000 -0.00541 49
-119.000   40.000 -0.00643 66
-119.000   41.000 -0.00564 52
-119.000   42.000 -0.00785 55
-119.000   43.000 -0.00718 41
-119.000   44.000 -0.01243 71
-119.000   45.000 -0.01902 28
-119.000   46.000 -0.01487 27
-119.000   47.000 -0.00973 12
-119.000   48.000 -0.00402 3
-119.000   49.000  0.00242 9
-119.000   50.000  0.01400 6
-118.000   25.000  0.00000 1
-118.000   26.000  0.00748 0
-118.000   27.000  0.01361 3
-118.000   28.000  0.01306 38
-118.000   29.000  0.01167 52
-118.000   30.000  0.01329 27
-118.000   31.000  0.00917 35
-118.000   32.000  0.00095 33
-118.000   33.000  0.00155 33
-118.000   34.000  0.00126 24
-118.000   35.000 -0.00010 17
-118.000   36.000 -0.00203 39
-118.000   37.000 -0.00008 29
-118.000   38.000 -0.00256 45
-118.000   39.000  0.00010 37
-118.000   40.000 -0.00043 49
-118.000   41.000 -0.00043 56
-118.000   42.000 -0.00290 29
-118.000   43.000 -0.00441 79
-118.000   44.000 -0.01066 55
-118.000   45.000 -0.01487 27
-118.000   46.000 -0.01240 12
-118.000   47.000 -0.00830 6
-118.000   48.000 -0.00123 4
-118.000   49.000  0.00506 7
-118.000   50.000  0.01420 5
-117.000   25.000  0.00000 5
-117.000   26.000  0.00751 0
-117.000   27.000  0.01186 5
-117.000   28.000  0.01244 39
-117.000   29.000  0.01190 33
-117.000   30.000  0.01330 33
-117.000   31.000  0.01031 28
-117.000   32.000  0.00513 24
-117.000   33.000  0.00353 27
-117.000   34.000  0.00219 31
-117.000   35.000  0.00118 17
-117.000   36.000 -0.00190 42
-117.000   37.000 -0.00059 36
-117.000   38.000 -0.00095 23
-117.000   39.000  0.00201 25
-117.000   40.000  0.00186 39
-117.000   41.000  0.00273 44
-117.000   42.000  0.00066 39
-117.000   43.000 -0.00093 43
-117.000   44.000 -0.00383 32
-117.000   45.000 -0.00690 19
-117.000   46.000 -0.00585 6
-117.000   47.000 -0.00317 2
-117.000   48.000  0.00276 6
-117.000   49.000  0.00572 2
-117.000   50.000  0.01235 0
-116.000   25.000  0.00000 1
-116.000   26.000  0.00579 1
-116.000   27.000  0.00789 2
-116.000   28.000  0.00946 15
-116.000   29.000  0.00936 45
-116.000   30.000  0.01080 33
-116.000   31.000  0.00955 35
-116.000   32.000  0.00703 18
-116.000   33.000  0.00307 17
-116.000   34.000  0.00067 26
-116.000   35.000 -0.00131 19
-116.000   36.000 -0.00527 77
-116.000   37.000 -0.00448 25
-116.000   38.000 -0.00374 21
-116.000   39.000  0.00101 21
-116.000   40.000  0.00249 44
-116.000   41.000  0.00451 34
-116.000   42.000  0.00379 30
-116.000   43.000  0.00412 33
-116.000   44.000  0.00280 43
-116.000   45.000  0.00067 19
-116.000   46.000  0.00436 21
-116.000   47.000  0.00697 12
-116.000   48.000  0.01085 8
-116.000   49.000  0.01241 2
-116.000   50.000  0.01852 6
-115.000   25.000 -0.00115 5
-115.000   26.000  0.00133 0
-115.000   27.000  0.00279 1
-115.000   28.000  0.00394 10
-115.000   29.000  0.00362 27
-115.000   30.000  0.00549 24
-115.000   31.000  0.00680 21
-115.000   32.000  0.00500 25
-115.000   33.000  0.00278 20
-115.000   34.000  0.00118 22
-115.000   35.000  0.00002 15
-115.000   36.000 -0.00416 28
-115.000   37.000 -0.00425 22
-115.000   38.000 -0.00554 38
-115.000   39.000  0.00024 24
-115.000   40.000  0.00202 60
-115.000   41.000  0.00529 36
-115.000   42.000  0.00551 37
-115.000   43.000  0.00776 41
-115.000   44.000  0.00865 42
-115.000   45.000  0.00709 15
-115.000   46.000  0.01238 35
-115.000   47.000  0.01388 11
-115.000   48.000  0.02119 4
-115.000   49.000  0.02056 2
-115.000   50.000  0.02700 3
-114.000   25.000 -0.00260 1
-114.000   26.000 -0.00075 1
-114.000   27.000  0.00153 3
-114.000   28.000  0.00485 9
-114.000   29.000  0.00632 17
-114.000   30.000  0.00963 23
-114.000   31.000  0.01209 22
-114.000   32.000  0.00824 24
-114.000   33.000  0.00369 16
-114.000   34.000  0.00130 15
-114.000   35.000 -0.00006 18
-114.000   36.000 -0.00348 42
-114.000   37.000 -0.00285 31
-114.000   38.000 -0.00277 21
-114.000   39.000  0.00189 21
-114.000   40.000  0.00445 52
-114.000   41.000  0.00761 43
-114.000   42.000  0.01068 44
-114.000   43.000  0.00865 24
-114.000   44.000  0.01064 28
-114.000   45.000  0.00914 15
-114.000   46.000  0.00992 14
-114.000   47.000  0.00947 9
-114.000   48.000  0.01915 10
-114.000   49.000  0.01677 3
-114.000   50.000  0.01997 9
-113.000   25.000 -0.00201 0
-113.000   26.000  0.00107 0
-113.000   27.000  0.00253 6
-113.000   28.000  0.00545 5
-113.000   29.000  0.00720 11
-113.000   30.000  0.01145 16
-113.000   31.000  0.01210 16
-113.000   32.000  0.00911 17
-113.000   33.000  0.00599 10
-113.000   34.000  0.00570 13
-113.000   35.000  0.00356 17
-113.000   36.000  0.00100 51
-113.000   37.000  0.00125 37
-113.000   38.000  0.00078 20
-113.000   39.000  0.00500 24
-113.000   40.000  0.00874 48
-113.000   41.000  0.01248 49
-113.000   42.000  0.01721 56
-113.000   43.000  0.01704 23
-113.000   44.000  0.01796 26
-113.000   45.000  0.01555 15
-113.000   46.000  0.01336 22
-113.000   47.000  0.01125 17
-113.000   48.000  0.01643 10
-113.000   49.000  0.01228 7
-113.000   50.000  0.01265 17
-112.000   25.000 -0.00293 1
-112.000   26.000  0.00049 0
-112.000   27.000  0.00126 6
-112.000   28.000  0.00376 3
-112.000   29.000  0.00668 14
-112.000   30.000  0.00944 7
-112.000   31.000  0.00788 17
-112.000   32.000  0.00503 7
-112.000   33.000  0.00255 15
-112.000   34.000  0.00428 14
-112.000   35.000  0.00480 38
-112.000   36.000  0.00562 177
-112.000   37.000  0.00705 46
-112.000   38.000  0.00799 21
-112.000   39.000  0.01077 48
-112.000   40.000  0.01107 42
-112.000   41.000  0.01223 38
-112.000   42.000  0.02022 38
-112.000   43.000  0.01831 27
-112.000   44.000  0.01824 22
-112.000   45.000  0.01776 12
-112.000   46.000  0.01762 12
-112.000   47.000  0.01193 27
-112.000   48.000  0.01879 12
-112.000   49.000  0.01618 2
-112.000   50.000  0.01681 9
-111.000   25.000 -0.00293 0
-111.000   26.000 -0.00037 5
-111.000   27.000  0.00186 13
-111.000   28.000  0.00501 13
-111.000   29.000  0.00719 5
-111.000   30.000  0.01057 18
-111.000   31.000  0.00831 16
-111.000   32.000  0.00578 13
-111.000   33.000  0.00268 12
-111.000   34.000  0.00574 9
-111.000   35.000  0.00616 29
-111.000   36.000  0.00985 27
-111.000   37.000  0.01034 30
-111.000   38.000  0.01306 23
-111.000   39.000  0.01371 58
-111.000   40.000  0.01463 39
-111.000   41.000  0.01416 50
-111.000   42.000  0.02186 27
-111.000   43.000  0.01901 29
-111.000   44.000  0.01883 26
-111.000   45.000  0.01644 15
-111.000   46.000  0.01271 15
-111.000   47.000  0.00664 18
-111.000   48.000  0.01313 10
-111.000   49.000  0.01099 4
-111.000   50.000  0.01143 7
-110.000   25.000  0.00107 0
-110.000   26.000  0.00161 6
-110.000   27.000  0.00376 12
-110.000   28.000  0.00778 10
-110.000   29.000  0.00936 20
-110.000   30.000  0.01112 22
-110.000   31.000  0.00912 21
-110.000   32.000  0.00846 11
-110.000   33.000  0.00348 7
-110.000   34.000  0.00524 12
-110.000   35.000  0.00827 41
-110.000   36.000  0.01403 28
-110.000   37.000  0.01369 27
-110.000   38.000  0.01863 26
-110.000   39.000  0.01951 31
-110.000   40.000  0.01944 17
-110.000   41.000  0.01858 22
-110.000   42.000  0.02475 27
-110.000   43.000  0.01956 20
-110.000   44.000  0.01798 16
-110.000   45.000  0.01386 25
-110.000   46.000  0.00669 14
-110.000   47.000 -0.00075 13
-110.000   48.000  0.00285 14
-110.000   49.000 -0.00011 7
-110.000   50.000 -0.00171 11
-109.000   25.000 -0.00017 1
-109.000   26.000  0.00274 16
-109.000   27.000  0.00671 26
-109.000   28.000  0.00888 11
-109.000   29.000  0.01013 14
-109.000   30.000  0.01086 26
-109.000   31.000  0.00873 17
-109.000   32.000  0.00848 11
-109.000   33.000  0.00631 10
-109.000   34.000  0.01014 18
-109.000   35.000  0.01472 19
-109.000   36.000  0.01982 26
-109.000   37.000  0.01823 33
-109.000   38.000  0.02167 22
-109.000   39.000  0.02123 30
-109.000   40.000  0.01803 32
-109.000   41.000  0.01622 28
-109.000   42.000  0.01959 15
-109.000   43.000  0.01732 16
-109.000   44.000  0.01500 8
-109.000   45.000  0.01184 15
-109.000   46.000  0.00426 15
-109.000   47.000 -0.00068 9
-109.000   48.000  0.00125 7
-109.000   49.000 -0.00065 3
-109.000   50.000  0.00013 11
-108.000   25.000 -0.00077 0
-108.000   26.000  0.00199 12
-108.000   27.000  0.00654 12
-108.000   28.000  0.00967 20
-108.000   29.000  0.01014 35
-108.000   30.000  0.01074 18
-108.000   31.000  0.00682 24
-108.000   32.000  0.01030 30
-108.000   33.000  0.00957 42
-108.000   34.000  0.01488 33
-108.000   35.000  0.01993 30
-108.000   36.000  0.02645 40
-108.000   37.000  0.02185 41
-108.000   38.000  0.02266 40
-108.000   39.000  0.01859 83
-108.000   40.000  0.01483 19
-108.000   41.000  0.01385 10
-108.000   42.000  0.01486 19
-108.000   43.000  0.01098 23
-108.000   44.000  0.01082 13
-108.000   45.000  0.00664 13
-108.000   46.000  0.00114 14
-108.000   47.000 -0.00177 16
-108.000   48.000  0.00269 4
-108.000   49.000  0.00214 5
-108.000   50.000  0.00650 11
-107.000   25.000 -0.00583 1
-107.000   26.000  0.00059 11
-107.000   27.000  0.00585 16
-107.000   28.000  0.01117 16
-107.000   29.000  0.00879 10
-107.000   30.000  0.01275 9
-107.000   31.000  0.00886 15
-107.000   32.000  0.01246 25
-107.000   33.000  0.01457 24
-107.000   34.000  0.02115 44
-107.000   35.000  0.02303 42
-107.000   36.000  0.02806 39
-107.000   37.000  0.02249 55
-107.000   38.000  0.02129 33
-107.000   39.000  0.01592 55
-107.000   40.000  0.01362 32
-107.000   41.000  0.01210 19
-107.000   42.000  0.00884 20
-107.000   43.000  0.00495 20
-107.000   44.000  0.00451 19
-107.000   45.000 -0.00159 14
-107.000   46.000 -0.00775 14
-107.000   47.000 -0.00616 10
-107.000   48.000 -0.00253 10
-107.000   49.000 -0.00325 7
-107.000   50.000  0.00234 5
-106.000   25.000 -0.00263 3
-106.000   26.000  0.00231 2
-106.000   27.000  0.00571 5
-106.000   28.000  0.01103 13
-106.000   29.000  0.00926 15
-106.000   30.000  0.01171 12
-106.000   31.000  0.00926 9
-106.000   32.000  0.01335 10
-106.000   33.000  0.01619 18
-106.000   34.000  0.02149 28
-106.000   35.000  0.02452 30
-106.000   36.000  0.02716 25
-106.000   37.000  0.02244 24
-106.000   38.000  0.02061 61
-106.000   39.000  0.01557 37
-106.000   40.000  0.01120 51
-106.000   41.000  0.01124 26
-106.000   42.000  0.00838 25
-106.000   43.000  0.00241 24
-106.000   44.000  0.00193 28
-106.000   45.000 -0.00259 18
-106.000   46.000 -0.00605 15
-106.000   47.000 -0.00338 12
-106.000   48.000  0.00051 12
-106.000   49.000  0.00006 6
-106.000   50.000  0.00625 10
-105.000   25.000 -0.00890 9
-105.000   26.000 -0.00212 12
-105.000   27.000  0.00227 8
-105.000   28.000  0.00724 15
-105.000   29.000  0.00661 22
-105.000   30.000  0.01268 12
-105.000   31.000  0.00988 9
-105.000   32.000  0.01235 13
-105.000   33.000  0.01695 12
-105.000   34.000  0.01186 23
-105.000   35.000  0.01188 35
-105.000   36.000  0.01412 29
-105.000   37.000  0.01075 31
-105.000   38.000  0.00741 35
-105.000   39.000  0.01228 42
-105.000   40.000  0.00778 101
-105.000   41.000  0.00674 27
-105.000   42.000  0.00499 39
-105.000   43.000 -0.00023 21
-105.000   44.000 -0.00053 29
-105.000   45.000 -0.00142 12
-105.000   46.000 -0.00326 9
-105.000   47.000 -0.00047 15
-105.000   48.000  0.00208 4
-105.000   49.000  0.00341 5
-105.000   50.000  0.00688 5
-104.000   25.000 -0.00765 3
-104.000   26.000 -0.00296 14
-104.000   27.000 -0.00148 7
-104.000   28.000  0.00339 25
-104.000   29.000  0.00197 14
-104.000   30.000  0.00829 14
-104.000   31.000  0.00497 20
-104.000   32.000  0.00925 23
-104.000   33.000  0.01471 33
-104.000   34.000  0.00873 30
-104.000   35.000  0.00910 26
-104.000   36.000  0.01247 52
-104.000   37.000  0.00893 33
-104.000   38.000  0.00692 50
-104.000   39.000  0.01289 79
-104.000   40.000  0.00854 129
-104.000   41.000  0.00818 35
-104.000   42.000  0.00780 37
-104.000   43.000  0.00214 27
-104.000   44.000  0.00094 34
-104.000   45.000 -0.00009 17
-104.000   46.000  0.00050 20
-104.000   47.000  0.00244 11
-104.000   48.000  0.00460 6
-104.000   49.000  0.00667 6
-104.000   50.000  0.00922 2
-103.000   25.000 -0.00503 4
-103.000   26.000 -0.00480 9
-103.000   27.000 -0.00338 7
-103.000   28.000  0.00015 14
-103.000   29.000 -0.00341 12
-103.000   30.000  0.00228 21
-103.000   31.000  0.00297 36
-103.000   32.000  0.00377 42
-103.000   33.000  0.00787 26
-103.000   34.000  0.00027 48
-103.000   35.000  0.00184 30
-103.000   36.000  0.00452 52
-103.000   37.000  0.00338 34
-103.000   38.000  0.00405 63
-103.000   39.000  0.01226 61
-103.000   40.000  0.00678 79
-103.000   41.000  0.00576 46
-103.000   42.000  0.00004 68
-103.000   43.000 -0.00523 28
-103.000   44.000 -0.00620 29
-103.000   45.000 -0.00615 21
-103.000   46.000 -0.00494 9
-103.000   47.000  0.00427 9
-103.000   48.000  0.00616 4
-103.000   49.000  0.00825 6
-103.000   50.000  0.01046 11
-102.000   25.000  0.00096 6
-102.000   26.000 -0.00286 15
-102.000   27.000 -0.00111 8
-102.000   28.000 -0.00189 13
-102.000   29.000 -0.00309 4
-102.000   30.000 -0.00054 22
-102.000   31.000  0.00236 19
-102.000   32.000  0.00202 23
-102.000   33.000  0.00579 18
-102.000   34.000 -0.00558 32
-102.000   35.000 -0.00130 31
-102.000   36.000  0.00057 26
-102.000   37.000 -0.00086 27
-102.000   38.000  0.00043 40
-102.000   39.000  0.01066 42
-102.000   40.000  0.00536 55
-102.000   41.000  0.00506 38
-102.000   42.000  0.00049 49
-102.000   43.000 -0.00334 34
-102.000   44.000 -0.00399 38
-102.000   45.000 -0.00282 16
-102.000   46.000 -0.00116 11
-102.000   47.000  0.00749 15
-102.000   48.000  0.00825 5
-102.000   49.000  0.01061 5
-102.000   50.000  0.01117 5
-101.000   25.000 -0.00488 3
-101.000   26.000 -0.00635 7
-101.000   27.000 -0.00360 4
-101.000   28.000 -0.00505 21
-101.000   29.000 -0.00555 5
-101.000   30.000 -0.00270 22
-101.000   31.000 -0.00193 16
-101.000   32.000 -0.00322 32
-101.000   33.000  0.00151 25
-101.000   34.000 -0.00995 63
-101.000   35.000 -0.00598 39
-101.000   36.000 -0.00195 30
-101.000   37.000 -0.00251 36
-101.000   38.000 -0.00315 34
-101.000   39.000  0.00854 42
-101.000   40.000  0.00355 74
-101.000   41.000  0.00256 45
-101.000   42.000 -0.00299 59
-101.000   43.000 -0.00493 30
-101.000   44.000 -0.00623 42
-101.000   45.000 -0.00328 19
-101.000   46.000 -0.00338 14
-101.000   47.000  0.00466 12
-101.000   48.000  0.00517 7
-101.000   49.000  0.00810 6
-101.000   50.000  0.00601 4
-100.000   25.000 -0.00145 0
-100.000   26.000 -0.00303 1
-100.000   27.000 -0.00171 3
-100.000   28.000 -0.00296 5
-100.000   29.000 -0.00391 6
-100.000   30.000 -0.00263 8
-100.000   31.000 -0.00275 13
-100.000   32.000 -0.00361 14
-100.000   33.000 -0.00048 24
-100.000   34.000 -0.00225 34
-100.000   35.000  0.00060 32
-100.000   36.000  0.00435 27
-100.000   37.000  0.00377 34
-100.000   38.000  0.00364 41
-100.000   39.000  0.00435 77
-100.000   40.000  0.00015 45
-100.000   41.000 -0.00088 57
-100.000   42.000 -0.00754 41
-100.000   43.000 -0.00990 36
-100.000   44.000 -0.00990 52
-100.000   45.000 -0.00828 16
-100.000   46.000 -0.00730 15
-100.000   47.000  0.00090 9
-100.000   48.000  0.00351 9
-100.000   49.000  0.00621 8
-100.000   50.000  0.00597 2
 -99.000   25.000 -0.00000 4
 -99.000   26.000 -0.00224 8
 -99.000   27.000 -0.00107 3
 -99.000   28.000 -0.00386 1
 -99.000   29.000 -0.00643 4
 -99.000   30.000 -0.00716 4
 -99.000   31.000 -0.00637 6
 -99.000   32.000 -0.00693 11
 -99.000   33.000 -0.00348 23
 -99.000   34.000 -0.00434 26
 -99.000   35.000 -0.00188 29
 -99.000   36.000  0.00099 31
 -99.000   37.000  0.00006 37
 -99.000   38.000 -0.00079 64
 -99.000   39.000  0.00084 56
 -99.000   40.000 -0.00223 47
 -99.000   41.000 -0.00473 43
 -99.000   42.000 -0.01086 36
 -99.000   43.000 -0.01219 44
 -99.000   44.000 -0.01213 56
 -99.000   45.000 -0.01091 16
 -99.000   46.000 -0.00711 21
 -99.000   47.000  0.00011 14
 -99.000   48.000  0.00317 14
 -99.000   49.000  0.00615 11
 -99.000   50.000  0.00840 2
 -98.000   25.000 -0.00263 3
 -98.000   26.000 -0.00197 3
 -98.000   27.000 -0.00085 1
 -98.000   28.000 -0.00342 1
 -98.000   29.000 -0.00526 2
 -98.000   30.000 -0.00580 2
 -98.000   31.000 -0.00669 4
 -98.000   32.000 -0.00655 9
 -98.000   33.000 -0.00285 24
 -98.000   34.000 -0.00332 21
 -98.000   35.000 -0.00256 27
 -98.000   36.000 -0.00042 18
 -98.000   37.000 -0.00091 27
 -98.000   38.000 -0.00187 46
 -98.000   39.000  0.00127 69
 -98.000   40.000  0.00002 53
 -98.000   41.000 -0.00326 55
 -98.000   42.000 -0.00417 39
 -98.000   43.000 -0.00596 57
 -98.000   44.000 -0.00611 50
 -98.000   45.000 -0.00515 26
 -98.000   46.000 -0.00031 28
 -98.000   47.000 -0.00060 8
 -98.000   48.000  0.00256 21
 -98.000   49.000  0.00433 14
 -98.000   50.000  0.00588 6
 -97.000   25.000 -0.00263 4
 -97.000   26.000 -0.00197 5
 -97.000   27.000 -0.00158 4
 -97.000   28.000 -0.00302 0
 -97.000   29.000 -0.00541 4
 -97.000   30.000 -0.00538 8
 -97.000   31.000 -0.00720 10
 -97.000   32.000 -0.00717 7
 -97.000   33.000 -0.00538 6
 -97.000   34.000 -0.00501 21
 -97.000   35.000 -0.00401 18
 -97.000   36.000  0.00118 24
 -97.000   37.000  0.00149 29
 -97.000   38.000  0.00057 48
 -97.000   39.000  0.00276 45
 -97.000   40.000  0.00126 56
 -97.000   41.000 -0.00359 75
 -97.000   42.000 -0.00363 42
 -97.000   43.000 -0.00427 54
 -97.000   44.000 -0.00310 40
 -97.000   45.000 -0.00285 17
 -97.000   46.000  0.00010 17
 -97.000   47.000 -0.00203 13
 -97.000   48.000  0.00072 13
 -97.000   49.000  0.00121 7
 -97.000   50.000  0.00197 15
 -96.000   25.000  0.00000 1
 -96.000   26.000  0.00000 1
 -96.000   27.000  0.00000 2
 -96.000   28.000  0.00011 0
 -96.000   29.000 -0.00426 2
 -96.000   30.000 -0.00420 4
 -96.000   31.000 -0.00258 6
 -96.000   32.000 -0.00164 4
 -96.000   33.000 -0.00068 7
 -96.000   34.000  0.00126 8
 -96.000   35.000  0.00260 16
 -96.000   36.000  0.00320 29
 -96.000   37.000  0.00246 18
 -96.000   38.000  0.00032 32
 -96.000   39.000  0.00099 26
 -96.000   40.000 -0.00036 28
 -96.000   41.000 -0.00397 36
 -96.000   42.000 -0.00316 50
 -96.000   43.000 -0.00262 71
 -96.000   44.000 -0.00051 31
 -96.000   45.000 -0.00094 10
 -96.000   46.000  0.00108 16
 -96.000   47.000 -0.00368 6
 -96.000   48.000 -0.00154 9
 -96.000   49.000 -0.00235 7
 -96.000   50.000 -0.00250 4
 -95.000   25.000  0.00000 1
 -95.000   26.000  0.00000 4
 -95.000   27.000  0.00000 5
 -95.000   28.000  0.00011 0
 -95.000   29.000 -0.00426 3
 -95.000   30.000 -0.00540 8
 -95.000   31.000 -0.00284 4
 -95.000   32.000 -0.00256 4
 -95.000   33.000 -0.00140 3
 -95.000   34.000  0.00233 8
 -95.000   35.000  0.00456 9
 -95.000   36.000  0.00339 29
 -95.000   37.000  0.00257 13
 -95.000   38.000  0.00106 14
 -95.000   39.000  0.00147 23
 -95.000   40.000  0.00110 31
 -95.000   41.000 -0.00124 38
 -95.000   42.000  0.00034 38
 -95.000   43.000  0.00023 23
 -95.000   44.000  0.00044 21
 -95.000   45.000 -0.00028 10
 -95.000   46.000  0.00104 18
 -95.000   47.000 -0.00305 14
 -95.000   48.000 -0.00196 7
 -95.000   49.000 -0.00242 14
 -95.000   50.000 -0.00324 4
 -94.000   25.000  0.00000 1
 -94.000   26.000  0.00000 1
 -94.000   27.000  0.00000 5
 -94.000   28.000  0.00091 4
 -94.000   29.000 -0.00193 2
 -94.000   30.000 -0.00193 7
 -94.000   31.000  0.00124 8
 -94.000   32.000  0.00207 4
 -94.000   33.000  0.00255 6
 -94.000   34.000  0.00394 21
 -94.000   35.000  0.00382 26
 -94.000   36.000  0.00171 19
 -94.000   37.000  0.00082 18
 -94.000   38.000 -0.00023 24
 -94.000   39.000 -0.00033 20
 -94.000   40.000  0.00053 23
 -94.000   41.000 -0.00106 31
 -94.000   42.000 -0.00038 24
 -94.000   43.000 -0.00065 35
 -94.000   44.000  0.00158 21
 -94.000   45.000  0.00106 13
 -94.000   46.000  0.00169 17
 -94.000   47.000 -0.00131 8
 -94.000   48.000 -0.00208 10
 -94.000   49.000 -0.00345 12
 -94.000   50.000 -0.00498 6
 -93.000   25.000  0.00074 0
 -93.000   26.000  0.00056 0
 -93.000   27.000  0.00045 3
 -93.000   28.000  0.00135 3
 -93.000   29.000 -0.00068 5
 -93.000   30.000 -0.00199 2
 -93.000   31.000  0.00174 4
 -93.000   32.000  0.00114 3
 -93.000   33.000  0.00061 15
 -93.000   34.000  0.00143 21
 -93.000   35.000  0.00301 17
 -93.000   36.000 -0.00018 13
 -93.000   37.000 -0.00030 25
 -93.000   38.000 -0.00079 30
 -93.000   39.000 -0.00153 11
 -93.000   40.000 -0.00181 30
 -93.000   41.000 -0.00295 45
 -93.000   42.000 -0.00119 29
 -93.000   43.000  0.00115 25
 -93.000   44.000  0.00203 23
 -93.000   45.000  0.00201 9
 -93.000   46.000  0.00212 18
 -93.000   47.000 -0.00138 14
 -93.000   48.000 -0.00431 8
 -93.000   49.000 -0.00405 7
 -93.000   50.000 -0.00610 9
 -92.000   25.000  0.00074 0
 -92.000   26.000  0.00056 2
 -92.000   27.000  0.00045 4
 -92.000   28.000  0.00200 4
 -92.000   29.000 -0.00003 2
 -92.000   30.000 -0.00078 1
 -92.000   31.000  0.00322 3
 -92.000   32.000  0.00434 4
 -92.000   33.000  0.00416 10
 -92.000   34.000  0.00431 14
 -92.000   35.000  0.00317 22
 -92.000   36.000 -0.00321 32
 -92.000   37.000 -0.00483 18
 -92.000   38.000 -0.00586 21
 -92.000   39.000 -0.00507 19
 -92.000   40.000 -0.00416 30
 -92.000   41.000 -0.00236 28
 -92.000   42.000 -0.00125 48
 -92.000   43.000  0.00054 20
 -92.000   44.000  0.00057 14
 -92.000   45.000  0.00052 24
 -92.000   46.000  0.00207 17
 -92.000   47.000  0.00019 11
 -92.000   48.000 -0.00266 13
 -92.000   49.000 -0.00199 11
 -92.000   50.000 -0.00169 13
 -91.000   25.000  0.00074 0
 -91.000   26.000  0.00056 2
 -91.000   27.000  0.00173 6
 -91.000   28.000 -0.00000 2
 -91.000   29.000  0.00059 2
 -91.000   30.000 -0.00013 2
 -91.000   31.000  0.00336 9
 -91.000   32.000  0.00315 6
 -91.000   33.000  0.00490 5
 -91.000   34.000  0.00136 12
 -91.000   35.000 -0.00076 19
 -91.000   36.000 -0.00621 42
 -91.000   37.000 -0.00622 28
 -91.000   38.000 -0.00494 20
 -91.000   39.000 -0.00223 21
 -91.000   40.000 -0.00090 42
 -91.000   41.000  0.00073 70
 -91.000   42.000 -0.00052 50
 -91.000   43.000 -0.00028 23
 -91.000   44.000 -0.00037 27
 -91.000   45.000 -0.00034 15
 -91.000   46.000  0.00149 14
 -91.000   47.000  0.00246 11
 -91.000   48.000  0.00049 15
 -91.000   49.000  0.00102 3
 -91.000   50.000  0.00308 5
 -90.000   25.000  0.00074 0
 -90.000   26.000  0.00056 1
 -90.000   27.000  0.00173 5
 -90.000   28.000 -0.00151 3
 -90.000   29.000 -0.00071 5
 -90.000   30.000 -0.00124 4
 -90.000   31.000  0.00397 5
 -90.000   32.000  0.00572 11
 -90.000   33.000  0.00952 26
 -90.000   34.000  0.00574 14
 -90.000   35.000  0.00458 18
 -90.000   36.000 -0.00209 26
 -90.000   37.000 -0.00317 26
 -90.000   38.000 -0.00258 30
 -90.000   39.000 -0.00031 25
 -90.000   40.000 -0.00103 38
 -90.000   41.000  0.00014 56
 -90.000   42.000 -0.00089 26
 -90.000   43.000  0.00070 18
 -90.000   44.000  0.00256 14
 -90.000   45.000  0.00331 21
 -90.000   46.000  0.00345 16
 -90.000   47.000  0.00273 10
 -90.000   48.000 -0.00030 11
 -90.000   49.000 -0.00181 12
 -90.000   50.000 -0.00041 4
 -89.000   25.000  0.00074 0
 -89.000   26.000  0.00336 3
 -89.000   27.000  0.00455 0
 -89.000   28.000  0.00131 2
 -89.000   29.000  0.00191 13
 -89.000   30.000  0.00368 7
 -89.000   31.000  0.00635 8
 -89.000   32.000  0.00712 10
 -89.000   33.000  0.00974 13
 -89.000   34.000  0.00696 23
 -89.000   35.000  0.00493 19
 -89.000   36.000 -0.00191 11
 -89.000   37.000 -0.00327 21
 -89.000   38.000 -0.00206 20
 -89.000   39.000  0.00046 11
 -89.000   40.000  0.00006 37
 -89.000   41.000  0.00264 35
 -89.000   42.000  0.00248 20
 -89.000   43.000  0.00440 14
 -89.000   44.000  0.00533 17
 -89.000   45.000  0.00607 22
 -89.000   46.000  0.00597 8
 -89.000   47.000  0.00487 16
 -89.000   48.000  0.00270 9
 -89.000   49.000  0.00180 13
 -89.000   50.000  0.00152 9
 -88.000   25.000  0.00956 2
 -88.000   26.000  0.00998 2
 -88.000   27.000  0.00984 2
 -88.000   28.000  0.00725 4
 -88.000   29.000  0.00745 4
 -88.000   30.000  0.00593 8
 -88.000   31.000  0.00814 10
 -88.000   32.000  0.00792 7
 -88.000   33.000  0.01082 9
 -88.000   34.000  0.00855 22
 -88.000   35.000  0.00429 25
 -88.000   36.000 -0.00040 17
 -88.000   37.000 -0.00039 14
 -88.000   38.000  0.00016 37
 -88.000   39.000  0.00409 17
 -88.000   40.000  0.00363 34
 -88.000   41.000  0.00537 34
 -88.000   42.000  0.00483 19
 -88.000   43.000  0.00363 25
 -88.000   44.000  0.00404 23
 -88.000   45.000  0.00619 29
 -88.000   46.000  0.00573 13
 -88.000   47.000  0.00464 11
 -88.000   48.000  0.00532 7
 -88.000   49.000  0.00381 15
 -88.000   50.000  0.00234 1
 -87.000   25.000  0.00956 0
 -87.000   26.000  0.00998 2
 -87.000   27.000  0.01209 3
 -87.000   28.000  0.00792 6
 -87.000   29.000  0.00696 6
 -87.000   30.000  0.00464 3
 -87.000   31.000  0.00654 8
 -87.000   32.000  0.00113 6
 -87.000   33.000  0.00570 13
 -87.000   34.000  0.00570 29
 -87.000   35.000  0.00265 76
 -87.000   36.000 -0.00125 35
 -87.000   37.000  0.00163 20
 -87.000   38.000  0.00305 22
 -87.000   39.000  0.00660 37
 -87.000   40.000  0.00649 25
 -87.000   41.000  0.00869 31
 -87.000   42.000  0.00808 14
 -87.000   43.000  0.00529 18
 -87.000   44.000  0.00466 21
 -87.000   45.000  0.00622 14
 -87.000   46.000  0.00351 14
 -87.000   47.000  0.00250 6
 -87.000   48.000  0.00382 8
 -87.000   49.000  0.00233 5
 -87.000   50.000  0.00007 1
 -86.000   25.000  0.01956 2
 -86.000   26.000  0.01877 3
 -86.000   27.000  0.01751 15
 -86.000   28.000  0.01619 5
 -86.000   29.000  0.01315 1
 -86.000   30.000  0.00546 11
 -86.000   31.000  0.00683 10
 -86.000   32.000  0.00007 11
 -86.000   33.000  0.00347 15
 -86.000   34.000  0.00653 29
 -86.000   35.000  0.00379 28
 -86.000   36.000 -0.00071 20
 -86.000   37.000  0.00392 26
 -86.000   38.000  0.00515 20
 -86.000   39.000  0.00681 16
 -86.000   40.000  0.00622 20
 -86.000   41.000  0.00735 21
 -86.000   42.000  0.00789 15
 -86.000   43.000  0.00354 19
 -86.000   44.000  0.00310 20
 -86.000   45.000  0.00420 20
 -86.000   46.000  0.00244 5
 -86.000   47.000  0.00139 8
 -86.000   48.000  0.00243 4
 -86.000   49.000  0.00147 4
 -86.000   50.000 -0.00105 2
 -85.000   25.000  0.01956 2
 -85.000   26.000  0.01868 2
 -85.000   27.000  0.01724 4
 -85.000   28.000  0.01744 5
 -85.000   29.000  0.01468 9
 -85.000   30.000  0.00684 11
 -85.000   31.000  0.00622 18
 -85.000   32.000 -0.00208 19
 -85.000   33.000  0.00043 20
 -85.000   34.000  0.00269 33
 -85.000   35.000  0.00061 34
 -85.000   36.000 -0.00146 27
 -85.000   37.000  0.00441 22
 -85.000   38.000  0.00403 12
 -85.000   39.000  0.00732 9
 -85.000   40.000  0.00649 16
 -85.000   41.000  0.00678 20
 -85.000   42.000  0.00667 18
 -85.000   43.000  0.00163 26
 -85.000   44.000 -0.00100 17
 -85.000   45.000 -0.00167 11
 -85.000   46.000 -0.00140 5
 -85.000   47.000 -0.00103 6
 -85.000   48.000  0.00168 6
 -85.000   49.000  0.00189 1
 -85.000   50.000  0.00201 5
 -84.000   25.000  0.01956 3
 -84.000   26.000  0.01587 5
 -84.000   27.000  0.01297 12
 -84.000   28.000  0.01407 9
 -84.000   29.000  0.01250 13
 -84.000   30.000  0.00017 22
 -84.000   31.000  0.00117 12
 -84.000   32.000 -0.00739 16
 -84.000   33.000 -0.00505 11
 -84.000   34.000 -0.00540 25
 -84.000   35.000 -0.00314 8
 -84.000   36.000 -0.00339 19
 -84.000   37.000  0.00483 15
 -84.000   38.000  0.00404 21
 -84.000   39.000  0.00790 16
 -84.000   40.000  0.00595 18
 -84.000   41.000  0.00400 25
 -84.000   42.000  0.00362 20
 -84.000   43.000 -0.00269 24
 -84.000   44.000 -0.00507 26
 -84.000   45.000 -0.00632 23
 -84.000   46.000 -0.00657 8
 -84.000   47.000 -0.00649 6
 -84.000   48.000 -0.00283 3
 -84.000   49.000 -0.00300 4
 -84.000   50.000 -0.00144 5
 -83.000   25.000  0.01000 0
 -83.000   26.000  0.00870 0
 -83.000   27.000  0.00662 0
 -83.000   28.000  0.00706 6
 -83.000   29.000  0.00967 14
 -83.000   30.000 -0.00011 10
 -83.000   31.000  0.00180 11
 -83.000   32.000 -0.00780 11
 -83.000   33.000 -0.00308 10
 -83.000   34.000 -0.00775 23
 -83.000   35.000 -0.00084 12
 -83.000   36.000 -0.00203 21
 -83.000   37.000  0.00833 24
 -83.000   38.000  0.00518 24
 -83.000   39.000  0.00697 26
 -83.000   40.000  0.00319 22
 -83.000   41.000  0.00046 24
 -83.000   42.000 -0.00067 23
 -83.000   43.000 -0.00643 24
 -83.000   44.000 -0.00686 11
 -83.000   45.000 -0.00929 36
 -83.000   46.000 -0.00873 11
 -83.000   47.000 -0.00839 8
 -83.000   48.000 -0.00523 10
 -83.000   49.000 -0.00566 12
 -83.000   50.000 -0.00241 2
 -82.000   25.000  0.01000 0
 -82.000   26.000  0.00870 0
 -82.000   27.000  0.00437 0
 -82.000   28.000  0.00824 2
 -82.000   29.000  0.01378 7
 -82.000   30.000  0.00343 16
 -82.000   31.000  0.00699 9
 -82.000   32.000  0.00176 17
 -82.000   33.000  0.00247 10
 -82.000   34.000 -0.00429 11
 -82.000   35.000  0.00341 16
 -82.000   36.000  0.00107 20
 -82.000   37.000  0.00887 22
 -82.000   38.000  0.00612 12
 -82.000   39.000  0.00609 30
 -82.000   40.000  0.00182 25
 -82.000   41.000 -0.00329 23
 -82.000   42.000 -0.00464 35
 -82.000   43.000 -0.00931 19
 -82.000   44.000 -0.00948 40
 -82.000   45.000 -0.01235 20
 -82.000   46.000 -0.00955 18
 -82.000   47.000 -0.00856 11
 -82.000   48.000 -0.00730 5
 -82.000   49.000 -0.00735 9
 -82.000   50.000 -0.00347 3
 -81.000   25.000  0.00000 0
 -81.000   26.000 -0.00009 0
 -81.000   27.000 -0.00234 3
 -81.000   28.000 -0.00130 0
 -81.000   29.000  0.00637 6
 -81.000   30.000  0.00065 5
 -81.000   31.000  0.00109 15
 -81.000   32.000 -0.00242 11
 -81.000   33.000  0.00033 7
 -81.000   34.000 -0.00776 8
 -81.000   35.000 -0.00016 10
 -81.000   36.000  0.00184 9
 -81.000   37.000  0.00738 11
 -81.000   38.000  0.00496 15
 -81.000   39.000  0.00596 18
 -81.000   40.000  0.00242 19
 -81.000   41.000 -0.00336 31
 -81.000   42.000 -0.00445 36
 -81.000   43.000 -0.00863 17
 -81.000   44.000 -0.01120 23
 -81.000   45.000 -0.01431 12
 -81.000   46.000 -0.01129 13
 -81.000   47.000 -0.01097 10
 -81.000   48.000 -0.00978 3
 -81.000   49.000 -0.00974 4
 -81.000   50.000 -0.00503 6
 -80.000   25.000  0.00000 0
 -80.000   26.000  0.00000 0
 -80.000   27.000 -0.00207 2
 -80.000   28.000 -0.00307 2
 -80.000   29.000  0.00510 2
 -80.000   30.000  0.00074 8
 -80.000   31.000 -0.00143 10
 -80.000   32.000 -0.00433 12
 -80.000   33.000 -0.00176 6
 -80.000   34.000 -0.01313 4
 -80.000   35.000 -0.00980 13
 -80.000   36.000 -0.00603 7
 -80.000   37.000  0.00003 14
 -80.000   38.000  0.00318 11
 -80.000   39.000  0.00429 18
 -80.000   40.000  0.00306 18
 -80.000   41.000 -0.00407 23
 -80.000   42.000 -0.00715 16
 -80.000   43.000 -0.01374 17
 -80.000   44.000 -0.01362 19
 -80.000   45.000 -0.01516 17
 -80.000   46.000 -0.01095 17
 -80.000   47.000 -0.01090 13
 -80.000   48.000 -0.01085 6
 -80.000   49.000 -0.01109 3
 -80.000   50.000 -0.00845 6
 -79.000   25.000  0.00000 0
 -79.000   26.000  0.00000 0
 -79.000   27.000 -0.00062 1
 -79.000   28.000 -0.00345 4
 -79.000   29.000  0.00286 2
 -79.000   30.000 -0.00022 7
 -79.000   31.000 -0.00441 7
 -79.000   32.000 -0.00510 10
 -79.000   33.000 -0.00230 6
 -79.000   34.000 -0.01005 9
 -79.000   35.000 -0.01093 12
 -79.000   36.000 -0.00812 10
 -79.000   37.000 -0.00594 21
 -79.000   38.000 -0.00020 13
 -79.000   39.000  0.00073 18
 -79.000   40.000  0.00182 18
 -79.000   41.000 -0.00271 19
 -79.000   42.000 -0.00613 14
 -79.000   43.000 -0.01380 13
 -79.000   44.000 -0.01590 17
 -79.000   45.000 -0.01785 25
 -79.000   46.000 -0.01387 22
 -79.000   47.000 -0.01466 17
 -79.000   48.000 -0.01554 17
 -79.000   49.000 -0.01614 8
 -79.000   50.000 -0.01350 14
 -78.000   25.000  0.00000 0
 -78.000   26.000  0.00000 0
 -78.000   27.000  0.00000 0
 -78.000   28.000 -0.00159 2
 -78.000   29.000  0.00282 1
 -78.000   30.000  0.00070 12
 -78.000   31.000 -0.00496 11
 -78.000   32.000 -0.00135 15
 -78.000   33.000 -0.00313 12
 -78.000   34.000 -0.00836 2
 -78.000   35.000 -0.01361 9
 -78.000   36.000 -0.01082 11
 -78.000   37.000 -0.01498 14
 -78.000   38.000 -0.00551 16
 -78.000   39.000 -0.00664 19
 -78.000   40.000 -0.00546 8
 -78.000   41.000 -0.00755 14
 -78.000   42.000 -0.01000 18
 -78.000   43.000 -0.01829 13
 -78.000   44.000 -0.02049 25
 -78.000   45.000 -0.01856 35
 -78.000   46.000 -0.01581 14
 -78.000   47.000 -0.01614 20
 -78.000   48.000 -0.01599 19
 -78.000   49.000 -0.01479 15
 -78.000   50.000 -0.01261 10
 -77.000   25.000  0.00000 0
 -77.000   26.000  0.00000 0
 -77.000   27.000  0.00000 0
 -77.000   28.000 -0.00343 0
 -77.000   29.000  0.00012 1
 -77.000   30.000 -0.00086 6
 -77.000   31.000 -0.00788 14
 -77.000   32.000 -0.00367 14
 -77.000   33.000 -0.00167 16
 -77.000   34.000 -0.00648 11
 -77.000   35.000 -0.01485 15
 -77.000   36.000 -0.01201 7
 -77.000   37.000 -0.01572 14
 -77.000   38.000 -0.00990 12
 -77.000   39.000 -0.01197 14
 -77.000   40.000 -0.00865 7
 -77.000   41.000 -0.01160 11
 -77.000   42.000 -0.01476 9
 -77.000   43.000 -0.02208 14
 -77.000   44.000 -0.02228 77
 -77.000   45.000 -0.01907 60
 -77.000   46.000 -0.01405 32
 -77.000   47.000 -0.01507 23
 -77.000   48.000 -0.01401 39
 -77.000   49.000 -0.01310 24
 -77.000   50.000 -0.01274 10
 -76.000   25.000  0.00000 0
 -76.000   26.000  0.00000 0
 -76.000   27.000  0.00000 0
 -76.000   28.000 -0.00172 0
 -76.000   29.000 -0.00011 2
 -76.000   30.000 -0.00031 16
 -76.000   31.000 -0.00449 13
 -76.000   32.000  0.00062 6
 -76.000   33.000  0.00137 18
 -76.000   34.000 -0.00145 16
 -76.000   35.000 -0.00931 20
 -76.000   36.000 -0.00961 7
 -76.000   37.000 -0.01206 13
 -76.000   38.000 -0.00970 7
 -76.000   39.000 -0.01663 10
 -76.000   40.000 -0.01807 7
 -76.000   41.000 -0.02146 10
 -76.000   42.000 -0.03039 7
 -76.000   43.000 -0.03415 6
 -76.000   44.000 -0.02872 18
 -76.000   45.000 -0.02136 24
 -76.000   46.000 -0.01645 14
 -76.000   47.000 -0.01444 21
 -76.000   48.000 -0.01396 21
 -76.000   49.000 -0.01408 5
 -76.000   50.000 -0.01518 12
 -75.000   25.000  0.00000 0
 -75.000   26.000  0.00000 0
 -75.000   27.000  0.00000 0
 -75.000   28.000  0.00030 0
 -75.000   29.000  0.00106 0
 -75.000   30.000 -0.00098 4
 -75.000   31.000 -0.00288 12
 -75.000   32.000  0.00223 16
 -75.000   33.000  0.00309 10
 -75.000   34.000  0.00449 12
 -75.000   35.000 -0.00126 16
 -75.000   36.000 -0.00716 11
 -75.000   37.000 -0.01324 21
 -75.000   38.000 -0.01559 7
 -75.000   39.000 -0.02717 15
 -75.000   40.000 -0.02899 6
 -75.000   41.000 -0.02890 7
 -75.000   42.000 -0.03538 4
 -75.000   43.000 -0.03519 6
 -75.000   44.000 -0.02838 5
 -75.000   45.000 -0.02087 21
 -75.000   46.000 -0.01519 17
 -75.000   47.000 -0.01093 23
 -75.000   48.000 -0.01222 18
 -75.000   49.000 -0.01201 13
 -75.000   50.000 -0.01251 10
 -74.000   25.000  0.00000 0
 -74.000   26.000  0.00000 0
 -74.000   27.000  0.00000 0
 -74.000   28.000  0.00124 0
 -74.000   29.000  0.00288 0
 -74.000   30.000  0.00174 3
 -74.000   31.000  0.00195 14
 -74.000   32.000  0.00512 6
 -74.000   33.000  0.00619 9
 -74.000   34.000  0.00629 8
 -74.000   35.000  0.00258 8
 -74.000   36.000 -0.00464 16
 -74.000   37.000 -0.00986 8
 -74.000   38.000 -0.01340 14
 -74.000   39.000 -0.02588 13
 -74.000   40.000 -0.02939 9
 -74.000   41.000 -0.03190 15
 -74.000   42.000 -0.03653 7
 -74.000   43.000 -0.03508 7
 -74.000   44.000 -0.02796 6
 -74.000   45.000 -0.02077 12
 -74.000   46.000 -0.01209 27
 -74.000   47.000 -0.00665 23
 -74.000   48.000 -0.00896 19
 -74.000   49.000 -0.00667 10
 -74.000   50.000 -0.00692 15
 -73.000   25.000  0.00000 0
 -73.000   26.000  0.00000 0
 -73.000   27.000  0.00000 0
 -73.000   28.000  0.00000 0
 -73.000   29.000  0.00068 0
 -73.000   30.000  0.00022 0
 -73.000   31.000  0.00148 8
 -73.000   32.000  0.00263 6
 -73.000   33.000  0.00609 3
 -73.000   34.000  0.00671 5
 -73.000   35.000  0.00440 6
 -73.000   36.000 -0.00322 5
 -73.000   37.000 -0.00610 17
 -73.000   38.000 -0.01077 7
 -73.000   39.000 -0.01968 9
 -73.000   40.000 -0.02179 11
 -73.000   41.000 -0.02755 9
 -73.000   42.000 -0.03203 11
 -73.000   43.000 -0.03187 7
 -73.000   44.000 -0.02875 10
 -73.000   45.000 -0.02353 21
 -73.000   46.000 -0.01192 14
 -73.000   47.000 -0.00700 7
 -73.000   48.000 -0.00792 15
 -73.000   49.000 -0.00429 17
 -73.000   50.000 -0.00629 14
 -72.000   25.000  0.00000 0
 -72.000   26.000  0.00000 0
 -72.000   27.000  0.00000 0
 -72.000   28.000  0.00000 0
 -72.000   29.000 -0.00023 0
 -72.000   30.000 -0.00102 0
 -72.000   31.000 -0.00003 1
 -72.000   32.000  0.00053 3
 -72.000   33.000  0.00234 6
 -72.000   34.000  0.00318 5
 -72.000   35.000  0.00270 1
 -72.000   36.000 -0.00670 0
 -72.000   37.000 -0.01057 19
 -72.000   38.000 -0.01192 10
 -72.000   39.000 -0.01772 6
 -72.000   40.000 -0.02132 10
 -72.000   41.000 -0.02376 11
 -72.000   42.000 -0.02948 8
 -72.000   43.000 -0.03106 6
 -72.000   44.000 -0.03028 5
 -72.000   45.000 -0.02532 6
 -72.000   46.000 -0.01572 7
 -72.000   47.000 -0.00821 9
 -72.000   48.000 -0.00730 17
 -72.000   49.000 -0.00362 21
 -72.000   50.000 -0.00496 12
 -71.000   25.000  0.00000 0
 -71.000   26.000  0.00000 0
 -71.000   27.000  0.00000 0
 -71.000   28.000  0.00000 0
 -71.000   29.000  0.00014 0
 -71.000   30.000 -0.00071 0
 -71.000   31.000 -0.00000 0
 -71.000   32.000 -0.00000 19
 -71.000   33.000  0.00079 3
 -71.000   34.000  0.00065 4
 -71.000   35.000 -0.00024 2
 -71.000   36.000 -0.00753 2
 -71.000   37.000 -0.01340 3
 -71.000   38.000 -0.01202 6
 -71.000   39.000 -0.01229 8
 -71.000   40.000 -0.01140 11
 -71.000   41.000 -0.01386 11
 -71.000   42.000 -0.01514 13
 -71.000   43.000 -0.02129 6
 -71.000   44.000 -0.02552 5
 -71.000   45.000 -0.02441 6
 -71.000   46.000 -0.01593 6
 -71.000   47.000 -0.00932 6
 -71.000   48.000 -0.00439 4
 -71.000   49.000  0.00015 12
 -71.000   50.000 -0.00026 26
 -70.000   25.000  0.00000 0
 -70.000   26.000  0.00000 0
 -70.000   27.000  0.00000 0
 -70.000   28.000  0.00000 0
 -70.000   29.000  0.00000 0
 -70.000   30.000 -0.00040 0
 -70.000   31.000  0.00030 1
 -70.000   32.000  0.00030 3
 -70.000   33.000  0.00030 3
 -70.000   34.000  0.00030 0
 -70.000   35.000  0.00043 0
 -70.000   36.000 -0.00297 0
 -70.000   37.000 -0.00584 3
 -70.000   38.000 -0.00388 6
 -70.000   39.000 -0.00118 7
 -70.000   40.000 -0.00076 6
 -70.000   41.000 -0.00494 8
 -70.000   42.000 -0.00643 1
 -70.000   43.000 -0.01348 8
 -70.000   44.000 -0.02052 6
 -70.000   45.000 -0.01975 4
 -70.000   46.000 -0.01215 5
 -70.000   47.000 -0.00857 4
 -70.000   48.000  0.00041 6
 -70.000   49.000  0.00595 10
 -70.000   50.000  0.00639 8
 -69.000   25.000  0.00000 0
 -69.000   26.000  0.00000 0
 -69.000   27.000  0.00000 0
 -69.000   28.000  0.00000 0
 -69.000   29.000  0.00000 0
 -69.000   30.000 -0.00040 0
 -69.000   31.000 -0.00040 0
 -69.000   32.000 -0.00040 0
 -69.000   33.000 -0.00040 0
 -69.000   34.000 -0.00040 0
 -69.000   35.000  0.00000 0
 -69.000   36.000 -0.00127 0
 -69.000   37.000 -0.00240 2
 -69.000   38.000 -0.00172 6
 -69.000   39.000  0.00152 5
 -69.000   40.000  0.00102 12
 -69.000   41.000 -0.00003 6
 -69.000   42.000 -0.00327 4
 -69.000   43.000 -0.00920 1
 -69.000   44.000 -0.01510 6
 -69.000   45.000 -0.01305 6
 -69.000   46.000 -0.01061 2
 -69.000   47.000 -0.00800 3
 -69.000   48.000  0.00057 9
 -69.000   49.000  0.00405 12
 -69.000   50.000  0.00280 7
 -68.000   25.000  0.00000 0
 -68.000   26.000  0.00000 0
 -68.000   27.000  0.00000 0
 -68.000   28.000  0.00000 0
 -68.000   29.000  0.00000 0
 -68.000   30.000  0.00000 0
 -68.000   31.000  0.00000 0
 -68.000   32.000  0.00000 0
 -68.000   33.000  0.00000 0
 -68.000   34.000  0.00000 0
 -68.000   35.000  0.00000 0
 -68.000   36.000 -0.00123 0
 -68.000   37.000 -0.00198 1
 -68.000   38.000 -0.00148 4
 -68.000   39.000  0.00071 4
 -68.000   40.000  0.00071 3
 -68.000   41.000  0.00181 2
 -68.000   42.000 -0.00181 3
 -68.000   43.000 -0.00511 4
 -68.000   44.000 -0.00730 15
 -68.000   45.000 -0.00730 1
 -68.000   46.000 -0.00707 2
 -68.000   47.000 -0.00523 3
 -68.000   48.000  0.00055 8
 -68.000   49.000  0.00069 5
 -68.000   50.000  0.00092 8
 -67.000   25.000  0.00000 0
 -67.000   26.000  0.00000 0
 -67.000   27.000  0.00000 0
 -67.000   28.000  0.00000 0
 -67.000   29.000  0.00000 0
 -67.000   30.000  0.00000 0
 -67.000   31.000  0.00000 0
 -67.000   32.000  0.00000 0
 -67.000   33.000  0.00000 0
 -67.000   34.000  0.00000 0
 -67.000   35.000  0.00000 0
 -67.000   36.000  0.00148 0
 -67.000   37.000  0.00148 0
 -67.000   38.000  0.00126 2
 -67.000   39.000  0.00265 1
 -67.000   40.000  0.00265 2
 -67.000   41.000  0.00295 2
 -67.000   42.000  0.00143 5
 -67.000   43.000 -0.00117 7
 -67.000   44.000 -0.00255 1
 -67.000   45.000 -0.00255 1
 -67.000   46.000 -0.00333 3
 -67.000   47.000 -0.00373 4
 -67.000   48.000  0.00096 4
 -67.000   49.000  0.00120 6
 -67.000   50.000  0.00160 6
 -66.000   25.000  0.00000 0
 -66.000   26.000  0.00000 0
 -66.000   27.000  0.00000 0
 -66.000   28.000  0.00000 0
 -66.000   29.000  0.00000 0
 -66.000   30.000  0.00000 0
 -66.000   31.000  0.00000 0
 -66.000   32.000  0.00000 0
 -66.000   33.000  0.00000 0
 -66.000   34.000  0.00000 0
 -66.000   35.000  0.00000 0
 -66.000   36.000  0.00000 0
 -66.000   37.000  0.00000 0
 -66.000   38.000  0.00000 0
 -66.000   39.000  0.00000 0
 -66.000   40.000  0.00000 1
 -66.000   41.000  0.00222 5
 -66.000   42.000  0.00284 4
 -66.000   43.000  0.00284 5
 -66.000   44.000  0.00284 0
 -66.000   45.000  0.00284 2
 -66.000   46.000  0.00242 3
 -66.000   47.000 -0.00033 1
 -66.000   48.000  0.00068 5
 -66.000   49.000  0.00085 6
 -66.000   50.000  0.00113 2
 -65.000   25.000  0.00000 0
 -65.000   26.000  0.00000 0
 -65.000   27.000  0.00000 0
 -65.000   28.000  0.00000 0
 -65.000   29.000  0.00000 0
 -65.000   30.000  0.00000 0
 -65.000   31.000  0.00000 0
 -65.000   32.000  0.00000 0
 -65.000   33.000  0.00000 0
 -65.000   34.000  0.00000 0
 -65.000   35.000  0.00000 1
 -65.000   36.000  0.00000 4
 -65.000   37.000  0.00000 0
 -65.000   38.000  0.00000 1
 -65.000   39.000  0.00000 0
 -65.000   40.000  0.00000 0
 -65.000   41.000  0.00297 4
 -65.000   42.000  0.00297 1
 -65.000   43.000  0.00297 2
 -65.000   44.000  0.00297 1
 -65.000   45.000  0.00297 0
 -65.000   46.000  0.00000 2
 -65.000   47.000 -0.00284 1
 -65.000   48.000 -0.00544 3
 -65.000   49.000 -0.00680 3
 -65.000   50.000 -0.00907 9
