-130.000   25.000  0.00000 0
-130.000   26.000  0.00000 0
-130.000   27.000  0.00000 0
-130.000   28.000  0.00000 0
-130.000   29.000  0.00000 0
-130.000   30.000  0.00000 0
-130.000   31.000  0.00000 0
-130.000   32.000  0.00000 0
-130.000   33.000  0.00000 0
-130.000   34.000  0.00000 0
-130.000   35.000  0.00000 0
-130.000   36.000  0.00000 0
-130.000   37.000  0.00000 0
-130.000   38.000  0.00000 0
-130.000   39.000  0.00000 0
-130.000   40.000  0.00000 0
-130.000   41.000  0.00000 0
-130.000   42.000  0.00000 0
-130.000   43.000  0.00000 0
-130.000   44.000  0.00000 0
-130.000   45.000  0.00000 0
-130.000   46.000  0.00000 0
-130.000   47.000 -0.00041 0
-130.000   48.000  0.00076 0
-130.000   49.000  0.00095 0
-130.000   50.000  0.00127 0
-129.000   25.000  0.00000 0
-129.000   26.000  0.00000 0
-129.000   27.000  0.00000 0
-129.000   28.000  0.00000 0
-129.000   29.000  0.00000 0
-129.000   30.000  0.00000 0
-129.000   31.000  0.00000 0
-129.000   32.000  0.00000 0
-129.000   33.000  0.00000 0
-129.000   34.000  0.00000 0
-129.000   35.000  0.00000 0
-129.000   36.000  0.00000 0
-129.000   37.000  0.00000 0
-129.000   38.000  0.00000 0
-129.000   39.000  0.00000 0
-129.000   40.000  0.00000 0
-129.000   41.000  0.00000 0
-129.000   42.000  0.00000 0
-129.000   43.000  0.00000 0
-129.000   44.000  0.00000 0
-129.000   45.000  0.00000 0
-129.000   46.000 -0.00117 0
-129.000   47.000 -0.00148 0
-129.000   48.000 -0.00060 0
-129.000   49.000 -0.00075 10
-129.000   50.000 -0.00100 6
-128.000   25.000  0.00000 0
-128.000   26.000  0.00000 0
-128.000   27.000  0.00000 0
-128.000   28.000  0.00000 0
-128.000   29.000  0.00000 0
-128.000   30.000  0.00000 0
-128.000   31.000  0.00000 0
-128.000   32.000  0.00000 0
-128.000   33.000  0.00000 0
-128.000   34.000  0.00000 0
-128.000   35.000  0.00000 0
-128.000   36.000  0.00000 0
-128.000   37.000  0.00000 0
-128.000   38.000  0.00000 0
-128.000   39.000 -0.00043 0
-128.000   40.000  0.00005 0
-128.000   41.000 -0.00013 0
-128.000   42.000 -0.00105 0
-128.000   43.000 -0.00101 0
-128.000   44.000 -0.00239 0
-128.000   45.000 -0.00206 0
-128.000   46.000 -0.00366 0
-128.000   47.000 -0.00379 0
-128.000   48.000 -0.00142 0
-128.000   49.000  0.00049 3
-128.000   50.000 -0.00068 1
-127.000   25.000  0.00000 0
-127.000   26.000  0.00000 0
-127.000   27.000  0.00000 0
-127.000   28.000  0.00000 0
-127.000   29.000  0.00000 0
-127.000   30.000  0.00000 0
-127.000   31.000  0.00000 0
-127.000   32.000  0.00000 0
-127.000   33.000  0.00000 0
-127.000   34.000  0.00000 0
-127.000   35.000  0.00000 0
-127.000   36.000 -0.00056 0
-127.000   37.000 -0.00089 0
-127.000   38.000 -0.00065 0
-127.000   39.000 -0.00158 0
-127.000   40.000 -0.00158 0
-127.000   41.000 -0.00097 0
-127.000   42.000 -0.00183 0
-127.000   43.000 -0.00261 0
-127.000   44.000 -0.00337 0
-127.000   45.000 -0.00277 0
-127.000   46.000 -0.00395 0
-127.000   47.000 -0.00318 0
-127.000   48.000 -0.00041 10
-127.000   49.000  0.00160 3
-127.000   50.000  0.00113 1
-126.000   25.000  0.00000 0
-126.000   26.000  0.00000 0
-126.000   27.000  0.00000 0
-126.000   28.000  0.00000 0
-126.000   29.000  0.00000 0
-126.000   30.000  0.00000 0
-126.000   31.000  0.00000 0
-126.000   32.000  0.00000 0
-126.000   33.000  0.00000 0
-126.000   34.000  0.00000 0
-126.000   35.000 -0.00035 0
-126.000   36.000 -0.00145 0
-126.000   37.000 -0.00193 0
-126.000   38.000 -0.00200 0
-126.000   39.000 -0.00341 2
-126.000   40.000 -0.00332 4
-126.000   41.000 -0.00250 13
-126.000   42.000 -0.00322 7
-126.000   43.000 -0.00341 19
-126.000   44.000 -0.00344 20
-126.000   45.000 -0.00191 20
-126.000   46.000 -0.00172 8
-126.000   47.000 -0.00090 27
-126.000   48.000 -0.00039 28
-126.000   49.000  0.00132 11
-126.000   50.000 -0.00037 15
-125.000   25.000  0.00000 0
-125.000   26.000  0.00000 0
-125.000   27.000  0.00000 0
-125.000   28.000  0.00000 0
-125.000   29.000  0.00000 0
-125.000   30.000  0.00000 0
-125.000   31.000  0.00000 0
-125.000   32.000  0.00000 0
-125.000   33.000 -0.00053 0
-125.000   34.000 -0.00122 0
-125.000   35.000 -0.00130 0
-125.000   36.000 -0.00225 0
-125.000   37.000 -0.00314 0
-125.000   38.000 -0.00278 9
-125.000   39.000 -0.00337 17
-125.000   40.000 -0.00318 40
-125.000   41.000 -0.00311 63
-125.000   42.000 -0.00344 86
-125.000   43.000 -0.00371 144
-125.000   44.000 -0.00360 117
-125.000   45.000 -0.00285 88
-125.000   46.000 -0.00172 92
-125.000   47.000 -0.00192 150
-125.000   48.000 -0.00123 120
-125.000   49.000 -0.00007 40
-125.000   50.000 -0.00153 12
-124.000   25.000  0.00000 0
-124.000   26.000  0.00000 0
-124.000   27.000  0.00000 0
-124.000   28.000  0.00000 0
-124.000   29.000  0.00000 0
-124.000   30.000  0.00000 0
-124.000   31.000  0.00000 0
-124.000   32.000 -0.00138 0
-124.000   33.000 -0.00201 0
-124.000   34.000 -0.00280 0
-124.000   35.000 -0.00333 0
-124.000   36.000 -0.00386 3
-124.000   37.000 -0.00369 40
-124.000   38.000 -0.00459 39
-124.000   39.000 -0.00510 80
-124.000   40.000 -0.00472 92
-124.000   41.000 -0.00538 138
-124.000   42.000 -0.00619 76
-124.000   43.000 -0.00538 93
-124.000   44.000 -0.00621 80
-124.000   45.000 -0.00596 90
-124.000   46.000 -0.00383 123
-124.000   47.000 -0.00404 131
-124.000   48.000 -0.00548 179
-124.000   49.000 -0.00419 44
-124.000   50.000 -0.00574 10
-123.000   25.000  0.00000 0
-123.000   26.000  0.00000 0
-123.000   27.000  0.00000 0
-123.000   28.000  0.00000 0
-123.000   29.000  0.00000 0
-123.000   30.000  0.00029 0
-123.000   31.000 -0.00041 0
-123.000   32.000 -0.00207 0
-123.000   33.000 -0.00225 0
-123.000   34.000 -0.00311 0
-123.000   35.000 -0.00343 9
-123.000   36.000 -0.00318 46
-123.000   37.000 -0.00236 69
-123.000   38.000 -0.00349 47
-123.000   39.000 -0.00325 100
-123.000   40.000 -0.00429 83
-123.000   41.000 -0.00490 127
-123.000   42.000 -0.00533 95
-123.000   43.000 -0.00452 119
-123.000   44.000 -0.00430 92
-123.000   45.000 -0.00389 99
-123.000   46.000 -0.00177 125
-123.000   47.000 -0.00278 144
-123.000   48.000 -0.00641 121
-123.000   49.000 -0.00750 56
-123.000   50.000 -0.00890 2
-122.000   25.000  0.00000 0
-122.000   26.000  0.00000 0
-122.000   27.000  0.00000 0
-122.000   28.000  0.00000 0
-122.000   29.000  0.00000 0
-122.000   30.000  0.00048 0
-122.000   31.000 -0.00073 0
-122.000   32.000 -0.00314 0
-122.000   33.000 -0.00330 1
-122.000   34.000 -0.00392 7
-122.000   35.000 -0.00461 38
-122.000   36.000 -0.00276 45
-122.000   37.000 -0.00084 131
-122.000   38.000 -0.00238 106
-122.000   39.000 -0.00270 143
-122.000   40.000 -0.00440 123
-122.000   41.000 -0.00634 106
-122.000   42.000 -0.00756 101
-122.000   43.000 -0.00604 128
-122.000   44.000 -0.00621 105
-122.000   45.000 -0.00472 122
-122.000   46.000 -0.00250 146
-122.000   47.000 -0.00382 107
-122.000   48.000 -0.00757 72
-122.000   49.000 -0.00807 22
-122.000   50.000 -0.01006 8
-121.000   25.000  0.00000 0
-121.000   26.000  0.00000 0
-121.000   27.000  0.00000 0
-121.000   28.000  0.00000 0
-121.000   29.000  0.00000 0
-121.000   30.000  0.00038 0
-121.000   31.000 -0.00175 0
-121.000   32.000 -0.00417 15
-121.000   33.000 -0.00384 35
-121.000   34.000 -0.00512 93
-121.000   35.000 -0.00628 122
-121.000   36.000 -0.00382 97
-121.000   37.000 -0.00150 138
-121.000   38.000 -0.00272 94
-121.000   39.000 -0.00101 98
-121.000   40.000 -0.00226 60
-121.000   41.000 -0.00312 99
-121.000   42.000 -0.00392 57
-121.000   43.000 -0.00262 89
-121.000   44.000 -0.00450 78
-121.000   45.000 -0.00438 95
-121.000   46.000 -0.00389 144
-121.000   47.000 -0.00550 124
-121.000   48.000 -0.00858 81
-121.000   49.000 -0.00891 49
-121.000   50.000 -0.00869 12
-120.000   25.000  0.00000 0
-120.000   26.000  0.00000 0
-120.000   27.000  0.00000 0
-120.000   28.000  0.00000 0
-120.000   29.000  0.00000 0
-120.000   30.000  0.00022 0
-120.000   31.000 -0.00232 0
-120.000   32.000 -0.00488 26
-120.000   33.000 -0.00437 126
-120.000   34.000 -0.00526 202
-120.000   35.000 -0.00723 225
-120.000   36.000 -0.00410 146
-120.000   37.000 -0.00152 142
-120.000   38.000 -0.00379 91
-120.000   39.000 -0.00235 72
-120.000   40.000 -0.00447 49
-120.000   41.000 -0.00597 55
-120.000   42.000 -0.00639 66
-120.000   43.000 -0.00456 94
-120.000   44.000 -0.00647 91
-120.000   45.000 -0.00437 107
-120.000   46.000 -0.00329 103
-120.000   47.000 -0.00376 113
-120.000   48.000 -0.00650 50
-120.000   49.000 -0.00643 13
-120.000   50.000 -0.00562 5
-119.000   25.000  0.00000 0
-119.000   26.000  0.00000 0
-119.000   27.000  0.00000 0
-119.000   28.000  0.00000 0
-119.000   29.000 -0.00041 0
-119.000   30.000 -0.00064 0
-119.000   31.000 -0.00374 2
-119.000   32.000 -0.00523 75
-119.000   33.000 -0.00492 179
-119.000   34.000 -0.00575 244
-119.000   35.000 -0.00716 320
-119.000   36.000 -0.00303 133
-119.000   37.000 -0.00291 165
-119.000   38.000 -0.00552 70
-119.000   39.000 -0.00427 66
-119.000   40.000 -0.00674 27
-119.000   41.000 -0.00857 53
-119.000   42.000 -0.00685 39
-119.000   43.000 -0.00501 37
-119.000   44.000 -0.00533 79
-119.000   45.000 -0.00172 147
-119.000   46.000  0.00005 127
-119.000   47.000 -0.00018 116
-119.000   48.000  0.00004 61
-119.000   49.000  0.00043 29
-119.000   50.000  0.00139 4
-118.000   25.000  0.00000 0
-118.000   26.000  0.00000 0
-118.000   27.000  0.00000 0
-118.000   28.000  0.00000 0
-118.000   29.000 -0.00091 0
-118.000   30.000 -0.00230 0
-118.000   31.000 -0.00496 2
-118.000   32.000 -0.00618 226
-118.000   33.000 -0.00590 480
-118.000   34.000 -0.00615 462
-118.000   35.000 -0.00728 230
-118.000   36.000 -0.00390 146
-118.000   37.000 -0.00340 116
-118.000   38.000 -0.00485 57
-118.000   39.000 -0.00246 46
-118.000   40.000 -0.00241 34
-118.000   41.000 -0.00469 70
-118.000   42.000 -0.00383 27
-118.000   43.000 -0.00407 70
-118.000   44.000 -0.00559 62
-118.000   45.000 -0.00367 122
-118.000   46.000 -0.00085 76
-118.000   47.000  0.00054 69
-118.000   48.000  0.00156 37
-118.000   49.000  0.00230 24
-118.000   50.000  0.00400 1
-117.000   25.000  0.00000 0
-117.000   26.000  0.00000 0
-117.000   27.000  0.00000 0
-117.000   28.000  0.00000 0
-117.000   29.000 -0.00214 0
-117.000   30.000 -0.00405 0
-117.000   31.000 -0.00631 53
-117.000   32.000 -0.00667 263
-117.000   33.000 -0.00648 395
-117.000   34.000 -0.00594 271
-117.000   35.000 -0.00614 198
-117.000   36.000 -0.00285 130
-117.000   37.000 -0.00368 95
-117.000   38.000 -0.00530 39
-117.000   39.000 -0.00127 81
-117.000   40.000 -0.00083 102
-117.000   41.000 -0.00356 310
-117.000   42.000 -0.00120 33
-117.000   43.000 -0.00080 95
-117.000   44.000 -0.00330 74
-117.000   45.000 -0.00199 79
-117.000   46.000  0.00024 43
-117.000   47.000 -0.00011 71
-117.000   48.000  0.00053 29
-117.000   49.000  0.00074 18
-117.000   50.000  0.00161 4
-116.000   25.000  0.00000 0
-116.000   26.000  0.00000 0
-116.000   27.000  0.00000 0
-116.000   28.000  0.00000 0
-116.000   29.000 -0.00294 0
-116.000   30.000 -0.00542 0
-116.000   31.000 -0.00716 96
-116.000   32.000 -0.00738 366
-116.000   33.000 -0.00799 241
-116.000   34.000 -0.00546 333
-116.000   35.000 -0.00404 215
-116.000   36.000 -0.00054 96
-116.000   37.000 -0.00196 69
-116.000   38.000 -0.00345 32
-116.000   39.000 -0.00161 116
-116.000   40.000 -0.00173 52
-116.000   41.000 -0.00550 146
-116.000   42.000 -0.00407 45
-116.000   43.000 -0.00387 82
-116.000   44.000 -0.00516 123
-116.000   45.000 -0.00526 111
-116.000   46.000 -0.00320 38
-116.000   47.000 -0.00354 70
-116.000   48.000 -0.00202 31
-116.000   49.000 -0.00270 17
-116.000   50.000 -0.00148 6
-115.000   25.000  0.00000 0
-115.000   26.000  0.00000 0
-115.000   27.000  0.00000 0
-115.000   28.000  0.00141 0
-115.000   29.000 -0.00131 0
-115.000   30.000 -0.00373 0
-115.000   31.000 -0.00616 62
-115.000   32.000 -0.00666 228
-115.000   33.000 -0.00816 192
-115.000   34.000 -0.00640 139
-115.000   35.000 -0.00446 147
-115.000   36.000 -0.00160 71
-115.000   37.000 -0.00254 74
-115.000   38.000 -0.00346 32
-115.000   39.000 -0.00133 200
-115.000   40.000 -0.00068 49
-115.000   41.000 -0.00213 36
-115.000   42.000 -0.00197 55
-115.000   43.000 -0.00295 77
-115.000   44.000 -0.00454 59
-115.000   45.000 -0.00542 64
-115.000   46.000 -0.00475 39
-115.000   47.000 -0.00526 47
-115.000   48.000 -0.00366 27
-115.000   49.000 -0.00405 11
-115.000   50.000 -0.00422 4
-114.000   25.000  0.00000 0
-114.000   26.000  0.00000 0
-114.000   27.000  0.00000 0
-114.000   28.000  0.00124 0
-114.000   29.000 -0.00089 0
-114.000   30.000 -0.00338 0
-114.000   31.000 -0.00481 27
-114.000   32.000 -0.00488 143
-114.000   33.000 -0.00542 179
-114.000   34.000 -0.00370 92
-114.000   35.000 -0.00105 81
-114.000   36.000 -0.00054 59
-114.000   37.000  0.00037 44
-114.000   38.000  0.00016 50
-114.000   39.000  0.00239 219
-114.000   40.000  0.00281 44
-114.000   41.000  0.00298 69
-114.000   42.000  0.00026 49
-114.000   43.000 -0.00101 69
-114.000   44.000 -0.00413 38
-114.000   45.000 -0.00620 45
-114.000   46.000 -0.00752 52
-114.000   47.000 -0.00867 21
-114.000   48.000 -0.00827 25
-114.000   49.000 -0.00872 19
-114.000   50.000 -0.00913 4
-113.000   25.000  0.00000 0
-113.000   26.000  0.00000 0
-113.000   27.000  0.00000 0
-113.000   28.000  0.00075 0
-113.000   29.000 -0.00182 0
-113.000   30.000 -0.00332 7
-113.000   31.000 -0.00484 31
-113.000   32.000 -0.00566 57
-113.000   33.000 -0.00637 102
-113.000   34.000 -0.00364 87
-113.000   35.000 -0.00172 102
-113.000   36.000 -0.00061 57
-113.000   37.000  0.00030 49
-113.000   38.000 -0.00117 27
-113.000   39.000 -0.00048 46
-113.000   40.000 -0.00255 25
-113.000   41.000 -0.00226 40
-113.000   42.000 -0.00361 72
-113.000   43.000 -0.00188 64
-113.000   44.000 -0.00430 50
-113.000   45.000 -0.00461 26
-113.000   46.000 -0.00689 57
-113.000   47.000 -0.01095 20
-113.000   48.000 -0.01126 29
-113.000   49.000 -0.01209 12
-113.000   50.000 -0.01287 3
-112.000   25.000  0.00000 0
-112.000   26.000  0.00000 0
-112.000   27.000  0.00000 0
-112.000   28.000 -0.00028 0
-112.000   29.000 -0.00163 0
-112.000   30.000 -0.00269 23
-112.000   31.000 -0.00387 27
-112.000   32.000 -0.00490 53
-112.000   33.000 -0.00367 54
-112.000   34.000 -0.00225 56
-112.000   35.000 -0.00056 35
-112.000   36.000 -0.00055 63
-112.000   37.000  0.00096 35
-112.000   38.000 -0.00070 44
-112.000   39.000 -0.00049 46
-112.000   40.000 -0.00287 60
-112.000   41.000 -0.00175 22
-112.000   42.000 -0.00338 37
-112.000   43.000 -0.00259 90
-112.000   44.000 -0.00413 193
-112.000   45.000 -0.00532 75
-112.000   46.000 -0.00803 29
-112.000   47.000 -0.01326 24
-112.000   48.000 -0.01335 25
-112.000   49.000 -0.01511 11
-112.000   50.000 -0.01524 2
-111.000   25.000  0.00000 0
-111.000   26.000  0.00000 0
-111.000   27.000  0.00000 0
-111.000   28.000 -0.00087 0
-111.000   29.000 -0.00115 0
-111.000   30.000 -0.00118 6
-111.000   31.000 -0.00162 35
-111.000   32.000 -0.00256 42
-111.000   33.000  0.00000 63
-111.000   34.000  0.00028 94
-111.000   35.000  0.00109 74
-111.000   36.000  0.00047 73
-111.000   37.000  0.00138 30
-111.000   38.000  0.00019 43
-111.000   39.000 -0.00016 34
-111.000   40.000 -0.00327 46
-111.000   41.000 -0.00196 29
-111.000   42.000 -0.00314 93
-111.000   43.000 -0.00325 94
-111.000   44.000 -0.00495 72
-111.000   45.000 -0.00496 37
-111.000   46.000 -0.00831 42
-111.000   47.000 -0.01264 24
-111.000   48.000 -0.01304 20
-111.000   49.000 -0.01373 21
-111.000   50.000 -0.01441 4
-110.000   25.000  0.00000 0
-110.000   26.000  0.00000 0
-110.000   27.000  0.00000 0
-110.000   28.000 -0.00208 0
-110.000   29.000 -0.00219 0
-110.000   30.000 -0.00183 17
-110.000   31.000 -0.00128 34
-110.000   32.000 -0.00212 65
-110.000   33.000  0.00114 66
-110.000   34.000  0.00159 55
-110.000   35.000  0.00175 49
-110.000   36.000  0.00096 66
-110.000   37.000  0.00220 45
-110.000   38.000  0.00192 63
-110.000   39.000  0.00118 51
-110.000   40.000 -0.00166 43
-110.000   41.000 -0.00147 78
-110.000   42.000 -0.00301 148
-110.000   43.000 -0.00299 91
-110.000   44.000 -0.00459 49
-110.000   45.000 -0.00544 39
-110.000   46.000 -0.00861 43
-110.000   47.000 -0.01351 27
-110.000   48.000 -0.01443 28
-110.000   49.000 -0.01555 16
-110.000   50.000 -0.01544 4
-109.000   25.000  0.00000 0
-109.000   26.000  0.00000 0
-109.000   27.000  0.00000 0
-109.000   28.000 -0.00192 0
-109.000   29.000 -0.00202 2
-109.000   30.000 -0.00190 19
-109.000   31.000 -0.00198 13
-109.000   32.000 -0.00307 61
-109.000   33.000 -0.00044 95
-109.000   34.000  0.00006 64
-109.000   35.000 -0.00010 30
-109.000   36.000  0.00010 37
-109.000   37.000  0.00098 32
-109.000   38.000  0.00156 53
-109.000   39.000  0.00114 49
-109.000   40.000 -0.00046 33
-109.000   41.000 -0.00111 121
-109.000   42.000 -0.00267 56
-109.000   43.000 -0.00355 54
-109.000   44.000 -0.00502 59
-109.000   45.000 -0.00713 45
-109.000   46.000 -0.00908 29
-109.000   47.000 -0.01247 26
-109.000   48.000 -0.01289 28
-109.000   49.000 -0.01424 12
-109.000   50.000 -0.01276 1
-108.000   25.000  0.00000 0
-108.000   26.000  0.00000 0
-108.000   27.000  0.00000 0
-108.000   28.000 -0.00148 0
-108.000   29.000 -0.00116 1
-108.000   30.000 -0.00135 27
-108.000   31.000 -0.00130 33
-108.000   32.000 -0.00146 30
-108.000   33.000  0.00115 64
-108.000   34.000  0.00031 57
-108.000   35.000  0.00068 94
-108.000   36.000  0.00051 41
-108.000   37.000 -0.00016 47
-108.000   38.000  0.00023 43
-108.000   39.000 -0.00009 46
-108.000   40.000 -0.00155 34
-108.000   41.000 -0.00246 60
-108.000   42.000 -0.00468 63
-108.000   43.000 -0.00553 101
-108.000   44.000 -0.00744 68
-108.000   45.000 -0.00953 48
-108.000   46.000 -0.01052 40
-108.000   47.000 -0.01094 25
-108.000   48.000 -0.01160 27
-108.000   49.000 -0.01106 9
-108.000   50.000 -0.00914 2
-107.000   25.000  0.00000 0
-107.000   26.000  0.00259 0
-107.000   27.000  0.00262 0
-107.000   28.000  0.00260 0
-107.000   29.000  0.00310 0
-107.000   30.000  0.00264 1
-107.000   31.000  0.00033 63
-107.000   32.000 -0.00026 49
-107.000   33.000  0.00007 65
-107.000   34.000 -0.00077 42
-107.000   35.000 -0.00062 40
-107.000   36.000 -0.00079 42
-107.000   37.000 -0.00135 55
-107.000   38.000 -0.00067 52
-107.000   39.000 -0.00087 80
-107.000   40.000 -0.00168 54
-107.000   41.000 -0.00222 59
-107.000   42.000 -0.00596 86
-107.000   43.000 -0.00679 141
-107.000   44.000 -0.00956 50
-107.000   45.000 -0.01162 27
-107.000   46.000 -0.01278 39
-107.000   47.000 -0.01076 30
-107.000   48.000 -0.01140 20
-107.000   49.000 -0.01009 14
-107.000   50.000 -0.00817 2
-106.000   25.000  0.00081 0
-106.000   26.000  0.00302 0
-106.000   27.000  0.00275 0
-106.000   28.000  0.00308 0
-106.000   29.000  0.00337 0
-106.000   30.000  0.00179 14
-106.000   31.000 -0.00053 32
-106.000   32.000 -0.00066 141
-106.000   33.000 -0.00127 109
-106.000   34.000 -0.00231 75
-106.000   35.000 -0.00168 58
-106.000   36.000 -0.00236 80
-106.000   37.000 -0.00304 31
-106.000   38.000 -0.00329 64
-106.000   39.000 -0.00202 52
-106.000   40.000 -0.00273 58
-106.000   41.000 -0.00290 64
-106.000   42.000 -0.00636 68
-106.000   43.000 -0.00658 100
-106.000   44.000 -0.01026 54
-106.000   45.000 -0.01151 26
-106.000   46.000 -0.01218 25
-106.000   47.000 -0.01142 15
-106.000   48.000 -0.01113 37
-106.000   49.000 -0.00999 22
-106.000   50.000 -0.00927 2
-105.000   25.000  0.00081 0
-105.000   26.000  0.00357 0
-105.000   27.000  0.00302 0
-105.000   28.000  0.00269 7
-105.000   29.000  0.00237 46
-105.000   30.000  0.00057 83
-105.000   31.000 -0.00158 59
-105.000   32.000 -0.00119 99
-105.000   33.000 -0.00066 83
-105.000   34.000 -0.00047 79
-105.000   35.000  0.00061 59
-105.000   36.000 -0.00002 76
-105.000   37.000 -0.00122 48
-105.000   38.000 -0.00231 75
-105.000   39.000 -0.00164 64
-105.000   40.000 -0.00281 47
-105.000   41.000 -0.00380 47
-105.000   42.000 -0.00665 36
-105.000   43.000 -0.00648 63
-105.000   44.000 -0.01035 65
-105.000   45.000 -0.01127 47
-105.000   46.000 -0.01227 34
-105.000   47.000 -0.01104 26
-105.000   48.000 -0.01202 37
-105.000   49.000 -0.01088 15
-105.000   50.000 -0.01060 9
-104.000   25.000  0.00081 0
-104.000   26.000  0.00357 0
-104.000   27.000  0.00208 6
-104.000   28.000  0.00215 30
-104.000   29.000  0.00197 17
-104.000   30.000  0.00087 57
-104.000   31.000 -0.00119 84
-104.000   32.000  0.00075 115
-104.000   33.000  0.00129 112
-104.000   34.000  0.00126 81
-104.000   35.000  0.00225 81
-104.000   36.000  0.00071 68
-104.000   37.000 -0.00169 55
-104.000   38.000 -0.00355 37
-104.000   39.000 -0.00310 28
-104.000   40.000 -0.00537 50
-104.000   41.000 -0.00534 41
-104.000   42.000 -0.00691 40
-104.000   43.000 -0.00625 22
-104.000   44.000 -0.00958 45
-104.000   45.000 -0.00886 35
-104.000   46.000 -0.00935 62
-104.000   47.000 -0.00853 30
-104.000   48.000 -0.00963 28
-104.000   49.000 -0.00817 18
-104.000   50.000 -0.00894 2
-103.000   25.000  0.00081 0
-103.000   26.000  0.00165 0
-103.000   27.000  0.00064 3
-103.000   28.000  0.00037 33
-103.000   29.000  0.00042 13
-103.000   30.000 -0.00126 56
-103.000   31.000 -0.00203 66
-103.000   32.000 -0.00047 61
-103.000   33.000 -0.00038 66
-103.000   34.000 -0.00006 44
-103.000   35.000  0.00123 45
-103.000   36.000 -0.00067 54
-103.000   37.000 -0.00294 44
-103.000   38.000 -0.00395 37
-103.000   39.000 -0.00371 42
-103.000   40.000 -0.00535 35
-103.000   41.000 -0.00405 48
-103.000   42.000 -0.00450 27
-103.000   43.000 -0.00399 54
-103.000   44.000 -0.00616 30
-103.000   45.000 -0.00635 44
-103.000   46.000 -0.00681 42
-103.000   47.000 -0.00748 37
-103.000   48.000 -0.00869 36
-103.000   49.000 -0.00891 18
-103.000   50.000 -0.00899 12
-102.000   25.000 -0.00053 0
-102.000   26.000 -0.00283 0
-102.000   27.000 -0.00411 0
-102.000   28.000 -0.00504 4
-102.000   29.000 -0.00621 30
-102.000   30.000 -0.00804 50
-102.000   31.000 -0.00642 79
-102.000   32.000 -0.00436 93
-102.000   33.000 -0.00386 40
-102.000   34.000 -0.00267 49
-102.000   35.000 -0.00086 41
-102.000   36.000 -0.00296 27
-102.000   37.000 -0.00491 51
-102.000   38.000 -0.00526 30
-102.000   39.000 -0.00488 50
-102.000   40.000 -0.00565 34
-102.000   41.000 -0.00501 49
-102.000   42.000 -0.00433 32
-102.000   43.000 -0.00443 36
-102.000   44.000 -0.00581 44
-102.000   45.000 -0.00556 32
-102.000   46.000 -0.00398 43
-102.000   47.000 -0.00504 39
-102.000   48.000 -0.00577 34
-102.000   49.000 -0.00599 17
-102.000   50.000 -0.00654 4
-101.000   25.000 -0.00197 0
-101.000   26.000 -0.00426 0
-101.000   27.000 -0.00551 4
-101.000   28.000 -0.00698 37
-101.000   29.000 -0.00659 42
-101.000   30.000 -0.00847 49
-101.000   31.000 -0.00697 70
-101.000   32.000 -0.00544 49
-101.000   33.000 -0.00466 63
-101.000   34.000 -0.00528 42
-101.000   35.000 -0.00406 22
-101.000   36.000 -0.00667 39
-101.000   37.000 -0.00710 27
-101.000   38.000 -0.00733 34
-101.000   39.000 -0.00682 64
-101.000   40.000 -0.00636 42
-101.000   41.000 -0.00468 33
-101.000   42.000 -0.00442 31
-101.000   43.000 -0.00363 55
-101.000   44.000 -0.00416 42
-101.000   45.000 -0.00395 33
-101.000   46.000 -0.00226 54
-101.000   47.000 -0.00394 52
-101.000   48.000 -0.00540 36
-101.000   49.000 -0.00589 27
-101.000   50.000 -0.00665 9
-100.000   25.000 -0.00825 0
-100.000   26.000 -0.01045 1
-100.000   27.000 -0.01044 11
-100.000   28.000 -0.01200 36
-100.000   29.000 -0.00846 79
-100.000   30.000 -0.00936 66
-100.000   31.000 -0.00766 67
-100.000   32.000 -0.00684 57
-100.000   33.000 -0.00701 59
-100.000   34.000 -0.00829 48
-100.000   35.000 -0.00736 54
-100.000   36.000 -0.01141 61
-100.000   37.000 -0.01219 71
-100.000   38.000 -0.01261 66
-100.000   39.000 -0.01267 49
-100.000   40.000 -0.01213 44
-100.000   41.000 -0.00762 44
-100.000   42.000 -0.00672 36
-100.000   43.000 -0.00429 50
-100.000   44.000 -0.00356 40
-100.000   45.000 -0.00303 74
-100.000   46.000 -0.00108 50
-100.000   47.000 -0.00278 40
-100.000   48.000 -0.00477 34
-100.000   49.000 -0.00520 19
-100.000   50.000 -0.00643 10
 -99.000   25.000 -0.01005 1
 -99.000   26.000 -0.01518 10
 -99.000   27.000 -0.01288 57
 -99.000   28.000 -0.01630 57
 -99.000   29.000 -0.01376 73
 -99.000   30.000 -0.01437 54
 -99.000   31.000 -0.00976 71
 -99.000   32.000 -0.01200 59
 -99.000   33.000 -0.01079 74
 -99.000   34.000 -0.01135 33
 -99.000   35.000 -0.01072 57
 -99.000   36.000 -0.01483 52
 -99.000   37.000 -0.01315 55
 -99.000   38.000 -0.01261 40
 -99.000   39.000 -0.01271 43
 -99.000   40.000 -0.01058 46
 -99.000   41.000 -0.00661 32
 -99.000   42.000 -0.00561 46
 -99.000   43.000 -0.00337 21
 -99.000   44.000 -0.00097 34
 -99.000   45.000 -0.00063 37
 -99.000   46.000  0.00178 61
 -99.000   47.000 -0.00038 51
 -99.000   48.000 -0.00218 20
 -99.000   49.000 -0.00365 10
 -99.000   50.000 -0.00485 0
 -98.000   25.000 -0.01279 2
 -98.000   26.000 -0.01644 10
 -98.000   27.000 -0.01413 15
 -98.000   28.000 -0.01819 40
 -98.000   29.000 -0.01596 41
 -98.000   30.000 -0.01410 65
 -98.000   31.000 -0.00992 54
 -98.000   32.000 -0.01140 50
 -98.000   33.000 -0.00911 73
 -98.000   34.000 -0.00989 35
 -98.000   35.000 -0.01126 49
 -98.000   36.000 -0.01508 64
 -98.000   37.000 -0.01340 67
 -98.000   38.000 -0.01336 44
 -98.000   39.000 -0.01252 45
 -98.000   40.000 -0.00902 43
 -98.000   41.000 -0.00576 44
 -98.000   42.000 -0.00516 27
 -98.000   43.000 -0.00410 47
 -98.000   44.000 -0.00167 41
 -98.000   45.000  0.00002 43
 -98.000   46.000  0.00279 40
 -98.000   47.000  0.00165 38
 -98.000   48.000  0.00127 24
 -98.000   49.000  0.00012 11
 -98.000   50.000 -0.00240 18
 -97.000   25.000 -0.01145 1
 -97.000   26.000 -0.01533 3
 -97.000   27.000 -0.01525 18
 -97.000   28.000 -0.02031 21
 -97.000   29.000 -0.01761 32
 -97.000   30.000 -0.01590 62
 -97.000   31.000 -0.01216 66
 -97.000   32.000 -0.01193 53
 -97.000   33.000 -0.00865 54
 -97.000   34.000 -0.00937 45
 -97.000   35.000 -0.01071 62
 -97.000   36.000 -0.01285 71
 -97.000   37.000 -0.01110 79
 -97.000   38.000 -0.01092 63
 -97.000   39.000 -0.01069 39
 -97.000   40.000 -0.00760 46
 -97.000   41.000 -0.00488 30
 -97.000   42.000 -0.00424 36
 -97.000   43.000 -0.00238 42
 -97.000   44.000  0.00087 22
 -97.000   45.000  0.00262 30
 -97.000   46.000  0.00555 39
 -97.000   47.000  0.00587 24
 -97.000   48.000  0.00476 21
 -97.000   49.000  0.00354 24
 -97.000   50.000  0.00161 11
 -96.000   25.000 -0.01082 0
 -96.000   26.000 -0.01434 0
 -96.000   27.000 -0.01538 9
 -96.000   28.000 -0.02201 32
 -96.000   29.000 -0.02209 23
 -96.000   30.000 -0.02174 23
 -96.000   31.000 -0.01814 38
 -96.000   32.000 -0.01769 32
 -96.000   33.000 -0.01211 60
 -96.000   34.000 -0.00955 40
 -96.000   35.000 -0.00879 92
 -96.000   36.000 -0.00966 53
 -96.000   37.000 -0.00762 35
 -96.000   38.000 -0.00746 52
 -96.000   39.000 -0.00773 34
 -96.000   40.000 -0.00431 44
 -96.000   41.000 -0.00380 27
 -96.000   42.000 -0.00308 22
 -96.000   43.000 -0.00197 27
 -96.000   44.000  0.00064 33
 -96.000   45.000  0.00091 31
 -96.000   46.000  0.00552 35
 -96.000   47.000  0.00751 41
 -96.000   48.000  0.00645 12
 -96.000   49.000  0.00590 11
 -96.000   50.000  0.00552 2
 -95.000   25.000 -0.00455 0
 -95.000   26.000 -0.00870 0
 -95.000   27.000 -0.01092 1
 -95.000   28.000 -0.01766 14
 -95.000   29.000 -0.02028 11
 -95.000   30.000 -0.02179 47
 -95.000   31.000 -0.01737 38
 -95.000   32.000 -0.01600 32
 -95.000   33.000 -0.00891 63
 -95.000   34.000 -0.00668 62
 -95.000   35.000 -0.00463 53
 -95.000   36.000 -0.00536 50
 -95.000   37.000 -0.00312 59
 -95.000   38.000 -0.00275 37
 -95.000   39.000 -0.00183 52
 -95.000   40.000  0.00207 32
 -95.000   41.000  0.00126 42
 -95.000   42.000  0.00134 25
 -95.000   43.000  0.00043 31
 -95.000   44.000  0.00187 27
 -95.000   45.000  0.00096 45
 -95.000   46.000  0.00643 34
 -95.000   47.000  0.00849 40
 -95.000   48.000  0.00916 17
 -95.000   49.000  0.00898 16
 -95.000   50.000  0.01064 1
 -94.000   25.000 -0.00274 0
 -94.000   26.000 -0.00396 0
 -94.000   27.000 -0.00755 0
 -94.000   28.000 -0.01275 5
 -94.000   29.000 -0.01376 9
 -94.000   30.000 -0.01659 31
 -94.000   31.000 -0.01490 30
 -94.000   32.000 -0.01232 36
 -94.000   33.000 -0.00664 56
 -94.000   34.000 -0.00501 41
 -94.000   35.000 -0.00241 88
 -94.000   36.000 -0.00221 62
 -94.000   37.000 -0.00080 55
 -94.000   38.000 -0.00044 49
 -94.000   39.000 -0.00052 35
 -94.000   40.000  0.00267 73
 -94.000   41.000  0.00112 31
 -94.000   42.000  0.00092 41
 -94.000   43.000 -0.00047 35
 -94.000   44.000 -0.00053 26
 -94.000   45.000 -0.00008 64
 -94.000   46.000  0.00406 49
 -94.000   47.000  0.00597 36
 -94.000   48.000  0.00652 23
 -94.000   49.000  0.00755 3
 -94.000   50.000  0.00713 0
 -93.000   25.000  0.00000 0
 -93.000   26.000 -0.00079 0
 -93.000   27.000 -0.00485 0
 -93.000   28.000 -0.00966 3
 -93.000   29.000 -0.00948 9
 -93.000   30.000 -0.01312 22
 -93.000   31.000 -0.01126 17
 -93.000   32.000 -0.00998 20
 -93.000   33.000 -0.00455 44
 -93.000   34.000 -0.00305 31
 -93.000   35.000 -0.00012 29
 -93.000   36.000 -0.00169 46
 -93.000   37.000  0.00110 33
 -93.000   38.000  0.00211 61
 -93.000   39.000  0.00084 43
 -93.000   40.000  0.00342 56
 -93.000   41.000  0.00290 46
 -93.000   42.000  0.00172 40
 -93.000   43.000  0.00017 22
 -93.000   44.000 -0.00000 38
 -93.000   45.000 -0.00010 42
 -93.000   46.000  0.00202 26
 -93.000   47.000  0.00495 79
 -93.000   48.000  0.00486 24
 -93.000   49.000  0.00579 23
 -93.000   50.000  0.00477 0
 -92.000   25.000  0.00000 0
 -92.000   26.000  0.00000 0
 -92.000   27.000 -0.00213 0
 -92.000   28.000 -0.00567 0
 -92.000   29.000 -0.00384 1
 -92.000   30.000 -0.00727 12
 -92.000   31.000 -0.00472 22
 -92.000   32.000 -0.00459 17
 -92.000   33.000 -0.00023 39
 -92.000   34.000 -0.00020 23
 -92.000   35.000  0.00226 41
 -92.000   36.000 -0.00064 31
 -92.000   37.000  0.00159 47
 -92.000   38.000  0.00240 52
 -92.000   39.000  0.00132 61
 -92.000   40.000  0.00443 30
 -92.000   41.000  0.00374 44
 -92.000   42.000  0.00235 36
 -92.000   43.000  0.00140 50
 -92.000   44.000  0.00069 47
 -92.000   45.000  0.00006 57
 -92.000   46.000  0.00217 37
 -92.000   47.000  0.00548 28
 -92.000   48.000  0.00480 17
 -92.000   49.000  0.00592 4
 -92.000   50.000  0.00538 2
 -91.000   25.000  0.00000 0
 -91.000   26.000  0.00000 0
 -91.000   27.000 -0.00073 0
 -91.000   28.000 -0.00234 2
 -91.000   29.000  0.00039 3
 -91.000   30.000 -0.00139 6
 -91.000   31.000  0.00066 33
 -91.000   32.000  0.00138 31
 -91.000   33.000  0.00364 43
 -91.000   34.000  0.00233 22
 -91.000   35.000  0.00337 28
 -91.000   36.000  0.00137 51
 -91.000   37.000  0.00238 26
 -91.000   38.000  0.00320 36
 -91.000   39.000  0.00242 45
 -91.000   40.000  0.00511 36
 -91.000   41.000  0.00433 30
 -91.000   42.000  0.00166 26
 -91.000   43.000  0.00101 44
 -91.000   44.000  0.00068 41
 -91.000   45.000  0.00116 31
 -91.000   46.000  0.00205 48
 -91.000   47.000  0.00587 10
 -91.000   48.000  0.00505 6
 -91.000   49.000  0.00593 6
 -91.000   50.000  0.00383 5
 -90.000   25.000  0.00000 0
 -90.000   26.000  0.00000 0
 -90.000   27.000 -0.00052 0
 -90.000   28.000 -0.00154 1
 -90.000   29.000 -0.00013 8
 -90.000   30.000 -0.00041 22
 -90.000   31.000  0.00032 8
 -90.000   32.000  0.00121 23
 -90.000   33.000  0.00274 39
 -90.000   34.000  0.00289 37
 -90.000   35.000  0.00176 36
 -90.000   36.000  0.00151 45
 -90.000   37.000  0.00207 26
 -90.000   38.000  0.00284 54
 -90.000   39.000  0.00163 58
 -90.000   40.000  0.00502 47
 -90.000   41.000  0.00308 45
 -90.000   42.000 -0.00002 35
 -90.000   43.000 -0.00109 29
 -90.000   44.000 -0.00032 28
 -90.000   45.000  0.00060 34
 -90.000   46.000  0.00075 12
 -90.000   47.000  0.00525 26
 -90.000   48.000  0.00501 13
 -90.000   49.000  0.00489 6
 -90.000   50.000  0.00168 2
 -89.000   25.000  0.00000 0
 -89.000   26.000  0.00000 0
 -89.000   27.000 -0.00294 0
 -89.000   28.000 -0.00367 1
 -89.000   29.000 -0.00434 2
 -89.000   30.000 -0.00447 11
 -89.000   31.000 -0.00402 13
 -89.000   32.000 -0.00028 26
 -89.000   33.000  0.00156 35
 -89.000   34.000  0.00286 39
 -89.000   35.000  0.00187 24
 -89.000   36.000  0.00222 60
 -89.000   37.000  0.00205 80
 -89.000   38.000  0.00207 71
 -89.000   39.000  0.00211 62
 -89.000   40.000  0.00407 37
 -89.000   41.000  0.00163 36
 -89.000   42.000 -0.00170 44
 -89.000   43.000 -0.00279 48
 -89.000   44.000 -0.00210 28
 -89.000   45.000 -0.00223 40
 -89.000   46.000 -0.00113 24
 -89.000   47.000  0.00389 13
 -89.000   48.000  0.00384 6
 -89.000   49.000  0.00312 2
 -89.000   50.000  0.00294 2
 -88.000   25.000  0.00000 0
 -88.000   26.000  0.00000 0
 -88.000   27.000 -0.00265 0
 -88.000   28.000 -0.00350 0
 -88.000   29.000 -0.00541 3
 -88.000   30.000 -0.00698 7
 -88.000   31.000 -0.00761 18
 -88.000   32.000 -0.00353 28
 -88.000   33.000 -0.00080 46
 -88.000   34.000  0.00098 40
 -88.000   35.000  0.00174 60
 -88.000   36.000  0.00400 81
 -88.000   37.000  0.00229 111
 -88.000   38.000  0.00056 122
 -88.000   39.000  0.00060 80
 -88.000   40.000  0.00228 42
 -88.000   41.000  0.00042 59
 -88.000   42.000 -0.00076 44
 -88.000   43.000 -0.00091 14
 -88.000   44.000  0.00008 26
 -88.000   45.000  0.00004 26
 -88.000   46.000  0.00096 8
 -88.000   47.000  0.00389 21
 -88.000   48.000  0.00390 5
 -88.000   49.000  0.00374 0
 -88.000   50.000  0.00361 5
 -87.000   25.000  0.00000 0
 -87.000   26.000  0.00000 0
 -87.000   27.000 -0.00303 0
 -87.000   28.000 -0.00577 0
 -87.000   29.000 -0.00867 11
 -87.000   30.000 -0.01080 11
 -87.000   31.000 -0.01217 25
 -87.000   32.000 -0.00823 41
 -87.000   33.000 -0.00235 43
 -87.000   34.000  0.00060 58
 -87.000   35.000  0.00205 49
 -87.000   36.000  0.00451 74
 -87.000   37.000  0.00294 79
 -87.000   38.000 -0.00008 84
 -87.000   39.000 -0.00012 91
 -87.000   40.000  0.00156 35
 -87.000   41.000  0.00133 21
 -87.000   42.000  0.00055 22
 -87.000   43.000  0.00009 42
 -87.000   44.000  0.00062 16
 -87.000   45.000  0.00076 32
 -87.000   46.000 -0.00031 15
 -87.000   47.000  0.00113 8
 -87.000   48.000  0.00147 4
 -87.000   49.000  0.00116 0
 -87.000   50.000 -0.00035 1
 -86.000   25.000  0.00000 0
 -86.000   26.000 -0.00104 0
 -86.000   27.000 -0.00431 0
 -86.000   28.000 -0.00910 0
 -86.000   29.000 -0.01266 10
 -86.000   30.000 -0.01499 16
 -86.000   31.000 -0.01542 35
 -86.000   32.000 -0.01252 51
 -86.000   33.000 -0.00420 26
 -86.000   34.000 -0.00033 38
 -86.000   35.000  0.00196 46
 -86.000   36.000  0.00399 105
 -86.000   37.000  0.00395 64
 -86.000   38.000  0.00089 86
 -86.000   39.000  0.00034 53
 -86.000   40.000  0.00151 56
 -86.000   41.000  0.00187 41
 -86.000   42.000  0.00214 41
 -86.000   43.000  0.00080 13
 -86.000   44.000  0.00084 26
 -86.000   45.000  0.00094 13
 -86.000   46.000 -0.00010 15
 -86.000   47.000  0.00024 12
 -86.000   48.000  0.00112 9
 -86.000   49.000  0.00164 2
 -86.000   50.000  0.00013 3
 -85.000   25.000  0.00000 0
 -85.000   26.000 -0.00152 0
 -85.000   27.000 -0.00605 0
 -85.000   28.000 -0.01087 4
 -85.000   29.000 -0.01390 11
 -85.000   30.000 -0.01761 14
 -85.000   31.000 -0.01751 41
 -85.000   32.000 -0.01421 70
 -85.000   33.000 -0.00536 103
 -85.000   34.000 -0.00174 43
 -85.000   35.000  0.00214 74
 -85.000   36.000  0.00392 104
 -85.000   37.000  0.00548 59
 -85.000   38.000  0.00176 73
 -85.000   39.000  0.00120 58
 -85.000   40.000  0.00241 34
 -85.000   41.000  0.00347 43
 -85.000   42.000  0.00450 33
 -85.000   43.000  0.00418 57
 -85.000   44.000  0.00311 20
 -85.000   45.000  0.00300 30
 -85.000   46.000  0.00210 10
 -85.000   47.000  0.00105 18
 -85.000   48.000  0.00174 2
 -85.000   49.000  0.00347 1
 -85.000   50.000  0.00251 4
 -84.000   25.000 -0.00160 0
 -84.000   26.000 -0.00303 0
 -84.000   27.000 -0.00610 0
 -84.000   28.000 -0.01155 8
 -84.000   29.000 -0.01378 14
 -84.000   30.000 -0.01697 51
 -84.000   31.000 -0.01597 71
 -84.000   32.000 -0.01430 73
 -84.000   33.000 -0.00550 81
 -84.000   34.000 -0.00218 75
 -84.000   35.000  0.00260 105
 -84.000   36.000  0.00357 102
 -84.000   37.000  0.00645 62
 -84.000   38.000  0.00383 65
 -84.000   39.000  0.00313 56
 -84.000   40.000  0.00420 62
 -84.000   41.000  0.00621 55
 -84.000   42.000  0.00668 40
 -84.000   43.000  0.00764 40
 -84.000   44.000  0.00700 16
 -84.000   45.000  0.00714 41
 -84.000   46.000  0.00518 16
 -84.000   47.000  0.00384 11
 -84.000   48.000  0.00284 5
 -84.000   49.000  0.00440 5
 -84.000   50.000  0.00206 4
 -83.000   25.000 -0.00934 0
 -83.000   26.000 -0.00774 0
 -83.000   27.000 -0.01017 1
 -83.000   28.000 -0.01273 13
 -83.000   29.000 -0.01350 14
 -83.000   30.000 -0.01350 61
 -83.000   31.000 -0.01305 53
 -83.000   32.000 -0.01061 126
 -83.000   33.000 -0.00366 103
 -83.000   34.000 -0.00116 80
 -83.000   35.000  0.00385 75
 -83.000   36.000  0.00502 58
 -83.000   37.000  0.00893 40
 -83.000   38.000  0.00830 53
 -83.000   39.000  0.00823 58
 -83.000   40.000  0.00865 61
 -83.000   41.000  0.00808 54
 -83.000   42.000  0.00603 34
 -83.000   43.000  0.00701 29
 -83.000   44.000  0.00580 6
 -83.000   45.000  0.00490 24
 -83.000   46.000  0.00491 6
 -83.000   47.000  0.00459 12
 -83.000   48.000  0.00267 11
 -83.000   49.000  0.00361 0
 -83.000   50.000  0.00233 18
 -82.000   25.000 -0.01078 3
 -82.000   26.000 -0.00882 7
 -82.000   27.000 -0.01013 28
 -82.000   28.000 -0.00997 23
 -82.000   29.000 -0.01076 23
 -82.000   30.000 -0.00941 32
 -82.000   31.000 -0.00847 26
 -82.000   32.000 -0.00604 35
 -82.000   33.000 -0.00178 36
 -82.000   34.000  0.00108 34
 -82.000   35.000  0.00484 50
 -82.000   36.000  0.00624 46
 -82.000   37.000  0.01066 55
 -82.000   38.000  0.01068 65
 -82.000   39.000  0.01041 48
 -82.000   40.000  0.01081 59
 -82.000   41.000  0.00893 43
 -82.000   42.000  0.00595 42
 -82.000   43.000  0.00756 12
 -82.000   44.000  0.00639 21
 -82.000   45.000  0.00359 12
 -82.000   46.000  0.00439 8
 -82.000   47.000  0.00360 6
 -82.000   48.000  0.00123 35
 -82.000   49.000  0.00159 0
 -82.000   50.000  0.00267 4
 -81.000   25.000 -0.01078 10
 -81.000   26.000 -0.00778 16
 -81.000   27.000 -0.00884 11
 -81.000   28.000 -0.00620 19
 -81.000   29.000 -0.00609 5
 -81.000   30.000 -0.00394 12
 -81.000   31.000 -0.00184 16
 -81.000   32.000  0.00057 14
 -81.000   33.000  0.00223 40
 -81.000   34.000  0.00471 48
 -81.000   35.000  0.00665 42
 -81.000   36.000  0.00706 77
 -81.000   37.000  0.01115 57
 -81.000   38.000  0.01176 96
 -81.000   39.000  0.01144 65
 -81.000   40.000  0.01272 83
 -81.000   41.000  0.00991 38
 -81.000   42.000  0.00609 57
 -81.000   43.000  0.00754 31
 -81.000   44.000  0.00815 9
 -81.000   45.000  0.00451 15
 -81.000   46.000  0.00608 8
 -81.000   47.000  0.00614 6
 -81.000   48.000  0.00346 4
 -81.000   49.000  0.00155 1
 -81.000   50.000  0.00426 7
 -80.000   25.000 -0.01078 9
 -80.000   26.000 -0.00730 3
 -80.000   27.000 -0.00711 2
 -80.000   28.000 -0.00439 1
 -80.000   29.000 -0.00385 1
 -80.000   30.000  0.00174 0
 -80.000   31.000  0.00413 11
 -80.000   32.000  0.00583 20
 -80.000   33.000  0.00715 29
 -80.000   34.000  0.00924 42
 -80.000   35.000  0.00847 40
 -80.000   36.000  0.00824 88
 -80.000   37.000  0.01089 55
 -80.000   38.000  0.01210 71
 -80.000   39.000  0.01152 81
 -80.000   40.000  0.01174 80
 -80.000   41.000  0.00893 36
 -80.000   42.000  0.00463 41
 -80.000   43.000  0.00530 27
 -80.000   44.000  0.00598 25
 -80.000   45.000  0.00259 24
 -80.000   46.000  0.00266 13
 -80.000   47.000  0.00397 7
 -80.000   48.000  0.00105 13
 -80.000   49.000 -0.00125 0
 -80.000   50.000  0.00066 0
 -79.000   25.000 -0.00918 0
 -79.000   26.000 -0.00579 0
 -79.000   27.000 -0.00463 0
 -79.000   28.000 -0.00164 4
 -79.000   29.000 -0.00078 0
 -79.000   30.000  0.00524 0
 -79.000   31.000  0.00694 0
 -79.000   32.000  0.00689 14
 -79.000   33.000  0.00803 25
 -79.000   34.000  0.00955 26
 -79.000   35.000  0.00791 42
 -79.000   36.000  0.00846 59
 -79.000   37.000  0.01055 76
 -79.000   38.000  0.01127 41
 -79.000   39.000  0.01095 80
 -79.000   40.000  0.01181 72
 -79.000   41.000  0.00827 71
 -79.000   42.000  0.00509 48
 -79.000   43.000  0.00498 62
 -79.000   44.000  0.00429 27
 -79.000   45.000 -0.00043 22
 -79.000   46.000  0.00027 13
 -79.000   47.000  0.00150 6
 -79.000   48.000 -0.00025 7
 -79.000   49.000 -0.00172 15
 -79.000   50.000  0.00104 0
 -78.000   25.000 -0.00144 0
 -78.000   26.000 -0.00108 0
 -78.000   27.000 -0.00086 0
 -78.000   28.000  0.00000 0
 -78.000   29.000  0.00006 0
 -78.000   30.000  0.00343 0
 -78.000   31.000  0.00595 0
 -78.000   32.000  0.00672 9
 -78.000   33.000  0.00759 12
 -78.000   34.000  0.01015 16
 -78.000   35.000  0.00709 25
 -78.000   36.000  0.00694 68
 -78.000   37.000  0.00725 52
 -78.000   38.000  0.00777 68
 -78.000   39.000  0.00633 73
 -78.000   40.000  0.00813 37
 -78.000   41.000  0.00588 74
 -78.000   42.000  0.00402 38
 -78.000   43.000  0.00306 46
 -78.000   44.000  0.00286 27
 -78.000   45.000 -0.00206 30
 -78.000   46.000 -0.00106 11
 -78.000   47.000 -0.00017 26
 -78.000   48.000 -0.00060 14
 -78.000   49.000 -0.00196 3
 -78.000   50.000  0.00204 0
 -77.000   25.000  0.00000 0
 -77.000   26.000  0.00000 0
 -77.000   27.000  0.00000 0
 -77.000   28.000  0.00000 0
 -77.000   29.000  0.00000 0
 -77.000   30.000  0.00284 0
 -77.000   31.000  0.00507 0
 -77.000   32.000  0.00550 0
 -77.000   33.000  0.00596 5
 -77.000   34.000  0.00804 9
 -77.000   35.000  0.00601 34
 -77.000   36.000  0.00656 35
 -77.000   37.000  0.00641 41
 -77.000   38.000  0.00612 25
 -77.000   39.000  0.00415 48
 -77.000   40.000  0.00460 55
 -77.000   41.000  0.00251 68
 -77.000   42.000  0.00100 36
 -77.000   43.000  0.00007 67
 -77.000   44.000  0.00045 40
 -77.000   45.000 -0.00106 36
 -77.000   46.000 -0.00036 15
 -77.000   47.000  0.00097 14
 -77.000   48.000  0.00174 7
 -77.000   49.000  0.00155 3
 -77.000   50.000  0.00249 0
 -76.000   25.000  0.00000 0
 -76.000   26.000  0.00000 0
 -76.000   27.000  0.00000 0
 -76.000   28.000  0.00000 0
 -76.000   29.000  0.00000 0
 -76.000   30.000  0.00275 0
 -76.000   31.000  0.00335 0
 -76.000   32.000  0.00385 0
 -76.000   33.000  0.00393 0
 -76.000   34.000  0.00533 10
 -76.000   35.000  0.00379 8
 -76.000   36.000  0.00664 19
 -76.000   37.000  0.00634 19
 -76.000   38.000  0.00552 44
 -76.000   39.000  0.00344 42
 -76.000   40.000  0.00210 65
 -76.000   41.000 -0.00081 88
 -76.000   42.000 -0.00166 81
 -76.000   43.000 -0.00173 69
 -76.000   44.000 -0.00219 38
 -76.000   45.000 -0.00083 58
 -76.000   46.000 -0.00008 32
 -76.000   47.000  0.00057 13
 -76.000   48.000  0.00138 12
 -76.000   49.000  0.00314 2
 -76.000   50.000  0.00215 0
 -75.000   25.000  0.00000 0
 -75.000   26.000  0.00000 0
 -75.000   27.000  0.00000 0
 -75.000   28.000  0.00000 0
 -75.000   29.000  0.00000 0
 -75.000   30.000  0.00000 0
 -75.000   31.000  0.00000 0
 -75.000   32.000  0.00024 0
 -75.000   33.000 -0.00033 0
 -75.000   34.000  0.00092 3
 -75.000   35.000  0.00192 3
 -75.000   36.000  0.00515 13
 -75.000   37.000  0.00532 12
 -75.000   38.000  0.00433 24
 -75.000   39.000  0.00217 51
 -75.000   40.000  0.00083 35
 -75.000   41.000 -0.00178 93
 -75.000   42.000 -0.00241 152
 -75.000   43.000 -0.00103 87
 -75.000   44.000 -0.00069 53
 -75.000   45.000  0.00236 82
 -75.000   46.000  0.00377 32
 -75.000   47.000  0.00399 11
 -75.000   48.000  0.00416 12
 -75.000   49.000  0.00590 0
 -75.000   50.000  0.00338 0
 -74.000   25.000  0.00000 0
 -74.000   26.000  0.00000 0
 -74.000   27.000  0.00000 0
 -74.000   28.000  0.00000 0
 -74.000   29.000  0.00000 0
 -74.000   30.000  0.00000 0
 -74.000   31.000  0.00000 0
 -74.000   32.000  0.00120 0
 -74.000   33.000  0.00055 0
 -74.000   34.000  0.00165 0
 -74.000   35.000  0.00180 0
 -74.000   36.000  0.00441 0
 -74.000   37.000  0.00406 3
 -74.000   38.000  0.00282 9
 -74.000   39.000 -0.00031 146
 -74.000   40.000 -0.00216 64
 -74.000   41.000 -0.00409 81
 -74.000   42.000 -0.00449 155
 -74.000   43.000 -0.00320 97
 -74.000   44.000 -0.00118 69
 -74.000   45.000  0.00295 80
 -74.000   46.000  0.00493 26
 -74.000   47.000  0.00448 14
 -74.000   48.000  0.00509 9
 -74.000   49.000  0.00637 0
 -74.000   50.000  0.00445 0
 -73.000   25.000  0.00000 0
 -73.000   26.000  0.00000 0
 -73.000   27.000  0.00000 0
 -73.000   28.000  0.00000 0
 -73.000   29.000  0.00000 0
 -73.000   30.000  0.00000 0
 -73.000   31.000  0.00000 0
 -73.000   32.000  0.00000 0
 -73.000   33.000  0.00000 0
 -73.000   34.000  0.00023 0
 -73.000   35.000  0.00088 0
 -73.000   36.000  0.00367 0
 -73.000   37.000  0.00464 0
 -73.000   38.000  0.00321 2
 -73.000   39.000 -0.00006 21
 -73.000   40.000 -0.00232 43
 -73.000   41.000 -0.00481 47
 -73.000   42.000 -0.00552 73
 -73.000   43.000 -0.00451 76
 -73.000   44.000 -0.00184 51
 -73.000   45.000  0.00253 71
 -73.000   46.000  0.00357 16
 -73.000   47.000  0.00331 15
 -73.000   48.000  0.00373 5
 -73.000   49.000  0.00513 0
 -73.000   50.000  0.00224 0
 -72.000   25.000  0.00000 0
 -72.000   26.000  0.00000 0
 -72.000   27.000  0.00000 0
 -72.000   28.000  0.00000 0
 -72.000   29.000  0.00000 0
 -72.000   30.000  0.00000 0
 -72.000   31.000  0.00000 0
 -72.000   32.000  0.00000 0
 -72.000   33.000  0.00000 0
 -72.000   34.000  0.00000 0
 -72.000   35.000  0.00000 0
 -72.000   36.000  0.00168 0
 -72.000   37.000  0.00245 0
 -72.000   38.000  0.00319 0
 -72.000   39.000  0.00116 3
 -72.000   40.000  0.00094 30
 -72.000   41.000 -0.00174 65
 -72.000   42.000 -0.00183 58
 -72.000   43.000 -0.00265 75
 -72.000   44.000 -0.00154 46
 -72.000   45.000 -0.00016 50
 -72.000   46.000  0.00161 18
 -72.000   47.000  0.00092 12
 -72.000   48.000  0.00101 15
 -72.000   49.000  0.00240 0
 -72.000   50.000  0.00128 0
 -71.000   25.000  0.00000 0
 -71.000   26.000  0.00000 0
 -71.000   27.000  0.00000 0
 -71.000   28.000  0.00000 0
 -71.000   29.000  0.00000 0
 -71.000   30.000  0.00000 0
 -71.000   31.000  0.00000 0
 -71.000   32.000  0.00000 0
 -71.000   33.000  0.00000 0
 -71.000   34.000  0.00000 0
 -71.000   35.000  0.00000 0
 -71.000   36.000  0.00000 0
 -71.000   37.000  0.00018 0
 -71.000   38.000  0.00108 0
 -71.000   39.000 -0.00045 0
 -71.000   40.000  0.00023 20
 -71.000   41.000 -0.00186 15
 -71.000   42.000 -0.00282 41
 -71.000   43.000 -0.00396 62
 -71.000   44.000 -0.00241 37
 -71.000   45.000 -0.00143 52
 -71.000   46.000  0.00150 28
 -71.000   47.000  0.00228 19
 -71.000   48.000  0.00252 14
 -71.000   49.000  0.00313 1
 -71.000   50.000  0.00141 0
 -70.000   25.000  0.00000 0
 -70.000   26.000  0.00000 0
 -70.000   27.000  0.00000 0
 -70.000   28.000  0.00000 0
 -70.000   29.000  0.00000 0
 -70.000   30.000  0.00000 0
 -70.000   31.000  0.00000 0
 -70.000   32.000  0.00000 0
 -70.000   33.000  0.00000 0
 -70.000   34.000  0.00000 0
 -70.000   35.000  0.00000 0
 -70.000   36.000  0.00000 0
 -70.000   37.000  0.00000 0
 -70.000   38.000  0.00116 0
 -70.000   39.000 -0.00007 2
 -70.000   40.000  0.00058 7
 -70.000   41.000 -0.00153 6
 -70.000   42.000 -0.00230 24
 -70.000   43.000 -0.00416 26
 -70.000   44.000 -0.00275 33
 -70.000   45.000 -0.00281 47
 -70.000   46.000  0.00073 43
 -70.000   47.000  0.00151 26
 -70.000   48.000  0.00164 17
 -70.000   49.000  0.00183 0
 -70.000   50.000  0.00145 0
 -69.000   25.000  0.00000 0
 -69.000   26.000  0.00000 0
 -69.000   27.000  0.00000 0
 -69.000   28.000  0.00000 0
 -69.000   29.000  0.00000 0
 -69.000   30.000  0.00000 0
 -69.000   31.000  0.00000 0
 -69.000   32.000  0.00000 0
 -69.000   33.000  0.00000 0
 -69.000   34.000  0.00000 0
 -69.000   35.000  0.00000 0
 -69.000   36.000  0.00000 0
 -69.000   37.000  0.00000 0
 -69.000   38.000  0.00142 0
 -69.000   39.000  0.00076 0
 -69.000   40.000  0.00217 0
 -69.000   41.000 -0.00051 3
 -69.000   42.000 -0.00029 4
 -69.000   43.000 -0.00178 21
 -69.000   44.000 -0.00203 33
 -69.000   45.000 -0.00414 60
 -69.000   46.000 -0.00130 26
 -69.000   47.000 -0.00152 36
 -69.000   48.000 -0.00201 12
 -69.000   49.000 -0.00138 0
 -69.000   50.000 -0.00068 0
 -68.000   25.000  0.00000 0
 -68.000   26.000  0.00000 0
 -68.000   27.000  0.00000 0
 -68.000   28.000  0.00000 0
 -68.000   29.000  0.00000 0
 -68.000   30.000  0.00000 0
 -68.000   31.000  0.00000 0
 -68.000   32.000  0.00000 0
 -68.000   33.000  0.00000 0
 -68.000   34.000  0.00000 0
 -68.000   35.000  0.00000 0
 -68.000   36.000  0.00000 0
 -68.000   37.000  0.00000 0
 -68.000   38.000  0.00104 0
 -68.000   39.000  0.00145 0
 -68.000   40.000  0.00270 0
 -68.000   41.000  0.00039 0
 -68.000   42.000  0.00092 1
 -68.000   43.000  0.00072 14
 -68.000   44.000  0.00023 25
 -68.000   45.000 -0.00146 37
 -68.000   46.000  0.00147 32
 -68.000   47.000  0.00095 19
 -68.000   48.000 -0.00046 10
 -68.000   49.000 -0.00046 0
 -68.000   50.000  0.00012 17
 -67.000   25.000  0.00000 0
 -67.000   26.000  0.00000 0
 -67.000   27.000  0.00000 0
 -67.000   28.000  0.00000 0
 -67.000   29.000  0.00000 0
 -67.000   30.000  0.00000 0
 -67.000   31.000  0.00000 0
 -67.000   32.000  0.00000 0
 -67.000   33.000  0.00000 0
 -67.000   34.000  0.00000 0
 -67.000   35.000  0.00000 0
 -67.000   36.000  0.00000 0
 -67.000   37.000  0.00000 0
 -67.000   38.000  0.00000 0
 -67.000   39.000  0.00000 0
 -67.000   40.000  0.00000 0
 -67.000   41.000 -0.00145 0
 -67.000   42.000 -0.00128 0
 -67.000   43.000 -0.00037 18
 -67.000   44.000  0.00018 7
 -67.000   45.000 -0.00006 15
 -67.000   46.000  0.00213 28
 -67.000   47.000  0.00196 8
 -67.000   48.000  0.00049 32
 -67.000   49.000 -0.00007 0
 -67.000   50.000  0.00030 5
 -66.000   25.000  0.00000 0
 -66.000   26.000  0.00000 0
 -66.000   27.000  0.00000 0
 -66.000   28.000  0.00000 0
 -66.000   29.000  0.00000 0
 -66.000   30.000  0.00000 0
 -66.000   31.000  0.00000 0
 -66.000   32.000  0.00000 0
 -66.000   33.000  0.00000 0
 -66.000   34.000  0.00000 0
 -66.000   35.000  0.00000 0
 -66.000   36.000  0.00000 0
 -66.000   37.000  0.00000 0
 -66.000   38.000  0.00000 0
 -66.000   39.000  0.00000 0
 -66.000   40.000  0.00000 0
 -66.000   41.000 -0.00046 0
 -66.000   42.000  0.00132 0
 -66.000   43.000  0.00268 0
 -66.000   44.000  0.00251 5
 -66.000   45.000  0.00059 6
 -66.000   46.000  0.00094 11
 -66.000   47.000 -0.00085 2
 -66.000   48.000 -0.00291 3
 -66.000   49.000 -0.00343 0
 -66.000   50.000 -0.00137 4
 -65.000   25.000  0.00000 0
 -65.000   26.000  0.00000 0
 -65.000   27.000  0.00000 0
 -65.000   28.000  0.00000 0
 -65.000   29.000  0.00000 0
 -65.000   30.000  0.00000 0
 -65.000   31.000  0.00000 0
 -65.000   32.000  0.00000 0
 -65.000   33.000  0.00000 0
 -65.000   34.000  0.00000 0
 -65.000   35.000  0.00000 0
 -65.000   36.000  0.00000 0
 -65.000   37.000  0.00000 0
 -65.000   38.000  0.00000 0
 -65.000   39.000  0.00000 0
 -65.000   40.000  0.00000 0
 -65.000   41.000 -0.00119 0
 -65.000   42.000  0.00120 0
 -65.000   43.000  0.00302 0
 -65.000   44.000  0.00194 0
 -65.000   45.000 -0.00095 1
 -65.000   46.000 -0.00089 1
 -65.000   47.000 -0.00329 0
 -65.000   48.000 -0.00510 0
 -65.000   49.000 -0.00503 0
 -65.000   50.000 -0.00189 2
