-130.000   25.000  0.00000 0
-130.000   26.000  0.00000 0
-130.000   27.000  0.00000 0
-130.000   28.000  0.00000 0
-130.000   29.000  0.00000 0
-130.000   30.000  0.00000 0
-130.000   31.000  0.00000 0
-130.000   32.000  0.00000 0
-130.000   33.000  0.00000 0
-130.000   34.000  0.00000 0
-130.000   35.000  0.00000 0
-130.000   36.000  0.00000 0
-130.000   37.000 -0.00121 0
-130.000   38.000 -0.00062 0
-130.000   39.000 -0.00128 0
-130.000   40.000 -0.00167 0
-130.000   41.000 -0.00358 0
-130.000   42.000 -0.00270 0
-130.000   43.000 -0.00306 0
-130.000   44.000 -0.00314 0
-130.000   45.000 -0.00380 0
-130.000   46.000 -0.00262 0
-130.000   47.000 -0.00396 2
-130.000   48.000 -0.00419 3
-130.000   49.000 -0.00432 1
-130.000   50.000 -0.00400 0
-129.000   25.000  0.00000 0
-129.000   26.000  0.00000 0
-129.000   27.000  0.00000 0
-129.000   28.000  0.00000 0
-129.000   29.000  0.00000 0
-129.000   30.000  0.00000 0
-129.000   31.000  0.00000 0
-129.000   32.000  0.00000 0
-129.000   33.000  0.00232 0
-129.000   34.000  0.00232 0
-129.000   35.000  0.00249 0
-129.000   36.000  0.00114 0
-129.000   37.000 -0.00051 0
-129.000   38.000 -0.00338 0
-129.000   39.000 -0.00433 0
-129.000   40.000 -0.00468 0
-129.000   41.000 -0.00487 1
-129.000   42.000 -0.00415 3
-129.000   43.000 -0.00449 1
-129.000   44.000 -0.00510 3
-129.000   45.000 -0.00589 7
-129.000   46.000 -0.00430 5
-129.000   47.000 -0.00578 4
-129.000   48.000 -0.00524 17
-129.000   49.000 -0.00459 2
-129.000   50.000 -0.00449 3
-128.000   25.000  0.00000 0
-128.000   26.000  0.00000 0
-128.000   27.000  0.00000 0
-128.000   28.000  0.00000 0
-128.000   29.000  0.00000 0
-128.000   30.000  0.00000 0
-128.000   31.000  0.00000 0
-128.000   32.000  0.00000 0
-128.000   33.000  0.00184 0
-128.000   34.000  0.00176 0
-128.000   35.000  0.00046 0
-128.000   36.000 -0.00086 0
-128.000   37.000 -0.00259 1
-128.000   38.000 -0.00544 4
-128.000   39.000 -0.00654 9
-128.000   40.000 -0.00634 25
-128.000   41.000 -0.00718 33
-128.000   42.000 -0.00664 31
-128.000   43.000 -0.00667 26
-128.000   44.000 -0.00682 34
-128.000   45.000 -0.00663 34
-128.000   46.000 -0.00362 40
-128.000   47.000 -0.00408 48
-128.000   48.000 -0.00340 27
-128.000   49.000 -0.00260 27
-128.000   50.000 -0.00193 5
-127.000   25.000  0.00000 0
-127.000   26.000  0.00000 0
-127.000   27.000  0.00000 0
-127.000   28.000  0.00000 0
-127.000   29.000  0.00000 0
-127.000   30.000  0.00000 0
-127.000   31.000  0.00000 0
-127.000   32.000  0.00009 0
-127.000   33.000  0.00153 0
-127.000   34.000  0.00060 0
-127.000   35.000 -0.00118 7
-127.000   36.000 -0.00214 3
-127.000   37.000 -0.00471 14
-127.000   38.000 -0.00751 21
-127.000   39.000 -0.00851 28
-127.000   40.000 -0.00740 54
-127.000   41.000 -0.00878 63
-127.000   42.000 -0.00806 71
-127.000   43.000 -0.00837 53
-127.000   44.000 -0.00783 87
-127.000   45.000 -0.00823 90
-127.000   46.000 -0.00500 84
-127.000   47.000 -0.00483 66
-127.000   48.000 -0.00215 46
-127.000   49.000 -0.00095 62
-127.000   50.000  0.00051 17
-126.000   25.000  0.00000 0
-126.000   26.000  0.00000 0
-126.000   27.000  0.00000 0
-126.000   28.000  0.00000 0
-126.000   29.000  0.00000 0
-126.000   30.000 -0.00115 0
-126.000   31.000 -0.00165 0
-126.000   32.000 -0.00210 0
-126.000   33.000 -0.00052 0
-126.000   34.000 -0.00212 0
-126.000   35.000 -0.00319 13
-126.000   36.000 -0.00353 13
-126.000   37.000 -0.00634 20
-126.000   38.000 -0.00990 48
-126.000   39.000 -0.01111 64
-126.000   40.000 -0.01066 56
-126.000   41.000 -0.01302 43
-126.000   42.000 -0.01166 66
-126.000   43.000 -0.01204 45
-126.000   44.000 -0.01115 55
-126.000   45.000 -0.01062 74
-126.000   46.000 -0.00579 84
-126.000   47.000 -0.00586 63
-126.000   48.000 -0.00144 44
-126.000   49.000  0.00060 32
-126.000   50.000  0.00286 19
-125.000   25.000  0.00000 0
-125.000   26.000  0.00000 0
-125.000   27.000  0.00000 0
-125.000   28.000  0.00000 0
-125.000   29.000 -0.00101 0
-125.000   30.000 -0.00298 0
-125.000   31.000 -0.00337 0
-125.000   32.000 -0.00409 0
-125.000   33.000 -0.00268 1
-125.000   34.000 -0.00385 21
-125.000   35.000 -0.00349 18
-125.000   36.000 -0.00375 18
-125.000   37.000 -0.00534 34
-125.000   38.000 -0.00991 59
-125.000   39.000 -0.01000 67
-125.000   40.000 -0.00980 53
-125.000   41.000 -0.01053 53
-125.000   42.000 -0.01028 38
-125.000   43.000 -0.00940 56
-125.000   44.000 -0.00866 57
-125.000   45.000 -0.00769 48
-125.000   46.000 -0.00433 47
-125.000   47.000 -0.00443 43
-125.000   48.000  0.00061 25
-125.000   49.000  0.00267 22
-125.000   50.000  0.00430 25
-124.000   25.000  0.00000 0
-124.000   26.000  0.00000 0
-124.000   27.000  0.00000 0
-124.000   28.000  0.00000 0
-124.000   29.000 -0.00201 0
-124.000   30.000 -0.00437 0
-124.000   31.000 -0.00474 2
-124.000   32.000 -0.00526 9
-124.000   33.000 -0.00642 17
-124.000   34.000 -0.00759 21
-124.000   35.000 -0.00749 33
-124.000   36.000 -0.00683 39
-124.000   37.000 -0.00853 81
-124.000   38.000 -0.00950 61
-124.000   39.000 -0.00722 43
-124.000   40.000 -0.00641 40
-124.000   41.000 -0.00834 35
-124.000   42.000 -0.00803 30
-124.000   43.000 -0.00736 30
-124.000   44.000 -0.00696 42
-124.000   45.000 -0.00551 37
-124.000   46.000 -0.00300 30
-124.000   47.000 -0.00133 44
-124.000   48.000  0.00307 27
-124.000   49.000  0.00446 15
-124.000   50.000  0.00595 15
-123.000   25.000  0.00000 0
-123.000   26.000  0.00000 0
-123.000   27.000  0.00000 0
-123.000   28.000 -0.00231 0
-123.000   29.000 -0.00531 0
-123.000   30.000 -0.00811 0
-123.000   31.000 -0.00811 15
-123.000   32.000 -0.00849 32
-123.000   33.000 -0.00796 36
-123.000   34.000 -0.00832 28
-123.000   35.000 -0.00728 70
-123.000   36.000 -0.00777 99
-123.000   37.000 -0.00912 72
-123.000   38.000 -0.00863 59
-123.000   39.000 -0.00487 35
-123.000   40.000 -0.00321 38
-123.000   41.000 -0.00340 22
-123.000   42.000 -0.00295 39
-123.000   43.000 -0.00254 25
-123.000   44.000 -0.00252 39
-123.000   45.000 -0.00207 56
-123.000   46.000 -0.00058 47
-123.000   47.000  0.00125 44
-123.000   48.000  0.00595 30
-123.000   49.000  0.00693 12
-123.000   50.000  0.00864 22
-122.000   25.000  0.00000 0
-122.000   26.000  0.00000 0
-122.000   27.000  0.00000 0
-122.000   28.000 -0.00303 0
-122.000   29.000 -0.00663 0
-122.000   30.000 -0.00944 1
-122.000   31.000 -0.00949 39
-122.000   32.000 -0.01000 86
-122.000   33.000 -0.00878 94
-122.000   34.000 -0.00770 73
-122.000   35.000 -0.00637 103
-122.000   36.000 -0.00687 271
-122.000   37.000 -0.00738 87
-122.000   38.000 -0.00630 49
-122.000   39.000 -0.00252 42
-122.000   40.000 -0.00159 57
-122.000   41.000 -0.00226 57
-122.000   42.000 -0.00235 57
-122.000   43.000 -0.00247 31
-122.000   44.000 -0.00264 63
-122.000   45.000 -0.00175 55
-122.000   46.000  0.00118 71
-122.000   47.000  0.00283 77
-122.000   48.000  0.00703 37
-122.000   49.000  0.00743 28
-122.000   50.000  0.00934 11
-121.000   25.000  0.00000 0
-121.000   26.000  0.00000 0
-121.000   27.000  0.00000 0
-121.000   28.000 -0.00303 0
-121.000   29.000 -0.00684 0
-121.000   30.000 -0.00885 17
-121.000   31.000 -0.00825 65
-121.000   32.000 -0.00797 104
-121.000   33.000 -0.00731 74
-121.000   34.000 -0.00551 88
-121.000   35.000 -0.00456 183
-121.000   36.000 -0.00626 165
-121.000   37.000 -0.00677 87
-121.000   38.000 -0.00388 95
-121.000   39.000  0.00062 61
-121.000   40.000  0.00304 79
-121.000   41.000  0.00354 74
-121.000   42.000  0.00349 87
-121.000   43.000  0.00179 66
-121.000   44.000  0.00066 89
-121.000   45.000 -0.00010 106
-121.000   46.000  0.00252 86
-121.000   47.000  0.00242 66
-121.000   48.000  0.00757 36
-121.000   49.000  0.00776 12
-121.000   50.000  0.00934 28
-120.000   25.000  0.00000 0
-120.000   26.000  0.00000 0
-120.000   27.000 -0.00026 0
-120.000   28.000 -0.00311 0
-120.000   29.000 -0.00569 0
-120.000   30.000 -0.00728 32
-120.000   31.000 -0.00702 122
-120.000   32.000 -0.00611 94
-120.000   33.000 -0.00625 126
-120.000   34.000 -0.00500 98
-120.000   35.000 -0.00553 268
-120.000   36.000 -0.00737 171
-120.000   37.000 -0.00806 127
-120.000   38.000 -0.00340 125
-120.000   39.000  0.00078 82
-120.000   40.000  0.00471 76
-120.000   41.000  0.00516 105
-120.000   42.000  0.00588 162
-120.000   43.000  0.00380 206
-120.000   44.000  0.00272 110
-120.000   45.000  0.00260 119
-120.000   46.000  0.00787 80
-120.000   47.000  0.00832 79
-120.000   48.000  0.01231 30
-120.000   49.000  0.01318 17
-120.000   50.000  0.01476 15
-119.000   25.000  0.00000 0
-119.000   26.000  0.00000 0
-119.000   27.000 -0.00010 0
-119.000   28.000 -0.00292 0
-119.000   29.000 -0.00480 0
-119.000   30.000 -0.00624 28
-119.000   31.000 -0.00642 132
-119.000   32.000 -0.00479 70
-119.000   33.000 -0.00432 53
-119.000   34.000 -0.00268 90
-119.000   35.000 -0.00305 154
-119.000   36.000 -0.00441 114
-119.000   37.000 -0.00571 107
-119.000   38.000 -0.00191 109
-119.000   39.000 -0.00020 103
-119.000   40.000  0.00392 102
-119.000   41.000  0.00508 72
-119.000   42.000  0.00674 168
-119.000   43.000  0.00602 171
-119.000   44.000  0.00598 79
-119.000   45.000  0.00597 121
-119.000   46.000  0.01289 87
-119.000   47.000  0.01082 39
-119.000   48.000  0.01405 19
-119.000   49.000  0.01578 25
-119.000   50.000  0.01721 17
-118.000   25.000  0.00000 0
-118.000   26.000  0.00000 0
-118.000   27.000 -0.00062 0
-118.000   28.000 -0.00049 0
-118.000   29.000 -0.00117 8
-118.000   30.000 -0.00249 52
-118.000   31.000 -0.00314 93
-118.000   32.000 -0.00170 96
-118.000   33.000 -0.00408 66
-118.000   34.000 -0.00405 54
-118.000   35.000 -0.00434 178
-118.000   36.000 -0.00466 79
-118.000   37.000 -0.00574 80
-118.000   38.000 -0.00303 65
-118.000   39.000 -0.00166 47
-118.000   40.000  0.00306 50
-118.000   41.000  0.00478 70
-118.000   42.000  0.00758 72
-118.000   43.000  0.00799 83
-118.000   44.000  0.00811 68
-118.000   45.000  0.00803 93
-118.000   46.000  0.01461 65
-118.000   47.000  0.01191 41
-118.000   48.000  0.01535 22
-118.000   49.000  0.01815 19
-118.000   50.000  0.01916 12
-117.000   25.000  0.00000 0
-117.000   26.000  0.00000 0
-117.000   27.000 -0.00157 0
-117.000   28.000 -0.00119 0
-117.000   29.000 -0.00117 21
-117.000   30.000 -0.00297 121
-117.000   31.000 -0.00340 92
-117.000   32.000 -0.00099 92
-117.000   33.000 -0.00305 85
-117.000   34.000 -0.00419 50
-117.000   35.000 -0.00360 87
-117.000   36.000 -0.00399 58
-117.000   37.000 -0.00584 77
-117.000   38.000 -0.00396 50
-117.000   39.000 -0.00357 32
-117.000   40.000  0.00091 34
-117.000   41.000  0.00326 55
-117.000   42.000  0.00760 86
-117.000   43.000  0.00885 86
-117.000   44.000  0.01040 66
-117.000   45.000  0.01112 59
-117.000   46.000  0.01655 49
-117.000   47.000  0.01421 45
-117.000   48.000  0.01668 21
-117.000   49.000  0.01984 16
-117.000   50.000  0.01980 13
-116.000   25.000  0.00000 0
-116.000   26.000  0.00000 0
-116.000   27.000 -0.00120 0
-116.000   28.000 -0.00169 2
-116.000   29.000 -0.00129 18
-116.000   30.000 -0.00259 79
-116.000   31.000 -0.00312 213
-116.000   32.000 -0.00110 101
-116.000   33.000 -0.00077 69
-116.000   34.000 -0.00129 81
-116.000   35.000 -0.00192 96
-116.000   36.000 -0.00191 80
-116.000   37.000 -0.00444 83
-116.000   38.000 -0.00483 109
-116.000   39.000 -0.00545 38
-116.000   40.000 -0.00040 42
-116.000   41.000  0.00194 41
-116.000   42.000  0.00697 68
-116.000   43.000  0.00920 37
-116.000   44.000  0.01129 58
-116.000   45.000  0.01317 42
-116.000   46.000  0.01870 42
-116.000   47.000  0.01913 26
-116.000   48.000  0.02057 22
-116.000   49.000  0.02401 13
-116.000   50.000  0.02371 19
-115.000   25.000  0.00000 0
-115.000   26.000  0.00000 0
-115.000   27.000  0.00038 0
-115.000   28.000 -0.00025 1
-115.000   29.000 -0.00020 17
-115.000   30.000 -0.00041 180
-115.000   31.000 -0.00041 193
-115.000   32.000  0.00067 115
-115.000   33.000  0.00220 106
-115.000   34.000  0.00152 72
-115.000   35.000  0.00061 91
-115.000   36.000  0.00073 67
-115.000   37.000 -0.00233 71
-115.000   38.000 -0.00350 67
-115.000   39.000 -0.00239 32
-115.000   40.000  0.00262 33
-115.000   41.000  0.00449 50
-115.000   42.000  0.00895 93
-115.000   43.000  0.01106 49
-115.000   44.000  0.01169 51
-115.000   45.000  0.01132 73
-115.000   46.000  0.01585 150
-115.000   47.000  0.01738 15
-115.000   48.000  0.01961 15
-115.000   49.000  0.02311 11
-115.000   50.000  0.02493 12
-114.000   25.000  0.00000 0
-114.000   26.000  0.00000 0
-114.000   27.000  0.00057 0
-114.000   28.000 -0.00011 0
-114.000   29.000  0.00041 45
-114.000   30.000  0.00058 222
-114.000   31.000  0.00084 75
-114.000   32.000 -0.00010 89
-114.000   33.000  0.00193 72
-114.000   34.000  0.00034 71
-114.000   35.000 -0.00070 68
-114.000   36.000 -0.00134 51
-114.000   37.000 -0.00275 78
-114.000   38.000 -0.00545 79
-114.000   39.000 -0.00304 27
-114.000   40.000  0.00061 42
-114.000   41.000  0.00339 90
-114.000   42.000  0.00822 101
-114.000   43.000  0.01000 69
-114.000   44.000  0.01034 36
-114.000   45.000  0.01085 82
-114.000   46.000  0.01272 29
-114.000   47.000  0.01554 19
-114.000   48.000  0.02175 11
-114.000   49.000  0.02509 16
-114.000   50.000  0.02797 19
-113.000   25.000  0.00000 0
-113.000   26.000  0.00044 0
-113.000   27.000  0.00120 0
-113.000   28.000 -0.00049 1
-113.000   29.000 -0.00054 25
-113.000   30.000  0.00002 138
-113.000   31.000  0.00042 74
-113.000   32.000 -0.00051 57
-113.000   33.000  0.00339 60
-113.000   34.000  0.00287 46
-113.000   35.000  0.00180 70
-113.000   36.000  0.00058 52
-113.000   37.000  0.00038 208
-113.000   38.000 -0.00229 129
-113.000   39.000 -0.00066 25
-113.000   40.000  0.00207 43
-113.000   41.000  0.00415 74
-113.000   42.000  0.00641 55
-113.000   43.000  0.00779 45
-113.000   44.000  0.00750 39
-113.000   45.000  0.00825 77
-113.000   46.000  0.00969 37
-113.000   47.000  0.01415 27
-113.000   48.000  0.01961 12
-113.000   49.000  0.02354 6
-113.000   50.000  0.02646 10
-112.000   25.000  0.00000 0
-112.000   26.000  0.00067 0
-112.000   27.000  0.00357 0
-112.000   28.000  0.00265 0
-112.000   29.000  0.00170 23
-112.000   30.000  0.00219 41
-112.000   31.000  0.00304 76
-112.000   32.000  0.00016 46
-112.000   33.000  0.00310 48
-112.000   34.000  0.00392 39
-112.000   35.000  0.00225 47
-112.000   36.000  0.00013 47
-112.000   37.000  0.00079 50
-112.000   38.000 -0.00078 71
-112.000   39.000  0.00153 45
-112.000   40.000  0.00524 38
-112.000   41.000  0.00782 81
-112.000   42.000  0.00832 59
-112.000   43.000  0.00876 47
-112.000   44.000  0.00636 38
-112.000   45.000  0.00551 31
-112.000   46.000  0.00714 47
-112.000   47.000  0.01021 38
-112.000   48.000  0.01465 9
-112.000   49.000  0.01858 17
-112.000   50.000  0.02197 8
-111.000   25.000  0.00000 0
-111.000   26.000  0.00067 0
-111.000   27.000  0.00333 0
-111.000   28.000  0.00254 16
-111.000   29.000  0.00127 14
-111.000   30.000  0.00128 25
-111.000   31.000  0.00207 47
-111.000   32.000 -0.00175 39
-111.000   33.000  0.00042 35
-111.000   34.000  0.00063 47
-111.000   35.000  0.00073 44
-111.000   36.000 -0.00130 45
-111.000   37.000  0.00135 38
-111.000   38.000  0.00091 31
-111.000   39.000  0.00370 30
-111.000   40.000  0.00556 46
-111.000   41.000  0.00849 62
-111.000   42.000  0.00806 55
-111.000   43.000  0.00863 70
-111.000   44.000  0.00647 43
-111.000   45.000  0.00486 38
-111.000   46.000  0.00522 39
-111.000   47.000  0.00675 26
-111.000   48.000  0.00937 19
-111.000   49.000  0.01223 21
-111.000   50.000  0.01570 13
-110.000   25.000  0.00000 0
-110.000   26.000  0.00103 0
-110.000   27.000  0.00240 0
-110.000   28.000  0.00189 15
-110.000   29.000  0.00123 6
-110.000   30.000  0.00050 9
-110.000   31.000 -0.00009 22
-110.000   32.000 -0.00352 44
-110.000   33.000 -0.00259 38
-110.000   34.000 -0.00262 34
-110.000   35.000 -0.00214 34
-110.000   36.000 -0.00366 79
-110.000   37.000 -0.00075 34
-110.000   38.000 -0.00065 48
-110.000   39.000 -0.00003 37
-110.000   40.000  0.00069 77
-110.000   41.000  0.00409 40
-110.000   42.000  0.00458 49
-110.000   43.000  0.00511 51
-110.000   44.000  0.00529 25
-110.000   45.000  0.00671 53
-110.000   46.000  0.00690 49
-110.000   47.000  0.00817 19
-110.000   48.000  0.00943 13
-110.000   49.000  0.01163 15
-110.000   50.000  0.01236 8
-109.000   25.000  0.00000 0
-109.000   26.000 -0.00058 0
-109.000   27.000  0.00185 0
-109.000   28.000  0.00260 2
-109.000   29.000  0.00245 16
-109.000   30.000  0.00172 24
-109.000   31.000  0.00278 52
-109.000   32.000 -0.00074 47
-109.000   33.000 -0.00131 25
-109.000   34.000 -0.00142 24
-109.000   35.000 -0.00074 36
-109.000   36.000 -0.00189 63
-109.000   37.000  0.00075 42
-109.000   38.000  0.00237 58
-109.000   39.000  0.00291 44
-109.000   40.000  0.00501 101
-109.000   41.000  0.00736 73
-109.000   42.000  0.00768 55
-109.000   43.000  0.00761 69
-109.000   44.000  0.00654 28
-109.000   45.000  0.00574 36
-109.000   46.000  0.00654 22
-109.000   47.000  0.00706 20
-109.000   48.000  0.00472 8
-109.000   49.000  0.00691 12
-109.000   50.000  0.00713 8
-108.000   25.000 -0.00193 0
-108.000   26.000 -0.00227 0
-108.000   27.000  0.00053 0
-108.000   28.000  0.00211 6
-108.000   29.000  0.00233 20
-108.000   30.000  0.00305 31
-108.000   31.000  0.00379 67
-108.000   32.000  0.00119 67
-108.000   33.000 -0.00052 49
-108.000   34.000 -0.00062 62
-108.000   35.000  0.00028 59
-108.000   36.000  0.00065 79
-108.000   37.000  0.00177 39
-108.000   38.000  0.00444 46
-108.000   39.000  0.00541 38
-108.000   40.000  0.00749 104
-108.000   41.000  0.00919 71
-108.000   42.000  0.01100 38
-108.000   43.000  0.00895 28
-108.000   44.000  0.00810 27
-108.000   45.000  0.00628 24
-108.000   46.000  0.00685 24
-108.000   47.000  0.00546 19
-108.000   48.000  0.00351 9
-108.000   49.000  0.00409 19
-108.000   50.000  0.00425 7
-107.000   25.000 -0.00199 0
-107.000   26.000 -0.00303 0
-107.000   27.000 -0.00085 2
-107.000   28.000  0.00087 36
-107.000   29.000  0.00207 24
-107.000   30.000  0.00358 28
-107.000   31.000  0.00498 32
-107.000   32.000  0.00416 57
-107.000   33.000  0.00282 35
-107.000   34.000  0.00164 51
-107.000   35.000  0.00232 70
-107.000   36.000  0.00301 60
-107.000   37.000  0.00295 63
-107.000   38.000  0.00509 37
-107.000   39.000  0.00702 63
-107.000   40.000  0.00857 68
-107.000   41.000  0.01060 46
-107.000   42.000  0.01369 67
-107.000   43.000  0.01170 43
-107.000   44.000  0.00969 35
-107.000   45.000  0.00784 40
-107.000   46.000  0.00703 33
-107.000   47.000  0.00590 25
-107.000   48.000  0.00463 14
-107.000   49.000  0.00591 23
-107.000   50.000  0.00667 20
-106.000   25.000  0.00100 0
-106.000   26.000  0.00216 0
-106.000   27.000  0.00277 9
-106.000   28.000  0.00653 18
-106.000   29.000  0.00642 43
-106.000   30.000  0.00891 30
-106.000   31.000  0.00802 78
-106.000   32.000  0.01037 50
-106.000   33.000  0.00715 48
-106.000   34.000  0.00584 62
-106.000   35.000  0.00558 75
-106.000   36.000  0.00711 67
-106.000   37.000  0.00462 67
-106.000   38.000  0.00639 27
-106.000   39.000  0.00893 33
-106.000   40.000  0.01092 41
-106.000   41.000  0.01233 95
-106.000   42.000  0.01569 67
-106.000   43.000  0.01328 35
-106.000   44.000  0.00996 34
-106.000   45.000  0.00850 31
-106.000   46.000  0.00890 30
-106.000   47.000  0.00802 35
-106.000   48.000  0.00810 27
-106.000   49.000  0.01066 22
-106.000   50.000  0.01156 15
-105.000   25.000  0.00241 0
-105.000   26.000  0.00198 15
-105.000   27.000  0.00399 2
-105.000   28.000  0.00687 6
-105.000   29.000  0.00590 22
-105.000   30.000  0.00738 62
-105.000   31.000  0.00853 21
-105.000   32.000  0.00944 39
-105.000   33.000  0.00813 58
-105.000   34.000  0.00809 69
-105.000   35.000  0.00829 41
-105.000   36.000  0.01064 70
-105.000   37.000  0.00850 51
-105.000   38.000  0.00924 44
-105.000   39.000  0.01157 52
-105.000   40.000  0.01412 46
-105.000   41.000  0.01377 123
-105.000   42.000  0.01674 73
-105.000   43.000  0.01378 39
-105.000   44.000  0.00993 25
-105.000   45.000  0.00645 31
-105.000   46.000  0.00577 29
-105.000   47.000  0.00358 24
-105.000   48.000  0.00398 10
-105.000   49.000  0.00592 18
-105.000   50.000  0.00719 10
-104.000   25.000  0.00539 5
-104.000   26.000  0.00574 7
-104.000   27.000  0.00566 3
-104.000   28.000  0.00714 13
-104.000   29.000  0.00571 29
-104.000   30.000  0.00569 56
-104.000   31.000  0.00601 30
-104.000   32.000  0.00830 24
-104.000   33.000  0.00685 28
-104.000   34.000  0.00654 49
-104.000   35.000  0.00799 49
-104.000   36.000  0.01047 51
-104.000   37.000  0.00866 68
-104.000   38.000  0.00978 47
-104.000   39.000  0.01251 43
-104.000   40.000  0.01502 30
-104.000   41.000  0.01426 56
-104.000   42.000  0.01605 54
-104.000   43.000  0.01266 45
-104.000   44.000  0.01032 39
-104.000   45.000  0.00652 32
-104.000   46.000  0.00501 29
-104.000   47.000  0.00422 23
-104.000   48.000  0.00514 10
-104.000   49.000  0.00593 18
-104.000   50.000  0.00764 20
-103.000   25.000  0.00861 0
-103.000   26.000  0.00671 3
-103.000   27.000  0.00807 20
-103.000   28.000  0.00960 33
-103.000   29.000  0.00804 50
-103.000   30.000  0.00466 61
-103.000   31.000  0.00681 26
-103.000   32.000  0.00687 36
-103.000   33.000  0.00642 33
-103.000   34.000  0.00588 52
-103.000   35.000  0.00845 47
-103.000   36.000  0.01052 33
-103.000   37.000  0.00999 43
-103.000   38.000  0.01075 29
-103.000   39.000  0.01351 35
-103.000   40.000  0.01508 35
-103.000   41.000  0.01350 54
-103.000   42.000  0.01424 43
-103.000   43.000  0.01128 35
-103.000   44.000  0.00969 44
-103.000   45.000  0.00629 38
-103.000   46.000  0.00498 25
-103.000   47.000  0.00388 16
-103.000   48.000  0.00360 16
-103.000   49.000  0.00347 22
-103.000   50.000  0.00489 15
-102.000   25.000  0.00222 15
-102.000   26.000  0.00015 3
-102.000   27.000  0.00259 21
-102.000   28.000  0.00831 58
-102.000   29.000  0.00742 51
-102.000   30.000  0.00147 95
-102.000   31.000  0.00455 57
-102.000   32.000  0.00382 50
-102.000   33.000  0.00383 50
-102.000   34.000  0.00381 48
-102.000   35.000  0.00722 64
-102.000   36.000  0.00963 40
-102.000   37.000  0.00977 58
-102.000   38.000  0.01080 54
-102.000   39.000  0.01314 45
-102.000   40.000  0.01464 37
-102.000   41.000  0.01246 67
-102.000   42.000  0.01294 36
-102.000   43.000  0.01066 55
-102.000   44.000  0.00990 39
-102.000   45.000  0.00778 32
-102.000   46.000  0.00686 26
-102.000   47.000  0.00586 44
-102.000   48.000  0.00462 20
-102.000   49.000  0.00334 9
-102.000   50.000  0.00257 18
-101.000   25.000  0.00042 6
-101.000   26.000 -0.00569 5
-101.000   27.000 -0.00096 35
-101.000   28.000  0.00265 52
-101.000   29.000  0.00463 86
-101.000   30.000 -0.00138 73
-101.000   31.000  0.00493 61
-101.000   32.000  0.00309 49
-101.000   33.000  0.00430 76
-101.000   34.000  0.00333 44
-101.000   35.000  0.00519 57
-101.000   36.000  0.00736 35
-101.000   37.000  0.00725 66
-101.000   38.000  0.00924 42
-101.000   39.000  0.01069 47
-101.000   40.000  0.01357 43
-101.000   41.000  0.01164 57
-101.000   42.000  0.01137 27
-101.000   43.000  0.00905 42
-101.000   44.000  0.00971 38
-101.000   45.000  0.00695 35
-101.000   46.000  0.00451 35
-101.000   47.000  0.00428 15
-101.000   48.000  0.00261 11
-101.000   49.000  0.00035 26
-101.000   50.000 -0.00090 13
-100.000   25.000 -0.00611 8
-100.000   26.000 -0.00996 14
-100.000   27.000 -0.00542 17
-100.000   28.000 -0.00019 23
-100.000   29.000  0.00345 47
-100.000   30.000 -0.00025 35
-100.000   31.000  0.00612 58
-100.000   32.000  0.00597 38
-100.000   33.000  0.00580 78
-100.000   34.000  0.00319 57
-100.000   35.000  0.00450 57
-100.000   36.000  0.00444 38
-100.000   37.000  0.00402 58
-100.000   38.000  0.00709 37
-100.000   39.000  0.01058 52
-100.000   40.000  0.01321 45
-100.000   41.000  0.01312 51
-100.000   42.000  0.01216 36
-100.000   43.000  0.00979 41
-100.000   44.000  0.00960 47
-100.000   45.000  0.00649 53
-100.000   46.000  0.00329 32
-100.000   47.000  0.00292 18
-100.000   48.000  0.00173 21
-100.000   49.000 -0.00074 5
-100.000   50.000 -0.00136 7
 -99.000   25.000 -0.01219 8
 -99.000   26.000 -0.01284 13
 -99.000   27.000 -0.00764 32
 -99.000   28.000  0.00109 24
 -99.000   29.000  0.00375 42
 -99.000   30.000  0.00451 27
 -99.000   31.000  0.00904 43
 -99.000   32.000  0.00919 24
 -99.000   33.000  0.00884 51
 -99.000   34.000  0.00734 35
 -99.000   35.000  0.00436 67
 -99.000   36.000  0.00390 52
 -99.000   37.000  0.00285 56
 -99.000   38.000  0.00599 40
 -99.000   39.000  0.00798 52
 -99.000   40.000  0.01118 39
 -99.000   41.000  0.01235 58
 -99.000   42.000  0.01082 29
 -99.000   43.000  0.00810 40
 -99.000   44.000  0.00820 51
 -99.000   45.000  0.00505 37
 -99.000   46.000  0.00197 28
 -99.000   47.000  0.00126 21
 -99.000   48.000 -0.00047 16
 -99.000   49.000 -0.00258 25
 -99.000   50.000 -0.00375 15
 -98.000   25.000 -0.01355 17
 -98.000   26.000 -0.01108 24
 -98.000   27.000 -0.00735 24
 -98.000   28.000  0.00097 17
 -98.000   29.000  0.00412 33
 -98.000   30.000  0.00643 24
 -98.000   31.000  0.00933 40
 -98.000   32.000  0.01203 44
 -98.000   33.000  0.01123 56
 -98.000   34.000  0.00894 49
 -98.000   35.000  0.00564 51
 -98.000   36.000  0.00473 38
 -98.000   37.000  0.00136 53
 -98.000   38.000  0.00409 98
 -98.000   39.000  0.00696 27
 -98.000   40.000  0.01029 51
 -98.000   41.000  0.01177 15
 -98.000   42.000  0.01118 50
 -98.000   43.000  0.00771 44
 -98.000   44.000  0.00563 45
 -98.000   45.000  0.00340 45
 -98.000   46.000 -0.00025 28
 -98.000   47.000 -0.00108 24
 -98.000   48.000 -0.00117 15
 -98.000   49.000 -0.00183 13
 -98.000   50.000 -0.00339 8
 -97.000   25.000 -0.00801 14
 -97.000   26.000 -0.00568 18
 -97.000   27.000 -0.00421 48
 -97.000   28.000  0.00050 29
 -97.000   29.000  0.00446 28
 -97.000   30.000  0.00753 14
 -97.000   31.000  0.00921 33
 -97.000   32.000  0.01321 30
 -97.000   33.000  0.01122 79
 -97.000   34.000  0.00812 51
 -97.000   35.000  0.00496 62
 -97.000   36.000  0.00435 28
 -97.000   37.000  0.00157 55
 -97.000   38.000  0.00328 59
 -97.000   39.000  0.00621 58
 -97.000   40.000  0.00957 33
 -97.000   41.000  0.01061 42
 -97.000   42.000  0.00942 42
 -97.000   43.000  0.00616 39
 -97.000   44.000  0.00373 50
 -97.000   45.000  0.00127 40
 -97.000   46.000 -0.00250 36
 -97.000   47.000 -0.00298 16
 -97.000   48.000 -0.00307 21
 -97.000   49.000 -0.00303 11
 -97.000   50.000 -0.00418 14
 -96.000   25.000 -0.01130 9
 -96.000   26.000 -0.00572 11
 -96.000   27.000 -0.00411 21
 -96.000   28.000  0.00133 40
 -96.000   29.000  0.00392 25
 -96.000   30.000  0.00683 25
 -96.000   31.000  0.00863 26
 -96.000   32.000  0.01141 21
 -96.000   33.000  0.00945 42
 -96.000   34.000  0.00834 39
 -96.000   35.000  0.00691 45
 -96.000   36.000  0.00438 58
 -96.000   37.000  0.00296 46
 -96.000   38.000  0.00449 52
 -96.000   39.000  0.00772 38
 -96.000   40.000  0.01037 70
 -96.000   41.000  0.01122 35
 -96.000   42.000  0.00994 43
 -96.000   43.000  0.00693 37
 -96.000   44.000  0.00365 43
 -96.000   45.000  0.00013 28
 -96.000   46.000 -0.00298 37
 -96.000   47.000 -0.00496 29
 -96.000   48.000 -0.00578 29
 -96.000   49.000 -0.00637 29
 -96.000   50.000 -0.00594 22
 -95.000   25.000 -0.00446 5
 -95.000   26.000  0.00038 8
 -95.000   27.000 -0.00038 27
 -95.000   28.000  0.00458 9
 -95.000   29.000  0.00515 9
 -95.000   30.000  0.00643 13
 -95.000   31.000  0.00666 24
 -95.000   32.000  0.01151 29
 -95.000   33.000  0.00966 30
 -95.000   34.000  0.01010 31
 -95.000   35.000  0.00782 32
 -95.000   36.000  0.00695 45
 -95.000   37.000  0.00446 50
 -95.000   38.000  0.00482 53
 -95.000   39.000  0.00689 25
 -95.000   40.000  0.00970 45
 -95.000   41.000  0.00952 41
 -95.000   42.000  0.00915 56
 -95.000   43.000  0.00739 21
 -95.000   44.000  0.00403 21
 -95.000   45.000  0.00091 24
 -95.000   46.000 -0.00293 28
 -95.000   47.000 -0.00570 19
 -95.000   48.000 -0.00655 27
 -95.000   49.000 -0.00673 26
 -95.000   50.000 -0.00639 28
 -94.000   25.000 -0.00004 0
 -94.000   26.000  0.00257 12
 -94.000   27.000  0.00063 17
 -94.000   28.000  0.00320 42
 -94.000   29.000  0.00302 15
 -94.000   30.000  0.00184 24
 -94.000   31.000  0.00362 23
 -94.000   32.000  0.00926 52
 -94.000   33.000  0.00791 25
 -94.000   34.000  0.00949 43
 -94.000   35.000  0.00896 21
 -94.000   36.000  0.00738 24
 -94.000   37.000  0.00547 36
 -94.000   38.000  0.00511 31
 -94.000   39.000  0.00728 23
 -94.000   40.000  0.00882 51
 -94.000   41.000  0.00838 32
 -94.000   42.000  0.00811 39
 -94.000   43.000  0.00763 23
 -94.000   44.000  0.00303 37
 -94.000   45.000  0.00114 13
 -94.000   46.000 -0.00270 22
 -94.000   47.000 -0.00625 13
 -94.000   48.000 -0.00710 15
 -94.000   49.000 -0.00604 6
 -94.000   50.000 -0.00626 9
 -93.000   25.000  0.00005 0
 -93.000   26.000  0.00109 4
 -93.000   27.000 -0.00100 19
 -93.000   28.000  0.00254 23
 -93.000   29.000  0.00125 16
 -93.000   30.000  0.00030 26
 -93.000   31.000  0.00239 19
 -93.000   32.000  0.00695 25
 -93.000   33.000  0.00482 24
 -93.000   34.000  0.00778 45
 -93.000   35.000  0.00685 31
 -93.000   36.000  0.00554 22
 -93.000   37.000  0.00488 23
 -93.000   38.000  0.00371 29
 -93.000   39.000  0.00432 30
 -93.000   40.000  0.00609 42
 -93.000   41.000  0.00570 31
 -93.000   42.000  0.00574 29
 -93.000   43.000  0.00637 27
 -93.000   44.000  0.00227 26
 -93.000   45.000 -0.00046 31
 -93.000   46.000 -0.00419 19
 -93.000   47.000 -0.00835 13
 -93.000   48.000 -0.00925 15
 -93.000   49.000 -0.00738 13
 -93.000   50.000 -0.00771 15
 -92.000   25.000  0.00147 0
 -92.000   26.000  0.00292 3
 -92.000   27.000  0.00140 11
 -92.000   28.000  0.00351 10
 -92.000   29.000  0.00055 11
 -92.000   30.000  0.00089 18
 -92.000   31.000  0.00255 21
 -92.000   32.000  0.00675 22
 -92.000   33.000  0.00619 31
 -92.000   34.000  0.00999 44
 -92.000   35.000  0.00802 39
 -92.000   36.000  0.00610 45
 -92.000   37.000  0.00466 33
 -92.000   38.000  0.00351 39
 -92.000   39.000  0.00319 27
 -92.000   40.000  0.00471 57
 -92.000   41.000  0.00480 40
 -92.000   42.000  0.00479 57
 -92.000   43.000  0.00581 27
 -92.000   44.000  0.00299 26
 -92.000   45.000  0.00030 21
 -92.000   46.000 -0.00357 26
 -92.000   47.000 -0.00799 9
 -92.000   48.000 -0.00863 10
 -92.000   49.000 -0.00743 20
 -92.000   50.000 -0.00734 6
 -91.000   25.000  0.00356 0
 -91.000   26.000  0.00238 2
 -91.000   27.000  0.00011 3
 -91.000   28.000  0.00233 3
 -91.000   29.000 -0.00010 10
 -91.000   30.000 -0.00036 9
 -91.000   31.000  0.00237 13
 -91.000   32.000  0.00697 17
 -91.000   33.000  0.00601 26
 -91.000   34.000  0.00824 39
 -91.000   35.000  0.00724 47
 -91.000   36.000  0.00544 52
 -91.000   37.000  0.00397 44
 -91.000   38.000  0.00198 24
 -91.000   39.000  0.00206 31
 -91.000   40.000  0.00153 62
 -91.000   41.000  0.00140 61
 -91.000   42.000  0.00218 47
 -91.000   43.000  0.00515 27
 -91.000   44.000  0.00179 26
 -91.000   45.000  0.00086 20
 -91.000   46.000 -0.00176 14
 -91.000   47.000 -0.00455 12
 -91.000   48.000 -0.00605 18
 -91.000   49.000 -0.00321 8
 -91.000   50.000 -0.00331 0
 -90.000   25.000  0.00184 0
 -90.000   26.000  0.00038 1
 -90.000   27.000 -0.00033 6
 -90.000   28.000  0.00248 7
 -90.000   29.000  0.00203 5
 -90.000   30.000  0.00259 9
 -90.000   31.000  0.00585 1
 -90.000   32.000  0.00811 18
 -90.000   33.000  0.00790 34
 -90.000   34.000  0.00867 48
 -90.000   35.000  0.00847 40
 -90.000   36.000  0.00605 39
 -90.000   37.000  0.00513 45
 -90.000   38.000  0.00175 47
 -90.000   39.000  0.00094 47
 -90.000   40.000 -0.00029 94
 -90.000   41.000 -0.00043 40
 -90.000   42.000 -0.00007 29
 -90.000   43.000  0.00307 32
 -90.000   44.000  0.00077 42
 -90.000   45.000  0.00078 6
 -90.000   46.000 -0.00075 13
 -90.000   47.000 -0.00135 16
 -90.000   48.000 -0.00364 8
 -90.000   49.000 -0.00106 14
 -90.000   50.000 -0.00182 0
 -89.000   25.000  0.00159 0
 -89.000   26.000  0.00180 4
 -89.000   27.000  0.00216 4
 -89.000   28.000  0.00518 10
 -89.000   29.000  0.00712 5
 -89.000   30.000  0.00725 4
 -89.000   31.000  0.00845 12
 -89.000   32.000  0.00966 12
 -89.000   33.000  0.00944 33
 -89.000   34.000  0.00873 48
 -89.000   35.000  0.00911 48
 -89.000   36.000  0.00819 47
 -89.000   37.000  0.00540 44
 -89.000   38.000  0.00161 46
 -89.000   39.000  0.00004 78
 -89.000   40.000 -0.00163 83
 -89.000   41.000 -0.00315 34
 -89.000   42.000 -0.00165 40
 -89.000   43.000  0.00112 26
 -89.000   44.000  0.00001 27
 -89.000   45.000  0.00097 7
 -89.000   46.000  0.00085 22
 -89.000   47.000  0.00101 11
 -89.000   48.000 -0.00078 8
 -89.000   49.000  0.00084 9
 -89.000   50.000 -0.00016 2
 -88.000   25.000  0.00070 0
 -88.000   26.000  0.00113 0
 -88.000   27.000  0.00247 3
 -88.000   28.000  0.00448 5
 -88.000   29.000  0.00849 13
 -88.000   30.000  0.00987 19
 -88.000   31.000  0.01131 18
 -88.000   32.000  0.01261 18
 -88.000   33.000  0.01368 38
 -88.000   34.000  0.01132 54
 -88.000   35.000  0.01039 56
 -88.000   36.000  0.00908 46
 -88.000   37.000  0.00495 33
 -88.000   38.000  0.00059 32
 -88.000   39.000 -0.00069 69
 -88.000   40.000 -0.00254 69
 -88.000   41.000 -0.00416 29
 -88.000   42.000 -0.00281 38
 -88.000   43.000  0.00143 25
 -88.000   44.000  0.00261 24
 -88.000   45.000  0.00423 8
 -88.000   46.000  0.00484 11
 -88.000   47.000  0.00604 17
 -88.000   48.000  0.00308 11
 -88.000   49.000  0.00190 11
 -88.000   50.000  0.00147 3
 -87.000   25.000 -0.00189 0
 -87.000   26.000  0.00071 0
 -87.000   27.000  0.00249 9
 -87.000   28.000  0.00392 8
 -87.000   29.000  0.00968 11
 -87.000   30.000  0.01242 14
 -87.000   31.000  0.01258 18
 -87.000   32.000  0.01413 23
 -87.000   33.000  0.01581 48
 -87.000   34.000  0.01145 76
 -87.000   35.000  0.01074 43
 -87.000   36.000  0.00917 39
 -87.000   37.000  0.00408 49
 -87.000   38.000 -0.00023 40
 -87.000   39.000 -0.00118 66
 -87.000   40.000 -0.00342 48
 -87.000   41.000 -0.00454 35
 -87.000   42.000 -0.00306 47
 -87.000   43.000  0.00007 35
 -87.000   44.000  0.00116 22
 -87.000   45.000  0.00307 19
 -87.000   46.000  0.00407 19
 -87.000   47.000  0.00553 21
 -87.000   48.000  0.00359 7
 -87.000   49.000  0.00259 16
 -87.000   50.000  0.00251 3
 -86.000   25.000 -0.00250 0
 -86.000   26.000  0.00398 0
 -86.000   27.000  0.00705 11
 -86.000   28.000  0.00848 4
 -86.000   29.000  0.01429 21
 -86.000   30.000  0.01811 15
 -86.000   31.000  0.01429 15
 -86.000   32.000  0.01409 32
 -86.000   33.000  0.01572 50
 -86.000   34.000  0.01078 134
 -86.000   35.000  0.00958 62
 -86.000   36.000  0.00964 64
 -86.000   37.000  0.00417 41
 -86.000   38.000  0.00065 62
 -86.000   39.000 -0.00111 57
 -86.000   40.000 -0.00183 53
 -86.000   41.000 -0.00318 24
 -86.000   42.000 -0.00200 33
 -86.000   43.000 -0.00065 33
 -86.000   44.000  0.00062 32
 -86.000   45.000  0.00202 9
 -86.000   46.000  0.00146 7
 -86.000   47.000  0.00248 11
 -86.000   48.000  0.00159 4
 -86.000   49.000  0.00040 8
 -86.000   50.000 -0.00097 5
 -85.000   25.000 -0.00039 0
 -85.000   26.000  0.00686 4
 -85.000   27.000  0.00930 7
 -85.000   28.000  0.00810 8
 -85.000   29.000  0.01474 25
 -85.000   30.000  0.01663 16
 -85.000   31.000  0.01166 26
 -85.000   32.000  0.01209 45
 -85.000   33.000  0.01508 56
 -85.000   34.000  0.00928 64
 -85.000   35.000  0.00919 57
 -85.000   36.000  0.00954 49
 -85.000   37.000  0.00421 49
 -85.000   38.000  0.00222 56
 -85.000   39.000  0.00041 36
 -85.000   40.000 -0.00098 34
 -85.000   41.000 -0.00244 41
 -85.000   42.000 -0.00253 53
 -85.000   43.000 -0.00299 29
 -85.000   44.000 -0.00139 18
 -85.000   45.000 -0.00011 16
 -85.000   46.000 -0.00004 15
 -85.000   47.000  0.00132 0
 -85.000   48.000  0.00199 1
 -85.000   49.000  0.00056 5
 -85.000   50.000 -0.00015 4
 -84.000   25.000 -0.00325 1
 -84.000   26.000  0.00239 9
 -84.000   27.000  0.00569 13
 -84.000   28.000  0.00180 8
 -84.000   29.000  0.00955 25
 -84.000   30.000  0.01297 27
 -84.000   31.000  0.00996 37
 -84.000   32.000  0.00999 36
 -84.000   33.000  0.01606 71
 -84.000   34.000  0.00846 68
 -84.000   35.000  0.00921 71
 -84.000   36.000  0.00931 49
 -84.000   37.000  0.00596 49
 -84.000   38.000  0.00307 46
 -84.000   39.000  0.00181 45
 -84.000   40.000 -0.00039 35
 -84.000   41.000 -0.00192 39
 -84.000   42.000 -0.00309 48
 -84.000   43.000 -0.00313 22
 -84.000   44.000 -0.00133 17
 -84.000   45.000 -0.00024 6
 -84.000   46.000  0.00007 7
 -84.000   47.000  0.00067 3
 -84.000   48.000  0.00143 5
 -84.000   49.000 -0.00019 4
 -84.000   50.000 -0.00061 2
 -83.000   25.000 -0.00236 2
 -83.000   26.000  0.00306 3
 -83.000   27.000  0.00644 24
 -83.000   28.000  0.00244 38
 -83.000   29.000  0.01083 33
 -83.000   30.000  0.01121 34
 -83.000   31.000  0.00780 52
 -83.000   32.000  0.00737 38
 -83.000   33.000  0.01396 33
 -83.000   34.000  0.00675 32
 -83.000   35.000  0.01130 42
 -83.000   36.000  0.01268 52
 -83.000   37.000  0.00962 53
 -83.000   38.000  0.00694 46
 -83.000   39.000  0.00444 29
 -83.000   40.000  0.00131 37
 -83.000   41.000 -0.00153 37
 -83.000   42.000 -0.00187 48
 -83.000   43.000 -0.00282 28
 -83.000   44.000 -0.00259 25
 -83.000   45.000 -0.00171 13
 -83.000   46.000 -0.00035 7
 -83.000   47.000 -0.00102 0
 -83.000   48.000  0.00002 6
 -83.000   49.000  0.00028 3
 -83.000   50.000 -0.00026 2
 -82.000   25.000 -0.00028 2
 -82.000   26.000  0.00335 4
 -82.000   27.000  0.00809 9
 -82.000   28.000  0.00325 18
 -82.000   29.000  0.01077 24
 -82.000   30.000  0.00865 22
 -82.000   31.000  0.00651 10
 -82.000   32.000  0.00288 8
 -82.000   33.000  0.01041 18
 -82.000   34.000  0.00405 6
 -82.000   35.000  0.01043 48
 -82.000   36.000  0.01175 51
 -82.000   37.000  0.01053 57
 -82.000   38.000  0.00705 51
 -82.000   39.000  0.00499 52
 -82.000   40.000  0.00098 35
 -82.000   41.000 -0.00203 32
 -82.000   42.000 -0.00204 38
 -82.000   43.000 -0.00177 35
 -82.000   44.000 -0.00153 48
 -82.000   45.000 -0.00020 12
 -82.000   46.000  0.00023 30
 -82.000   47.000 -0.00045 9
 -82.000   48.000  0.00055 5
 -82.000   49.000  0.00041 7
 -82.000   50.000 -0.00033 0
 -81.000   25.000  0.00034 3
 -81.000   26.000  0.00130 2
 -81.000   27.000  0.00629 5
 -81.000   28.000  0.00145 3
 -81.000   29.000  0.00843 9
 -81.000   30.000  0.00535 9
 -81.000   31.000  0.00543 29
 -81.000   32.000  0.00190 19
 -81.000   33.000  0.00874 18
 -81.000   34.000  0.00319 20
 -81.000   35.000  0.00914 39
 -81.000   36.000  0.00954 41
 -81.000   37.000  0.00879 46
 -81.000   38.000  0.00568 48
 -81.000   39.000  0.00418 43
 -81.000   40.000  0.00002 41
 -81.000   41.000 -0.00177 49
 -81.000   42.000 -0.00219 26
 -81.000   43.000 -0.00230 23
 -81.000   44.000 -0.00141 27
 -81.000   45.000  0.00073 34
 -81.000   46.000 -0.00011 15
 -81.000   47.000 -0.00210 33
 -81.000   48.000 -0.00039 10
 -81.000   49.000 -0.00153 6
 -81.000   50.000 -0.00379 3
 -80.000   25.000 -0.00178 0
 -80.000   26.000 -0.00158 0
 -80.000   27.000  0.00426 0
 -80.000   28.000  0.00086 0
 -80.000   29.000  0.00457 11
 -80.000   30.000  0.00325 6
 -80.000   31.000  0.00524 19
 -80.000   32.000  0.00157 13
 -80.000   33.000  0.00710 20
 -80.000   34.000  0.00349 21
 -80.000   35.000  0.00824 43
 -80.000   36.000  0.00803 43
 -80.000   37.000  0.00666 46
 -80.000   38.000  0.00253 39
 -80.000   39.000  0.00238 36
 -80.000   40.000 -0.00054 57
 -80.000   41.000 -0.00298 36
 -80.000   42.000 -0.00198 39
 -80.000   43.000 -0.00086 32
 -80.000   44.000 -0.00047 24
 -80.000   45.000  0.00072 16
 -80.000   46.000  0.00110 13
 -80.000   47.000 -0.00254 11
 -80.000   48.000 -0.00118 15
 -80.000   49.000 -0.00190 14
 -80.000   50.000 -0.00357 8
 -79.000   25.000  0.00000 0
 -79.000   26.000  0.00000 0
 -79.000   27.000  0.00512 1
 -79.000   28.000  0.00323 1
 -79.000   29.000  0.00418 6
 -79.000   30.000  0.00218 5
 -79.000   31.000  0.00467 11
 -79.000   32.000  0.00133 19
 -79.000   33.000  0.00484 22
 -79.000   34.000  0.00446 44
 -79.000   35.000  0.00785 33
 -79.000   36.000  0.00666 25
 -79.000   37.000  0.00435 40
 -79.000   38.000  0.00075 37
 -79.000   39.000  0.00137 33
 -79.000   40.000 -0.00106 35
 -79.000   41.000 -0.00303 53
 -79.000   42.000 -0.00215 38
 -79.000   43.000 -0.00079 36
 -79.000   44.000 -0.00144 33
 -79.000   45.000 -0.00002 25
 -79.000   46.000  0.00036 15
 -79.000   47.000 -0.00199 14
 -79.000   48.000 -0.00088 8
 -79.000   49.000 -0.00179 11
 -79.000   50.000 -0.00304 3
 -78.000   25.000  0.00000 0
 -78.000   26.000  0.00000 0
 -78.000   27.000  0.00421 0
 -78.000   28.000  0.00238 3
 -78.000   29.000  0.00135 7
 -78.000   30.000  0.00173 5
 -78.000   31.000  0.00457 9
 -78.000   32.000  0.00166 8
 -78.000   33.000  0.00587 19
 -78.000   34.000  0.00596 40
 -78.000   35.000  0.00520 16
 -78.000   36.000  0.00176 28
 -78.000   37.000  0.00046 36
 -78.000   38.000 -0.00417 38
 -78.000   39.000 -0.00141 33
 -78.000   40.000 -0.00170 37
 -78.000   41.000 -0.00061 28
 -78.000   42.000 -0.00113 32
 -78.000   43.000 -0.00032 48
 -78.000   44.000 -0.00082 47
 -78.000   45.000  0.00007 33
 -78.000   46.000 -0.00068 29
 -78.000   47.000 -0.00197 10
 -78.000   48.000 -0.00004 25
 -78.000   49.000 -0.00170 13
 -78.000   50.000 -0.00262 1
 -77.000   25.000  0.00000 0
 -77.000   26.000  0.00000 0
 -77.000   27.000  0.00242 0
 -77.000   28.000  0.00242 0
 -77.000   29.000  0.00053 3
 -77.000   30.000  0.00234 0
 -77.000   31.000  0.00464 6
 -77.000   32.000  0.00268 10
 -77.000   33.000  0.00427 21
 -77.000   34.000  0.00454 17
 -77.000   35.000  0.00234 12
 -77.000   36.000 -0.00066 30
 -77.000   37.000 -0.00017 30
 -77.000   38.000 -0.00257 36
 -77.000   39.000  0.00110 27
 -77.000   40.000  0.00124 37
 -77.000   41.000  0.00263 44
 -77.000   42.000  0.00096 36
 -77.000   43.000  0.00022 47
 -77.000   44.000 -0.00104 43
 -77.000   45.000 -0.00005 34
 -77.000   46.000  0.00085 25
 -77.000   47.000 -0.00035 34
 -77.000   48.000  0.00122 21
 -77.000   49.000  0.00053 22
 -77.000   50.000 -0.00052 3
 -76.000   25.000  0.00000 0
 -76.000   26.000  0.00000 0
 -76.000   27.000  0.00064 0
 -76.000   28.000  0.00064 0
 -76.000   29.000 -0.00136 0
 -76.000   30.000  0.00051 0
 -76.000   31.000  0.00247 4
 -76.000   32.000  0.00197 7
 -76.000   33.000  0.00417 11
 -76.000   34.000  0.00373 9
 -76.000   35.000  0.00121 13
 -76.000   36.000 -0.00074 25
 -76.000   37.000  0.00005 40
 -76.000   38.000 -0.00296 47
 -76.000   39.000  0.00157 33
 -76.000   40.000  0.00111 37
 -76.000   41.000  0.00177 23
 -76.000   42.000  0.00032 27
 -76.000   43.000 -0.00013 142
 -76.000   44.000 -0.00106 71
 -76.000   45.000  0.00031 40
 -76.000   46.000  0.00203 51
 -76.000   47.000  0.00148 47
 -76.000   48.000  0.00274 14
 -76.000   49.000  0.00198 13
 -76.000   50.000  0.00220 1
 -75.000   25.000  0.00000 0
 -75.000   26.000  0.00000 0
 -75.000   27.000  0.00000 0
 -75.000   28.000  0.00000 0
 -75.000   29.000 -0.00079 0
 -75.000   30.000  0.00080 0
 -75.000   31.000  0.00202 0
 -75.000   32.000  0.00125 3
 -75.000   33.000  0.00302 10
 -75.000   34.000  0.00228 12
 -75.000   35.000 -0.00005 22
 -75.000   36.000 -0.00119 35
 -75.000   37.000  0.00052 24
 -75.000   38.000 -0.00142 27
 -75.000   39.000  0.00226 21
 -75.000   40.000  0.00230 36
 -75.000   41.000  0.00391 36
 -75.000   42.000  0.00311 21
 -75.000   43.000  0.00318 37
 -75.000   44.000  0.00207 34
 -75.000   45.000  0.00341 28
 -75.000   46.000  0.00393 42
 -75.000   47.000  0.00276 23
 -75.000   48.000  0.00286 18
 -75.000   49.000  0.00228 19
 -75.000   50.000  0.00198 2
 -74.000   25.000  0.00000 0
 -74.000   26.000  0.00000 0
 -74.000   27.000  0.00000 0
 -74.000   28.000  0.00000 0
 -74.000   29.000  0.00000 0
 -74.000   30.000  0.00052 0
 -74.000   31.000  0.00098 0
 -74.000   32.000  0.00006 1
 -74.000   33.000  0.00167 4
 -74.000   34.000 -0.00036 1
 -74.000   35.000 -0.00197 4
 -74.000   36.000 -0.00262 43
 -74.000   37.000  0.00008 116
 -74.000   38.000 -0.00057 39
 -74.000   39.000  0.00335 41
 -74.000   40.000  0.00484 55
 -74.000   41.000  0.00813 58
 -74.000   42.000  0.00807 29
 -74.000   43.000  0.00634 36
 -74.000   44.000  0.00463 32
 -74.000   45.000  0.00412 41
 -74.000   46.000  0.00307 30
 -74.000   47.000  0.00020 39
 -74.000   48.000  0.00034 12
 -74.000   49.000  0.00019 10
 -74.000   50.000  0.00045 1
 -73.000   25.000  0.00000 0
 -73.000   26.000  0.00000 0
 -73.000   27.000  0.00000 0
 -73.000   28.000  0.00000 0
 -73.000   29.000  0.00000 0
 -73.000   30.000  0.00000 0
 -73.000   31.000  0.00001 0
 -73.000   32.000 -0.00109 0
 -73.000   33.000 -0.00130 0
 -73.000   34.000 -0.00310 1
 -73.000   35.000 -0.00323 2
 -73.000   36.000 -0.00177 4
 -73.000   37.000  0.00086 26
 -73.000   38.000  0.00220 36
 -73.000   39.000  0.00634 35
 -73.000   40.000  0.00792 27
 -73.000   41.000  0.00899 31
 -73.000   42.000  0.00870 20
 -73.000   43.000  0.00740 28
 -73.000   44.000  0.00510 33
 -73.000   45.000  0.00370 42
 -73.000   46.000  0.00255 32
 -73.000   47.000  0.00070 25
 -73.000   48.000  0.00026 20
 -73.000   49.000  0.00026 13
 -73.000   50.000  0.00027 4
 -72.000   25.000  0.00000 0
 -72.000   26.000  0.00000 0
 -72.000   27.000  0.00000 0
 -72.000   28.000  0.00000 0
 -72.000   29.000  0.00000 0
 -72.000   30.000  0.00000 0
 -72.000   31.000  0.00000 0
 -72.000   32.000  0.00000 0
 -72.000   33.000  0.00000 0
 -72.000   34.000 -0.00106 0
 -72.000   35.000 -0.00160 0
 -72.000   36.000 -0.00002 2
 -72.000   37.000  0.00169 14
 -72.000   38.000  0.00244 30
 -72.000   39.000  0.00425 37
 -72.000   40.000  0.00664 37
 -72.000   41.000  0.00880 26
 -72.000   42.000  0.00830 20
 -72.000   43.000  0.00758 21
 -72.000   44.000  0.00690 25
 -72.000   45.000  0.00492 17
 -72.000   46.000  0.00161 17
 -72.000   47.000 -0.00043 18
 -72.000   48.000 -0.00108 20
 -72.000   49.000 -0.00145 13
 -72.000   50.000 -0.00172 13
 -71.000   25.000  0.00000 0
 -71.000   26.000  0.00000 0
 -71.000   27.000  0.00000 0
 -71.000   28.000  0.00000 0
 -71.000   29.000  0.00000 0
 -71.000   30.000  0.00000 0
 -71.000   31.000  0.00000 0
 -71.000   32.000  0.00000 0
 -71.000   33.000  0.00000 0
 -71.000   34.000  0.00000 0
 -71.000   35.000 -0.00038 0
 -71.000   36.000  0.00073 0
 -71.000   37.000  0.00247 4
 -71.000   38.000  0.00317 15
 -71.000   39.000  0.00300 14
 -71.000   40.000  0.00602 29
 -71.000   41.000  0.00896 19
 -71.000   42.000  0.00812 29
 -71.000   43.000  0.00778 29
 -71.000   44.000  0.00828 21
 -71.000   45.000  0.00502 15
 -71.000   46.000  0.00228 17
 -71.000   47.000  0.00228 23
 -71.000   48.000  0.00129 16
 -71.000   49.000  0.00120 23
 -71.000   50.000  0.00263 4
 -70.000   25.000  0.00000 0
 -70.000   26.000  0.00000 0
 -70.000   27.000  0.00000 0
 -70.000   28.000  0.00000 0
 -70.000   29.000  0.00000 0
 -70.000   30.000  0.00000 0
 -70.000   31.000  0.00000 0
 -70.000   32.000  0.00000 0
 -70.000   33.000  0.00000 0
 -70.000   34.000  0.00000 0
 -70.000   35.000 -0.00038 0
 -70.000   36.000  0.00004 0
 -70.000   37.000  0.00179 4
 -70.000   38.000  0.00256 4
 -70.000   39.000  0.00253 9
 -70.000   40.000  0.00427 7
 -70.000   41.000  0.00837 21
 -70.000   42.000  0.00586 32
 -70.000   43.000  0.00478 38
 -70.000   44.000  0.00505 17
 -70.000   45.000  0.00336 8
 -70.000   46.000 -0.00190 5
 -70.000   47.000  0.00100 16
 -70.000   48.000  0.00069 19
 -70.000   49.000  0.00056 28
 -70.000   50.000  0.00130 2
 -69.000   25.000  0.00000 0
 -69.000   26.000  0.00000 0
 -69.000   27.000  0.00000 0
 -69.000   28.000  0.00000 0
 -69.000   29.000  0.00000 0
 -69.000   30.000  0.00000 0
 -69.000   31.000  0.00000 0
 -69.000   32.000  0.00000 0
 -69.000   33.000  0.00000 0
 -69.000   34.000  0.00000 0
 -69.000   35.000  0.00000 0
 -69.000   36.000  0.00071 0
 -69.000   37.000  0.00194 0
 -69.000   38.000  0.00240 0
 -69.000   39.000  0.00202 9
 -69.000   40.000  0.00302 2
 -69.000   41.000  0.00513 12
 -69.000   42.000  0.00236 26
 -69.000   43.000  0.00214 34
 -69.000   44.000  0.00382 12
 -69.000   45.000  0.00293 10
 -69.000   46.000 -0.00029 10
 -69.000   47.000  0.00272 13
 -69.000   48.000  0.00249 16
 -69.000   49.000  0.00148 12
 -69.000   50.000  0.00180 0
 -68.000   25.000  0.00000 0
 -68.000   26.000  0.00000 0
 -68.000   27.000  0.00000 0
 -68.000   28.000  0.00000 0
 -68.000   29.000  0.00000 0
 -68.000   30.000  0.00000 0
 -68.000   31.000  0.00000 0
 -68.000   32.000  0.00000 0
 -68.000   33.000  0.00000 0
 -68.000   34.000  0.00000 0
 -68.000   35.000  0.00000 0
 -68.000   36.000  0.00000 0
 -68.000   37.000  0.00125 0
 -68.000   38.000  0.00180 0
 -68.000   39.000  0.00017 2
 -68.000   40.000 -0.00032 2
 -68.000   41.000  0.00179 12
 -68.000   42.000 -0.00039 6
 -68.000   43.000 -0.00059 11
 -68.000   44.000  0.00206 10
 -68.000   45.000  0.00338 10
 -68.000   46.000  0.00008 24
 -68.000   47.000  0.00301 21
 -68.000   48.000  0.00265 8
 -68.000   49.000  0.00204 8
 -68.000   50.000  0.00135 0
 -67.000   25.000  0.00000 0
 -67.000   26.000  0.00000 0
 -67.000   27.000  0.00000 0
 -67.000   28.000  0.00000 0
 -67.000   29.000  0.00000 0
 -67.000   30.000  0.00000 0
 -67.000   31.000  0.00000 0
 -67.000   32.000  0.00000 0
 -67.000   33.000  0.00000 0
 -67.000   34.000  0.00000 0
 -67.000   35.000  0.00000 0
 -67.000   36.000  0.00000 0
 -67.000   37.000  0.00012 0
 -67.000   38.000  0.00012 0
 -67.000   39.000 -0.00029 1
 -67.000   40.000 -0.00091 1
 -67.000   41.000 -0.00037 13
 -67.000   42.000 -0.00146 5
 -67.000   43.000 -0.00121 13
 -67.000   44.000  0.00022 8
 -67.000   45.000  0.00117 4
 -67.000   46.000 -0.00053 7
 -67.000   47.000  0.00239 8
 -67.000   48.000  0.00213 9
 -67.000   49.000  0.00139 8
 -67.000   50.000  0.00131 0
 -66.000   25.000  0.00000 0
 -66.000   26.000  0.00000 0
 -66.000   27.000  0.00000 0
 -66.000   28.000  0.00000 0
 -66.000   29.000  0.00000 0
 -66.000   30.000  0.00000 0
 -66.000   31.000  0.00000 0
 -66.000   32.000  0.00000 0
 -66.000   33.000  0.00000 0
 -66.000   34.000  0.00000 0
 -66.000   35.000  0.00000 0
 -66.000   36.000  0.00000 0
 -66.000   37.000  0.00000 0
 -66.000   38.000  0.00000 0
 -66.000   39.000  0.00072 0
 -66.000   40.000 -0.00008 0
 -66.000   41.000 -0.00042 0
 -66.000   42.000 -0.00152 4
 -66.000   43.000 -0.00172 10
 -66.000   44.000 -0.00152 5
 -66.000   45.000  0.00025 4
 -66.000   46.000 -0.00201 3
 -66.000   47.000 -0.00004 9
 -66.000   48.000  0.00015 8
 -66.000   49.000 -0.00096 7
 -66.000   50.000 -0.00289 0
 -65.000   25.000  0.00000 0
 -65.000   26.000  0.00000 0
 -65.000   27.000  0.00000 0
 -65.000   28.000  0.00000 0
 -65.000   29.000  0.00000 0
 -65.000   30.000  0.00000 0
 -65.000   31.000  0.00000 0
 -65.000   32.000  0.00000 0
 -65.000   33.000  0.00000 0
 -65.000   34.000  0.00000 0
 -65.000   35.000  0.00000 0
 -65.000   36.000  0.00000 0
 -65.000   37.000  0.00000 0
 -65.000   38.000  0.00000 0
 -65.000   39.000  0.00031 0
 -65.000   40.000  0.00031 0
 -65.000   41.000 -0.00152 0
 -65.000   42.000 -0.00148 3
 -65.000   43.000 -0.00148 3
 -65.000   44.000 -0.00074 1
 -65.000   45.000  0.00015 1
 -65.000   46.000  0.00122 2
 -65.000   47.000  0.00141 5
 -65.000   48.000  0.00141 5
 -65.000   49.000  0.00045 1
 -65.000   50.000 -0.00088 0
