-130.000   25.000  0.00251 0
-130.000   26.000  0.00054 0
-130.000   27.000  0.00043 0
-130.000   28.000  0.00043 2
-130.000   29.000  0.00043 4
-130.000   30.000 -0.00107 0
-130.000   31.000  0.00000 1
-130.000   32.000  0.00000 0
-130.000   33.000  0.00000 0
-130.000   34.000  0.00000 0
-130.000   35.000  0.00000 0
-130.000   36.000  0.00057 0
-130.000   37.000 -0.00002 0
-130.000   38.000  0.00122 0
-130.000   39.000  0.00176 0
-130.000   40.000  0.00067 3
-130.000   41.000 -0.00256 4
-130.000   42.000  0.00311 4
-130.000   43.000  0.00683 9
-130.000   44.000  0.00852 8
-130.000   45.000  0.01209 7
-130.000   46.000  0.01518 5
-130.000   47.000  0.00967 9
-130.000   48.000  0.00563 1
-130.000   49.000  0.00425 5
-130.000   50.000  0.00154 13
-129.000   25.000  0.00176 0
-129.000   26.000  0.00331 1
-129.000   27.000  0.00265 3
-129.000   28.000  0.00265 3
-129.000   29.000  0.00265 2
-129.000   30.000  0.00159 2
-129.000   31.000  0.00000 0
-129.000   32.000  0.00000 0
-129.000   33.000  0.00000 0
-129.000   34.000 -0.00054 0
-129.000   35.000  0.00029 1
-129.000   36.000  0.00151 1
-129.000   37.000 -0.00009 0
-129.000   38.000  0.00324 4
-129.000   39.000  0.00402 4
-129.000   40.000  0.00109 6
-129.000   41.000 -0.00187 10
-129.000   42.000  0.00368 7
-129.000   43.000  0.00629 19
-129.000   44.000  0.00976 13
-129.000   45.000  0.01561 13
-129.000   46.000  0.01766 10
-129.000   47.000  0.01221 6
-129.000   48.000  0.00610 4
-129.000   49.000  0.00300 10
-129.000   50.000 -0.00225 7
-128.000   25.000  0.00141 0
-128.000   26.000  0.00265 0
-128.000   27.000  0.00212 6
-128.000   28.000  0.00212 10
-128.000   29.000  0.00212 0
-128.000   30.000  0.00127 2
-128.000   31.000  0.00000 0
-128.000   32.000  0.00000 0
-128.000   33.000 -0.00179 0
-128.000   34.000 -0.00144 1
-128.000   35.000 -0.00068 4
-128.000   36.000  0.00030 2
-128.000   37.000 -0.00255 4
-128.000   38.000  0.00190 12
-128.000   39.000  0.00104 8
-128.000   40.000 -0.00172 5
-128.000   41.000 -0.00300 9
-128.000   42.000  0.00301 8
-128.000   43.000  0.00719 12
-128.000   44.000  0.01227 9
-128.000   45.000  0.01791 7
-128.000   46.000  0.01954 8
-128.000   47.000  0.01567 6
-128.000   48.000  0.00904 6
-128.000   49.000  0.00559 1
-128.000   50.000  0.00141 11
-127.000   25.000  0.00141 0
-127.000   26.000  0.00265 0
-127.000   27.000  0.00212 10
-127.000   28.000  0.00212 8
-127.000   29.000  0.00212 0
-127.000   30.000  0.00127 0
-127.000   31.000 -0.00026 0
-127.000   32.000  0.00048 0
-127.000   33.000 -0.00298 2
-127.000   34.000 -0.00474 5
-127.000   35.000 -0.00226 4
-127.000   36.000 -0.00161 9
-127.000   37.000 -0.00519 11
-127.000   38.000  0.00017 13
-127.000   39.000 -0.00076 14
-127.000   40.000 -0.00536 7
-127.000   41.000 -0.00422 8
-127.000   42.000  0.00302 11
-127.000   43.000  0.00883 10
-127.000   44.000  0.01856 9
-127.000   45.000  0.02350 11
-127.000   46.000  0.02534 33
-127.000   47.000  0.02025 6
-127.000   48.000  0.01322 4
-127.000   49.000  0.00773 8
-127.000   50.000  0.00561 10
-126.000   25.000  0.00141 0
-126.000   26.000  0.00265 0
-126.000   27.000  0.00212 5
-126.000   28.000  0.00212 0
-126.000   29.000  0.00212 0
-126.000   30.000  0.00376 0
-126.000   31.000  0.00345 0
-126.000   32.000  0.00306 2
-126.000   33.000  0.00018 1
-126.000   34.000 -0.00212 5
-126.000   35.000 -0.00187 9
-126.000   36.000 -0.00316 10
-126.000   37.000 -0.00733 7
-126.000   38.000 -0.00380 3
-126.000   39.000 -0.00509 7
-126.000   40.000 -0.00987 4
-126.000   41.000 -0.00709 13
-126.000   42.000  0.00365 10
-126.000   43.000  0.01470 15
-126.000   44.000  0.02410 5
-126.000   45.000  0.03150 12
-126.000   46.000  0.03404 36
-126.000   47.000  0.02685 7
-126.000   48.000  0.01389 8
-126.000   49.000  0.01009 6
-126.000   50.000  0.00452 10
-125.000   25.000 -0.00010 0
-125.000   26.000  0.00232 0
-125.000   27.000  0.00186 0
-125.000   28.000  0.00309 0
-125.000   29.000  0.00302 0
-125.000   30.000  0.00732 1
-125.000   31.000  0.00729 2
-125.000   32.000  0.00773 0
-125.000   33.000  0.00387 18
-125.000   34.000  0.00027 18
-125.000   35.000 -0.00038 16
-125.000   36.000 -0.00390 14
-125.000   37.000 -0.00953 8
-125.000   38.000 -0.00633 11
-125.000   39.000 -0.00528 5
-125.000   40.000 -0.01110 7
-125.000   41.000 -0.00685 9
-125.000   42.000  0.00373 12
-125.000   43.000  0.01333 15
-125.000   44.000  0.02282 22
-125.000   45.000  0.03218 26
-125.000   46.000  0.03624 13
-125.000   47.000  0.02985 9
-125.000   48.000  0.01933 9
-125.000   49.000  0.01558 4
-125.000   50.000  0.00888 5
-124.000   25.000  0.00000 0
-124.000   26.000  0.00000 0
-124.000   27.000  0.00000 0
-124.000   28.000  0.00221 0
-124.000   29.000  0.00218 1
-124.000   30.000  0.00710 1
-124.000   31.000  0.00960 2
-124.000   32.000  0.01070 7
-124.000   33.000  0.00542 19
-124.000   34.000  0.00219 12
-124.000   35.000  0.00014 23
-124.000   36.000 -0.00397 15
-124.000   37.000 -0.01012 31
-124.000   38.000 -0.00813 11
-124.000   39.000 -0.00675 12
-124.000   40.000 -0.01300 20
-124.000   41.000 -0.00920 17
-124.000   42.000  0.00001 22
-124.000   43.000  0.00981 24
-124.000   44.000  0.01708 27
-124.000   45.000  0.02634 12
-124.000   46.000  0.03133 5
-124.000   47.000  0.02913 10
-124.000   48.000  0.02265 12
-124.000   49.000  0.02159 6
-124.000   50.000  0.01898 3
-123.000   25.000  0.00000 0
-123.000   26.000  0.00000 0
-123.000   27.000  0.00078 0
-123.000   28.000  0.00115 0
-123.000   29.000  0.00262 1
-123.000   30.000  0.00904 6
-123.000   31.000  0.01249 6
-123.000   32.000  0.01236 28
-123.000   33.000  0.00981 38
-123.000   34.000  0.00358 27
-123.000   35.000  0.00022 28
-123.000   36.000 -0.00402 16
-123.000   37.000 -0.00748 38
-123.000   38.000 -0.00733 21
-123.000   39.000 -0.00422 16
-123.000   40.000 -0.01096 22
-123.000   41.000 -0.00906 16
-123.000   42.000 -0.00131 24
-123.000   43.000  0.00887 22
-123.000   44.000  0.01509 11
-123.000   45.000  0.02428 5
-123.000   46.000  0.02932 6
-123.000   47.000  0.02585 6
-123.000   48.000  0.02226 10
-123.000   49.000  0.02210 5
-123.000   50.000  0.02029 4
-122.000   25.000  0.00000 0
-122.000   26.000  0.00184 0
-122.000   27.000  0.00399 0
-122.000   28.000  0.00542 2
-122.000   29.000  0.00749 5
-122.000   30.000  0.01642 19
-122.000   31.000  0.02100 23
-122.000   32.000  0.01846 24
-122.000   33.000  0.01777 24
-122.000   34.000  0.01343 15
-122.000   35.000  0.00666 21
-122.000   36.000  0.00052 32
-122.000   37.000 -0.00319 30
-122.000   38.000 -0.00507 35
-122.000   39.000 -0.00316 23
-122.000   40.000 -0.00959 28
-122.000   41.000 -0.00854 17
-122.000   42.000 -0.00139 23
-122.000   43.000  0.00750 15
-122.000   44.000  0.00997 11
-122.000   45.000  0.02014 9
-122.000   46.000  0.02323 12
-122.000   47.000  0.02129 16
-122.000   48.000  0.01809 12
-122.000   49.000  0.01999 12
-122.000   50.000  0.01678 6
-121.000   25.000  0.00000 0
-121.000   26.000  0.00184 0
-121.000   27.000  0.00615 3
-121.000   28.000  0.00843 4
-121.000   29.000  0.01065 20
-121.000   30.000  0.01854 28
-121.000   31.000  0.02330 14
-121.000   32.000  0.01915 43
-121.000   33.000  0.01706 24
-121.000   34.000  0.01451 18
-121.000   35.000  0.01030 10
-121.000   36.000  0.00543 21
-121.000   37.000  0.00304 19
-121.000   38.000  0.00266 16
-121.000   39.000  0.00189 16
-121.000   40.000 -0.00586 23
-121.000   41.000 -0.00783 21
-121.000   42.000 -0.00294 19
-121.000   43.000  0.00069 17
-121.000   44.000  0.00388 15
-121.000   45.000  0.01351 14
-121.000   46.000  0.01656 12
-121.000   47.000  0.01555 15
-121.000   48.000  0.01668 6
-121.000   49.000  0.01823 4
-121.000   50.000  0.01504 6
-120.000   25.000  0.00072 0
-120.000   26.000  0.00400 0
-120.000   27.000  0.00788 1
-120.000   28.000  0.01116 9
-120.000   29.000  0.01491 13
-120.000   30.000  0.02119 9
-120.000   31.000  0.02488 7
-120.000   32.000  0.02097 26
-120.000   33.000  0.01918 26
-120.000   34.000  0.01864 20
-120.000   35.000  0.01602 12
-120.000   36.000  0.01332 18
-120.000   37.000  0.01201 28
-120.000   38.000  0.00979 24
-120.000   39.000  0.00416 27
-120.000   40.000 -0.00388 16
-120.000   41.000 -0.00770 10
-120.000   42.000 -0.00434 19
-120.000   43.000  0.00075 24
-120.000   44.000  0.00410 16
-120.000   45.000  0.01115 7
-120.000   46.000  0.01170 5
-120.000   47.000  0.01090 12
-120.000   48.000  0.01110 7
-120.000   49.000  0.01271 4
-120.000   50.000  0.01179 4
-119.000   25.000  0.00072 1
-119.000   26.000  0.00500 2
-119.000   27.000  0.00994 4
-119.000   28.000  0.01355 5
-119.000   29.000  0.01826 6
-119.000   30.000  0.02585 11
-119.000   31.000  0.02964 16
-119.000   32.000  0.02661 13
-119.000   33.000  0.02682 15
-119.000   34.000  0.02570 9
-119.000   35.000  0.02184 25
-119.000   36.000  0.01787 10
-119.000   37.000  0.01572 34
-119.000   38.000  0.01130 32
-119.000   39.000  0.00539 38
-119.000   40.000  0.00027 46
-119.000   41.000 -0.00410 22
-119.000   42.000  0.00014 24
-119.000   43.000  0.00477 47
-119.000   44.000  0.00867 16
-119.000   45.000  0.01443 18
-119.000   46.000  0.01539 3
-119.000   47.000  0.01040 6
-119.000   48.000  0.00903 3
-119.000   49.000  0.00930 2
-119.000   50.000  0.00441 2
-118.000   25.000  0.00072 0
-118.000   26.000  0.00500 0
-118.000   27.000  0.01159 6
-118.000   28.000  0.01831 13
-118.000   29.000  0.02249 3
-118.000   30.000  0.02833 14
-118.000   31.000  0.03396 10
-118.000   32.000  0.03205 18
-118.000   33.000  0.03446 17
-118.000   34.000  0.03563 15
-118.000   35.000  0.03300 18
-118.000   36.000  0.02631 14
-118.000   37.000  0.02128 16
-118.000   38.000  0.01249 25
-118.000   39.000  0.00373 38
-118.000   40.000  0.00019 42
-118.000   41.000 -0.00145 43
-118.000   42.000  0.00162 26
-118.000   43.000  0.00190 51
-118.000   44.000  0.00639 16
-118.000   45.000  0.01247 18
-118.000   46.000  0.01351 2
-118.000   47.000  0.00980 2
-118.000   48.000  0.00903 1
-118.000   49.000  0.00992 2
-118.000   50.000  0.00293 0
-117.000   25.000  0.00072 3
-117.000   26.000  0.00316 1
-117.000   27.000  0.01017 3
-117.000   28.000  0.01791 8
-117.000   29.000  0.02190 8
-117.000   30.000  0.02675 16
-117.000   31.000  0.03343 12
-117.000   32.000  0.03370 9
-117.000   33.000  0.03579 10
-117.000   34.000  0.03385 13
-117.000   35.000  0.03080 39
-117.000   36.000  0.02568 31
-117.000   37.000  0.01912 15
-117.000   38.000  0.00876 18
-117.000   39.000  0.00405 28
-117.000   40.000  0.00188 39
-117.000   41.000 -0.00104 26
-117.000   42.000  0.00053 30
-117.000   43.000 -0.00180 14
-117.000   44.000  0.00196 21
-117.000   45.000  0.00676 4
-117.000   46.000  0.00909 7
-117.000   47.000  0.00622 16
-117.000   48.000  0.00937 4
-117.000   49.000  0.01036 3
-117.000   50.000  0.00568 4
-116.000   25.000  0.00072 2
-116.000   26.000  0.00316 1
-116.000   27.000  0.01001 1
-116.000   28.000  0.02003 4
-116.000   29.000  0.02427 8
-116.000   30.000  0.02789 14
-116.000   31.000  0.03521 11
-116.000   32.000  0.03621 9
-116.000   33.000  0.03764 20
-116.000   34.000  0.03349 10
-116.000   35.000  0.02973 59
-116.000   36.000  0.02454 12
-116.000   37.000  0.01686 18
-116.000   38.000  0.00430 23
-116.000   39.000  0.00143 22
-116.000   40.000  0.00014 29
-116.000   41.000 -0.00326 7
-116.000   42.000 -0.00440 21
-116.000   43.000 -0.00793 12
-116.000   44.000 -0.00299 15
-116.000   45.000 -0.00000 6
-116.000   46.000  0.00276 10
-116.000   47.000  0.00317 17
-116.000   48.000  0.00729 8
-116.000   49.000  0.00641 3
-116.000   50.000  0.00523 7
-115.000   25.000  0.00000 0
-115.000   26.000  0.00100 0
-115.000   27.000  0.01003 0
-115.000   28.000  0.01980 1
-115.000   29.000  0.02455 10
-115.000   30.000  0.02801 14
-115.000   31.000  0.03705 14
-115.000   32.000  0.03854 10
-115.000   33.000  0.03970 10
-115.000   34.000  0.03270 7
-115.000   35.000  0.02801 16
-115.000   36.000  0.02008 9
-115.000   37.000  0.01128 21
-115.000   38.000  0.00091 21
-115.000   39.000  0.00104 44
-115.000   40.000  0.00193 10
-115.000   41.000 -0.00064 16
-115.000   42.000 -0.00602 25
-115.000   43.000 -0.01216 22
-115.000   44.000 -0.00787 14
-115.000   45.000 -0.00757 10
-115.000   46.000 -0.00508 3
-115.000   47.000 -0.00155 7
-115.000   48.000  0.00350 15
-115.000   49.000  0.00167 6
-115.000   50.000  0.00229 8
-114.000   25.000  0.00000 2
-114.000   26.000  0.00000 1
-114.000   27.000  0.00741 0
-114.000   28.000  0.01678 4
-114.000   29.000  0.02263 7
-114.000   30.000  0.02574 9
-114.000   31.000  0.03406 8
-114.000   32.000  0.03668 7
-114.000   33.000  0.03470 6
-114.000   34.000  0.02715 5
-114.000   35.000  0.02275 18
-114.000   36.000  0.01556 7
-114.000   37.000  0.00698 17
-114.000   38.000  0.00077 14
-114.000   39.000 -0.00174 19
-114.000   40.000 -0.00181 21
-114.000   41.000 -0.00185 15
-114.000   42.000 -0.00753 19
-114.000   43.000 -0.01414 25
-114.000   44.000 -0.00855 10
-114.000   45.000 -0.00993 6
-114.000   46.000 -0.00804 6
-114.000   47.000 -0.00163 7
-114.000   48.000  0.00558 21
-114.000   49.000  0.00526 3
-114.000   50.000  0.01155 15
-113.000   25.000 -0.00096 0
-113.000   26.000 -0.00097 0
-113.000   27.000  0.00505 0
-113.000   28.000  0.01377 1
-113.000   29.000  0.01901 13
-113.000   30.000  0.02288 7
-113.000   31.000  0.02861 7
-113.000   32.000  0.03294 5
-113.000   33.000  0.02721 11
-113.000   34.000  0.01960 11
-113.000   35.000  0.01512 7
-113.000   36.000  0.01110 14
-113.000   37.000  0.00286 27
-113.000   38.000  0.00187 9
-113.000   39.000  0.00168 16
-113.000   40.000  0.00094 24
-113.000   41.000 -0.00306 22
-113.000   42.000 -0.01014 13
-113.000   43.000 -0.01926 22
-113.000   44.000 -0.01486 10
-113.000   45.000 -0.01698 3
-113.000   46.000 -0.01436 4
-113.000   47.000 -0.00755 8
-113.000   48.000 -0.00051 21
-113.000   49.000 -0.00293 5
-113.000   50.000  0.00283 5
-112.000   25.000 -0.00416 3
-112.000   26.000 -0.00450 1
-112.000   27.000  0.00033 0
-112.000   28.000  0.00645 4
-112.000   29.000  0.01380 8
-112.000   30.000  0.01715 9
-112.000   31.000  0.02187 6
-112.000   32.000  0.02580 8
-112.000   33.000  0.02069 5
-112.000   34.000  0.01277 14
-112.000   35.000  0.01195 7
-112.000   36.000  0.00889 10
-112.000   37.000  0.00371 22
-112.000   38.000  0.00423 33
-112.000   39.000  0.00312 31
-112.000   40.000  0.00093 17
-112.000   41.000 -0.00347 15
-112.000   42.000 -0.01009 10
-112.000   43.000 -0.01650 9
-112.000   44.000 -0.01334 9
-112.000   45.000 -0.01578 11
-112.000   46.000 -0.01289 5
-112.000   47.000 -0.00736 11
-112.000   48.000 -0.00303 8
-112.000   49.000 -0.00491 9
-112.000   50.000  0.00018 6
-111.000   25.000 -0.00701 1
-111.000   26.000 -0.00776 4
-111.000   27.000 -0.00494 12
-111.000   28.000 -0.00164 15
-111.000   29.000  0.00716 14
-111.000   30.000  0.01265 10
-111.000   31.000  0.01441 13
-111.000   32.000  0.02228 8
-111.000   33.000  0.01801 4
-111.000   34.000  0.01035 10
-111.000   35.000  0.00706 5
-111.000   36.000  0.00624 13
-111.000   37.000 -0.00119 15
-111.000   38.000  0.00173 43
-111.000   39.000 -0.00103 24
-111.000   40.000 -0.00050 9
-111.000   41.000 -0.00139 14
-111.000   42.000 -0.00682 17
-111.000   43.000 -0.01340 7
-111.000   44.000 -0.01388 12
-111.000   45.000 -0.01866 10
-111.000   46.000 -0.02293 8
-111.000   47.000 -0.01598 6
-111.000   48.000 -0.01176 14
-111.000   49.000 -0.01119 7
-111.000   50.000 -0.00633 9
-110.000   25.000 -0.00833 3
-110.000   26.000 -0.00913 20
-110.000   27.000 -0.00796 12
-110.000   28.000 -0.00680 10
-110.000   29.000  0.00193 17
-110.000   30.000  0.00934 11
-110.000   31.000  0.00731 12
-110.000   32.000  0.01129 6
-110.000   33.000  0.00448 2
-110.000   34.000 -0.00253 5
-110.000   35.000 -0.00498 4
-110.000   36.000 -0.00119 14
-110.000   37.000 -0.00596 12
-110.000   38.000  0.00004 15
-110.000   39.000 -0.00382 16
-110.000   40.000 -0.00605 13
-110.000   41.000 -0.00446 18
-110.000   42.000 -0.00429 8
-110.000   43.000 -0.00891 10
-110.000   44.000 -0.01085 12
-110.000   45.000 -0.01229 12
-110.000   46.000 -0.01778 10
-110.000   47.000 -0.01198 8
-110.000   48.000 -0.01008 5
-110.000   49.000 -0.00575 4
-110.000   50.000 -0.00421 5
-109.000   25.000 -0.00971 21
-109.000   26.000 -0.01066 65
-109.000   27.000 -0.00861 21
-109.000   28.000 -0.00866 33
-109.000   29.000 -0.00216 26
-109.000   30.000  0.00623 8
-109.000   31.000  0.00658 7
-109.000   32.000  0.00588 12
-109.000   33.000 -0.00132 10
-109.000   34.000 -0.01131 11
-109.000   35.000 -0.01672 6
-109.000   36.000 -0.01455 18
-109.000   37.000 -0.01693 15
-109.000   38.000 -0.01122 21
-109.000   39.000 -0.00819 19
-109.000   40.000 -0.00606 16
-109.000   41.000 -0.00765 10
-109.000   42.000 -0.00954 10
-109.000   43.000 -0.01676 11
-109.000   44.000 -0.02019 13
-109.000   45.000 -0.02242 12
-109.000   46.000 -0.02624 9
-109.000   47.000 -0.01874 9
-109.000   48.000 -0.01684 6
-109.000   49.000 -0.01365 6
-109.000   50.000 -0.01660 8
-108.000   25.000 -0.00729 30
-108.000   26.000 -0.00879 28
-108.000   27.000 -0.00796 18
-108.000   28.000 -0.00873 9
-108.000   29.000 -0.00338 9
-108.000   30.000  0.00328 5
-108.000   31.000  0.00329 13
-108.000   32.000  0.00025 10
-108.000   33.000 -0.01031 9
-108.000   34.000 -0.02186 7
-108.000   35.000 -0.02619 22
-108.000   36.000 -0.02380 22
-108.000   37.000 -0.02414 19
-108.000   38.000 -0.01456 37
-108.000   39.000 -0.00802 22
-108.000   40.000 -0.00635 17
-108.000   41.000 -0.00727 10
-108.000   42.000 -0.00805 13
-108.000   43.000 -0.01330 6
-108.000   44.000 -0.01933 9
-108.000   45.000 -0.02396 9
-108.000   46.000 -0.02899 14
-108.000   47.000 -0.02093 8
-108.000   48.000 -0.01888 3
-108.000   49.000 -0.01493 9
-108.000   50.000 -0.01337 7
-107.000   25.000 -0.00425 15
-107.000   26.000 -0.00432 16
-107.000   27.000 -0.00410 12
-107.000   28.000 -0.00309 8
-107.000   29.000 -0.00141 3
-107.000   30.000  0.00589 4
-107.000   31.000  0.00377 8
-107.000   32.000 -0.00024 9
-107.000   33.000 -0.01611 6
-107.000   34.000 -0.02372 15
-107.000   35.000 -0.03222 21
-107.000   36.000 -0.03204 16
-107.000   37.000 -0.03293 21
-107.000   38.000 -0.01812 14
-107.000   39.000 -0.01634 15
-107.000   40.000 -0.01357 11
-107.000   41.000 -0.01097 6
-107.000   42.000 -0.01219 10
-107.000   43.000 -0.01941 6
-107.000   44.000 -0.02083 10
-107.000   45.000 -0.02421 12
-107.000   46.000 -0.03017 16
-107.000   47.000 -0.02044 8
-107.000   48.000 -0.01789 5
-107.000   49.000 -0.01453 5
-107.000   50.000 -0.01337 6
-106.000   25.000 -0.00013 11
-106.000   26.000  0.00126 11
-106.000   27.000  0.00125 4
-106.000   28.000  0.00070 14
-106.000   29.000 -0.00086 3
-106.000   30.000  0.00458 3
-106.000   31.000  0.00375 4
-106.000   32.000 -0.00174 9
-106.000   33.000 -0.01674 9
-106.000   34.000 -0.02124 16
-106.000   35.000 -0.02660 18
-106.000   36.000 -0.02908 13
-106.000   37.000 -0.03172 17
-106.000   38.000 -0.01609 12
-106.000   39.000 -0.01166 14
-106.000   40.000 -0.01270 25
-106.000   41.000 -0.01350 10
-106.000   42.000 -0.01419 12
-106.000   43.000 -0.02638 12
-106.000   44.000 -0.02975 10
-106.000   45.000 -0.02949 7
-106.000   46.000 -0.02795 12
-106.000   47.000 -0.01804 7
-106.000   48.000 -0.01059 8
-106.000   49.000 -0.00629 3
-106.000   50.000 -0.00642 1
-105.000   25.000  0.00262 14
-105.000   26.000  0.00733 1
-105.000   27.000  0.00559 14
-105.000   28.000  0.00579 12
-105.000   29.000  0.00057 12
-105.000   30.000  0.00628 12
-105.000   31.000  0.00586 6
-105.000   32.000  0.00420 17
-105.000   33.000 -0.00759 19
-105.000   34.000 -0.01257 23
-105.000   35.000 -0.02145 7
-105.000   36.000 -0.02668 20
-105.000   37.000 -0.03204 19
-105.000   38.000 -0.01890 17
-105.000   39.000 -0.01303 23
-105.000   40.000 -0.01244 8
-105.000   41.000 -0.01684 11
-105.000   42.000 -0.02062 6
-105.000   43.000 -0.03818 18
-105.000   44.000 -0.03766 10
-105.000   45.000 -0.03604 14
-105.000   46.000 -0.03177 13
-105.000   47.000 -0.02069 3
-105.000   48.000 -0.00736 3
-105.000   49.000 -0.00700 4
-105.000   50.000 -0.00560 3
-104.000   25.000  0.00508 16
-104.000   26.000  0.01144 5
-104.000   27.000  0.01093 7
-104.000   28.000  0.01214 9
-104.000   29.000  0.00665 9
-104.000   30.000  0.01009 10
-104.000   31.000  0.00530 12
-104.000   32.000  0.00513 39
-104.000   33.000 -0.00478 29
-104.000   34.000 -0.00539 25
-104.000   35.000 -0.01032 22
-104.000   36.000 -0.01182 17
-104.000   37.000 -0.01741 18
-104.000   38.000 -0.00752 15
-104.000   39.000 -0.00746 10
-104.000   40.000 -0.01219 8
-104.000   41.000 -0.01633 6
-104.000   42.000 -0.01991 12
-104.000   43.000 -0.03629 13
-104.000   44.000 -0.03459 6
-104.000   45.000 -0.03053 6
-104.000   46.000 -0.02769 9
-104.000   47.000 -0.02013 5
-104.000   48.000 -0.00544 2
-104.000   49.000 -0.00514 4
-104.000   50.000 -0.00247 3
-103.000   25.000  0.00765 5
-103.000   26.000  0.01357 10
-103.000   27.000  0.01221 13
-103.000   28.000  0.01344 16
-103.000   29.000  0.00933 12
-103.000   30.000  0.01411 12
-103.000   31.000  0.00949 19
-103.000   32.000  0.01082 24
-103.000   33.000  0.00259 17
-103.000   34.000  0.00281 23
-103.000   35.000 -0.00392 23
-103.000   36.000 -0.00645 15
-103.000   37.000 -0.01280 12
-103.000   38.000 -0.00766 10
-103.000   39.000 -0.01103 14
-103.000   40.000 -0.01697 10
-103.000   41.000 -0.02045 10
-103.000   42.000 -0.02289 10
-103.000   43.000 -0.03706 17
-103.000   44.000 -0.03313 8
-103.000   45.000 -0.02523 6
-103.000   46.000 -0.02086 6
-103.000   47.000 -0.01476 5
-103.000   48.000 -0.00106 5
-103.000   49.000  0.00000 1
-103.000   50.000  0.00000 2
-102.000   25.000  0.00781 5
-102.000   26.000  0.01263 10
-102.000   27.000  0.01194 9
-102.000   28.000  0.01368 10
-102.000   29.000  0.01047 14
-102.000   30.000  0.01421 20
-102.000   31.000  0.01203 15
-102.000   32.000  0.01218 20
-102.000   33.000  0.00739 38
-102.000   34.000  0.00688 33
-102.000   35.000  0.00275 38
-102.000   36.000 -0.00030 23
-102.000   37.000 -0.00534 14
-102.000   38.000 -0.00465 11
-102.000   39.000 -0.00484 11
-102.000   40.000 -0.01109 7
-102.000   41.000 -0.01702 13
-102.000   42.000 -0.01798 20
-102.000   43.000 -0.03246 10
-102.000   44.000 -0.03116 5
-102.000   45.000 -0.02438 8
-102.000   46.000 -0.01864 3
-102.000   47.000 -0.01462 3
-102.000   48.000 -0.00036 1
-102.000   49.000  0.00000 1
-102.000   50.000  0.00000 2
-101.000   25.000  0.00654 11
-101.000   26.000  0.01031 4
-101.000   27.000  0.00984 11
-101.000   28.000  0.01285 4
-101.000   29.000  0.01101 7
-101.000   30.000  0.01381 8
-101.000   31.000  0.00950 15
-101.000   32.000  0.00922 11
-101.000   33.000  0.00485 26
-101.000   34.000  0.00131 19
-101.000   35.000 -0.00251 29
-101.000   36.000 -0.00254 25
-101.000   37.000 -0.00373 13
-101.000   38.000 -0.00634 17
-101.000   39.000 -0.00541 21
-101.000   40.000 -0.00988 22
-101.000   41.000 -0.01542 8
-101.000   42.000 -0.01697 7
-101.000   43.000 -0.02515 19
-101.000   44.000 -0.02300 5
-101.000   45.000 -0.01724 8
-101.000   46.000 -0.01166 5
-101.000   47.000 -0.01025 2
-101.000   48.000 -0.00005 1
-101.000   49.000  0.00000 3
-101.000   50.000  0.00000 2
-100.000   25.000  0.00511 3
-100.000   26.000  0.00561 3
-100.000   27.000  0.00677 1
-100.000   28.000  0.00918 2
-100.000   29.000  0.00947 6
-100.000   30.000  0.00885 11
-100.000   31.000  0.00634 14
-100.000   32.000  0.00464 16
-100.000   33.000  0.00164 18
-100.000   34.000 -0.00031 23
-100.000   35.000  0.00037 19
-100.000   36.000 -0.00010 21
-100.000   37.000  0.00171 23
-100.000   38.000 -0.00242 23
-100.000   39.000 -0.00256 23
-100.000   40.000 -0.00673 21
-100.000   41.000 -0.01005 18
-100.000   42.000 -0.01128 21
-100.000   43.000 -0.01516 12
-100.000   44.000 -0.01608 13
-100.000   45.000 -0.01273 10
-100.000   46.000 -0.00785 7
-100.000   47.000 -0.00902 1
-100.000   48.000 -0.00237 0
-100.000   49.000  0.00000 3
-100.000   50.000  0.00000 0
 -99.000   25.000  0.00403 0
 -99.000   26.000  0.00302 2
 -99.000   27.000  0.00471 1
 -99.000   28.000  0.00882 3
 -99.000   29.000  0.00991 1
 -99.000   30.000  0.00786 5
 -99.000   31.000  0.00431 4
 -99.000   32.000  0.00218 14
 -99.000   33.000 -0.00086 19
 -99.000   34.000 -0.00303 14
 -99.000   35.000  0.00044 17
 -99.000   36.000  0.00154 16
 -99.000   37.000  0.00332 13
 -99.000   38.000 -0.00097 13
 -99.000   39.000 -0.00109 29
 -99.000   40.000 -0.00525 25
 -99.000   41.000 -0.00742 16
 -99.000   42.000 -0.00762 32
 -99.000   43.000 -0.00947 14
 -99.000   44.000 -0.00877 11
 -99.000   45.000 -0.00651 8
 -99.000   46.000 -0.00190 6
 -99.000   47.000 -0.00363 4
 -99.000   48.000 -0.00051 2
 -99.000   49.000  0.00000 4
 -99.000   50.000  0.00000 1
 -98.000   25.000  0.00000 4
 -98.000   26.000  0.00000 5
 -98.000   27.000  0.00271 1
 -98.000   28.000  0.00528 2
 -98.000   29.000  0.00576 4
 -98.000   30.000  0.00360 3
 -98.000   31.000  0.00019 19
 -98.000   32.000 -0.00270 8
 -98.000   33.000 -0.00229 5
 -98.000   34.000 -0.00291 7
 -98.000   35.000  0.00273 28
 -98.000   36.000  0.00523 15
 -98.000   37.000  0.00594 17
 -98.000   38.000  0.00237 22
 -98.000   39.000  0.00243 30
 -98.000   40.000 -0.00025 29
 -98.000   41.000 -0.00331 22
 -98.000   42.000 -0.00211 24
 -98.000   43.000 -0.00245 17
 -98.000   44.000 -0.00355 7
 -98.000   45.000 -0.00437 4
 -98.000   46.000 -0.00040 8
 -98.000   47.000 -0.00213 2
 -98.000   48.000 -0.00119 1
 -98.000   49.000  0.00000 1
 -98.000   50.000  0.00000 4
 -97.000   25.000  0.00000 0
 -97.000   26.000  0.00000 2
 -97.000   27.000  0.00206 1
 -97.000   28.000  0.00091 2
 -97.000   29.000 -0.00043 10
 -97.000   30.000 -0.00366 13
 -97.000   31.000 -0.00828 8
 -97.000   32.000 -0.00910 8
 -97.000   33.000 -0.00569 6
 -97.000   34.000 -0.00482 7
 -97.000   35.000  0.00188 9
 -97.000   36.000  0.00681 20
 -97.000   37.000  0.00619 22
 -97.000   38.000  0.00422 12
 -97.000   39.000  0.00627 21
 -97.000   40.000  0.00423 21
 -97.000   41.000  0.00043 11
 -97.000   42.000 -0.00037 22
 -97.000   43.000 -0.00101 15
 -97.000   44.000 -0.00423 9
 -97.000   45.000 -0.00565 5
 -97.000   46.000 -0.00216 8
 -97.000   47.000 -0.00198 3
 -97.000   48.000 -0.00164 1
 -97.000   49.000  0.00000 4
 -97.000   50.000  0.00000 3
 -96.000   25.000  0.00205 2
 -96.000   26.000  0.00263 2
 -96.000   27.000  0.00590 0
 -96.000   28.000  0.00186 2
 -96.000   29.000  0.00053 1
 -96.000   30.000 -0.00224 6
 -96.000   31.000 -0.00599 5
 -96.000   32.000 -0.00810 1
 -96.000   33.000 -0.00447 10
 -96.000   34.000 -0.00309 1
 -96.000   35.000  0.00459 13
 -96.000   36.000  0.00773 14
 -96.000   37.000  0.00776 22
 -96.000   38.000  0.00852 13
 -96.000   39.000  0.00875 8
 -96.000   40.000  0.00582 20
 -96.000   41.000  0.00367 30
 -96.000   42.000  0.00269 25
 -96.000   43.000  0.00208 16
 -96.000   44.000  0.00179 4
 -96.000   45.000 -0.00095 7
 -96.000   46.000  0.00093 8
 -96.000   47.000  0.00020 0
 -96.000   48.000 -0.00079 2
 -96.000   49.000 -0.00095 2
 -96.000   50.000  0.00000 2
 -95.000   25.000  0.00341 3
 -95.000   26.000  0.00327 3
 -95.000   27.000  0.00640 4
 -95.000   28.000  0.00237 3
 -95.000   29.000  0.00226 5
 -95.000   30.000 -0.00121 6
 -95.000   31.000 -0.00557 8
 -95.000   32.000 -0.00775 8
 -95.000   33.000 -0.00468 3
 -95.000   34.000 -0.00448 7
 -95.000   35.000  0.00239 14
 -95.000   36.000  0.00758 20
 -95.000   37.000  0.00603 16
 -95.000   38.000  0.00578 12
 -95.000   39.000  0.00709 18
 -95.000   40.000  0.00562 18
 -95.000   41.000  0.00389 17
 -95.000   42.000  0.00409 18
 -95.000   43.000  0.00647 9
 -95.000   44.000  0.00683 9
 -95.000   45.000  0.00369 8
 -95.000   46.000  0.00403 3
 -95.000   47.000  0.00378 2
 -95.000   48.000  0.00138 5
 -95.000   49.000 -0.00057 4
 -95.000   50.000  0.00000 3
 -94.000   25.000  0.00450 9
 -94.000   26.000  0.00408 1
 -94.000   27.000  0.00500 2
 -94.000   28.000 -0.00253 6
 -94.000   29.000 -0.00268 7
 -94.000   30.000 -0.00609 6
 -94.000   31.000 -0.00742 5
 -94.000   32.000 -0.00866 3
 -94.000   33.000 -0.00430 5
 -94.000   34.000 -0.00342 14
 -94.000   35.000 -0.00090 18
 -94.000   36.000  0.00133 14
 -94.000   37.000  0.00046 12
 -94.000   38.000  0.00364 21
 -94.000   39.000  0.00499 19
 -94.000   40.000  0.00654 19
 -94.000   41.000  0.00611 14
 -94.000   42.000  0.00632 31
 -94.000   43.000  0.00771 18
 -94.000   44.000  0.00590 11
 -94.000   45.000  0.00302 8
 -94.000   46.000  0.00315 5
 -94.000   47.000  0.00333 6
 -94.000   48.000  0.00070 3
 -94.000   49.000  0.00091 3
 -94.000   50.000  0.00197 2
 -93.000   25.000  0.00266 5
 -93.000   26.000  0.00270 6
 -93.000   27.000  0.00389 12
 -93.000   28.000 -0.00200 11
 -93.000   29.000 -0.00404 1
 -93.000   30.000 -0.00634 2
 -93.000   31.000 -0.00784 7
 -93.000   32.000 -0.00986 9
 -93.000   33.000 -0.00465 6
 -93.000   34.000 -0.00322 5
 -93.000   35.000 -0.00082 20
 -93.000   36.000  0.00116 27
 -93.000   37.000  0.00223 18
 -93.000   38.000  0.00295 14
 -93.000   39.000  0.00518 25
 -93.000   40.000  0.00548 17
 -93.000   41.000  0.00501 19
 -93.000   42.000  0.00332 22
 -93.000   43.000  0.00255 39
 -93.000   44.000  0.00240 5
 -93.000   45.000  0.00089 8
 -93.000   46.000  0.00149 9
 -93.000   47.000  0.00240 7
 -93.000   48.000  0.00190 2
 -93.000   49.000  0.00091 5
 -93.000   50.000  0.00197 3
 -92.000   25.000  0.00266 2
 -92.000   26.000  0.00270 10
 -92.000   27.000  0.00389 6
 -92.000   28.000 -0.00027 4
 -92.000   29.000  0.00176 3
 -92.000   30.000  0.00165 8
 -92.000   31.000  0.00015 4
 -92.000   32.000 -0.00522 5
 -92.000   33.000 -0.00309 4
 -92.000   34.000 -0.00237 5
 -92.000   35.000 -0.00124 24
 -92.000   36.000  0.00255 16
 -92.000   37.000  0.00814 24
 -92.000   38.000  0.00882 14
 -92.000   39.000  0.00724 10
 -92.000   40.000  0.00581 21
 -92.000   41.000  0.00475 18
 -92.000   42.000  0.00370 60
 -92.000   43.000  0.00607 32
 -92.000   44.000  0.00638 12
 -92.000   45.000  0.00566 17
 -92.000   46.000  0.00505 5
 -92.000   47.000  0.00414 5
 -92.000   48.000  0.00190 7
 -92.000   49.000  0.00091 3
 -92.000   50.000  0.00197 4
 -91.000   25.000  0.00346 3
 -91.000   26.000  0.00172 5
 -91.000   27.000  0.00055 7
 -91.000   28.000 -0.00119 5
 -91.000   29.000  0.00115 5
 -91.000   30.000 -0.00088 3
 -91.000   31.000 -0.00111 6
 -91.000   32.000 -0.00428 4
 -91.000   33.000 -0.00238 4
 -91.000   34.000 -0.00274 11
 -91.000   35.000 -0.00304 12
 -91.000   36.000 -0.00003 19
 -91.000   37.000  0.00659 26
 -91.000   38.000  0.00660 21
 -91.000   39.000  0.00707 25
 -91.000   40.000  0.00698 19
 -91.000   41.000  0.00718 30
 -91.000   42.000  0.00491 45
 -91.000   43.000  0.00649 17
 -91.000   44.000  0.00593 8
 -91.000   45.000  0.00627 8
 -91.000   46.000  0.00518 6
 -91.000   47.000  0.00481 2
 -91.000   48.000  0.00307 4
 -91.000   49.000  0.00185 3
 -91.000   50.000  0.00197 1
 -90.000   25.000  0.00210 3
 -90.000   26.000  0.00088 2
 -90.000   27.000 -0.00012 2
 -90.000   28.000 -0.00244 5
 -90.000   29.000 -0.00167 5
 -90.000   30.000 -0.00385 6
 -90.000   31.000 -0.00382 10
 -90.000   32.000 -0.00558 20
 -90.000   33.000 -0.00209 4
 -90.000   34.000 -0.00068 19
 -90.000   35.000  0.00000 8
 -90.000   36.000  0.00237 14
 -90.000   37.000  0.00827 15
 -90.000   38.000  0.00874 13
 -90.000   39.000  0.01002 12
 -90.000   40.000  0.00953 10
 -90.000   41.000  0.00902 29
 -90.000   42.000  0.00619 21
 -90.000   43.000  0.00496 17
 -90.000   44.000  0.00437 15
 -90.000   45.000  0.00474 11
 -90.000   46.000  0.00525 1
 -90.000   47.000  0.00477 4
 -90.000   48.000  0.00436 5
 -90.000   49.000  0.00232 2
 -90.000   50.000  0.00309 3
 -89.000   25.000  0.00101 3
 -89.000   26.000  0.00007 2
 -89.000   27.000 -0.00077 6
 -89.000   28.000 -0.00206 6
 -89.000   29.000 -0.00165 8
 -89.000   30.000 -0.00528 8
 -89.000   31.000 -0.00449 20
 -89.000   32.000 -0.00710 8
 -89.000   33.000 -0.00230 3
 -89.000   34.000 -0.00169 21
 -89.000   35.000  0.00364 14
 -89.000   36.000  0.00466 9
 -89.000   37.000  0.01183 9
 -89.000   38.000  0.00842 10
 -89.000   39.000  0.01090 20
 -89.000   40.000  0.00831 7
 -89.000   41.000  0.00835 30
 -89.000   42.000  0.00482 21
 -89.000   43.000  0.00455 10
 -89.000   44.000  0.00581 17
 -89.000   45.000  0.00527 12
 -89.000   46.000  0.00465 8
 -89.000   47.000  0.00443 5
 -89.000   48.000  0.00462 3
 -89.000   49.000 -0.00020 2
 -89.000   50.000  0.00112 1
 -88.000   25.000  0.00461 4
 -88.000   26.000  0.00267 2
 -88.000   27.000  0.00154 5
 -88.000   28.000  0.00036 7
 -88.000   29.000  0.00232 5
 -88.000   30.000 -0.00443 7
 -88.000   31.000 -0.00267 4
 -88.000   32.000 -0.00425 9
 -88.000   33.000 -0.00012 7
 -88.000   34.000 -0.00157 12
 -88.000   35.000  0.00412 9
 -88.000   36.000  0.00393 30
 -88.000   37.000  0.01045 18
 -88.000   38.000  0.00820 16
 -88.000   39.000  0.00863 19
 -88.000   40.000  0.00768 27
 -88.000   41.000  0.00891 18
 -88.000   42.000  0.00608 16
 -88.000   43.000  0.00550 7
 -88.000   44.000  0.00938 14
 -88.000   45.000  0.00886 14
 -88.000   46.000  0.00735 6
 -88.000   47.000  0.00584 5
 -88.000   48.000  0.00573 6
 -88.000   49.000 -0.00020 5
 -88.000   50.000  0.00112 1
 -87.000   25.000  0.00400 3
 -87.000   26.000  0.00186 3
 -87.000   27.000  0.00089 4
 -87.000   28.000  0.00199 3
 -87.000   29.000  0.00141 4
 -87.000   30.000 -0.00805 10
 -87.000   31.000 -0.00338 4
 -87.000   32.000 -0.00049 7
 -87.000   33.000  0.00327 6
 -87.000   34.000  0.00672 14
 -87.000   35.000  0.01457 29
 -87.000   36.000  0.01273 51
 -87.000   37.000  0.01193 23
 -87.000   38.000  0.00749 13
 -87.000   39.000  0.00424 11
 -87.000   40.000  0.00407 13
 -87.000   41.000  0.00381 8
 -87.000   42.000  0.00318 9
 -87.000   43.000  0.00187 8
 -87.000   44.000  0.00807 20
 -87.000   45.000  0.00710 14
 -87.000   46.000  0.00612 12
 -87.000   47.000  0.00526 6
 -87.000   48.000  0.00615 4
 -87.000   49.000 -0.00092 4
 -87.000   50.000  0.00112 3
 -86.000   25.000  0.00005 4
 -86.000   26.000 -0.00063 6
 -86.000   27.000 -0.00026 5
 -86.000   28.000 -0.00031 15
 -86.000   29.000 -0.00305 7
 -86.000   30.000 -0.00998 7
 -86.000   31.000 -0.00871 9
 -86.000   32.000 -0.00477 11
 -86.000   33.000  0.00381 16
 -86.000   34.000  0.01048 11
 -86.000   35.000  0.01930 16
 -86.000   36.000  0.02097 29
 -86.000   37.000  0.01702 17
 -86.000   38.000  0.00835 13
 -86.000   39.000  0.00355 7
 -86.000   40.000  0.00094 15
 -86.000   41.000 -0.00030 16
 -86.000   42.000 -0.00087 17
 -86.000   43.000 -0.00046 16
 -86.000   44.000  0.00630 18
 -86.000   45.000  0.00557 17
 -86.000   46.000  0.00507 13
 -86.000   47.000  0.00493 2
 -86.000   48.000  0.00476 3
 -86.000   49.000 -0.00275 2
 -86.000   50.000  0.00032 0
 -85.000   25.000  0.00005 2
 -85.000   26.000 -0.00043 3
 -85.000   27.000  0.00261 16
 -85.000   28.000  0.00314 14
 -85.000   29.000  0.00385 5
 -85.000   30.000 -0.00100 8
 -85.000   31.000  0.00026 8
 -85.000   32.000  0.00007 7
 -85.000   33.000  0.00884 11
 -85.000   34.000  0.01187 18
 -85.000   35.000  0.02016 18
 -85.000   36.000  0.02249 6
 -85.000   37.000  0.01948 10
 -85.000   38.000  0.00941 9
 -85.000   39.000  0.00451 9
 -85.000   40.000 -0.00025 10
 -85.000   41.000 -0.00253 12
 -85.000   42.000 -0.00330 16
 -85.000   43.000 -0.00246 11
 -85.000   44.000  0.00313 18
 -85.000   45.000  0.00364 17
 -85.000   46.000  0.00394 17
 -85.000   47.000  0.00446 6
 -85.000   48.000  0.00448 3
 -85.000   49.000 -0.00125 3
 -85.000   50.000  0.00125 1
 -84.000   25.000 -0.00147 9
 -84.000   26.000 -0.00157 5
 -84.000   27.000  0.00167 11
 -84.000   28.000  0.00029 6
 -84.000   29.000  0.00191 8
 -84.000   30.000 -0.00048 10
 -84.000   31.000  0.00026 6
 -84.000   32.000  0.00023 9
 -84.000   33.000  0.01207 24
 -84.000   34.000  0.01484 15
 -84.000   35.000  0.02070 11
 -84.000   36.000  0.02299 12
 -84.000   37.000  0.02021 8
 -84.000   38.000  0.00875 8
 -84.000   39.000  0.00495 15
 -84.000   40.000 -0.00026 14
 -84.000   41.000 -0.00394 24
 -84.000   42.000 -0.00622 15
 -84.000   43.000 -0.00534 15
 -84.000   44.000 -0.00266 16
 -84.000   45.000 -0.00119 7
 -84.000   46.000  0.00136 30
 -84.000   47.000  0.00447 9
 -84.000   48.000  0.00499 2
 -84.000   49.000  0.00198 6
 -84.000   50.000  0.00466 4
 -83.000   25.000 -0.00324 1
 -83.000   26.000 -0.00280 5
 -83.000   27.000 -0.00052 3
 -83.000   28.000 -0.00201 4
 -83.000   29.000  0.00325 9
 -83.000   30.000  0.00287 4
 -83.000   31.000  0.00319 7
 -83.000   32.000  0.00391 5
 -83.000   33.000  0.01439 28
 -83.000   34.000  0.01453 5
 -83.000   35.000  0.01902 6
 -83.000   36.000  0.01972 4
 -83.000   37.000  0.01634 17
 -83.000   38.000  0.00637 11
 -83.000   39.000  0.00231 16
 -83.000   40.000 -0.00394 24
 -83.000   41.000 -0.00576 11
 -83.000   42.000 -0.00736 17
 -83.000   43.000 -0.00827 26
 -83.000   44.000 -0.00722 16
 -83.000   45.000 -0.00461 18
 -83.000   46.000 -0.00316 14
 -83.000   47.000  0.00109 16
 -83.000   48.000  0.00339 10
 -83.000   49.000  0.00239 3
 -83.000   50.000  0.00399 2
 -82.000   25.000 -0.00231 2
 -82.000   26.000 -0.00314 11
 -82.000   27.000 -0.00091 4
 -82.000   28.000 -0.00467 4
 -82.000   29.000  0.00255 6
 -82.000   30.000  0.00314 18
 -82.000   31.000  0.00168 4
 -82.000   32.000  0.00136 4
 -82.000   33.000  0.01212 17
 -82.000   34.000  0.00564 13
 -82.000   35.000  0.00639 6
 -82.000   36.000  0.00581 8
 -82.000   37.000  0.00324 3
 -82.000   38.000 -0.00375 9
 -82.000   39.000 -0.00368 7
 -82.000   40.000 -0.00689 13
 -82.000   41.000 -0.00441 10
 -82.000   42.000 -0.00605 21
 -82.000   43.000 -0.00872 28
 -82.000   44.000 -0.00790 11
 -82.000   45.000 -0.00455 17
 -82.000   46.000 -0.00307 10
 -82.000   47.000  0.00259 12
 -82.000   48.000  0.00597 7
 -82.000   49.000  0.00656 6
 -82.000   50.000  0.00724 7
 -81.000   25.000 -0.00313 1
 -81.000   26.000 -0.00513 1
 -81.000   27.000 -0.00222 1
 -81.000   28.000 -0.00321 2
 -81.000   29.000  0.00530 6
 -81.000   30.000  0.00530 5
 -81.000   31.000  0.00794 9
 -81.000   32.000  0.00583 3
 -81.000   33.000  0.01061 6
 -81.000   34.000  0.00274 5
 -81.000   35.000  0.00236 2
 -81.000   36.000 -0.00099 3
 -81.000   37.000 -0.00203 8
 -81.000   38.000 -0.00444 7
 -81.000   39.000 -0.00637 8
 -81.000   40.000 -0.00726 11
 -81.000   41.000 -0.00619 13
 -81.000   42.000 -0.00678 18
 -81.000   43.000 -0.01115 13
 -81.000   44.000 -0.00828 8
 -81.000   45.000 -0.00418 12
 -81.000   46.000 -0.00133 15
 -81.000   47.000  0.00486 10
 -81.000   48.000  0.00968 11
 -81.000   49.000  0.01125 8
 -81.000   50.000  0.01027 3
 -80.000   25.000 -0.00463 7
 -80.000   26.000 -0.00724 1
 -80.000   27.000 -0.00492 5
 -80.000   28.000 -0.00626 7
 -80.000   29.000 -0.00280 10
 -80.000   30.000 -0.00190 2
 -80.000   31.000  0.00190 7
 -80.000   32.000 -0.00050 2
 -80.000   33.000  0.00209 2
 -80.000   34.000 -0.00073 2
 -80.000   35.000 -0.00238 10
 -80.000   36.000 -0.00567 4
 -80.000   37.000 -0.00626 6
 -80.000   38.000 -0.00419 9
 -80.000   39.000 -0.00743 14
 -80.000   40.000 -0.00695 18
 -80.000   41.000 -0.00905 13
 -80.000   42.000 -0.00898 14
 -80.000   43.000 -0.01657 9
 -80.000   44.000 -0.01332 9
 -80.000   45.000 -0.00866 9
 -80.000   46.000 -0.00388 22
 -80.000   47.000  0.00221 17
 -80.000   48.000  0.00881 15
 -80.000   49.000  0.01134 12
 -80.000   50.000  0.00930 8
 -79.000   25.000 -0.00413 7
 -79.000   26.000 -0.00686 5
 -79.000   27.000 -0.00400 2
 -79.000   28.000  0.00058 7
 -79.000   29.000  0.00228 10
 -79.000   30.000  0.00306 4
 -79.000   31.000  0.00664 9
 -79.000   32.000  0.00432 5
 -79.000   33.000  0.00048 4
 -79.000   34.000 -0.00108 9
 -79.000   35.000 -0.00288 11
 -79.000   36.000 -0.00502 7
 -79.000   37.000 -0.00783 5
 -79.000   38.000 -0.00544 2
 -79.000   39.000 -0.00983 3
 -79.000   40.000 -0.00829 3
 -79.000   41.000 -0.01148 9
 -79.000   42.000 -0.00862 7
 -79.000   43.000 -0.01692 10
 -79.000   44.000 -0.01370 11
 -79.000   45.000 -0.00826 17
 -79.000   46.000 -0.00396 11
 -79.000   47.000  0.00006 9
 -79.000   48.000  0.00723 17
 -79.000   49.000  0.01034 11
 -79.000   50.000  0.00637 9
 -78.000   25.000 -0.00413 4
 -78.000   26.000 -0.00686 1
 -78.000   27.000 -0.00301 10
 -78.000   28.000  0.00156 11
 -78.000   29.000  0.00035 9
 -78.000   30.000  0.00113 6
 -78.000   31.000  0.00414 6
 -78.000   32.000 -0.00194 2
 -78.000   33.000 -0.00579 3
 -78.000   34.000 -0.00443 7
 -78.000   35.000 -0.00586 7
 -78.000   36.000 -0.00564 5
 -78.000   37.000 -0.00606 10
 -78.000   38.000 -0.00560 7
 -78.000   39.000 -0.00855 17
 -78.000   40.000 -0.00618 9
 -78.000   41.000 -0.01097 5
 -78.000   42.000 -0.00790 3
 -78.000   43.000 -0.01069 6
 -78.000   44.000 -0.00832 8
 -78.000   45.000 -0.00439 54
 -78.000   46.000  0.00058 46
 -78.000   47.000  0.00313 22
 -78.000   48.000  0.00558 19
 -78.000   49.000  0.00752 29
 -78.000   50.000  0.00313 17
 -77.000   25.000 -0.00444 5
 -77.000   26.000 -0.00628 3
 -77.000   27.000 -0.00243 8
 -77.000   28.000  0.00189 2
 -77.000   29.000 -0.00073 9
 -77.000   30.000  0.00014 6
 -77.000   31.000  0.00623 13
 -77.000   32.000 -0.00208 7
 -77.000   33.000 -0.00181 5
 -77.000   34.000  0.00095 4
 -77.000   35.000  0.00123 6
 -77.000   36.000  0.00108 4
 -77.000   37.000  0.00478 9
 -77.000   38.000  0.00115 3
 -77.000   39.000 -0.00071 5
 -77.000   40.000 -0.00019 10
 -77.000   41.000 -0.00888 3
 -77.000   42.000 -0.00735 7
 -77.000   43.000 -0.00924 7
 -77.000   44.000 -0.00890 3
 -77.000   45.000 -0.00691 36
 -77.000   46.000 -0.00154 24
 -77.000   47.000 -0.00057 13
 -77.000   48.000  0.00047 19
 -77.000   49.000  0.00231 18
 -77.000   50.000 -0.00050 5
 -76.000   25.000 -0.00252 5
 -76.000   26.000 -0.00345 2
 -76.000   27.000 -0.00091 0
 -76.000   28.000  0.00152 0
 -76.000   29.000 -0.00174 4
 -76.000   30.000 -0.00087 3
 -76.000   31.000  0.00723 6
 -76.000   32.000 -0.00081 2
 -76.000   33.000  0.00076 5
 -76.000   34.000  0.00404 18
 -76.000   35.000  0.00778 5
 -76.000   36.000  0.00577 3
 -76.000   37.000  0.00994 10
 -76.000   38.000  0.00574 6
 -76.000   39.000  0.00573 10
 -76.000   40.000  0.00284 6
 -76.000   41.000 -0.00606 2
 -76.000   42.000 -0.00479 6
 -76.000   43.000 -0.00600 3
 -76.000   44.000 -0.00781 2
 -76.000   45.000 -0.00673 10
 -76.000   46.000 -0.00180 16
 -76.000   47.000 -0.00151 21
 -76.000   48.000 -0.00160 16
 -76.000   49.000  0.00027 15
 -76.000   50.000 -0.00178 10
 -75.000   25.000 -0.00102 0
 -75.000   26.000 -0.00134 2
 -75.000   27.000 -0.00094 4
 -75.000   28.000  0.00185 6
 -75.000   29.000  0.00020 3
 -75.000   30.000  0.00017 8
 -75.000   31.000  0.00749 4
 -75.000   32.000  0.00082 9
 -75.000   33.000  0.00190 6
 -75.000   34.000  0.00226 8
 -75.000   35.000  0.00897 7
 -75.000   36.000  0.00584 5
 -75.000   37.000  0.01148 4
 -75.000   38.000  0.00553 8
 -75.000   39.000  0.00792 2
 -75.000   40.000  0.00206 5
 -75.000   41.000 -0.00298 3
 -75.000   42.000 -0.00208 7
 -75.000   43.000 -0.00170 3
 -75.000   44.000 -0.00406 1
 -75.000   45.000 -0.00428 5
 -75.000   46.000 -0.00206 12
 -75.000   47.000 -0.00260 17
 -75.000   48.000 -0.00310 15
 -75.000   49.000 -0.00232 13
 -75.000   50.000 -0.00306 8
 -74.000   25.000  0.00000 0
 -74.000   26.000 -0.00057 2
 -74.000   27.000 -0.00091 2
 -74.000   28.000 -0.00209 1
 -74.000   29.000 -0.00289 6
 -74.000   30.000 -0.00281 12
 -74.000   31.000  0.00451 12
 -74.000   32.000 -0.00157 5
 -74.000   33.000  0.00143 8
 -74.000   34.000  0.00090 5
 -74.000   35.000  0.00898 5
 -74.000   36.000  0.00592 7
 -74.000   37.000  0.01156 7
 -74.000   38.000  0.00871 8
 -74.000   39.000  0.00943 5
 -74.000   40.000  0.00191 5
 -74.000   41.000 -0.00190 3
 -74.000   42.000 -0.00100 5
 -74.000   43.000 -0.00023 5
 -74.000   44.000 -0.00029 3
 -74.000   45.000 -0.00322 4
 -74.000   46.000 -0.00195 9
 -74.000   47.000 -0.00360 11
 -74.000   48.000 -0.00524 10
 -74.000   49.000 -0.00571 10
 -74.000   50.000 -0.00379 10
 -73.000   25.000  0.00000 0
 -73.000   26.000 -0.00057 0
 -73.000   27.000 -0.00091 0
 -73.000   28.000 -0.00209 3
 -73.000   29.000 -0.00327 1
 -73.000   30.000 -0.00319 2
 -73.000   31.000  0.00413 4
 -73.000   32.000  0.00083 2
 -73.000   33.000  0.00383 3
 -73.000   34.000  0.00368 7
 -73.000   35.000  0.01229 7
 -73.000   36.000  0.01079 8
 -73.000   37.000  0.01508 9
 -73.000   38.000  0.01334 5
 -73.000   39.000  0.01406 5
 -73.000   40.000  0.00246 6
 -73.000   41.000 -0.00289 6
 -73.000   42.000 -0.00344 5
 -73.000   43.000 -0.00519 4
 -73.000   44.000 -0.00556 5
 -73.000   45.000 -0.00555 7
 -73.000   46.000 -0.00399 9
 -73.000   47.000 -0.00328 5
 -73.000   48.000 -0.00141 7
 -73.000   49.000 -0.00054 7
 -73.000   50.000  0.00411 14
 -72.000   25.000  0.00000 0
 -72.000   26.000  0.00000 0
 -72.000   27.000 -0.00046 0
 -72.000   28.000 -0.00119 0
 -72.000   29.000 -0.00238 0
 -72.000   30.000 -0.00238 3
 -72.000   31.000  0.00075 4
 -72.000   32.000 -0.00042 2
 -72.000   33.000 -0.00002 0
 -72.000   34.000 -0.00017 2
 -72.000   35.000  0.00717 3
 -72.000   36.000  0.01045 15
 -72.000   37.000  0.01262 13
 -72.000   38.000  0.01257 9
 -72.000   39.000  0.01328 5
 -72.000   40.000  0.00299 8
 -72.000   41.000 -0.00343 7
 -72.000   42.000 -0.00397 4
 -72.000   43.000 -0.00525 2
 -72.000   44.000 -0.00492 1
 -72.000   45.000 -0.00367 4
 -72.000   46.000 -0.00240 4
 -72.000   47.000 -0.00159 6
 -72.000   48.000  0.00174 5
 -72.000   49.000  0.00253 7
 -72.000   50.000  0.00623 14
 -71.000   25.000  0.00000 0
 -71.000   26.000  0.00000 0
 -71.000   27.000  0.00000 0
 -71.000   28.000  0.00000 0
 -71.000   29.000  0.00000 0
 -71.000   30.000  0.00000 0
 -71.000   31.000  0.00000 1
 -71.000   32.000 -0.00163 0
 -71.000   33.000 -0.00197 1
 -71.000   34.000 -0.00332 0
 -71.000   35.000  0.00111 0
 -71.000   36.000  0.00625 5
 -71.000   37.000  0.00941 10
 -71.000   38.000  0.00998 6
 -71.000   39.000  0.01071 6
 -71.000   40.000  0.00333 5
 -71.000   41.000 -0.00182 4
 -71.000   42.000 -0.00334 7
 -71.000   43.000 -0.00525 3
 -71.000   44.000 -0.00493 2
 -71.000   45.000 -0.00376 3
 -71.000   46.000 -0.00330 2
 -71.000   47.000 -0.00215 6
 -71.000   48.000  0.00159 5
 -71.000   49.000  0.00236 7
 -71.000   50.000  0.00614 8
 -70.000   25.000  0.00000 0
 -70.000   26.000  0.00000 0
 -70.000   27.000  0.00000 0
 -70.000   28.000  0.00000 0
 -70.000   29.000  0.00000 0
 -70.000   30.000  0.00000 0
 -70.000   31.000  0.00000 0
 -70.000   32.000  0.00000 0
 -70.000   33.000  0.00000 0
 -70.000   34.000 -0.00004 1
 -70.000   35.000  0.00149 1
 -70.000   36.000  0.00755 0
 -70.000   37.000  0.00907 6
 -70.000   38.000  0.00978 8
 -70.000   39.000  0.00810 1
 -70.000   40.000  0.00361 6
 -70.000   41.000 -0.00245 2
 -70.000   42.000 -0.00397 3
 -70.000   43.000 -0.00551 3
 -70.000   44.000 -0.00379 4
 -70.000   45.000 -0.00262 3
 -70.000   46.000 -0.00262 3
 -70.000   47.000 -0.00110 3
 -70.000   48.000  0.00201 4
 -70.000   49.000  0.00251 3
 -70.000   50.000  0.00633 13
 -69.000   25.000  0.00000 0
 -69.000   26.000  0.00000 0
 -69.000   27.000  0.00000 0
 -69.000   28.000  0.00000 0
 -69.000   29.000  0.00000 0
 -69.000   30.000  0.00000 0
 -69.000   31.000  0.00000 1
 -69.000   32.000  0.00000 0
 -69.000   33.000  0.00000 0
 -69.000   34.000  0.00000 0
 -69.000   35.000  0.00031 0
 -69.000   36.000  0.00630 1
 -69.000   37.000  0.00782 6
 -69.000   38.000  0.00797 4
 -69.000   39.000  0.00797 9
 -69.000   40.000  0.00470 6
 -69.000   41.000 -0.00128 2
 -69.000   42.000 -0.00281 2
 -69.000   43.000 -0.00379 2
 -69.000   44.000 -0.00379 3
 -69.000   45.000 -0.00101 5
 -69.000   46.000 -0.00101 2
 -69.000   47.000  0.00197 1
 -69.000   48.000  0.00464 4
 -69.000   49.000  0.00580 7
 -69.000   50.000  0.00804 3
 -68.000   25.000  0.00000 0
 -68.000   26.000  0.00000 0
 -68.000   27.000  0.00000 0
 -68.000   28.000  0.00000 0
 -68.000   29.000  0.00000 0
 -68.000   30.000  0.00000 0
 -68.000   31.000  0.00000 0
 -68.000   32.000  0.00000 0
 -68.000   33.000  0.00000 0
 -68.000   34.000  0.00000 0
 -68.000   35.000 -0.00081 0
 -68.000   36.000  0.00341 0
 -68.000   37.000  0.00439 3
 -68.000   38.000  0.00455 8
 -68.000   39.000  0.00337 4
 -68.000   40.000  0.00418 5
 -68.000   41.000 -0.00004 2
 -68.000   42.000 -0.00102 3
 -68.000   43.000 -0.00200 2
 -68.000   44.000 -0.00083 0
 -68.000   45.000 -0.00083 6
 -68.000   46.000 -0.00017 2
 -68.000   47.000  0.00136 4
 -68.000   48.000  0.00667 2
 -68.000   49.000  0.00834 5
 -68.000   50.000  0.01111 4
 -67.000   25.000  0.00000 0
 -67.000   26.000  0.00000 0
 -67.000   27.000  0.00000 0
 -67.000   28.000  0.00000 0
 -67.000   29.000  0.00000 0
 -67.000   30.000  0.00000 0
 -67.000   31.000  0.00000 0
 -67.000   32.000  0.00000 0
 -67.000   33.000  0.00000 0
 -67.000   34.000  0.00000 1
 -67.000   35.000  0.00055 1
 -67.000   36.000  0.00146 0
 -67.000   37.000  0.00244 2
 -67.000   38.000  0.00306 4
 -67.000   39.000  0.00261 2
 -67.000   40.000  0.00207 1
 -67.000   41.000  0.00116 3
 -67.000   42.000  0.00018 3
 -67.000   43.000 -0.00128 4
 -67.000   44.000  0.00044 0
 -67.000   45.000  0.00044 0
 -67.000   46.000  0.00110 3
 -67.000   47.000  0.00263 1
 -67.000   48.000  0.00689 2
 -67.000   49.000  0.00703 6
 -67.000   50.000  0.00937 7
 -66.000   25.000  0.00000 0
 -66.000   26.000  0.00000 0
 -66.000   27.000  0.00000 0
 -66.000   28.000  0.00000 0
 -66.000   29.000  0.00000 0
 -66.000   30.000  0.00000 0
 -66.000   31.000  0.00000 0
 -66.000   32.000  0.00000 0
 -66.000   33.000  0.00000 0
 -66.000   34.000  0.00000 0
 -66.000   35.000  0.00000 0
 -66.000   36.000  0.00114 0
 -66.000   37.000  0.00114 3
 -66.000   38.000  0.00114 1
 -66.000   39.000  0.00058 3
 -66.000   40.000  0.00058 2
 -66.000   41.000 -0.00056 6
 -66.000   42.000 -0.00056 3
 -66.000   43.000 -0.00160 1
 -66.000   44.000  0.00055 4
 -66.000   45.000  0.00055 2
 -66.000   46.000  0.00138 4
 -66.000   47.000  0.00264 5
 -66.000   48.000  0.00797 7
 -66.000   49.000  0.00797 4
 -66.000   50.000  0.01063 6
 -65.000   25.000  0.00000 0
 -65.000   26.000  0.00000 0
 -65.000   27.000  0.00000 0
 -65.000   28.000  0.00000 0
 -65.000   29.000  0.00000 0
 -65.000   30.000  0.00000 0
 -65.000   31.000  0.00000 0
 -65.000   32.000  0.00000 0
 -65.000   33.000  0.00000 0
 -65.000   34.000  0.00000 1
 -65.000   35.000  0.00000 0
 -65.000   36.000  0.00000 0
 -65.000   37.000  0.00000 0
 -65.000   38.000  0.00000 1
 -65.000   39.000 -0.00075 1
 -65.000   40.000 -0.00075 2
 -65.000   41.000 -0.00075 6
 -65.000   42.000 -0.00075 2
 -65.000   43.000 -0.00075 3
 -65.000   44.000  0.00212 0
 -65.000   45.000  0.00212 5
 -65.000   46.000  0.00322 8
 -65.000   47.000  0.00490 4
 -65.000   48.000  0.01062 5
 -65.000   49.000  0.01063 2
 -65.000   50.000  0.01417 5
