-130.000   25.000  0.00000 0
-130.000   26.000  0.00000 0
-130.000   27.000  0.00000 0
-130.000   28.000  0.00000 0
-130.000   29.000  0.00000 0
-130.000   30.000  0.00000 0
-130.000   31.000  0.00000 0
-130.000   32.000  0.00000 0
-130.000   33.000  0.00000 0
-130.000   34.000  0.00000 0
-130.000   35.000  0.00000 0
-130.000   36.000  0.00000 0
-130.000   37.000  0.00000 0
-130.000   38.000  0.00000 0
-130.000   39.000  0.00000 0
-130.000   40.000  0.00000 0
-130.000   41.000  0.00000 0
-130.000   42.000  0.00000 0
-130.000   43.000  0.00000 0
-130.000   44.000  0.00000 0
-130.000   45.000  0.00000 0
-130.000   46.000  0.00000 0
-130.000   47.000  0.00214 0
-130.000   48.000  0.00179 0
-130.000   49.000  0.00224 0
-130.000   50.000  0.00299 0
-129.000   25.000  0.00000 0
-129.000   26.000  0.00000 0
-129.000   27.000  0.00000 0
-129.000   28.000  0.00000 0
-129.000   29.000  0.00000 0
-129.000   30.000  0.00000 0
-129.000   31.000  0.00000 0
-129.000   32.000  0.00000 0
-129.000   33.000  0.00000 0
-129.000   34.000  0.00000 0
-129.000   35.000  0.00000 0
-129.000   36.000  0.00000 0
-129.000   37.000  0.00000 0
-129.000   38.000  0.00000 0
-129.000   39.000  0.00000 0
-129.000   40.000  0.00000 0
-129.000   41.000  0.00000 0
-129.000   42.000  0.00000 0
-129.000   43.000  0.00000 0
-129.000   44.000  0.00000 0
-129.000   45.000  0.00000 0
-129.000   46.000  0.00000 0
-129.000   47.000  0.00160 0
-129.000   48.000  0.00134 0
-129.000   49.000  0.00168 0
-129.000   50.000  0.00224 0
-128.000   25.000  0.00000 0
-128.000   26.000  0.00000 0
-128.000   27.000  0.00000 0
-128.000   28.000  0.00000 0
-128.000   29.000  0.00000 0
-128.000   30.000  0.00000 0
-128.000   31.000  0.00000 0
-128.000   32.000  0.00000 0
-128.000   33.000  0.00000 0
-128.000   34.000  0.00000 0
-128.000   35.000  0.00000 0
-128.000   36.000  0.00000 0
-128.000   37.000  0.00000 0
-128.000   38.000  0.00000 0
-128.000   39.000  0.00000 0
-128.000   40.000  0.00000 0
-128.000   41.000  0.00000 0
-128.000   42.000  0.00000 0
-128.000   43.000  0.00000 0
-128.000   44.000  0.00000 0
-128.000   45.000  0.00000 0
-128.000   46.000 -0.00347 0
-128.000   47.000 -0.00511 0
-128.000   48.000 -0.00531 0
-128.000   49.000 -0.00664 6
-128.000   50.000 -0.00886 8
-127.000   25.000  0.00000 0
-127.000   26.000  0.00000 0
-127.000   27.000  0.00000 0
-127.000   28.000  0.00000 0
-127.000   29.000  0.00000 0
-127.000   30.000  0.00000 0
-127.000   31.000  0.00000 0
-127.000   32.000  0.00000 0
-127.000   33.000  0.00000 0
-127.000   34.000  0.00000 0
-127.000   35.000  0.00000 0
-127.000   36.000  0.00000 0
-127.000   37.000  0.00000 0
-127.000   38.000  0.00000 0
-127.000   39.000  0.00000 0
-127.000   40.000  0.00011 0
-127.000   41.000  0.00051 0
-127.000   42.000 -0.00261 0
-127.000   43.000 -0.00261 0
-127.000   44.000 -0.00261 0
-127.000   45.000 -0.00140 0
-127.000   46.000 -0.00289 0
-127.000   47.000  0.00197 0
-127.000   48.000  0.00177 0
-127.000   49.000  0.00221 5
-127.000   50.000  0.00076 5
-126.000   25.000  0.00000 0
-126.000   26.000  0.00000 0
-126.000   27.000  0.00000 0
-126.000   28.000  0.00000 0
-126.000   29.000  0.00000 0
-126.000   30.000  0.00000 0
-126.000   31.000  0.00000 0
-126.000   32.000  0.00000 0
-126.000   33.000  0.00000 0
-126.000   34.000  0.00000 0
-126.000   35.000  0.00000 0
-126.000   36.000  0.00000 0
-126.000   37.000  0.00039 0
-126.000   38.000  0.00083 0
-126.000   39.000  0.00339 0
-126.000   40.000  0.00360 0
-126.000   41.000  0.00481 0
-126.000   42.000  0.00198 0
-126.000   43.000  0.00210 0
-126.000   44.000  0.00175 0
-126.000   45.000  0.00354 0
-126.000   46.000  0.00267 0
-126.000   47.000  0.00869 0
-126.000   48.000  0.01092 6
-126.000   49.000  0.01090 6
-126.000   50.000  0.01119 0
-125.000   25.000  0.00000 0
-125.000   26.000  0.00000 0
-125.000   27.000  0.00000 0
-125.000   28.000  0.00000 0
-125.000   29.000  0.00000 0
-125.000   30.000  0.00000 0
-125.000   31.000  0.00000 0
-125.000   32.000  0.00000 0
-125.000   33.000  0.00000 0
-125.000   34.000  0.00000 0
-125.000   35.000  0.00069 0
-125.000   36.000  0.00013 0
-125.000   37.000  0.00100 0
-125.000   38.000  0.00270 0
-125.000   39.000  0.00627 0
-125.000   40.000  0.00671 1
-125.000   41.000  0.00920 4
-125.000   42.000  0.00663 7
-125.000   43.000  0.00565 14
-125.000   44.000  0.00506 6
-125.000   45.000  0.00641 0
-125.000   46.000  0.00558 0
-125.000   47.000  0.01034 9
-125.000   48.000  0.01262 20
-125.000   49.000  0.01205 9
-125.000   50.000  0.01194 0
-124.000   25.000  0.00000 0
-124.000   26.000  0.00000 0
-124.000   27.000  0.00000 0
-124.000   28.000  0.00000 0
-124.000   29.000  0.00000 0
-124.000   30.000  0.00000 0
-124.000   31.000  0.00000 0
-124.000   32.000  0.00000 0
-124.000   33.000  0.00000 0
-124.000   34.000  0.00068 0
-124.000   35.000  0.00242 0
-124.000   36.000  0.00313 0
-124.000   37.000  0.00455 1
-124.000   38.000  0.00834 2
-124.000   39.000  0.01305 21
-124.000   40.000  0.01368 41
-124.000   41.000  0.01697 25
-124.000   42.000  0.01560 67
-124.000   43.000  0.01386 132
-124.000   44.000  0.01351 118
-124.000   45.000  0.01444 108
-124.000   46.000  0.01286 67
-124.000   47.000  0.01542 144
-124.000   48.000  0.01638 68
-124.000   49.000  0.01416 53
-124.000   50.000  0.01337 16
-123.000   25.000  0.00000 0
-123.000   26.000  0.00000 0
-123.000   27.000  0.00000 0
-123.000   28.000  0.00000 0
-123.000   29.000  0.00000 0
-123.000   30.000  0.00000 0
-123.000   31.000  0.00000 0
-123.000   32.000  0.00000 0
-123.000   33.000  0.00113 0
-123.000   34.000  0.00325 0
-123.000   35.000  0.00583 0
-123.000   36.000  0.00726 0
-123.000   37.000  0.01108 24
-123.000   38.000  0.01614 61
-123.000   39.000  0.02153 47
-123.000   40.000  0.02350 107
-123.000   41.000  0.02737 123
-123.000   42.000  0.02532 127
-123.000   43.000  0.02152 126
-123.000   44.000  0.02012 147
-123.000   45.000  0.02009 137
-123.000   46.000  0.02010 129
-123.000   47.000  0.02397 240
-123.000   48.000  0.02458 166
-123.000   49.000  0.02308 50
-123.000   50.000  0.02325 0
-122.000   25.000  0.00000 0
-122.000   26.000  0.00000 0
-122.000   27.000  0.00000 0
-122.000   28.000  0.00000 0
-122.000   29.000  0.00000 0
-122.000   30.000  0.00000 0
-122.000   31.000  0.00034 0
-122.000   32.000  0.00049 0
-122.000   33.000  0.00332 0
-122.000   34.000  0.00623 0
-122.000   35.000  0.01042 2
-122.000   36.000  0.01267 39
-122.000   37.000  0.01810 61
-122.000   38.000  0.02316 45
-122.000   39.000  0.02922 59
-122.000   40.000  0.02953 125
-122.000   41.000  0.03400 74
-122.000   42.000  0.03371 63
-122.000   43.000  0.02963 89
-122.000   44.000  0.02762 76
-122.000   45.000  0.02655 112
-122.000   46.000  0.02319 114
-122.000   47.000  0.02078 202
-122.000   48.000  0.01997 137
-122.000   49.000  0.01627 34
-122.000   50.000  0.01597 0
-121.000   25.000  0.00000 0
-121.000   26.000  0.00000 0
-121.000   27.000  0.00000 0
-121.000   28.000  0.00000 0
-121.000   29.000  0.00000 0
-121.000   30.000  0.00000 0
-121.000   31.000  0.00236 0
-121.000   32.000  0.00219 0
-121.000   33.000  0.00579 0
-121.000   34.000  0.00975 2
-121.000   35.000  0.01465 51
-121.000   36.000  0.01494 71
-121.000   37.000  0.02292 64
-121.000   38.000  0.02842 97
-121.000   39.000  0.03152 56
-121.000   40.000  0.03251 63
-121.000   41.000  0.03718 44
-121.000   42.000  0.03439 49
-121.000   43.000  0.02929 63
-121.000   44.000  0.02816 69
-121.000   45.000  0.02503 88
-121.000   46.000  0.02074 57
-121.000   47.000  0.01656 95
-121.000   48.000  0.01255 52
-121.000   49.000  0.00828 11
-121.000   50.000  0.00645 0
-120.000   25.000  0.00000 0
-120.000   26.000  0.00000 0
-120.000   27.000  0.00000 0
-120.000   28.000  0.00000 0
-120.000   29.000  0.00000 0
-120.000   30.000 -0.00031 0
-120.000   31.000  0.00313 0
-120.000   32.000  0.00421 0
-120.000   33.000  0.00826 36
-120.000   34.000  0.01377 74
-120.000   35.000  0.01979 95
-120.000   36.000  0.02051 51
-120.000   37.000  0.02777 154
-120.000   38.000  0.03250 75
-120.000   39.000  0.03467 32
-120.000   40.000  0.03438 16
-120.000   41.000  0.03790 26
-120.000   42.000  0.03503 22
-120.000   43.000  0.03151 43
-120.000   44.000  0.02948 34
-120.000   45.000  0.02736 35
-120.000   46.000  0.02311 71
-120.000   47.000  0.01771 54
-120.000   48.000  0.01243 68
-120.000   49.000  0.00850 50
-120.000   50.000  0.00580 0
-119.000   25.000  0.00000 0
-119.000   26.000  0.00000 0
-119.000   27.000  0.00000 0
-119.000   28.000  0.00000 0
-119.000   29.000  0.00000 0
-119.000   30.000 -0.00066 0
-119.000   31.000  0.00440 0
-119.000   32.000  0.00726 1
-119.000   33.000  0.01178 68
-119.000   34.000  0.01653 254
-119.000   35.000  0.02140 106
-119.000   36.000  0.02013 59
-119.000   37.000  0.02599 112
-119.000   38.000  0.02911 83
-119.000   39.000  0.03204 29
-119.000   40.000  0.03334 22
-119.000   41.000  0.03585 34
-119.000   42.000  0.03219 55
-119.000   43.000  0.02963 37
-119.000   44.000  0.02716 53
-119.000   45.000  0.02496 52
-119.000   46.000  0.02282 68
-119.000   47.000  0.02015 72
-119.000   48.000  0.01507 83
-119.000   49.000  0.01233 28
-119.000   50.000  0.01091 0
-118.000   25.000  0.00000 0
-118.000   26.000  0.00000 0
-118.000   27.000  0.00000 0
-118.000   28.000  0.00000 0
-118.000   29.000  0.00000 0
-118.000   30.000  0.00071 0
-118.000   31.000  0.00727 0
-118.000   32.000  0.01046 21
-118.000   33.000  0.01489 212
-118.000   34.000  0.01987 400
-118.000   35.000  0.02359 121
-118.000   36.000  0.02183 110
-118.000   37.000  0.02599 62
-118.000   38.000  0.02836 70
-118.000   39.000  0.02927 17
-118.000   40.000  0.02932 36
-118.000   41.000  0.03057 31
-118.000   42.000  0.02807 39
-118.000   43.000  0.02667 23
-118.000   44.000  0.02639 84
-118.000   45.000  0.02415 94
-118.000   46.000  0.02355 116
-118.000   47.000  0.02133 52
-118.000   48.000  0.01593 72
-118.000   49.000  0.01292 5
-118.000   50.000  0.01346 0
-117.000   25.000  0.00000 0
-117.000   26.000  0.00000 0
-117.000   27.000  0.00000 0
-117.000   28.000  0.00000 0
-117.000   29.000  0.00000 0
-117.000   30.000  0.00146 0
-117.000   31.000  0.00858 0
-117.000   32.000  0.01205 118
-117.000   33.000  0.01509 478
-117.000   34.000  0.02022 238
-117.000   35.000  0.02300 146
-117.000   36.000  0.02251 148
-117.000   37.000  0.02544 40
-117.000   38.000  0.02868 32
-117.000   39.000  0.02850 16
-117.000   40.000  0.02921 53
-117.000   41.000  0.02796 23
-117.000   42.000  0.02761 13
-117.000   43.000  0.02708 23
-117.000   44.000  0.02816 77
-117.000   45.000  0.02522 73
-117.000   46.000  0.02492 34
-117.000   47.000  0.02086 20
-117.000   48.000  0.01511 55
-117.000   49.000  0.01135 9
-117.000   50.000  0.01176 0
-116.000   25.000  0.00000 0
-116.000   26.000  0.00000 0
-116.000   27.000  0.00000 0
-116.000   28.000  0.00000 0
-116.000   29.000  0.00000 0
-116.000   30.000  0.00257 0
-116.000   31.000  0.00858 0
-116.000   32.000  0.01321 68
-116.000   33.000  0.01598 264
-116.000   34.000  0.02189 164
-116.000   35.000  0.02439 123
-116.000   36.000  0.02720 60
-116.000   37.000  0.02895 15
-116.000   38.000  0.03167 48
-116.000   39.000  0.03208 22
-116.000   40.000  0.03217 166
-116.000   41.000  0.02853 56
-116.000   42.000  0.02902 12
-116.000   43.000  0.03074 37
-116.000   44.000  0.03040 78
-116.000   45.000  0.02747 36
-116.000   46.000  0.02681 24
-116.000   47.000  0.02220 18
-116.000   48.000  0.01498 32
-116.000   49.000  0.01127 6
-116.000   50.000  0.01129 0
-115.000   25.000  0.00000 0
-115.000   26.000  0.00000 0
-115.000   27.000  0.00000 0
-115.000   28.000  0.00000 0
-115.000   29.000  0.00017 0
-115.000   30.000  0.00392 0
-115.000   31.000  0.00939 0
-115.000   32.000  0.01295 62
-115.000   33.000  0.01613 169
-115.000   34.000  0.02146 134
-115.000   35.000  0.02198 60
-115.000   36.000  0.02678 30
-115.000   37.000  0.03055 19
-115.000   38.000  0.03298 41
-115.000   39.000  0.03345 41
-115.000   40.000  0.03632 302
-115.000   41.000  0.03223 47
-115.000   42.000  0.03075 14
-115.000   43.000  0.03185 63
-115.000   44.000  0.03313 61
-115.000   45.000  0.02852 21
-115.000   46.000  0.02600 29
-115.000   47.000  0.02314 23
-115.000   48.000  0.01643 28
-115.000   49.000  0.01148 4
-115.000   50.000  0.01110 0
-114.000   25.000  0.00000 0
-114.000   26.000  0.00000 0
-114.000   27.000  0.00000 0
-114.000   28.000  0.00000 0
-114.000   29.000 -0.00014 0
-114.000   30.000  0.00505 0
-114.000   31.000  0.01044 0
-114.000   32.000  0.01377 29
-114.000   33.000  0.01858 66
-114.000   34.000  0.02602 125
-114.000   35.000  0.02655 68
-114.000   36.000  0.03282 23
-114.000   37.000  0.03840 31
-114.000   38.000  0.04042 22
-114.000   39.000  0.03814 22
-114.000   40.000  0.03996 22
-114.000   41.000  0.03435 18
-114.000   42.000  0.03190 18
-114.000   43.000  0.03154 52
-114.000   44.000  0.03438 43
-114.000   45.000  0.02909 22
-114.000   46.000  0.02533 45
-114.000   47.000  0.01999 30
-114.000   48.000  0.01352 21
-114.000   49.000  0.00709 6
-114.000   50.000  0.00568 0
-113.000   25.000  0.00000 0
-113.000   26.000  0.00000 0
-113.000   27.000  0.00000 0
-113.000   28.000  0.00000 0
-113.000   29.000 -0.00009 0
-113.000   30.000  0.00507 0
-113.000   31.000  0.01033 18
-113.000   32.000  0.01363 53
-113.000   33.000  0.01940 68
-113.000   34.000  0.02711 68
-113.000   35.000  0.02989 33
-113.000   36.000  0.03807 31
-113.000   37.000  0.04398 23
-113.000   38.000  0.04476 17
-113.000   39.000  0.04144 15
-113.000   40.000  0.03847 62
-113.000   41.000  0.03136 19
-113.000   42.000  0.02832 11
-113.000   43.000  0.02895 12
-113.000   44.000  0.03348 19
-113.000   45.000  0.03026 28
-113.000   46.000  0.02657 25
-113.000   47.000  0.02117 7
-113.000   48.000  0.01399 22
-113.000   49.000  0.00646 6
-113.000   50.000  0.00569 0
-112.000   25.000  0.00000 0
-112.000   26.000  0.00000 0
-112.000   27.000  0.00000 0
-112.000   28.000  0.00000 0
-112.000   29.000  0.00054 0
-112.000   30.000  0.00584 0
-112.000   31.000  0.01144 9
-112.000   32.000  0.01612 29
-112.000   33.000  0.02314 32
-112.000   34.000  0.03060 52
-112.000   35.000  0.03502 43
-112.000   36.000  0.04240 50
-112.000   37.000  0.04859 11
-112.000   38.000  0.04915 13
-112.000   39.000  0.04661 12
-112.000   40.000  0.04246 26
-112.000   41.000  0.03436 32
-112.000   42.000  0.03053 19
-112.000   43.000  0.02874 25
-112.000   44.000  0.03192 9
-112.000   45.000  0.02969 20
-112.000   46.000  0.02775 17
-112.000   47.000  0.02148 6
-112.000   48.000  0.01568 14
-112.000   49.000  0.00881 3
-112.000   50.000  0.00620 0
-111.000   25.000  0.00000 0
-111.000   26.000  0.00000 0
-111.000   27.000  0.00000 0
-111.000   28.000  0.00000 0
-111.000   29.000  0.00115 0
-111.000   30.000  0.00546 0
-111.000   31.000  0.01083 8
-111.000   32.000  0.01496 40
-111.000   33.000  0.02318 28
-111.000   34.000  0.03120 27
-111.000   35.000  0.03692 33
-111.000   36.000  0.04515 22
-111.000   37.000  0.05075 20
-111.000   38.000  0.04997 16
-111.000   39.000  0.04444 58
-111.000   40.000  0.03813 11
-111.000   41.000  0.02976 29
-111.000   42.000  0.02743 20
-111.000   43.000  0.02523 153
-111.000   44.000  0.03134 67
-111.000   45.000  0.03264 23
-111.000   46.000  0.03213 15
-111.000   47.000  0.02573 7
-111.000   48.000  0.02048 15
-111.000   49.000  0.01341 3
-111.000   50.000  0.00953 0
-110.000   25.000  0.00000 0
-110.000   26.000  0.00000 0
-110.000   27.000  0.00000 0
-110.000   28.000  0.00000 0
-110.000   29.000  0.00099 0
-110.000   30.000  0.00532 0
-110.000   31.000  0.00989 54
-110.000   32.000  0.01311 58
-110.000   33.000  0.01888 53
-110.000   34.000  0.02917 66
-110.000   35.000  0.03553 75
-110.000   36.000  0.04475 22
-110.000   37.000  0.05067 27
-110.000   38.000  0.05346 40
-110.000   39.000  0.04616 16
-110.000   40.000  0.03798 18
-110.000   41.000  0.02829 12
-110.000   42.000  0.02783 76
-110.000   43.000  0.02507 129
-110.000   44.000  0.03060 32
-110.000   45.000  0.03366 40
-110.000   46.000  0.03609 14
-110.000   47.000  0.03156 12
-110.000   48.000  0.02577 16
-110.000   49.000  0.02033 2
-110.000   50.000  0.01778 0
-109.000   25.000  0.00000 0
-109.000   26.000  0.00000 0
-109.000   27.000  0.00000 0
-109.000   28.000  0.00000 0
-109.000   29.000  0.00130 0
-109.000   30.000  0.00491 0
-109.000   31.000  0.00866 43
-109.000   32.000  0.01005 30
-109.000   33.000  0.01351 40
-109.000   34.000  0.02240 37
-109.000   35.000  0.03109 31
-109.000   36.000  0.04090 26
-109.000   37.000  0.04770 34
-109.000   38.000  0.05210 20
-109.000   39.000  0.04772 19
-109.000   40.000  0.03773 41
-109.000   41.000  0.02870 13
-109.000   42.000  0.02746 56
-109.000   43.000  0.02602 41
-109.000   44.000  0.02897 61
-109.000   45.000  0.03376 35
-109.000   46.000  0.03733 20
-109.000   47.000  0.03723 30
-109.000   48.000  0.03081 29
-109.000   49.000  0.02757 8
-109.000   50.000  0.02490 0
-108.000   25.000  0.00000 0
-108.000   26.000  0.00000 0
-108.000   27.000  0.00000 0
-108.000   28.000  0.00000 0
-108.000   29.000  0.00158 0
-108.000   30.000  0.00442 1
-108.000   31.000  0.00761 3
-108.000   32.000  0.00954 56
-108.000   33.000  0.01180 44
-108.000   34.000  0.01971 27
-108.000   35.000  0.02735 11
-108.000   36.000  0.03555 20
-108.000   37.000  0.04215 21
-108.000   38.000  0.04901 29
-108.000   39.000  0.04837 31
-108.000   40.000  0.04354 34
-108.000   41.000  0.03684 14
-108.000   42.000  0.03521 16
-108.000   43.000  0.03254 46
-108.000   44.000  0.03197 122
-108.000   45.000  0.03498 57
-108.000   46.000  0.03927 35
-108.000   47.000  0.04154 23
-108.000   48.000  0.03510 35
-108.000   49.000  0.03351 6
-108.000   50.000  0.03027 0
-107.000   25.000  0.00000 0
-107.000   26.000  0.00000 0
-107.000   27.000  0.00000 0
-107.000   28.000 -0.00115 0
-107.000   29.000  0.00012 0
-107.000   30.000  0.00294 0
-107.000   31.000  0.00599 4
-107.000   32.000  0.00730 27
-107.000   33.000  0.00932 64
-107.000   34.000  0.01643 106
-107.000   35.000  0.02171 30
-107.000   36.000  0.02998 22
-107.000   37.000  0.03766 45
-107.000   38.000  0.04564 42
-107.000   39.000  0.04737 20
-107.000   40.000  0.04589 23
-107.000   41.000  0.03977 27
-107.000   42.000  0.03628 42
-107.000   43.000  0.03472 97
-107.000   44.000  0.03149 134
-107.000   45.000  0.03347 54
-107.000   46.000  0.03736 27
-107.000   47.000  0.04496 22
-107.000   48.000  0.03767 22
-107.000   49.000  0.03848 6
-107.000   50.000  0.03698 0
-106.000   25.000  0.00000 0
-106.000   26.000  0.00127 0
-106.000   27.000  0.00115 0
-106.000   28.000  0.00012 0
-106.000   29.000  0.00157 0
-106.000   30.000  0.00553 0
-106.000   31.000  0.00849 36
-106.000   32.000  0.00980 64
-106.000   33.000  0.00994 71
-106.000   34.000  0.01523 59
-106.000   35.000  0.01988 49
-106.000   36.000  0.02612 30
-106.000   37.000  0.03501 53
-106.000   38.000  0.04643 42
-106.000   39.000  0.05247 73
-106.000   40.000  0.05227 77
-106.000   41.000  0.04803 52
-106.000   42.000  0.04350 34
-106.000   43.000  0.04026 34
-106.000   44.000  0.03359 61
-106.000   45.000  0.03294 56
-106.000   46.000  0.03548 49
-106.000   47.000  0.04433 25
-106.000   48.000  0.03703 26
-106.000   49.000  0.03865 6
-106.000   50.000  0.03860 0
-105.000   25.000  0.00000 0
-105.000   26.000  0.00127 0
-105.000   27.000  0.00192 0
-105.000   28.000  0.00163 0
-105.000   29.000  0.00403 2
-105.000   30.000  0.00855 11
-105.000   31.000  0.01321 43
-105.000   32.000  0.01510 60
-105.000   33.000  0.01749 77
-105.000   34.000  0.02052 60
-105.000   35.000  0.02476 35
-105.000   36.000  0.02915 32
-105.000   37.000  0.03626 61
-105.000   38.000  0.04511 41
-105.000   39.000  0.05296 42
-105.000   40.000  0.05395 27
-105.000   41.000  0.05083 61
-105.000   42.000  0.04616 27
-105.000   43.000  0.04288 35
-105.000   44.000  0.03548 27
-105.000   45.000  0.03137 28
-105.000   46.000  0.03139 20
-105.000   47.000  0.03803 30
-105.000   48.000  0.03037 35
-105.000   49.000  0.03060 6
-105.000   50.000  0.03140 0
-104.000   25.000  0.00000 0
-104.000   26.000  0.00127 0
-104.000   27.000  0.00192 0
-104.000   28.000  0.00468 9
-104.000   29.000  0.00863 125
-104.000   30.000  0.01547 44
-104.000   31.000  0.02100 61
-104.000   32.000  0.02439 70
-104.000   33.000  0.02493 76
-104.000   34.000  0.02831 57
-104.000   35.000  0.02907 33
-104.000   36.000  0.03262 28
-104.000   37.000  0.03871 24
-104.000   38.000  0.04659 16
-104.000   39.000  0.05169 22
-104.000   40.000  0.05428 17
-104.000   41.000  0.05144 33
-104.000   42.000  0.04810 23
-104.000   43.000  0.04498 38
-104.000   44.000  0.03865 26
-104.000   45.000  0.03396 26
-104.000   46.000  0.03384 35
-104.000   47.000  0.03805 20
-104.000   48.000  0.02999 31
-104.000   49.000  0.02986 6
-104.000   50.000  0.03064 0
-103.000   25.000  0.00000 0
-103.000   26.000  0.00127 0
-103.000   27.000  0.00325 0
-103.000   28.000  0.00852 0
-103.000   29.000  0.01347 40
-103.000   30.000  0.02105 37
-103.000   31.000  0.02793 58
-103.000   32.000  0.03023 81
-103.000   33.000  0.02835 71
-103.000   34.000  0.03140 91
-103.000   35.000  0.03293 32
-103.000   36.000  0.03587 23
-103.000   37.000  0.04223 24
-103.000   38.000  0.04944 22
-103.000   39.000  0.05321 33
-103.000   40.000  0.05417 21
-103.000   41.000  0.04995 30
-103.000   42.000  0.04737 21
-103.000   43.000  0.04476 48
-103.000   44.000  0.03809 40
-103.000   45.000  0.03367 27
-103.000   46.000  0.03317 32
-103.000   47.000  0.03664 22
-103.000   48.000  0.02865 34
-103.000   49.000  0.02945 10
-103.000   50.000  0.02984 0
-102.000   25.000  0.00000 0
-102.000   26.000  0.00221 0
-102.000   27.000  0.00508 0
-102.000   28.000  0.01314 0
-102.000   29.000  0.01956 4
-102.000   30.000  0.02767 24
-102.000   31.000  0.03335 19
-102.000   32.000  0.03495 25
-102.000   33.000  0.03227 33
-102.000   34.000  0.03508 25
-102.000   35.000  0.03745 31
-102.000   36.000  0.03977 14
-102.000   37.000  0.04476 20
-102.000   38.000  0.04924 34
-102.000   39.000  0.05030 24
-102.000   40.000  0.04877 27
-102.000   41.000  0.04667 32
-102.000   42.000  0.04547 19
-102.000   43.000  0.04410 32
-102.000   44.000  0.04056 29
-102.000   45.000  0.03814 64
-102.000   46.000  0.03711 32
-102.000   47.000  0.03706 22
-102.000   48.000  0.02858 39
-102.000   49.000  0.02727 9
-102.000   50.000  0.02550 0
-101.000   25.000  0.00205 0
-101.000   26.000  0.00210 0
-101.000   27.000  0.00555 0
-101.000   28.000  0.01427 0
-101.000   29.000  0.01998 11
-101.000   30.000  0.02603 20
-101.000   31.000  0.03086 28
-101.000   32.000  0.03328 23
-101.000   33.000  0.03124 12
-101.000   34.000  0.03436 12
-101.000   35.000  0.03726 11
-101.000   36.000  0.04158 14
-101.000   37.000  0.04415 10
-101.000   38.000  0.04570 27
-101.000   39.000  0.04585 25
-101.000   40.000  0.04496 22
-101.000   41.000  0.04292 26
-101.000   42.000  0.04168 21
-101.000   43.000  0.04160 32
-101.000   44.000  0.03907 29
-101.000   45.000  0.03677 23
-101.000   46.000  0.03569 35
-101.000   47.000  0.03666 33
-101.000   48.000  0.02852 39
-101.000   49.000  0.02758 7
-101.000   50.000  0.02513 0
-100.000   25.000  0.00332 0
-100.000   26.000  0.00172 0
-100.000   27.000  0.00490 5
-100.000   28.000  0.01305 65
-100.000   29.000  0.01579 22
-100.000   30.000  0.02230 82
-100.000   31.000  0.02820 30
-100.000   32.000  0.03280 29
-100.000   33.000  0.03024 39
-100.000   34.000  0.03276 13
-100.000   35.000  0.03696 18
-100.000   36.000  0.04063 12
-100.000   37.000  0.04166 11
-100.000   38.000  0.04403 28
-100.000   39.000  0.04538 42
-100.000   40.000  0.04354 27
-100.000   41.000  0.04171 29
-100.000   42.000  0.04034 20
-100.000   43.000  0.04032 32
-100.000   44.000  0.03769 29
-100.000   45.000  0.03725 26
-100.000   46.000  0.03636 39
-100.000   47.000  0.03608 31
-100.000   48.000  0.02813 51
-100.000   49.000  0.02774 7
-100.000   50.000  0.02288 0
 -99.000   25.000  0.00332 0
 -99.000   26.000  0.00172 4
 -99.000   27.000  0.00432 17
 -99.000   28.000  0.00905 56
 -99.000   29.000  0.01020 46
 -99.000   30.000  0.01477 41
 -99.000   31.000  0.02002 42
 -99.000   32.000  0.02573 44
 -99.000   33.000  0.02798 26
 -99.000   34.000  0.03102 32
 -99.000   35.000  0.03671 54
 -99.000   36.000  0.03962 57
 -99.000   37.000  0.04031 21
 -99.000   38.000  0.04122 54
 -99.000   39.000  0.04420 24
 -99.000   40.000  0.04263 21
 -99.000   41.000  0.04232 48
 -99.000   42.000  0.03961 25
 -99.000   43.000  0.03887 32
 -99.000   44.000  0.03495 50
 -99.000   45.000  0.03354 20
 -99.000   46.000  0.03111 54
 -99.000   47.000  0.02990 32
 -99.000   48.000  0.02276 46
 -99.000   49.000  0.02194 8
 -99.000   50.000  0.01705 0
 -98.000   25.000  0.00332 0
 -98.000   26.000  0.00172 8
 -98.000   27.000  0.00228 20
 -98.000   28.000  0.00636 41
 -98.000   29.000  0.00703 42
 -98.000   30.000  0.01117 42
 -98.000   31.000  0.01605 73
 -98.000   32.000  0.02510 46
 -98.000   33.000  0.02825 39
 -98.000   34.000  0.03084 22
 -98.000   35.000  0.03580 22
 -98.000   36.000  0.03788 40
 -98.000   37.000  0.03592 19
 -98.000   38.000  0.03572 36
 -98.000   39.000  0.03957 24
 -98.000   40.000  0.03924 17
 -98.000   41.000  0.04044 43
 -98.000   42.000  0.03842 23
 -98.000   43.000  0.03854 30
 -98.000   44.000  0.03573 19
 -98.000   45.000  0.03388 19
 -98.000   46.000  0.03142 27
 -98.000   47.000  0.02800 27
 -98.000   48.000  0.02085 31
 -98.000   49.000  0.01825 1
 -98.000   50.000  0.01272 0
 -97.000   25.000  0.00332 0
 -97.000   26.000  0.00077 0
 -97.000   27.000  0.00045 1
 -97.000   28.000  0.00267 4
 -97.000   29.000  0.00079 31
 -97.000   30.000  0.00415 30
 -97.000   31.000  0.01050 28
 -97.000   32.000  0.02110 13
 -97.000   33.000  0.02545 29
 -97.000   34.000  0.02998 21
 -97.000   35.000  0.03498 29
 -97.000   36.000  0.03526 31
 -97.000   37.000  0.03148 55
 -97.000   38.000  0.03181 39
 -97.000   39.000  0.03758 29
 -97.000   40.000  0.03892 20
 -97.000   41.000  0.04045 20
 -97.000   42.000  0.03968 34
 -97.000   43.000  0.03955 20
 -97.000   44.000  0.03583 16
 -97.000   45.000  0.03252 22
 -97.000   46.000  0.03004 38
 -97.000   47.000  0.02591 12
 -97.000   48.000  0.01914 11
 -97.000   49.000  0.01560 3
 -97.000   50.000  0.01008 0
 -96.000   25.000  0.00127 0
 -96.000   26.000 -0.00038 0
 -96.000   27.000 -0.00117 0
 -96.000   28.000 -0.00010 2
 -96.000   29.000 -0.00282 15
 -96.000   30.000  0.00120 41
 -96.000   31.000  0.00821 49
 -96.000   32.000  0.01880 41
 -96.000   33.000  0.02361 17
 -96.000   34.000  0.02905 37
 -96.000   35.000  0.03318 72
 -96.000   36.000  0.03170 100
 -96.000   37.000  0.02831 23
 -96.000   38.000  0.02890 40
 -96.000   39.000  0.03460 32
 -96.000   40.000  0.03757 20
 -96.000   41.000  0.03951 31
 -96.000   42.000  0.03824 18
 -96.000   43.000  0.03838 19
 -96.000   44.000  0.03491 22
 -96.000   45.000  0.02988 26
 -96.000   46.000  0.02712 23
 -96.000   47.000  0.02205 14
 -96.000   48.000  0.01545 30
 -96.000   49.000  0.01068 5
 -96.000   50.000  0.00609 0
 -95.000   25.000  0.00000 0
 -95.000   26.000  0.00000 0
 -95.000   27.000 -0.00129 0
 -95.000   28.000 -0.00172 0
 -95.000   29.000 -0.00111 1
 -95.000   30.000  0.00079 6
 -95.000   31.000  0.00569 28
 -95.000   32.000  0.01495 35
 -95.000   33.000  0.02197 41
 -95.000   34.000  0.02685 28
 -95.000   35.000  0.03112 35
 -95.000   36.000  0.03047 66
 -95.000   37.000  0.02848 22
 -95.000   38.000  0.02709 24
 -95.000   39.000  0.03116 21
 -95.000   40.000  0.03448 36
 -95.000   41.000  0.03628 30
 -95.000   42.000  0.03564 14
 -95.000   43.000  0.03705 36
 -95.000   44.000  0.03501 23
 -95.000   45.000  0.03090 21
 -95.000   46.000  0.02877 23
 -95.000   47.000  0.02343 14
 -95.000   48.000  0.01682 10
 -95.000   49.000  0.01163 2
 -95.000   50.000  0.00655 0
 -94.000   25.000  0.00000 0
 -94.000   26.000  0.00000 0
 -94.000   27.000 -0.00071 0
 -94.000   28.000 -0.00077 0
 -94.000   29.000  0.00048 0
 -94.000   30.000  0.00128 7
 -94.000   31.000  0.00589 23
 -94.000   32.000  0.01327 15
 -94.000   33.000  0.01840 27
 -94.000   34.000  0.02187 34
 -94.000   35.000  0.02765 61
 -94.000   36.000  0.02702 47
 -94.000   37.000  0.02544 37
 -94.000   38.000  0.02493 55
 -94.000   39.000  0.02764 28
 -94.000   40.000  0.02879 48
 -94.000   41.000  0.03098 32
 -94.000   42.000  0.03081 16
 -94.000   43.000  0.03302 19
 -94.000   44.000  0.03341 49
 -94.000   45.000  0.03111 18
 -94.000   46.000  0.02883 34
 -94.000   47.000  0.02390 5
 -94.000   48.000  0.01713 18
 -94.000   49.000  0.01164 0
 -94.000   50.000  0.00647 0
 -93.000   25.000  0.00000 0
 -93.000   26.000  0.00000 0
 -93.000   27.000  0.00000 0
 -93.000   28.000 -0.00192 0
 -93.000   29.000 -0.00166 3
 -93.000   30.000 -0.00159 10
 -93.000   31.000  0.00185 29
 -93.000   32.000  0.00723 19
 -93.000   33.000  0.01215 26
 -93.000   34.000  0.01601 64
 -93.000   35.000  0.02170 39
 -93.000   36.000  0.02218 55
 -93.000   37.000  0.02244 23
 -93.000   38.000  0.02250 43
 -93.000   39.000  0.02464 42
 -93.000   40.000  0.02571 24
 -93.000   41.000  0.02805 48
 -93.000   42.000  0.02673 29
 -93.000   43.000  0.03070 34
 -93.000   44.000  0.03077 73
 -93.000   45.000  0.03005 58
 -93.000   46.000  0.02786 36
 -93.000   47.000  0.02355 27
 -93.000   48.000  0.01651 11
 -93.000   49.000  0.01274 0
 -93.000   50.000  0.00682 0
 -92.000   25.000  0.00000 0
 -92.000   26.000  0.00000 0
 -92.000   27.000  0.00000 0
 -92.000   28.000 -0.00193 0
 -92.000   29.000  0.00015 1
 -92.000   30.000  0.00014 0
 -92.000   31.000  0.00292 20
 -92.000   32.000  0.00679 21
 -92.000   33.000  0.01071 32
 -92.000   34.000  0.01287 14
 -92.000   35.000  0.01810 35
 -92.000   36.000  0.02033 25
 -92.000   37.000  0.02272 31
 -92.000   38.000  0.02324 56
 -92.000   39.000  0.02401 26
 -92.000   40.000  0.02440 45
 -92.000   41.000  0.02539 16
 -92.000   42.000  0.02346 19
 -92.000   43.000  0.02835 30
 -92.000   44.000  0.02958 28
 -92.000   45.000  0.02823 29
 -92.000   46.000  0.02579 47
 -92.000   47.000  0.02146 27
 -92.000   48.000  0.01406 37
 -92.000   49.000  0.00979 0
 -92.000   50.000  0.00594 0
 -91.000   25.000  0.00000 0
 -91.000   26.000  0.00000 0
 -91.000   27.000  0.00000 0
 -91.000   28.000 -0.00156 0
 -91.000   29.000  0.00288 0
 -91.000   30.000  0.00396 5
 -91.000   31.000  0.00674 35
 -91.000   32.000  0.00945 28
 -91.000   33.000  0.01260 16
 -91.000   34.000  0.01180 15
 -91.000   35.000  0.01742 20
 -91.000   36.000  0.02038 29
 -91.000   37.000  0.02365 57
 -91.000   38.000  0.02604 59
 -91.000   39.000  0.02785 17
 -91.000   40.000  0.02500 29
 -91.000   41.000  0.02513 35
 -91.000   42.000  0.02415 34
 -91.000   43.000  0.02771 28
 -91.000   44.000  0.02920 35
 -91.000   45.000  0.03021 22
 -91.000   46.000  0.02727 18
 -91.000   47.000  0.02229 23
 -91.000   48.000  0.01474 6
 -91.000   49.000  0.00974 2
 -91.000   50.000  0.00490 1
 -90.000   25.000  0.00000 0
 -90.000   26.000  0.00000 0
 -90.000   27.000  0.00000 0
 -90.000   28.000 -0.00023 0
 -90.000   29.000  0.00279 0
 -90.000   30.000  0.00514 6
 -90.000   31.000  0.00848 30
 -90.000   32.000  0.01192 15
 -90.000   33.000  0.01336 15
 -90.000   34.000  0.01394 47
 -90.000   35.000  0.01812 23
 -90.000   36.000  0.02010 16
 -90.000   37.000  0.02221 33
 -90.000   38.000  0.02600 44
 -90.000   39.000  0.02717 27
 -90.000   40.000  0.02334 34
 -90.000   41.000  0.02485 20
 -90.000   42.000  0.02464 34
 -90.000   43.000  0.02607 43
 -90.000   44.000  0.02801 22
 -90.000   45.000  0.02841 28
 -90.000   46.000  0.02395 10
 -90.000   47.000  0.01860 4
 -90.000   48.000  0.01218 4
 -90.000   49.000  0.00683 2
 -90.000   50.000  0.00394 0
 -89.000   25.000  0.00000 0
 -89.000   26.000  0.00000 0
 -89.000   27.000  0.00000 0
 -89.000   28.000 -0.00023 0
 -89.000   29.000  0.00189 0
 -89.000   30.000  0.00704 1
 -89.000   31.000  0.01169 20
 -89.000   32.000  0.01593 26
 -89.000   33.000  0.01714 31
 -89.000   34.000  0.01840 14
 -89.000   35.000  0.01915 27
 -89.000   36.000  0.02020 19
 -89.000   37.000  0.02092 47
 -89.000   38.000  0.02474 78
 -89.000   39.000  0.02702 48
 -89.000   40.000  0.02448 25
 -89.000   41.000  0.02408 25
 -89.000   42.000  0.02400 21
 -89.000   43.000  0.02435 42
 -89.000   44.000  0.02462 37
 -89.000   45.000  0.02350 19
 -89.000   46.000  0.01961 17
 -89.000   47.000  0.01473 14
 -89.000   48.000  0.00958 2
 -89.000   49.000  0.00458 0
 -89.000   50.000  0.00237 0
 -88.000   25.000  0.00000 0
 -88.000   26.000  0.00000 0
 -88.000   27.000  0.00000 0
 -88.000   28.000  0.00118 0
 -88.000   29.000  0.00347 0
 -88.000   30.000  0.00875 0
 -88.000   31.000  0.01352 7
 -88.000   32.000  0.01808 10
 -88.000   33.000  0.01854 37
 -88.000   34.000  0.01933 14
 -88.000   35.000  0.01884 24
 -88.000   36.000  0.02011 48
 -88.000   37.000  0.01990 92
 -88.000   38.000  0.02425 134
 -88.000   39.000  0.02710 42
 -88.000   40.000  0.02435 29
 -88.000   41.000  0.02277 42
 -88.000   42.000  0.02261 32
 -88.000   43.000  0.02070 17
 -88.000   44.000  0.02172 42
 -88.000   45.000  0.02026 20
 -88.000   46.000  0.01580 26
 -88.000   47.000  0.01161 5
 -88.000   48.000  0.00754 0
 -88.000   49.000  0.00074 0
 -88.000   50.000  0.00000 0
 -87.000   25.000  0.00000 0
 -87.000   26.000  0.00000 0
 -87.000   27.000  0.00000 0
 -87.000   28.000  0.00236 0
 -87.000   29.000  0.00516 0
 -87.000   30.000  0.01152 4
 -87.000   31.000  0.01632 15
 -87.000   32.000  0.02077 28
 -87.000   33.000  0.02046 35
 -87.000   34.000  0.02035 60
 -87.000   35.000  0.01854 38
 -87.000   36.000  0.01879 54
 -87.000   37.000  0.01791 133
 -87.000   38.000  0.02097 136
 -87.000   39.000  0.02313 17
 -87.000   40.000  0.01997 62
 -87.000   41.000  0.01946 22
 -87.000   42.000  0.01920 8
 -87.000   43.000  0.01726 2
 -87.000   44.000  0.01869 4
 -87.000   45.000  0.01790 4
 -87.000   46.000  0.01335 31
 -87.000   47.000  0.01004 2
 -87.000   48.000  0.00687 0
 -87.000   49.000  0.00074 0
 -87.000   50.000  0.00000 0
 -86.000   25.000  0.00000 0
 -86.000   26.000  0.00000 0
 -86.000   27.000  0.00122 0
 -86.000   28.000  0.00533 0
 -86.000   29.000  0.00688 0
 -86.000   30.000  0.01242 15
 -86.000   31.000  0.01648 29
 -86.000   32.000  0.02057 13
 -86.000   33.000  0.01886 22
 -86.000   34.000  0.02037 20
 -86.000   35.000  0.01938 22
 -86.000   36.000  0.01917 34
 -86.000   37.000  0.01765 89
 -86.000   38.000  0.01931 68
 -86.000   39.000  0.01995 35
 -86.000   40.000  0.01718 15
 -86.000   41.000  0.01624 30
 -86.000   42.000  0.01508 22
 -86.000   43.000  0.01069 20
 -86.000   44.000  0.01260 27
 -86.000   45.000  0.01083 18
 -86.000   46.000  0.00791 12
 -86.000   47.000  0.00528 2
 -86.000   48.000  0.00561 1
 -86.000   49.000  0.00000 0
 -86.000   50.000  0.00000 0
 -85.000   25.000  0.00000 0
 -85.000   26.000  0.00000 0
 -85.000   27.000  0.00353 0
 -85.000   28.000  0.00766 0
 -85.000   29.000  0.01097 2
 -85.000   30.000  0.01662 20
 -85.000   31.000  0.02077 28
 -85.000   32.000  0.02094 29
 -85.000   33.000  0.01978 24
 -85.000   34.000  0.01958 29
 -85.000   35.000  0.01931 56
 -85.000   36.000  0.01951 47
 -85.000   37.000  0.01921 80
 -85.000   38.000  0.01919 54
 -85.000   39.000  0.02066 38
 -85.000   40.000  0.01722 57
 -85.000   41.000  0.01430 30
 -85.000   42.000  0.01145 27
 -85.000   43.000  0.00763 27
 -85.000   44.000  0.00761 15
 -85.000   45.000  0.00568 35
 -85.000   46.000  0.00425 8
 -85.000   47.000  0.00632 5
 -85.000   48.000  0.00718 4
 -85.000   49.000  0.00328 2
 -85.000   50.000  0.00437 0
 -84.000   25.000  0.00000 0
 -84.000   26.000 -0.00055 0
 -84.000   27.000  0.00423 0
 -84.000   28.000  0.00938 0
 -84.000   29.000  0.01352 6
 -84.000   30.000  0.01655 11
 -84.000   31.000  0.01878 65
 -84.000   32.000  0.01654 109
 -84.000   33.000  0.01462 49
 -84.000   34.000  0.01450 53
 -84.000   35.000  0.01729 90
 -84.000   36.000  0.02039 84
 -84.000   37.000  0.02129 58
 -84.000   38.000  0.02074 52
 -84.000   39.000  0.02128 35
 -84.000   40.000  0.01642 37
 -84.000   41.000  0.01296 42
 -84.000   42.000  0.01018 40
 -84.000   43.000  0.00627 19
 -84.000   44.000  0.00461 19
 -84.000   45.000  0.00264 7
 -84.000   46.000  0.00120 25
 -84.000   47.000  0.00387 2
 -84.000   48.000  0.00510 1
 -84.000   49.000  0.00275 1
 -84.000   50.000  0.00535 1
 -83.000   25.000  0.00750 0
 -83.000   26.000  0.00587 0
 -83.000   27.000  0.00911 0
 -83.000   28.000  0.01082 0
 -83.000   29.000  0.01473 20
 -83.000   30.000  0.01718 11
 -83.000   31.000  0.01907 22
 -83.000   32.000  0.01626 35
 -83.000   33.000  0.01669 44
 -83.000   34.000  0.01529 63
 -83.000   35.000  0.01970 46
 -83.000   36.000  0.02259 39
 -83.000   37.000  0.02399 24
 -83.000   38.000  0.02154 22
 -83.000   39.000  0.02156 54
 -83.000   40.000  0.01613 39
 -83.000   41.000  0.01211 42
 -83.000   42.000  0.00946 12
 -83.000   43.000  0.00599 25
 -83.000   44.000  0.00377 18
 -83.000   45.000  0.00084 3
 -83.000   46.000 -0.00010 19
 -83.000   47.000  0.00274 3
 -83.000   48.000  0.00450 0
 -83.000   49.000  0.00275 17
 -83.000   50.000  0.00535 3
 -82.000   25.000  0.01148 0
 -82.000   26.000  0.00885 4
 -82.000   27.000  0.01150 5
 -82.000   28.000  0.01226 13
 -82.000   29.000  0.01459 14
 -82.000   30.000  0.01304 30
 -82.000   31.000  0.01574 71
 -82.000   32.000  0.01330 56
 -82.000   33.000  0.01479 37
 -82.000   34.000  0.01509 25
 -82.000   35.000  0.02208 28
 -82.000   36.000  0.02433 32
 -82.000   37.000  0.02514 19
 -82.000   38.000  0.02431 43
 -82.000   39.000  0.02450 57
 -82.000   40.000  0.01833 70
 -82.000   41.000  0.01363 22
 -82.000   42.000  0.00979 20
 -82.000   43.000  0.00403 3
 -82.000   44.000  0.00182 2
 -82.000   45.000 -0.00113 9
 -82.000   46.000 -0.00157 12
 -82.000   47.000  0.00270 7
 -82.000   48.000  0.00499 1
 -82.000   49.000  0.00301 23
 -82.000   50.000  0.00535 0
 -81.000   25.000  0.01148 10
 -81.000   26.000  0.00885 23
 -81.000   27.000  0.01028 13
 -81.000   28.000  0.00929 11
 -81.000   29.000  0.01126 6
 -81.000   30.000  0.00959 2
 -81.000   31.000  0.01447 11
 -81.000   32.000  0.01334 15
 -81.000   33.000  0.01653 18
 -81.000   34.000  0.01726 31
 -81.000   35.000  0.02200 30
 -81.000   36.000  0.02226 31
 -81.000   37.000  0.02175 54
 -81.000   38.000  0.01977 51
 -81.000   39.000  0.01971 59
 -81.000   40.000  0.01559 52
 -81.000   41.000  0.01110 41
 -81.000   42.000  0.01026 11
 -81.000   43.000  0.00823 11
 -81.000   44.000  0.00560 8
 -81.000   45.000  0.00297 1
 -81.000   46.000  0.00213 7
 -81.000   47.000  0.00463 2
 -81.000   48.000  0.00441 0
 -81.000   49.000  0.00301 0
 -81.000   50.000  0.00535 0
 -80.000   25.000  0.01148 0
 -80.000   26.000  0.00885 4
 -80.000   27.000  0.00797 6
 -80.000   28.000  0.00696 0
 -80.000   29.000  0.00729 0
 -80.000   30.000  0.00443 0
 -80.000   31.000  0.00967 0
 -80.000   32.000  0.01125 5
 -80.000   33.000  0.01419 43
 -80.000   34.000  0.01585 36
 -80.000   35.000  0.02042 52
 -80.000   36.000  0.01904 50
 -80.000   37.000  0.01776 28
 -80.000   38.000  0.01562 45
 -80.000   39.000  0.01637 77
 -80.000   40.000  0.01371 32
 -80.000   41.000  0.00993 64
 -80.000   42.000  0.00988 43
 -80.000   43.000  0.00912 7
 -80.000   44.000  0.00733 9
 -80.000   45.000  0.00594 12
 -80.000   46.000  0.00652 7
 -80.000   47.000  0.00598 10
 -80.000   48.000  0.00492 0
 -80.000   49.000  0.00249 0
 -80.000   50.000  0.00242 0
 -79.000   25.000  0.01148 0
 -79.000   26.000  0.00940 0
 -79.000   27.000  0.00727 0
 -79.000   28.000  0.00524 0
 -79.000   29.000  0.00504 0
 -79.000   30.000  0.00235 0
 -79.000   31.000  0.00754 0
 -79.000   32.000  0.01029 0
 -79.000   33.000  0.01405 12
 -79.000   34.000  0.01559 18
 -79.000   35.000  0.01841 58
 -79.000   36.000  0.01569 51
 -79.000   37.000  0.01375 24
 -79.000   38.000  0.01130 76
 -79.000   39.000  0.01175 54
 -79.000   40.000  0.01218 39
 -79.000   41.000  0.00961 36
 -79.000   42.000  0.01104 39
 -79.000   43.000  0.01190 31
 -79.000   44.000  0.01331 26
 -79.000   45.000  0.01143 43
 -79.000   46.000  0.01178 16
 -79.000   47.000  0.00977 5
 -79.000   48.000  0.00761 0
 -79.000   49.000  0.00302 0
 -79.000   50.000  0.00143 0
 -78.000   25.000  0.00398 0
 -78.000   26.000  0.00299 0
 -78.000   27.000  0.00239 0
 -78.000   28.000  0.00239 0
 -78.000   29.000  0.00239 0
 -78.000   30.000  0.00000 0
 -78.000   31.000  0.00479 0
 -78.000   32.000  0.00669 0
 -78.000   33.000  0.01131 10
 -78.000   34.000  0.01544 16
 -78.000   35.000  0.01692 24
 -78.000   36.000  0.01306 23
 -78.000   37.000  0.01087 42
 -78.000   38.000  0.00825 97
 -78.000   39.000  0.00708 25
 -78.000   40.000  0.00897 31
 -78.000   41.000  0.00891 61
 -78.000   42.000  0.01147 42
 -78.000   43.000  0.01224 29
 -78.000   44.000  0.01374 5
 -78.000   45.000  0.01283 19
 -78.000   46.000  0.01282 21
 -78.000   47.000  0.01055 21
 -78.000   48.000  0.00776 19
 -78.000   49.000  0.00414 0
 -78.000   50.000  0.00143 0
 -77.000   25.000  0.00000 0
 -77.000   26.000  0.00000 0
 -77.000   27.000  0.00000 0
 -77.000   28.000  0.00000 0
 -77.000   29.000  0.00000 0
 -77.000   30.000  0.00000 0
 -77.000   31.000  0.00326 0
 -77.000   32.000  0.00437 0
 -77.000   33.000  0.00796 0
 -77.000   34.000  0.01137 3
 -77.000   35.000  0.01126 14
 -77.000   36.000  0.00924 37
 -77.000   37.000  0.00772 21
 -77.000   38.000  0.00567 41
 -77.000   39.000  0.00410 31
 -77.000   40.000  0.00738 42
 -77.000   41.000  0.00783 48
 -77.000   42.000  0.01272 29
 -77.000   43.000  0.01392 42
 -77.000   44.000  0.01571 17
 -77.000   45.000  0.01637 10
 -77.000   46.000  0.01555 26
 -77.000   47.000  0.01106 4
 -77.000   48.000  0.00832 1
 -77.000   49.000  0.00587 0
 -77.000   50.000  0.00143 0
 -76.000   25.000  0.00000 0
 -76.000   26.000  0.00000 0
 -76.000   27.000  0.00000 0
 -76.000   28.000  0.00000 0
 -76.000   29.000  0.00000 0
 -76.000   30.000  0.00000 0
 -76.000   31.000  0.00141 0
 -76.000   32.000  0.00163 0
 -76.000   33.000  0.00479 0
 -76.000   34.000  0.00731 2
 -76.000   35.000  0.00749 7
 -76.000   36.000  0.00677 6
 -76.000   37.000  0.00715 9
 -76.000   38.000  0.00755 20
 -76.000   39.000  0.00695 27
 -76.000   40.000  0.00967 69
 -76.000   41.000  0.01109 46
 -76.000   42.000  0.01394 64
 -76.000   43.000  0.01308 42
 -76.000   44.000  0.01535 42
 -76.000   45.000  0.01726 20
 -76.000   46.000  0.01600 41
 -76.000   47.000  0.01256 9
 -76.000   48.000  0.00985 0
 -76.000   49.000  0.00708 0
 -76.000   50.000  0.00143 0
 -75.000   25.000  0.00000 0
 -75.000   26.000  0.00000 0
 -75.000   27.000  0.00000 0
 -75.000   28.000  0.00000 0
 -75.000   29.000  0.00000 0
 -75.000   30.000  0.00000 0
 -75.000   31.000  0.00000 0
 -75.000   32.000  0.00000 0
 -75.000   33.000  0.00222 0
 -75.000   34.000  0.00433 0
 -75.000   35.000  0.00388 4
 -75.000   36.000  0.00420 0
 -75.000   37.000  0.00510 5
 -75.000   38.000  0.00506 18
 -75.000   39.000  0.00471 21
 -75.000   40.000  0.00763 83
 -75.000   41.000  0.00920 100
 -75.000   42.000  0.01256 26
 -75.000   43.000  0.01441 76
 -75.000   44.000  0.01624 36
 -75.000   45.000  0.01749 57
 -75.000   46.000  0.01561 25
 -75.000   47.000  0.01135 19
 -75.000   48.000  0.00732 0
 -75.000   49.000  0.00465 0
 -75.000   50.000  0.00000 0
 -74.000   25.000  0.00000 0
 -74.000   26.000  0.00000 0
 -74.000   27.000  0.00000 0
 -74.000   28.000  0.00000 0
 -74.000   29.000  0.00000 0
 -74.000   30.000  0.00000 0
 -74.000   31.000  0.00000 0
 -74.000   32.000  0.00000 0
 -74.000   33.000  0.00153 0
 -74.000   34.000  0.00291 0
 -74.000   35.000  0.00282 0
 -74.000   36.000  0.00277 0
 -74.000   37.000  0.00362 0
 -74.000   38.000  0.00426 0
 -74.000   39.000  0.00547 6
 -74.000   40.000  0.00720 68
 -74.000   41.000  0.00978 186
 -74.000   42.000  0.01337 81
 -74.000   43.000  0.01577 87
 -74.000   44.000  0.01680 109
 -74.000   45.000  0.01981 65
 -74.000   46.000  0.01728 40
 -74.000   47.000  0.01284 8
 -74.000   48.000  0.00827 0
 -74.000   49.000  0.00581 0
 -74.000   50.000  0.00000 0
 -73.000   25.000  0.00000 0
 -73.000   26.000  0.00000 0
 -73.000   27.000  0.00000 0
 -73.000   28.000  0.00000 0
 -73.000   29.000  0.00000 0
 -73.000   30.000  0.00000 0
 -73.000   31.000  0.00000 0
 -73.000   32.000  0.00000 0
 -73.000   33.000  0.00000 0
 -73.000   34.000  0.00000 0
 -73.000   35.000  0.00000 0
 -73.000   36.000  0.00087 0
 -73.000   37.000  0.00213 0
 -73.000   38.000  0.00378 0
 -73.000   39.000  0.00665 0
 -73.000   40.000  0.00785 10
 -73.000   41.000  0.00907 31
 -73.000   42.000  0.01157 38
 -73.000   43.000  0.01494 55
 -73.000   44.000  0.01516 49
 -73.000   45.000  0.01834 24
 -73.000   46.000  0.01624 44
 -73.000   47.000  0.01249 9
 -73.000   48.000  0.00746 0
 -73.000   49.000  0.00546 0
 -73.000   50.000  0.00000 0
 -72.000   25.000  0.00000 0
 -72.000   26.000  0.00000 0
 -72.000   27.000  0.00000 0
 -72.000   28.000  0.00000 0
 -72.000   29.000  0.00000 0
 -72.000   30.000  0.00000 0
 -72.000   31.000  0.00000 0
 -72.000   32.000  0.00000 0
 -72.000   33.000  0.00000 0
 -72.000   34.000  0.00000 0
 -72.000   35.000  0.00000 0
 -72.000   36.000  0.00000 0
 -72.000   37.000  0.00115 0
 -72.000   38.000  0.00187 0
 -72.000   39.000  0.00593 0
 -72.000   40.000  0.00849 2
 -72.000   41.000  0.01103 21
 -72.000   42.000  0.01280 52
 -72.000   43.000  0.01785 65
 -72.000   44.000  0.01658 56
 -72.000   45.000  0.01748 32
 -72.000   46.000  0.01494 18
 -72.000   47.000  0.01201 7
 -72.000   48.000  0.00625 0
 -72.000   49.000  0.00433 0
 -72.000   50.000  0.00000 0
 -71.000   25.000  0.00000 0
 -71.000   26.000  0.00000 0
 -71.000   27.000  0.00000 0
 -71.000   28.000  0.00000 0
 -71.000   29.000  0.00000 0
 -71.000   30.000  0.00000 0
 -71.000   31.000  0.00000 0
 -71.000   32.000  0.00000 0
 -71.000   33.000  0.00000 0
 -71.000   34.000  0.00000 0
 -71.000   35.000  0.00000 0
 -71.000   36.000  0.00000 0
 -71.000   37.000  0.00000 0
 -71.000   38.000 -0.00086 0
 -71.000   39.000  0.00244 0
 -71.000   40.000  0.00480 0
 -71.000   41.000  0.00672 31
 -71.000   42.000  0.01048 44
 -71.000   43.000  0.01771 46
 -71.000   44.000  0.01580 60
 -71.000   45.000  0.01753 57
 -71.000   46.000  0.01561 43
 -71.000   47.000  0.01185 11
 -71.000   48.000  0.00548 0
 -71.000   49.000  0.00511 0
 -71.000   50.000  0.00000 0
 -70.000   25.000  0.00000 0
 -70.000   26.000  0.00000 0
 -70.000   27.000  0.00000 0
 -70.000   28.000  0.00000 0
 -70.000   29.000  0.00000 0
 -70.000   30.000  0.00000 0
 -70.000   31.000  0.00000 0
 -70.000   32.000  0.00000 0
 -70.000   33.000  0.00000 0
 -70.000   34.000  0.00000 0
 -70.000   35.000  0.00000 0
 -70.000   36.000  0.00000 0
 -70.000   37.000  0.00000 0
 -70.000   38.000  0.00000 0
 -70.000   39.000  0.00229 0
 -70.000   40.000  0.00418 4
 -70.000   41.000  0.00631 15
 -70.000   42.000  0.00981 9
 -70.000   43.000  0.01465 9
 -70.000   44.000  0.01393 30
 -70.000   45.000  0.01721 42
 -70.000   46.000  0.01508 45
 -70.000   47.000  0.01159 35
 -70.000   48.000  0.00674 4
 -70.000   49.000  0.00647 0
 -70.000   50.000  0.00000 0
 -69.000   25.000  0.00000 0
 -69.000   26.000  0.00000 0
 -69.000   27.000  0.00000 0
 -69.000   28.000  0.00000 0
 -69.000   29.000  0.00000 0
 -69.000   30.000  0.00000 0
 -69.000   31.000  0.00000 0
 -69.000   32.000  0.00000 0
 -69.000   33.000  0.00000 0
 -69.000   34.000  0.00000 0
 -69.000   35.000  0.00000 0
 -69.000   36.000  0.00000 0
 -69.000   37.000  0.00000 0
 -69.000   38.000  0.00000 0
 -69.000   39.000  0.00124 0
 -69.000   40.000  0.00275 0
 -69.000   41.000  0.00399 0
 -69.000   42.000  0.00748 0
 -69.000   43.000  0.01192 2
 -69.000   44.000  0.01113 22
 -69.000   45.000  0.01388 47
 -69.000   46.000  0.01263 58
 -69.000   47.000  0.00999 33
 -69.000   48.000  0.00725 0
 -69.000   49.000  0.00849 0
 -69.000   50.000  0.00424 0
 -68.000   25.000  0.00000 0
 -68.000   26.000  0.00000 0
 -68.000   27.000  0.00000 0
 -68.000   28.000  0.00000 0
 -68.000   29.000  0.00000 0
 -68.000   30.000  0.00000 0
 -68.000   31.000  0.00000 0
 -68.000   32.000  0.00000 0
 -68.000   33.000  0.00000 0
 -68.000   34.000  0.00000 0
 -68.000   35.000  0.00000 0
 -68.000   36.000  0.00000 0
 -68.000   37.000  0.00000 0
 -68.000   38.000  0.00000 0
 -68.000   39.000  0.00082 0
 -68.000   40.000  0.00222 0
 -68.000   41.000  0.00360 0
 -68.000   42.000  0.00721 0
 -68.000   43.000  0.01058 0
 -68.000   44.000  0.01055 10
 -68.000   45.000  0.01280 39
 -68.000   46.000  0.01142 74
 -68.000   47.000  0.00864 18
 -68.000   48.000  0.00698 0
 -68.000   49.000  0.00773 2
 -68.000   50.000  0.00424 0
 -67.000   25.000  0.00000 0
 -67.000   26.000  0.00000 0
 -67.000   27.000  0.00000 0
 -67.000   28.000  0.00000 0
 -67.000   29.000  0.00000 0
 -67.000   30.000  0.00000 0
 -67.000   31.000  0.00000 0
 -67.000   32.000  0.00000 0
 -67.000   33.000  0.00000 0
 -67.000   34.000  0.00000 0
 -67.000   35.000  0.00000 0
 -67.000   36.000  0.00000 0
 -67.000   37.000  0.00000 0
 -67.000   38.000  0.00000 0
 -67.000   39.000  0.00000 0
 -67.000   40.000  0.00000 0
 -67.000   41.000  0.00000 0
 -67.000   42.000  0.00309 0
 -67.000   43.000  0.00549 0
 -67.000   44.000  0.00613 20
 -67.000   45.000  0.00909 42
 -67.000   46.000  0.00909 2
 -67.000   47.000  0.00683 0
 -67.000   48.000  0.00614 0
 -67.000   49.000  0.00688 21
 -67.000   50.000  0.00424 21
 -66.000   25.000  0.00000 0
 -66.000   26.000  0.00000 0
 -66.000   27.000  0.00000 0
 -66.000   28.000  0.00000 0
 -66.000   29.000  0.00000 0
 -66.000   30.000  0.00000 0
 -66.000   31.000  0.00000 0
 -66.000   32.000  0.00000 0
 -66.000   33.000  0.00000 0
 -66.000   34.000  0.00000 0
 -66.000   35.000  0.00000 0
 -66.000   36.000  0.00000 0
 -66.000   37.000  0.00000 0
 -66.000   38.000  0.00000 0
 -66.000   39.000  0.00000 0
 -66.000   40.000  0.00000 0
 -66.000   41.000  0.00000 0
 -66.000   42.000  0.00201 0
 -66.000   43.000  0.00389 0
 -66.000   44.000  0.00464 0
 -66.000   45.000  0.00634 2
 -66.000   46.000  0.00634 0
 -66.000   47.000  0.00539 0
 -66.000   48.000  0.00564 0
 -66.000   49.000  0.00611 0
 -66.000   50.000  0.00530 0
 -65.000   25.000  0.00000 0
 -65.000   26.000  0.00000 0
 -65.000   27.000  0.00000 0
 -65.000   28.000  0.00000 0
 -65.000   29.000  0.00000 0
 -65.000   30.000  0.00000 0
 -65.000   31.000  0.00000 0
 -65.000   32.000  0.00000 0
 -65.000   33.000  0.00000 0
 -65.000   34.000  0.00000 0
 -65.000   35.000  0.00000 0
 -65.000   36.000  0.00000 0
 -65.000   37.000  0.00000 0
 -65.000   38.000  0.00000 0
 -65.000   39.000  0.00000 0
 -65.000   40.000  0.00000 0
 -65.000   41.000  0.00000 0
 -65.000   42.000  0.00173 0
 -65.000   43.000  0.00320 0
 -65.000   44.000  0.00320 0
 -65.000   45.000  0.00320 0
 -65.000   46.000  0.00320 0
 -65.000   47.000  0.00286 0
 -65.000   48.000  0.00424 0
 -65.000   49.000  0.00530 0
 -65.000   50.000  0.00707 0
