-130.000   25.000  0.00000 0
-130.000   26.000  0.00000 0
-130.000   27.000  0.00000 0
-130.000   28.000  0.00000 0
-130.000   29.000  0.00000 0
-130.000   30.000  0.00000 0
-130.000   31.000  0.00000 0
-130.000   32.000  0.00000 0
-130.000   33.000  0.00000 0
-130.000   34.000  0.00000 0
-130.000   35.000  0.00000 0
-130.000   36.000  0.00000 0
-130.000   37.000  0.00000 0
-130.000   38.000  0.00000 0
-130.000   39.000  0.00000 0
-130.000   40.000  0.00000 0
-130.000   41.000  0.00000 0
-130.000   42.000  0.00000 0
-130.000   43.000  0.00000 0
-130.000   44.000  0.00000 0
-130.000   45.000  0.00000 0
-130.000   46.000  0.00000 0
-130.000   47.000  0.00000 0
-130.000   48.000  0.00004 0
-130.000   49.000  0.00005 0
-130.000   50.000  0.00007 0
-129.000   25.000  0.00000 0
-129.000   26.000  0.00000 0
-129.000   27.000  0.00000 0
-129.000   28.000  0.00000 0
-129.000   29.000  0.00000 0
-129.000   30.000  0.00000 0
-129.000   31.000  0.00000 0
-129.000   32.000  0.00000 0
-129.000   33.000  0.00000 0
-129.000   34.000  0.00000 0
-129.000   35.000  0.00000 0
-129.000   36.000  0.00000 0
-129.000   37.000  0.00000 0
-129.000   38.000  0.00000 0
-129.000   39.000  0.00000 0
-129.000   40.000  0.00000 0
-129.000   41.000  0.00000 0
-129.000   42.000  0.00000 0
-129.000   43.000  0.00000 0
-129.000   44.000  0.00000 0
-129.000   45.000  0.00000 0
-129.000   46.000  0.00000 0
-129.000   47.000  0.00000 0
-129.000   48.000  0.00489 0
-129.000   49.000  0.00611 0
-129.000   50.000  0.00815 0
-128.000   25.000  0.00000 0
-128.000   26.000  0.00000 0
-128.000   27.000  0.00000 0
-128.000   28.000  0.00000 0
-128.000   29.000  0.00000 0
-128.000   30.000  0.00000 0
-128.000   31.000  0.00000 0
-128.000   32.000  0.00000 0
-128.000   33.000  0.00000 0
-128.000   34.000  0.00000 0
-128.000   35.000  0.00000 0
-128.000   36.000  0.00000 0
-128.000   37.000  0.00000 0
-128.000   38.000  0.00000 0
-128.000   39.000  0.00000 0
-128.000   40.000  0.00000 0
-128.000   41.000  0.00000 0
-128.000   42.000  0.00000 0
-128.000   43.000  0.00000 0
-128.000   44.000  0.00000 0
-128.000   45.000  0.00000 0
-128.000   46.000 -0.00166 0
-128.000   47.000 -0.00330 0
-128.000   48.000  0.00061 0
-128.000   49.000  0.00076 5
-128.000   50.000  0.00101 8
-127.000   25.000  0.00000 0
-127.000   26.000  0.00000 0
-127.000   27.000  0.00000 0
-127.000   28.000  0.00000 0
-127.000   29.000  0.00000 0
-127.000   30.000  0.00000 0
-127.000   31.000  0.00000 0
-127.000   32.000  0.00000 0
-127.000   33.000  0.00000 0
-127.000   34.000  0.00000 0
-127.000   35.000  0.00000 0
-127.000   36.000  0.00000 0
-127.000   37.000  0.00000 0
-127.000   38.000  0.00000 0
-127.000   39.000  0.00000 0
-127.000   40.000  0.00408 0
-127.000   41.000  0.00560 0
-127.000   42.000  0.00560 0
-127.000   43.000  0.00560 0
-127.000   44.000  0.00560 0
-127.000   45.000  0.00220 0
-127.000   46.000  0.00249 0
-127.000   47.000  0.00200 0
-127.000   48.000  0.00591 0
-127.000   49.000  0.00739 5
-127.000   50.000  0.00872 6
-126.000   25.000  0.00000 0
-126.000   26.000  0.00000 0
-126.000   27.000  0.00000 0
-126.000   28.000  0.00000 0
-126.000   29.000  0.00000 0
-126.000   30.000  0.00000 0
-126.000   31.000  0.00000 0
-126.000   32.000  0.00000 0
-126.000   33.000  0.00000 0
-126.000   34.000  0.00000 0
-126.000   35.000  0.00000 0
-126.000   36.000  0.00000 0
-126.000   37.000 -0.00091 0
-126.000   38.000 -0.00084 0
-126.000   39.000  0.00202 0
-126.000   40.000  0.00688 0
-126.000   41.000  0.00939 0
-126.000   42.000  0.01151 0
-126.000   43.000  0.01236 0
-126.000   44.000  0.01161 0
-126.000   45.000  0.00847 0
-126.000   46.000  0.00952 0
-126.000   47.000  0.00944 0
-126.000   48.000  0.01646 6
-126.000   49.000  0.01794 6
-126.000   50.000  0.02104 0
-125.000   25.000  0.00000 0
-125.000   26.000  0.00000 0
-125.000   27.000  0.00000 0
-125.000   28.000  0.00000 0
-125.000   29.000  0.00000 0
-125.000   30.000  0.00000 0
-125.000   31.000  0.00000 0
-125.000   32.000  0.00000 0
-125.000   33.000  0.00000 0
-125.000   34.000  0.00000 0
-125.000   35.000  0.00100 0
-125.000   36.000  0.00087 0
-125.000   37.000  0.00022 0
-125.000   38.000  0.00184 0
-125.000   39.000  0.00583 0
-125.000   40.000  0.01082 0
-125.000   41.000  0.01489 4
-125.000   42.000  0.01784 6
-125.000   43.000  0.01723 13
-125.000   44.000  0.01604 4
-125.000   45.000  0.01176 0
-125.000   46.000  0.01225 0
-125.000   47.000  0.01187 9
-125.000   48.000  0.01878 18
-125.000   49.000  0.01998 7
-125.000   50.000  0.02380 0
-124.000   25.000  0.00000 0
-124.000   26.000  0.00000 0
-124.000   27.000  0.00000 0
-124.000   28.000  0.00000 0
-124.000   29.000  0.00000 0
-124.000   30.000  0.00000 0
-124.000   31.000  0.00000 0
-124.000   32.000  0.00000 0
-124.000   33.000  0.00000 0
-124.000   34.000  0.00020 0
-124.000   35.000  0.00169 0
-124.000   36.000  0.00353 0
-124.000   37.000  0.00267 0
-124.000   38.000  0.00687 1
-124.000   39.000  0.01257 21
-124.000   40.000  0.01844 43
-124.000   41.000  0.02211 22
-124.000   42.000  0.02686 69
-124.000   43.000  0.02495 124
-124.000   44.000  0.02374 119
-124.000   45.000  0.01944 106
-124.000   46.000  0.01955 65
-124.000   47.000  0.01753 137
-124.000   48.000  0.01928 58
-124.000   49.000  0.01823 49
-124.000   50.000  0.01922 15
-123.000   25.000  0.00000 0
-123.000   26.000  0.00000 0
-123.000   27.000  0.00000 0
-123.000   28.000  0.00000 0
-123.000   29.000  0.00000 0
-123.000   30.000  0.00000 0
-123.000   31.000  0.00000 0
-123.000   32.000  0.00000 0
-123.000   33.000  0.00069 0
-123.000   34.000  0.00185 0
-123.000   35.000  0.00387 0
-123.000   36.000  0.00671 0
-123.000   37.000  0.00757 22
-123.000   38.000  0.01323 62
-123.000   39.000  0.01908 46
-123.000   40.000  0.02619 105
-123.000   41.000  0.02977 122
-123.000   42.000  0.03443 128
-123.000   43.000  0.03002 121
-123.000   44.000  0.02830 146
-123.000   45.000  0.02352 115
-123.000   46.000  0.02477 143
-123.000   47.000  0.02180 234
-123.000   48.000  0.02389 174
-123.000   49.000  0.02325 49
-123.000   50.000  0.02376 0
-122.000   25.000  0.00000 0
-122.000   26.000  0.00000 0
-122.000   27.000  0.00000 0
-122.000   28.000  0.00000 0
-122.000   29.000  0.00000 0
-122.000   30.000  0.00000 0
-122.000   31.000  0.00037 0
-122.000   32.000  0.00106 0
-122.000   33.000  0.00277 0
-122.000   34.000  0.00480 0
-122.000   35.000  0.00825 2
-122.000   36.000  0.01208 37
-122.000   37.000  0.01426 57
-122.000   38.000  0.02140 42
-122.000   39.000  0.02712 62
-122.000   40.000  0.02840 123
-122.000   41.000  0.03064 76
-122.000   42.000  0.03414 55
-122.000   43.000  0.02827 92
-122.000   44.000  0.02631 74
-122.000   45.000  0.02519 116
-122.000   46.000  0.02331 105
-122.000   47.000  0.01828 206
-122.000   48.000  0.01933 132
-122.000   49.000  0.01693 35
-122.000   50.000  0.01656 0
-121.000   25.000  0.00000 0
-121.000   26.000  0.00000 0
-121.000   27.000  0.00000 0
-121.000   28.000  0.00000 0
-121.000   29.000  0.00000 0
-121.000   30.000  0.00000 0
-121.000   31.000  0.00096 0
-121.000   32.000  0.00139 0
-121.000   33.000  0.00381 0
-121.000   34.000  0.00793 2
-121.000   35.000  0.01249 48
-121.000   36.000  0.01624 69
-121.000   37.000  0.02229 50
-121.000   38.000  0.03025 107
-121.000   39.000  0.03094 55
-121.000   40.000  0.03165 64
-121.000   41.000  0.03316 45
-121.000   42.000  0.03265 49
-121.000   43.000  0.02419 69
-121.000   44.000  0.02394 66
-121.000   45.000  0.02109 85
-121.000   46.000  0.01825 49
-121.000   47.000  0.01181 91
-121.000   48.000  0.00988 53
-121.000   49.000  0.00664 11
-121.000   50.000  0.00483 0
-120.000   25.000  0.00000 0
-120.000   26.000  0.00000 0
-120.000   27.000  0.00000 0
-120.000   28.000  0.00000 0
-120.000   29.000  0.00000 0
-120.000   30.000  0.00064 0
-120.000   31.000  0.00267 0
-120.000   32.000  0.00429 0
-120.000   33.000  0.00727 34
-120.000   34.000  0.01300 73
-120.000   35.000  0.01703 97
-120.000   36.000  0.02106 49
-120.000   37.000  0.02659 150
-120.000   38.000  0.03353 80
-120.000   39.000  0.03237 29
-120.000   40.000  0.03226 13
-120.000   41.000  0.03229 28
-120.000   42.000  0.03181 21
-120.000   43.000  0.02471 37
-120.000   44.000  0.02383 29
-120.000   45.000  0.02197 28
-120.000   46.000  0.01984 70
-120.000   47.000  0.01190 51
-120.000   48.000  0.00908 65
-120.000   49.000  0.00674 49
-120.000   50.000  0.00448 0
-119.000   25.000  0.00000 0
-119.000   26.000  0.00000 0
-119.000   27.000  0.00000 0
-119.000   28.000  0.00000 0
-119.000   29.000  0.00000 0
-119.000   30.000 -0.00010 0
-119.000   31.000  0.00352 0
-119.000   32.000  0.00666 1
-119.000   33.000  0.01072 67
-119.000   34.000  0.01675 230
-119.000   35.000  0.02029 99
-119.000   36.000  0.02210 52
-119.000   37.000  0.02706 105
-119.000   38.000  0.03196 78
-119.000   39.000  0.03014 30
-119.000   40.000  0.03151 17
-119.000   41.000  0.03119 31
-119.000   42.000  0.02957 53
-119.000   43.000  0.02346 35
-119.000   44.000  0.02269 58
-119.000   45.000  0.01858 54
-119.000   46.000  0.01782 70
-119.000   47.000  0.01170 73
-119.000   48.000  0.00885 86
-119.000   49.000  0.00676 25
-119.000   50.000  0.00784 0
-118.000   25.000  0.00000 0
-118.000   26.000  0.00000 0
-118.000   27.000  0.00000 0
-118.000   28.000  0.00000 0
-118.000   29.000  0.00000 0
-118.000   30.000  0.00076 0
-118.000   31.000  0.00489 0
-118.000   32.000  0.00861 17
-118.000   33.000  0.01304 199
-118.000   34.000  0.01973 413
-118.000   35.000  0.02320 110
-118.000   36.000  0.02491 110
-118.000   37.000  0.02878 48
-118.000   38.000  0.03327 66
-118.000   39.000  0.03153 14
-118.000   40.000  0.03152 29
-118.000   41.000  0.03041 27
-118.000   42.000  0.02986 41
-118.000   43.000  0.02452 21
-118.000   44.000  0.02341 83
-118.000   45.000  0.01830 88
-118.000   46.000  0.01758 96
-118.000   47.000  0.01251 51
-118.000   48.000  0.00893 69
-118.000   49.000  0.00638 5
-118.000   50.000  0.00997 0
-117.000   25.000  0.00000 0
-117.000   26.000  0.00000 0
-117.000   27.000  0.00000 0
-117.000   28.000  0.00000 0
-117.000   29.000  0.00000 0
-117.000   30.000  0.00143 0
-117.000   31.000  0.00604 0
-117.000   32.000  0.00889 112
-117.000   33.000  0.01276 474
-117.000   34.000  0.01971 229
-117.000   35.000  0.02299 139
-117.000   36.000  0.02555 152
-117.000   37.000  0.02934 38
-117.000   38.000  0.03350 31
-117.000   39.000  0.03218 15
-117.000   40.000  0.03226 53
-117.000   41.000  0.03002 20
-117.000   42.000  0.03111 12
-117.000   43.000  0.02785 20
-117.000   44.000  0.02516 66
-117.000   45.000  0.01892 69
-117.000   46.000  0.01827 26
-117.000   47.000  0.01257 13
-117.000   48.000  0.00781 60
-117.000   49.000  0.00607 9
-117.000   50.000  0.01050 0
-116.000   25.000  0.00000 0
-116.000   26.000  0.00000 0
-116.000   27.000  0.00000 0
-116.000   28.000  0.00000 0
-116.000   29.000  0.00000 0
-116.000   30.000  0.00356 0
-116.000   31.000  0.00828 0
-116.000   32.000  0.01198 65
-116.000   33.000  0.01549 249
-116.000   34.000  0.02160 160
-116.000   35.000  0.02303 117
-116.000   36.000  0.02811 51
-116.000   37.000  0.03086 13
-116.000   38.000  0.03491 49
-116.000   39.000  0.03613 20
-116.000   40.000  0.03586 153
-116.000   41.000  0.03127 51
-116.000   42.000  0.03274 10
-116.000   43.000  0.03190 34
-116.000   44.000  0.02782 65
-116.000   45.000  0.02153 34
-116.000   46.000  0.02065 24
-116.000   47.000  0.01430 16
-116.000   48.000  0.00758 28
-116.000   49.000  0.00541 7
-116.000   50.000  0.00982 0
-115.000   25.000  0.00000 0
-115.000   26.000  0.00000 0
-115.000   27.000  0.00000 0
-115.000   28.000  0.00000 0
-115.000   29.000  0.00066 0
-115.000   30.000  0.00439 0
-115.000   31.000  0.00827 0
-115.000   32.000  0.01117 52
-115.000   33.000  0.01520 157
-115.000   34.000  0.02010 136
-115.000   35.000  0.02037 58
-115.000   36.000  0.02821 30
-115.000   37.000  0.03224 17
-115.000   38.000  0.03640 40
-115.000   39.000  0.03848 30
-115.000   40.000  0.04184 313
-115.000   41.000  0.03467 44
-115.000   42.000  0.03367 16
-115.000   43.000  0.03183 64
-115.000   44.000  0.02887 57
-115.000   45.000  0.01941 15
-115.000   46.000  0.01793 19
-115.000   47.000  0.01303 23
-115.000   48.000  0.00668 22
-115.000   49.000  0.00248 4
-115.000   50.000  0.00682 0
-114.000   25.000  0.00000 0
-114.000   26.000  0.00000 0
-114.000   27.000  0.00000 0
-114.000   28.000  0.00000 0
-114.000   29.000  0.00012 0
-114.000   30.000  0.00586 0
-114.000   31.000  0.00967 0
-114.000   32.000  0.01275 26
-114.000   33.000  0.01747 60
-114.000   34.000  0.02402 118
-114.000   35.000  0.02414 65
-114.000   36.000  0.03322 23
-114.000   37.000  0.03804 31
-114.000   38.000  0.04126 17
-114.000   39.000  0.04183 23
-114.000   40.000  0.04397 21
-114.000   41.000  0.03563 19
-114.000   42.000  0.03209 18
-114.000   43.000  0.02963 52
-114.000   44.000  0.02671 42
-114.000   45.000  0.01726 22
-114.000   46.000  0.01297 47
-114.000   47.000  0.00803 28
-114.000   48.000  0.00255 20
-114.000   49.000 -0.00222 7
-114.000   50.000 -0.00055 0
-113.000   25.000  0.00000 0
-113.000   26.000  0.00000 0
-113.000   27.000  0.00000 0
-113.000   28.000  0.00000 0
-113.000   29.000  0.00101 0
-113.000   30.000  0.00707 0
-113.000   31.000  0.01183 16
-113.000   32.000  0.01549 51
-113.000   33.000  0.02115 71
-113.000   34.000  0.02682 65
-113.000   35.000  0.02792 32
-113.000   36.000  0.03778 30
-113.000   37.000  0.04234 23
-113.000   38.000  0.04349 18
-113.000   39.000  0.04249 9
-113.000   40.000  0.04033 59
-113.000   41.000  0.03094 18
-113.000   42.000  0.02610 10
-113.000   43.000  0.02543 14
-113.000   44.000  0.02529 18
-113.000   45.000  0.01885 28
-113.000   46.000  0.01433 21
-113.000   47.000  0.00975 7
-113.000   48.000  0.00362 18
-113.000   49.000 -0.00241 7
-113.000   50.000 -0.00079 0
-112.000   25.000  0.00000 0
-112.000   26.000  0.00000 0
-112.000   27.000  0.00000 0
-112.000   28.000  0.00000 0
-112.000   29.000  0.00179 0
-112.000   30.000  0.00815 0
-112.000   31.000  0.01354 9
-112.000   32.000  0.01863 30
-112.000   33.000  0.02531 34
-112.000   34.000  0.03046 48
-112.000   35.000  0.03249 42
-112.000   36.000  0.04130 46
-112.000   37.000  0.04676 10
-112.000   38.000  0.04697 13
-112.000   39.000  0.04545 12
-112.000   40.000  0.04349 22
-112.000   41.000  0.03310 30
-112.000   42.000  0.02643 18
-112.000   43.000  0.02332 20
-112.000   44.000  0.02471 9
-112.000   45.000  0.01923 21
-112.000   46.000  0.01618 15
-112.000   47.000  0.01110 5
-112.000   48.000  0.00731 10
-112.000   49.000  0.00063 2
-112.000   50.000 -0.00075 0
-111.000   25.000  0.00000 0
-111.000   26.000  0.00000 0
-111.000   27.000  0.00000 0
-111.000   28.000  0.00000 0
-111.000   29.000  0.00268 0
-111.000   30.000  0.00691 0
-111.000   31.000  0.01245 8
-111.000   32.000  0.01818 38
-111.000   33.000  0.02628 27
-111.000   34.000  0.03222 27
-111.000   35.000  0.03638 33
-111.000   36.000  0.04386 20
-111.000   37.000  0.04776 17
-111.000   38.000  0.04675 16
-111.000   39.000  0.04331 55
-111.000   40.000  0.04087 6
-111.000   41.000  0.03243 26
-111.000   42.000  0.02721 19
-111.000   43.000  0.02418 163
-111.000   44.000  0.02820 63
-111.000   45.000  0.02573 22
-111.000   46.000  0.02309 13
-111.000   47.000  0.02001 7
-111.000   48.000  0.01594 15
-111.000   49.000  0.00842 2
-111.000   50.000  0.00543 0
-110.000   25.000  0.00000 0
-110.000   26.000  0.00000 0
-110.000   27.000  0.00000 0
-110.000   28.000  0.00000 0
-110.000   29.000  0.00202 0
-110.000   30.000  0.00615 0
-110.000   31.000  0.01124 49
-110.000   32.000  0.01710 58
-110.000   33.000  0.02393 50
-110.000   34.000  0.03225 68
-110.000   35.000  0.03792 67
-110.000   36.000  0.04558 19
-110.000   37.000  0.04928 24
-110.000   38.000  0.04979 35
-110.000   39.000  0.04570 17
-110.000   40.000  0.04079 17
-110.000   41.000  0.03318 12
-110.000   42.000  0.02952 78
-110.000   43.000  0.02740 108
-110.000   44.000  0.03043 31
-110.000   45.000  0.03098 34
-110.000   46.000  0.02980 13
-110.000   47.000  0.02576 13
-110.000   48.000  0.02053 16
-110.000   49.000  0.01407 2
-110.000   50.000  0.00971 0
-109.000   25.000  0.00000 0
-109.000   26.000  0.00000 0
-109.000   27.000  0.00000 0
-109.000   28.000  0.00000 0
-109.000   29.000  0.00256 0
-109.000   30.000  0.00583 0
-109.000   31.000  0.01007 47
-109.000   32.000  0.01432 31
-109.000   33.000  0.02051 43
-109.000   34.000  0.02749 35
-109.000   35.000  0.03541 32
-109.000   36.000  0.04316 28
-109.000   37.000  0.04774 33
-109.000   38.000  0.04822 16
-109.000   39.000  0.04595 18
-109.000   40.000  0.03912 39
-109.000   41.000  0.03318 12
-109.000   42.000  0.03113 53
-109.000   43.000  0.03024 38
-109.000   44.000  0.03250 57
-109.000   45.000  0.03605 40
-109.000   46.000  0.03633 15
-109.000   47.000  0.03307 36
-109.000   48.000  0.02728 26
-109.000   49.000  0.02219 9
-109.000   50.000  0.01641 0
-108.000   25.000  0.00000 0
-108.000   26.000  0.00000 0
-108.000   27.000  0.00000 0
-108.000   28.000  0.00000 0
-108.000   29.000  0.00236 0
-108.000   30.000  0.00456 0
-108.000   31.000  0.00853 4
-108.000   32.000  0.01229 57
-108.000   33.000  0.01788 38
-108.000   34.000  0.02558 25
-108.000   35.000  0.03326 9
-108.000   36.000  0.04008 14
-108.000   37.000  0.04509 25
-108.000   38.000  0.04758 28
-108.000   39.000  0.04764 32
-108.000   40.000  0.04631 32
-108.000   41.000  0.04163 15
-108.000   42.000  0.04007 15
-108.000   43.000  0.03768 48
-108.000   44.000  0.03637 127
-108.000   45.000  0.03722 56
-108.000   46.000  0.03868 35
-108.000   47.000  0.03719 22
-108.000   48.000  0.03150 37
-108.000   49.000  0.02836 4
-108.000   50.000  0.02215 0
-107.000   25.000  0.00000 0
-107.000   26.000  0.00000 0
-107.000   27.000  0.00000 0
-107.000   28.000 -0.00130 0
-107.000   29.000  0.00071 0
-107.000   30.000  0.00281 0
-107.000   31.000  0.00652 4
-107.000   32.000  0.01047 30
-107.000   33.000  0.01668 61
-107.000   34.000  0.02411 105
-107.000   35.000  0.03011 28
-107.000   36.000  0.03732 19
-107.000   37.000  0.04236 39
-107.000   38.000  0.04546 37
-107.000   39.000  0.04814 19
-107.000   40.000  0.04927 19
-107.000   41.000  0.04484 25
-107.000   42.000  0.04203 42
-107.000   43.000  0.04095 93
-107.000   44.000  0.03698 134
-107.000   45.000  0.03639 53
-107.000   46.000  0.03779 27
-107.000   47.000  0.04018 20
-107.000   48.000  0.03326 22
-107.000   49.000  0.03138 7
-107.000   50.000  0.02743 0
-106.000   25.000  0.00000 0
-106.000   26.000  0.00113 0
-106.000   27.000  0.00134 0
-106.000   28.000  0.00081 0
-106.000   29.000  0.00287 0
-106.000   30.000  0.00644 0
-106.000   31.000  0.01024 35
-106.000   32.000  0.01338 66
-106.000   33.000  0.01746 66
-106.000   34.000  0.02345 57
-106.000   35.000  0.02971 47
-106.000   36.000  0.03577 23
-106.000   37.000  0.04240 53
-106.000   38.000  0.04811 39
-106.000   39.000  0.05330 65
-106.000   40.000  0.05409 76
-106.000   41.000  0.05073 53
-106.000   42.000  0.04769 32
-106.000   43.000  0.04502 34
-106.000   44.000  0.03822 62
-106.000   45.000  0.03527 55
-106.000   46.000  0.03506 49
-106.000   47.000  0.03567 26
-106.000   48.000  0.02907 26
-106.000   49.000  0.02830 7
-106.000   50.000  0.02496 0
-105.000   25.000  0.00000 0
-105.000   26.000  0.00113 0
-105.000   27.000  0.00295 0
-105.000   28.000  0.00319 0
-105.000   29.000  0.00633 2
-105.000   30.000  0.01109 8
-105.000   31.000  0.01667 43
-105.000   32.000  0.01851 62
-105.000   33.000  0.02320 78
-105.000   34.000  0.02699 57
-105.000   35.000  0.03266 32
-105.000   36.000  0.03735 35
-105.000   37.000  0.04366 52
-105.000   38.000  0.04895 38
-105.000   39.000  0.05526 36
-105.000   40.000  0.05566 26
-105.000   41.000  0.05273 58
-105.000   42.000  0.04983 25
-105.000   43.000  0.04580 32
-105.000   44.000  0.03839 29
-105.000   45.000  0.03369 29
-105.000   46.000  0.03133 16
-105.000   47.000  0.03228 34
-105.000   48.000  0.02607 35
-105.000   49.000  0.02531 6
-105.000   50.000  0.02354 0
-104.000   25.000  0.00000 0
-104.000   26.000  0.00113 0
-104.000   27.000  0.00295 0
-104.000   28.000  0.00525 6
-104.000   29.000  0.00996 128
-104.000   30.000  0.01673 43
-104.000   31.000  0.02349 56
-104.000   32.000  0.02685 67
-104.000   33.000  0.02996 77
-104.000   34.000  0.03392 59
-104.000   35.000  0.03780 28
-104.000   36.000  0.04215 27
-104.000   37.000  0.04887 23
-104.000   38.000  0.05552 16
-104.000   39.000  0.06008 20
-104.000   40.000  0.06094 16
-104.000   41.000  0.05730 29
-104.000   42.000  0.05381 23
-104.000   43.000  0.04856 45
-104.000   44.000  0.04119 26
-104.000   45.000  0.03498 25
-104.000   46.000  0.03322 32
-104.000   47.000  0.03191 20
-104.000   48.000  0.02510 31
-104.000   49.000  0.02404 6
-104.000   50.000  0.02325 0
-103.000   25.000  0.00000 0
-103.000   26.000  0.00113 0
-103.000   27.000  0.00387 0
-103.000   28.000  0.00845 0
-103.000   29.000  0.01454 39
-103.000   30.000  0.02256 36
-103.000   31.000  0.03056 54
-103.000   32.000  0.03345 79
-103.000   33.000  0.03440 71
-103.000   34.000  0.03657 89
-103.000   35.000  0.04115 32
-103.000   36.000  0.04577 20
-103.000   37.000  0.05314 22
-103.000   38.000  0.05974 20
-103.000   39.000  0.06366 33
-103.000   40.000  0.06254 16
-103.000   41.000  0.05789 28
-103.000   42.000  0.05438 21
-103.000   43.000  0.04932 40
-103.000   44.000  0.04260 35
-103.000   45.000  0.03680 31
-103.000   46.000  0.03373 32
-103.000   47.000  0.03209 22
-103.000   48.000  0.02501 33
-103.000   49.000  0.02445 10
-103.000   50.000  0.02311 0
-102.000   25.000  0.00000 0
-102.000   26.000  0.00150 0
-102.000   27.000  0.00522 0
-102.000   28.000  0.01290 0
-102.000   29.000  0.02054 5
-102.000   30.000  0.02904 27
-102.000   31.000  0.03599 19
-102.000   32.000  0.03890 23
-102.000   33.000  0.03818 34
-102.000   34.000  0.03927 25
-102.000   35.000  0.04419 32
-102.000   36.000  0.04942 13
-102.000   37.000  0.05441 20
-102.000   38.000  0.05981 29
-102.000   39.000  0.06207 23
-102.000   40.000  0.05958 22
-102.000   41.000  0.05588 24
-102.000   42.000  0.05378 18
-102.000   43.000  0.04932 31
-102.000   44.000  0.04500 29
-102.000   45.000  0.04074 62
-102.000   46.000  0.03729 32
-102.000   47.000  0.03390 21
-102.000   48.000  0.02601 39
-102.000   49.000  0.02418 8
-102.000   50.000  0.02109 0
-101.000   25.000  0.00227 0
-101.000   26.000  0.00270 0
-101.000   27.000  0.00664 0
-101.000   28.000  0.01507 0
-101.000   29.000  0.02232 11
-101.000   30.000  0.02869 23
-101.000   31.000  0.03385 27
-101.000   32.000  0.03743 22
-101.000   33.000  0.03691 10
-101.000   34.000  0.03860 12
-101.000   35.000  0.04385 11
-101.000   36.000  0.05147 13
-101.000   37.000  0.05486 10
-101.000   38.000  0.05824 22
-101.000   39.000  0.05970 22
-101.000   40.000  0.05778 19
-101.000   41.000  0.05435 20
-101.000   42.000  0.05140 19
-101.000   43.000  0.04768 31
-101.000   44.000  0.04299 28
-101.000   45.000  0.03913 23
-101.000   46.000  0.03519 35
-101.000   47.000  0.03437 31
-101.000   48.000  0.02680 39
-101.000   49.000  0.02637 7
-101.000   50.000  0.02314 0
-100.000   25.000  0.00427 0
-100.000   26.000  0.00289 0
-100.000   27.000  0.00545 4
-100.000   28.000  0.01371 66
-100.000   29.000  0.01873 23
-100.000   30.000  0.02530 82
-100.000   31.000  0.03157 29
-100.000   32.000  0.03880 29
-100.000   33.000  0.03870 37
-100.000   34.000  0.04027 12
-100.000   35.000  0.04631 17
-100.000   36.000  0.05266 9
-100.000   37.000  0.05447 10
-100.000   38.000  0.05689 30
-100.000   39.000  0.05885 44
-100.000   40.000  0.05709 22
-100.000   41.000  0.05447 21
-100.000   42.000  0.05034 17
-100.000   43.000  0.04725 30
-100.000   44.000  0.04264 25
-100.000   45.000  0.03969 26
-100.000   46.000  0.03618 31
-100.000   47.000  0.03535 35
-100.000   48.000  0.02786 50
-100.000   49.000  0.02762 6
-100.000   50.000  0.02245 0
 -99.000   25.000  0.00427 0
 -99.000   26.000  0.00289 3
 -99.000   27.000  0.00557 17
 -99.000   28.000  0.01266 56
 -99.000   29.000  0.01617 48
 -99.000   30.000  0.02088 42
 -99.000   31.000  0.02690 46
 -99.000   32.000  0.03458 43
 -99.000   33.000  0.03636 26
 -99.000   34.000  0.03907 32
 -99.000   35.000  0.04563 51
 -99.000   36.000  0.05094 59
 -99.000   37.000  0.05200 18
 -99.000   38.000  0.05360 52
 -99.000   39.000  0.05577 22
 -99.000   40.000  0.05545 15
 -99.000   41.000  0.05455 38
 -99.000   42.000  0.05027 24
 -99.000   43.000  0.04673 26
 -99.000   44.000  0.04183 56
 -99.000   45.000  0.03859 18
 -99.000   46.000  0.03352 55
 -99.000   47.000  0.03231 31
 -99.000   48.000  0.02537 42
 -99.000   49.000  0.02507 8
 -99.000   50.000  0.01935 0
 -98.000   25.000  0.00427 0
 -98.000   26.000  0.00289 9
 -98.000   27.000  0.00305 18
 -98.000   28.000  0.01012 47
 -98.000   29.000  0.01245 42
 -98.000   30.000  0.01629 41
 -98.000   31.000  0.02205 74
 -98.000   32.000  0.03314 46
 -98.000   33.000  0.03465 39
 -98.000   34.000  0.03796 20
 -98.000   35.000  0.04402 22
 -98.000   36.000  0.04743 40
 -98.000   37.000  0.04696 18
 -98.000   38.000  0.04808 30
 -98.000   39.000  0.05019 23
 -98.000   40.000  0.05095 17
 -98.000   41.000  0.05169 39
 -98.000   42.000  0.04743 19
 -98.000   43.000  0.04494 27
 -98.000   44.000  0.04143 15
 -98.000   45.000  0.03798 17
 -98.000   46.000  0.03386 23
 -98.000   47.000  0.03030 27
 -98.000   48.000  0.02310 30
 -98.000   49.000  0.02128 2
 -98.000   50.000  0.01514 0
 -97.000   25.000  0.00427 0
 -97.000   26.000  0.00252 0
 -97.000   27.000  0.00170 1
 -97.000   28.000  0.00534 4
 -97.000   29.000  0.00533 38
 -97.000   30.000  0.00841 26
 -97.000   31.000  0.01556 31
 -97.000   32.000  0.02761 15
 -97.000   33.000  0.03226 29
 -97.000   34.000  0.03790 23
 -97.000   35.000  0.04438 29
 -97.000   36.000  0.04538 31
 -97.000   37.000  0.04412 56
 -97.000   38.000  0.04546 36
 -97.000   39.000  0.04891 26
 -97.000   40.000  0.04944 17
 -97.000   41.000  0.05113 20
 -97.000   42.000  0.04912 28
 -97.000   43.000  0.04684 21
 -97.000   44.000  0.04251 17
 -97.000   45.000  0.04003 21
 -97.000   46.000  0.03527 34
 -97.000   47.000  0.02913 9
 -97.000   48.000  0.02177 11
 -97.000   49.000  0.01902 2
 -97.000   50.000  0.01145 0
 -96.000   25.000  0.00200 0
 -96.000   26.000  0.00018 0
 -96.000   27.000 -0.00107 0
 -96.000   28.000  0.00186 2
 -96.000   29.000  0.00077 19
 -96.000   30.000  0.00452 40
 -96.000   31.000  0.01301 46
 -96.000   32.000  0.02525 42
 -96.000   33.000  0.03030 17
 -96.000   34.000  0.03636 37
 -96.000   35.000  0.04163 71
 -96.000   36.000  0.04130 99
 -96.000   37.000  0.03994 24
 -96.000   38.000  0.04106 39
 -96.000   39.000  0.04519 31
 -96.000   40.000  0.04802 16
 -96.000   41.000  0.04896 30
 -96.000   42.000  0.04852 17
 -96.000   43.000  0.04732 18
 -96.000   44.000  0.04353 20
 -96.000   45.000  0.03888 22
 -96.000   46.000  0.03577 20
 -96.000   47.000  0.02654 11
 -96.000   48.000  0.01866 28
 -96.000   49.000  0.01439 5
 -96.000   50.000  0.00824 0
 -95.000   25.000  0.00000 0
 -95.000   26.000  0.00000 0
 -95.000   27.000 -0.00148 0
 -95.000   28.000  0.00014 0
 -95.000   29.000  0.00213 4
 -95.000   30.000  0.00440 7
 -95.000   31.000  0.01225 27
 -95.000   32.000  0.02237 34
 -95.000   33.000  0.02852 40
 -95.000   34.000  0.03320 29
 -95.000   35.000  0.03809 35
 -95.000   36.000  0.03665 66
 -95.000   37.000  0.03687 22
 -95.000   38.000  0.03732 24
 -95.000   39.000  0.04051 21
 -95.000   40.000  0.04357 32
 -95.000   41.000  0.04481 26
 -95.000   42.000  0.04651 12
 -95.000   43.000  0.04754 31
 -95.000   44.000  0.04541 19
 -95.000   45.000  0.04211 24
 -95.000   46.000  0.03843 20
 -95.000   47.000  0.02787 11
 -95.000   48.000  0.01864 9
 -95.000   49.000  0.01363 1
 -95.000   50.000  0.00664 0
 -94.000   25.000  0.00000 0
 -94.000   26.000  0.00000 0
 -94.000   27.000 -0.00159 0
 -94.000   28.000 -0.00087 0
 -94.000   29.000  0.00147 0
 -94.000   30.000  0.00261 6
 -94.000   31.000  0.00897 22
 -94.000   32.000  0.01779 15
 -94.000   33.000  0.02315 29
 -94.000   34.000  0.02581 44
 -94.000   35.000  0.03233 51
 -94.000   36.000  0.03193 46
 -94.000   37.000  0.03228 36
 -94.000   38.000  0.03306 40
 -94.000   39.000  0.03616 28
 -94.000   40.000  0.03736 45
 -94.000   41.000  0.03877 27
 -94.000   42.000  0.04228 14
 -94.000   43.000  0.04519 19
 -94.000   44.000  0.04559 38
 -94.000   45.000  0.04392 18
 -94.000   46.000  0.04126 33
 -94.000   47.000  0.03018 5
 -94.000   48.000  0.02041 19
 -94.000   49.000  0.01489 0
 -94.000   50.000  0.00786 0
 -93.000   25.000  0.00000 0
 -93.000   26.000  0.00000 0
 -93.000   27.000  0.00000 0
 -93.000   28.000 -0.00153 0
 -93.000   29.000  0.00032 3
 -93.000   30.000  0.00219 10
 -93.000   31.000  0.00694 29
 -93.000   32.000  0.01264 19
 -93.000   33.000  0.01881 28
 -93.000   34.000  0.02158 67
 -93.000   35.000  0.02659 35
 -93.000   36.000  0.02798 52
 -93.000   37.000  0.02857 25
 -93.000   38.000  0.02882 58
 -93.000   39.000  0.03158 41
 -93.000   40.000  0.03284 24
 -93.000   41.000  0.03436 42
 -93.000   42.000  0.03898 25
 -93.000   43.000  0.04519 32
 -93.000   44.000  0.04526 67
 -93.000   45.000  0.04561 51
 -93.000   46.000  0.04239 30
 -93.000   47.000  0.03149 22
 -93.000   48.000  0.02038 5
 -93.000   49.000  0.01617 0
 -93.000   50.000  0.00742 0
 -92.000   25.000  0.00000 0
 -92.000   26.000  0.00000 0
 -92.000   27.000  0.00000 0
 -92.000   28.000  0.00141 0
 -92.000   29.000  0.00481 2
 -92.000   30.000  0.00638 0
 -92.000   31.000  0.01019 22
 -92.000   32.000  0.01384 20
 -92.000   33.000  0.01502 32
 -92.000   34.000  0.01612 14
 -92.000   35.000  0.02081 35
 -92.000   36.000  0.02371 25
 -92.000   37.000  0.02617 30
 -92.000   38.000  0.02769 60
 -92.000   39.000  0.02943 29
 -92.000   40.000  0.03121 40
 -92.000   41.000  0.03231 15
 -92.000   42.000  0.03649 18
 -92.000   43.000  0.04365 28
 -92.000   44.000  0.04292 23
 -92.000   45.000  0.04095 23
 -92.000   46.000  0.03719 37
 -92.000   47.000  0.02689 26
 -92.000   48.000  0.01564 29
 -92.000   49.000  0.01264 0
 -92.000   50.000  0.00676 0
 -91.000   25.000  0.00000 0
 -91.000   26.000  0.00000 0
 -91.000   27.000  0.00000 0
 -91.000   28.000  0.00060 0
 -91.000   29.000  0.00564 0
 -91.000   30.000  0.00803 5
 -91.000   31.000  0.01151 32
 -91.000   32.000  0.01353 29
 -91.000   33.000  0.01503 16
 -91.000   34.000  0.01385 20
 -91.000   35.000  0.01880 16
 -91.000   36.000  0.02229 29
 -91.000   37.000  0.02547 53
 -91.000   38.000  0.02781 60
 -91.000   39.000  0.03029 18
 -91.000   40.000  0.02987 31
 -91.000   41.000  0.02974 34
 -91.000   42.000  0.03454 31
 -91.000   43.000  0.04127 27
 -91.000   44.000  0.04077 33
 -91.000   45.000  0.04137 17
 -91.000   46.000  0.03710 17
 -91.000   47.000  0.02711 23
 -91.000   48.000  0.01593 9
 -91.000   49.000  0.01261 2
 -91.000   50.000  0.00429 1
 -90.000   25.000  0.00000 0
 -90.000   26.000  0.00000 0
 -90.000   27.000  0.00000 0
 -90.000   28.000  0.00130 0
 -90.000   29.000  0.00317 1
 -90.000   30.000  0.00507 6
 -90.000   31.000  0.00740 34
 -90.000   32.000  0.00996 12
 -90.000   33.000  0.01038 15
 -90.000   34.000  0.01237 49
 -90.000   35.000  0.01803 19
 -90.000   36.000  0.02239 17
 -90.000   37.000  0.02485 31
 -90.000   38.000  0.02820 44
 -90.000   39.000  0.03008 27
 -90.000   40.000  0.02797 31
 -90.000   41.000  0.02879 20
 -90.000   42.000  0.03297 33
 -90.000   43.000  0.03790 39
 -90.000   44.000  0.03881 14
 -90.000   45.000  0.03894 34
 -90.000   46.000  0.03400 5
 -90.000   47.000  0.02481 4
 -90.000   48.000  0.01480 4
 -90.000   49.000  0.01019 2
 -90.000   50.000  0.00429 0
 -89.000   25.000  0.00000 0
 -89.000   26.000  0.00000 0
 -89.000   27.000  0.00000 0
 -89.000   28.000  0.00411 0
 -89.000   29.000  0.00529 0
 -89.000   30.000  0.00940 1
 -89.000   31.000  0.01387 20
 -89.000   32.000  0.01684 29
 -89.000   33.000  0.01446 31
 -89.000   34.000  0.01710 13
 -89.000   35.000  0.01964 29
 -89.000   36.000  0.02226 18
 -89.000   37.000  0.02394 43
 -89.000   38.000  0.02754 84
 -89.000   39.000  0.03046 50
 -89.000   40.000  0.02878 25
 -89.000   41.000  0.02742 24
 -89.000   42.000  0.02973 22
 -89.000   43.000  0.03282 40
 -89.000   44.000  0.03187 33
 -89.000   45.000  0.03077 17
 -89.000   46.000  0.02616 15
 -89.000   47.000  0.01920 11
 -89.000   48.000  0.01078 3
 -89.000   49.000  0.00623 0
 -89.000   50.000  0.00186 0
 -88.000   25.000  0.00000 0
 -88.000   26.000  0.00000 0
 -88.000   27.000  0.00000 0
 -88.000   28.000  0.00471 0
 -88.000   29.000  0.00544 0
 -88.000   30.000  0.00826 0
 -88.000   31.000  0.01310 7
 -88.000   32.000  0.01648 11
 -88.000   33.000  0.01400 37
 -88.000   34.000  0.01692 10
 -88.000   35.000  0.02005 21
 -88.000   36.000  0.02226 48
 -88.000   37.000  0.02407 97
 -88.000   38.000  0.02791 147
 -88.000   39.000  0.03165 42
 -88.000   40.000  0.02899 29
 -88.000   41.000  0.02689 42
 -88.000   42.000  0.02794 30
 -88.000   43.000  0.02872 20
 -88.000   44.000  0.02806 40
 -88.000   45.000  0.02622 21
 -88.000   46.000  0.02128 23
 -88.000   47.000  0.01503 5
 -88.000   48.000  0.00819 0
 -88.000   49.000  0.00183 0
 -88.000   50.000  0.00000 0
 -87.000   25.000  0.00000 0
 -87.000   26.000  0.00000 0
 -87.000   27.000  0.00000 0
 -87.000   28.000  0.00384 0
 -87.000   29.000  0.00476 0
 -87.000   30.000  0.00879 7
 -87.000   31.000  0.01342 13
 -87.000   32.000  0.01707 28
 -87.000   33.000  0.01649 35
 -87.000   34.000  0.01865 62
 -87.000   35.000  0.02064 39
 -87.000   36.000  0.02262 52
 -87.000   37.000  0.02357 141
 -87.000   38.000  0.02529 126
 -87.000   39.000  0.02805 18
 -87.000   40.000  0.02394 60
 -87.000   41.000  0.02184 21
 -87.000   42.000  0.02244 8
 -87.000   43.000  0.02368 2
 -87.000   44.000  0.02681 3
 -87.000   45.000  0.02636 3
 -87.000   46.000  0.02185 28
 -87.000   47.000  0.01666 1
 -87.000   48.000  0.01042 0
 -87.000   49.000  0.00183 0
 -87.000   50.000  0.00000 0
 -86.000   25.000  0.00000 0
 -86.000   26.000  0.00000 0
 -86.000   27.000  0.00101 0
 -86.000   28.000  0.00549 0
 -86.000   29.000  0.00593 0
 -86.000   30.000  0.00993 16
 -86.000   31.000  0.01411 33
 -86.000   32.000  0.01745 12
 -86.000   33.000  0.01597 23
 -86.000   34.000  0.01950 22
 -86.000   35.000  0.02213 21
 -86.000   36.000  0.02367 33
 -86.000   37.000  0.02456 89
 -86.000   38.000  0.02664 64
 -86.000   39.000  0.02753 34
 -86.000   40.000  0.02258 15
 -86.000   41.000  0.02048 30
 -86.000   42.000  0.01983 20
 -86.000   43.000  0.01981 19
 -86.000   44.000  0.02352 27
 -86.000   45.000  0.02183 18
 -86.000   46.000  0.01822 10
 -86.000   47.000  0.01363 1
 -86.000   48.000  0.00857 1
 -86.000   49.000  0.00000 0
 -86.000   50.000  0.00000 0
 -85.000   25.000  0.00000 0
 -85.000   26.000  0.00000 0
 -85.000   27.000  0.00340 0
 -85.000   28.000  0.00704 0
 -85.000   29.000  0.00986 3
 -85.000   30.000  0.01445 20
 -85.000   31.000  0.01904 26
 -85.000   32.000  0.01869 29
 -85.000   33.000  0.01841 27
 -85.000   34.000  0.02011 24
 -85.000   35.000  0.02266 58
 -85.000   36.000  0.02491 50
 -85.000   37.000  0.02657 82
 -85.000   38.000  0.02780 56
 -85.000   39.000  0.02896 43
 -85.000   40.000  0.02456 51
 -85.000   41.000  0.02067 30
 -85.000   42.000  0.01888 27
 -85.000   43.000  0.01790 23
 -85.000   44.000  0.01917 17
 -85.000   45.000  0.01643 35
 -85.000   46.000  0.01348 7
 -85.000   47.000  0.01294 5
 -85.000   48.000  0.00933 3
 -85.000   49.000  0.00297 0
 -85.000   50.000  0.00397 0
 -84.000   25.000  0.00000 0
 -84.000   26.000  0.00136 0
 -84.000   27.000  0.00540 0
 -84.000   28.000  0.00664 0
 -84.000   29.000  0.00932 6
 -84.000   30.000  0.01086 12
 -84.000   31.000  0.01172 67
 -84.000   32.000  0.00967 116
 -84.000   33.000  0.01210 43
 -84.000   34.000  0.01510 49
 -84.000   35.000  0.02176 90
 -84.000   36.000  0.02700 91
 -84.000   37.000  0.02924 51
 -84.000   38.000  0.02953 54
 -84.000   39.000  0.02998 34
 -84.000   40.000  0.02413 37
 -84.000   41.000  0.01989 38
 -84.000   42.000  0.01831 35
 -84.000   43.000  0.01820 24
 -84.000   44.000  0.01752 20
 -84.000   45.000  0.01588 8
 -84.000   46.000  0.01294 25
 -84.000   47.000  0.01284 2
 -84.000   48.000  0.00899 1
 -84.000   49.000  0.00442 1
 -84.000   50.000  0.00471 0
 -83.000   25.000  0.00896 0
 -83.000   26.000  0.00939 0
 -83.000   27.000  0.01184 0
 -83.000   28.000  0.01055 0
 -83.000   29.000  0.01253 19
 -83.000   30.000  0.01325 8
 -83.000   31.000  0.01326 25
 -83.000   32.000  0.01139 37
 -83.000   33.000  0.01477 42
 -83.000   34.000  0.01656 60
 -83.000   35.000  0.02390 43
 -83.000   36.000  0.02887 37
 -83.000   37.000  0.03022 23
 -83.000   38.000  0.02999 22
 -83.000   39.000  0.03011 55
 -83.000   40.000  0.02545 39
 -83.000   41.000  0.02199 46
 -83.000   42.000  0.02095 10
 -83.000   43.000  0.01975 26
 -83.000   44.000  0.01863 17
 -83.000   45.000  0.01482 3
 -83.000   46.000  0.01116 19
 -83.000   47.000  0.01123 3
 -83.000   48.000  0.00863 0
 -83.000   49.000  0.00442 15
 -83.000   50.000  0.00471 3
 -82.000   25.000  0.01370 0
 -82.000   26.000  0.01295 4
 -82.000   27.000  0.01469 5
 -82.000   28.000  0.01296 12
 -82.000   29.000  0.01355 15
 -82.000   30.000  0.00993 24
 -82.000   31.000  0.01099 72
 -82.000   32.000  0.00920 58
 -82.000   33.000  0.01287 35
 -82.000   34.000  0.01616 25
 -82.000   35.000  0.02495 25
 -82.000   36.000  0.02863 31
 -82.000   37.000  0.02975 17
 -82.000   38.000  0.03120 44
 -82.000   39.000  0.03132 56
 -82.000   40.000  0.02752 63
 -82.000   41.000  0.02371 23
 -82.000   42.000  0.02193 12
 -82.000   43.000  0.01834 3
 -82.000   44.000  0.01630 2
 -82.000   45.000  0.01317 9
 -82.000   46.000  0.01010 12
 -82.000   47.000  0.01106 7
 -82.000   48.000  0.00932 0
 -82.000   49.000  0.00628 23
 -82.000   50.000  0.00471 0
 -81.000   25.000  0.01370 9
 -81.000   26.000  0.01295 24
 -81.000   27.000  0.01368 8
 -81.000   28.000  0.01131 9
 -81.000   29.000  0.01127 6
 -81.000   30.000  0.00686 2
 -81.000   31.000  0.00976 11
 -81.000   32.000  0.00949 14
 -81.000   33.000  0.01422 19
 -81.000   34.000  0.01727 32
 -81.000   35.000  0.02419 30
 -81.000   36.000  0.02573 31
 -81.000   37.000  0.02503 51
 -81.000   38.000  0.02483 48
 -81.000   39.000  0.02602 57
 -81.000   40.000  0.02436 49
 -81.000   41.000  0.02114 44
 -81.000   42.000  0.02168 17
 -81.000   43.000  0.01943 11
 -81.000   44.000  0.01630 8
 -81.000   45.000  0.01368 1
 -81.000   46.000  0.01031 7
 -81.000   47.000  0.01026 3
 -81.000   48.000  0.00842 0
 -81.000   49.000  0.00628 0
 -81.000   50.000  0.00471 0
 -80.000   25.000  0.01370 0
 -80.000   26.000  0.01295 4
 -80.000   27.000  0.01129 9
 -80.000   28.000  0.00975 0
 -80.000   29.000  0.00859 0
 -80.000   30.000  0.00346 0
 -80.000   31.000  0.00672 0
 -80.000   32.000  0.00979 4
 -80.000   33.000  0.01347 47
 -80.000   34.000  0.01655 34
 -80.000   35.000  0.02268 49
 -80.000   36.000  0.02213 47
 -80.000   37.000  0.02054 26
 -80.000   38.000  0.02014 45
 -80.000   39.000  0.02273 70
 -80.000   40.000  0.02255 31
 -80.000   41.000  0.01973 65
 -80.000   42.000  0.02035 41
 -80.000   43.000  0.01968 7
 -80.000   44.000  0.01634 9
 -80.000   45.000  0.01525 12
 -80.000   46.000  0.01400 9
 -80.000   47.000  0.01142 8
 -80.000   48.000  0.00841 0
 -80.000   49.000  0.00614 0
 -80.000   50.000  0.00204 0
 -79.000   25.000  0.01370 0
 -79.000   26.000  0.01159 0
 -79.000   27.000  0.00928 0
 -79.000   28.000  0.00735 0
 -79.000   29.000  0.00660 0
 -79.000   30.000  0.00287 0
 -79.000   31.000  0.00763 0
 -79.000   32.000  0.01121 0
 -79.000   33.000  0.01487 13
 -79.000   34.000  0.01607 16
 -79.000   35.000  0.01857 49
 -79.000   36.000  0.01691 43
 -79.000   37.000  0.01556 22
 -79.000   38.000  0.01603 80
 -79.000   39.000  0.01928 58
 -79.000   40.000  0.02234 41
 -79.000   41.000  0.02094 36
 -79.000   42.000  0.02211 39
 -79.000   43.000  0.02230 32
 -79.000   44.000  0.02075 20
 -79.000   45.000  0.01794 42
 -79.000   46.000  0.01597 16
 -79.000   47.000  0.01255 5
 -79.000   48.000  0.00823 0
 -79.000   49.000  0.00470 0
 -79.000   50.000  0.00130 0
 -78.000   25.000  0.00474 0
 -78.000   26.000  0.00356 0
 -78.000   27.000  0.00284 0
 -78.000   28.000  0.00284 0
 -78.000   29.000  0.00284 0
 -78.000   30.000  0.00000 0
 -78.000   31.000  0.00468 0
 -78.000   32.000  0.00719 0
 -78.000   33.000  0.01222 10
 -78.000   34.000  0.01545 18
 -78.000   35.000  0.01734 19
 -78.000   36.000  0.01511 24
 -78.000   37.000  0.01385 42
 -78.000   38.000  0.01356 91
 -78.000   39.000  0.01540 27
 -78.000   40.000  0.01805 31
 -78.000   41.000  0.01726 56
 -78.000   42.000  0.01947 40
 -78.000   43.000  0.02025 30
 -78.000   44.000  0.01895 4
 -78.000   45.000  0.01829 19
 -78.000   46.000  0.01742 20
 -78.000   47.000  0.01395 21
 -78.000   48.000  0.00843 18
 -78.000   49.000  0.00583 0
 -78.000   50.000  0.00130 0
 -77.000   25.000  0.00000 0
 -77.000   26.000  0.00000 0
 -77.000   27.000  0.00000 0
 -77.000   28.000  0.00000 0
 -77.000   29.000  0.00000 0
 -77.000   30.000  0.00000 0
 -77.000   31.000  0.00320 0
 -77.000   32.000  0.00499 0
 -77.000   33.000  0.00926 0
 -77.000   34.000  0.01183 3
 -77.000   35.000  0.01250 14
 -77.000   36.000  0.01138 37
 -77.000   37.000  0.01086 24
 -77.000   38.000  0.01096 43
 -77.000   39.000  0.01284 30
 -77.000   40.000  0.01620 34
 -77.000   41.000  0.01649 53
 -77.000   42.000  0.02007 28
 -77.000   43.000  0.02131 43
 -77.000   44.000  0.02017 16
 -77.000   45.000  0.02059 10
 -77.000   46.000  0.01900 25
 -77.000   47.000  0.01413 5
 -77.000   48.000  0.00854 1
 -77.000   49.000  0.00653 0
 -77.000   50.000  0.00130 0
 -76.000   25.000  0.00000 0
 -76.000   26.000  0.00000 0
 -76.000   27.000  0.00000 0
 -76.000   28.000  0.00000 0
 -76.000   29.000  0.00000 0
 -76.000   30.000  0.00000 0
 -76.000   31.000  0.00167 0
 -76.000   32.000  0.00260 0
 -76.000   33.000  0.00613 0
 -76.000   34.000  0.00823 2
 -76.000   35.000  0.00911 7
 -76.000   36.000  0.00895 7
 -76.000   37.000  0.00935 10
 -76.000   38.000  0.01201 20
 -76.000   39.000  0.01391 28
 -76.000   40.000  0.01687 71
 -76.000   41.000  0.01810 48
 -76.000   42.000  0.02051 60
 -76.000   43.000  0.01990 40
 -76.000   44.000  0.02084 40
 -76.000   45.000  0.02303 16
 -76.000   46.000  0.02106 41
 -76.000   47.000  0.01733 9
 -76.000   48.000  0.01175 0
 -76.000   49.000  0.00851 0
 -76.000   50.000  0.00130 0
 -75.000   25.000  0.00000 0
 -75.000   26.000  0.00000 0
 -75.000   27.000  0.00000 0
 -75.000   28.000  0.00000 0
 -75.000   29.000  0.00000 0
 -75.000   30.000  0.00000 0
 -75.000   31.000  0.00000 0
 -75.000   32.000  0.00000 0
 -75.000   33.000  0.00251 0
 -75.000   34.000  0.00416 0
 -75.000   35.000  0.00456 4
 -75.000   36.000  0.00559 0
 -75.000   37.000  0.00631 4
 -75.000   38.000  0.00841 19
 -75.000   39.000  0.01060 22
 -75.000   40.000  0.01311 79
 -75.000   41.000  0.01473 101
 -75.000   42.000  0.01893 26
 -75.000   43.000  0.02079 70
 -75.000   44.000  0.02197 34
 -75.000   45.000  0.02414 55
 -75.000   46.000  0.02149 27
 -75.000   47.000  0.01657 19
 -75.000   48.000  0.01011 0
 -75.000   49.000  0.00634 0
 -75.000   50.000  0.00000 0
 -74.000   25.000  0.00000 0
 -74.000   26.000  0.00000 0
 -74.000   27.000  0.00000 0
 -74.000   28.000  0.00000 0
 -74.000   29.000  0.00000 0
 -74.000   30.000  0.00000 0
 -74.000   31.000  0.00000 0
 -74.000   32.000  0.00000 0
 -74.000   33.000  0.00199 0
 -74.000   34.000  0.00347 0
 -74.000   35.000  0.00406 0
 -74.000   36.000  0.00420 0
 -74.000   37.000  0.00419 0
 -74.000   38.000  0.00567 0
 -74.000   39.000  0.00756 5
 -74.000   40.000  0.00909 66
 -74.000   41.000  0.01182 190
 -74.000   42.000  0.01757 79
 -74.000   43.000  0.02062 87
 -74.000   44.000  0.02268 103
 -74.000   45.000  0.02765 65
 -74.000   46.000  0.02478 41
 -74.000   47.000  0.01905 7
 -74.000   48.000  0.01252 0
 -74.000   49.000  0.00887 0
 -74.000   50.000  0.00000 0
 -73.000   25.000  0.00000 0
 -73.000   26.000  0.00000 0
 -73.000   27.000  0.00000 0
 -73.000   28.000  0.00000 0
 -73.000   29.000  0.00000 0
 -73.000   30.000  0.00000 0
 -73.000   31.000  0.00000 0
 -73.000   32.000  0.00000 0
 -73.000   33.000  0.00000 0
 -73.000   34.000  0.00000 0
 -73.000   35.000  0.00000 0
 -73.000   36.000  0.00048 0
 -73.000   37.000  0.00101 0
 -73.000   38.000  0.00358 0
 -73.000   39.000  0.00775 0
 -73.000   40.000  0.00950 10
 -73.000   41.000  0.01139 33
 -73.000   42.000  0.01510 35
 -73.000   43.000  0.01897 56
 -73.000   44.000  0.02008 49
 -73.000   45.000  0.02671 21
 -73.000   46.000  0.02434 45
 -73.000   47.000  0.02010 9
 -73.000   48.000  0.01366 0
 -73.000   49.000  0.01047 0
 -73.000   50.000  0.00000 0
 -72.000   25.000  0.00000 0
 -72.000   26.000  0.00000 0
 -72.000   27.000  0.00000 0
 -72.000   28.000  0.00000 0
 -72.000   29.000  0.00000 0
 -72.000   30.000  0.00000 0
 -72.000   31.000  0.00000 0
 -72.000   32.000  0.00000 0
 -72.000   33.000  0.00000 0
 -72.000   34.000  0.00000 0
 -72.000   35.000  0.00000 0
 -72.000   36.000  0.00000 0
 -72.000   37.000  0.00000 0
 -72.000   38.000  0.00152 0
 -72.000   39.000  0.00613 0
 -72.000   40.000  0.00892 2
 -72.000   41.000  0.01082 23
 -72.000   42.000  0.01457 55
 -72.000   43.000  0.02004 56
 -72.000   44.000  0.02053 53
 -72.000   45.000  0.02479 31
 -72.000   46.000  0.02289 18
 -72.000   47.000  0.01914 7
 -72.000   48.000  0.01214 0
 -72.000   49.000  0.00881 0
 -72.000   50.000  0.00000 0
 -71.000   25.000  0.00000 0
 -71.000   26.000  0.00000 0
 -71.000   27.000  0.00000 0
 -71.000   28.000  0.00000 0
 -71.000   29.000  0.00000 0
 -71.000   30.000  0.00000 0
 -71.000   31.000  0.00000 0
 -71.000   32.000  0.00000 0
 -71.000   33.000  0.00000 0
 -71.000   34.000  0.00000 0
 -71.000   35.000  0.00000 0
 -71.000   36.000  0.00000 0
 -71.000   37.000  0.00000 0
 -71.000   38.000 -0.00050 0
 -71.000   39.000  0.00330 0
 -71.000   40.000  0.00547 0
 -71.000   41.000  0.00664 33
 -71.000   42.000  0.01083 43
 -71.000   43.000  0.01863 46
 -71.000   44.000  0.01817 58
 -71.000   45.000  0.02276 55
 -71.000   46.000  0.02159 42
 -71.000   47.000  0.01740 10
 -71.000   48.000  0.01010 0
 -71.000   49.000  0.00846 0
 -71.000   50.000  0.00000 0
 -70.000   25.000  0.00000 0
 -70.000   26.000  0.00000 0
 -70.000   27.000  0.00000 0
 -70.000   28.000  0.00000 0
 -70.000   29.000  0.00000 0
 -70.000   30.000  0.00000 0
 -70.000   31.000  0.00000 0
 -70.000   32.000  0.00000 0
 -70.000   33.000  0.00000 0
 -70.000   34.000  0.00000 0
 -70.000   35.000  0.00000 0
 -70.000   36.000  0.00000 0
 -70.000   37.000  0.00000 0
 -70.000   38.000  0.00000 0
 -70.000   39.000  0.00227 0
 -70.000   40.000  0.00410 4
 -70.000   41.000  0.00543 15
 -70.000   42.000  0.00778 9
 -70.000   43.000  0.01350 9
 -70.000   44.000  0.01455 28
 -70.000   45.000  0.01974 42
 -70.000   46.000  0.01841 46
 -70.000   47.000  0.01606 33
 -70.000   48.000  0.01034 4
 -70.000   49.000  0.00877 0
 -70.000   50.000  0.00000 0
 -69.000   25.000  0.00000 0
 -69.000   26.000  0.00000 0
 -69.000   27.000  0.00000 0
 -69.000   28.000  0.00000 0
 -69.000   29.000  0.00000 0
 -69.000   30.000  0.00000 0
 -69.000   31.000  0.00000 0
 -69.000   32.000  0.00000 0
 -69.000   33.000  0.00000 0
 -69.000   34.000  0.00000 0
 -69.000   35.000  0.00000 0
 -69.000   36.000  0.00000 0
 -69.000   37.000  0.00000 0
 -69.000   38.000  0.00000 0
 -69.000   39.000  0.00185 0
 -69.000   40.000  0.00318 0
 -69.000   41.000  0.00357 0
 -69.000   42.000  0.00602 0
 -69.000   43.000  0.01080 2
 -69.000   44.000  0.01134 15
 -69.000   45.000  0.01502 49
 -69.000   46.000  0.01463 56
 -69.000   47.000  0.01251 33
 -69.000   48.000  0.01022 0
 -69.000   49.000  0.00978 0
 -69.000   50.000  0.00471 0
 -68.000   25.000  0.00000 0
 -68.000   26.000  0.00000 0
 -68.000   27.000  0.00000 0
 -68.000   28.000  0.00000 0
 -68.000   29.000  0.00000 0
 -68.000   30.000  0.00000 0
 -68.000   31.000  0.00000 0
 -68.000   32.000  0.00000 0
 -68.000   33.000  0.00000 0
 -68.000   34.000  0.00000 0
 -68.000   35.000  0.00000 0
 -68.000   36.000  0.00000 0
 -68.000   37.000  0.00000 0
 -68.000   38.000  0.00000 0
 -68.000   39.000  0.00055 0
 -68.000   40.000  0.00163 0
 -68.000   41.000  0.00216 0
 -68.000   42.000  0.00505 0
 -68.000   43.000  0.00871 0
 -68.000   44.000  0.01006 8
 -68.000   45.000  0.01178 36
 -68.000   46.000  0.01125 75
 -68.000   47.000  0.00871 16
 -68.000   48.000  0.00754 0
 -68.000   49.000  0.00703 2
 -68.000   50.000  0.00471 0
 -67.000   25.000  0.00000 0
 -67.000   26.000  0.00000 0
 -67.000   27.000  0.00000 0
 -67.000   28.000  0.00000 0
 -67.000   29.000  0.00000 0
 -67.000   30.000  0.00000 0
 -67.000   31.000  0.00000 0
 -67.000   32.000  0.00000 0
 -67.000   33.000  0.00000 0
 -67.000   34.000  0.00000 0
 -67.000   35.000  0.00000 0
 -67.000   36.000  0.00000 0
 -67.000   37.000  0.00000 0
 -67.000   38.000  0.00000 0
 -67.000   39.000  0.00000 0
 -67.000   40.000  0.00000 0
 -67.000   41.000  0.00000 0
 -67.000   42.000  0.00205 0
 -67.000   43.000  0.00434 0
 -67.000   44.000  0.00543 15
 -67.000   45.000  0.00752 41
 -67.000   46.000  0.00752 2
 -67.000   47.000  0.00582 0
 -67.000   48.000  0.00601 0
 -67.000   49.000  0.00614 30
 -67.000   50.000  0.00471 14
 -66.000   25.000  0.00000 0
 -66.000   26.000  0.00000 0
 -66.000   27.000  0.00000 0
 -66.000   28.000  0.00000 0
 -66.000   29.000  0.00000 0
 -66.000   30.000  0.00000 0
 -66.000   31.000  0.00000 0
 -66.000   32.000  0.00000 0
 -66.000   33.000  0.00000 0
 -66.000   34.000  0.00000 0
 -66.000   35.000  0.00000 0
 -66.000   36.000  0.00000 0
 -66.000   37.000  0.00000 0
 -66.000   38.000  0.00000 0
 -66.000   39.000  0.00000 0
 -66.000   40.000  0.00000 0
 -66.000   41.000  0.00000 0
 -66.000   42.000  0.00082 0
 -66.000   43.000  0.00226 0
 -66.000   44.000  0.00316 0
 -66.000   45.000  0.00415 2
 -66.000   46.000  0.00415 0
 -66.000   47.000  0.00375 0
 -66.000   48.000  0.00542 0
 -66.000   49.000  0.00564 0
 -66.000   50.000  0.00589 0
 -65.000   25.000  0.00000 0
 -65.000   26.000  0.00000 0
 -65.000   27.000  0.00000 0
 -65.000   28.000  0.00000 0
 -65.000   29.000  0.00000 0
 -65.000   30.000  0.00000 0
 -65.000   31.000  0.00000 0
 -65.000   32.000  0.00000 0
 -65.000   33.000  0.00000 0
 -65.000   34.000  0.00000 0
 -65.000   35.000  0.00000 0
 -65.000   36.000  0.00000 0
 -65.000   37.000  0.00000 0
 -65.000   38.000  0.00000 0
 -65.000   39.000  0.00000 0
 -65.000   40.000  0.00000 0
 -65.000   41.000  0.00000 0
 -65.000   42.000  0.00219 0
 -65.000   43.000  0.00330 0
 -65.000   44.000  0.00330 0
 -65.000   45.000  0.00330 0
 -65.000   46.000  0.00330 0
 -65.000   47.000  0.00169 0
 -65.000   48.000  0.00471 0
 -65.000   49.000  0.00589 0
 -65.000   50.000  0.00785 0
