-130.000   25.000  0.00000 0
-130.000   26.000  0.00000 0
-130.000   27.000  0.00000 0
-130.000   28.000  0.00000 0
-130.000   29.000  0.00000 0
-130.000   30.000  0.00000 0
-130.000   31.000  0.00000 0
-130.000   32.000  0.00000 0
-130.000   33.000  0.00000 0
-130.000   34.000  0.00000 0
-130.000   35.000  0.00000 0
-130.000   36.000  0.00000 0
-130.000   37.000  0.00000 0
-130.000   38.000  0.00000 0
-130.000   39.000  0.00000 0
-130.000   40.000  0.00000 0
-130.000   41.000  0.00000 0
-130.000   42.000  0.00000 0
-130.000   43.000  0.00000 0
-130.000   44.000  0.00000 0
-130.000   45.000  0.00000 0
-130.000   46.000  0.00000 0
-130.000   47.000  0.00000 0
-130.000   48.000  0.00000 0
-130.000   49.000  0.00000 0
-130.000   50.000  0.00000 0
-129.000   25.000  0.00000 0
-129.000   26.000  0.00000 0
-129.000   27.000  0.00000 0
-129.000   28.000  0.00000 0
-129.000   29.000  0.00000 0
-129.000   30.000  0.00000 0
-129.000   31.000  0.00000 0
-129.000   32.000  0.00000 0
-129.000   33.000  0.00000 0
-129.000   34.000  0.00000 0
-129.000   35.000  0.00000 0
-129.000   36.000  0.00000 0
-129.000   37.000  0.00000 0
-129.000   38.000  0.00000 0
-129.000   39.000  0.00000 0
-129.000   40.000  0.00000 0
-129.000   41.000  0.00000 0
-129.000   42.000  0.00000 0
-129.000   43.000  0.00000 0
-129.000   44.000  0.00000 0
-129.000   45.000  0.00000 0
-129.000   46.000  0.00000 0
-129.000   47.000  0.00000 0
-129.000   48.000  0.00093 0
-129.000   49.000  0.00117 0
-129.000   50.000  0.00155 0
-128.000   25.000  0.00000 0
-128.000   26.000  0.00000 0
-128.000   27.000  0.00000 0
-128.000   28.000  0.00000 0
-128.000   29.000  0.00000 0
-128.000   30.000  0.00000 0
-128.000   31.000  0.00000 0
-128.000   32.000  0.00000 0
-128.000   33.000  0.00000 0
-128.000   34.000  0.00000 0
-128.000   35.000  0.00000 0
-128.000   36.000  0.00000 0
-128.000   37.000  0.00000 0
-128.000   38.000  0.00000 0
-128.000   39.000  0.00000 0
-128.000   40.000  0.00000 0
-128.000   41.000  0.00000 0
-128.000   42.000  0.00000 0
-128.000   43.000  0.00000 0
-128.000   44.000  0.00000 0
-128.000   45.000  0.00000 0
-128.000   46.000  0.00000 0
-128.000   47.000  0.00000 0
-128.000   48.000  0.00075 0
-128.000   49.000  0.00093 4
-128.000   50.000  0.00124 2
-127.000   25.000  0.00000 0
-127.000   26.000  0.00000 0
-127.000   27.000  0.00000 0
-127.000   28.000  0.00000 0
-127.000   29.000  0.00000 0
-127.000   30.000  0.00000 0
-127.000   31.000  0.00000 0
-127.000   32.000  0.00000 0
-127.000   33.000  0.00000 0
-127.000   34.000  0.00000 0
-127.000   35.000  0.00000 0
-127.000   36.000  0.00000 0
-127.000   37.000  0.00000 0
-127.000   38.000  0.00000 0
-127.000   39.000  0.00000 0
-127.000   40.000 -0.00122 0
-127.000   41.000 -0.00097 0
-127.000   42.000 -0.00097 0
-127.000   43.000 -0.00097 0
-127.000   44.000 -0.00097 0
-127.000   45.000 -0.00400 0
-127.000   46.000 -0.00221 0
-127.000   47.000 -0.00221 0
-127.000   48.000 -0.00147 0
-127.000   49.000 -0.00183 4
-127.000   50.000  0.00465 7
-126.000   25.000  0.00000 0
-126.000   26.000  0.00000 0
-126.000   27.000  0.00000 0
-126.000   28.000  0.00000 0
-126.000   29.000  0.00000 0
-126.000   30.000  0.00000 0
-126.000   31.000  0.00000 0
-126.000   32.000  0.00000 0
-126.000   33.000  0.00000 0
-126.000   34.000  0.00000 0
-126.000   35.000  0.00000 0
-126.000   36.000  0.00000 0
-126.000   37.000  0.00042 0
-126.000   38.000  0.00188 0
-126.000   39.000  0.00393 0
-126.000   40.000  0.00478 0
-126.000   41.000  0.00645 0
-126.000   42.000  0.00818 0
-126.000   43.000  0.00851 0
-126.000   44.000  0.00841 0
-126.000   45.000  0.00527 0
-126.000   46.000  0.00739 0
-126.000   47.000  0.00778 0
-126.000   48.000  0.00812 5
-126.000   49.000  0.00770 5
-126.000   50.000  0.01411 0
-125.000   25.000  0.00000 0
-125.000   26.000  0.00000 0
-125.000   27.000  0.00000 0
-125.000   28.000  0.00000 0
-125.000   29.000  0.00000 0
-125.000   30.000  0.00000 0
-125.000   31.000  0.00000 0
-125.000   32.000  0.00000 0
-125.000   33.000  0.00000 0
-125.000   34.000  0.00000 0
-125.000   35.000  0.00147 0
-125.000   36.000  0.00340 0
-125.000   37.000  0.00501 0
-125.000   38.000  0.00802 0
-125.000   39.000  0.01207 0
-125.000   40.000  0.01257 0
-125.000   41.000  0.01435 0
-125.000   42.000  0.01684 6
-125.000   43.000  0.01668 6
-125.000   44.000  0.01595 1
-125.000   45.000  0.01403 0
-125.000   46.000  0.01670 0
-125.000   47.000  0.01714 7
-125.000   48.000  0.01642 15
-125.000   49.000  0.01638 3
-125.000   50.000  0.02175 0
-124.000   25.000  0.00000 0
-124.000   26.000  0.00000 0
-124.000   27.000  0.00000 0
-124.000   28.000  0.00000 0
-124.000   29.000  0.00000 0
-124.000   30.000  0.00000 0
-124.000   31.000  0.00000 0
-124.000   32.000  0.00000 0
-124.000   33.000  0.00000 0
-124.000   34.000  0.00086 0
-124.000   35.000  0.00332 0
-124.000   36.000  0.00592 0
-124.000   37.000  0.00931 0
-124.000   38.000  0.01415 0
-124.000   39.000  0.01976 17
-124.000   40.000  0.02047 46
-124.000   41.000  0.02298 24
-124.000   42.000  0.02560 66
-124.000   43.000  0.02530 117
-124.000   44.000  0.02387 114
-124.000   45.000  0.02203 91
-124.000   46.000  0.02508 54
-124.000   47.000  0.02512 108
-124.000   48.000  0.02196 32
-124.000   49.000  0.02115 48
-124.000   50.000  0.02597 13
-123.000   25.000  0.00000 0
-123.000   26.000  0.00000 0
-123.000   27.000  0.00000 0
-123.000   28.000  0.00000 0
-123.000   29.000  0.00000 0
-123.000   30.000  0.00000 0
-123.000   31.000  0.00000 0
-123.000   32.000  0.00000 0
-123.000   33.000  0.00149 0
-123.000   34.000  0.00419 0
-123.000   35.000  0.00828 0
-123.000   36.000  0.01246 0
-123.000   37.000  0.01690 17
-123.000   38.000  0.02205 76
-123.000   39.000  0.02647 37
-123.000   40.000  0.02558 105
-123.000   41.000  0.02709 118
-123.000   42.000  0.03029 128
-123.000   43.000  0.02944 104
-123.000   44.000  0.02881 117
-123.000   45.000  0.02838 92
-123.000   46.000  0.03264 125
-123.000   47.000  0.03276 205
-123.000   48.000  0.02835 141
-123.000   49.000  0.02733 28
-123.000   50.000  0.03182 0
-122.000   25.000  0.00000 0
-122.000   26.000  0.00000 0
-122.000   27.000  0.00000 0
-122.000   28.000  0.00000 0
-122.000   29.000  0.00000 0
-122.000   30.000  0.00000 0
-122.000   31.000 -0.00002 0
-122.000   32.000  0.00066 0
-122.000   33.000  0.00221 0
-122.000   34.000  0.00575 0
-122.000   35.000  0.01116 0
-122.000   36.000  0.01739 31
-122.000   37.000  0.02220 55
-122.000   38.000  0.02648 23
-122.000   39.000  0.03078 55
-122.000   40.000  0.03115 122
-122.000   41.000  0.03224 62
-122.000   42.000  0.03688 56
-122.000   43.000  0.03815 88
-122.000   44.000  0.03703 68
-122.000   45.000  0.03931 108
-122.000   46.000  0.04027 81
-122.000   47.000  0.03921 170
-122.000   48.000  0.03350 120
-122.000   49.000  0.03347 38
-122.000   50.000  0.03119 0
-121.000   25.000  0.00000 0
-121.000   26.000  0.00000 0
-121.000   27.000  0.00000 0
-121.000   28.000  0.00000 0
-121.000   29.000  0.00000 0
-121.000   30.000  0.00000 0
-121.000   31.000 -0.00115 0
-121.000   32.000  0.00132 0
-121.000   33.000  0.00275 0
-121.000   34.000  0.00815 1
-121.000   35.000  0.01558 44
-121.000   36.000  0.02486 63
-121.000   37.000  0.02874 35
-121.000   38.000  0.03288 105
-121.000   39.000  0.03419 54
-121.000   40.000  0.03141 64
-121.000   41.000  0.03129 40
-121.000   42.000  0.03420 47
-121.000   43.000  0.03466 68
-121.000   44.000  0.03330 66
-121.000   45.000  0.03531 77
-121.000   46.000  0.03430 35
-121.000   47.000  0.03290 74
-121.000   48.000  0.02688 46
-121.000   49.000  0.02691 11
-121.000   50.000  0.02478 0
-120.000   25.000  0.00000 0
-120.000   26.000  0.00000 0
-120.000   27.000  0.00000 0
-120.000   28.000  0.00000 0
-120.000   29.000  0.00000 0
-120.000   30.000  0.00041 0
-120.000   31.000 -0.00027 0
-120.000   32.000  0.00343 0
-120.000   33.000  0.00516 25
-120.000   34.000  0.01184 62
-120.000   35.000  0.01838 76
-120.000   36.000  0.02698 31
-120.000   37.000  0.02907 140
-120.000   38.000  0.03209 80
-120.000   39.000  0.03114 27
-120.000   40.000  0.02959 13
-120.000   41.000  0.02941 23
-120.000   42.000  0.03241 18
-120.000   43.000  0.03410 28
-120.000   44.000  0.03439 28
-120.000   45.000  0.03400 20
-120.000   46.000  0.03232 63
-120.000   47.000  0.03190 31
-120.000   48.000  0.02546 54
-120.000   49.000  0.02430 42
-120.000   50.000  0.02406 0
-119.000   25.000  0.00000 0
-119.000   26.000  0.00000 0
-119.000   27.000  0.00000 0
-119.000   28.000  0.00000 0
-119.000   29.000  0.00000 0
-119.000   30.000  0.00134 0
-119.000   31.000  0.00128 0
-119.000   32.000  0.00519 0
-119.000   33.000  0.00701 43
-119.000   34.000  0.01393 174
-119.000   35.000  0.02012 87
-119.000   36.000  0.02872 45
-119.000   37.000  0.02936 110
-119.000   38.000  0.03194 73
-119.000   39.000  0.02972 17
-119.000   40.000  0.02831 13
-119.000   41.000  0.02778 25
-119.000   42.000  0.03099 51
-119.000   43.000  0.03296 27
-119.000   44.000  0.03399 66
-119.000   45.000  0.03256 57
-119.000   46.000  0.02989 56
-119.000   47.000  0.03132 62
-119.000   48.000  0.02495 68
-119.000   49.000  0.02403 25
-119.000   50.000  0.02419 0
-118.000   25.000  0.00000 0
-118.000   26.000  0.00000 0
-118.000   27.000  0.00000 0
-118.000   28.000  0.00000 0
-118.000   29.000  0.00000 0
-118.000   30.000  0.00155 0
-118.000   31.000  0.00156 0
-118.000   32.000  0.00539 11
-118.000   33.000  0.00583 155
-118.000   34.000  0.01124 390
-118.000   35.000  0.01728 90
-118.000   36.000  0.02584 96
-118.000   37.000  0.02615 35
-118.000   38.000  0.03011 54
-118.000   39.000  0.02969 15
-118.000   40.000  0.02965 20
-118.000   41.000  0.02984 26
-118.000   42.000  0.03317 36
-118.000   43.000  0.03607 17
-118.000   44.000  0.03775 79
-118.000   45.000  0.03728 81
-118.000   46.000  0.03432 93
-118.000   47.000  0.03604 58
-118.000   48.000  0.02874 53
-118.000   49.000  0.02760 6
-118.000   50.000  0.02498 0
-117.000   25.000  0.00000 0
-117.000   26.000  0.00000 0
-117.000   27.000  0.00000 0
-117.000   28.000  0.00000 0
-117.000   29.000  0.00000 0
-117.000   30.000  0.00177 0
-117.000   31.000  0.00186 0
-117.000   32.000  0.00479 106
-117.000   33.000  0.00596 459
-117.000   34.000  0.01158 226
-117.000   35.000  0.01699 113
-117.000   36.000  0.02473 123
-117.000   37.000  0.02645 32
-117.000   38.000  0.03184 28
-117.000   39.000  0.03029 12
-117.000   40.000  0.02996 45
-117.000   41.000  0.03073 18
-117.000   42.000  0.03288 10
-117.000   43.000  0.03408 19
-117.000   44.000  0.03932 72
-117.000   45.000  0.04091 65
-117.000   46.000  0.04097 24
-117.000   47.000  0.04205 14
-117.000   48.000  0.03428 54
-117.000   49.000  0.03122 9
-117.000   50.000  0.02756 0
-116.000   25.000  0.00000 0
-116.000   26.000  0.00000 0
-116.000   27.000  0.00000 0
-116.000   28.000  0.00000 0
-116.000   29.000  0.00000 0
-116.000   30.000  0.00173 0
-116.000   31.000  0.00269 0
-116.000   32.000  0.00420 55
-116.000   33.000  0.00583 251
-116.000   34.000  0.01052 133
-116.000   35.000  0.01583 102
-116.000   36.000  0.02051 46
-116.000   37.000  0.02305 14
-116.000   38.000  0.02839 46
-116.000   39.000  0.02699 14
-116.000   40.000  0.02672 129
-116.000   41.000  0.02891 28
-116.000   42.000  0.03225 11
-116.000   43.000  0.03317 38
-116.000   44.000  0.03944 68
-116.000   45.000  0.04296 47
-116.000   46.000  0.04722 20
-116.000   47.000  0.05035 15
-116.000   48.000  0.04245 26
-116.000   49.000  0.04112 10
-116.000   50.000  0.03768 0
-115.000   25.000  0.00000 0
-115.000   26.000  0.00000 0
-115.000   27.000  0.00000 0
-115.000   28.000  0.00000 0
-115.000   29.000  0.00006 0
-115.000   30.000  0.00050 0
-115.000   31.000  0.00087 0
-115.000   32.000  0.00168 50
-115.000   33.000  0.00453 129
-115.000   34.000  0.00821 127
-115.000   35.000  0.01475 62
-115.000   36.000  0.01733 24
-115.000   37.000  0.02008 16
-115.000   38.000  0.02417 32
-115.000   39.000  0.02242 22
-115.000   40.000  0.01988 275
-115.000   41.000  0.02416 25
-115.000   42.000  0.02822 16
-115.000   43.000  0.02854 63
-115.000   44.000  0.03453 63
-115.000   45.000  0.03969 17
-115.000   46.000  0.04607 19
-115.000   47.000  0.04901 19
-115.000   48.000  0.04176 19
-115.000   49.000  0.04220 5
-115.000   50.000  0.04029 0
-114.000   25.000  0.00000 0
-114.000   26.000  0.00000 0
-114.000   27.000  0.00000 0
-114.000   28.000  0.00000 0
-114.000   29.000  0.00045 0
-114.000   30.000 -0.00017 0
-114.000   31.000  0.00018 0
-114.000   32.000  0.00181 27
-114.000   33.000  0.00612 51
-114.000   34.000  0.01014 115
-114.000   35.000  0.01909 55
-114.000   36.000  0.01837 24
-114.000   37.000  0.01934 26
-114.000   38.000  0.02007 13
-114.000   39.000  0.01662 20
-114.000   40.000  0.01193 16
-114.000   41.000  0.01790 17
-114.000   42.000  0.02201 14
-114.000   43.000  0.02556 50
-114.000   44.000  0.03043 45
-114.000   45.000  0.03540 21
-114.000   46.000  0.04390 46
-114.000   47.000  0.04540 25
-114.000   48.000  0.03682 16
-114.000   49.000  0.03865 8
-114.000   50.000  0.03720 0
-113.000   25.000  0.00000 0
-113.000   26.000  0.00000 0
-113.000   27.000  0.00000 0
-113.000   28.000  0.00000 0
-113.000   29.000  0.00090 0
-113.000   30.000  0.00080 0
-113.000   31.000  0.00159 8
-113.000   32.000  0.00629 55
-113.000   33.000  0.01238 72
-113.000   34.000  0.01603 65
-113.000   35.000  0.02262 35
-113.000   36.000  0.02098 21
-113.000   37.000  0.01926 24
-113.000   38.000  0.01640 16
-113.000   39.000  0.01383 12
-113.000   40.000  0.01265 62
-113.000   41.000  0.01845 19
-113.000   42.000  0.02262 9
-113.000   43.000  0.02958 10
-113.000   44.000  0.03374 17
-113.000   45.000  0.03536 24
-113.000   46.000  0.04448 16
-113.000   47.000  0.04384 5
-113.000   48.000  0.03365 11
-113.000   49.000  0.03439 6
-113.000   50.000  0.03431 0
-112.000   25.000  0.00000 0
-112.000   26.000  0.00000 0
-112.000   27.000  0.00000 0
-112.000   28.000  0.00000 0
-112.000   29.000  0.00128 0
-112.000   30.000  0.00158 0
-112.000   31.000  0.00246 9
-112.000   32.000  0.00788 32
-112.000   33.000  0.01405 42
-112.000   34.000  0.01705 45
-112.000   35.000  0.02300 46
-112.000   36.000  0.02093 40
-112.000   37.000  0.01701 8
-112.000   38.000  0.01302 8
-112.000   39.000  0.00968 15
-112.000   40.000  0.00950 11
-112.000   41.000  0.01543 27
-112.000   42.000  0.01762 17
-112.000   43.000  0.02656 4
-112.000   44.000  0.03248 5
-112.000   45.000  0.03328 16
-112.000   46.000  0.04265 11
-112.000   47.000  0.04547 5
-112.000   48.000  0.03435 9
-112.000   49.000  0.03436 2
-112.000   50.000  0.03437 0
-111.000   25.000  0.00000 0
-111.000   26.000  0.00000 0
-111.000   27.000  0.00000 0
-111.000   28.000  0.00000 0
-111.000   29.000  0.00188 0
-111.000   30.000  0.00344 0
-111.000   31.000  0.00605 6
-111.000   32.000  0.01186 33
-111.000   33.000  0.01861 26
-111.000   34.000  0.02165 25
-111.000   35.000  0.02546 32
-111.000   36.000  0.02387 19
-111.000   37.000  0.01860 13
-111.000   38.000  0.01313 14
-111.000   39.000  0.00828 45
-111.000   40.000  0.00957 3
-111.000   41.000  0.01409 23
-111.000   42.000  0.01818 13
-111.000   43.000  0.02855 160
-111.000   44.000  0.03605 58
-111.000   45.000  0.03760 13
-111.000   46.000  0.04480 9
-111.000   47.000  0.04486 7
-111.000   48.000  0.03321 11
-111.000   49.000  0.03205 3
-111.000   50.000  0.02905 0
-110.000   25.000  0.00000 0
-110.000   26.000  0.00000 0
-110.000   27.000  0.00000 0
-110.000   28.000  0.00000 0
-110.000   29.000  0.00182 0
-110.000   30.000  0.00546 0
-110.000   31.000  0.00923 38
-110.000   32.000  0.01744 54
-110.000   33.000  0.02327 41
-110.000   34.000  0.02829 63
-110.000   35.000  0.03044 54
-110.000   36.000  0.03005 19
-110.000   37.000  0.02389 24
-110.000   38.000  0.02022 19
-110.000   39.000  0.01332 20
-110.000   40.000  0.01664 17
-110.000   41.000  0.01842 12
-110.000   42.000  0.02086 73
-110.000   43.000  0.03147 96
-110.000   44.000  0.04102 21
-110.000   45.000  0.04265 25
-110.000   46.000  0.05074 11
-110.000   47.000  0.04841 9
-110.000   48.000  0.03565 11
-110.000   49.000  0.03268 1
-110.000   50.000  0.02569 0
-109.000   25.000  0.00000 0
-109.000   26.000  0.00000 0
-109.000   27.000  0.00000 0
-109.000   28.000  0.00000 0
-109.000   29.000  0.00143 0
-109.000   30.000  0.00576 0
-109.000   31.000  0.01032 41
-109.000   32.000  0.01856 29
-109.000   33.000  0.02339 37
-109.000   34.000  0.02690 19
-109.000   35.000  0.02801 37
-109.000   36.000  0.03007 19
-109.000   37.000  0.02782 26
-109.000   38.000  0.02684 12
-109.000   39.000  0.02273 15
-109.000   40.000  0.02667 26
-109.000   41.000  0.02768 12
-109.000   42.000  0.02804 43
-109.000   43.000  0.03413 36
-109.000   44.000  0.04473 42
-109.000   45.000  0.04726 51
-109.000   46.000  0.05382 15
-109.000   47.000  0.05082 30
-109.000   48.000  0.04088 27
-109.000   49.000  0.03682 12
-109.000   50.000  0.02923 0
-108.000   25.000  0.00000 0
-108.000   26.000  0.00000 0
-108.000   27.000  0.00000 0
-108.000   28.000  0.00000 0
-108.000   29.000  0.00265 0
-108.000   30.000  0.00750 0
-108.000   31.000  0.01306 5
-108.000   32.000  0.01909 52
-108.000   33.000  0.02362 25
-108.000   34.000  0.02631 20
-108.000   35.000  0.02832 9
-108.000   36.000  0.02959 11
-108.000   37.000  0.03090 19
-108.000   38.000  0.03226 21
-108.000   39.000  0.02830 16
-108.000   40.000  0.03007 39
-108.000   41.000  0.03217 18
-108.000   42.000  0.03207 14
-108.000   43.000  0.03283 40
-108.000   44.000  0.04153 135
-108.000   45.000  0.04407 51
-108.000   46.000  0.04849 32
-108.000   47.000  0.04618 22
-108.000   48.000  0.03954 36
-108.000   49.000  0.03683 3
-108.000   50.000  0.03048 0
-107.000   25.000  0.00000 0
-107.000   26.000  0.00000 0
-107.000   27.000  0.00000 0
-107.000   28.000  0.00060 0
-107.000   29.000  0.00476 0
-107.000   30.000  0.00965 0
-107.000   31.000  0.01611 3
-107.000   32.000  0.02259 28
-107.000   33.000  0.02796 57
-107.000   34.000  0.03019 77
-107.000   35.000  0.03335 20
-107.000   36.000  0.03480 18
-107.000   37.000  0.03745 31
-107.000   38.000  0.03990 26
-107.000   39.000  0.03831 18
-107.000   40.000  0.04039 18
-107.000   41.000  0.04107 22
-107.000   42.000  0.04279 41
-107.000   43.000  0.03788 78
-107.000   44.000  0.04055 109
-107.000   45.000  0.04191 45
-107.000   46.000  0.04546 23
-107.000   47.000  0.03953 16
-107.000   48.000  0.03602 19
-107.000   49.000  0.03568 9
-107.000   50.000  0.02843 0
-106.000   25.000  0.00000 0
-106.000   26.000  0.00000 0
-106.000   27.000  0.00175 0
-106.000   28.000  0.00418 0
-106.000   29.000  0.00933 0
-106.000   30.000  0.01373 0
-106.000   31.000  0.02059 28
-106.000   32.000  0.02655 51
-106.000   33.000  0.02948 49
-106.000   34.000  0.03077 41
-106.000   35.000  0.03411 33
-106.000   36.000  0.03425 17
-106.000   37.000  0.03758 51
-106.000   38.000  0.04215 31
-106.000   39.000  0.04189 51
-106.000   40.000  0.04571 50
-106.000   41.000  0.04784 50
-106.000   42.000  0.04689 26
-106.000   43.000  0.04019 33
-106.000   44.000  0.04194 68
-106.000   45.000  0.04089 57
-106.000   46.000  0.04270 36
-106.000   47.000  0.03607 37
-106.000   48.000  0.03284 23
-106.000   49.000  0.03112 7
-106.000   50.000  0.02399 0
-105.000   25.000  0.00000 0
-105.000   26.000  0.00000 0
-105.000   27.000  0.00436 0
-105.000   28.000  0.00691 0
-105.000   29.000  0.01272 0
-105.000   30.000  0.01638 6
-105.000   31.000  0.02342 42
-105.000   32.000  0.02503 44
-105.000   33.000  0.02788 67
-105.000   34.000  0.02818 54
-105.000   35.000  0.03209 24
-105.000   36.000  0.03286 22
-105.000   37.000  0.03778 45
-105.000   38.000  0.04324 24
-105.000   39.000  0.04519 29
-105.000   40.000  0.04730 23
-105.000   41.000  0.04994 31
-105.000   42.000  0.04888 18
-105.000   43.000  0.04136 25
-105.000   44.000  0.03972 22
-105.000   45.000  0.03892 28
-105.000   46.000  0.03759 14
-105.000   47.000  0.03351 30
-105.000   48.000  0.03017 33
-105.000   49.000  0.02967 5
-105.000   50.000  0.02479 0
-104.000   25.000  0.00000 0
-104.000   26.000  0.00000 0
-104.000   27.000  0.00647 0
-104.000   28.000  0.00952 0
-104.000   29.000  0.01572 119
-104.000   30.000  0.01865 40
-104.000   31.000  0.02519 50
-104.000   32.000  0.02500 65
-104.000   33.000  0.02855 66
-104.000   34.000  0.03041 59
-104.000   35.000  0.03337 20
-104.000   36.000  0.03592 20
-104.000   37.000  0.03920 22
-104.000   38.000  0.04446 15
-104.000   39.000  0.04454 14
-104.000   40.000  0.04764 8
-104.000   41.000  0.04837 17
-104.000   42.000  0.04778 19
-104.000   43.000  0.04023 32
-104.000   44.000  0.03865 27
-104.000   45.000  0.03894 21
-104.000   46.000  0.03684 33
-104.000   47.000  0.03384 18
-104.000   48.000  0.02953 29
-104.000   49.000  0.02872 7
-104.000   50.000  0.02283 0
-103.000   25.000  0.00000 0
-103.000   26.000  0.00000 0
-103.000   27.000  0.00585 0
-103.000   28.000  0.01003 0
-103.000   29.000  0.01627 41
-103.000   30.000  0.01834 32
-103.000   31.000  0.02360 65
-103.000   32.000  0.02380 69
-103.000   33.000  0.02471 70
-103.000   34.000  0.02785 66
-103.000   35.000  0.03278 30
-103.000   36.000  0.03805 19
-103.000   37.000  0.04016 19
-103.000   38.000  0.04653 15
-103.000   39.000  0.04425 27
-103.000   40.000  0.04491 16
-103.000   41.000  0.04425 18
-103.000   42.000  0.04388 13
-103.000   43.000  0.03817 21
-103.000   44.000  0.03821 33
-103.000   45.000  0.04026 32
-103.000   46.000  0.03878 25
-103.000   47.000  0.03699 38
-103.000   48.000  0.03124 34
-103.000   49.000  0.03013 10
-103.000   50.000  0.02400 0
-102.000   25.000  0.00000 0
-102.000   26.000 -0.00053 0
-102.000   27.000  0.00567 0
-102.000   28.000  0.01039 0
-102.000   29.000  0.01615 6
-102.000   30.000  0.01888 22
-102.000   31.000  0.02428 19
-102.000   32.000  0.02319 25
-102.000   33.000  0.02175 31
-102.000   34.000  0.02695 26
-102.000   35.000  0.02942 27
-102.000   36.000  0.03506 16
-102.000   37.000  0.03866 16
-102.000   38.000  0.04596 20
-102.000   39.000  0.04115 17
-102.000   40.000  0.04216 16
-102.000   41.000  0.04101 17
-102.000   42.000  0.03959 13
-102.000   43.000  0.03598 20
-102.000   44.000  0.03647 13
-102.000   45.000  0.03846 55
-102.000   46.000  0.03688 34
-102.000   47.000  0.03612 21
-102.000   48.000  0.02916 39
-102.000   49.000  0.02813 8
-102.000   50.000  0.02387 0
-101.000   25.000  0.00033 0
-101.000   26.000  0.00266 0
-101.000   27.000  0.00734 0
-101.000   28.000  0.01191 0
-101.000   29.000  0.01813 10
-101.000   30.000  0.02087 22
-101.000   31.000  0.02337 25
-101.000   32.000  0.02245 22
-101.000   33.000  0.02232 13
-101.000   34.000  0.02573 13
-101.000   35.000  0.02842 11
-101.000   36.000  0.03550 13
-101.000   37.000  0.03954 10
-101.000   38.000  0.04432 12
-101.000   39.000  0.04117 17
-101.000   40.000  0.04115 11
-101.000   41.000  0.03879 10
-101.000   42.000  0.03687 11
-101.000   43.000  0.03508 13
-101.000   44.000  0.03397 20
-101.000   45.000  0.03479 22
-101.000   46.000  0.03371 36
-101.000   47.000  0.03429 27
-101.000   48.000  0.02686 39
-101.000   49.000  0.02687 7
-101.000   50.000  0.02512 0
-100.000   25.000  0.00050 0
-100.000   26.000  0.00486 0
-100.000   27.000  0.00755 4
-100.000   28.000  0.01391 74
-100.000   29.000  0.02108 33
-100.000   30.000  0.02531 85
-100.000   31.000  0.02559 27
-100.000   32.000  0.02593 30
-100.000   33.000  0.02514 38
-100.000   34.000  0.02606 13
-100.000   35.000  0.02631 14
-100.000   36.000  0.03363 10
-100.000   37.000  0.03698 7
-100.000   38.000  0.03908 26
-100.000   39.000  0.03710 37
-100.000   40.000  0.03934 12
-100.000   41.000  0.03839 10
-100.000   42.000  0.03716 9
-100.000   43.000  0.03644 17
-100.000   44.000  0.03628 10
-100.000   45.000  0.03688 26
-100.000   46.000  0.03494 21
-100.000   47.000  0.03352 36
-100.000   48.000  0.02657 47
-100.000   49.000  0.02555 6
-100.000   50.000  0.02167 0
 -99.000   25.000  0.00050 0
 -99.000   26.000  0.00263 1
 -99.000   27.000  0.00388 16
 -99.000   28.000  0.00903 64
 -99.000   29.000  0.01737 53
 -99.000   30.000  0.02378 48
 -99.000   31.000  0.02806 47
 -99.000   32.000  0.03035 38
 -99.000   33.000  0.02819 23
 -99.000   34.000  0.02879 36
 -99.000   35.000  0.02786 39
 -99.000   36.000  0.03212 46
 -99.000   37.000  0.03586 15
 -99.000   38.000  0.03827 43
 -99.000   39.000  0.03664 17
 -99.000   40.000  0.03707 15
 -99.000   41.000  0.03512 19
 -99.000   42.000  0.03324 14
 -99.000   43.000  0.03423 8
 -99.000   44.000  0.03300 37
 -99.000   45.000  0.03122 17
 -99.000   46.000  0.03054 58
 -99.000   47.000  0.02791 25
 -99.000   48.000  0.02151 39
 -99.000   49.000  0.01908 6
 -99.000   50.000  0.01835 0
 -98.000   25.000  0.00050 0
 -98.000   26.000  0.00263 7
 -98.000   27.000  0.00355 24
 -98.000   28.000  0.00720 44
 -98.000   29.000  0.01482 54
 -98.000   30.000  0.02184 43
 -98.000   31.000  0.02726 79
 -98.000   32.000  0.03177 51
 -98.000   33.000  0.03265 37
 -98.000   34.000  0.03314 19
 -98.000   35.000  0.03160 19
 -98.000   36.000  0.03258 32
 -98.000   37.000  0.03562 15
 -98.000   38.000  0.03486 20
 -98.000   39.000  0.03379 15
 -98.000   40.000  0.03460 9
 -98.000   41.000  0.03271 32
 -98.000   42.000  0.02958 12
 -98.000   43.000  0.03253 8
 -98.000   44.000  0.03195 10
 -98.000   45.000  0.02968 14
 -98.000   46.000  0.03053 16
 -98.000   47.000  0.02636 25
 -98.000   48.000  0.01964 30
 -98.000   49.000  0.01625 2
 -98.000   50.000  0.01477 0
 -97.000   25.000  0.00050 0
 -97.000   26.000  0.00316 0
 -97.000   27.000  0.00373 2
 -97.000   28.000  0.00521 7
 -97.000   29.000  0.01246 44
 -97.000   30.000  0.01757 34
 -97.000   31.000  0.02188 38
 -97.000   32.000  0.02938 16
 -97.000   33.000  0.03320 29
 -97.000   34.000  0.03198 21
 -97.000   35.000  0.03377 15
 -97.000   36.000  0.03588 27
 -97.000   37.000  0.03622 45
 -97.000   38.000  0.03356 18
 -97.000   39.000  0.03613 20
 -97.000   40.000  0.03489 5
 -97.000   41.000  0.03545 14
 -97.000   42.000  0.03319 15
 -97.000   43.000  0.03821 4
 -97.000   44.000  0.03790 9
 -97.000   45.000  0.03515 12
 -97.000   46.000  0.03434 23
 -97.000   47.000  0.02882 6
 -97.000   48.000  0.02116 10
 -97.000   49.000  0.01587 1
 -97.000   50.000  0.01609 0
 -96.000   25.000  0.00017 0
 -96.000   26.000 -0.00002 0
 -96.000   27.000  0.00032 0
 -96.000   28.000 -0.00064 3
 -96.000   29.000  0.00597 25
 -96.000   30.000  0.01005 45
 -96.000   31.000  0.01689 53
 -96.000   32.000  0.02575 38
 -96.000   33.000  0.03196 18
 -96.000   34.000  0.03255 38
 -96.000   35.000  0.03592 70
 -96.000   36.000  0.03785 94
 -96.000   37.000  0.03802 22
 -96.000   38.000  0.03647 33
 -96.000   39.000  0.03825 26
 -96.000   40.000  0.03710 5
 -96.000   41.000  0.03983 24
 -96.000   42.000  0.03760 8
 -96.000   43.000  0.04058 5
 -96.000   44.000  0.04021 9
 -96.000   45.000  0.03733 15
 -96.000   46.000  0.03445 26
 -96.000   47.000  0.02731 10
 -96.000   48.000  0.02063 26
 -96.000   49.000  0.01478 3
 -96.000   50.000  0.01415 0
 -95.000   25.000  0.00000 0
 -95.000   26.000 -0.00223 0
 -95.000   27.000 -0.00250 0
 -95.000   28.000 -0.00573 0
 -95.000   29.000  0.00027 4
 -95.000   30.000  0.00257 22
 -95.000   31.000  0.01138 34
 -95.000   32.000  0.02143 31
 -95.000   33.000  0.02957 48
 -95.000   34.000  0.03172 25
 -95.000   35.000  0.03831 34
 -95.000   36.000  0.03937 55
 -95.000   37.000  0.04043 18
 -95.000   38.000  0.04026 18
 -95.000   39.000  0.04046 15
 -95.000   40.000  0.03775 18
 -95.000   41.000  0.03992 18
 -95.000   42.000  0.03666 8
 -95.000   43.000  0.03885 12
 -95.000   44.000  0.03780 8
 -95.000   45.000  0.03405 14
 -95.000   46.000  0.03017 16
 -95.000   47.000  0.02305 4
 -95.000   48.000  0.01612 8
 -95.000   49.000  0.01102 1
 -95.000   50.000  0.01064 0
 -94.000   25.000  0.00000 0
 -94.000   26.000  0.00000 0
 -94.000   27.000 -0.00095 0
 -94.000   28.000 -0.00347 0
 -94.000   29.000  0.00201 1
 -94.000   30.000  0.00231 6
 -94.000   31.000  0.00714 39
 -94.000   32.000  0.01758 15
 -94.000   33.000  0.02706 30
 -94.000   34.000  0.02918 61
 -94.000   35.000  0.03774 36
 -94.000   36.000  0.04065 44
 -94.000   37.000  0.04018 28
 -94.000   38.000  0.03961 26
 -94.000   39.000  0.03965 24
 -94.000   40.000  0.03888 37
 -94.000   41.000  0.04462 22
 -94.000   42.000  0.04468 9
 -94.000   43.000  0.04667 6
 -94.000   44.000  0.04570 22
 -94.000   45.000  0.04262 10
 -94.000   46.000  0.03750 30
 -94.000   47.000  0.02840 6
 -94.000   48.000  0.02003 14
 -94.000   49.000  0.01671 0
 -94.000   50.000  0.01391 0
 -93.000   25.000  0.00000 0
 -93.000   26.000  0.00000 0
 -93.000   27.000  0.00000 0
 -93.000   28.000 -0.00214 0
 -93.000   29.000  0.00306 2
 -93.000   30.000  0.00226 12
 -93.000   31.000  0.00619 30
 -93.000   32.000  0.01547 15
 -93.000   33.000  0.02357 32
 -93.000   34.000  0.02630 66
 -93.000   35.000  0.03582 37
 -93.000   36.000  0.04179 52
 -93.000   37.000  0.04099 26
 -93.000   38.000  0.04326 51
 -93.000   39.000  0.04465 31
 -93.000   40.000  0.04443 17
 -93.000   41.000  0.04947 28
 -93.000   42.000  0.05005 21
 -93.000   43.000  0.04815 16
 -93.000   44.000  0.04536 30
 -93.000   45.000  0.04210 39
 -93.000   46.000  0.03253 26
 -93.000   47.000  0.02346 15
 -93.000   48.000  0.01714 3
 -93.000   49.000  0.01326 0
 -93.000   50.000  0.00895 0
 -92.000   25.000  0.00000 0
 -92.000   26.000  0.00000 0
 -92.000   27.000  0.00000 0
 -92.000   28.000  0.00029 0
 -92.000   29.000  0.00486 2
 -92.000   30.000  0.00605 0
 -92.000   31.000  0.01068 24
 -92.000   32.000  0.01802 26
 -92.000   33.000  0.02344 29
 -92.000   34.000  0.02544 16
 -92.000   35.000  0.03215 36
 -92.000   36.000  0.03660 25
 -92.000   37.000  0.03796 13
 -92.000   38.000  0.04135 52
 -92.000   39.000  0.04433 44
 -92.000   40.000  0.04655 17
 -92.000   41.000  0.05151 8
 -92.000   42.000  0.05160 14
 -92.000   43.000  0.04935 17
 -92.000   44.000  0.04532 17
 -92.000   45.000  0.04044 19
 -92.000   46.000  0.02903 33
 -92.000   47.000  0.02025 19
 -92.000   48.000  0.01339 24
 -92.000   49.000  0.00984 0
 -92.000   50.000  0.00438 0
 -91.000   25.000  0.00000 0
 -91.000   26.000  0.00000 0
 -91.000   27.000  0.00000 0
 -91.000   28.000  0.00104 0
 -91.000   29.000  0.00386 0
 -91.000   30.000  0.00692 5
 -91.000   31.000  0.01194 34
 -91.000   32.000  0.01924 31
 -91.000   33.000  0.02314 20
 -91.000   34.000  0.02562 21
 -91.000   35.000  0.02953 15
 -91.000   36.000  0.03310 28
 -91.000   37.000  0.03407 41
 -91.000   38.000  0.03865 57
 -91.000   39.000  0.04377 14
 -91.000   40.000  0.04587 27
 -91.000   41.000  0.04801 27
 -91.000   42.000  0.04701 20
 -91.000   43.000  0.04468 20
 -91.000   44.000  0.04054 28
 -91.000   45.000  0.03715 17
 -91.000   46.000  0.02742 12
 -91.000   47.000  0.02015 19
 -91.000   48.000  0.01295 6
 -91.000   49.000  0.00835 2
 -91.000   50.000  0.00167 1
 -90.000   25.000  0.00000 0
 -90.000   26.000  0.00000 0
 -90.000   27.000  0.00000 0
 -90.000   28.000  0.00140 0
 -90.000   29.000  0.00409 1
 -90.000   30.000  0.00855 7
 -90.000   31.000  0.01401 37
 -90.000   32.000  0.02179 12
 -90.000   33.000  0.02539 18
 -90.000   34.000  0.02895 47
 -90.000   35.000  0.03119 17
 -90.000   36.000  0.03465 13
 -90.000   37.000  0.03584 23
 -90.000   38.000  0.03905 40
 -90.000   39.000  0.04456 23
 -90.000   40.000  0.04665 30
 -90.000   41.000  0.04894 14
 -90.000   42.000  0.04582 29
 -90.000   43.000  0.04489 29
 -90.000   44.000  0.03998 9
 -90.000   45.000  0.03588 24
 -90.000   46.000  0.02567 6
 -90.000   47.000  0.01982 3
 -90.000   48.000  0.01254 1
 -90.000   49.000  0.00711 2
 -90.000   50.000  0.00167 0
 -89.000   25.000  0.00000 0
 -89.000   26.000  0.00000 0
 -89.000   27.000  0.00000 0
 -89.000   28.000  0.00298 0
 -89.000   29.000  0.00621 0
 -89.000   30.000  0.01332 1
 -89.000   31.000  0.01934 22
 -89.000   32.000  0.02727 32
 -89.000   33.000  0.03052 30
 -89.000   34.000  0.03383 19
 -89.000   35.000  0.03275 25
 -89.000   36.000  0.03588 18
 -89.000   37.000  0.03753 33
 -89.000   38.000  0.03987 88
 -89.000   39.000  0.04588 44
 -89.000   40.000  0.04679 26
 -89.000   41.000  0.04565 14
 -89.000   42.000  0.03914 20
 -89.000   43.000  0.03588 25
 -89.000   44.000  0.03072 25
 -89.000   45.000  0.02748 9
 -89.000   46.000  0.01805 13
 -89.000   47.000  0.01498 9
 -89.000   48.000  0.00965 2
 -89.000   49.000  0.00284 0
 -89.000   50.000 -0.00239 0
 -88.000   25.000  0.00000 0
 -88.000   26.000  0.00000 0
 -88.000   27.000  0.00000 0
 -88.000   28.000  0.00191 0
 -88.000   29.000  0.00501 0
 -88.000   30.000  0.01318 0
 -88.000   31.000  0.01966 9
 -88.000   32.000  0.02794 12
 -88.000   33.000  0.03500 42
 -88.000   34.000  0.03936 11
 -88.000   35.000  0.03704 23
 -88.000   36.000  0.03873 50
 -88.000   37.000  0.04100 83
 -88.000   38.000  0.04002 149
 -88.000   39.000  0.04477 35
 -88.000   40.000  0.04502 24
 -88.000   41.000  0.04460 43
 -88.000   42.000  0.03720 26
 -88.000   43.000  0.03585 23
 -88.000   44.000  0.03147 26
 -88.000   45.000  0.02711 19
 -88.000   46.000  0.01936 18
 -88.000   47.000  0.01621 3
 -88.000   48.000  0.00957 0
 -88.000   49.000  0.00218 0
 -88.000   50.000  0.00000 0
 -87.000   25.000  0.00000 0
 -87.000   26.000  0.00000 0
 -87.000   27.000  0.00000 0
 -87.000   28.000  0.00095 0
 -87.000   29.000  0.00447 0
 -87.000   30.000  0.01197 8
 -87.000   31.000  0.02097 11
 -87.000   32.000  0.02963 26
 -87.000   33.000  0.03956 32
 -87.000   34.000  0.04604 61
 -87.000   35.000  0.04568 34
 -87.000   36.000  0.04460 52
 -87.000   37.000  0.04477 131
 -87.000   38.000  0.04092 123
 -87.000   39.000  0.04038 17
 -87.000   40.000  0.03833 50
 -87.000   41.000  0.03542 16
 -87.000   42.000  0.02952 5
 -87.000   43.000  0.02907 2
 -87.000   44.000  0.02607 2
 -87.000   45.000  0.02273 3
 -87.000   46.000  0.01772 27
 -87.000   47.000  0.01480 0
 -87.000   48.000  0.00820 0
 -87.000   49.000  0.00218 0
 -87.000   50.000  0.00000 0
 -86.000   25.000  0.00000 0
 -86.000   26.000  0.00000 0
 -86.000   27.000 -0.00156 0
 -86.000   28.000 -0.00025 0
 -86.000   29.000  0.00446 0
 -86.000   30.000  0.01324 16
 -86.000   31.000  0.02245 33
 -86.000   32.000  0.03283 21
 -86.000   33.000  0.04436 24
 -86.000   34.000  0.05191 18
 -86.000   35.000  0.05161 25
 -86.000   36.000  0.05125 37
 -86.000   37.000  0.05211 76
 -86.000   38.000  0.04580 58
 -86.000   39.000  0.04132 22
 -86.000   40.000  0.03849 19
 -86.000   41.000  0.03457 25
 -86.000   42.000  0.02831 20
 -86.000   43.000  0.02971 18
 -86.000   44.000  0.02636 21
 -86.000   45.000  0.02071 16
 -86.000   46.000  0.01577 7
 -86.000   47.000  0.01236 0
 -86.000   48.000  0.00443 1
 -86.000   49.000  0.00000 0
 -86.000   50.000  0.00000 0
 -85.000   25.000  0.00000 0
 -85.000   26.000  0.00000 0
 -85.000   27.000 -0.00008 0
 -85.000   28.000  0.00123 0
 -85.000   29.000  0.00552 1
 -85.000   30.000  0.01409 20
 -85.000   31.000  0.02427 30
 -85.000   32.000  0.03490 28
 -85.000   33.000  0.04580 29
 -85.000   34.000  0.05284 26
 -85.000   35.000  0.05262 46
 -85.000   36.000  0.04986 43
 -85.000   37.000  0.04985 78
 -85.000   38.000  0.04605 51
 -85.000   39.000  0.04371 40
 -85.000   40.000  0.04123 41
 -85.000   41.000  0.03785 26
 -85.000   42.000  0.03198 23
 -85.000   43.000  0.02958 29
 -85.000   44.000  0.02486 16
 -85.000   45.000  0.01899 31
 -85.000   46.000  0.01496 5
 -85.000   47.000  0.00895 4
 -85.000   48.000  0.00295 1
 -85.000   49.000 -0.00167 0
 -85.000   50.000 -0.00222 0
 -84.000   25.000  0.00000 0
 -84.000   26.000  0.00000 0
 -84.000   27.000  0.00139 0
 -84.000   28.000  0.00315 0
 -84.000   29.000  0.00715 6
 -84.000   30.000  0.01601 10
 -84.000   31.000  0.02690 87
 -84.000   32.000  0.03588 129
 -84.000   33.000  0.04541 41
 -84.000   34.000  0.05137 50
 -84.000   35.000  0.05227 92
 -84.000   36.000  0.04883 94
 -84.000   37.000  0.04946 43
 -84.000   38.000  0.04714 48
 -84.000   39.000  0.04566 29
 -84.000   40.000  0.04626 36
 -84.000   41.000  0.04284 32
 -84.000   42.000  0.03652 34
 -84.000   43.000  0.03263 21
 -84.000   44.000  0.02905 19
 -84.000   45.000  0.02004 7
 -84.000   46.000  0.01601 21
 -84.000   47.000  0.01270 2
 -84.000   48.000  0.00762 0
 -84.000   49.000  0.00340 1
 -84.000   50.000  0.00227 0
 -83.000   25.000  0.00094 0
 -83.000   26.000  0.00444 0
 -83.000   27.000  0.00494 0
 -83.000   28.000  0.00964 0
 -83.000   29.000  0.01188 20
 -83.000   30.000  0.02170 5
 -83.000   31.000  0.03074 21
 -83.000   32.000  0.03852 38
 -83.000   33.000  0.04600 40
 -83.000   34.000  0.05135 59
 -83.000   35.000  0.05127 35
 -83.000   36.000  0.04585 38
 -83.000   37.000  0.04712 21
 -83.000   38.000  0.04630 14
 -83.000   39.000  0.04353 45
 -83.000   40.000  0.04693 39
 -83.000   41.000  0.04474 32
 -83.000   42.000  0.03821 8
 -83.000   43.000  0.03226 24
 -83.000   44.000  0.02738 15
 -83.000   45.000  0.01706 4
 -83.000   46.000  0.01265 19
 -83.000   47.000  0.01010 3
 -83.000   48.000  0.00655 0
 -83.000   49.000  0.00523 11
 -83.000   50.000  0.00227 1
 -82.000   25.000 -0.00114 0
 -82.000   26.000  0.00288 2
 -82.000   27.000  0.00369 2
 -82.000   28.000  0.00795 4
 -82.000   29.000  0.00937 13
 -82.000   30.000  0.02076 23
 -82.000   31.000  0.02798 75
 -82.000   32.000  0.03641 59
 -82.000   33.000  0.04343 35
 -82.000   34.000  0.04970 27
 -82.000   35.000  0.05077 21
 -82.000   36.000  0.04803 26
 -82.000   37.000  0.04964 14
 -82.000   38.000  0.04992 44
 -82.000   39.000  0.04772 42
 -82.000   40.000  0.05053 56
 -82.000   41.000  0.04797 29
 -82.000   42.000  0.03922 10
 -82.000   43.000  0.03214 2
 -82.000   44.000  0.02820 1
 -82.000   45.000  0.02037 7
 -82.000   46.000  0.01546 12
 -82.000   47.000  0.01415 7
 -82.000   48.000  0.01155 0
 -82.000   49.000  0.00945 25
 -82.000   50.000  0.00227 0
 -81.000   25.000 -0.00114 10
 -81.000   26.000  0.00288 18
 -81.000   27.000  0.00525 5
 -81.000   28.000  0.00915 6
 -81.000   29.000  0.00972 5
 -81.000   30.000  0.01827 1
 -81.000   31.000  0.02571 11
 -81.000   32.000  0.03137 12
 -81.000   33.000  0.03721 20
 -81.000   34.000  0.04468 25
 -81.000   35.000  0.04900 30
 -81.000   36.000  0.04574 32
 -81.000   37.000  0.04994 41
 -81.000   38.000  0.05160 45
 -81.000   39.000  0.04973 60
 -81.000   40.000  0.05092 45
 -81.000   41.000  0.04773 41
 -81.000   42.000  0.03949 10
 -81.000   43.000  0.03326 11
 -81.000   44.000  0.02982 7
 -81.000   45.000  0.02320 1
 -81.000   46.000  0.01923 5
 -81.000   47.000  0.01602 6
 -81.000   48.000  0.01273 0
 -81.000   49.000  0.00945 0
 -81.000   50.000  0.00227 0
 -80.000   25.000 -0.00114 0
 -80.000   26.000  0.00288 4
 -80.000   27.000  0.00377 7
 -80.000   28.000  0.00767 0
 -80.000   29.000  0.00779 0
 -80.000   30.000  0.01498 0
 -80.000   31.000  0.02073 0
 -80.000   32.000  0.02571 7
 -80.000   33.000  0.03272 48
 -80.000   34.000  0.04092 37
 -80.000   35.000  0.04555 45
 -80.000   36.000  0.04618 39
 -80.000   37.000  0.05209 19
 -80.000   38.000  0.05264 45
 -80.000   39.000  0.04865 56
 -80.000   40.000  0.05028 32
 -80.000   41.000  0.04420 62
 -80.000   42.000  0.03833 36
 -80.000   43.000  0.03407 10
 -80.000   44.000  0.03329 10
 -80.000   45.000  0.02913 12
 -80.000   46.000  0.02672 10
 -80.000   47.000  0.02293 7
 -80.000   48.000  0.01760 0
 -80.000   49.000  0.01452 0
 -80.000   50.000  0.00595 0
 -79.000   25.000 -0.00114 0
 -79.000   26.000  0.00288 0
 -79.000   27.000  0.00231 0
 -79.000   28.000  0.00418 0
 -79.000   29.000  0.00302 0
 -79.000   30.000  0.00724 0
 -79.000   31.000  0.01083 0
 -79.000   32.000  0.01571 0
 -79.000   33.000  0.02464 16
 -79.000   34.000  0.03385 25
 -79.000   35.000  0.03998 47
 -79.000   36.000  0.04118 49
 -79.000   37.000  0.04787 26
 -79.000   38.000  0.04656 86
 -79.000   39.000  0.04280 52
 -79.000   40.000  0.04241 37
 -79.000   41.000  0.03974 26
 -79.000   42.000  0.03640 40
 -79.000   43.000  0.03716 28
 -79.000   44.000  0.03506 20
 -79.000   45.000  0.03302 29
 -79.000   46.000  0.02878 20
 -79.000   47.000  0.02057 5
 -79.000   48.000  0.01218 0
 -79.000   49.000  0.00945 0
 -79.000   50.000  0.00146 0
 -78.000   25.000 -0.00208 0
 -78.000   26.000 -0.00156 0
 -78.000   27.000 -0.00125 0
 -78.000   28.000 -0.00125 0
 -78.000   29.000 -0.00125 0
 -78.000   30.000  0.00108 0
 -78.000   31.000  0.00558 0
 -78.000   32.000  0.00906 0
 -78.000   33.000  0.01667 12
 -78.000   34.000  0.02647 21
 -78.000   35.000  0.03371 17
 -78.000   36.000  0.03787 30
 -78.000   37.000  0.04543 41
 -78.000   38.000  0.04492 86
 -78.000   39.000  0.04245 30
 -78.000   40.000  0.04024 30
 -78.000   41.000  0.03699 49
 -78.000   42.000  0.03494 32
 -78.000   43.000  0.03838 31
 -78.000   44.000  0.03753 7
 -78.000   45.000  0.03877 15
 -78.000   46.000  0.03423 21
 -78.000   47.000  0.02524 11
 -78.000   48.000  0.01470 20
 -78.000   49.000  0.01027 0
 -78.000   50.000  0.00146 0
 -77.000   25.000  0.00000 0
 -77.000   26.000  0.00000 0
 -77.000   27.000  0.00000 0
 -77.000   28.000  0.00000 0
 -77.000   29.000  0.00000 0
 -77.000   30.000  0.00000 0
 -77.000   31.000  0.00304 0
 -77.000   32.000  0.00479 0
 -77.000   33.000  0.01037 0
 -77.000   34.000  0.01754 0
 -77.000   35.000  0.02241 19
 -77.000   36.000  0.02650 35
 -77.000   37.000  0.03566 24
 -77.000   38.000  0.03729 44
 -77.000   39.000  0.03862 26
 -77.000   40.000  0.03962 31
 -77.000   41.000  0.03865 49
 -77.000   42.000  0.03809 21
 -77.000   43.000  0.04198 36
 -77.000   44.000  0.04034 14
 -77.000   45.000  0.04096 12
 -77.000   46.000  0.03569 26
 -77.000   47.000  0.02533 5
 -77.000   48.000  0.01422 1
 -77.000   49.000  0.00922 0
 -77.000   50.000  0.00146 0
 -76.000   25.000  0.00000 0
 -76.000   26.000  0.00000 0
 -76.000   27.000  0.00000 0
 -76.000   28.000  0.00000 0
 -76.000   29.000  0.00000 0
 -76.000   30.000  0.00000 0
 -76.000   31.000  0.00070 0
 -76.000   32.000  0.00176 0
 -76.000   33.000  0.00626 0
 -76.000   34.000  0.01062 2
 -76.000   35.000  0.01323 6
 -76.000   36.000  0.01756 7
 -76.000   37.000  0.02394 10
 -76.000   38.000  0.02608 19
 -76.000   39.000  0.03026 23
 -76.000   40.000  0.03436 64
 -76.000   41.000  0.03699 67
 -76.000   42.000  0.03891 41
 -76.000   43.000  0.04179 36
 -76.000   44.000  0.04070 33
 -76.000   45.000  0.04133 15
 -76.000   46.000  0.03453 33
 -76.000   47.000  0.02518 7
 -76.000   48.000  0.01566 0
 -76.000   49.000  0.01025 0
 -76.000   50.000  0.00146 0
 -75.000   25.000  0.00000 0
 -75.000   26.000  0.00000 0
 -75.000   27.000  0.00000 0
 -75.000   28.000  0.00000 0
 -75.000   29.000  0.00000 0
 -75.000   30.000  0.00000 0
 -75.000   31.000  0.00000 0
 -75.000   32.000  0.00000 0
 -75.000   33.000  0.00247 0
 -75.000   34.000  0.00521 0
 -75.000   35.000  0.00759 4
 -75.000   36.000  0.01020 0
 -75.000   37.000  0.01500 4
 -75.000   38.000  0.01814 21
 -75.000   39.000  0.02334 21
 -75.000   40.000  0.02783 90
 -75.000   41.000  0.03258 90
 -75.000   42.000  0.03571 23
 -75.000   43.000  0.03949 50
 -75.000   44.000  0.03878 46
 -75.000   45.000  0.03799 38
 -75.000   46.000  0.03064 24
 -75.000   47.000  0.02270 13
 -75.000   48.000  0.01330 0
 -75.000   49.000  0.00761 0
 -75.000   50.000  0.00000 0
 -74.000   25.000  0.00000 0
 -74.000   26.000  0.00000 0
 -74.000   27.000  0.00000 0
 -74.000   28.000  0.00000 0
 -74.000   29.000  0.00000 0
 -74.000   30.000  0.00000 0
 -74.000   31.000  0.00000 0
 -74.000   32.000  0.00000 0
 -74.000   33.000  0.00105 0
 -74.000   34.000  0.00296 0
 -74.000   35.000  0.00419 0
 -74.000   36.000  0.00686 0
 -74.000   37.000  0.01009 0
 -74.000   38.000  0.01405 0
 -74.000   39.000  0.01887 3
 -74.000   40.000  0.02435 65
 -74.000   41.000  0.02785 193
 -74.000   42.000  0.03144 74
 -74.000   43.000  0.03424 96
 -74.000   44.000  0.03413 81
 -74.000   45.000  0.03341 50
 -74.000   46.000  0.02724 29
 -74.000   47.000  0.02042 7
 -74.000   48.000  0.01262 0
 -74.000   49.000  0.00749 0
 -74.000   50.000  0.00000 0
 -73.000   25.000  0.00000 0
 -73.000   26.000  0.00000 0
 -73.000   27.000  0.00000 0
 -73.000   28.000  0.00000 0
 -73.000   29.000  0.00000 0
 -73.000   30.000  0.00000 0
 -73.000   31.000  0.00000 0
 -73.000   32.000  0.00000 0
 -73.000   33.000  0.00000 0
 -73.000   34.000  0.00000 0
 -73.000   35.000  0.00000 0
 -73.000   36.000  0.00077 0
 -73.000   37.000  0.00248 0
 -73.000   38.000  0.00623 0
 -73.000   39.000  0.01322 0
 -73.000   40.000  0.01934 10
 -73.000   41.000  0.02320 36
 -73.000   42.000  0.02691 36
 -73.000   43.000  0.02981 57
 -73.000   44.000  0.02928 45
 -73.000   45.000  0.02795 12
 -73.000   46.000  0.02331 28
 -73.000   47.000  0.01790 7
 -73.000   48.000  0.01125 0
 -73.000   49.000  0.00598 0
 -73.000   50.000  0.00000 0
 -72.000   25.000  0.00000 0
 -72.000   26.000  0.00000 0
 -72.000   27.000  0.00000 0
 -72.000   28.000  0.00000 0
 -72.000   29.000  0.00000 0
 -72.000   30.000  0.00000 0
 -72.000   31.000  0.00000 0
 -72.000   32.000  0.00000 0
 -72.000   33.000  0.00000 0
 -72.000   34.000  0.00000 0
 -72.000   35.000  0.00000 0
 -72.000   36.000  0.00000 0
 -72.000   37.000  0.00000 0
 -72.000   38.000  0.00272 0
 -72.000   39.000  0.00878 0
 -72.000   40.000  0.01370 2
 -72.000   41.000  0.01789 30
 -72.000   42.000  0.02204 45
 -72.000   43.000  0.02533 50
 -72.000   44.000  0.02578 50
 -72.000   45.000  0.02394 22
 -72.000   46.000  0.01974 16
 -72.000   47.000  0.01559 6
 -72.000   48.000  0.00958 0
 -72.000   49.000  0.00384 0
 -72.000   50.000  0.00000 0
 -71.000   25.000  0.00000 0
 -71.000   26.000  0.00000 0
 -71.000   27.000  0.00000 0
 -71.000   28.000  0.00000 0
 -71.000   29.000  0.00000 0
 -71.000   30.000  0.00000 0
 -71.000   31.000  0.00000 0
 -71.000   32.000  0.00000 0
 -71.000   33.000  0.00000 0
 -71.000   34.000  0.00000 0
 -71.000   35.000  0.00000 0
 -71.000   36.000  0.00000 0
 -71.000   37.000  0.00000 0
 -71.000   38.000  0.00162 0
 -71.000   39.000  0.00639 0
 -71.000   40.000  0.00948 0
 -71.000   41.000  0.01191 40
 -71.000   42.000  0.01512 36
 -71.000   43.000  0.01835 42
 -71.000   44.000  0.01946 68
 -71.000   45.000  0.01955 40
 -71.000   46.000  0.01712 30
 -71.000   47.000  0.01391 11
 -71.000   48.000  0.00906 0
 -71.000   49.000  0.00397 0
 -71.000   50.000  0.00000 0
 -70.000   25.000  0.00000 0
 -70.000   26.000  0.00000 0
 -70.000   27.000  0.00000 0
 -70.000   28.000  0.00000 0
 -70.000   29.000  0.00000 0
 -70.000   30.000  0.00000 0
 -70.000   31.000  0.00000 0
 -70.000   32.000  0.00000 0
 -70.000   33.000  0.00000 0
 -70.000   34.000  0.00000 0
 -70.000   35.000  0.00000 0
 -70.000   36.000  0.00000 0
 -70.000   37.000  0.00000 0
 -70.000   38.000  0.00000 0
 -70.000   39.000  0.00420 0
 -70.000   40.000  0.00650 0
 -70.000   41.000  0.00825 17
 -70.000   42.000  0.00875 6
 -70.000   43.000  0.01219 7
 -70.000   44.000  0.01370 22
 -70.000   45.000  0.01378 36
 -70.000   46.000  0.01203 35
 -70.000   47.000  0.01154 27
 -70.000   48.000  0.00809 0
 -70.000   49.000  0.00298 0
 -70.000   50.000  0.00000 0
 -69.000   25.000  0.00000 0
 -69.000   26.000  0.00000 0
 -69.000   27.000  0.00000 0
 -69.000   28.000  0.00000 0
 -69.000   29.000  0.00000 0
 -69.000   30.000  0.00000 0
 -69.000   31.000  0.00000 0
 -69.000   32.000  0.00000 0
 -69.000   33.000  0.00000 0
 -69.000   34.000  0.00000 0
 -69.000   35.000  0.00000 0
 -69.000   36.000  0.00000 0
 -69.000   37.000  0.00000 0
 -69.000   38.000  0.00000 0
 -69.000   39.000  0.00332 0
 -69.000   40.000  0.00477 0
 -69.000   41.000  0.00588 0
 -69.000   42.000  0.00543 0
 -69.000   43.000  0.00908 2
 -69.000   44.000  0.01141 7
 -69.000   45.000  0.01243 47
 -69.000   46.000  0.01132 41
 -69.000   47.000  0.01247 34
 -69.000   48.000  0.00882 0
 -69.000   49.000  0.00397 0
 -69.000   50.000  0.00117 0
 -68.000   25.000  0.00000 0
 -68.000   26.000  0.00000 0
 -68.000   27.000  0.00000 0
 -68.000   28.000  0.00000 0
 -68.000   29.000  0.00000 0
 -68.000   30.000  0.00000 0
 -68.000   31.000  0.00000 0
 -68.000   32.000  0.00000 0
 -68.000   33.000  0.00000 0
 -68.000   34.000  0.00000 0
 -68.000   35.000  0.00000 0
 -68.000   36.000  0.00000 0
 -68.000   37.000  0.00000 0
 -68.000   38.000  0.00000 0
 -68.000   39.000  0.00123 0
 -68.000   40.000  0.00214 0
 -68.000   41.000  0.00288 0
 -68.000   42.000  0.00236 0
 -68.000   43.000  0.00502 0
 -68.000   44.000  0.00773 6
 -68.000   45.000  0.00837 33
 -68.000   46.000  0.00763 65
 -68.000   47.000  0.00886 12
 -68.000   48.000  0.00620 0
 -68.000   49.000  0.00282 2
 -68.000   50.000  0.00117 0
 -67.000   25.000  0.00000 0
 -67.000   26.000  0.00000 0
 -67.000   27.000  0.00000 0
 -67.000   28.000  0.00000 0
 -67.000   29.000  0.00000 0
 -67.000   30.000  0.00000 0
 -67.000   31.000  0.00000 0
 -67.000   32.000  0.00000 0
 -67.000   33.000  0.00000 0
 -67.000   34.000  0.00000 0
 -67.000   35.000  0.00000 0
 -67.000   36.000  0.00000 0
 -67.000   37.000  0.00000 0
 -67.000   38.000  0.00000 0
 -67.000   39.000  0.00000 0
 -67.000   40.000  0.00000 0
 -67.000   41.000  0.00000 0
 -67.000   42.000 -0.00117 0
 -67.000   43.000  0.00031 0
 -67.000   44.000  0.00222 9
 -67.000   45.000  0.00296 39
 -67.000   46.000  0.00296 1
 -67.000   47.000  0.00483 0
 -67.000   48.000  0.00336 0
 -67.000   49.000  0.00180 35
 -67.000   50.000  0.00117 3
 -66.000   25.000  0.00000 0
 -66.000   26.000  0.00000 0
 -66.000   27.000  0.00000 0
 -66.000   28.000  0.00000 0
 -66.000   29.000  0.00000 0
 -66.000   30.000  0.00000 0
 -66.000   31.000  0.00000 0
 -66.000   32.000  0.00000 0
 -66.000   33.000  0.00000 0
 -66.000   34.000  0.00000 0
 -66.000   35.000  0.00000 0
 -66.000   36.000  0.00000 0
 -66.000   37.000  0.00000 0
 -66.000   38.000  0.00000 0
 -66.000   39.000  0.00000 0
 -66.000   40.000  0.00000 0
 -66.000   41.000  0.00000 0
 -66.000   42.000 -0.00215 0
 -66.000   43.000 -0.00057 0
 -66.000   44.000  0.00066 0
 -66.000   45.000  0.00042 1
 -66.000   46.000  0.00042 0
 -66.000   47.000  0.00344 0
 -66.000   48.000  0.00186 0
 -66.000   49.000  0.00079 0
 -66.000   50.000  0.00146 0
 -65.000   25.000  0.00000 0
 -65.000   26.000  0.00000 0
 -65.000   27.000  0.00000 0
 -65.000   28.000  0.00000 0
 -65.000   29.000  0.00000 0
 -65.000   30.000  0.00000 0
 -65.000   31.000  0.00000 0
 -65.000   32.000  0.00000 0
 -65.000   33.000  0.00000 0
 -65.000   34.000  0.00000 0
 -65.000   35.000  0.00000 0
 -65.000   36.000  0.00000 0
 -65.000   37.000  0.00000 0
 -65.000   38.000  0.00000 0
 -65.000   39.000  0.00000 0
 -65.000   40.000  0.00000 0
 -65.000   41.000  0.00000 0
 -65.000   42.000 -0.00055 0
 -65.000   43.000  0.00070 0
 -65.000   44.000  0.00070 0
 -65.000   45.000  0.00070 0
 -65.000   46.000  0.00070 0
 -65.000   47.000  0.00241 0
 -65.000   48.000  0.00117 0
 -65.000   49.000  0.00146 0
 -65.000   50.000  0.00195 0
