-130.000   25.000  0.00000 0
-130.000   26.000  0.00000 0
-130.000   27.000  0.00000 0
-130.000   28.000  0.00000 0
-130.000   29.000  0.00000 0
-130.000   30.000  0.00000 0
-130.000   31.000  0.00000 0
-130.000   32.000  0.00000 0
-130.000   33.000 -0.00103 0
-130.000   34.000 -0.00187 0
-130.000   35.000  0.00497 0
-130.000   36.000  0.01041 0
-130.000   37.000  0.01277 0
-130.000   38.000  0.01731 5
-130.000   39.000  0.02207 5
-130.000   40.000  0.02155 8
-130.000   41.000  0.02321 16
-130.000   42.000  0.02566 18
-130.000   43.000  0.02799 16
-130.000   44.000  0.03005 18
-130.000   45.000  0.03049 26
-130.000   46.000  0.02838 45
-130.000   47.000  0.02613 25
-130.000   48.000  0.02963 19
-130.000   49.000  0.02958 5
-130.000   50.000  0.02816 20
-129.000   25.000  0.00000 0
-129.000   26.000  0.00000 0
-129.000   27.000  0.00000 0
-129.000   28.000  0.00000 0
-129.000   29.000  0.00000 0
-129.000   30.000  0.00000 0
-129.000   31.000  0.00000 0
-129.000   32.000  0.00000 0
-129.000   33.000 -0.00056 0
-129.000   34.000  0.00052 0
-129.000   35.000  0.00647 0
-129.000   36.000  0.01219 3
-129.000   37.000  0.01508 11
-129.000   38.000  0.01934 11
-129.000   39.000  0.02204 17
-129.000   40.000  0.02191 33
-129.000   41.000  0.02238 17
-129.000   42.000  0.02507 10
-129.000   43.000  0.02529 16
-129.000   44.000  0.02745 25
-129.000   45.000  0.02946 37
-129.000   46.000  0.02925 55
-129.000   47.000  0.02559 40
-129.000   48.000  0.02871 27
-129.000   49.000  0.02846 8
-129.000   50.000  0.02491 15
-128.000   25.000  0.00000 0
-128.000   26.000  0.00000 0
-128.000   27.000  0.00000 0
-128.000   28.000  0.00000 0
-128.000   29.000  0.00000 0
-128.000   30.000  0.00000 0
-128.000   31.000 -0.00023 0
-128.000   32.000 -0.00033 0
-128.000   33.000  0.00149 0
-128.000   34.000  0.00302 0
-128.000   35.000  0.00752 6
-128.000   36.000  0.01311 12
-128.000   37.000  0.01733 16
-128.000   38.000  0.01957 28
-128.000   39.000  0.02214 21
-128.000   40.000  0.02365 28
-128.000   41.000  0.02585 24
-128.000   42.000  0.02739 23
-128.000   43.000  0.02732 35
-128.000   44.000  0.02948 41
-128.000   45.000  0.03049 26
-128.000   46.000  0.03038 29
-128.000   47.000  0.02652 18
-128.000   48.000  0.02817 13
-128.000   49.000  0.02740 7
-128.000   50.000  0.02482 8
-127.000   25.000  0.00000 0
-127.000   26.000  0.00000 0
-127.000   27.000  0.00000 0
-127.000   28.000  0.00000 0
-127.000   29.000  0.00000 0
-127.000   30.000  0.00000 0
-127.000   31.000  0.00046 0
-127.000   32.000  0.00119 0
-127.000   33.000  0.00411 0
-127.000   34.000  0.00612 3
-127.000   35.000  0.01188 14
-127.000   36.000  0.01796 10
-127.000   37.000  0.02219 34
-127.000   38.000  0.02348 27
-127.000   39.000  0.02594 27
-127.000   40.000  0.02807 22
-127.000   41.000  0.02851 16
-127.000   42.000  0.02982 15
-127.000   43.000  0.02706 17
-127.000   44.000  0.02766 22
-127.000   45.000  0.02417 18
-127.000   46.000  0.02541 17
-127.000   47.000  0.02228 16
-127.000   48.000  0.02131 17
-127.000   49.000  0.02031 1
-127.000   50.000  0.01975 7
-126.000   25.000  0.00000 0
-126.000   26.000  0.00000 0
-126.000   27.000  0.00000 0
-126.000   28.000  0.00000 0
-126.000   29.000  0.00000 0
-126.000   30.000 -0.00169 0
-126.000   31.000 -0.00196 0
-126.000   32.000 -0.00189 1
-126.000   33.000  0.00045 6
-126.000   34.000  0.00184 12
-126.000   35.000  0.00747 12
-126.000   36.000  0.01234 28
-126.000   37.000  0.01718 33
-126.000   38.000  0.02010 19
-126.000   39.000  0.02480 20
-126.000   40.000  0.02775 18
-126.000   41.000  0.02766 15
-126.000   42.000  0.02867 15
-126.000   43.000  0.02410 18
-126.000   44.000  0.02186 19
-126.000   45.000  0.01911 16
-126.000   46.000  0.02204 20
-126.000   47.000  0.01875 18
-126.000   48.000  0.01847 11
-126.000   49.000  0.01828 15
-126.000   50.000  0.01747 3
-125.000   25.000  0.00000 0
-125.000   26.000  0.00000 0
-125.000   27.000  0.00000 0
-125.000   28.000 -0.00101 0
-125.000   29.000 -0.00109 0
-125.000   30.000 -0.00401 0
-125.000   31.000 -0.00528 1
-125.000   32.000 -0.00577 3
-125.000   33.000 -0.00167 6
-125.000   34.000 -0.00071 13
-125.000   35.000  0.00313 19
-125.000   36.000  0.00871 22
-125.000   37.000  0.01316 24
-125.000   38.000  0.01555 11
-125.000   39.000  0.01931 14
-125.000   40.000  0.02415 20
-125.000   41.000  0.02452 13
-125.000   42.000  0.02627 15
-125.000   43.000  0.02152 21
-125.000   44.000  0.02069 13
-125.000   45.000  0.01895 14
-125.000   46.000  0.02069 26
-125.000   47.000  0.01654 21
-125.000   48.000  0.01836 13
-125.000   49.000  0.01818 9
-125.000   50.000  0.01754 10
-124.000   25.000  0.00000 0
-124.000   26.000  0.00000 0
-124.000   27.000  0.00000 0
-124.000   28.000  0.00024 0
-124.000   29.000  0.00035 2
-124.000   30.000 -0.00262 1
-124.000   31.000 -0.00551 5
-124.000   32.000 -0.00580 11
-124.000   33.000 -0.00396 33
-124.000   34.000 -0.00542 33
-124.000   35.000 -0.00274 29
-124.000   36.000  0.00284 21
-124.000   37.000  0.00704 28
-124.000   38.000  0.00910 22
-124.000   39.000  0.01373 17
-124.000   40.000  0.01910 21
-124.000   41.000  0.02121 21
-124.000   42.000  0.02097 16
-124.000   43.000  0.01751 31
-124.000   44.000  0.01878 32
-124.000   45.000  0.01472 42
-124.000   46.000  0.01321 27
-124.000   47.000  0.00937 22
-124.000   48.000  0.01119 12
-124.000   49.000  0.00831 9
-124.000   50.000  0.00937 9
-123.000   25.000  0.00000 0
-123.000   26.000  0.00000 0
-123.000   27.000  0.00123 0
-123.000   28.000  0.00190 0
-123.000   29.000  0.00180 0
-123.000   30.000 -0.00197 13
-123.000   31.000 -0.00461 13
-123.000   32.000 -0.00619 25
-123.000   33.000 -0.00716 39
-123.000   34.000 -0.00951 30
-123.000   35.000 -0.00676 28
-123.000   36.000 -0.00206 43
-123.000   37.000  0.00006 40
-123.000   38.000  0.00172 17
-123.000   39.000  0.00590 15
-123.000   40.000  0.01009 15
-123.000   41.000  0.00998 17
-123.000   42.000  0.01038 21
-123.000   43.000  0.00903 29
-123.000   44.000  0.01008 32
-123.000   45.000  0.00746 15
-123.000   46.000  0.00632 16
-123.000   47.000  0.00360 16
-123.000   48.000  0.00432 16
-123.000   49.000  0.00194 12
-123.000   50.000  0.00164 6
-122.000   25.000  0.00000 0
-122.000   26.000  0.00236 0
-122.000   27.000  0.00607 0
-122.000   28.000  0.00762 0
-122.000   29.000  0.00630 4
-122.000   30.000  0.00190 13
-122.000   31.000 -0.00358 33
-122.000   32.000 -0.00971 35
-122.000   33.000 -0.01345 51
-122.000   34.000 -0.01523 32
-122.000   35.000 -0.01346 33
-122.000   36.000 -0.00919 32
-122.000   37.000 -0.00673 35
-122.000   38.000 -0.00276 29
-122.000   39.000  0.00027 18
-122.000   40.000  0.00455 20
-122.000   41.000  0.00450 15
-122.000   42.000  0.00490 29
-122.000   43.000  0.00395 31
-122.000   44.000  0.00651 14
-122.000   45.000  0.00478 14
-122.000   46.000  0.00350 10
-122.000   47.000  0.00054 11
-122.000   48.000 -0.00143 9
-122.000   49.000 -0.00489 6
-122.000   50.000 -0.00641 2
-121.000   25.000  0.00000 0
-121.000   26.000  0.00351 0
-121.000   27.000  0.00890 0
-121.000   28.000  0.01088 4
-121.000   29.000  0.00971 23
-121.000   30.000  0.00737 35
-121.000   31.000  0.00125 24
-121.000   32.000 -0.00660 43
-121.000   33.000 -0.00955 56
-121.000   34.000 -0.01094 20
-121.000   35.000 -0.01151 22
-121.000   36.000 -0.00845 37
-121.000   37.000 -0.00607 13
-121.000   38.000 -0.00574 48
-121.000   39.000 -0.00580 29
-121.000   40.000 -0.00329 35
-121.000   41.000 -0.00366 19
-121.000   42.000 -0.00440 28
-121.000   43.000 -0.00272 26
-121.000   44.000  0.00051 18
-121.000   45.000 -0.00164 16
-121.000   46.000 -0.00236 13
-121.000   47.000 -0.00593 19
-121.000   48.000 -0.00911 12
-121.000   49.000 -0.01215 9
-121.000   50.000 -0.01195 6
-120.000   25.000  0.00380 0
-120.000   26.000  0.00852 0
-120.000   27.000  0.01479 0
-120.000   28.000  0.01900 8
-120.000   29.000  0.01801 19
-120.000   30.000  0.01534 38
-120.000   31.000  0.00909 15
-120.000   32.000 -0.00245 24
-120.000   33.000 -0.00847 46
-120.000   34.000 -0.01138 24
-120.000   35.000 -0.01486 21
-120.000   36.000 -0.01452 28
-120.000   37.000 -0.01016 27
-120.000   38.000 -0.01019 61
-120.000   39.000 -0.00804 33
-120.000   40.000 -0.00555 43
-120.000   41.000 -0.00569 28
-120.000   42.000 -0.00737 30
-120.000   43.000 -0.00373 37
-120.000   44.000 -0.00240 26
-120.000   45.000 -0.00417 25
-120.000   46.000 -0.00383 19
-120.000   47.000 -0.00559 16
-120.000   48.000 -0.01127 4
-120.000   49.000 -0.01357 8
-120.000   50.000 -0.01285 8
-119.000   25.000  0.00553 0
-119.000   26.000  0.01098 0
-119.000   27.000  0.01803 0
-119.000   28.000  0.02270 12
-119.000   29.000  0.02208 57
-119.000   30.000  0.01823 21
-119.000   31.000  0.01153 27
-119.000   32.000 -0.00132 18
-119.000   33.000 -0.00968 30
-119.000   34.000 -0.01410 20
-119.000   35.000 -0.01743 27
-119.000   36.000 -0.01737 52
-119.000   37.000 -0.01397 37
-119.000   38.000 -0.01108 48
-119.000   39.000 -0.00704 43
-119.000   40.000 -0.00433 48
-119.000   41.000 -0.00622 44
-119.000   42.000 -0.00575 49
-119.000   43.000 -0.00358 36
-119.000   44.000 -0.00487 55
-119.000   45.000 -0.00608 23
-119.000   46.000 -0.00284 13
-119.000   47.000 -0.00402 11
-119.000   48.000 -0.00928 2
-119.000   49.000 -0.00873 10
-119.000   50.000 -0.00771 2
-118.000   25.000  0.00553 1
-118.000   26.000  0.01230 0
-118.000   27.000  0.01805 11
-118.000   28.000  0.02342 47
-118.000   29.000  0.02410 40
-118.000   30.000  0.02025 15
-118.000   31.000  0.01085 29
-118.000   32.000 -0.00230 23
-118.000   33.000 -0.01399 36
-118.000   34.000 -0.02169 11
-118.000   35.000 -0.02532 21
-118.000   36.000 -0.02250 24
-118.000   37.000 -0.01788 42
-118.000   38.000 -0.01218 36
-118.000   39.000 -0.00596 42
-118.000   40.000 -0.00245 52
-118.000   41.000 -0.00463 42
-118.000   42.000 -0.00329 28
-118.000   43.000 -0.00082 48
-118.000   44.000 -0.00317 36
-118.000   45.000 -0.00534 20
-118.000   46.000 -0.00310 2
-118.000   47.000 -0.00494 5
-118.000   48.000 -0.00889 4
-118.000   49.000 -0.00718 6
-118.000   50.000 -0.00488 3
-117.000   25.000  0.00553 2
-117.000   26.000  0.01004 0
-117.000   27.000  0.01316 17
-117.000   28.000  0.01813 30
-117.000   29.000  0.01960 33
-117.000   30.000  0.01626 18
-117.000   31.000  0.00740 29
-117.000   32.000 -0.00034 23
-117.000   33.000 -0.01168 25
-117.000   34.000 -0.02064 15
-117.000   35.000 -0.02550 14
-117.000   36.000 -0.02130 48
-117.000   37.000 -0.01813 23
-117.000   38.000 -0.01342 14
-117.000   39.000 -0.00691 36
-117.000   40.000 -0.00172 39
-117.000   41.000 -0.00279 51
-117.000   42.000 -0.00214 36
-117.000   43.000  0.00073 34
-117.000   44.000 -0.00211 24
-117.000   45.000 -0.00422 10
-117.000   46.000 -0.00319 3
-117.000   47.000 -0.00505 0
-117.000   48.000 -0.00626 3
-117.000   49.000 -0.00305 2
-117.000   50.000 -0.00108 1
-116.000   25.000  0.00553 0
-116.000   26.000  0.00883 0
-116.000   27.000  0.01140 4
-116.000   28.000  0.01673 18
-116.000   29.000  0.01796 30
-116.000   30.000  0.01410 20
-116.000   31.000  0.00688 19
-116.000   32.000  0.00113 14
-116.000   33.000 -0.01161 21
-116.000   34.000 -0.02128 17
-116.000   35.000 -0.02559 25
-116.000   36.000 -0.02027 54
-116.000   37.000 -0.01727 24
-116.000   38.000 -0.01126 17
-116.000   39.000 -0.00110 32
-116.000   40.000  0.00640 45
-116.000   41.000  0.00513 29
-116.000   42.000  0.00476 20
-116.000   43.000  0.00586 15
-116.000   44.000  0.00039 23
-116.000   45.000 -0.00388 20
-116.000   46.000 -0.00587 26
-116.000   47.000 -0.00674 11
-116.000   48.000 -0.00724 3
-116.000   49.000 -0.00436 4
-116.000   50.000 -0.00311 5
-115.000   25.000  0.00173 0
-115.000   26.000  0.00382 0
-115.000   27.000  0.00800 5
-115.000   28.000  0.01243 11
-115.000   29.000  0.01328 25
-115.000   30.000  0.01135 16
-115.000   31.000  0.00565 20
-115.000   32.000  0.00032 19
-115.000   33.000 -0.01180 17
-115.000   34.000 -0.01906 14
-115.000   35.000 -0.02147 19
-115.000   36.000 -0.01466 25
-115.000   37.000 -0.01211 18
-115.000   38.000 -0.00499 30
-115.000   39.000  0.00307 22
-115.000   40.000  0.01100 43
-115.000   41.000  0.00937 26
-115.000   42.000  0.00764 22
-115.000   43.000  0.00743 29
-115.000   44.000 -0.00170 29
-115.000   45.000 -0.00877 22
-115.000   46.000 -0.01169 21
-115.000   47.000 -0.01107 15
-115.000   48.000 -0.01196 4
-115.000   49.000 -0.00559 5
-115.000   50.000 -0.00340 4
-114.000   25.000  0.00000 0
-114.000   26.000  0.00137 3
-114.000   27.000  0.00574 3
-114.000   28.000  0.00777 8
-114.000   29.000  0.00790 17
-114.000   30.000  0.00684 16
-114.000   31.000  0.00397 16
-114.000   32.000 -0.00181 17
-114.000   33.000 -0.00992 12
-114.000   34.000 -0.01548 10
-114.000   35.000 -0.01711 17
-114.000   36.000 -0.01174 18
-114.000   37.000 -0.00777 31
-114.000   38.000 -0.00342 23
-114.000   39.000  0.00399 18
-114.000   40.000  0.00972 48
-114.000   41.000  0.00719 30
-114.000   42.000  0.00377 28
-114.000   43.000  0.00650 34
-114.000   44.000 -0.00358 17
-114.000   45.000 -0.00927 13
-114.000   46.000 -0.01295 8
-114.000   47.000 -0.01132 11
-114.000   48.000 -0.01250 11
-114.000   49.000 -0.00553 10
-114.000   50.000 -0.00294 9
-113.000   25.000  0.00000 1
-113.000   26.000  0.00004 2
-113.000   27.000  0.00487 4
-113.000   28.000  0.00418 4
-113.000   29.000  0.00228 14
-113.000   30.000  0.00165 14
-113.000   31.000 -0.00099 16
-113.000   32.000 -0.00544 7
-113.000   33.000 -0.00807 8
-113.000   34.000 -0.00983 6
-113.000   35.000 -0.01062 17
-113.000   36.000 -0.00563 16
-113.000   37.000 -0.00278 29
-113.000   38.000  0.00114 18
-113.000   39.000  0.00504 19
-113.000   40.000  0.01164 49
-113.000   41.000  0.00991 38
-113.000   42.000  0.00611 29
-113.000   43.000  0.00565 19
-113.000   44.000 -0.00143 19
-113.000   45.000 -0.00843 15
-113.000   46.000 -0.01178 9
-113.000   47.000 -0.00762 22
-113.000   48.000 -0.00795 5
-113.000   49.000 -0.00139 9
-113.000   50.000  0.00120 12
-112.000   25.000  0.00000 0
-112.000   26.000 -0.00079 3
-112.000   27.000  0.00418 4
-112.000   28.000  0.00452 5
-112.000   29.000  0.00316 13
-112.000   30.000  0.00276 6
-112.000   31.000  0.00234 14
-112.000   32.000 -0.00346 9
-112.000   33.000 -0.00701 13
-112.000   34.000 -0.00704 24
-112.000   35.000 -0.00648 22
-112.000   36.000 -0.00260 42
-112.000   37.000  0.00125 36
-112.000   38.000  0.00445 17
-112.000   39.000  0.00717 52
-112.000   40.000  0.01242 41
-112.000   41.000  0.01150 18
-112.000   42.000  0.00912 19
-112.000   43.000  0.00776 22
-112.000   44.000  0.00257 17
-112.000   45.000 -0.00127 13
-112.000   46.000 -0.00612 8
-112.000   47.000  0.00012 24
-112.000   48.000  0.00369 12
-112.000   49.000  0.00943 3
-112.000   50.000  0.00998 6
-111.000   25.000  0.00455 0
-111.000   26.000  0.00313 5
-111.000   27.000  0.00602 1
-111.000   28.000  0.00690 4
-111.000   29.000  0.00450 7
-111.000   30.000  0.00291 10
-111.000   31.000  0.00141 6
-111.000   32.000 -0.00502 8
-111.000   33.000 -0.00824 8
-111.000   34.000 -0.00559 5
-111.000   35.000 -0.00177 13
-111.000   36.000  0.00321 16
-111.000   37.000  0.00731 22
-111.000   38.000  0.01020 36
-111.000   39.000  0.00586 49
-111.000   40.000  0.00574 28
-111.000   41.000  0.00561 15
-111.000   42.000  0.00569 24
-111.000   43.000  0.00588 28
-111.000   44.000  0.00888 24
-111.000   45.000  0.00954 10
-111.000   46.000  0.00545 8
-111.000   47.000  0.01053 16
-111.000   48.000  0.01456 10
-111.000   49.000  0.01764 7
-111.000   50.000  0.01692 4
-110.000   25.000  0.00605 0
-110.000   26.000  0.00482 5
-110.000   27.000  0.00461 3
-110.000   28.000  0.00404 7
-110.000   29.000  0.00050 10
-110.000   30.000 -0.00339 13
-110.000   31.000 -0.00486 12
-110.000   32.000 -0.00657 7
-110.000   33.000 -0.00863 5
-110.000   34.000 -0.00510 10
-110.000   35.000  0.00045 29
-110.000   36.000  0.00419 18
-110.000   37.000  0.00616 21
-110.000   38.000  0.00951 22
-110.000   39.000  0.00484 26
-110.000   40.000  0.00264 18
-110.000   41.000  0.00440 15
-110.000   42.000  0.00655 37
-110.000   43.000  0.00860 26
-110.000   44.000  0.01723 20
-110.000   45.000  0.02229 20
-110.000   46.000  0.01706 7
-110.000   47.000  0.02210 7
-110.000   48.000  0.02499 10
-110.000   49.000  0.02380 7
-110.000   50.000  0.02150 6
-109.000   25.000  0.00423 4
-109.000   26.000  0.00135 14
-109.000   27.000  0.00096 12
-109.000   28.000 -0.00001 10
-109.000   29.000 -0.00301 16
-109.000   30.000 -0.00561 16
-109.000   31.000 -0.00546 18
-109.000   32.000 -0.00592 10
-109.000   33.000 -0.00740 10
-109.000   34.000 -0.00327 14
-109.000   35.000  0.00245 15
-109.000   36.000  0.00595 20
-109.000   37.000  0.00618 24
-109.000   38.000  0.01031 21
-109.000   39.000  0.00507 12
-109.000   40.000  0.00354 21
-109.000   41.000  0.00759 16
-109.000   42.000  0.01190 14
-109.000   43.000  0.01432 25
-109.000   44.000  0.02266 17
-109.000   45.000  0.02586 13
-109.000   46.000  0.02163 15
-109.000   47.000  0.02617 10
-109.000   48.000  0.02625 8
-109.000   49.000  0.02556 4
-109.000   50.000  0.02450 7
-108.000   25.000  0.00474 0
-108.000   26.000  0.00338 17
-108.000   27.000  0.00230 9
-108.000   28.000  0.00251 9
-108.000   29.000 -0.00055 24
-108.000   30.000 -0.00510 9
-108.000   31.000 -0.00406 12
-108.000   32.000 -0.00289 20
-108.000   33.000 -0.00428 41
-108.000   34.000  0.00177 17
-108.000   35.000  0.00955 22
-108.000   36.000  0.01121 33
-108.000   37.000  0.01039 42
-108.000   38.000  0.01176 38
-108.000   39.000  0.00739 22
-108.000   40.000  0.00398 15
-108.000   41.000  0.00971 20
-108.000   42.000  0.01554 14
-108.000   43.000  0.02140 18
-108.000   44.000  0.02561 12
-108.000   45.000  0.03090 14
-108.000   46.000  0.02549 13
-108.000   47.000  0.02510 10
-108.000   48.000  0.02320 4
-108.000   49.000  0.02312 8
-108.000   50.000  0.02069 5
-107.000   25.000  0.00392 0
-107.000   26.000  0.00399 6
-107.000   27.000  0.00369 10
-107.000   28.000  0.00376 8
-107.000   29.000 -0.00047 13
-107.000   30.000 -0.00394 9
-107.000   31.000 -0.00307 10
-107.000   32.000 -0.00246 17
-107.000   33.000 -0.00264 17
-107.000   34.000  0.00277 29
-107.000   35.000 -0.22251 22
-107.000   36.000 -0.22130 36
-107.000   37.000 -0.22251 18
-107.000   38.000 -0.22281 54
-107.000   39.000 -0.22642 48
-107.000   40.000  0.00290 18
-107.000   41.000  0.00837 10
-107.000   42.000  0.01523 10
-107.000   43.000  0.02386 20
-107.000   44.000  0.02636 7
-107.000   45.000  0.02976 17
-107.000   46.000  0.02449 11
-107.000   47.000  0.01999 10
-107.000   48.000  0.01353 9
-107.000   49.000  0.01353 9
-107.000   50.000  0.01191 4
-106.000   25.000  0.00281 1
-106.000   26.000  0.00210 6
-106.000   27.000  0.00074 5
-106.000   28.000 -0.00184 8
-106.000   29.000 -0.00497 9
-106.000   30.000 -0.00805 6
-106.000   31.000 -0.00482 8
-106.000   32.000 -0.00127 9
-106.000   33.000 -0.00096 14
-106.000   34.000  0.00201 20
-106.000   35.000 -0.22623 25
-106.000   36.000 -0.22779 20
-106.000   37.000 -0.23100 29
-106.000   38.000 -0.23145 24
-106.000   39.000 -0.22985 29
-106.000   40.000  0.00466 32
-106.000   41.000  0.00882 21
-106.000   42.000  0.01504 19
-106.000   43.000  0.02511 20
-106.000   44.000  0.02132 18
-106.000   45.000  0.02118 19
-106.000   46.000  0.01792 13
-106.000   47.000  0.01487 13
-106.000   48.000  0.00705 8
-106.000   49.000  0.00941 7
-106.000   50.000  0.00860 5
-105.000   25.000 -0.00113 5
-105.000   26.000 -0.00217 11
-105.000   27.000 -0.00233 8
-105.000   28.000 -0.00211 15
-105.000   29.000 -0.00257 17
-105.000   30.000 -0.00251 8
-105.000   31.000  0.00064 11
-105.000   32.000  0.00312 9
-105.000   33.000  0.00139 18
-105.000   34.000  0.00316 18
-105.000   35.000 -0.22667 21
-105.000   36.000 -0.22649 25
-105.000   37.000 -0.22869 17
-105.000   38.000 -0.23170 31
-105.000   39.000 -0.23131 60
-105.000   40.000  0.00455 36
-105.000   41.000  0.00684 36
-105.000   42.000  0.01362 29
-105.000   43.000  0.02261 24
-105.000   44.000  0.01757 23
-105.000   45.000  0.01534 5
-105.000   46.000  0.01482 8
-105.000   47.000  0.00838 13
-105.000   48.000  0.00516 4
-105.000   49.000  0.00927 2
-105.000   50.000  0.00966 2
-104.000   25.000  0.00184 7
-104.000   26.000 -0.00098 7
-104.000   27.000 -0.00323 7
-104.000   28.000 -0.00218 18
-104.000   29.000 -0.00359 21
-104.000   30.000 -0.00663 12
-104.000   31.000 -0.00432 17
-104.000   32.000 -0.00082 20
-104.000   33.000 -0.00288 19
-104.000   34.000 -0.00079 37
-104.000   35.000 -0.23005 20
-104.000   36.000 -0.22838 51
-104.000   37.000 -0.22874 21
-104.000   38.000 -0.23336 55
-104.000   39.000 -0.23364 102
-104.000   40.000  0.00395 46
-104.000   41.000  0.00605 25
-104.000   42.000  0.01172 26
-104.000   43.000  0.01949 28
-104.000   44.000  0.01538 21
-104.000   45.000  0.01346 19
-104.000   46.000  0.01150 15
-104.000   47.000  0.00489 4
-104.000   48.000  0.00377 2
-104.000   49.000  0.00744 6
-104.000   50.000  0.00619 4
-103.000   25.000  0.00276 5
-103.000   26.000 -0.00063 11
-103.000   27.000 -0.00305 8
-103.000   28.000 -0.00291 11
-103.000   29.000 -0.00332 10
-103.000   30.000 -0.00564 12
-103.000   31.000 -0.00268 31
-103.000   32.000 -0.00077 40
-103.000   33.000 -0.00486 38
-103.000   34.000 -0.00576 34
-103.000   35.000 -0.23629 26
-103.000   36.000 -0.23542 26
-103.000   37.000 -0.23460 32
-103.000   38.000 -0.23557 34
-103.000   39.000 -0.23497 57
-103.000   40.000  0.00188 52
-103.000   41.000  0.00198 38
-103.000   42.000  0.00566 29
-103.000   43.000  0.01165 30
-103.000   44.000  0.00992 19
-103.000   45.000  0.00668 9
-103.000   46.000  0.00637 2
-103.000   47.000  0.00283 10
-103.000   48.000  0.00278 6
-103.000   49.000  0.00499 4
-103.000   50.000  0.00586 7
-102.000   25.000  0.00358 8
-102.000   26.000 -0.00052 5
-102.000   27.000 -0.00370 10
-102.000   28.000 -0.00563 14
-102.000   29.000 -0.00596 8
-102.000   30.000 -0.01067 19
-102.000   31.000 -0.00896 25
-102.000   32.000 -0.00763 28
-102.000   33.000 -0.01218 27
-102.000   34.000 -0.01306 42
-102.000   35.000 -0.00924 38
-102.000   36.000 -0.00707 38
-102.000   37.000 -0.00531 29
-102.000   38.000 -0.00243 35
-102.000   39.000 -0.00146 33
-102.000   40.000  0.00104 41
-102.000   41.000  0.00021 38
-102.000   42.000  0.00245 29
-102.000   43.000  0.00841 27
-102.000   44.000  0.00721 23
-102.000   45.000  0.00449 12
-102.000   46.000  0.00545 8
-102.000   47.000  0.00374 5
-102.000   48.000  0.00240 1
-102.000   49.000  0.00422 4
-102.000   50.000  0.00586 2
-101.000   25.000  0.00014 5
-101.000   26.000 -0.00248 5
-101.000   27.000 -0.00367 7
-101.000   28.000 -0.00428 9
-101.000   29.000 -0.00458 4
-101.000   30.000 -0.00833 13
-101.000   31.000 -0.00881 5
-101.000   32.000 -0.01035 16
-101.000   33.000 -0.01456 24
-101.000   34.000 -0.01502 32
-101.000   35.000 -0.01129 33
-101.000   36.000 -0.00692 16
-101.000   37.000 -0.00264 25
-101.000   38.000  0.00098 39
-101.000   39.000  0.00286 46
-101.000   40.000  0.00366 48
-101.000   41.000  0.00279 49
-101.000   42.000  0.00421 46
-101.000   43.000  0.00765 30
-101.000   44.000  0.00639 21
-101.000   45.000  0.00825 16
-101.000   46.000  0.00875 3
-101.000   47.000  0.00627 6
-101.000   48.000  0.00553 1
-101.000   49.000  0.00747 4
-101.000   50.000  0.00531 3
-100.000   25.000  0.00257 0
-100.000   26.000  0.00010 4
-100.000   27.000 -0.00168 4
-100.000   28.000 -0.00396 1
-100.000   29.000 -0.00733 3
-100.000   30.000 -0.01563 9
-100.000   31.000 -0.01659 13
-100.000   32.000 -0.01933 10
-100.000   33.000 -0.02205 26
-100.000   34.000 -0.02041 26
-100.000   35.000 -0.01393 25
-100.000   36.000 -0.01071 24
-100.000   37.000 -0.00533 22
-100.000   38.000 -0.00073 37
-100.000   39.000  0.00161 50
-100.000   40.000  0.00212 75
-100.000   41.000  0.00170 44
-100.000   42.000  0.00200 60
-100.000   43.000  0.00492 36
-100.000   44.000  0.00427 28
-100.000   45.000  0.00678 14
-100.000   46.000  0.00641 10
-100.000   47.000  0.00523 4
-100.000   48.000  0.00247 2
-100.000   49.000  0.00313 3
-100.000   50.000  0.00000 1
 -99.000   25.000  0.00142 5
 -99.000   26.000  0.00237 2
 -99.000   27.000  0.00190 3
 -99.000   28.000 -0.00125 2
 -99.000   29.000 -0.00669 2
 -99.000   30.000 -0.01285 2
 -99.000   31.000 -0.01644 4
 -99.000   32.000 -0.02067 14
 -99.000   33.000 -0.02297 13
 -99.000   34.000 -0.01949 22
 -99.000   35.000 -0.01481 17
 -99.000   36.000 -0.01192 22
 -99.000   37.000 -0.00645 24
 -99.000   38.000 -0.00054 30
 -99.000   39.000  0.00292 34
 -99.000   40.000  0.00327 55
 -99.000   41.000  0.00272 42
 -99.000   42.000  0.00242 45
 -99.000   43.000  0.00508 39
 -99.000   44.000  0.00388 42
 -99.000   45.000  0.00814 12
 -99.000   46.000  0.00836 12
 -99.000   47.000  0.00741 6
 -99.000   48.000  0.00428 4
 -99.000   49.000  0.00498 3
 -99.000   50.000  0.00000 3
 -98.000   25.000  0.00000 4
 -98.000   26.000  0.00000 1
 -98.000   27.000  0.00000 2
 -98.000   28.000 -0.00184 0
 -98.000   29.000 -0.00623 3
 -98.000   30.000 -0.01077 4
 -98.000   31.000 -0.01347 6
 -98.000   32.000 -0.01735 7
 -98.000   33.000 -0.01991 14
 -98.000   34.000 -0.01675 14
 -98.000   35.000 -0.01318 32
 -98.000   36.000 -0.01069 14
 -98.000   37.000 -0.00438 14
 -98.000   38.000  0.00065 40
 -98.000   39.000  0.00417 44
 -98.000   40.000  0.00541 38
 -98.000   41.000  0.00564 57
 -98.000   42.000  0.00500 61
 -98.000   43.000  0.00658 58
 -98.000   44.000  0.00498 46
 -98.000   45.000  0.01126 23
 -98.000   46.000  0.01123 18
 -98.000   47.000  0.00944 9
 -98.000   48.000  0.00723 2
 -98.000   49.000  0.00820 3
 -98.000   50.000  0.00000 1
 -97.000   25.000 -0.00062 3
 -97.000   26.000 -0.00047 1
 -97.000   27.000 -0.00037 3
 -97.000   28.000 -0.00277 1
 -97.000   29.000 -0.00619 4
 -97.000   30.000 -0.01061 8
 -97.000   31.000 -0.01425 9
 -97.000   32.000 -0.01720 4
 -97.000   33.000 -0.01803 10
 -97.000   34.000 -0.01584 11
 -97.000   35.000 -0.01263 18
 -97.000   36.000 -0.01046 22
 -97.000   37.000 -0.00518 29
 -97.000   38.000 -0.00130 41
 -97.000   39.000  0.00283 36
 -97.000   40.000  0.00507 43
 -97.000   41.000  0.00611 44
 -97.000   42.000  0.00637 56
 -97.000   43.000  0.00726 54
 -97.000   44.000  0.00507 40
 -97.000   45.000  0.01185 15
 -97.000   46.000  0.01228 11
 -97.000   47.000  0.00969 6
 -97.000   48.000  0.00986 2
 -97.000   49.000  0.01143 0
 -97.000   50.000  0.00285 5
 -96.000   25.000 -0.00062 1
 -96.000   26.000 -0.00047 2
 -96.000   27.000 -0.00037 1
 -96.000   28.000 -0.00277 0
 -96.000   29.000 -0.00660 2
 -96.000   30.000 -0.01100 5
 -96.000   31.000 -0.01403 7
 -96.000   32.000 -0.01616 4
 -96.000   33.000 -0.01735 2
 -96.000   34.000 -0.01441 5
 -96.000   35.000 -0.01208 9
 -96.000   36.000 -0.01176 16
 -96.000   37.000 -0.00811 13
 -96.000   38.000 -0.00439 7
 -96.000   39.000 -0.00212 31
 -96.000   40.000  0.00137 23
 -96.000   41.000  0.00330 32
 -96.000   42.000  0.00466 51
 -96.000   43.000  0.00588 29
 -96.000   44.000  0.00638 29
 -96.000   45.000  0.00965 10
 -96.000   46.000  0.01043 10
 -96.000   47.000  0.00756 6
 -96.000   48.000  0.00791 4
 -96.000   49.000  0.00755 3
 -96.000   50.000  0.00285 1
 -95.000   25.000 -0.00062 2
 -95.000   26.000 -0.00047 4
 -95.000   27.000 -0.00037 6
 -95.000   28.000 -0.00277 1
 -95.000   29.000 -0.00479 3
 -95.000   30.000 -0.00585 7
 -95.000   31.000 -0.00876 2
 -95.000   32.000 -0.00984 6
 -95.000   33.000 -0.01019 6
 -95.000   34.000 -0.00958 6
 -95.000   35.000 -0.01031 9
 -95.000   36.000 -0.00958 14
 -95.000   37.000 -0.00703 9
 -95.000   38.000 -0.00291 19
 -95.000   39.000  0.00065 21
 -95.000   40.000  0.00381 17
 -95.000   41.000  0.00529 36
 -95.000   42.000  0.00668 31
 -95.000   43.000  0.00658 23
 -95.000   44.000  0.00579 18
 -95.000   45.000  0.00862 8
 -95.000   46.000  0.00938 13
 -95.000   47.000  0.00652 14
 -95.000   48.000  0.00696 2
 -95.000   49.000  0.00700 4
 -95.000   50.000  0.00295 6
 -94.000   25.000 -0.00062 1
 -94.000   26.000 -0.00047 3
 -94.000   27.000 -0.00037 2
 -94.000   28.000 -0.00165 2
 -94.000   29.000 -0.00101 3
 -94.000   30.000 -0.00206 5
 -94.000   31.000 -0.00405 8
 -94.000   32.000 -0.00175 3
 -94.000   33.000 -0.00202 5
 -94.000   34.000 -0.00473 17
 -94.000   35.000 -0.00296 26
 -94.000   36.000 -0.00327 19
 -94.000   37.000 -0.00274 8
 -94.000   38.000  0.00052 10
 -94.000   39.000  0.00444 20
 -94.000   40.000  0.00477 21
 -94.000   41.000  0.00646 31
 -94.000   42.000  0.00763 25
 -94.000   43.000  0.00759 32
 -94.000   44.000  0.00751 23
 -94.000   45.000  0.00855 8
 -94.000   46.000  0.01043 16
 -94.000   47.000  0.00694 6
 -94.000   48.000  0.00602 5
 -94.000   49.000  0.00531 2
 -94.000   50.000  0.00422 1
 -93.000   25.000 -0.00062 0
 -93.000   26.000 -0.00047 3
 -93.000   27.000 -0.00037 2
 -93.000   28.000 -0.00165 4
 -93.000   29.000 -0.00205 1
 -93.000   30.000 -0.00402 1
 -93.000   31.000 -0.00600 4
 -93.000   32.000 -0.00323 5
 -93.000   33.000 -0.00311 9
 -93.000   34.000 -0.00521 17
 -93.000   35.000 -0.00375 25
 -93.000   36.000 -0.00276 19
 -93.000   37.000 -0.00299 23
 -93.000   38.000 -0.00009 21
 -93.000   39.000  0.00400 17
 -93.000   40.000  0.00478 18
 -93.000   41.000  0.00449 33
 -93.000   42.000  0.00438 28
 -93.000   43.000  0.00439 33
 -93.000   44.000  0.00573 18
 -93.000   45.000  0.00573 13
 -93.000   46.000  0.00823 17
 -93.000   47.000  0.00696 12
 -93.000   48.000  0.00595 10
 -93.000   49.000  0.00380 2
 -93.000   50.000  0.00522 5
 -92.000   25.000  0.00000 1
 -92.000   26.000  0.00000 2
 -92.000   27.000 -0.00139 3
 -92.000   28.000 -0.00139 1
 -92.000   29.000 -0.00216 2
 -92.000   30.000 -0.00516 2
 -92.000   31.000 -0.00453 5
 -92.000   32.000 -0.00126 3
 -92.000   33.000 -0.00111 10
 -92.000   34.000 -0.00343 8
 -92.000   35.000 -0.00102 18
 -92.000   36.000 -0.00093 28
 -92.000   37.000  0.00047 25
 -92.000   38.000  0.00217 7
 -92.000   39.000  0.00650 19
 -92.000   40.000  0.00714 19
 -92.000   41.000  0.00495 31
 -92.000   42.000  0.00420 48
 -92.000   43.000  0.00404 17
 -92.000   44.000  0.00666 8
 -92.000   45.000  0.00563 14
 -92.000   46.000  0.00815 12
 -92.000   47.000  0.00694 10
 -92.000   48.000  0.00429 8
 -92.000   49.000  0.00055 6
 -92.000   50.000  0.00234 7
 -91.000   25.000  0.00000 0
 -91.000   26.000  0.00000 4
 -91.000   27.000  0.00044 0
 -91.000   28.000 -0.00118 3
 -91.000   29.000 -0.00154 1
 -91.000   30.000 -0.00537 3
 -91.000   31.000 -0.00410 3
 -91.000   32.000 -0.00281 8
 -91.000   33.000 -0.00098 2
 -91.000   34.000 -0.00386 10
 -91.000   35.000  0.00051 30
 -91.000   36.000  0.00101 26
 -91.000   37.000  0.00234 20
 -91.000   38.000  0.00396 17
 -91.000   39.000  0.00834 24
 -91.000   40.000  0.00801 23
 -91.000   41.000  0.00479 60
 -91.000   42.000  0.00371 49
 -91.000   43.000  0.00350 13
 -91.000   44.000  0.00518 31
 -91.000   45.000  0.00343 11
 -91.000   46.000  0.00555 21
 -91.000   47.000  0.00448 5
 -91.000   48.000  0.00190 14
 -91.000   49.000 -0.00114 6
 -91.000   50.000  0.00104 2
 -90.000   25.000  0.00000 0
 -90.000   26.000  0.00000 1
 -90.000   27.000  0.00044 2
 -90.000   28.000 -0.00092 1
 -90.000   29.000 -0.00260 6
 -90.000   30.000 -0.00642 4
 -90.000   31.000 -0.00512 6
 -90.000   32.000 -0.00358 14
 -90.000   33.000 -0.00157 13
 -90.000   34.000 -0.00246 13
 -90.000   35.000  0.00311 17
 -90.000   36.000  0.00356 15
 -90.000   37.000  0.00467 28
 -90.000   38.000  0.00593 19
 -90.000   39.000  0.00902 19
 -90.000   40.000  0.00767 20
 -90.000   41.000  0.00433 58
 -90.000   42.000  0.00215 40
 -90.000   43.000  0.00066 6
 -90.000   44.000  0.00290 8
 -90.000   45.000  0.00132 16
 -90.000   46.000  0.00369 19
 -90.000   47.000  0.00370 4
 -90.000   48.000  0.00233 7
 -90.000   49.000 -0.00055 8
 -90.000   50.000  0.00123 4
 -89.000   25.000  0.00000 0
 -89.000   26.000 -0.00068 0
 -89.000   27.000  0.00127 1
 -89.000   28.000 -0.00375 3
 -89.000   29.000 -0.00542 8
 -89.000   30.000 -0.00925 10
 -89.000   31.000 -0.00761 4
 -89.000   32.000 -0.00995 11
 -89.000   33.000 -0.00489 10
 -89.000   34.000 -0.00339 19
 -89.000   35.000  0.00063 19
 -89.000   36.000  0.00229 18
 -89.000   37.000  0.00423 12
 -89.000   38.000  0.00772 13
 -89.000   39.000  0.00827 17
 -89.000   40.000  0.00760 21
 -89.000   41.000  0.00265 37
 -89.000   42.000  0.00157 15
 -89.000   43.000 -0.00203 18
 -89.000   44.000  0.00103 15
 -89.000   45.000 -0.00031 10
 -89.000   46.000 -0.00022 15
 -89.000   47.000 -0.00015 15
 -89.000   48.000 -0.00008 6
 -89.000   49.000 -0.00440 16
 -89.000   50.000 -0.00283 5
 -88.000   25.000 -0.00248 0
 -88.000   26.000 -0.00253 3
 -88.000   27.000 -0.00022 1
 -88.000   28.000 -0.00599 5
 -88.000   29.000 -0.00931 3
 -88.000   30.000 -0.01214 7
 -88.000   31.000 -0.01048 13
 -88.000   32.000 -0.01316 3
 -88.000   33.000 -0.00683 5
 -88.000   34.000 -0.00459 10
 -88.000   35.000  0.00097 19
 -88.000   36.000  0.00214 19
 -88.000   37.000  0.00392 16
 -88.000   38.000  0.00550 26
 -88.000   39.000  0.00664 11
 -88.000   40.000  0.00544 23
 -88.000   41.000  0.00115 30
 -88.000   42.000  0.00175 17
 -88.000   43.000 -0.00057 11
 -88.000   44.000  0.00128 21
 -88.000   45.000 -0.00058 17
 -88.000   46.000 -0.00063 19
 -88.000   47.000 -0.00239 6
 -88.000   48.000 -0.00220 6
 -88.000   49.000 -0.00514 2
 -88.000   50.000 -0.00382 3
 -87.000   25.000 -0.00248 0
 -87.000   26.000  0.00055 2
 -87.000   27.000  0.00507 4
 -87.000   28.000 -0.00070 8
 -87.000   29.000 -0.00225 6
 -87.000   30.000 -0.00258 6
 -87.000   31.000 -0.00212 4
 -87.000   32.000 -0.00871 5
 -87.000   33.000 -0.00305 13
 -87.000   34.000 -0.00286 24
 -87.000   35.000 -0.00049 60
 -87.000   36.000 -0.00127 44
 -87.000   37.000  0.00121 22
 -87.000   38.000  0.00408 24
 -87.000   39.000  0.00461 34
 -87.000   40.000  0.00417 16
 -87.000   41.000  0.00082 27
 -87.000   42.000  0.00094 10
 -87.000   43.000 -0.00257 23
 -87.000   44.000 -0.00177 19
 -87.000   45.000 -0.00371 10
 -87.000   46.000 -0.00360 9
 -87.000   47.000 -0.00464 11
 -87.000   48.000 -0.00389 8
 -87.000   49.000 -0.00482 3
 -87.000   50.000 -0.00339 3
 -86.000   25.000 -0.00060 1
 -86.000   26.000  0.00484 5
 -86.000   27.000  0.00619 14
 -86.000   28.000  0.00200 2
 -86.000   29.000  0.00031 5
 -86.000   30.000 -0.00168 8
 -86.000   31.000 -0.00201 8
 -86.000   32.000 -0.00606 7
 -86.000   33.000 -0.00224 20
 -86.000   34.000 -0.00389 22
 -86.000   35.000  0.00036 30
 -86.000   36.000 -0.00241 17
 -86.000   37.000  0.00019 22
 -86.000   38.000  0.00462 18
 -86.000   39.000  0.00652 12
 -86.000   40.000  0.00459 12
 -86.000   41.000  0.00172 20
 -86.000   42.000  0.00116 13
 -86.000   43.000 -0.00385 19
 -86.000   44.000 -0.00329 18
 -86.000   45.000 -0.00323 15
 -86.000   46.000 -0.00275 4
 -86.000   47.000 -0.00305 2
 -86.000   48.000 -0.00210 5
 -86.000   49.000 -0.00293 1
 -86.000   50.000 -0.00209 3
 -85.000   25.000 -0.00060 2
 -85.000   26.000  0.00659 3
 -85.000   27.000  0.00846 2
 -85.000   28.000  0.00552 6
 -85.000   29.000  0.00601 9
 -85.000   30.000  0.00402 3
 -85.000   31.000  0.00558 13
 -85.000   32.000  0.00248 12
 -85.000   33.000  0.00383 15
 -85.000   34.000 -0.00013 29
 -85.000   35.000  0.00282 26
 -85.000   36.000 -0.00436 24
 -85.000   37.000 -0.00379 16
 -85.000   38.000  0.00016 14
 -85.000   39.000  0.00212 10
 -85.000   40.000  0.00125 16
 -85.000   41.000 -0.00106 16
 -85.000   42.000 -0.00228 23
 -85.000   43.000 -0.00521 16
 -85.000   44.000 -0.00428 17
 -85.000   45.000 -0.00363 13
 -85.000   46.000 -0.00274 7
 -85.000   47.000 -0.00227 2
 -85.000   48.000 -0.00170 6
 -85.000   49.000 -0.00280 0
 -85.000   50.000 -0.00251 1
 -84.000   25.000 -0.00060 0
 -84.000   26.000  0.00726 10
 -84.000   27.000  0.00580 4
 -84.000   28.000  0.00640 8
 -84.000   29.000  0.00665 6
 -84.000   30.000  0.00183 13
 -84.000   31.000  0.00668 12
 -84.000   32.000  0.00861 9
 -84.000   33.000  0.00651 15
 -84.000   34.000  0.00160 20
 -84.000   35.000  0.00658 7
 -84.000   36.000 -0.00563 13
 -84.000   37.000 -0.00806 9
 -84.000   38.000 -0.00551 12
 -84.000   39.000 -0.00349 24
 -84.000   40.000 -0.00267 17
 -84.000   41.000 -0.00325 24
 -84.000   42.000 -0.00348 19
 -84.000   43.000 -0.00545 24
 -84.000   44.000 -0.00410 17
 -84.000   45.000 -0.00275 26
 -84.000   46.000 -0.00075 19
 -84.000   47.000 -0.00007 2
 -84.000   48.000  0.00085 1
 -84.000   49.000  0.00125 1
 -84.000   50.000  0.00028 2
 -83.000   25.000  0.00188 0
 -83.000   26.000  0.00912 0
 -83.000   27.000  0.00728 4
 -83.000   28.000  0.00802 6
 -83.000   29.000  0.00969 11
 -83.000   30.000  0.00567 7
 -83.000   31.000  0.01049 10
 -83.000   32.000  0.01319 0
 -83.000   33.000  0.00921 18
 -83.000   34.000  0.00533 13
 -83.000   35.000  0.00884 7
 -83.000   36.000 -0.00511 18
 -83.000   37.000 -0.00844 26
 -83.000   38.000 -0.00394 18
 -83.000   39.000 -0.00438 21
 -83.000   40.000 -0.00485 14
 -83.000   41.000 -0.00306 14
 -83.000   42.000 -0.00392 26
 -83.000   43.000 -0.00630 23
 -83.000   44.000 -0.00385 11
 -83.000   45.000 -0.00132 20
 -83.000   46.000  0.00009 6
 -83.000   47.000  0.00151 6
 -83.000   48.000  0.00264 1
 -83.000   49.000  0.00213 26
 -83.000   50.000  0.00028 2
 -82.000   25.000  0.00188 0
 -82.000   26.000  0.00603 0
 -82.000   27.000  0.00338 0
 -82.000   28.000  0.00273 2
 -82.000   29.000  0.00511 6
 -82.000   30.000  0.00065 15
 -82.000   31.000  0.00575 8
 -82.000   32.000  0.01170 6
 -82.000   33.000  0.01074 12
 -82.000   34.000  0.00695 10
 -82.000   35.000  0.01006 11
 -82.000   36.000 -0.00281 14
 -82.000   37.000 -0.00866 14
 -82.000   38.000 -0.00794 14
 -82.000   39.000 -0.00953 22
 -82.000   40.000 -0.01122 25
 -82.000   41.000 -0.00867 15
 -82.000   42.000 -0.00917 29
 -82.000   43.000 -0.01024 20
 -82.000   44.000 -0.00626 29
 -82.000   45.000 -0.00086 17
 -82.000   46.000  0.00046 19
 -82.000   47.000  0.00224 13
 -82.000   48.000  0.00420 3
 -82.000   49.000  0.00262 4
 -82.000   50.000 -0.00046 4
 -81.000   25.000  0.00000 0
 -81.000   26.000  0.00174 0
 -81.000   27.000  0.00043 0
 -81.000   28.000 -0.00019 1
 -81.000   29.000  0.00233 3
 -81.000   30.000  0.00038 9
 -81.000   31.000  0.00562 10
 -81.000   32.000  0.01105 8
 -81.000   33.000  0.01064 0
 -81.000   34.000  0.00749 10
 -81.000   35.000  0.00792 6
 -81.000   36.000 -0.00030 10
 -81.000   37.000 -0.00860 10
 -81.000   38.000 -0.01029 17
 -81.000   39.000 -0.01135 12
 -81.000   40.000 -0.01179 15
 -81.000   41.000 -0.01213 13
 -81.000   42.000 -0.01006 36
 -81.000   43.000 -0.00955 13
 -81.000   44.000 -0.00559 13
 -81.000   45.000 -0.00105 13
 -81.000   46.000 -0.00005 11
 -81.000   47.000  0.00199 10
 -81.000   48.000  0.00450 3
 -81.000   49.000  0.00280 2
 -81.000   50.000 -0.00056 2
 -80.000   25.000  0.00000 0
 -80.000   26.000  0.00000 1
 -80.000   27.000 -0.00184 1
 -80.000   28.000 -0.00483 2
 -80.000   29.000 -0.00521 3
 -80.000   30.000 -0.00716 8
 -80.000   31.000 -0.00381 6
 -80.000   32.000  0.00460 3
 -80.000   33.000  0.00680 7
 -80.000   34.000  0.00690 3
 -80.000   35.000  0.00938 11
 -80.000   36.000  0.00551 8
 -80.000   37.000 -0.00515 7
 -80.000   38.000 -0.00645 10
 -80.000   39.000 -0.00756 13
 -80.000   40.000 -0.00961 16
 -80.000   41.000 -0.00877 16
 -80.000   42.000 -0.00541 20
 -80.000   43.000 -0.00450 13
 -80.000   44.000 -0.00045 16
 -80.000   45.000  0.00392 15
 -80.000   46.000  0.00307 14
 -80.000   47.000  0.00459 13
 -80.000   48.000  0.00724 6
 -80.000   49.000  0.00572 1
 -80.000   50.000  0.00291 3
 -79.000   25.000  0.00000 0
 -79.000   26.000  0.00000 0
 -79.000   27.000  0.00000 0
 -79.000   28.000 -0.00225 3
 -79.000   29.000 -0.00233 2
 -79.000   30.000  0.00107 4
 -79.000   31.000 -0.00168 5
 -79.000   32.000  0.00296 5
 -79.000   33.000  0.00357 5
 -79.000   34.000  0.00395 9
 -79.000   35.000  0.00160 5
 -79.000   36.000  0.00536 12
 -79.000   37.000 -0.00200 8
 -79.000   38.000 -0.00252 7
 -79.000   39.000 -0.00311 10
 -79.000   40.000 -0.00631 12
 -79.000   41.000 -0.00796 13
 -79.000   42.000 -0.00734 10
 -79.000   43.000 -0.00655 8
 -79.000   44.000 -0.00306 19
 -79.000   45.000  0.00262 25
 -79.000   46.000  0.00273 22
 -79.000   47.000  0.00550 15
 -79.000   48.000  0.00925 18
 -79.000   49.000  0.00757 12
 -79.000   50.000  0.00421 20
 -78.000   25.000  0.00000 0
 -78.000   26.000  0.00000 0
 -78.000   27.000  0.00000 0
 -78.000   28.000  0.00047 1
 -78.000   29.000  0.00144 5
 -78.000   30.000  0.00731 10
 -78.000   31.000  0.00456 8
 -78.000   32.000  0.01031 4
 -78.000   33.000  0.01228 3
 -78.000   34.000  0.01162 6
 -78.000   35.000  0.00612 7
 -78.000   36.000  0.01268 7
 -78.000   37.000  0.00310 14
 -78.000   38.000 -0.00110 13
 -78.000   39.000 -0.00149 20
 -78.000   40.000 -0.00372 8
 -78.000   41.000 -0.00831 7
 -78.000   42.000 -0.00526 13
 -78.000   43.000 -0.00420 11
 -78.000   44.000 -0.00151 29
 -78.000   45.000  0.00423 44
 -78.000   46.000  0.00445 15
 -78.000   47.000  0.00594 23
 -78.000   48.000  0.00939 28
 -78.000   49.000  0.00846 23
 -78.000   50.000  0.00483 7
 -77.000   25.000  0.00000 0
 -77.000   26.000  0.00000 0
 -77.000   27.000  0.00000 0
 -77.000   28.000  0.00187 0
 -77.000   29.000  0.00150 1
 -77.000   30.000  0.00736 7
 -77.000   31.000  0.00301 15
 -77.000   32.000  0.00837 8
 -77.000   33.000  0.00736 8
 -77.000   34.000  0.00834 5
 -77.000   35.000  0.00370 10
 -77.000   36.000  0.01297 7
 -77.000   37.000  0.00387 5
 -77.000   38.000  0.00242 6
 -77.000   39.000  0.00261 8
 -77.000   40.000  0.00125 9
 -77.000   41.000 -0.00358 7
 -77.000   42.000 -0.00050 12
 -77.000   43.000  0.00033 7
 -77.000   44.000  0.00176 21
 -77.000   45.000  0.00491 71
 -77.000   46.000  0.00398 31
 -77.000   47.000  0.00575 16
 -77.000   48.000  0.00823 20
 -77.000   49.000  0.00749 25
 -77.000   50.000  0.00495 11
 -76.000   25.000  0.00000 0
 -76.000   26.000  0.00000 0
 -76.000   27.000  0.00000 0
 -76.000   28.000  0.00187 0
 -76.000   29.000  0.00073 1
 -76.000   30.000  0.00573 7
 -76.000   31.000  0.00138 15
 -76.000   32.000  0.00575 9
 -76.000   33.000  0.00354 2
 -76.000   34.000  0.00646 19
 -76.000   35.000  0.00232 6
 -76.000   36.000  0.00984 6
 -76.000   37.000  0.00451 5
 -76.000   38.000  0.00495 9
 -76.000   39.000  0.00517 9
 -76.000   40.000  0.00403 8
 -76.000   41.000  0.00128 6
 -76.000   42.000  0.00181 4
 -76.000   43.000  0.00247 4
 -76.000   44.000  0.00294 11
 -76.000   45.000  0.00544 22
 -76.000   46.000  0.00520 15
 -76.000   47.000  0.00615 19
 -76.000   48.000  0.00814 16
 -76.000   49.000  0.00709 9
 -76.000   50.000  0.00574 8
 -75.000   25.000  0.00000 0
 -75.000   26.000  0.00000 0
 -75.000   27.000  0.00000 0
 -75.000   28.000  0.00273 3
 -75.000   29.000  0.00363 2
 -75.000   30.000  0.00863 2
 -75.000   31.000  0.00428 11
 -75.000   32.000  0.00481 1
 -75.000   33.000  0.00213 10
 -75.000   34.000  0.00319 8
 -75.000   35.000 -0.00444 10
 -75.000   36.000  0.00178 7
 -75.000   37.000  0.00115 11
 -75.000   38.000  0.00123 11
 -75.000   39.000  0.00620 9
 -75.000   40.000  0.00821 5
 -75.000   41.000  0.00529 3
 -75.000   42.000  0.00669 5
 -75.000   43.000  0.00757 4
 -75.000   44.000  0.00223 3
 -75.000   45.000  0.00465 14
 -75.000   46.000  0.00616 18
 -75.000   47.000  0.00555 26
 -75.000   48.000  0.00687 18
 -75.000   49.000  0.00662 10
 -75.000   50.000  0.00581 8
 -74.000   25.000  0.00000 0
 -74.000   26.000  0.00000 0
 -74.000   27.000  0.00000 0
 -74.000   28.000  0.00211 0
 -74.000   29.000  0.00293 0
 -74.000   30.000  0.00541 1
 -74.000   31.000  0.00369 6
 -74.000   32.000  0.00422 10
 -74.000   33.000  0.00322 0
 -74.000   34.000  0.00398 7
 -74.000   35.000 -0.00229 6
 -74.000   36.000 -0.00101 7
 -74.000   37.000 -0.00103 9
 -74.000   38.000 -0.00245 14
 -74.000   39.000  0.00490 9
 -74.000   40.000  0.00869 5
 -74.000   41.000  0.00929 10
 -74.000   42.000  0.01095 5
 -74.000   43.000  0.01204 5
 -74.000   44.000  0.00508 5
 -74.000   45.000  0.00589 7
 -74.000   46.000  0.00744 23
 -74.000   47.000  0.00564 16
 -74.000   48.000  0.00676 19
 -74.000   49.000  0.00597 13
 -74.000   50.000  0.00662 13
 -73.000   25.000  0.00000 0
 -73.000   26.000  0.00000 0
 -73.000   27.000  0.00000 0
 -73.000   28.000  0.00000 0
 -73.000   29.000 -0.00000 0
 -73.000   30.000 -0.00086 3
 -73.000   31.000 -0.00258 5
 -73.000   32.000 -0.00406 5
 -73.000   33.000 -0.00563 0
 -73.000   34.000 -0.00512 3
 -73.000   35.000 -0.00805 3
 -73.000   36.000 -0.00961 13
 -73.000   37.000 -0.00651 6
 -73.000   38.000 -0.00764 6
 -73.000   39.000  0.00329 7
 -73.000   40.000  0.00901 8
 -73.000   41.000  0.01228 6
 -73.000   42.000  0.01202 5
 -73.000   43.000  0.01527 5
 -73.000   44.000  0.00530 6
 -73.000   45.000  0.00314 9
 -73.000   46.000  0.00490 13
 -73.000   47.000  0.00302 9
 -73.000   48.000  0.00377 10
 -73.000   49.000  0.00288 16
 -73.000   50.000  0.00423 14
 -72.000   25.000  0.00000 0
 -72.000   26.000  0.00000 0
 -72.000   27.000  0.00000 0
 -72.000   28.000  0.00000 0
 -72.000   29.000 -0.00077 0
 -72.000   30.000 -0.00163 0
 -72.000   31.000 -0.00163 5
 -72.000   32.000 -0.00272 3
 -72.000   33.000 -0.00392 0
 -72.000   34.000 -0.00280 0
 -72.000   35.000 -0.00526 0
 -72.000   36.000 -0.00863 2
 -72.000   37.000 -0.00700 26
 -72.000   38.000 -0.00850 8
 -72.000   39.000  0.00259 6
 -72.000   40.000  0.00784 10
 -72.000   41.000  0.01120 7
 -72.000   42.000  0.01379 3
 -72.000   43.000  0.01697 7
 -72.000   44.000  0.00682 4
 -72.000   45.000  0.00466 6
 -72.000   46.000  0.00691 12
 -72.000   47.000  0.00209 4
 -72.000   48.000  0.00369 10
 -72.000   49.000  0.00301 19
 -72.000   50.000  0.00438 13
 -71.000   25.000  0.00000 0
 -71.000   26.000  0.00000 0
 -71.000   27.000  0.00000 0
 -71.000   28.000  0.00000 0
 -71.000   29.000  0.00000 0
 -71.000   30.000  0.00000 1
 -71.000   31.000  0.00000 2
 -71.000   32.000  0.00000 4
 -71.000   33.000  0.00000 0
 -71.000   34.000  0.00049 2
 -71.000   35.000 -0.00235 0
 -71.000   36.000 -0.00757 1
 -71.000   37.000 -0.01149 4
 -71.000   38.000 -0.01833 9
 -71.000   39.000 -0.00918 5
 -71.000   40.000 -0.00441 9
 -71.000   41.000  0.00080 7
 -71.000   42.000  0.00785 7
 -71.000   43.000  0.01515 8
 -71.000   44.000  0.00615 5
 -71.000   45.000  0.00459 4
 -71.000   46.000  0.00597 5
 -71.000   47.000  0.00140 5
 -71.000   48.000  0.00266 5
 -71.000   49.000  0.00252 12
 -71.000   50.000  0.00274 16
 -70.000   25.000  0.00000 0
 -70.000   26.000  0.00000 0
 -70.000   27.000  0.00000 0
 -70.000   28.000  0.00000 0
 -70.000   29.000  0.00000 0
 -70.000   30.000  0.00000 1
 -70.000   31.000  0.00000 0
 -70.000   32.000  0.00000 0
 -70.000   33.000  0.00000 0
 -70.000   34.000  0.00000 0
 -70.000   35.000 -0.00117 0
 -70.000   36.000 -0.00525 1
 -70.000   37.000 -0.00988 5
 -70.000   38.000 -0.01669 2
 -70.000   39.000 -0.01210 8
 -70.000   40.000 -0.00900 4
 -70.000   41.000 -0.00493 5
 -70.000   42.000  0.00041 3
 -70.000   43.000  0.00689 4
 -70.000   44.000  0.00326 6
 -70.000   45.000  0.00133 5
 -70.000   46.000  0.00203 3
 -70.000   47.000 -0.00261 4
 -70.000   48.000 -0.00134 3
 -70.000   49.000 -0.00288 17
 -70.000   50.000 -0.00384 7
 -69.000   25.000  0.00000 0
 -69.000   26.000  0.00000 0
 -69.000   27.000  0.00000 0
 -69.000   28.000  0.00000 0
 -69.000   29.000  0.00000 0
 -69.000   30.000  0.00000 0
 -69.000   31.000  0.00000 0
 -69.000   32.000  0.00000 0
 -69.000   33.000  0.00000 0
 -69.000   34.000  0.00000 0
 -69.000   35.000  0.00000 0
 -69.000   36.000 -0.00243 0
 -69.000   37.000 -0.00808 1
 -69.000   38.000 -0.01513 6
 -69.000   39.000 -0.01263 8
 -69.000   40.000 -0.01069 6
 -69.000   41.000 -0.01024 5
 -69.000   42.000 -0.00389 1
 -69.000   43.000  0.00317 1
 -69.000   44.000  0.00066 4
 -69.000   45.000 -0.00127 5
 -69.000   46.000 -0.00140 3
 -69.000   47.000 -0.00742 4
 -69.000   48.000 -0.00693 7
 -69.000   49.000 -0.00866 5
 -69.000   50.000 -0.01154 4
 -68.000   25.000  0.00000 0
 -68.000   26.000  0.00000 0
 -68.000   27.000  0.00000 0
 -68.000   28.000  0.00000 0
 -68.000   29.000  0.00000 0
 -68.000   30.000  0.00000 0
 -68.000   31.000  0.00000 0
 -68.000   32.000  0.00000 0
 -68.000   33.000  0.00000 0
 -68.000   34.000  0.00000 0
 -68.000   35.000  0.00000 0
 -68.000   36.000 -0.00093 0
 -68.000   37.000 -0.00657 2
 -68.000   38.000 -0.01070 1
 -68.000   39.000 -0.01070 2
 -68.000   40.000 -0.01242 5
 -68.000   41.000 -0.01331 3
 -68.000   42.000 -0.00695 1
 -68.000   43.000 -0.00282 4
 -68.000   44.000 -0.00282 8
 -68.000   45.000 -0.00110 2
 -68.000   46.000 -0.00140 1
 -68.000   47.000 -0.00658 4
 -68.000   48.000 -0.00783 4
 -68.000   49.000 -0.00979 8
 -68.000   50.000 -0.01306 5
 -67.000   25.000  0.00000 0
 -67.000   26.000  0.00000 0
 -67.000   27.000  0.00000 0
 -67.000   28.000  0.00000 0
 -67.000   29.000  0.00000 0
 -67.000   30.000  0.00000 0
 -67.000   31.000  0.00000 0
 -67.000   32.000  0.00000 0
 -67.000   33.000  0.00000 0
 -67.000   34.000  0.00000 0
 -67.000   35.000  0.00000 0
 -67.000   36.000 -0.00093 0
 -67.000   37.000 -0.00480 1
 -67.000   38.000 -0.00893 2
 -67.000   39.000 -0.01035 3
 -67.000   40.000 -0.01207 1
 -67.000   41.000 -0.01296 5
 -67.000   42.000 -0.01015 2
 -67.000   43.000 -0.00601 6
 -67.000   44.000 -0.00459 0
 -67.000   45.000 -0.00287 2
 -67.000   46.000 -0.00317 1
 -67.000   47.000 -0.00582 2
 -67.000   48.000 -0.00780 6
 -67.000   49.000 -0.00975 6
 -67.000   50.000 -0.01300 3
 -66.000   25.000  0.00000 0
 -66.000   26.000  0.00000 0
 -66.000   27.000  0.00000 0
 -66.000   28.000  0.00000 0
 -66.000   29.000  0.00000 0
 -66.000   30.000  0.00000 0
 -66.000   31.000  0.00000 0
 -66.000   32.000  0.00000 0
 -66.000   33.000  0.00000 0
 -66.000   34.000  0.00000 0
 -66.000   35.000  0.00000 0
 -66.000   36.000  0.00000 0
 -66.000   37.000  0.00000 0
 -66.000   38.000  0.00000 0
 -66.000   39.000 -0.00178 0
 -66.000   40.000 -0.00393 0
 -66.000   41.000 -0.00619 3
 -66.000   42.000 -0.00751 8
 -66.000   43.000 -0.00751 3
 -66.000   44.000 -0.00574 0
 -66.000   45.000 -0.00359 2
 -66.000   46.000 -0.00326 1
 -66.000   47.000 -0.00657 2
 -66.000   48.000 -0.00904 3
 -66.000   49.000 -0.01130 5
 -66.000   50.000 -0.01506 6
 -65.000   25.000  0.00000 0
 -65.000   26.000  0.00000 0
 -65.000   27.000  0.00000 0
 -65.000   28.000  0.00000 0
 -65.000   29.000  0.00000 0
 -65.000   30.000  0.00000 0
 -65.000   31.000  0.00000 0
 -65.000   32.000  0.00000 0
 -65.000   33.000  0.00000 0
 -65.000   34.000  0.00000 0
 -65.000   35.000  0.00000 0
 -65.000   36.000  0.00000 0
 -65.000   37.000  0.00000 0
 -65.000   38.000  0.00000 0
 -65.000   39.000 -0.00237 0
 -65.000   40.000 -0.00524 1
 -65.000   41.000 -0.00825 7
 -65.000   42.000 -0.00825 0
 -65.000   43.000 -0.00825 0
 -65.000   44.000 -0.00589 1
 -65.000   45.000 -0.00302 1
 -65.000   46.000 -0.00258 3
 -65.000   47.000 -0.00560 3
 -65.000   48.000 -0.00889 1
 -65.000   49.000 -0.01111 4
 -65.000   50.000 -0.01481 4
