-130.000   25.000  0.00000 0
-130.000   26.000  0.00000 0
-130.000   27.000  0.00000 0
-130.000   28.000  0.00000 0
-130.000   29.000  0.00000 0
-130.000   30.000  0.00000 0
-130.000   31.000  0.00000 0
-130.000   32.000  0.00000 0
-130.000   33.000  0.00000 0
-130.000   34.000  0.00000 0
-130.000   35.000  0.00000 0
-130.000   36.000  0.00000 0
-130.000   37.000  0.00079 0
-130.000   38.000  0.00199 0
-130.000   39.000  0.00367 0
-130.000   40.000  0.00395 0
-130.000   41.000  0.00640 0
-130.000   42.000  0.00461 0
-130.000   43.000  0.00478 0
-130.000   44.000  0.00112 1
-130.000   45.000 -0.00166 2
-130.000   46.000 -0.01150 1
-130.000   47.000 -0.01502 3
-130.000   48.000 -0.02171 8
-130.000   49.000 -0.02465 0
-130.000   50.000 -0.02870 0
-129.000   25.000  0.00000 0
-129.000   26.000  0.00000 0
-129.000   27.000  0.00000 0
-129.000   28.000  0.00000 0
-129.000   29.000  0.00000 0
-129.000   30.000  0.00000 0
-129.000   31.000  0.00000 0
-129.000   32.000  0.00000 0
-129.000   33.000 -0.00211 0
-129.000   34.000 -0.00211 0
-129.000   35.000 -0.00065 0
-129.000   36.000  0.00031 0
-129.000   37.000  0.00155 0
-129.000   38.000  0.00524 0
-129.000   39.000  0.00632 0
-129.000   40.000  0.00519 0
-129.000   41.000  0.00634 5
-129.000   42.000  0.00218 7
-129.000   43.000  0.00127 7
-129.000   44.000 -0.00277 4
-129.000   45.000 -0.00670 8
-129.000   46.000 -0.01660 16
-129.000   47.000 -0.01958 10
-129.000   48.000 -0.02735 17
-129.000   49.000 -0.03047 7
-129.000   50.000 -0.03463 7
-128.000   25.000  0.00000 0
-128.000   26.000  0.00000 0
-128.000   27.000  0.00000 0
-128.000   28.000  0.00000 0
-128.000   29.000  0.00000 0
-128.000   30.000  0.00000 0
-128.000   31.000  0.00000 0
-128.000   32.000  0.00000 0
-128.000   33.000 -0.00032 0
-128.000   34.000  0.00024 0
-128.000   35.000  0.00272 0
-128.000   36.000  0.00460 0
-128.000   37.000  0.00567 0
-128.000   38.000  0.00691 3
-128.000   39.000  0.00776 18
-128.000   40.000  0.00559 37
-128.000   41.000  0.00507 35
-128.000   42.000  0.00095 45
-128.000   43.000 -0.00018 34
-128.000   44.000 -0.00465 61
-128.000   45.000 -0.00970 52
-128.000   46.000 -0.01903 54
-128.000   47.000 -0.02212 60
-128.000   48.000 -0.02974 37
-128.000   49.000 -0.03334 27
-128.000   50.000 -0.03657 15
-127.000   25.000  0.00000 0
-127.000   26.000  0.00000 0
-127.000   27.000  0.00000 0
-127.000   28.000  0.00000 0
-127.000   29.000  0.00000 0
-127.000   30.000  0.00000 0
-127.000   31.000  0.00000 0
-127.000   32.000  0.00165 0
-127.000   33.000  0.00266 0
-127.000   34.000  0.00368 0
-127.000   35.000  0.00663 6
-127.000   36.000  0.00895 5
-127.000   37.000  0.00876 20
-127.000   38.000  0.00878 34
-127.000   39.000  0.00894 35
-127.000   40.000  0.00625 53
-127.000   41.000  0.00486 61
-127.000   42.000 -0.00087 59
-127.000   43.000 -0.00210 32
-127.000   44.000 -0.00715 71
-127.000   45.000 -0.01350 76
-127.000   46.000 -0.02314 79
-127.000   47.000 -0.02667 44
-127.000   48.000 -0.03486 36
-127.000   49.000 -0.03873 54
-127.000   50.000 -0.04150 12
-126.000   25.000  0.00000 0
-126.000   26.000  0.00000 0
-126.000   27.000  0.00000 0
-126.000   28.000  0.00000 0
-126.000   29.000  0.00000 0
-126.000   30.000  0.00181 0
-126.000   31.000  0.00271 0
-126.000   32.000  0.00502 0
-126.000   33.000  0.00647 0
-126.000   34.000  0.00769 3
-126.000   35.000  0.01003 14
-126.000   36.000  0.01197 16
-126.000   37.000  0.01115 24
-126.000   38.000  0.01042 38
-126.000   39.000  0.00968 55
-126.000   40.000  0.00551 60
-126.000   41.000  0.00073 31
-126.000   42.000 -0.00565 49
-126.000   43.000 -0.00849 42
-126.000   44.000 -0.01255 66
-126.000   45.000 -0.01842 61
-126.000   46.000 -0.02425 74
-126.000   47.000 -0.02837 51
-126.000   48.000 -0.03496 28
-126.000   49.000 -0.03923 28
-126.000   50.000 -0.04250 17
-125.000   25.000  0.00000 0
-125.000   26.000  0.00000 0
-125.000   27.000  0.00000 0
-125.000   28.000  0.00068 0
-125.000   29.000  0.00107 0
-125.000   30.000  0.00399 0
-125.000   31.000  0.00483 0
-125.000   32.000  0.00701 0
-125.000   33.000  0.00783 3
-125.000   34.000  0.00893 21
-125.000   35.000  0.00962 23
-125.000   36.000  0.01180 19
-125.000   37.000  0.00890 44
-125.000   38.000  0.00735 64
-125.000   39.000  0.00420 48
-125.000   40.000 -0.00140 37
-125.000   41.000 -0.00870 44
-125.000   42.000 -0.01238 39
-125.000   43.000 -0.01478 26
-125.000   44.000 -0.01604 28
-125.000   45.000 -0.01957 47
-125.000   46.000 -0.02201 33
-125.000   47.000 -0.02524 29
-125.000   48.000 -0.03089 18
-125.000   49.000 -0.03497 20
-125.000   50.000 -0.03743 13
-124.000   25.000  0.00000 0
-124.000   26.000  0.00000 0
-124.000   27.000  0.00000 0
-124.000   28.000  0.00068 0
-124.000   29.000  0.00141 0
-124.000   30.000  0.00397 0
-124.000   31.000  0.00446 3
-124.000   32.000  0.00612 13
-124.000   33.000  0.00862 19
-124.000   34.000  0.01038 22
-124.000   35.000  0.01050 49
-124.000   36.000  0.01218 42
-124.000   37.000  0.00837 68
-124.000   38.000  0.00313 45
-124.000   39.000 -0.00193 39
-124.000   40.000 -0.00802 29
-124.000   41.000 -0.01576 21
-124.000   42.000 -0.01756 26
-124.000   43.000 -0.01904 29
-124.000   44.000 -0.01819 46
-124.000   45.000 -0.01975 38
-124.000   46.000 -0.02101 36
-124.000   47.000 -0.02457 46
-124.000   48.000 -0.02842 25
-124.000   49.000 -0.03338 7
-124.000   50.000 -0.03622 14
-123.000   25.000  0.00000 0
-123.000   26.000  0.00000 0
-123.000   27.000  0.00000 0
-123.000   28.000  0.00072 0
-123.000   29.000  0.00086 0
-123.000   30.000  0.00295 8
-123.000   31.000  0.00229 9
-123.000   32.000  0.00325 30
-123.000   33.000  0.00380 33
-123.000   34.000  0.00529 30
-123.000   35.000  0.00423 74
-123.000   36.000  0.00530 66
-123.000   37.000  0.00122 64
-123.000   38.000 -0.00315 33
-123.000   39.000 -0.00929 29
-123.000   40.000 -0.01523 31
-123.000   41.000 -0.02196 34
-123.000   42.000 -0.02332 39
-123.000   43.000 -0.02502 28
-123.000   44.000 -0.02306 51
-123.000   45.000 -0.02282 39
-123.000   46.000 -0.02366 53
-123.000   47.000 -0.02669 52
-123.000   48.000 -0.02873 29
-123.000   49.000 -0.03274 18
-123.000   50.000 -0.03587 18
-122.000   25.000  0.00000 0
-122.000   26.000  0.00000 0
-122.000   27.000  0.00000 0
-122.000   28.000  0.00006 0
-122.000   29.000  0.00071 0
-122.000   30.000  0.00251 0
-122.000   31.000  0.00121 41
-122.000   32.000 -0.00050 46
-122.000   33.000 -0.00043 96
-122.000   34.000 -0.00001 79
-122.000   35.000 -0.00228 99
-122.000   36.000 -0.00144 207
-122.000   37.000 -0.00404 74
-122.000   38.000 -0.00869 49
-122.000   39.000 -0.01493 39
-122.000   40.000 -0.02075 39
-122.000   41.000 -0.02643 41
-122.000   42.000 -0.02626 39
-122.000   43.000 -0.02780 51
-122.000   44.000 -0.02607 77
-122.000   45.000 -0.02441 54
-122.000   46.000 -0.02435 69
-122.000   47.000 -0.02711 41
-122.000   48.000 -0.02818 23
-122.000   49.000 -0.03092 17
-122.000   50.000 -0.03352 20
-121.000   25.000  0.00000 0
-121.000   26.000  0.00000 0
-121.000   27.000  0.00000 0
-121.000   28.000  0.00026 0
-121.000   29.000  0.00152 0
-121.000   30.000  0.00130 23
-121.000   31.000 -0.00152 63
-121.000   32.000 -0.00486 122
-121.000   33.000 -0.00551 85
-121.000   34.000 -0.00580 80
-121.000   35.000 -0.00786 151
-121.000   36.000 -0.00663 199
-121.000   37.000 -0.00897 83
-121.000   38.000 -0.01506 47
-121.000   39.000 -0.02221 53
-121.000   40.000 -0.02750 72
-121.000   41.000 -0.03126 63
-121.000   42.000 -0.03021 77
-121.000   43.000 -0.02976 64
-121.000   44.000 -0.02843 63
-121.000   45.000 -0.02772 75
-121.000   46.000 -0.03214 54
-121.000   47.000 -0.03557 41
-121.000   48.000 -0.03488 29
-121.000   49.000 -0.03754 15
-121.000   50.000 -0.03864 20
-120.000   25.000  0.00000 0
-120.000   26.000  0.00000 0
-120.000   27.000 -0.00078 0
-120.000   28.000 -0.00221 0
-120.000   29.000 -0.00161 0
-120.000   30.000 -0.00292 53
-120.000   31.000 -0.00631 120
-120.000   32.000 -0.00891 70
-120.000   33.000 -0.00835 96
-120.000   34.000 -0.00876 85
-120.000   35.000 -0.00872 204
-120.000   36.000 -0.00741 147
-120.000   37.000 -0.00755 121
-120.000   38.000 -0.01405 160
-120.000   39.000 -0.01986 79
-120.000   40.000 -0.02522 91
-120.000   41.000 -0.02695 105
-120.000   42.000 -0.02905 126
-120.000   43.000 -0.02738 206
-120.000   44.000 -0.02731 99
-120.000   45.000 -0.02745 90
-120.000   46.000 -0.03392 46
-120.000   47.000 -0.03608 42
-120.000   48.000 -0.03617 29
-120.000   49.000 -0.03827 15
-120.000   50.000 -0.03973 16
-119.000   25.000  0.00000 0
-119.000   26.000  0.00000 0
-119.000   27.000 -0.00264 0
-119.000   28.000 -0.00473 0
-119.000   29.000 -0.00404 0
-119.000   30.000 -0.00577 44
-119.000   31.000 -0.00899 106
-119.000   32.000 -0.00946 67
-119.000   33.000 -0.00927 43
-119.000   34.000 -0.01168 78
-119.000   35.000 -0.01267 152
-119.000   36.000 -0.01312 107
-119.000   37.000 -0.01294 100
-119.000   38.000 -0.01759 112
-119.000   39.000 -0.02176 87
-119.000   40.000 -0.02487 95
-119.000   41.000 -0.02513 80
-119.000   42.000 -0.02895 104
-119.000   43.000 -0.02718 93
-119.000   44.000 -0.02797 114
-119.000   45.000 -0.02924 99
-119.000   46.000 -0.03542 74
-119.000   47.000 -0.03605 32
-119.000   48.000 -0.03700 24
-119.000   49.000 -0.03792 15
-119.000   50.000 -0.03872 11
-118.000   25.000  0.00000 0
-118.000   26.000  0.00000 0
-118.000   27.000 -0.00399 0
-118.000   28.000 -0.00700 0
-118.000   29.000 -0.00567 21
-118.000   30.000 -0.00766 50
-118.000   31.000 -0.01029 72
-118.000   32.000 -0.00922 59
-118.000   33.000 -0.00786 58
-118.000   34.000 -0.01108 50
-118.000   35.000 -0.01275 102
-118.000   36.000 -0.01439 94
-118.000   37.000 -0.01376 95
-118.000   38.000 -0.01861 56
-118.000   39.000 -0.02249 46
-118.000   40.000 -0.02456 50
-118.000   41.000 -0.02433 69
-118.000   42.000 -0.02717 75
-118.000   43.000 -0.02419 61
-118.000   44.000 -0.02463 99
-118.000   45.000 -0.02669 88
-118.000   46.000 -0.03158 39
-118.000   47.000 -0.03336 28
-118.000   48.000 -0.03503 22
-118.000   49.000 -0.03601 18
-118.000   50.000 -0.03506 14
-117.000   25.000  0.00000 0
-117.000   26.000  0.00000 0
-117.000   27.000 -0.00508 0
-117.000   28.000 -0.00816 0
-117.000   29.000 -0.00771 37
-117.000   30.000 -0.00898 92
-117.000   31.000 -0.01139 87
-117.000   32.000 -0.00841 93
-117.000   33.000 -0.00810 54
-117.000   34.000 -0.01126 47
-117.000   35.000 -0.01347 76
-117.000   36.000 -0.01558 79
-117.000   37.000 -0.01546 63
-117.000   38.000 -0.01810 50
-117.000   39.000 -0.02206 25
-117.000   40.000 -0.02299 49
-117.000   41.000 -0.02290 56
-117.000   42.000 -0.02627 84
-117.000   43.000 -0.02400 62
-117.000   44.000 -0.02151 80
-117.000   45.000 -0.02411 27
-117.000   46.000 -0.02890 43
-117.000   47.000 -0.03106 35
-117.000   48.000 -0.03297 17
-117.000   49.000 -0.03599 12
-117.000   50.000 -0.03629 8
-116.000   25.000  0.00000 0
-116.000   26.000  0.00000 0
-116.000   27.000 -0.00452 0
-116.000   28.000 -0.00785 0
-116.000   29.000 -0.00954 18
-116.000   30.000 -0.01134 93
-116.000   31.000 -0.01299 161
-116.000   32.000 -0.00974 80
-116.000   33.000 -0.00966 47
-116.000   34.000 -0.01149 94
-116.000   35.000 -0.01308 77
-116.000   36.000 -0.01582 51
-116.000   37.000 -0.01632 94
-116.000   38.000 -0.01651 62
-116.000   39.000 -0.01852 60
-116.000   40.000 -0.01904 34
-116.000   41.000 -0.02046 55
-116.000   42.000 -0.02379 60
-116.000   43.000 -0.02323 35
-116.000   44.000 -0.02067 67
-116.000   45.000 -0.02274 44
-116.000   46.000 -0.02334 51
-116.000   47.000 -0.02472 15
-116.000   48.000 -0.02680 17
-116.000   49.000 -0.02978 13
-116.000   50.000 -0.02975 12
-115.000   25.000  0.00000 0
-115.000   26.000  0.00000 0
-115.000   27.000 -0.00248 0
-115.000   28.000 -0.00476 0
-115.000   29.000 -0.00716 54
-115.000   30.000 -0.00924 101
-115.000   31.000 -0.01100 170
-115.000   32.000 -0.00923 66
-115.000   33.000 -0.01009 70
-115.000   34.000 -0.01086 64
-115.000   35.000 -0.01285 65
-115.000   36.000 -0.01460 46
-115.000   37.000 -0.01636 91
-115.000   38.000 -0.01631 65
-115.000   39.000 -0.01915 39
-115.000   40.000 -0.01773 37
-115.000   41.000 -0.01973 88
-115.000   42.000 -0.02155 76
-115.000   43.000 -0.02106 48
-115.000   44.000 -0.01733 33
-115.000   45.000 -0.02120 65
-115.000   46.000 -0.02333 104
-115.000   47.000 -0.02541 28
-115.000   48.000 -0.02702 9
-115.000   49.000 -0.03092 12
-115.000   50.000 -0.03037 10
-114.000   25.000  0.00000 0
-114.000   26.000  0.00000 0
-114.000   27.000 -0.00129 0
-114.000   28.000 -0.00309 1
-114.000   29.000 -0.00742 76
-114.000   30.000 -0.00948 185
-114.000   31.000 -0.01067 82
-114.000   32.000 -0.01016 67
-114.000   33.000 -0.01073 56
-114.000   34.000 -0.00924 54
-114.000   35.000 -0.01031 56
-114.000   36.000 -0.01072 57
-114.000   37.000 -0.01187 74
-114.000   38.000 -0.01260 52
-114.000   39.000 -0.01544 40
-114.000   40.000 -0.01510 17
-114.000   41.000 -0.01784 94
-114.000   42.000 -0.01853 70
-114.000   43.000 -0.01722 62
-114.000   44.000 -0.01303 30
-114.000   45.000 -0.01612 112
-114.000   46.000 -0.01813 31
-114.000   47.000 -0.02157 21
-114.000   48.000 -0.02192 11
-114.000   49.000 -0.02555 8
-114.000   50.000 -0.02427 6
-113.000   25.000  0.00000 0
-113.000   26.000 -0.00048 0
-113.000   27.000  0.00034 0
-113.000   28.000 -0.00049 5
-113.000   29.000 -0.00606 69
-113.000   30.000 -0.00840 70
-113.000   31.000 -0.00823 80
-113.000   32.000 -0.00914 42
-113.000   33.000 -0.01122 34
-113.000   34.000 -0.00910 40
-113.000   35.000 -0.00932 80
-113.000   36.000 -0.00910 34
-113.000   37.000 -0.01061 296
-113.000   38.000 -0.01006 67
-113.000   39.000 -0.01168 31
-113.000   40.000 -0.01151 46
-113.000   41.000 -0.01473 73
-113.000   42.000 -0.01739 52
-113.000   43.000 -0.01587 49
-113.000   44.000 -0.01011 32
-113.000   45.000 -0.01137 47
-113.000   46.000 -0.01453 25
-113.000   47.000 -0.01687 26
-113.000   48.000 -0.01700 11
-113.000   49.000 -0.02211 8
-113.000   50.000 -0.02340 7
-112.000   25.000  0.00000 0
-112.000   26.000 -0.00016 0
-112.000   27.000  0.00169 0
-112.000   28.000  0.00207 3
-112.000   29.000 -0.00313 47
-112.000   30.000 -0.00522 43
-112.000   31.000 -0.00558 65
-112.000   32.000 -0.00777 30
-112.000   33.000 -0.01089 30
-112.000   34.000 -0.00922 41
-112.000   35.000 -0.00946 33
-112.000   36.000 -0.00861 36
-112.000   37.000 -0.00926 86
-112.000   38.000 -0.00876 40
-112.000   39.000 -0.00831 35
-112.000   40.000 -0.00866 54
-112.000   41.000 -0.01240 70
-112.000   42.000 -0.01506 60
-112.000   43.000 -0.01371 55
-112.000   44.000 -0.00964 39
-112.000   45.000 -0.01040 30
-112.000   46.000 -0.01358 35
-112.000   47.000 -0.01623 31
-112.000   48.000 -0.01555 20
-112.000   49.000 -0.02068 17
-112.000   50.000 -0.02183 8
-111.000   25.000  0.00000 0
-111.000   26.000 -0.00016 0
-111.000   27.000  0.00139 0
-111.000   28.000  0.00145 6
-111.000   29.000 -0.00401 21
-111.000   30.000 -0.00519 31
-111.000   31.000 -0.00627 32
-111.000   32.000 -0.00844 40
-111.000   33.000 -0.01055 15
-111.000   34.000 -0.00827 22
-111.000   35.000 -0.00924 52
-111.000   36.000 -0.00766 39
-111.000   37.000 -0.00596 36
-111.000   38.000 -0.00660 27
-111.000   39.000 -0.00650 31
-111.000   40.000 -0.00697 58
-111.000   41.000 -0.00918 73
-111.000   42.000 -0.01492 55
-111.000   43.000 -0.01369 53
-111.000   44.000 -0.01001 49
-111.000   45.000 -0.00973 46
-111.000   46.000 -0.01220 42
-111.000   47.000 -0.01362 16
-111.000   48.000 -0.01220 13
-111.000   49.000 -0.01601 20
-111.000   50.000 -0.01743 12
-110.000   25.000  0.00000 0
-110.000   26.000 -0.00222 0
-110.000   27.000 -0.00160 1
-110.000   28.000 -0.00127 24
-110.000   29.000 -0.00632 4
-110.000   30.000 -0.00781 16
-110.000   31.000 -0.00650 20
-110.000   32.000 -0.00771 32
-110.000   33.000 -0.01051 27
-110.000   34.000 -0.00865 21
-110.000   35.000 -0.00895 25
-110.000   36.000 -0.00884 76
-110.000   37.000 -0.00614 45
-110.000   38.000 -0.00579 46
-110.000   39.000 -0.00475 54
-110.000   40.000 -0.00632 68
-110.000   41.000 -0.00742 32
-110.000   42.000 -0.01486 43
-110.000   43.000 -0.01512 65
-110.000   44.000 -0.01287 33
-110.000   45.000 -0.01168 30
-110.000   46.000 -0.01217 47
-110.000   47.000 -0.01283 18
-110.000   48.000 -0.01068 11
-110.000   49.000 -0.01349 10
-110.000   50.000 -0.01438 7
-109.000   25.000  0.00004 0
-109.000   26.000 -0.00273 0
-109.000   27.000 -0.00332 0
-109.000   28.000 -0.00434 2
-109.000   29.000 -0.00790 13
-109.000   30.000 -0.00894 26
-109.000   31.000 -0.00810 50
-109.000   32.000 -0.00874 42
-109.000   33.000 -0.01080 15
-109.000   34.000 -0.00992 29
-109.000   35.000 -0.01068 33
-109.000   36.000 -0.01021 63
-109.000   37.000 -0.00717 60
-109.000   38.000 -0.00624 50
-109.000   39.000 -0.00525 46
-109.000   40.000 -0.00681 96
-109.000   41.000 -0.00819 52
-109.000   42.000 -0.01557 56
-109.000   43.000 -0.01673 31
-109.000   44.000 -0.01656 36
-109.000   45.000 -0.01570 20
-109.000   46.000 -0.01622 22
-109.000   47.000 -0.01471 20
-109.000   48.000 -0.01303 11
-109.000   49.000 -0.01440 8
-109.000   50.000 -0.01505 14
-108.000   25.000 -0.00056 0
-108.000   26.000 -0.00473 0
-108.000   27.000 -0.00653 3
-108.000   28.000 -0.00805 12
-108.000   29.000 -0.00997 18
-108.000   30.000 -0.01019 28
-108.000   31.000 -0.00891 69
-108.000   32.000 -0.00982 30
-108.000   33.000 -0.01121 36
-108.000   34.000 -0.01174 56
-108.000   35.000 -0.01289 59
-108.000   36.000 -0.01132 53
-108.000   37.000 -0.00590 42
-108.000   38.000 -0.00529 29
-108.000   39.000 -0.00449 60
-108.000   40.000 -0.00623 101
-108.000   41.000 -0.00882 64
-108.000   42.000 -0.01571 29
-108.000   43.000 -0.01724 27
-108.000   44.000 -0.01903 24
-108.000   45.000 -0.01919 19
-108.000   46.000 -0.01769 27
-108.000   47.000 -0.01552 27
-108.000   48.000 -0.01433 16
-108.000   49.000 -0.01362 15
-108.000   50.000 -0.01214 25
-107.000   25.000  0.00038 0
-107.000   26.000 -0.00565 0
-107.000   27.000 -0.00941 29
-107.000   28.000 -0.01010 18
-107.000   29.000 -0.01313 32
-107.000   30.000 -0.01464 23
-107.000   31.000 -0.01178 47
-107.000   32.000 -0.01137 45
-107.000   33.000 -0.01344 23
-107.000   34.000 -0.01339 45
-107.000   35.000 -0.01222 59
-107.000   36.000 -0.01075 61
-107.000   37.000 -0.00490 58
-107.000   38.000 -0.00514 39
-107.000   39.000 -0.00573 80
-107.000   40.000 -0.00907 50
-107.000   41.000 -0.01151 54
-107.000   42.000 -0.01948 45
-107.000   43.000 -0.01901 34
-107.000   44.000 -0.02111 39
-107.000   45.000 -0.02026 32
-107.000   46.000 -0.01921 29
-107.000   47.000 -0.01399 23
-107.000   48.000 -0.01479 19
-107.000   49.000 -0.01209 19
-107.000   50.000 -0.01084 12
-106.000   25.000 -0.00146 0
-106.000   26.000 -0.00912 0
-106.000   27.000 -0.01417 6
-106.000   28.000 -0.01571 18
-106.000   29.000 -0.01636 31
-106.000   30.000 -0.01826 29
-106.000   31.000 -0.01363 52
-106.000   32.000 -0.01177 56
-106.000   33.000 -0.01383 53
-106.000   34.000 -0.01630 46
-106.000   35.000 -0.01456 57
-106.000   36.000 -0.01321 87
-106.000   37.000 -0.00785 52
-106.000   38.000 -0.00769 27
-106.000   39.000 -0.00808 30
-106.000   40.000 -0.01065 47
-106.000   41.000 -0.01385 90
-106.000   42.000 -0.02053 58
-106.000   43.000 -0.02002 34
-106.000   44.000 -0.02244 39
-106.000   45.000 -0.02248 29
-106.000   46.000 -0.02194 29
-106.000   47.000 -0.01679 24
-106.000   48.000 -0.01753 26
-106.000   49.000 -0.01468 13
-106.000   50.000 -0.01323 18
-105.000   25.000 -0.00054 0
-105.000   26.000 -0.00854 16
-105.000   27.000 -0.01542 1
-105.000   28.000 -0.01690 12
-105.000   29.000 -0.01913 14
-105.000   30.000 -0.02091 52
-105.000   31.000 -0.01801 20
-105.000   32.000 -0.01495 31
-105.000   33.000 -0.01591 41
-105.000   34.000 -0.01894 53
-105.000   35.000 -0.01767 43
-105.000   36.000 -0.01525 36
-105.000   37.000 -0.01042 37
-105.000   38.000 -0.01202 33
-105.000   39.000 -0.01149 33
-105.000   40.000 -0.01349 58
-105.000   41.000 -0.01676 138
-105.000   42.000 -0.02189 50
-105.000   43.000 -0.02041 32
-105.000   44.000 -0.02258 37
-105.000   45.000 -0.02241 26
-105.000   46.000 -0.02236 32
-105.000   47.000 -0.01823 24
-105.000   48.000 -0.01891 15
-105.000   49.000 -0.01625 13
-105.000   50.000 -0.01557 18
-104.000   25.000 -0.00128 5
-104.000   26.000 -0.00997 9
-104.000   27.000 -0.01712 10
-104.000   28.000 -0.01856 17
-104.000   29.000 -0.02031 30
-104.000   30.000 -0.02117 35
-104.000   31.000 -0.01774 21
-104.000   32.000 -0.01406 22
-104.000   33.000 -0.01596 23
-104.000   34.000 -0.01863 42
-104.000   35.000 -0.01832 36
-104.000   36.000 -0.01637 58
-104.000   37.000 -0.01198 51
-104.000   38.000 -0.01384 51
-104.000   39.000 -0.01310 45
-104.000   40.000 -0.01509 50
-104.000   41.000 -0.01774 62
-104.000   42.000 -0.02202 59
-104.000   43.000 -0.02070 35
-104.000   44.000 -0.02272 35
-104.000   45.000 -0.02221 31
-104.000   46.000 -0.02221 25
-104.000   47.000 -0.02038 17
-104.000   48.000 -0.02127 16
-104.000   49.000 -0.01933 15
-104.000   50.000 -0.01942 28
-103.000   25.000 -0.00168 0
-103.000   26.000 -0.01187 6
-103.000   27.000 -0.01899 12
-103.000   28.000 -0.01945 24
-103.000   29.000 -0.02105 55
-103.000   30.000 -0.02241 61
-103.000   31.000 -0.01750 27
-103.000   32.000 -0.01282 30
-103.000   33.000 -0.01555 35
-103.000   34.000 -0.01868 43
-103.000   35.000 -0.01835 33
-103.000   36.000 -0.01797 40
-103.000   37.000 -0.01512 41
-103.000   38.000 -0.01736 49
-103.000   39.000 -0.01653 21
-103.000   40.000 -0.01781 45
-103.000   41.000 -0.01940 66
-103.000   42.000 -0.02350 47
-103.000   43.000 -0.02323 28
-103.000   44.000 -0.02503 45
-103.000   45.000 -0.02423 24
-103.000   46.000 -0.02486 29
-103.000   47.000 -0.02238 27
-103.000   48.000 -0.02317 16
-103.000   49.000 -0.02156 6
-103.000   50.000 -0.02300 18
-102.000   25.000  0.00061 8
-102.000   26.000 -0.01022 7
-102.000   27.000 -0.01629 21
-102.000   28.000 -0.01985 36
-102.000   29.000 -0.02074 40
-102.000   30.000 -0.02193 103
-102.000   31.000 -0.01834 57
-102.000   32.000 -0.01623 54
-102.000   33.000 -0.01794 80
-102.000   34.000 -0.02134 46
-102.000   35.000 -0.02324 63
-102.000   36.000 -0.02207 29
-102.000   37.000 -0.01880 64
-102.000   38.000 -0.02081 47
-102.000   39.000 -0.01985 49
-102.000   40.000 -0.01835 49
-102.000   41.000 -0.01896 52
-102.000   42.000 -0.02174 36
-102.000   43.000 -0.02285 36
-102.000   44.000 -0.02308 46
-102.000   45.000 -0.02357 32
-102.000   46.000 -0.02408 21
-102.000   47.000 -0.02453 23
-102.000   48.000 -0.02416 22
-102.000   49.000 -0.02478 13
-102.000   50.000 -0.02632 21
-101.000   25.000 -0.00017 3
-101.000   26.000 -0.00995 6
-101.000   27.000 -0.01458 36
-101.000   28.000 -0.01784 39
-101.000   29.000 -0.02085 65
-101.000   30.000 -0.02140 60
-101.000   31.000 -0.01841 32
-101.000   32.000 -0.01866 54
-101.000   33.000 -0.02161 43
-101.000   34.000 -0.02353 60
-101.000   35.000 -0.02612 50
-101.000   36.000 -0.02468 48
-101.000   37.000 -0.02131 65
-101.000   38.000 -0.02146 39
-101.000   39.000 -0.02036 38
-101.000   40.000 -0.01847 42
-101.000   41.000 -0.01817 38
-101.000   42.000 -0.01922 57
-101.000   43.000 -0.02077 42
-101.000   44.000 -0.01991 51
-101.000   45.000 -0.01980 26
-101.000   46.000 -0.02166 32
-101.000   47.000 -0.02239 17
-101.000   48.000 -0.02312 12
-101.000   49.000 -0.02441 3
-101.000   50.000 -0.02715 21
-100.000   25.000 -0.00223 6
-100.000   26.000 -0.01021 4
-100.000   27.000 -0.01395 4
-100.000   28.000 -0.01830 20
-100.000   29.000 -0.02042 33
-100.000   30.000 -0.02093 46
-100.000   31.000 -0.01783 46
-100.000   32.000 -0.01968 43
-100.000   33.000 -0.02270 49
-100.000   34.000 -0.02429 43
-100.000   35.000 -0.02685 50
-100.000   36.000 -0.02580 47
-100.000   37.000 -0.02101 44
-100.000   38.000 -0.01999 56
-100.000   39.000 -0.01980 57
-100.000   40.000 -0.01686 42
-100.000   41.000 -0.01627 45
-100.000   42.000 -0.01795 41
-100.000   43.000 -0.01894 36
-100.000   44.000 -0.01725 55
-100.000   45.000 -0.01735 40
-100.000   46.000 -0.01975 15
-100.000   47.000 -0.01952 15
-100.000   48.000 -0.02061 27
-100.000   49.000 -0.02181 8
-100.000   50.000 -0.02430 16
 -99.000   25.000 -0.00718 7
 -99.000   26.000 -0.01318 7
 -99.000   27.000 -0.01584 15
 -99.000   28.000 -0.01959 23
 -99.000   29.000 -0.02149 12
 -99.000   30.000 -0.02118 31
 -99.000   31.000 -0.01942 32
 -99.000   32.000 -0.02253 54
 -99.000   33.000 -0.02511 52
 -99.000   34.000 -0.02771 56
 -99.000   35.000 -0.02907 39
 -99.000   36.000 -0.02766 35
 -99.000   37.000 -0.02171 44
 -99.000   38.000 -0.02041 64
 -99.000   39.000 -0.02012 63
 -99.000   40.000 -0.01682 59
 -99.000   41.000 -0.01486 44
 -99.000   42.000 -0.01651 24
 -99.000   43.000 -0.01750 38
 -99.000   44.000 -0.01502 44
 -99.000   45.000 -0.01541 57
 -99.000   46.000 -0.01827 24
 -99.000   47.000 -0.01859 16
 -99.000   48.000 -0.01969 20
 -99.000   49.000 -0.02123 12
 -99.000   50.000 -0.02337 12
 -98.000   25.000 -0.00600 2
 -98.000   26.000 -0.00905 11
 -98.000   27.000 -0.01157 11
 -98.000   28.000 -0.01677 17
 -98.000   29.000 -0.01893 14
 -98.000   30.000 -0.02019 31
 -98.000   31.000 -0.02203 18
 -98.000   32.000 -0.02479 46
 -98.000   33.000 -0.02639 52
 -98.000   34.000 -0.02804 58
 -98.000   35.000 -0.02812 62
 -98.000   36.000 -0.02673 45
 -98.000   37.000 -0.02303 48
 -98.000   38.000 -0.02061 44
 -98.000   39.000 -0.02066 47
 -98.000   40.000 -0.01702 47
 -98.000   41.000 -0.01339 49
 -98.000   42.000 -0.01391 33
 -98.000   43.000 -0.01438 44
 -98.000   44.000 -0.01233 43
 -98.000   45.000 -0.01364 38
 -98.000   46.000 -0.01787 19
 -98.000   47.000 -0.01923 17
 -98.000   48.000 -0.02030 24
 -98.000   49.000 -0.02200 12
 -98.000   50.000 -0.02399 13
 -97.000   25.000 -0.01014 2
 -97.000   26.000 -0.01077 8
 -97.000   27.000 -0.01286 9
 -97.000   28.000 -0.01822 11
 -97.000   29.000 -0.02037 15
 -97.000   30.000 -0.02088 36
 -97.000   31.000 -0.02369 28
 -97.000   32.000 -0.02497 33
 -97.000   33.000 -0.02446 61
 -97.000   34.000 -0.02578 56
 -97.000   35.000 -0.02520 36
 -97.000   36.000 -0.02373 39
 -97.000   37.000 -0.02152 64
 -97.000   38.000 -0.01881 39
 -97.000   39.000 -0.01812 48
 -97.000   40.000 -0.01516 30
 -97.000   41.000 -0.01170 64
 -97.000   42.000 -0.01183 41
 -97.000   43.000 -0.01275 53
 -97.000   44.000 -0.01486 46
 -97.000   45.000 -0.01791 51
 -97.000   46.000 -0.02271 26
 -97.000   47.000 -0.02350 21
 -97.000   48.000 -0.02528 22
 -97.000   49.000 -0.02439 17
 -97.000   50.000 -0.02457 17
 -96.000   25.000 -0.00865 1
 -96.000   26.000 -0.00993 3
 -96.000   27.000 -0.01285 16
 -96.000   28.000 -0.01654 26
 -96.000   29.000 -0.01876 15
 -96.000   30.000 -0.01885 25
 -96.000   31.000 -0.02322 18
 -96.000   32.000 -0.02197 29
 -96.000   33.000 -0.02270 38
 -96.000   34.000 -0.02443 33
 -96.000   35.000 -0.02482 43
 -96.000   36.000 -0.02321 23
 -96.000   37.000 -0.02279 74
 -96.000   38.000 -0.02034 40
 -96.000   39.000 -0.01903 48
 -96.000   40.000 -0.01745 31
 -96.000   41.000 -0.01323 43
 -96.000   42.000 -0.01368 42
 -96.000   43.000 -0.01490 43
 -96.000   44.000 -0.01784 30
 -96.000   45.000 -0.02141 32
 -96.000   46.000 -0.02749 31
 -96.000   47.000 -0.03015 26
 -96.000   48.000 -0.03215 28
 -96.000   49.000 -0.03241 28
 -96.000   50.000 -0.03151 20
 -95.000   25.000 -0.00727 1
 -95.000   26.000 -0.00715 2
 -95.000   27.000 -0.01094 6
 -95.000   28.000 -0.01403 4
 -95.000   29.000 -0.01691 9
 -95.000   30.000 -0.01795 17
 -95.000   31.000 -0.02445 31
 -95.000   32.000 -0.02209 16
 -95.000   33.000 -0.02339 35
 -95.000   34.000 -0.02566 19
 -95.000   35.000 -0.02573 39
 -95.000   36.000 -0.02405 16
 -95.000   37.000 -0.02503 54
 -95.000   38.000 -0.02234 33
 -95.000   39.000 -0.01936 38
 -95.000   40.000 -0.01945 33
 -95.000   41.000 -0.01535 42
 -95.000   42.000 -0.01573 46
 -95.000   43.000 -0.01786 38
 -95.000   44.000 -0.02292 16
 -95.000   45.000 -0.02812 17
 -95.000   46.000 -0.03307 11
 -95.000   47.000 -0.03620 22
 -95.000   48.000 -0.04064 13
 -95.000   49.000 -0.04078 25
 -95.000   50.000 -0.03774 23
 -94.000   25.000 -0.00483 0
 -94.000   26.000 -0.00629 4
 -94.000   27.000 -0.00850 14
 -94.000   28.000 -0.01363 11
 -94.000   29.000 -0.01794 8
 -94.000   30.000 -0.01941 21
 -94.000   31.000 -0.02440 26
 -94.000   32.000 -0.02313 35
 -94.000   33.000 -0.02218 22
 -94.000   34.000 -0.02359 21
 -94.000   35.000 -0.02377 47
 -94.000   36.000 -0.02237 20
 -94.000   37.000 -0.02485 30
 -94.000   38.000 -0.02253 17
 -94.000   39.000 -0.01956 38
 -94.000   40.000 -0.01910 37
 -94.000   41.000 -0.01674 35
 -94.000   42.000 -0.01720 28
 -94.000   43.000 -0.01938 39
 -94.000   44.000 -0.02430 25
 -94.000   45.000 -0.03058 27
 -94.000   46.000 -0.03507 19
 -94.000   47.000 -0.03809 13
 -94.000   48.000 -0.04334 10
 -94.000   49.000 -0.04459 8
 -94.000   50.000 -0.04217 15
 -93.000   25.000 -0.00501 1
 -93.000   26.000 -0.00933 1
 -93.000   27.000 -0.01125 7
 -93.000   28.000 -0.01692 10
 -93.000   29.000 -0.02115 18
 -93.000   30.000 -0.01995 17
 -93.000   31.000 -0.02319 17
 -93.000   32.000 -0.02315 17
 -93.000   33.000 -0.02178 33
 -93.000   34.000 -0.02393 45
 -93.000   35.000 -0.02753 29
 -93.000   36.000 -0.02434 21
 -93.000   37.000 -0.02505 33
 -93.000   38.000 -0.02315 21
 -93.000   39.000 -0.01964 26
 -93.000   40.000 -0.01847 33
 -93.000   41.000 -0.01688 31
 -93.000   42.000 -0.01754 14
 -93.000   43.000 -0.01981 25
 -93.000   44.000 -0.02589 24
 -93.000   45.000 -0.03165 33
 -93.000   46.000 -0.03724 13
 -93.000   47.000 -0.04087 9
 -93.000   48.000 -0.04468 13
 -93.000   49.000 -0.04465 15
 -93.000   50.000 -0.04289 6
 -92.000   25.000 -0.00409 0
 -92.000   26.000 -0.00864 4
 -92.000   27.000 -0.01004 6
 -92.000   28.000 -0.01585 7
 -92.000   29.000 -0.01970 10
 -92.000   30.000 -0.01916 8
 -92.000   31.000 -0.02159 19
 -92.000   32.000 -0.02325 10
 -92.000   33.000 -0.02256 35
 -92.000   34.000 -0.02585 26
 -92.000   35.000 -0.02974 39
 -92.000   36.000 -0.02795 33
 -92.000   37.000 -0.02740 47
 -92.000   38.000 -0.02526 24
 -92.000   39.000 -0.02172 25
 -92.000   40.000 -0.02068 54
 -92.000   41.000 -0.01899 53
 -92.000   42.000 -0.01994 42
 -92.000   43.000 -0.02223 26
 -92.000   44.000 -0.02506 15
 -92.000   45.000 -0.02959 20
 -92.000   46.000 -0.03479 22
 -92.000   47.000 -0.03910 9
 -92.000   48.000 -0.04068 8
 -92.000   49.000 -0.04282 14
 -92.000   50.000 -0.04159 14
 -91.000   25.000 -0.00298 0
 -91.000   26.000 -0.00630 0
 -91.000   27.000 -0.00727 3
 -91.000   28.000 -0.01435 7
 -91.000   29.000 -0.01708 7
 -91.000   30.000 -0.01908 8
 -91.000   31.000 -0.02233 12
 -91.000   32.000 -0.02558 20
 -91.000   33.000 -0.02336 16
 -91.000   34.000 -0.02691 33
 -91.000   35.000 -0.02795 47
 -91.000   36.000 -0.02575 45
 -91.000   37.000 -0.02417 36
 -91.000   38.000 -0.02318 36
 -91.000   39.000 -0.02011 41
 -91.000   40.000 -0.01861 44
 -91.000   41.000 -0.01744 70
 -91.000   42.000 -0.01928 27
 -91.000   43.000 -0.02088 35
 -91.000   44.000 -0.02400 22
 -91.000   45.000 -0.02883 25
 -91.000   46.000 -0.03222 10
 -91.000   47.000 -0.03526 17
 -91.000   48.000 -0.03557 15
 -91.000   49.000 -0.03656 6
 -91.000   50.000 -0.03514 1
 -90.000   25.000 -0.00322 0
 -90.000   26.000 -0.00852 1
 -90.000   27.000 -0.00962 2
 -90.000   28.000 -0.01818 4
 -90.000   29.000 -0.02091 4
 -90.000   30.000 -0.02220 7
 -90.000   31.000 -0.02326 4
 -90.000   32.000 -0.02654 13
 -90.000   33.000 -0.02246 18
 -90.000   34.000 -0.02435 27
 -90.000   35.000 -0.02535 39
 -90.000   36.000 -0.02339 45
 -90.000   37.000 -0.02119 41
 -90.000   38.000 -0.02104 36
 -90.000   39.000 -0.02033 38
 -90.000   40.000 -0.01892 97
 -90.000   41.000 -0.01877 43
 -90.000   42.000 -0.01956 33
 -90.000   43.000 -0.02117 44
 -90.000   44.000 -0.02406 32
 -90.000   45.000 -0.02691 9
 -90.000   46.000 -0.02894 4
 -90.000   47.000 -0.03128 10
 -90.000   48.000 -0.02880 6
 -90.000   49.000 -0.02750 15
 -90.000   50.000 -0.02724 1
 -89.000   25.000 -0.00302 0
 -89.000   26.000 -0.00871 2
 -89.000   27.000 -0.01064 2
 -89.000   28.000 -0.01815 5
 -89.000   29.000 -0.02053 5
 -89.000   30.000 -0.02170 6
 -89.000   31.000 -0.02272 13
 -89.000   32.000 -0.02496 8
 -89.000   33.000 -0.02189 21
 -89.000   34.000 -0.02477 45
 -89.000   35.000 -0.02681 46
 -89.000   36.000 -0.02445 36
 -89.000   37.000 -0.02225 55
 -89.000   38.000 -0.02218 44
 -89.000   39.000 -0.02096 64
 -89.000   40.000 -0.01907 69
 -89.000   41.000 -0.01866 40
 -89.000   42.000 -0.01923 19
 -89.000   43.000 -0.02022 13
 -89.000   44.000 -0.02189 22
 -89.000   45.000 -0.02482 7
 -89.000   46.000 -0.02585 20
 -89.000   47.000 -0.02746 15
 -89.000   48.000 -0.02325 14
 -89.000   49.000 -0.02191 8
 -89.000   50.000 -0.01912 2
 -88.000   25.000 -0.00302 0
 -88.000   26.000 -0.00658 1
 -88.000   27.000 -0.01056 1
 -88.000   28.000 -0.01784 6
 -88.000   29.000 -0.02142 8
 -88.000   30.000 -0.02378 14
 -88.000   31.000 -0.02573 14
 -88.000   32.000 -0.02672 18
 -88.000   33.000 -0.02406 27
 -88.000   34.000 -0.02579 46
 -88.000   35.000 -0.02618 43
 -88.000   36.000 -0.02504 20
 -88.000   37.000 -0.02241 31
 -88.000   38.000 -0.02186 30
 -88.000   39.000 -0.02126 53
 -88.000   40.000 -0.02006 60
 -88.000   41.000 -0.02006 33
 -88.000   42.000 -0.02124 40
 -88.000   43.000 -0.02285 32
 -88.000   44.000 -0.02408 16
 -88.000   45.000 -0.02753 10
 -88.000   46.000 -0.02557 13
 -88.000   47.000 -0.02514 9
 -88.000   48.000 -0.02062 15
 -88.000   49.000 -0.01834 4
 -88.000   50.000 -0.01312 9
 -87.000   25.000 -0.00961 0
 -87.000   26.000 -0.01328 3
 -87.000   27.000 -0.01997 6
 -87.000   28.000 -0.02738 6
 -87.000   29.000 -0.02703 6
 -87.000   30.000 -0.02979 19
 -87.000   31.000 -0.03100 15
 -87.000   32.000 -0.02776 18
 -87.000   33.000 -0.02418 34
 -87.000   34.000 -0.02524 53
 -87.000   35.000 -0.02468 24
 -87.000   36.000 -0.02171 34
 -87.000   37.000 -0.01950 38
 -87.000   38.000 -0.02059 49
 -87.000   39.000 -0.02008 62
 -87.000   40.000 -0.01948 46
 -87.000   41.000 -0.02068 43
 -87.000   42.000 -0.02160 38
 -87.000   43.000 -0.02184 36
 -87.000   44.000 -0.02460 23
 -87.000   45.000 -0.02663 12
 -87.000   46.000 -0.02311 10
 -87.000   47.000 -0.02096 16
 -87.000   48.000 -0.01888 6
 -87.000   49.000 -0.01495 20
 -87.000   50.000 -0.01089 4
 -86.000   25.000 -0.01848 0
 -86.000   26.000 -0.02171 3
 -86.000   27.000 -0.02727 5
 -86.000   28.000 -0.03477 12
 -86.000   29.000 -0.03355 7
 -86.000   30.000 -0.03175 11
 -86.000   31.000 -0.03064 10
 -86.000   32.000 -0.02664 32
 -86.000   33.000 -0.02266 42
 -86.000   34.000 -0.02284 103
 -86.000   35.000 -0.02428 59
 -86.000   36.000 -0.02241 54
 -86.000   37.000 -0.02106 36
 -86.000   38.000 -0.02307 56
 -86.000   39.000 -0.02250 48
 -86.000   40.000 -0.02137 47
 -86.000   41.000 -0.02258 22
 -86.000   42.000 -0.02206 35
 -86.000   43.000 -0.02128 28
 -86.000   44.000 -0.02614 22
 -86.000   45.000 -0.02688 15
 -86.000   46.000 -0.02271 12
 -86.000   47.000 -0.01965 9
 -86.000   48.000 -0.01800 4
 -86.000   49.000 -0.01073 5
 -86.000   50.000 -0.00734 2
 -85.000   25.000 -0.02096 0
 -85.000   26.000 -0.02453 6
 -85.000   27.000 -0.02819 4
 -85.000   28.000 -0.03552 17
 -85.000   29.000 -0.03453 11
 -85.000   30.000 -0.02920 12
 -85.000   31.000 -0.02873 19
 -85.000   32.000 -0.02605 28
 -85.000   33.000 -0.02343 44
 -85.000   34.000 -0.02631 61
 -85.000   35.000 -0.02924 64
 -85.000   36.000 -0.02633 50
 -85.000   37.000 -0.02492 49
 -85.000   38.000 -0.02613 34
 -85.000   39.000 -0.02498 35
 -85.000   40.000 -0.02202 34
 -85.000   41.000 -0.02227 24
 -85.000   42.000 -0.02243 48
 -85.000   43.000 -0.02116 30
 -85.000   44.000 -0.02286 16
 -85.000   45.000 -0.02314 13
 -85.000   46.000 -0.02195 10
 -85.000   47.000 -0.01830 2
 -85.000   48.000 -0.01557 2
 -85.000   49.000 -0.01111 3
 -85.000   50.000 -0.00940 6
 -84.000   25.000 -0.00348 2
 -84.000   26.000 -0.01574 12
 -84.000   27.000 -0.01901 8
 -84.000   28.000 -0.02732 18
 -84.000   29.000 -0.03528 20
 -84.000   30.000 -0.03169 24
 -84.000   31.000 -0.02709 33
 -84.000   32.000 -0.02660 34
 -84.000   33.000 -0.02391 43
 -84.000   34.000 -0.02577 50
 -84.000   35.000 -0.02993 37
 -84.000   36.000 -0.02893 38
 -84.000   37.000 -0.02870 43
 -84.000   38.000 -0.02918 43
 -84.000   39.000 -0.02762 32
 -84.000   40.000 -0.02530 37
 -84.000   41.000 -0.02355 43
 -84.000   42.000 -0.02225 47
 -84.000   43.000 -0.02136 21
 -84.000   44.000 -0.02390 26
 -84.000   45.000 -0.02252 9
 -84.000   46.000 -0.02284 6
 -84.000   47.000 -0.01845 3
 -84.000   48.000 -0.01517 1
 -84.000   49.000 -0.00956 4
 -84.000   50.000 -0.00901 1
 -83.000   25.000 -0.00348 2
 -83.000   26.000 -0.01458 6
 -83.000   27.000 -0.01580 7
 -83.000   28.000 -0.02464 16
 -83.000   29.000 -0.03226 17
 -83.000   30.000 -0.02678 36
 -83.000   31.000 -0.02284 23
 -83.000   32.000 -0.02289 25
 -83.000   33.000 -0.02000 25
 -83.000   34.000 -0.02269 36
 -83.000   35.000 -0.02852 38
 -83.000   36.000 -0.02853 49
 -83.000   37.000 -0.02910 45
 -83.000   38.000 -0.03019 45
 -83.000   39.000 -0.02876 30
 -83.000   40.000 -0.02701 33
 -83.000   41.000 -0.02421 31
 -83.000   42.000 -0.02242 38
 -83.000   43.000 -0.02086 35
 -83.000   44.000 -0.02113 23
 -83.000   45.000 -0.01837 6
 -83.000   46.000 -0.02035 5
 -83.000   47.000 -0.01827 2
 -83.000   48.000 -0.01474 6
 -83.000   49.000 -0.01106 4
 -83.000   50.000 -0.01275 3
 -82.000   25.000  0.00311 4
 -82.000   26.000 -0.00788 6
 -82.000   27.000 -0.00640 9
 -82.000   28.000 -0.01301 10
 -82.000   29.000 -0.02550 18
 -82.000   30.000 -0.01918 16
 -82.000   31.000 -0.01544 9
 -82.000   32.000 -0.01827 8
 -82.000   33.000 -0.01784 12
 -82.000   34.000 -0.01922 6
 -82.000   35.000 -0.02638 38
 -82.000   36.000 -0.02909 43
 -82.000   37.000 -0.03093 36
 -82.000   38.000 -0.03173 46
 -82.000   39.000 -0.03199 57
 -82.000   40.000 -0.03093 32
 -82.000   41.000 -0.02722 35
 -82.000   42.000 -0.02587 26
 -82.000   43.000 -0.02419 29
 -82.000   44.000 -0.02219 47
 -82.000   45.000 -0.02071 16
 -82.000   46.000 -0.02189 22
 -82.000   47.000 -0.01919 21
 -82.000   48.000 -0.01389 8
 -82.000   49.000 -0.01122 4
 -82.000   50.000 -0.00887 1
 -81.000   25.000  0.01198 0
 -81.000   26.000  0.00055 3
 -81.000   27.000  0.00090 2
 -81.000   28.000 -0.00511 5
 -81.000   29.000 -0.01966 5
 -81.000   30.000 -0.01777 14
 -81.000   31.000 -0.01467 12
 -81.000   32.000 -0.01861 22
 -81.000   33.000 -0.01858 14
 -81.000   34.000 -0.01965 16
 -81.000   35.000 -0.02602 28
 -81.000   36.000 -0.02851 30
 -81.000   37.000 -0.02999 41
 -81.000   38.000 -0.03085 44
 -81.000   39.000 -0.03193 36
 -81.000   40.000 -0.03157 33
 -81.000   41.000 -0.02884 52
 -81.000   42.000 -0.02847 34
 -81.000   43.000 -0.02784 32
 -81.000   44.000 -0.02320 20
 -81.000   45.000 -0.02112 28
 -81.000   46.000 -0.02232 14
 -81.000   47.000 -0.01919 17
 -81.000   48.000 -0.01297 9
 -81.000   49.000 -0.01292 7
 -81.000   50.000 -0.01008 3
 -80.000   25.000  0.01446 0
 -80.000   26.000  0.00454 0
 -80.000   27.000  0.00461 0
 -80.000   28.000  0.00006 4
 -80.000   29.000 -0.01381 2
 -80.000   30.000 -0.01704 4
 -80.000   31.000 -0.01330 6
 -80.000   32.000 -0.01716 14
 -80.000   33.000 -0.01952 9
 -80.000   34.000 -0.01830 26
 -80.000   35.000 -0.02209 23
 -80.000   36.000 -0.02746 32
 -80.000   37.000 -0.02934 37
 -80.000   38.000 -0.02988 43
 -80.000   39.000 -0.03125 29
 -80.000   40.000 -0.03223 52
 -80.000   41.000 -0.02953 41
 -80.000   42.000 -0.02938 28
 -80.000   43.000 -0.02825 33
 -80.000   44.000 -0.02549 27
 -80.000   45.000 -0.02452 17
 -80.000   46.000 -0.02474 14
 -80.000   47.000 -0.02191 9
 -80.000   48.000 -0.01660 6
 -80.000   49.000 -0.01606 11
 -80.000   50.000 -0.01165 5
 -79.000   25.000  0.00000 0
 -79.000   26.000  0.00000 0
 -79.000   27.000  0.00000 1
 -79.000   28.000 -0.00171 1
 -79.000   29.000 -0.00919 4
 -79.000   30.000 -0.01180 5
 -79.000   31.000 -0.01325 14
 -79.000   32.000 -0.01521 16
 -79.000   33.000 -0.01999 16
 -79.000   34.000 -0.01654 27
 -79.000   35.000 -0.01865 20
 -79.000   36.000 -0.02300 29
 -79.000   37.000 -0.02421 26
 -79.000   38.000 -0.02537 28
 -79.000   39.000 -0.02828 39
 -79.000   40.000 -0.02938 36
 -79.000   41.000 -0.02837 37
 -79.000   42.000 -0.03004 30
 -79.000   43.000 -0.02945 35
 -79.000   44.000 -0.02682 35
 -79.000   45.000 -0.02775 32
 -79.000   46.000 -0.02716 15
 -79.000   47.000 -0.02542 17
 -79.000   48.000 -0.02016 5
 -79.000   49.000 -0.01983 8
 -79.000   50.000 -0.01520 4
 -78.000   25.000  0.00000 0
 -78.000   26.000  0.00000 0
 -78.000   27.000  0.00000 0
 -78.000   28.000  0.00000 3
 -78.000   29.000 -0.00704 3
 -78.000   30.000 -0.01076 5
 -78.000   31.000 -0.01150 6
 -78.000   32.000 -0.01529 10
 -78.000   33.000 -0.02207 16
 -78.000   34.000 -0.01817 21
 -78.000   35.000 -0.01850 13
 -78.000   36.000 -0.02211 38
 -78.000   37.000 -0.02157 21
 -78.000   38.000 -0.02110 39
 -78.000   39.000 -0.02414 31
 -78.000   40.000 -0.02345 25
 -78.000   41.000 -0.02494 33
 -78.000   42.000 -0.02793 26
 -78.000   43.000 -0.02833 41
 -78.000   44.000 -0.02704 33
 -78.000   45.000 -0.03114 27
 -78.000   46.000 -0.02863 24
 -78.000   47.000 -0.02481 19
 -78.000   48.000 -0.01991 24
 -78.000   49.000 -0.01877 11
 -78.000   50.000 -0.01260 9
 -77.000   25.000  0.00000 0
 -77.000   26.000  0.00000 0
 -77.000   27.000  0.00000 0
 -77.000   28.000  0.00000 0
 -77.000   29.000 -0.00610 3
 -77.000   30.000 -0.00990 0
 -77.000   31.000 -0.01165 6
 -77.000   32.000 -0.01709 5
 -77.000   33.000 -0.02325 8
 -77.000   34.000 -0.01975 20
 -77.000   35.000 -0.01915 15
 -77.000   36.000 -0.02044 31
 -77.000   37.000 -0.01834 28
 -77.000   38.000 -0.01814 32
 -77.000   39.000 -0.02029 22
 -77.000   40.000 -0.01932 38
 -77.000   41.000 -0.02272 40
 -77.000   42.000 -0.02559 27
 -77.000   43.000 -0.02627 50
 -77.000   44.000 -0.02708 70
 -77.000   45.000 -0.03133 25
 -77.000   46.000 -0.02858 31
 -77.000   47.000 -0.02644 36
 -77.000   48.000 -0.02161 22
 -77.000   49.000 -0.02007 9
 -77.000   50.000 -0.01596 7
 -76.000   25.000  0.00000 0
 -76.000   26.000  0.00000 0
 -76.000   27.000  0.00000 0
 -76.000   28.000  0.00000 0
 -76.000   29.000 -0.00442 0
 -76.000   30.000 -0.00665 0
 -76.000   31.000 -0.00825 2
 -76.000   32.000 -0.01273 5
 -76.000   33.000 -0.02017 4
 -76.000   34.000 -0.01776 10
 -76.000   35.000 -0.01798 18
 -76.000   36.000 -0.02048 30
 -76.000   37.000 -0.01910 26
 -76.000   38.000 -0.01665 43
 -76.000   39.000 -0.01911 29
 -76.000   40.000 -0.01757 42
 -76.000   41.000 -0.01961 15
 -76.000   42.000 -0.02256 20
 -76.000   43.000 -0.02426 98
 -76.000   44.000 -0.02485 64
 -76.000   45.000 -0.03044 35
 -76.000   46.000 -0.02926 39
 -76.000   47.000 -0.02696 48
 -76.000   48.000 -0.02212 21
 -76.000   49.000 -0.02133 18
 -76.000   50.000 -0.01760 3
 -75.000   25.000  0.00000 0
 -75.000   26.000  0.00000 0
 -75.000   27.000  0.00000 0
 -75.000   28.000  0.00000 0
 -75.000   29.000 -0.00296 0
 -75.000   30.000 -0.00296 0
 -75.000   31.000 -0.00470 1
 -75.000   32.000 -0.00867 5
 -75.000   33.000 -0.01364 6
 -75.000   34.000 -0.01377 10
 -75.000   35.000 -0.01638 9
 -75.000   36.000 -0.01784 17
 -75.000   37.000 -0.01675 34
 -75.000   38.000 -0.01599 29
 -75.000   39.000 -0.01810 35
 -75.000   40.000 -0.01630 33
 -75.000   41.000 -0.01836 21
 -75.000   42.000 -0.02103 19
 -75.000   43.000 -0.02271 26
 -75.000   44.000 -0.02284 33
 -75.000   45.000 -0.02731 20
 -75.000   46.000 -0.02577 37
 -75.000   47.000 -0.02435 22
 -75.000   48.000 -0.02047 10
 -75.000   49.000 -0.01892 14
 -75.000   50.000 -0.01642 5
 -74.000   25.000  0.00000 0
 -74.000   26.000  0.00000 0
 -74.000   27.000  0.00000 0
 -74.000   28.000  0.00000 0
 -74.000   29.000  0.00000 0
 -74.000   30.000  0.00000 0
 -74.000   31.000 -0.00132 0
 -74.000   32.000 -0.00524 3
 -74.000   33.000 -0.00925 3
 -74.000   34.000 -0.01183 2
 -74.000   35.000 -0.01407 6
 -74.000   36.000 -0.01524 86
 -74.000   37.000 -0.01471 72
 -74.000   38.000 -0.01467 29
 -74.000   39.000 -0.01664 46
 -74.000   40.000 -0.01611 47
 -74.000   41.000 -0.01821 40
 -74.000   42.000 -0.02095 18
 -74.000   43.000 -0.02160 23
 -74.000   44.000 -0.01960 27
 -74.000   45.000 -0.02117 26
 -74.000   46.000 -0.02058 29
 -74.000   47.000 -0.01791 32
 -74.000   48.000 -0.01462 17
 -74.000   49.000 -0.01507 13
 -74.000   50.000 -0.01465 7
 -73.000   25.000  0.00000 0
 -73.000   26.000  0.00000 0
 -73.000   27.000  0.00000 0
 -73.000   28.000  0.00000 0
 -73.000   29.000  0.00000 0
 -73.000   30.000  0.00000 0
 -73.000   31.000 -0.00132 0
 -73.000   32.000 -0.00339 0
 -73.000   33.000 -0.00552 0
 -73.000   34.000 -0.00729 0
 -73.000   35.000 -0.01007 2
 -73.000   36.000 -0.01265 12
 -73.000   37.000 -0.01517 19
 -73.000   38.000 -0.01724 25
 -73.000   39.000 -0.02003 23
 -73.000   40.000 -0.02152 36
 -73.000   41.000 -0.02104 19
 -73.000   42.000 -0.02184 28
 -73.000   43.000 -0.02106 16
 -73.000   44.000 -0.01701 32
 -73.000   45.000 -0.01619 35
 -73.000   46.000 -0.01757 30
 -73.000   47.000 -0.01655 24
 -73.000   48.000 -0.01523 19
 -73.000   49.000 -0.01841 15
 -73.000   50.000 -0.01880 6
 -72.000   25.000  0.00000 0
 -72.000   26.000  0.00000 0
 -72.000   27.000  0.00000 0
 -72.000   28.000  0.00000 0
 -72.000   29.000  0.00000 0
 -72.000   30.000  0.00000 0
 -72.000   31.000  0.00000 0
 -72.000   32.000  0.00000 0
 -72.000   33.000 -0.00174 0
 -72.000   34.000 -0.00359 1
 -72.000   35.000 -0.00606 0
 -72.000   36.000 -0.00983 3
 -72.000   37.000 -0.01345 15
 -72.000   38.000 -0.01462 50
 -72.000   39.000 -0.01750 29
 -72.000   40.000 -0.02014 27
 -72.000   41.000 -0.01993 18
 -72.000   42.000 -0.02094 19
 -72.000   43.000 -0.02051 14
 -72.000   44.000 -0.01563 23
 -72.000   45.000 -0.01268 12
 -72.000   46.000 -0.01426 12
 -72.000   47.000 -0.01320 19
 -72.000   48.000 -0.01428 19
 -72.000   49.000 -0.01803 15
 -72.000   50.000 -0.02045 15
 -71.000   25.000  0.00000 0
 -71.000   26.000  0.00000 0
 -71.000   27.000  0.00000 0
 -71.000   28.000  0.00000 0
 -71.000   29.000  0.00000 0
 -71.000   30.000  0.00000 0
 -71.000   31.000  0.00000 0
 -71.000   32.000  0.00000 0
 -71.000   33.000  0.00000 0
 -71.000   34.000 -0.00170 0
 -71.000   35.000 -0.00339 1
 -71.000   36.000 -0.00587 0
 -71.000   37.000 -0.00958 12
 -71.000   38.000 -0.01199 7
 -71.000   39.000 -0.01450 21
 -71.000   40.000 -0.01837 23
 -71.000   41.000 -0.02059 19
 -71.000   42.000 -0.02166 16
 -71.000   43.000 -0.01811 22
 -71.000   44.000 -0.01352 21
 -71.000   45.000 -0.00941 5
 -71.000   46.000 -0.00986 16
 -71.000   47.000 -0.00900 17
 -71.000   48.000 -0.01364 22
 -71.000   49.000 -0.01753 16
 -71.000   50.000 -0.02097 10
 -70.000   25.000  0.00000 0
 -70.000   26.000  0.00000 0
 -70.000   27.000  0.00000 0
 -70.000   28.000  0.00000 0
 -70.000   29.000  0.00000 0
 -70.000   30.000  0.00000 0
 -70.000   31.000  0.00000 0
 -70.000   32.000  0.00000 0
 -70.000   33.000  0.00000 0
 -70.000   34.000  0.00000 0
 -70.000   35.000 -0.00107 0
 -70.000   36.000 -0.00310 0
 -70.000   37.000 -0.00662 4
 -70.000   38.000 -0.00797 5
 -70.000   39.000 -0.01090 4
 -70.000   40.000 -0.01730 13
 -70.000   41.000 -0.01960 23
 -70.000   42.000 -0.02009 24
 -70.000   43.000 -0.01715 20
 -70.000   44.000 -0.01237 11
 -70.000   45.000 -0.00533 5
 -70.000   46.000 -0.00637 4
 -70.000   47.000 -0.00554 9
 -70.000   48.000 -0.00947 17
 -70.000   49.000 -0.01415 28
 -70.000   50.000 -0.01816 7
 -69.000   25.000  0.00000 0
 -69.000   26.000  0.00000 0
 -69.000   27.000  0.00000 0
 -69.000   28.000  0.00000 0
 -69.000   29.000  0.00000 0
 -69.000   30.000  0.00000 0
 -69.000   31.000  0.00000 0
 -69.000   32.000  0.00000 0
 -69.000   33.000  0.00000 0
 -69.000   34.000  0.00000 0
 -69.000   35.000 -0.00095 0
 -69.000   36.000 -0.00261 0
 -69.000   37.000 -0.00516 0
 -69.000   38.000 -0.00568 1
 -69.000   39.000 -0.00909 9
 -69.000   40.000 -0.01446 5
 -69.000   41.000 -0.02038 18
 -69.000   42.000 -0.02187 17
 -69.000   43.000 -0.01954 26
 -69.000   44.000 -0.01571 9
 -69.000   45.000 -0.00728 8
 -69.000   46.000 -0.00400 7
 -69.000   47.000 -0.00203 15
 -69.000   48.000 -0.00608 17
 -69.000   49.000 -0.00813 10
 -69.000   50.000 -0.01435 1
 -68.000   25.000  0.00000 0
 -68.000   26.000  0.00000 0
 -68.000   27.000  0.00000 0
 -68.000   28.000  0.00000 0
 -68.000   29.000  0.00000 0
 -68.000   30.000  0.00000 0
 -68.000   31.000  0.00000 0
 -68.000   32.000  0.00000 0
 -68.000   33.000  0.00000 0
 -68.000   34.000  0.00000 0
 -68.000   35.000  0.00000 0
 -68.000   36.000  0.00000 0
 -68.000   37.000 -0.00111 0
 -68.000   38.000 -0.00128 0
 -68.000   39.000 -0.00349 2
 -68.000   40.000 -0.01119 1
 -68.000   41.000 -0.01816 13
 -68.000   42.000 -0.02216 8
 -68.000   43.000 -0.02017 5
 -68.000   44.000 -0.01820 7
 -68.000   45.000 -0.00638 12
 -68.000   46.000 -0.00245 13
 -68.000   47.000  0.00036 9
 -68.000   48.000 -0.00292 9
 -68.000   49.000 -0.00335 5
 -68.000   50.000 -0.01134 1
 -67.000   25.000  0.00000 0
 -67.000   26.000  0.00000 0
 -67.000   27.000  0.00000 0
 -67.000   28.000  0.00000 0
 -67.000   29.000  0.00000 0
 -67.000   30.000  0.00000 0
 -67.000   31.000  0.00000 0
 -67.000   32.000  0.00000 0
 -67.000   33.000  0.00000 0
 -67.000   34.000  0.00000 0
 -67.000   35.000  0.00000 0
 -67.000   36.000  0.00000 0
 -67.000   37.000 -0.00111 0
 -67.000   38.000 -0.00111 0
 -67.000   39.000 -0.00305 0
 -67.000   40.000 -0.00919 1
 -67.000   41.000 -0.01427 14
 -67.000   42.000 -0.01774 5
 -67.000   43.000 -0.01592 8
 -67.000   44.000 -0.01422 7
 -67.000   45.000 -0.00378 1
 -67.000   46.000 -0.00174 1
 -67.000   47.000  0.00122 7
 -67.000   48.000 -0.00060 9
 -67.000   49.000 -0.00045 6
 -67.000   50.000 -0.00777 3
 -66.000   25.000  0.00000 0
 -66.000   26.000  0.00000 0
 -66.000   27.000  0.00000 0
 -66.000   28.000  0.00000 0
 -66.000   29.000  0.00000 0
 -66.000   30.000  0.00000 0
 -66.000   31.000  0.00000 0
 -66.000   32.000  0.00000 0
 -66.000   33.000  0.00000 0
 -66.000   34.000  0.00000 0
 -66.000   35.000  0.00000 0
 -66.000   36.000  0.00000 0
 -66.000   37.000  0.00000 0
 -66.000   38.000  0.00000 0
 -66.000   39.000 -0.00192 0
 -66.000   40.000 -0.00827 0
 -66.000   41.000 -0.01251 1
 -66.000   42.000 -0.01602 7
 -66.000   43.000 -0.01630 5
 -66.000   44.000 -0.01430 6
 -66.000   45.000 -0.00264 2
 -66.000   46.000 -0.00059 2
 -66.000   47.000  0.00182 7
 -66.000   48.000  0.00209 8
 -66.000   49.000  0.00252 7
 -66.000   50.000 -0.00551 2
 -65.000   25.000  0.00000 0
 -65.000   26.000  0.00000 0
 -65.000   27.000  0.00000 0
 -65.000   28.000  0.00000 0
 -65.000   29.000  0.00000 0
 -65.000   30.000  0.00000 0
 -65.000   31.000  0.00000 0
 -65.000   32.000  0.00000 0
 -65.000   33.000  0.00000 0
 -65.000   34.000  0.00000 0
 -65.000   35.000  0.00000 0
 -65.000   36.000  0.00000 0
 -65.000   37.000  0.00000 0
 -65.000   38.000  0.00000 0
 -65.000   39.000 -0.00187 0
 -65.000   40.000 -0.00599 0
 -65.000   41.000 -0.01165 0
 -65.000   42.000 -0.01678 4
 -65.000   43.000 -0.01678 0
 -65.000   44.000 -0.01491 1
 -65.000   45.000 -0.00482 0
 -65.000   46.000 -0.00037 0
 -65.000   47.000  0.00329 3
 -65.000   48.000  0.00329 8
 -65.000   49.000  0.00412 3
 -65.000   50.000 -0.00446 0
