-130.000   25.000 -0.01090 0
-130.000   26.000 -0.00818 2
-130.000   27.000 -0.00654 8
-130.000   28.000 -0.00654 0
-130.000   29.000 -0.00392 1
-130.000   30.000  0.00000 0
-130.000   31.000  0.00000 3
-130.000   32.000  0.00000 0
-130.000   33.000  0.00000 0
-130.000   34.000  0.00000 0
-130.000   35.000  0.00000 0
-130.000   36.000  0.00000 0
-130.000   37.000  0.00000 0
-130.000   38.000 -0.00406 0
-130.000   39.000 -0.00257 1
-130.000   40.000 -0.00123 10
-130.000   41.000  0.00021 17
-130.000   42.000  0.00021 12
-130.000   43.000  0.01074 5
-130.000   44.000  0.00924 1
-130.000   45.000  0.00191 2
-130.000   46.000  0.00047 4
-130.000   47.000  0.00047 7
-130.000   48.000 -0.00599 1
-130.000   49.000 -0.00749 1
-130.000   50.000  0.00000 2
-129.000   25.000 -0.00818 5
-129.000   26.000 -0.00613 10
-129.000   27.000 -0.00491 0
-129.000   28.000 -0.00491 0
-129.000   29.000 -0.00294 5
-129.000   30.000  0.00000 0
-129.000   31.000  0.00000 0
-129.000   32.000  0.00000 0
-129.000   33.000  0.00000 2
-129.000   34.000  0.00000 0
-129.000   35.000  0.00000 0
-129.000   36.000  0.00000 0
-129.000   37.000  0.00000 1
-129.000   38.000 -0.00304 1
-129.000   39.000 -0.00192 2
-129.000   40.000 -0.00092 42
-129.000   41.000  0.00016 8
-129.000   42.000  0.00016 12
-129.000   43.000  0.00805 7
-129.000   44.000  0.00693 0
-129.000   45.000  0.00143 9
-129.000   46.000  0.00035 3
-129.000   47.000  0.00035 11
-129.000   48.000 -0.00450 1
-129.000   49.000 -0.00562 4
-129.000   50.000  0.00000 3
-128.000   25.000 -0.00654 3
-128.000   26.000 -0.00491 1
-128.000   27.000 -0.00393 0
-128.000   28.000 -0.00393 3
-128.000   29.000 -0.00235 2
-128.000   30.000  0.00000 0
-128.000   31.000  0.00000 1
-128.000   32.000  0.00000 0
-128.000   33.000  0.00000 0
-128.000   34.000  0.00000 0
-128.000   35.000  0.00000 0
-128.000   36.000  0.00000 2
-128.000   37.000  0.00000 1
-128.000   38.000 -0.00244 3
-128.000   39.000 -0.00154 2
-128.000   40.000 -0.00074 9
-128.000   41.000  0.00013 10
-128.000   42.000  0.00013 10
-128.000   43.000  0.00644 0
-128.000   44.000  0.00555 4
-128.000   45.000  0.00115 1
-128.000   46.000  0.00089 1
-128.000   47.000  0.00089 0
-128.000   48.000 -0.00290 4
-128.000   49.000 -0.00363 2
-128.000   50.000  0.00115 3
-127.000   25.000 -0.00262 0
-127.000   26.000 -0.00197 1
-127.000   27.000 -0.00157 1
-127.000   28.000 -0.00157 1
-127.000   29.000  0.00000 0
-127.000   30.000  0.00000 0
-127.000   31.000  0.00000 0
-127.000   32.000  0.00000 0
-127.000   33.000  0.00000 0
-127.000   34.000  0.00000 0
-127.000   35.000  0.00000 0
-127.000   36.000  0.00000 0
-127.000   37.000  0.00000 1
-127.000   38.000 -0.00110 1
-127.000   39.000 -0.00204 2
-127.000   40.000 -0.00186 2
-127.000   41.000 -0.00099 2
-127.000   42.000  0.00145 4
-127.000   43.000  0.00643 1
-127.000   44.000  0.00737 2
-127.000   45.000  0.00523 1
-127.000   46.000  0.00326 0
-127.000   47.000 -0.00054 1
-127.000   48.000 -0.00267 1
-127.000   49.000 -0.00334 2
-127.000   50.000 -0.00119 3
-126.000   25.000  0.00000 0
-126.000   26.000  0.00000 3
-126.000   27.000  0.00000 2
-126.000   28.000  0.00000 1
-126.000   29.000  0.00000 0
-126.000   30.000  0.00000 0
-126.000   31.000  0.00146 0
-126.000   32.000  0.00583 1
-126.000   33.000  0.00885 0
-126.000   34.000  0.01189 0
-126.000   35.000  0.01195 0
-126.000   36.000  0.01120 0
-126.000   37.000  0.00574 2
-126.000   38.000  0.00233 5
-126.000   39.000 -0.00215 0
-126.000   40.000 -0.00232 0
-126.000   41.000 -0.00208 3
-126.000   42.000  0.00144 4
-126.000   43.000  0.00184 1
-126.000   44.000  0.00328 1
-126.000   45.000  0.00339 1
-126.000   46.000  0.00133 2
-126.000   47.000 -0.00247 2
-126.000   48.000 -0.00072 6
-126.000   49.000 -0.00090 3
-126.000   50.000 -0.00119 24
-125.000   25.000  0.00000 2
-125.000   26.000  0.00000 1
-125.000   27.000  0.00000 1
-125.000   28.000  0.00000 0
-125.000   29.000  0.00000 0
-125.000   30.000  0.00037 1
-125.000   31.000  0.00403 1
-125.000   32.000  0.01131 2
-125.000   33.000  0.01740 2
-125.000   34.000  0.02120 0
-125.000   35.000  0.02241 4
-125.000   36.000  0.02076 1
-125.000   37.000  0.01441 4
-125.000   38.000  0.01219 5
-125.000   39.000  0.00834 3
-125.000   40.000  0.00792 1
-125.000   41.000  0.00888 3
-125.000   42.000  0.01040 6
-125.000   43.000  0.00652 4
-125.000   44.000  0.00632 6
-125.000   45.000  0.00515 2
-125.000   46.000  0.00107 0
-125.000   47.000 -0.00273 1
-125.000   48.000 -0.00098 8
-125.000   49.000 -0.00090 6
-125.000   50.000 -0.00119 12
-124.000   25.000  0.00000 1
-124.000   26.000  0.00059 0
-124.000   27.000  0.00118 0
-124.000   28.000  0.00118 0
-124.000   29.000  0.00266 1
-124.000   30.000  0.00624 0
-124.000   31.000  0.00943 0
-124.000   32.000  0.01783 4
-124.000   33.000  0.02473 8
-124.000   34.000  0.02868 11
-124.000   35.000  0.02937 6
-124.000   36.000  0.02963 9
-124.000   37.000  0.02602 24
-124.000   38.000  0.02300 9
-124.000   39.000  0.01968 12
-124.000   40.000  0.01876 11
-124.000   41.000  0.01727 13
-124.000   42.000  0.01511 13
-124.000   43.000  0.01124 8
-124.000   44.000  0.00887 1
-124.000   45.000  0.00551 1
-124.000   46.000  0.00197 3
-124.000   47.000 -0.00273 1
-124.000   48.000 -0.00098 4
-124.000   49.000 -0.00090 2
-124.000   50.000 -0.00119 4
-123.000   25.000  0.00000 0
-123.000   26.000  0.00059 0
-123.000   27.000  0.00158 0
-123.000   28.000  0.00158 0
-123.000   29.000  0.00306 1
-123.000   30.000  0.00963 2
-123.000   31.000  0.01282 2
-123.000   32.000  0.02298 6
-123.000   33.000  0.02988 8
-123.000   34.000  0.03334 10
-123.000   35.000  0.03398 8
-123.000   36.000  0.03761 14
-123.000   37.000  0.03655 10
-123.000   38.000  0.03618 13
-123.000   39.000  0.03153 13
-123.000   40.000  0.02768 18
-123.000   41.000  0.02282 12
-123.000   42.000  0.01318 9
-123.000   43.000  0.00666 7
-123.000   44.000  0.00610 3
-123.000   45.000  0.00274 2
-123.000   46.000 -0.00141 8
-123.000   47.000 -0.00334 5
-123.000   48.000 -0.00167 5
-123.000   49.000 -0.00176 2
-123.000   50.000 -0.00235 2
-122.000   25.000  0.00000 0
-122.000   26.000  0.00059 0
-122.000   27.000  0.00158 0
-122.000   28.000  0.00158 6
-122.000   29.000  0.00404 13
-122.000   30.000  0.01392 3
-122.000   31.000  0.01711 7
-122.000   32.000  0.02727 13
-122.000   33.000  0.03665 4
-122.000   34.000  0.04049 7
-122.000   35.000  0.03930 7
-122.000   36.000  0.04490 13
-122.000   37.000  0.04610 6
-122.000   38.000  0.04561 6
-122.000   39.000  0.04093 11
-122.000   40.000  0.03773 5
-122.000   41.000  0.03229 11
-122.000   42.000  0.01658 13
-122.000   43.000  0.00770 6
-122.000   44.000  0.00581 6
-122.000   45.000  0.00033 4
-122.000   46.000 -0.00350 2
-122.000   47.000 -0.00026 5
-122.000   48.000 -0.00026 3
-122.000   49.000  0.00000 1
-122.000   50.000  0.00000 2
-121.000   25.000  0.00000 0
-121.000   26.000  0.00059 0
-121.000   27.000  0.00158 0
-121.000   28.000  0.00158 4
-121.000   29.000  0.00404 8
-121.000   30.000  0.01575 2
-121.000   31.000  0.01748 5
-121.000   32.000  0.02432 8
-121.000   33.000  0.03069 1
-121.000   34.000  0.03139 9
-121.000   35.000  0.03099 4
-121.000   36.000  0.04108 6
-121.000   37.000  0.04951 9
-121.000   38.000  0.05116 8
-121.000   39.000  0.04924 14
-121.000   40.000  0.04585 6
-121.000   41.000  0.03687 8
-121.000   42.000  0.01764 5
-121.000   43.000  0.00962 3
-121.000   44.000  0.00812 7
-121.000   45.000  0.00019 3
-121.000   46.000 -0.00312 2
-121.000   47.000 -0.00026 5
-121.000   48.000 -0.00026 2
-121.000   49.000  0.00000 2
-121.000   50.000  0.00000 3
-120.000   25.000  0.00000 0
-120.000   26.000  0.00059 0
-120.000   27.000  0.00158 0
-120.000   28.000  0.00158 0
-120.000   29.000  0.00656 3
-120.000   30.000  0.01790 1
-120.000   31.000  0.01742 6
-120.000   32.000  0.02136 7
-120.000   33.000  0.02728 4
-120.000   34.000  0.02782 2
-120.000   35.000  0.02791 7
-120.000   36.000  0.04031 13
-120.000   37.000  0.05140 17
-120.000   38.000  0.05074 12
-120.000   39.000  0.04450 12
-120.000   40.000  0.04035 7
-120.000   41.000  0.02696 10
-120.000   42.000  0.00713 14
-120.000   43.000  0.00187 14
-120.000   44.000  0.00260 9
-120.000   45.000 -0.00230 5
-120.000   46.000 -0.00131 0
-120.000   47.000  0.00237 1
-120.000   48.000  0.00237 2
-120.000   49.000  0.00297 5
-120.000   50.000  0.00000 5
-119.000   25.000  0.00000 0
-119.000   26.000  0.00000 0
-119.000   27.000  0.00040 1
-119.000   28.000  0.00040 1
-119.000   29.000  0.00446 2
-119.000   30.000  0.01259 1
-119.000   31.000  0.01259 4
-119.000   32.000  0.01863 8
-119.000   33.000  0.02554 1
-119.000   34.000  0.02679 8
-119.000   35.000  0.02821 3
-119.000   36.000  0.04164 9
-119.000   37.000  0.04749 9
-119.000   38.000  0.04530 9
-119.000   39.000  0.03907 21
-119.000   40.000  0.03461 11
-119.000   41.000  0.01864 15
-119.000   42.000  0.00284 21
-119.000   43.000  0.00242 13
-119.000   44.000  0.00334 17
-119.000   45.000  0.00359 0
-119.000   46.000  0.00655 1
-119.000   47.000  0.01006 0
-119.000   48.000  0.00576 2
-119.000   49.000  0.00720 2
-119.000   50.000  0.00069 2
-118.000   25.000  0.00000 1
-118.000   26.000  0.00000 0
-118.000   27.000  0.00000 1
-118.000   28.000  0.00000 3
-118.000   29.000  0.00406 3
-118.000   30.000  0.00920 3
-118.000   31.000  0.00920 6
-118.000   32.000  0.01595 5
-118.000   33.000  0.02582 3
-118.000   34.000  0.02772 5
-118.000   35.000  0.03129 10
-118.000   36.000  0.04392 9
-118.000   37.000  0.04618 7
-118.000   38.000  0.04098 11
-118.000   39.000  0.03537 23
-118.000   40.000  0.03180 16
-118.000   41.000  0.01596 18
-118.000   42.000  0.00620 15
-118.000   43.000  0.00584 14
-118.000   44.000  0.00549 9
-118.000   45.000  0.00569 2
-118.000   46.000  0.01126 0
-118.000   47.000  0.01200 10
-118.000   48.000  0.00770 3
-118.000   49.000  0.00963 2
-118.000   50.000  0.00393 2
-117.000   25.000  0.00000 0
-117.000   26.000  0.00000 0
-117.000   27.000  0.00000 1
-117.000   28.000  0.00000 2
-117.000   29.000  0.00308 3
-117.000   30.000  0.00491 2
-117.000   31.000  0.00491 7
-117.000   32.000  0.01405 3
-117.000   33.000  0.02144 3
-117.000   34.000  0.02296 20
-117.000   35.000  0.03199 22
-117.000   36.000  0.04357 7
-117.000   37.000  0.04375 7
-117.000   38.000  0.03825 16
-117.000   39.000  0.03425 23
-117.000   40.000  0.02787 11
-117.000   41.000  0.01343 7
-117.000   42.000  0.00473 5
-117.000   43.000  0.00715 8
-117.000   44.000  0.00919 12
-117.000   45.000  0.01005 9
-117.000   46.000  0.01551 0
-117.000   47.000  0.01685 13
-117.000   48.000  0.01255 11
-117.000   49.000  0.01238 1
-117.000   50.000  0.00760 2
-116.000   25.000  0.00000 0
-116.000   26.000  0.00000 1
-116.000   27.000  0.00000 0
-116.000   28.000  0.00000 3
-116.000   29.000  0.00308 3
-116.000   30.000  0.00308 2
-116.000   31.000  0.00308 5
-116.000   32.000  0.01299 4
-116.000   33.000  0.02037 2
-116.000   34.000  0.02466 19
-116.000   35.000  0.03284 6
-116.000   36.000  0.04113 7
-116.000   37.000  0.03755 8
-116.000   38.000  0.03407 15
-116.000   39.000  0.02914 14
-116.000   40.000  0.02407 6
-116.000   41.000  0.01593 12
-116.000   42.000  0.00984 12
-116.000   43.000  0.00819 11
-116.000   44.000  0.00841 3
-116.000   45.000  0.01064 3
-116.000   46.000  0.01362 0
-116.000   47.000  0.01534 3
-116.000   48.000  0.01308 6
-116.000   49.000  0.01305 5
-116.000   50.000  0.00850 3
-115.000   25.000  0.00000 2
-115.000   26.000  0.00000 0
-115.000   27.000  0.00000 2
-115.000   28.000  0.00000 3
-115.000   29.000  0.00056 5
-115.000   30.000  0.00056 3
-115.000   31.000  0.00056 4
-115.000   32.000  0.01229 2
-115.000   33.000  0.01704 0
-115.000   34.000  0.02073 8
-115.000   35.000  0.03013 2
-115.000   36.000  0.03651 1
-115.000   37.000  0.03054 6
-115.000   38.000  0.03251 18
-115.000   39.000  0.03187 19
-115.000   40.000  0.02781 6
-115.000   41.000  0.02688 17
-115.000   42.000  0.02173 14
-115.000   43.000  0.01727 8
-115.000   44.000  0.01629 4
-115.000   45.000  0.01392 5
-115.000   46.000  0.01100 6
-115.000   47.000  0.01237 2
-115.000   48.000  0.01011 9
-115.000   49.000  0.00934 6
-115.000   50.000  0.00750 5
-114.000   25.000  0.00000 1
-114.000   26.000  0.00000 0
-114.000   27.000 -0.00522 2
-114.000   28.000 -0.00522 5
-114.000   29.000 -0.00522 2
-114.000   30.000 -0.00522 2
-114.000   31.000 -0.00522 1
-114.000   32.000  0.00849 1
-114.000   33.000  0.01145 3
-114.000   34.000  0.01518 8
-114.000   35.000  0.02642 4
-114.000   36.000  0.03078 7
-114.000   37.000  0.02678 4
-114.000   38.000  0.03118 6
-114.000   39.000  0.02910 13
-114.000   40.000  0.02426 10
-114.000   41.000  0.02744 5
-114.000   42.000  0.02674 8
-114.000   43.000  0.01739 13
-114.000   44.000  0.01582 5
-114.000   45.000  0.00942 6
-114.000   46.000  0.00452 2
-114.000   47.000  0.00298 2
-114.000   48.000  0.00497 11
-114.000   49.000  0.00612 2
-114.000   50.000  0.00816 4
-113.000   25.000  0.00000 1
-113.000   26.000  0.00000 1
-113.000   27.000 -0.00522 0
-113.000   28.000 -0.00522 4
-113.000   29.000 -0.00522 2
-113.000   30.000 -0.00522 1
-113.000   31.000 -0.00522 0
-113.000   32.000  0.00602 1
-113.000   33.000  0.00602 1
-113.000   34.000  0.01085 8
-113.000   35.000  0.02176 4
-113.000   36.000  0.02675 3
-113.000   37.000  0.02466 8
-113.000   38.000  0.03038 20
-113.000   39.000  0.02775 7
-113.000   40.000  0.02318 13
-113.000   41.000  0.02642 11
-113.000   42.000  0.02628 7
-113.000   43.000  0.01857 6
-113.000   44.000  0.01644 6
-113.000   45.000  0.01010 4
-113.000   46.000  0.00258 4
-113.000   47.000 -0.00072 3
-113.000   48.000  0.00127 10
-113.000   49.000  0.00149 2
-113.000   50.000  0.00199 2
-112.000   25.000 -0.00105 0
-112.000   26.000 -0.00079 0
-112.000   27.000 -0.00834 0
-112.000   28.000 -0.00834 3
-112.000   29.000 -0.00834 6
-112.000   30.000 -0.00771 3
-112.000   31.000 -0.00771 2
-112.000   32.000  0.00364 0
-112.000   33.000  0.00577 3
-112.000   34.000  0.01393 2
-112.000   35.000  0.02465 5
-112.000   36.000  0.02707 6
-112.000   37.000  0.02575 20
-112.000   38.000  0.02977 18
-112.000   39.000  0.02142 7
-112.000   40.000  0.01528 9
-112.000   41.000  0.01934 4
-112.000   42.000  0.02082 6
-112.000   43.000  0.01368 3
-112.000   44.000  0.01131 7
-112.000   45.000  0.00618 9
-112.000   46.000  0.00173 8
-112.000   47.000 -0.00353 4
-112.000   48.000 -0.00255 7
-112.000   49.000  0.00002 10
-112.000   50.000  0.00093 4
-111.000   25.000 -0.00729 0
-111.000   26.000 -0.00346 1
-111.000   27.000 -0.01048 3
-111.000   28.000 -0.00674 3
-111.000   29.000 -0.00674 1
-111.000   30.000 -0.00611 1
-111.000   31.000 -0.00771 3
-111.000   32.000  0.00497 2
-111.000   33.000  0.00710 1
-111.000   34.000  0.01518 3
-111.000   35.000  0.02790 3
-111.000   36.000  0.03137 7
-111.000   37.000  0.03029 15
-111.000   38.000  0.03292 9
-111.000   39.000  0.03024 9
-111.000   40.000  0.02286 8
-111.000   41.000  0.02243 12
-111.000   42.000  0.02233 4
-111.000   43.000  0.01863 5
-111.000   44.000  0.00931 4
-111.000   45.000  0.00231 5
-111.000   46.000  0.00076 5
-111.000   47.000 -0.00365 3
-111.000   48.000 -0.00442 5
-111.000   49.000 -0.00063 6
-111.000   50.000  0.00194 1
-110.000   25.000 -0.00729 0
-110.000   26.000 -0.00346 2
-110.000   27.000 -0.01048 9
-110.000   28.000 -0.00674 5
-110.000   29.000 -0.00674 8
-110.000   30.000 -0.00656 1
-110.000   31.000 -0.00816 3
-110.000   32.000  0.00516 0
-110.000   33.000  0.01332 5
-110.000   34.000  0.02629 4
-110.000   35.000  0.04138 8
-110.000   36.000  0.04782 7
-110.000   37.000  0.04490 8
-110.000   38.000  0.03820 9
-110.000   39.000  0.03001 6
-110.000   40.000  0.01824 4
-110.000   41.000  0.01180 8
-110.000   42.000  0.01339 3
-110.000   43.000  0.01344 2
-110.000   44.000  0.00468 4
-110.000   45.000  0.00015 8
-110.000   46.000  0.00198 3
-110.000   47.000 -0.00291 6
-110.000   48.000 -0.00413 7
-110.000   49.000 -0.00021 5
-110.000   50.000  0.00250 4
-109.000   25.000 -0.00729 9
-109.000   26.000 -0.00346 1
-109.000   27.000 -0.00526 2
-109.000   28.000 -0.00152 6
-109.000   29.000 -0.00152 2
-109.000   30.000 -0.00134 3
-109.000   31.000  0.00040 2
-109.000   32.000  0.00897 0
-109.000   33.000  0.01931 1
-109.000   34.000  0.03509 7
-109.000   35.000  0.05067 5
-109.000   36.000  0.05593 9
-109.000   37.000  0.05531 8
-109.000   38.000  0.04453 9
-109.000   39.000  0.03144 9
-109.000   40.000  0.01811 7
-109.000   41.000  0.00856 6
-109.000   42.000  0.00294 6
-109.000   43.000  0.00484 1
-109.000   44.000  0.00145 3
-109.000   45.000 -0.00261 5
-109.000   46.000 -0.00035 9
-109.000   47.000 -0.00110 8
-109.000   48.000 -0.00227 4
-109.000   49.000 -0.00196 7
-109.000   50.000  0.00115 6
-108.000   25.000 -0.00729 5
-108.000   26.000 -0.00346 1
-108.000   27.000 -0.00526 0
-108.000   28.000 -0.00152 0
-108.000   29.000 -0.00152 3
-108.000   30.000 -0.00134 2
-108.000   31.000  0.00040 1
-108.000   32.000  0.00897 6
-108.000   33.000  0.02062 4
-108.000   34.000  0.03631 14
-108.000   35.000  0.05114 15
-108.000   36.000  0.05502 7
-108.000   37.000  0.05353 10
-108.000   38.000  0.04048 8
-108.000   39.000  0.02747 4
-108.000   40.000  0.01489 4
-108.000   41.000  0.00672 5
-108.000   42.000  0.00197 2
-108.000   43.000  0.00405 3
-108.000   44.000  0.00005 5
-108.000   45.000 -0.00401 10
-108.000   46.000 -0.00175 9
-108.000   47.000 -0.00073 4
-108.000   48.000 -0.00112 7
-108.000   49.000  0.00023 5
-108.000   50.000  0.00407 5
-107.000   25.000 -0.00624 2
-107.000   26.000 -0.00268 3
-107.000   27.000 -0.00214 0
-107.000   28.000  0.00160 0
-107.000   29.000  0.00201 4
-107.000   30.000  0.00156 2
-107.000   31.000  0.00205 2
-107.000   32.000  0.00813 1
-107.000   33.000  0.01963 6
-107.000   34.000  0.03158 6
-107.000   35.000  0.04152 15
-107.000   36.000  0.04790 11
-107.000   37.000  0.04545 13
-107.000   38.000  0.03255 6
-107.000   39.000  0.02369 7
-107.000   40.000  0.01601 7
-107.000   41.000  0.00947 6
-107.000   42.000  0.00734 4
-107.000   43.000  0.00987 6
-107.000   44.000  0.00877 8
-107.000   45.000  0.00524 5
-107.000   46.000  0.00304 8
-107.000   47.000  0.00239 7
-107.000   48.000  0.00156 3
-107.000   49.000 -0.00105 4
-107.000   50.000  0.00147 1
-106.000   25.000  0.00000 1
-106.000   26.000  0.00000 1
-106.000   27.000  0.00000 2
-106.000   28.000  0.00000 1
-106.000   29.000  0.00192 0
-106.000   30.000  0.00147 5
-106.000   31.000  0.00357 4
-106.000   32.000  0.00649 5
-106.000   33.000  0.01692 4
-106.000   34.000  0.02477 3
-106.000   35.000  0.03271 9
-106.000   36.000  0.03759 6
-106.000   37.000  0.04042 7
-106.000   38.000  0.03017 11
-106.000   39.000  0.01905 5
-106.000   40.000  0.01156 5
-106.000   41.000  0.00659 4
-106.000   42.000  0.00233 4
-106.000   43.000  0.00770 4
-106.000   44.000  0.01279 4
-106.000   45.000  0.01220 9
-106.000   46.000  0.00994 7
-106.000   47.000  0.00844 3
-106.000   48.000  0.00289 2
-106.000   49.000 -0.00107 4
-106.000   50.000 -0.00044 3
-105.000   25.000  0.00000 0
-105.000   26.000  0.00000 1
-105.000   27.000  0.00000 3
-105.000   28.000  0.00000 1
-105.000   29.000  0.00192 0
-105.000   30.000  0.00192 3
-105.000   31.000  0.00402 7
-105.000   32.000  0.00449 3
-105.000   33.000  0.00888 6
-105.000   34.000  0.01205 4
-105.000   35.000  0.01476 13
-105.000   36.000  0.01836 4
-105.000   37.000  0.02405 8
-105.000   38.000  0.01719 13
-105.000   39.000  0.01076 1
-105.000   40.000  0.00805 5
-105.000   41.000  0.00770 2
-105.000   42.000  0.00712 5
-105.000   43.000  0.01874 6
-105.000   44.000  0.02388 6
-105.000   45.000  0.02328 6
-105.000   46.000  0.01794 6
-105.000   47.000  0.01236 4
-105.000   48.000  0.00320 1
-105.000   49.000 -0.00074 1
-105.000   50.000  0.00000 3
-104.000   25.000  0.00000 2
-104.000   26.000  0.00000 0
-104.000   27.000  0.00000 0
-104.000   28.000  0.00000 0
-104.000   29.000  0.00192 3
-104.000   30.000  0.00266 0
-104.000   31.000  0.00130 6
-104.000   32.000  0.00130 4
-104.000   33.000  0.00092 4
-104.000   34.000  0.00038 2
-104.000   35.000 -0.00078 8
-104.000   36.000  0.00318 1
-104.000   37.000  0.00711 1
-104.000   38.000  0.00682 4
-104.000   39.000  0.00620 7
-104.000   40.000  0.01312 8
-104.000   41.000  0.01682 9
-104.000   42.000  0.01813 4
-104.000   43.000  0.02795 10
-104.000   44.000  0.03228 3
-104.000   45.000  0.02578 6
-104.000   46.000  0.01947 5
-104.000   47.000  0.01424 3
-104.000   48.000  0.00508 3
-104.000   49.000  0.00000 1
-104.000   50.000  0.00000 3
-103.000   25.000  0.00000 2
-103.000   26.000  0.00000 0
-103.000   27.000  0.00000 2
-103.000   28.000  0.00000 1
-103.000   29.000  0.00192 3
-103.000   30.000  0.00417 3
-103.000   31.000  0.00172 0
-103.000   32.000  0.00115 5
-103.000   33.000  0.00154 5
-103.000   34.000 -0.00018 3
-103.000   35.000 -0.00473 5
-103.000   36.000 -0.00149 7
-103.000   37.000  0.00302 5
-103.000   38.000  0.00290 6
-103.000   39.000  0.00345 7
-103.000   40.000  0.01372 7
-103.000   41.000  0.01985 3
-103.000   42.000  0.01872 4
-103.000   43.000  0.02839 6
-103.000   44.000  0.03332 9
-103.000   45.000  0.02535 6
-103.000   46.000  0.01844 3
-103.000   47.000  0.01563 0
-103.000   48.000  0.00569 2
-103.000   49.000  0.00000 1
-103.000   50.000  0.00000 0
-102.000   25.000  0.00000 0
-102.000   26.000  0.00000 0
-102.000   27.000  0.00000 4
-102.000   28.000  0.00000 0
-102.000   29.000  0.00152 3
-102.000   30.000  0.00535 1
-102.000   31.000  0.00414 1
-102.000   32.000  0.00357 7
-102.000   33.000  0.00198 15
-102.000   34.000  0.00067 5
-102.000   35.000 -0.00401 6
-102.000   36.000 -0.00163 5
-102.000   37.000  0.00207 5
-102.000   38.000  0.00393 4
-102.000   39.000  0.00527 5
-102.000   40.000  0.01377 3
-102.000   41.000  0.01579 2
-102.000   42.000  0.01381 11
-102.000   43.000  0.02202 5
-102.000   44.000  0.02357 7
-102.000   45.000  0.01592 5
-102.000   46.000  0.01273 6
-102.000   47.000  0.01158 0
-102.000   48.000  0.00309 0
-102.000   49.000  0.00000 0
-102.000   50.000  0.00000 0
-101.000   25.000  0.00000 0
-101.000   26.000  0.00000 1
-101.000   27.000  0.00000 1
-101.000   28.000  0.00082 0
-101.000   29.000  0.00082 3
-101.000   30.000  0.00490 3
-101.000   31.000  0.00369 2
-101.000   32.000  0.00312 8
-101.000   33.000  0.00179 10
-101.000   34.000  0.00199 7
-101.000   35.000 -0.00294 6
-101.000   36.000 -0.00056 4
-101.000   37.000 -0.00037 8
-101.000   38.000 -0.00156 3
-101.000   39.000 -0.00063 4
-101.000   40.000  0.00787 6
-101.000   41.000  0.00983 5
-101.000   42.000  0.01137 8
-101.000   43.000  0.01714 6
-101.000   44.000  0.01942 8
-101.000   45.000  0.01177 2
-101.000   46.000  0.00865 3
-101.000   47.000  0.00750 0
-101.000   48.000  0.00343 0
-101.000   49.000  0.00000 0
-101.000   50.000  0.00000 1
-100.000   25.000  0.00000 3
-100.000   26.000  0.00000 1
-100.000   27.000  0.00155 0
-100.000   28.000  0.00237 0
-100.000   29.000  0.00237 0
-100.000   30.000  0.00645 0
-100.000   31.000  0.00524 0
-100.000   32.000  0.00312 6
-100.000   33.000  0.00286 2
-100.000   34.000  0.00286 5
-100.000   35.000 -0.00207 5
-100.000   36.000 -0.00086 2
-100.000   37.000 -0.00110 3
-100.000   38.000 -0.00072 3
-100.000   39.000  0.00042 7
-100.000   40.000  0.00892 5
-100.000   41.000  0.00871 6
-100.000   42.000  0.00658 6
-100.000   43.000  0.00565 7
-100.000   44.000  0.00592 5
-100.000   45.000 -0.00173 4
-100.000   46.000 -0.00152 9
-100.000   47.000  0.00142 1
-100.000   48.000  0.00142 0
-100.000   49.000  0.00000 0
-100.000   50.000  0.00000 1
 -99.000   25.000  0.00000 0
 -99.000   26.000  0.00000 0
 -99.000   27.000  0.00155 0
 -99.000   28.000  0.00237 0
 -99.000   29.000  0.00237 2
 -99.000   30.000  0.00572 8
 -99.000   31.000  0.00462 5
 -99.000   32.000  0.00250 6
 -99.000   33.000  0.00483 4
 -99.000   34.000  0.00483 1
 -99.000   35.000  0.00106 4
 -99.000   36.000  0.00216 3
 -99.000   37.000  0.00193 2
 -99.000   38.000 -0.00029 5
 -99.000   39.000  0.00107 4
 -99.000   40.000  0.00264 3
 -99.000   41.000  0.00243 6
 -99.000   42.000  0.00080 3
 -99.000   43.000 -0.00014 3
 -99.000   44.000 -0.00206 2
 -99.000   45.000 -0.00321 1
 -99.000   46.000 -0.00300 6
 -99.000   47.000 -0.00057 3
 -99.000   48.000 -0.00057 0
 -99.000   49.000  0.00000 1
 -99.000   50.000  0.00000 0
 -98.000   25.000  0.00000 1
 -98.000   26.000  0.00000 2
 -98.000   27.000 -0.00006 1
 -98.000   28.000  0.00077 4
 -98.000   29.000  0.00077 6
 -98.000   30.000  0.00139 3
 -98.000   31.000  0.00139 2
 -98.000   32.000  0.00145 3
 -98.000   33.000  0.00023 0
 -98.000   34.000  0.00043 2
 -98.000   35.000  0.00132 11
 -98.000   36.000  0.00132 3
 -98.000   37.000  0.00051 3
 -98.000   38.000  0.00091 1
 -98.000   39.000  0.00207 1
 -98.000   40.000  0.00023 2
 -98.000   41.000 -0.00059 2
 -98.000   42.000  0.00021 2
 -98.000   43.000  0.00021 3
 -98.000   44.000 -0.00172 3
 -98.000   45.000 -0.00139 2
 -98.000   46.000 -0.00057 6
 -98.000   47.000 -0.00057 2
 -98.000   48.000 -0.00057 0
 -98.000   49.000  0.00000 1
 -98.000   50.000  0.00000 1
 -97.000   25.000  0.00000 0
 -97.000   26.000  0.00000 2
 -97.000   27.000 -0.00006 0
 -97.000   28.000  0.00077 0
 -97.000   29.000  0.00077 2
 -97.000   30.000 -0.00019 4
 -97.000   31.000 -0.00019 1
 -97.000   32.000 -0.00014 2
 -97.000   33.000 -0.00099 1
 -97.000   34.000 -0.00007 2
 -97.000   35.000  0.00368 5
 -97.000   36.000  0.00503 4
 -97.000   37.000  0.00553 8
 -97.000   38.000  0.00556 2
 -97.000   39.000  0.00521 2
 -97.000   40.000  0.00169 5
 -97.000   41.000  0.00034 6
 -97.000   42.000 -0.00016 5
 -97.000   43.000 -0.00016 2
 -97.000   44.000 -0.00240 3
 -97.000   45.000 -0.00168 2
 -97.000   46.000 -0.00168 2
 -97.000   47.000 -0.00168 2
 -97.000   48.000 -0.00168 0
 -97.000   49.000  0.00000 1
 -97.000   50.000  0.00000 1
 -96.000   25.000 -0.00523 0
 -96.000   26.000 -0.00392 0
 -96.000   27.000 -0.00319 0
 -96.000   28.000 -0.00319 3
 -96.000   29.000 -0.00006 6
 -96.000   30.000 -0.00126 3
 -96.000   31.000 -0.00265 4
 -96.000   32.000 -0.00259 6
 -96.000   33.000 -0.00072 2
 -96.000   34.000  0.00004 2
 -96.000   35.000  0.00503 7
 -96.000   36.000  0.00901 10
 -96.000   37.000  0.00983 10
 -96.000   38.000  0.00624 3
 -96.000   39.000  0.00568 5
 -96.000   40.000  0.00118 4
 -96.000   41.000 -0.00142 1
 -96.000   42.000 -0.00224 2
 -96.000   43.000 -0.00051 3
 -96.000   44.000 -0.00274 4
 -96.000   45.000 -0.00201 2
 -96.000   46.000 -0.00201 1
 -96.000   47.000 -0.00201 2
 -96.000   48.000 -0.00201 2
 -96.000   49.000  0.00000 4
 -96.000   50.000  0.00000 2
 -95.000   25.000 -0.00523 3
 -95.000   26.000 -0.00392 0
 -95.000   27.000 -0.00474 0
 -95.000   28.000 -0.00474 0
 -95.000   29.000 -0.00161 4
 -95.000   30.000 -0.00281 1
 -95.000   31.000 -0.00419 4
 -95.000   32.000 -0.00258 1
 -95.000   33.000 -0.00245 4
 -95.000   34.000 -0.00210 4
 -95.000   35.000  0.00461 14
 -95.000   36.000  0.01102 9
 -95.000   37.000  0.01184 18
 -95.000   38.000  0.00998 9
 -95.000   39.000  0.01045 10
 -95.000   40.000  0.00421 4
 -95.000   41.000 -0.00082 3
 -95.000   42.000 -0.00164 6
 -95.000   43.000  0.00009 5
 -95.000   44.000 -0.00073 3
 -95.000   45.000  0.00000 4
 -95.000   46.000  0.00000 1
 -95.000   47.000  0.00000 3
 -95.000   48.000  0.00000 2
 -95.000   49.000  0.00000 3
 -95.000   50.000  0.00000 0
 -94.000   25.000 -0.00523 2
 -94.000   26.000 -0.00392 7
 -94.000   27.000 -0.00299 1
 -94.000   28.000 -0.00299 1
 -94.000   29.000 -0.00276 3
 -94.000   30.000 -0.00396 2
 -94.000   31.000 -0.00534 5
 -94.000   32.000 -0.00168 2
 -94.000   33.000 -0.00065 7
 -94.000   34.000  0.00288 2
 -94.000   35.000  0.00927 15
 -94.000   36.000  0.01789 20
 -94.000   37.000  0.01618 10
 -94.000   38.000  0.01123 17
 -94.000   39.000  0.00892 8
 -94.000   40.000  0.00314 7
 -94.000   41.000 -0.00410 1
 -94.000   42.000 -0.00618 4
 -94.000   43.000 -0.00227 1
 -94.000   44.000 -0.00059 5
 -94.000   45.000  0.00000 3
 -94.000   46.000  0.00000 2
 -94.000   47.000  0.00000 5
 -94.000   48.000  0.00000 1
 -94.000   49.000  0.00000 2
 -94.000   50.000  0.00000 3
 -93.000   25.000 -0.00523 2
 -93.000   26.000 -0.00392 0
 -93.000   27.000 -0.00139 5
 -93.000   28.000 -0.00139 0
 -93.000   29.000  0.00073 0
 -93.000   30.000  0.00074 3
 -93.000   31.000  0.00436 4
 -93.000   32.000  0.00698 8
 -93.000   33.000  0.01179 1
 -93.000   34.000  0.01341 4
 -93.000   35.000  0.01657 11
 -93.000   36.000  0.02069 21
 -93.000   37.000  0.01939 12
 -93.000   38.000  0.01278 16
 -93.000   39.000  0.00965 5
 -93.000   40.000  0.00874 3
 -93.000   41.000  0.00100 6
 -93.000   42.000 -0.00206 4
 -93.000   43.000 -0.00027 1
 -93.000   44.000  0.00226 2
 -93.000   45.000  0.00000 3
 -93.000   46.000  0.00000 3
 -93.000   47.000  0.00000 4
 -93.000   48.000  0.00000 1
 -93.000   49.000  0.00000 2
 -93.000   50.000  0.00000 2
 -92.000   25.000 -0.00523 2
 -92.000   26.000 -0.00392 1
 -92.000   27.000  0.00106 2
 -92.000   28.000  0.00092 3
 -92.000   29.000  0.00468 7
 -92.000   30.000  0.00675 3
 -92.000   31.000  0.01383 6
 -92.000   32.000  0.01400 3
 -92.000   33.000  0.01869 4
 -92.000   34.000  0.01795 8
 -92.000   35.000  0.01775 9
 -92.000   36.000  0.01705 16
 -92.000   37.000  0.01525 10
 -92.000   38.000  0.00895 11
 -92.000   39.000  0.00685 11
 -92.000   40.000  0.00765 7
 -92.000   41.000  0.00126 6
 -92.000   42.000 -0.00130 14
 -92.000   43.000  0.00044 5
 -92.000   44.000  0.00266 0
 -92.000   45.000  0.00000 2
 -92.000   46.000  0.00000 4
 -92.000   47.000  0.00000 5
 -92.000   48.000  0.00000 2
 -92.000   49.000  0.00000 1
 -92.000   50.000  0.00000 1
 -91.000   25.000  0.00000 2
 -91.000   26.000  0.00186 1
 -91.000   27.000  0.00569 2
 -91.000   28.000  0.00555 4
 -91.000   29.000  0.00617 1
 -91.000   30.000  0.00823 0
 -91.000   31.000  0.01501 8
 -91.000   32.000  0.01518 4
 -91.000   33.000  0.01828 6
 -91.000   34.000  0.01809 9
 -91.000   35.000  0.01992 6
 -91.000   36.000  0.01529 12
 -91.000   37.000  0.01372 9
 -91.000   38.000  0.01113 12
 -91.000   39.000  0.00774 11
 -91.000   40.000  0.00511 8
 -91.000   41.000  0.00147 9
 -91.000   42.000 -0.00133 14
 -91.000   43.000 -0.00169 2
 -91.000   44.000  0.00126 1
 -91.000   45.000  0.00000 4
 -91.000   46.000  0.00000 4
 -91.000   47.000  0.00000 2
 -91.000   48.000  0.00000 3
 -91.000   49.000  0.00000 3
 -91.000   50.000  0.00000 1
 -90.000   25.000  0.00000 2
 -90.000   26.000  0.00186 1
 -90.000   27.000  0.00569 2
 -90.000   28.000  0.00555 3
 -90.000   29.000  0.00617 7
 -90.000   30.000  0.00823 9
 -90.000   31.000  0.01679 9
 -90.000   32.000  0.01673 7
 -90.000   33.000  0.02220 9
 -90.000   34.000  0.02100 5
 -90.000   35.000  0.02148 14
 -90.000   36.000  0.01243 4
 -90.000   37.000  0.01297 7
 -90.000   38.000  0.00811 3
 -90.000   39.000  0.00461 2
 -90.000   40.000  0.00334 12
 -90.000   41.000  0.00234 9
 -90.000   42.000 -0.00327 24
 -90.000   43.000 -0.00395 4
 -90.000   44.000  0.00013 1
 -90.000   45.000 -0.00113 1
 -90.000   46.000 -0.00113 3
 -90.000   47.000 -0.00020 2
 -90.000   48.000  0.00000 3
 -90.000   49.000  0.00000 1
 -90.000   50.000  0.00000 0
 -89.000   25.000  0.00000 2
 -89.000   26.000  0.00186 2
 -89.000   27.000  0.00394 3
 -89.000   28.000  0.00525 6
 -89.000   29.000  0.00878 1
 -89.000   30.000  0.01084 3
 -89.000   31.000  0.02172 5
 -89.000   32.000  0.01960 3
 -89.000   33.000  0.02428 10
 -89.000   34.000  0.01908 4
 -89.000   35.000  0.01821 8
 -89.000   36.000  0.00530 7
 -89.000   37.000  0.00810 10
 -89.000   38.000  0.00570 9
 -89.000   39.000  0.00532 10
 -89.000   40.000  0.00562 12
 -89.000   41.000  0.00963 11
 -89.000   42.000  0.00557 10
 -89.000   43.000  0.00177 4
 -89.000   44.000  0.00382 2
 -89.000   45.000  0.00233 3
 -89.000   46.000 -0.00113 1
 -89.000   47.000 -0.00020 2
 -89.000   48.000  0.00000 0
 -89.000   49.000  0.00000 1
 -89.000   50.000  0.00000 1
 -88.000   25.000  0.00000 2
 -88.000   26.000  0.00186 1
 -88.000   27.000  0.00394 3
 -88.000   28.000  0.00525 2
 -88.000   29.000  0.00690 5
 -88.000   30.000  0.00896 3
 -88.000   31.000  0.01483 1
 -88.000   32.000  0.01281 5
 -88.000   33.000  0.01511 6
 -88.000   34.000  0.01029 6
 -88.000   35.000  0.00868 17
 -88.000   36.000  0.00152 40
 -88.000   37.000  0.00400 50
 -88.000   38.000  0.00522 18
 -88.000   39.000  0.00853 12
 -88.000   40.000  0.00674 10
 -88.000   41.000  0.01011 14
 -88.000   42.000  0.00821 4
 -88.000   43.000  0.00317 3
 -88.000   44.000  0.00303 9
 -88.000   45.000  0.00438 6
 -88.000   46.000  0.00080 1
 -88.000   47.000 -0.00020 4
 -88.000   48.000  0.00000 2
 -88.000   49.000  0.00000 3
 -88.000   50.000  0.00000 0
 -87.000   25.000 -0.00766 2
 -87.000   26.000 -0.00389 2
 -87.000   27.000 -0.00311 0
 -87.000   28.000  0.00053 3
 -87.000   29.000  0.00295 1
 -87.000   30.000  0.00295 7
 -87.000   31.000 -0.00060 4
 -87.000   32.000  0.00032 4
 -87.000   33.000  0.00075 9
 -87.000   34.000 -0.00233 4
 -87.000   35.000 -0.00420 8
 -87.000   36.000 -0.00254 16
 -87.000   37.000 -0.00056 16
 -87.000   38.000  0.00333 7
 -87.000   39.000  0.00615 12
 -87.000   40.000  0.00800 6
 -87.000   41.000  0.01197 7
 -87.000   42.000  0.01070 8
 -87.000   43.000  0.00599 12
 -87.000   44.000  0.00625 5
 -87.000   45.000  0.00628 5
 -87.000   46.000  0.00270 2
 -87.000   47.000  0.00107 0
 -87.000   48.000  0.00000 0
 -87.000   49.000  0.00000 2
 -87.000   50.000  0.00000 1
 -86.000   25.000 -0.00766 2
 -86.000   26.000 -0.00575 5
 -86.000   27.000 -0.00460 1
 -86.000   28.000 -0.00250 3
 -86.000   29.000 -0.00008 2
 -86.000   30.000  0.00388 5
 -86.000   31.000 -0.00082 5
 -86.000   32.000 -0.00334 5
 -86.000   33.000 -0.00232 5
 -86.000   34.000 -0.00581 12
 -86.000   35.000 -0.01708 13
 -86.000   36.000 -0.01192 8
 -86.000   37.000 -0.00637 7
 -86.000   38.000 -0.00126 7
 -86.000   39.000  0.00349 6
 -86.000   40.000  0.01197 11
 -86.000   41.000  0.01454 7
 -86.000   42.000  0.01302 18
 -86.000   43.000  0.00805 12
 -86.000   44.000  0.00679 6
 -86.000   45.000  0.00562 5
 -86.000   46.000  0.00259 5
 -86.000   47.000  0.00107 2
 -86.000   48.000 -0.00491 1
 -86.000   49.000 -0.00613 1
 -86.000   50.000 -0.00818 2
 -85.000   25.000 -0.00766 6
 -85.000   26.000 -0.00575 8
 -85.000   27.000 -0.00225 0
 -85.000   28.000 -0.00015 3
 -85.000   29.000  0.00227 0
 -85.000   30.000  0.00880 2
 -85.000   31.000  0.00356 2
 -85.000   32.000 -0.00109 3
 -85.000   33.000 -0.00179 11
 -85.000   34.000 -0.00384 15
 -85.000   35.000 -0.01806 12
 -85.000   36.000 -0.01175 6
 -85.000   37.000 -0.00874 11
 -85.000   38.000  0.00010 7
 -85.000   39.000  0.00488 4
 -85.000   40.000  0.01375 10
 -85.000   41.000  0.01592 10
 -85.000   42.000  0.01808 21
 -85.000   43.000  0.01261 2
 -85.000   44.000  0.00902 7
 -85.000   45.000  0.00906 8
 -85.000   46.000  0.00582 3
 -85.000   47.000  0.00294 4
 -85.000   48.000 -0.00455 1
 -85.000   49.000 -0.00461 3
 -85.000   50.000 -0.00818 1
 -84.000   25.000 -0.00766 0
 -84.000   26.000 -0.00575 3
 -84.000   27.000 -0.00225 1
 -84.000   28.000 -0.00160 0
 -84.000   29.000  0.00081 1
 -84.000   30.000  0.01179 10
 -84.000   31.000  0.00804 5
 -84.000   32.000  0.00213 9
 -84.000   33.000 -0.00030 19
 -84.000   34.000 -0.00158 6
 -84.000   35.000 -0.01901 9
 -84.000   36.000 -0.01486 4
 -84.000   37.000 -0.01216 7
 -84.000   38.000 -0.00053 12
 -84.000   39.000  0.00407 10
 -84.000   40.000  0.01242 13
 -84.000   41.000  0.01188 11
 -84.000   42.000  0.01592 17
 -84.000   43.000  0.01084 10
 -84.000   44.000  0.00666 6
 -84.000   45.000  0.00778 5
 -84.000   46.000  0.00793 2
 -84.000   47.000  0.00475 4
 -84.000   48.000 -0.00274 1
 -84.000   49.000 -0.00234 0
 -84.000   50.000 -0.00818 6
 -83.000   25.000 -0.00766 2
 -83.000   26.000 -0.00575 1
 -83.000   27.000 -0.00225 3
 -83.000   28.000 -0.00160 1
 -83.000   29.000 -0.00477 6
 -83.000   30.000  0.00621 0
 -83.000   31.000  0.00657 0
 -83.000   32.000 -0.00476 14
 -83.000   33.000 -0.01236 12
 -83.000   34.000 -0.00505 2
 -83.000   35.000 -0.02213 3
 -83.000   36.000 -0.02334 1
 -83.000   37.000 -0.01658 3
 -83.000   38.000 -0.00164 7
 -83.000   39.000 -0.00118 7
 -83.000   40.000  0.00585 16
 -83.000   41.000  0.00585 12
 -83.000   42.000  0.00932 8
 -83.000   43.000  0.00629 17
 -83.000   44.000  0.00566 13
 -83.000   45.000  0.00778 8
 -83.000   46.000  0.00863 7
 -83.000   47.000  0.00739 6
 -83.000   48.000 -0.00028 1
 -83.000   49.000 -0.00234 1
 -83.000   50.000 -0.00818 2
 -82.000   25.000 -0.00269 0
 -82.000   26.000 -0.00202 2
 -82.000   27.000  0.00073 2
 -82.000   28.000 -0.00081 3
 -82.000   29.000 -0.00638 1
 -82.000   30.000  0.00621 5
 -82.000   31.000  0.01253 0
 -82.000   32.000  0.00070 11
 -82.000   33.000 -0.00432 8
 -82.000   34.000  0.00290 6
 -82.000   35.000 -0.01048 8
 -82.000   36.000 -0.01705 8
 -82.000   37.000 -0.00980 3
 -82.000   38.000  0.00128 5
 -82.000   39.000  0.00205 8
 -82.000   40.000  0.00437 10
 -82.000   41.000  0.00378 6
 -82.000   42.000  0.00641 12
 -82.000   43.000  0.00359 21
 -82.000   44.000  0.00319 13
 -82.000   45.000  0.00713 3
 -82.000   46.000  0.00797 5
 -82.000   47.000  0.00757 7
 -82.000   48.000  0.00097 3
 -82.000   49.000 -0.00129 1
 -82.000   50.000 -0.00818 0
 -81.000   25.000 -0.00264 0
 -81.000   26.000 -0.00198 2
 -81.000   27.000  0.00077 1
 -81.000   28.000  0.00077 1
 -81.000   29.000 -0.00484 3
 -81.000   30.000  0.00379 3
 -81.000   31.000  0.01295 9
 -81.000   32.000  0.00250 4
 -81.000   33.000 -0.00343 9
 -81.000   34.000  0.00378 6
 -81.000   35.000 -0.00321 7
 -81.000   36.000 -0.00925 6
 -81.000   37.000 -0.00407 6
 -81.000   38.000  0.00566 3
 -81.000   39.000  0.00564 7
 -81.000   40.000  0.00575 14
 -81.000   41.000  0.00233 8
 -81.000   42.000  0.00560 11
 -81.000   43.000  0.00418 10
 -81.000   44.000  0.00506 5
 -81.000   45.000  0.00880 8
 -81.000   46.000  0.00892 6
 -81.000   47.000  0.00857 5
 -81.000   48.000  0.00619 5
 -81.000   49.000  0.00461 1
 -81.000   50.000 -0.00031 0
 -80.000   25.000 -0.00264 0
 -80.000   26.000  0.00042 0
 -80.000   27.000  0.00034 7
 -80.000   28.000  0.00034 1
 -80.000   29.000 -0.00527 1
 -80.000   30.000  0.00079 3
 -80.000   31.000  0.00611 2
 -80.000   32.000 -0.00199 1
 -80.000   33.000 -0.01039 1
 -80.000   34.000 -0.00317 1
 -80.000   35.000 -0.00759 6
 -80.000   36.000 -0.01016 2
 -80.000   37.000 -0.00465 7
 -80.000   38.000  0.00670 5
 -80.000   39.000  0.00575 2
 -80.000   40.000  0.00584 6
 -80.000   41.000  0.00066 11
 -80.000   42.000  0.00317 5
 -80.000   43.000  0.00128 6
 -80.000   44.000  0.00431 7
 -80.000   45.000  0.00711 6
 -80.000   46.000  0.00743 7
 -80.000   47.000  0.00761 9
 -80.000   48.000  0.00876 4
 -80.000   49.000  0.00631 3
 -80.000   50.000  0.00354 1
 -79.000   25.000 -0.00264 2
 -79.000   26.000  0.00042 6
 -79.000   27.000 -0.00017 2
 -79.000   28.000 -0.00778 1
 -79.000   29.000 -0.01155 5
 -79.000   30.000 -0.00993 1
 -79.000   31.000 -0.00842 2
 -79.000   32.000 -0.01475 4
 -79.000   33.000 -0.01545 2
 -79.000   34.000 -0.01002 9
 -79.000   35.000 -0.01176 8
 -79.000   36.000 -0.01051 5
 -79.000   37.000 -0.00617 2
 -79.000   38.000  0.00455 6
 -79.000   39.000  0.00321 2
 -79.000   40.000  0.00397 8
 -79.000   41.000 -0.00128 3
 -79.000   42.000  0.00083 3
 -79.000   43.000 -0.00052 3
 -79.000   44.000  0.00608 6
 -79.000   45.000  0.00791 8
 -79.000   46.000  0.00595 23
 -79.000   47.000  0.00560 5
 -79.000   48.000  0.00675 10
 -79.000   49.000 -0.00025 3
 -79.000   50.000 -0.00176 1
 -78.000   25.000 -0.00264 0
 -78.000   26.000  0.00042 5
 -78.000   27.000  0.00127 2
 -78.000   28.000 -0.00634 6
 -78.000   29.000 -0.00497 1
 -78.000   30.000 -0.00246 4
 -78.000   31.000 -0.00955 5
 -78.000   32.000 -0.00915 2
 -78.000   33.000 -0.00461 8
 -78.000   34.000 -0.00602 4
 -78.000   35.000 -0.00731 12
 -78.000   36.000  0.00185 4
 -78.000   37.000 -0.00135 4
 -78.000   38.000  0.00263 8
 -78.000   39.000  0.00275 6
 -78.000   40.000  0.00315 12
 -78.000   41.000 -0.00084 2
 -78.000   42.000  0.00065 5
 -78.000   43.000  0.00063 4
 -78.000   44.000  0.00501 4
 -78.000   45.000  0.00583 2
 -78.000   46.000  0.00325 31
 -78.000   47.000  0.00290 11
 -78.000   48.000  0.00540 5
 -78.000   49.000  0.00113 9
 -78.000   50.000  0.00015 9
 -77.000   25.000  0.00006 1
 -77.000   26.000  0.00244 0
 -77.000   27.000  0.00288 2
 -77.000   28.000 -0.00473 4
 -77.000   29.000 -0.00232 7
 -77.000   30.000 -0.00143 6
 -77.000   31.000 -0.01139 8
 -77.000   32.000 -0.01099 1
 -77.000   33.000 -0.00740 5
 -77.000   34.000 -0.01034 5
 -77.000   35.000 -0.01362 6
 -77.000   36.000 -0.00158 4
 -77.000   37.000 -0.00525 6
 -77.000   38.000 -0.00002 3
 -77.000   39.000  0.00048 6
 -77.000   40.000  0.00287 5
 -77.000   41.000 -0.00113 4
 -77.000   42.000  0.00104 2
 -77.000   43.000  0.00051 3
 -77.000   44.000  0.00460 3
 -77.000   45.000  0.00212 3
 -77.000   46.000 -0.00045 9
 -77.000   47.000 -0.00226 6
 -77.000   48.000  0.00045 6
 -77.000   49.000 -0.00455 6
 -77.000   50.000 -0.00194 0
 -76.000   25.000  0.00000 0
 -76.000   26.000  0.00240 0
 -76.000   27.000  0.00285 1
 -76.000   28.000 -0.00482 2
 -76.000   29.000 -0.00143 6
 -76.000   30.000  0.00077 2
 -76.000   31.000 -0.01339 11
 -76.000   32.000 -0.01092 6
 -76.000   33.000 -0.00725 7
 -76.000   34.000 -0.01507 10
 -76.000   35.000 -0.01966 4
 -76.000   36.000 -0.00566 2
 -76.000   37.000 -0.01139 4
 -76.000   38.000 -0.00611 9
 -76.000   39.000 -0.00166 5
 -76.000   40.000 -0.00315 3
 -76.000   41.000 -0.00492 4
 -76.000   42.000 -0.00258 3
 -76.000   43.000 -0.00388 4
 -76.000   44.000 -0.00030 3
 -76.000   45.000  0.00140 4
 -76.000   46.000 -0.00125 4
 -76.000   47.000 -0.00323 7
 -76.000   48.000  0.00015 15
 -76.000   49.000 -0.00428 4
 -76.000   50.000 -0.00209 6
 -75.000   25.000  0.00000 0
 -75.000   26.000  0.00000 0
 -75.000   27.000  0.00093 0
 -75.000   28.000 -0.00673 3
 -75.000   29.000 -0.00335 2
 -75.000   30.000 -0.00115 5
 -75.000   31.000 -0.01271 7
 -75.000   32.000 -0.01024 5
 -75.000   33.000 -0.00198 15
 -75.000   34.000 -0.00980 3
 -75.000   35.000 -0.01626 5
 -75.000   36.000 -0.00489 6
 -75.000   37.000 -0.01232 9
 -75.000   38.000 -0.01292 3
 -75.000   39.000 -0.00848 6
 -75.000   40.000 -0.00810 5
 -75.000   41.000 -0.00791 3
 -75.000   42.000 -0.00388 5
 -75.000   43.000 -0.00388 4
 -75.000   44.000 -0.00140 1
 -75.000   45.000  0.00003 1
 -75.000   46.000 -0.00262 4
 -75.000   47.000 -0.00691 6
 -75.000   48.000 -0.00574 4
 -75.000   49.000 -0.01027 6
 -75.000   50.000 -0.00962 5
 -74.000   25.000  0.00000 0
 -74.000   26.000  0.00000 0
 -74.000   27.000  0.00143 1
 -74.000   28.000  0.00138 1
 -74.000   29.000  0.00292 3
 -74.000   30.000  0.00512 7
 -74.000   31.000 -0.00643 6
 -74.000   32.000 -0.00447 7
 -74.000   33.000  0.00174 8
 -74.000   34.000 -0.00989 2
 -74.000   35.000 -0.01458 4
 -74.000   36.000 -0.00356 10
 -74.000   37.000 -0.00923 2
 -74.000   38.000 -0.01547 6
 -74.000   39.000 -0.00739 1
 -74.000   40.000 -0.00877 3
 -74.000   41.000 -0.00824 3
 -74.000   42.000 -0.00596 6
 -74.000   43.000 -0.00587 2
 -74.000   44.000 -0.00464 1
 -74.000   45.000 -0.00295 1
 -74.000   46.000 -0.00325 2
 -74.000   47.000 -0.00672 6
 -74.000   48.000 -0.00554 6
 -74.000   49.000 -0.00597 5
 -74.000   50.000 -0.00432 3
 -73.000   25.000  0.00000 0
 -73.000   26.000  0.00000 0
 -73.000   27.000  0.00000 1
 -73.000   28.000 -0.00006 2
 -73.000   29.000  0.00192 0
 -73.000   30.000  0.00322 3
 -73.000   31.000 -0.00384 1
 -73.000   32.000 -0.00384 3
 -73.000   33.000  0.00236 3
 -73.000   34.000 -0.01247 4
 -73.000   35.000 -0.01623 13
 -73.000   36.000 -0.00902 4
 -73.000   37.000 -0.01319 7
 -73.000   38.000 -0.02007 3
 -73.000   39.000 -0.00920 8
 -73.000   40.000 -0.01062 3
 -73.000   41.000 -0.01077 4
 -73.000   42.000 -0.00660 2
 -73.000   43.000 -0.00587 1
 -73.000   44.000 -0.00250 1
 -73.000   45.000 -0.00077 2
 -73.000   46.000 -0.00105 6
 -73.000   47.000 -0.00451 2
 -73.000   48.000 -0.00242 4
 -73.000   49.000 -0.00475 7
 -73.000   50.000 -0.00275 4
 -72.000   25.000  0.00000 0
 -72.000   26.000  0.00000 0
 -72.000   27.000  0.00000 0
 -72.000   28.000 -0.00006 0
 -72.000   29.000  0.00088 0
 -72.000   30.000  0.00219 2
 -72.000   31.000 -0.00200 2
 -72.000   32.000 -0.00200 0
 -72.000   33.000  0.00421 1
 -72.000   34.000 -0.00909 1
 -72.000   35.000 -0.01223 8
 -72.000   36.000 -0.00687 14
 -72.000   37.000 -0.00853 2
 -72.000   38.000 -0.01541 9
 -72.000   39.000 -0.00504 4
 -72.000   40.000 -0.00709 6
 -72.000   41.000 -0.00827 7
 -72.000   42.000 -0.00660 3
 -72.000   43.000 -0.00587 0
 -72.000   44.000 -0.00250 1
 -72.000   45.000  0.00168 2
 -72.000   46.000  0.00076 4
 -72.000   47.000 -0.00145 3
 -72.000   48.000  0.00064 4
 -72.000   49.000 -0.00093 3
 -72.000   50.000 -0.00174 4
 -71.000   25.000  0.00000 0
 -71.000   26.000  0.00000 0
 -71.000   27.000  0.00000 0
 -71.000   28.000  0.00000 0
 -71.000   29.000  0.00000 0
 -71.000   30.000  0.00000 2
 -71.000   31.000  0.00000 0
 -71.000   32.000  0.00000 0
 -71.000   33.000  0.00615 2
 -71.000   34.000 -0.00227 0
 -71.000   35.000 -0.00410 1
 -71.000   36.000 -0.00342 19
 -71.000   37.000 -0.00509 9
 -71.000   38.000 -0.01196 3
 -71.000   39.000 -0.00554 7
 -71.000   40.000 -0.00371 7
 -71.000   41.000 -0.00439 4
 -71.000   42.000 -0.00272 4
 -71.000   43.000 -0.00199 0
 -71.000   44.000  0.00138 0
 -71.000   45.000  0.00138 0
 -71.000   46.000  0.00073 6
 -71.000   47.000 -0.00148 2
 -71.000   48.000  0.00060 3
 -71.000   49.000 -0.00097 5
 -71.000   50.000 -0.00129 7
 -70.000   25.000  0.00000 0
 -70.000   26.000  0.00000 0
 -70.000   27.000  0.00000 0
 -70.000   28.000  0.00000 0
 -70.000   29.000  0.00000 0
 -70.000   30.000  0.00000 0
 -70.000   31.000  0.00000 0
 -70.000   32.000  0.00000 0
 -70.000   33.000  0.00402 1
 -70.000   34.000 -0.00440 1
 -70.000   35.000 -0.00436 0
 -70.000   36.000 -0.00368 4
 -70.000   37.000 -0.00353 4
 -70.000   38.000 -0.00829 6
 -70.000   39.000 -0.00186 8
 -70.000   40.000 -0.00190 2
 -70.000   41.000 -0.00258 3
 -70.000   42.000 -0.00272 2
 -70.000   43.000 -0.00199 0
 -70.000   44.000  0.00214 0
 -70.000   45.000  0.00214 0
 -70.000   46.000  0.00149 0
 -70.000   47.000  0.00149 2
 -70.000   48.000  0.00358 6
 -70.000   49.000  0.00179 3
 -70.000   50.000  0.00239 4
 -69.000   25.000  0.00000 0
 -69.000   26.000  0.00000 0
 -69.000   27.000  0.00000 0
 -69.000   28.000  0.00000 0
 -69.000   29.000  0.00000 0
 -69.000   30.000  0.00000 0
 -69.000   31.000  0.00000 0
 -69.000   32.000  0.00000 0
 -69.000   33.000  0.00000 2
 -69.000   34.000 -0.00278 2
 -69.000   35.000 -0.00274 0
 -69.000   36.000 -0.00172 3
 -69.000   37.000 -0.00157 4
 -69.000   38.000 -0.00221 5
 -69.000   39.000  0.00057 5
 -69.000   40.000  0.00023 5
 -69.000   41.000 -0.00079 1
 -69.000   42.000 -0.00094 1
 -69.000   43.000 -0.00030 0
 -69.000   44.000  0.00184 0
 -69.000   45.000  0.00214 1
 -69.000   46.000  0.00149 4
 -69.000   47.000  0.00149 2
 -69.000   48.000  0.00358 2
 -69.000   49.000  0.00179 2
 -69.000   50.000  0.00239 3
 -68.000   25.000  0.00000 0
 -68.000   26.000  0.00000 0
 -68.000   27.000  0.00000 0
 -68.000   28.000  0.00000 0
 -68.000   29.000  0.00000 0
 -68.000   30.000  0.00000 0
 -68.000   31.000  0.00000 0
 -68.000   32.000  0.00000 0
 -68.000   33.000  0.00000 0
 -68.000   34.000  0.00000 0
 -68.000   35.000  0.00000 0
 -68.000   36.000  0.00103 1
 -68.000   37.000  0.00307 4
 -68.000   38.000  0.00307 4
 -68.000   39.000  0.00408 5
 -68.000   40.000  0.00526 5
 -68.000   41.000  0.00423 3
 -68.000   42.000  0.00220 2
 -68.000   43.000  0.00220 1
 -68.000   44.000  0.00118 3
 -68.000   45.000  0.00000 1
 -68.000   46.000 -0.00065 0
 -68.000   47.000 -0.00065 3
 -68.000   48.000 -0.00065 2
 -68.000   49.000 -0.00081 2
 -68.000   50.000 -0.00108 3
 -67.000   25.000  0.00000 0
 -67.000   26.000  0.00000 0
 -67.000   27.000  0.00000 0
 -67.000   28.000  0.00000 0
 -67.000   29.000  0.00000 0
 -67.000   30.000  0.00000 0
 -67.000   31.000  0.00000 0
 -67.000   32.000  0.00000 0
 -67.000   33.000  0.00000 0
 -67.000   34.000  0.00000 0
 -67.000   35.000  0.00000 0
 -67.000   36.000  0.00000 0
 -67.000   37.000  0.00000 1
 -67.000   38.000  0.00000 0
 -67.000   39.000  0.00102 2
 -67.000   40.000  0.00220 3
 -67.000   41.000  0.00220 4
 -67.000   42.000  0.00220 8
 -67.000   43.000  0.00220 0
 -67.000   44.000  0.00118 2
 -67.000   45.000  0.00000 3
 -67.000   46.000  0.00000 2
 -67.000   47.000  0.00000 0
 -67.000   48.000  0.00000 0
 -67.000   49.000  0.00000 2
 -67.000   50.000  0.00000 1
 -66.000   25.000  0.00000 0
 -66.000   26.000  0.00000 0
 -66.000   27.000  0.00000 0
 -66.000   28.000  0.00000 0
 -66.000   29.000  0.00000 0
 -66.000   30.000  0.00000 0
 -66.000   31.000  0.00000 0
 -66.000   32.000  0.00000 0
 -66.000   33.000  0.00000 0
 -66.000   34.000  0.00000 0
 -66.000   35.000  0.00000 0
 -66.000   36.000  0.00000 0
 -66.000   37.000  0.00000 0
 -66.000   38.000  0.00000 0
 -66.000   39.000  0.00127 0
 -66.000   40.000  0.00274 5
 -66.000   41.000  0.00274 10
 -66.000   42.000  0.00274 9
 -66.000   43.000  0.00274 1
 -66.000   44.000  0.00147 1
 -66.000   45.000  0.00000 1
 -66.000   46.000  0.00000 1
 -66.000   47.000  0.00000 0
 -66.000   48.000  0.00000 0
 -66.000   49.000  0.00000 2
 -66.000   50.000  0.00000 2
 -65.000   25.000  0.00000 0
 -65.000   26.000  0.00000 0
 -65.000   27.000  0.00000 0
 -65.000   28.000  0.00000 0
 -65.000   29.000  0.00000 0
 -65.000   30.000  0.00000 0
 -65.000   31.000  0.00000 0
 -65.000   32.000  0.00000 0
 -65.000   33.000  0.00000 0
 -65.000   34.000  0.00000 0
 -65.000   35.000  0.00000 0
 -65.000   36.000  0.00000 0
 -65.000   37.000  0.00000 0
 -65.000   38.000  0.00000 0
 -65.000   39.000  0.00170 0
 -65.000   40.000  0.00366 5
 -65.000   41.000  0.00366 2
 -65.000   42.000  0.00366 1
 -65.000   43.000  0.00366 0
 -65.000   44.000  0.00196 0
 -65.000   45.000  0.00000 2
 -65.000   46.000  0.00000 0
 -65.000   47.000  0.00000 1
 -65.000   48.000  0.00000 0
 -65.000   49.000  0.00000 0
 -65.000   50.000  0.00000 2
