-130.000   25.000  0.00000 0
-130.000   26.000  0.00000 0
-130.000   27.000  0.00000 0
-130.000   28.000  0.00000 0
-130.000   29.000  0.00000 0
-130.000   30.000  0.00000 0
-130.000   31.000  0.00000 0
-130.000   32.000  0.00000 0
-130.000   33.000  0.00000 0
-130.000   34.000  0.00000 0
-130.000   35.000  0.00000 0
-130.000   36.000  0.00000 0
-130.000   37.000  0.00000 0
-130.000   38.000  0.00000 0
-130.000   39.000  0.00000 0
-130.000   40.000  0.00000 0
-130.000   41.000  0.00000 0
-130.000   42.000  0.00000 0
-130.000   43.000  0.00000 0
-130.000   44.000  0.00000 0
-130.000   45.000  0.00000 0
-130.000   46.000  0.00000 0
-130.000   47.000 -0.00176 0
-130.000   48.000 -0.00176 0
-130.000   49.000 -0.00220 0
-130.000   50.000 -0.00293 0
-129.000   25.000  0.00000 0
-129.000   26.000  0.00000 0
-129.000   27.000  0.00000 0
-129.000   28.000  0.00000 0
-129.000   29.000  0.00000 0
-129.000   30.000  0.00000 0
-129.000   31.000  0.00000 0
-129.000   32.000  0.00000 0
-129.000   33.000  0.00000 0
-129.000   34.000  0.00000 0
-129.000   35.000  0.00000 0
-129.000   36.000  0.00000 0
-129.000   37.000  0.00000 0
-129.000   38.000  0.00000 0
-129.000   39.000  0.00000 0
-129.000   40.000  0.00000 0
-129.000   41.000  0.00000 0
-129.000   42.000  0.00000 0
-129.000   43.000  0.00000 0
-129.000   44.000  0.00000 0
-129.000   45.000  0.00000 0
-129.000   46.000 -0.00041 0
-129.000   47.000 -0.00173 0
-129.000   48.000 -0.00173 0
-129.000   49.000 -0.00216 5
-129.000   50.000 -0.00288 2
-128.000   25.000  0.00000 0
-128.000   26.000  0.00000 0
-128.000   27.000  0.00000 0
-128.000   28.000  0.00000 0
-128.000   29.000  0.00000 0
-128.000   30.000  0.00000 0
-128.000   31.000  0.00000 0
-128.000   32.000  0.00000 0
-128.000   33.000  0.00000 0
-128.000   34.000  0.00000 0
-128.000   35.000  0.00000 0
-128.000   36.000  0.00000 0
-128.000   37.000  0.00000 0
-128.000   38.000  0.00000 0
-128.000   39.000  0.00000 0
-128.000   40.000  0.00000 0
-128.000   41.000  0.00000 0
-128.000   42.000  0.00000 0
-128.000   43.000  0.00000 0
-128.000   44.000  0.00000 0
-128.000   45.000  0.00091 0
-128.000   46.000  0.00427 0
-128.000   47.000  0.00259 0
-128.000   48.000  0.00259 0
-128.000   49.000  0.00324 7
-128.000   50.000  0.00281 5
-127.000   25.000  0.00000 0
-127.000   26.000  0.00000 0
-127.000   27.000  0.00000 0
-127.000   28.000  0.00000 0
-127.000   29.000  0.00000 0
-127.000   30.000  0.00000 0
-127.000   31.000  0.00000 0
-127.000   32.000  0.00000 0
-127.000   33.000  0.00000 0
-127.000   34.000  0.00000 0
-127.000   35.000  0.00000 0
-127.000   36.000  0.00000 0
-127.000   37.000  0.00193 0
-127.000   38.000  0.00266 0
-127.000   39.000  0.00298 0
-127.000   40.000  0.00346 0
-127.000   41.000  0.00407 0
-127.000   42.000  0.00245 0
-127.000   43.000  0.00198 0
-127.000   44.000  0.00232 0
-127.000   45.000  0.00299 0
-127.000   46.000  0.00530 0
-127.000   47.000  0.00459 0
-127.000   48.000  0.00507 9
-127.000   49.000  0.00551 2
-127.000   50.000  0.00544 2
-126.000   25.000  0.00000 0
-126.000   26.000  0.00000 0
-126.000   27.000  0.00000 0
-126.000   28.000  0.00000 0
-126.000   29.000  0.00000 0
-126.000   30.000  0.00000 0
-126.000   31.000  0.00000 0
-126.000   32.000  0.00000 0
-126.000   33.000  0.00000 0
-126.000   34.000  0.00000 0
-126.000   35.000  0.00021 0
-126.000   36.000  0.00017 0
-126.000   37.000  0.00232 0
-126.000   38.000  0.00404 0
-126.000   39.000  0.00560 0
-126.000   40.000  0.00677 0
-126.000   41.000  0.00738 0
-126.000   42.000  0.00474 4
-126.000   43.000  0.00320 1
-126.000   44.000  0.00217 1
-126.000   45.000  0.00180 1
-126.000   46.000  0.00399 0
-126.000   47.000  0.00478 6
-126.000   48.000  0.00540 8
-126.000   49.000  0.00608 6
-126.000   50.000  0.00645 1
-125.000   25.000  0.00000 0
-125.000   26.000  0.00000 0
-125.000   27.000  0.00000 0
-125.000   28.000  0.00000 0
-125.000   29.000  0.00000 0
-125.000   30.000  0.00000 0
-125.000   31.000  0.00000 0
-125.000   32.000  0.00000 0
-125.000   33.000 -0.00035 0
-125.000   34.000 -0.00071 0
-125.000   35.000  0.00058 0
-125.000   36.000  0.00176 0
-125.000   37.000  0.00443 0
-125.000   38.000  0.00670 2
-125.000   39.000  0.00904 16
-125.000   40.000  0.00888 34
-125.000   41.000  0.00852 59
-125.000   42.000  0.00580 82
-125.000   43.000  0.00465 99
-125.000   44.000  0.00317 126
-125.000   45.000  0.00269 70
-125.000   46.000  0.00571 71
-125.000   47.000  0.00773 111
-125.000   48.000  0.00776 78
-125.000   49.000  0.00908 26
-125.000   50.000  0.01102 15
-124.000   25.000  0.00000 0
-124.000   26.000  0.00000 0
-124.000   27.000  0.00000 0
-124.000   28.000  0.00000 0
-124.000   29.000  0.00000 0
-124.000   30.000  0.00000 0
-124.000   31.000  0.00000 0
-124.000   32.000  0.00000 0
-124.000   33.000 -0.00049 0
-124.000   34.000 -0.00068 0
-124.000   35.000  0.00142 0
-124.000   36.000  0.00241 0
-124.000   37.000  0.00586 31
-124.000   38.000  0.00925 37
-124.000   39.000  0.01156 58
-124.000   40.000  0.01069 100
-124.000   41.000  0.01098 111
-124.000   42.000  0.00848 95
-124.000   43.000  0.00645 120
-124.000   44.000  0.00579 92
-124.000   45.000  0.00658 103
-124.000   46.000  0.00926 109
-124.000   47.000  0.01084 158
-124.000   48.000  0.01077 152
-124.000   49.000  0.01162 36
-124.000   50.000  0.01214 6
-123.000   25.000  0.00000 0
-123.000   26.000  0.00000 0
-123.000   27.000  0.00000 0
-123.000   28.000  0.00000 0
-123.000   29.000  0.00000 0
-123.000   30.000  0.00111 0
-123.000   31.000  0.00099 0
-123.000   32.000  0.00113 0
-123.000   33.000  0.00032 0
-123.000   34.000  0.00036 0
-123.000   35.000  0.00170 6
-123.000   36.000  0.00343 32
-123.000   37.000  0.00722 68
-123.000   38.000  0.01139 49
-123.000   39.000  0.01401 106
-123.000   40.000  0.01354 85
-123.000   41.000  0.01337 137
-123.000   42.000  0.01114 129
-123.000   43.000  0.00941 121
-123.000   44.000  0.00878 126
-123.000   45.000  0.00772 101
-123.000   46.000  0.00670 161
-123.000   47.000  0.00758 167
-123.000   48.000  0.00719 140
-123.000   49.000  0.00645 55
-123.000   50.000  0.00707 1
-122.000   25.000  0.00000 0
-122.000   26.000  0.00000 0
-122.000   27.000  0.00000 0
-122.000   28.000  0.00000 0
-122.000   29.000  0.00000 0
-122.000   30.000  0.00134 0
-122.000   31.000  0.00160 0
-122.000   32.000  0.00233 0
-122.000   33.000  0.00182 0
-122.000   34.000  0.00180 4
-122.000   35.000  0.00355 36
-122.000   36.000  0.00535 58
-122.000   37.000  0.00702 125
-122.000   38.000  0.01059 105
-122.000   39.000  0.01370 139
-122.000   40.000  0.01283 159
-122.000   41.000  0.01228 85
-122.000   42.000  0.01184 115
-122.000   43.000  0.01114 124
-122.000   44.000  0.00985 140
-122.000   45.000  0.00867 108
-122.000   46.000  0.00808 139
-122.000   47.000  0.00854 148
-122.000   48.000  0.00668 91
-122.000   49.000  0.00609 13
-122.000   50.000  0.00639 0
-121.000   25.000  0.00000 0
-121.000   26.000  0.00000 0
-121.000   27.000  0.00000 0
-121.000   28.000  0.00000 0
-121.000   29.000  0.00000 0
-121.000   30.000  0.00109 0
-121.000   31.000  0.00170 0
-121.000   32.000  0.00253 12
-121.000   33.000  0.00209 30
-121.000   34.000  0.00237 99
-121.000   35.000  0.00505 103
-121.000   36.000  0.00617 92
-121.000   37.000  0.00854 124
-121.000   38.000  0.01054 104
-121.000   39.000  0.01205 86
-121.000   40.000  0.00940 74
-121.000   41.000  0.00890 75
-121.000   42.000  0.00890 76
-121.000   43.000  0.00964 67
-121.000   44.000  0.01024 68
-121.000   45.000  0.01106 63
-121.000   46.000  0.01172 140
-121.000   47.000  0.01049 113
-121.000   48.000  0.00862 70
-121.000   49.000  0.00780 34
-121.000   50.000  0.00715 12
-120.000   25.000  0.00000 0
-120.000   26.000  0.00000 0
-120.000   27.000  0.00000 0
-120.000   28.000  0.00000 0
-120.000   29.000  0.00000 0
-120.000   30.000  0.00112 0
-120.000   31.000  0.00189 0
-120.000   32.000  0.00293 20
-120.000   33.000  0.00258 83
-120.000   34.000  0.00325 115
-120.000   35.000  0.00521 146
-120.000   36.000  0.00496 141
-120.000   37.000  0.00609 163
-120.000   38.000  0.00813 75
-120.000   39.000  0.00875 55
-120.000   40.000  0.00754 41
-120.000   41.000  0.00830 34
-120.000   42.000  0.00933 78
-120.000   43.000  0.00945 82
-120.000   44.000  0.01030 111
-120.000   45.000  0.01064 89
-120.000   46.000  0.01016 105
-120.000   47.000  0.00859 124
-120.000   48.000  0.00721 60
-120.000   49.000  0.00635 26
-120.000   50.000  0.00477 3
-119.000   25.000  0.00000 0
-119.000   26.000  0.00000 0
-119.000   27.000  0.00000 0
-119.000   28.000  0.00000 0
-119.000   29.000  0.00010 0
-119.000   30.000  0.00131 0
-119.000   31.000  0.00222 0
-119.000   32.000  0.00347 28
-119.000   33.000  0.00283 190
-119.000   34.000  0.00356 363
-119.000   35.000  0.00559 330
-119.000   36.000  0.00505 115
-119.000   37.000  0.00606 148
-119.000   38.000  0.00887 77
-119.000   39.000  0.00925 56
-119.000   40.000  0.00809 30
-119.000   41.000  0.00843 42
-119.000   42.000  0.00863 42
-119.000   43.000  0.00867 39
-119.000   44.000  0.00902 76
-119.000   45.000  0.00758 140
-119.000   46.000  0.00759 131
-119.000   47.000  0.00727 98
-119.000   48.000  0.00550 60
-119.000   49.000  0.00493 27
-119.000   50.000  0.00552 2
-118.000   25.000  0.00000 0
-118.000   26.000  0.00000 0
-118.000   27.000  0.00000 0
-118.000   28.000  0.00000 0
-118.000   29.000  0.00051 0
-118.000   30.000  0.00052 0
-118.000   31.000  0.00217 0
-118.000   32.000  0.00420 218
-118.000   33.000  0.00390 582
-118.000   34.000  0.00428 367
-118.000   35.000  0.00760 215
-118.000   36.000  0.00628 132
-118.000   37.000  0.00643 135
-118.000   38.000  0.00821 55
-118.000   39.000  0.00712 37
-118.000   40.000  0.00496 51
-118.000   41.000  0.00615 69
-118.000   42.000  0.00621 29
-118.000   43.000  0.00738 63
-118.000   44.000  0.00888 78
-118.000   45.000  0.00905 128
-118.000   46.000  0.00940 67
-118.000   47.000  0.01018 85
-118.000   48.000  0.00754 41
-118.000   49.000  0.00779 25
-118.000   50.000  0.00817 0
-117.000   25.000  0.00000 0
-117.000   26.000  0.00000 0
-117.000   27.000  0.00000 0
-117.000   28.000  0.00000 0
-117.000   29.000  0.00073 0
-117.000   30.000  0.00045 0
-117.000   31.000  0.00226 21
-117.000   32.000  0.00366 226
-117.000   33.000  0.00291 484
-117.000   34.000  0.00326 266
-117.000   35.000  0.00589 226
-117.000   36.000  0.00390 137
-117.000   37.000  0.00457 82
-117.000   38.000  0.00653 39
-117.000   39.000  0.00410 76
-117.000   40.000  0.00246 95
-117.000   41.000  0.00416 239
-117.000   42.000  0.00327 36
-117.000   43.000  0.00348 79
-117.000   44.000  0.00489 82
-117.000   45.000  0.00475 98
-117.000   46.000  0.00480 48
-117.000   47.000  0.00503 76
-117.000   48.000  0.00361 28
-117.000   49.000  0.00443 24
-117.000   50.000  0.00496 0
-116.000   25.000  0.00000 0
-116.000   26.000  0.00000 0
-116.000   27.000  0.00000 0
-116.000   28.000  0.00000 0
-116.000   29.000  0.00248 0
-116.000   30.000  0.00276 0
-116.000   31.000  0.00471 43
-116.000   32.000  0.00597 473
-116.000   33.000  0.00536 232
-116.000   34.000  0.00398 327
-116.000   35.000  0.00527 189
-116.000   36.000  0.00356 71
-116.000   37.000  0.00444 72
-116.000   38.000  0.00756 36
-116.000   39.000  0.00560 106
-116.000   40.000  0.00415 87
-116.000   41.000  0.00528 215
-116.000   42.000  0.00448 35
-116.000   43.000  0.00310 69
-116.000   44.000  0.00391 110
-116.000   45.000  0.00501 111
-116.000   46.000  0.00437 32
-116.000   47.000  0.00335 56
-116.000   48.000  0.00222 30
-116.000   49.000  0.00283 13
-116.000   50.000  0.00175 0
-115.000   25.000  0.00000 0
-115.000   26.000  0.00000 0
-115.000   27.000  0.00000 0
-115.000   28.000  0.00000 0
-115.000   29.000  0.00309 0
-115.000   30.000  0.00354 0
-115.000   31.000  0.00586 21
-115.000   32.000  0.00675 183
-115.000   33.000  0.00685 160
-115.000   34.000  0.00466 190
-115.000   35.000  0.00610 122
-115.000   36.000  0.00534 66
-115.000   37.000  0.00718 70
-115.000   38.000  0.00955 36
-115.000   39.000  0.00819 194
-115.000   40.000  0.00638 99
-115.000   41.000  0.00617 41
-115.000   42.000  0.00482 51
-115.000   43.000  0.00381 74
-115.000   44.000  0.00464 84
-115.000   45.000  0.00657 67
-115.000   46.000  0.00574 43
-115.000   47.000  0.00402 62
-115.000   48.000  0.00256 33
-115.000   49.000  0.00276 18
-115.000   50.000  0.00031 3
-114.000   25.000  0.00000 0
-114.000   26.000  0.00000 0
-114.000   27.000  0.00000 0
-114.000   28.000  0.00000 0
-114.000   29.000  0.00441 0
-114.000   30.000  0.00516 0
-114.000   31.000  0.00767 28
-114.000   32.000  0.00807 148
-114.000   33.000  0.00848 129
-114.000   34.000  0.00473 111
-114.000   35.000  0.00543 57
-114.000   36.000  0.00455 45
-114.000   37.000  0.00578 41
-114.000   38.000  0.00590 37
-114.000   39.000  0.00527 152
-114.000   40.000  0.00367 67
-114.000   41.000  0.00392 60
-114.000   42.000  0.00421 55
-114.000   43.000  0.00431 71
-114.000   44.000  0.00526 36
-114.000   45.000  0.00794 48
-114.000   46.000  0.00653 47
-114.000   47.000  0.00313 27
-114.000   48.000  0.00249 26
-114.000   49.000  0.00188 18
-114.000   50.000 -0.00170 2
-113.000   25.000  0.00000 0
-113.000   26.000  0.00000 0
-113.000   27.000  0.00000 0
-113.000   28.000  0.00000 0
-113.000   29.000  0.00452 0
-113.000   30.000  0.00513 1
-113.000   31.000  0.00727 25
-113.000   32.000  0.00708 40
-113.000   33.000  0.00741 103
-113.000   34.000  0.00281 91
-113.000   35.000  0.00228 56
-113.000   36.000  0.00105 59
-113.000   37.000  0.00334 50
-113.000   38.000  0.00344 31
-113.000   39.000  0.00397 41
-113.000   40.000  0.00492 39
-113.000   41.000  0.00540 36
-113.000   42.000  0.00467 59
-113.000   43.000  0.00408 60
-113.000   44.000  0.00512 36
-113.000   45.000  0.00684 31
-113.000   46.000  0.00402 52
-113.000   47.000 -0.00038 26
-113.000   48.000 -0.00021 33
-113.000   49.000 -0.00212 11
-113.000   50.000 -0.00741 2
-112.000   25.000  0.00000 0
-112.000   26.000  0.00000 0
-112.000   27.000  0.00000 0
-112.000   28.000  0.00026 0
-112.000   29.000  0.00478 0
-112.000   30.000  0.00566 0
-112.000   31.000  0.00749 47
-112.000   32.000  0.00657 39
-112.000   33.000  0.00716 77
-112.000   34.000  0.00293 59
-112.000   35.000  0.00174 88
-112.000   36.000  0.00172 75
-112.000   37.000  0.00336 39
-112.000   38.000  0.00348 40
-112.000   39.000  0.00487 56
-112.000   40.000  0.00669 57
-112.000   41.000  0.00569 28
-112.000   42.000  0.00690 25
-112.000   43.000  0.00598 106
-112.000   44.000  0.00771 203
-112.000   45.000  0.00939 56
-112.000   46.000  0.00786 28
-112.000   47.000  0.00334 24
-112.000   48.000  0.00328 26
-112.000   49.000 -0.00014 15
-112.000   50.000 -0.00551 1
-111.000   25.000  0.00000 0
-111.000   26.000  0.00000 0
-111.000   27.000  0.00000 0
-111.000   28.000 -0.00004 0
-111.000   29.000  0.00299 0
-111.000   30.000  0.00365 2
-111.000   31.000  0.00553 33
-111.000   32.000  0.00495 39
-111.000   33.000  0.00450 60
-111.000   34.000  0.00206 89
-111.000   35.000  0.00128 60
-111.000   36.000  0.00158 69
-111.000   37.000  0.00181 26
-111.000   38.000  0.00197 45
-111.000   39.000  0.00313 31
-111.000   40.000  0.00696 57
-111.000   41.000  0.00537 30
-111.000   42.000  0.00723 96
-111.000   43.000  0.00773 83
-111.000   44.000  0.00896 68
-111.000   45.000  0.00745 38
-111.000   46.000  0.00591 27
-111.000   47.000  0.00105 28
-111.000   48.000  0.00088 19
-111.000   49.000 -0.00264 20
-111.000   50.000 -0.00717 1
-110.000   25.000  0.00000 0
-110.000   26.000  0.00000 0
-110.000   27.000  0.00000 0
-110.000   28.000 -0.00103 0
-110.000   29.000  0.00203 0
-110.000   30.000  0.00240 11
-110.000   31.000  0.00393 39
-110.000   32.000  0.00397 64
-110.000   33.000  0.00423 48
-110.000   34.000  0.00206 57
-110.000   35.000  0.00112 41
-110.000   36.000  0.00140 50
-110.000   37.000  0.00096 35
-110.000   38.000  0.00055 57
-110.000   39.000  0.00096 32
-110.000   40.000  0.00509 29
-110.000   41.000  0.00372 41
-110.000   42.000  0.00468 165
-110.000   43.000  0.00542 125
-110.000   44.000  0.00721 33
-110.000   45.000  0.00426 50
-110.000   46.000  0.00183 41
-110.000   47.000 -0.00280 24
-110.000   48.000 -0.00237 23
-110.000   49.000 -0.00682 15
-110.000   50.000 -0.01010 2
-109.000   25.000  0.00000 0
-109.000   26.000  0.00000 0
-109.000   27.000  0.00000 0
-109.000   28.000 -0.00103 0
-109.000   29.000  0.00059 0
-109.000   30.000  0.00066 27
-109.000   31.000  0.00228 20
-109.000   32.000  0.00340 76
-109.000   33.000  0.00506 101
-109.000   34.000  0.00476 74
-109.000   35.000  0.00473 32
-109.000   36.000  0.00524 46
-109.000   37.000  0.00404 40
-109.000   38.000  0.00283 63
-109.000   39.000  0.00185 45
-109.000   40.000  0.00575 37
-109.000   41.000  0.00357 64
-109.000   42.000  0.00332 85
-109.000   43.000  0.00363 59
-109.000   44.000  0.00498 68
-109.000   45.000  0.00209 41
-109.000   46.000  0.00011 32
-109.000   47.000 -0.00398 33
-109.000   48.000 -0.00373 20
-109.000   49.000 -0.00676 12
-109.000   50.000 -0.01075 0
-108.000   25.000  0.00000 0
-108.000   26.000  0.00000 0
-108.000   27.000  0.00000 0
-108.000   28.000 -0.00136 0
-108.000   29.000 -0.00010 0
-108.000   30.000  0.00036 8
-108.000   31.000  0.00192 34
-108.000   32.000  0.00285 20
-108.000   33.000  0.00524 65
-108.000   34.000  0.00546 74
-108.000   35.000  0.00603 64
-108.000   36.000  0.00699 45
-108.000   37.000  0.00571 48
-108.000   38.000  0.00513 48
-108.000   39.000  0.00507 68
-108.000   40.000  0.00764 39
-108.000   41.000  0.00414 47
-108.000   42.000  0.00352 82
-108.000   43.000  0.00207 99
-108.000   44.000  0.00149 69
-108.000   45.000 -0.00244 58
-108.000   46.000 -0.00337 31
-108.000   47.000 -0.00552 25
-108.000   48.000 -0.00451 20
-108.000   49.000 -0.00669 11
-108.000   50.000 -0.00837 1
-107.000   25.000  0.00000 0
-107.000   26.000  0.00000 0
-107.000   27.000  0.00011 0
-107.000   28.000 -0.00078 0
-107.000   29.000  0.00049 0
-107.000   30.000  0.00133 1
-107.000   31.000  0.00259 44
-107.000   32.000  0.00423 30
-107.000   33.000  0.00540 67
-107.000   34.000  0.00465 39
-107.000   35.000  0.00674 30
-107.000   36.000  0.00756 37
-107.000   37.000  0.00606 52
-107.000   38.000  0.00494 35
-107.000   39.000  0.00428 53
-107.000   40.000  0.00342 68
-107.000   41.000 -0.00014 83
-107.000   42.000 -0.00159 52
-107.000   43.000 -0.00161 148
-107.000   44.000 -0.00167 52
-107.000   45.000 -0.00485 39
-107.000   46.000 -0.00522 41
-107.000   47.000 -0.00730 45
-107.000   48.000 -0.00644 20
-107.000   49.000 -0.00781 13
-107.000   50.000 -0.00857 1
-106.000   25.000  0.00000 0
-106.000   26.000 -0.00025 0
-106.000   27.000 -0.00016 0
-106.000   28.000 -0.00105 0
-106.000   29.000  0.00012 0
-106.000   30.000  0.00132 11
-106.000   31.000  0.00233 37
-106.000   32.000  0.00398 90
-106.000   33.000  0.00673 140
-106.000   34.000  0.00522 68
-106.000   35.000  0.00740 57
-106.000   36.000  0.00812 67
-106.000   37.000  0.00754 29
-106.000   38.000  0.00596 85
-106.000   39.000  0.00557 64
-106.000   40.000  0.00225 43
-106.000   41.000 -0.00065 60
-106.000   42.000 -0.00267 58
-106.000   43.000 -0.00350 94
-106.000   44.000 -0.00298 58
-106.000   45.000 -0.00494 48
-106.000   46.000 -0.00477 26
-106.000   47.000 -0.00476 25
-106.000   48.000 -0.00421 32
-106.000   49.000 -0.00501 8
-106.000   50.000 -0.00350 2
-105.000   25.000  0.00000 0
-105.000   26.000 -0.00167 0
-105.000   27.000 -0.00194 0
-105.000   28.000 -0.00230 0
-105.000   29.000 -0.00136 48
-105.000   30.000  0.00047 35
-105.000   31.000  0.00304 49
-105.000   32.000  0.00471 91
-105.000   33.000  0.00703 97
-105.000   34.000  0.00564 90
-105.000   35.000  0.00668 46
-105.000   36.000  0.00632 93
-105.000   37.000  0.00572 38
-105.000   38.000  0.00464 93
-105.000   39.000  0.00485 31
-105.000   40.000  0.00126 70
-105.000   41.000 -0.00137 45
-105.000   42.000 -0.00227 30
-105.000   43.000 -0.00376 53
-105.000   44.000 -0.00370 54
-105.000   45.000 -0.00399 47
-105.000   46.000 -0.00163 32
-105.000   47.000  0.00061 28
-105.000   48.000  0.00122 19
-105.000   49.000  0.00174 24
-105.000   50.000  0.00400 0
-104.000   25.000  0.00000 0
-104.000   26.000 -0.00167 0
-104.000   27.000 -0.00383 0
-104.000   28.000 -0.00500 35
-104.000   29.000 -0.00482 15
-104.000   30.000 -0.00324 106
-104.000   31.000 -0.00085 61
-104.000   32.000  0.00145 111
-104.000   33.000  0.00382 124
-104.000   34.000  0.00251 100
-104.000   35.000  0.00316 47
-104.000   36.000  0.00290 57
-104.000   37.000  0.00400 36
-104.000   38.000  0.00415 62
-104.000   39.000  0.00545 27
-104.000   40.000  0.00265 43
-104.000   41.000  0.00029 49
-104.000   42.000 -0.00056 25
-104.000   43.000 -0.00134 31
-104.000   44.000 -0.00128 41
-104.000   45.000 -0.00164 40
-104.000   46.000  0.00096 55
-104.000   47.000  0.00366 48
-104.000   48.000  0.00309 36
-104.000   49.000  0.00357 28
-104.000   50.000  0.00631 0
-103.000   25.000  0.00000 0
-103.000   26.000 -0.00166 0
-103.000   27.000 -0.00387 0
-103.000   28.000 -0.00467 29
-103.000   29.000 -0.00450 9
-103.000   30.000 -0.00235 50
-103.000   31.000  0.00038 65
-103.000   32.000  0.00242 77
-103.000   33.000  0.00397 74
-103.000   34.000  0.00339 62
-103.000   35.000  0.00320 38
-103.000   36.000  0.00293 39
-103.000   37.000  0.00460 33
-103.000   38.000  0.00521 35
-103.000   39.000  0.00492 55
-103.000   40.000  0.00174 46
-103.000   41.000 -0.00097 58
-103.000   42.000 -0.00134 26
-103.000   43.000 -0.00136 41
-103.000   44.000  0.00017 23
-103.000   45.000  0.00155 47
-103.000   46.000  0.00526 57
-103.000   47.000  0.00839 36
-103.000   48.000  0.00705 44
-103.000   49.000  0.00778 24
-103.000   50.000  0.01008 0
-102.000   25.000  0.00007 0
-102.000   26.000 -0.00238 0
-102.000   27.000 -0.00399 0
-102.000   28.000 -0.00619 1
-102.000   29.000 -0.00604 22
-102.000   30.000 -0.00464 56
-102.000   31.000 -0.00026 73
-102.000   32.000  0.00100 68
-102.000   33.000  0.00519 53
-102.000   34.000  0.00472 63
-102.000   35.000  0.00400 45
-102.000   36.000  0.00257 42
-102.000   37.000  0.00564 23
-102.000   38.000  0.00598 48
-102.000   39.000  0.00638 43
-102.000   40.000  0.00446 23
-102.000   41.000  0.00210 46
-102.000   42.000  0.00134 32
-102.000   43.000  0.00077 43
-102.000   44.000  0.00205 31
-102.000   45.000  0.00416 39
-102.000   46.000  0.00783 33
-102.000   47.000  0.01171 42
-102.000   48.000  0.00994 25
-102.000   49.000  0.01073 21
-102.000   50.000  0.01278 0
-101.000   25.000 -0.00217 0
-101.000   26.000 -0.00310 0
-101.000   27.000 -0.00541 0
-101.000   28.000 -0.00688 8
-101.000   29.000 -0.00704 52
-101.000   30.000 -0.00500 55
-101.000   31.000 -0.00081 54
-101.000   32.000  0.00077 50
-101.000   33.000  0.00455 32
-101.000   34.000  0.00463 23
-101.000   35.000  0.00330 23
-101.000   36.000  0.00141 39
-101.000   37.000  0.00434 30
-101.000   38.000  0.00392 44
-101.000   39.000  0.00401 54
-101.000   40.000  0.00359 35
-101.000   41.000  0.00193 42
-101.000   42.000  0.00059 40
-101.000   43.000  0.00062 61
-101.000   44.000  0.00198 20
-101.000   45.000  0.00427 37
-101.000   46.000  0.00735 42
-101.000   47.000  0.01263 45
-101.000   48.000  0.01070 67
-101.000   49.000  0.01187 17
-101.000   50.000  0.01341 0
-100.000   25.000 -0.00112 0
-100.000   26.000 -0.00125 1
-100.000   27.000 -0.00321 14
-100.000   28.000 -0.00522 40
-100.000   29.000 -0.00615 80
-100.000   30.000 -0.00549 58
-100.000   31.000 -0.00258 81
-100.000   32.000 -0.00161 59
-100.000   33.000  0.00315 73
-100.000   34.000  0.00431 42
-100.000   35.000  0.00426 42
-100.000   36.000  0.00226 54
-100.000   37.000  0.00583 51
-100.000   38.000  0.00491 81
-100.000   39.000  0.00503 55
-100.000   40.000  0.00541 23
-100.000   41.000  0.00457 35
-100.000   42.000  0.00323 26
-100.000   43.000  0.00349 54
-100.000   44.000  0.00447 41
-100.000   45.000  0.00601 71
-100.000   46.000  0.00936 46
-100.000   47.000  0.01374 35
-100.000   48.000  0.01165 35
-100.000   49.000  0.01309 25
-100.000   50.000  0.01411 0
 -99.000   25.000 -0.00291 1
 -99.000   26.000 -0.00558 9
 -99.000   27.000 -0.00362 58
 -99.000   28.000 -0.00491 44
 -99.000   29.000 -0.00528 72
 -99.000   30.000 -0.00417 57
 -99.000   31.000  0.00072 59
 -99.000   32.000 -0.00089 49
 -99.000   33.000  0.00255 47
 -99.000   34.000  0.00354 60
 -99.000   35.000  0.00482 52
 -99.000   36.000  0.00425 50
 -99.000   37.000  0.00733 43
 -99.000   38.000  0.00660 44
 -99.000   39.000  0.00649 64
 -99.000   40.000  0.00647 32
 -99.000   41.000  0.00537 43
 -99.000   42.000  0.00480 37
 -99.000   43.000  0.00477 26
 -99.000   44.000  0.00707 31
 -99.000   45.000  0.00880 48
 -99.000   46.000  0.01239 37
 -99.000   47.000  0.01571 54
 -99.000   48.000  0.01431 41
 -99.000   49.000  0.01455 27
 -99.000   50.000  0.01524 1
 -98.000   25.000 -0.00291 2
 -98.000   26.000 -0.00756 4
 -98.000   27.000 -0.00536 20
 -98.000   28.000 -0.00728 22
 -98.000   29.000 -0.00735 62
 -98.000   30.000 -0.00777 67
 -98.000   31.000 -0.00224 77
 -98.000   32.000 -0.00284 54
 -98.000   33.000  0.00149 58
 -98.000   34.000  0.00232 47
 -98.000   35.000  0.00589 40
 -98.000   36.000  0.00556 86
 -98.000   37.000  0.00766 53
 -98.000   38.000  0.00693 42
 -98.000   39.000  0.00718 57
 -98.000   40.000  0.00710 45
 -98.000   41.000  0.00813 44
 -98.000   42.000  0.00785 17
 -98.000   43.000  0.00797 48
 -98.000   44.000  0.01040 22
 -98.000   45.000  0.01094 69
 -98.000   46.000  0.01248 41
 -98.000   47.000  0.01467 27
 -98.000   48.000  0.01286 36
 -98.000   49.000  0.01197 19
 -98.000   50.000  0.01260 1
 -97.000   25.000 -0.00298 0
 -97.000   26.000 -0.00684 3
 -97.000   27.000 -0.00512 19
 -97.000   28.000 -0.00745 21
 -97.000   29.000 -0.01002 48
 -97.000   30.000 -0.01033 55
 -97.000   31.000 -0.00599 54
 -97.000   32.000 -0.00550 71
 -97.000   33.000 -0.00147 28
 -97.000   34.000  0.00300 41
 -97.000   35.000  0.00663 53
 -97.000   36.000  0.00669 64
 -97.000   37.000  0.00790 70
 -97.000   38.000  0.00784 58
 -97.000   39.000  0.00797 40
 -97.000   40.000  0.00841 36
 -97.000   41.000  0.01013 41
 -97.000   42.000  0.00985 30
 -97.000   43.000  0.01002 28
 -97.000   44.000  0.01117 20
 -97.000   45.000  0.01124 33
 -97.000   46.000  0.01152 52
 -97.000   47.000  0.01281 15
 -97.000   48.000  0.01101 24
 -97.000   49.000  0.00999 29
 -97.000   50.000  0.00964 1
 -96.000   25.000 -0.00073 0
 -96.000   26.000 -0.00586 0
 -96.000   27.000 -0.00326 3
 -96.000   28.000 -0.00709 7
 -96.000   29.000 -0.00816 34
 -96.000   30.000 -0.00952 25
 -96.000   31.000 -0.00500 28
 -96.000   32.000 -0.00474 45
 -96.000   33.000 -0.00009 44
 -96.000   34.000  0.00309 68
 -96.000   35.000  0.00771 71
 -96.000   36.000  0.00815 71
 -96.000   37.000  0.00846 51
 -96.000   38.000  0.00898 55
 -96.000   39.000  0.00923 48
 -96.000   40.000  0.00918 21
 -96.000   41.000  0.01123 47
 -96.000   42.000  0.01167 25
 -96.000   43.000  0.01207 32
 -96.000   44.000  0.01389 32
 -96.000   45.000  0.01402 25
 -96.000   46.000  0.01288 24
 -96.000   47.000  0.01256 23
 -96.000   48.000  0.01080 18
 -96.000   49.000  0.00829 19
 -96.000   50.000  0.00622 3
 -95.000   25.000 -0.00179 0
 -95.000   26.000 -0.00630 0
 -95.000   27.000 -0.00501 1
 -95.000   28.000 -0.00699 4
 -95.000   29.000 -0.00686 19
 -95.000   30.000 -0.00806 47
 -95.000   31.000 -0.00336 38
 -95.000   32.000 -0.00153 46
 -95.000   33.000  0.00070 31
 -95.000   34.000  0.00317 75
 -95.000   35.000  0.00749 57
 -95.000   36.000  0.00785 47
 -95.000   37.000  0.00869 43
 -95.000   38.000  0.01019 31
 -95.000   39.000  0.00979 56
 -95.000   40.000  0.00988 18
 -95.000   41.000  0.01223 34
 -95.000   42.000  0.01203 26
 -95.000   43.000  0.01242 36
 -95.000   44.000  0.01545 26
 -95.000   45.000  0.01679 34
 -95.000   46.000  0.01349 46
 -95.000   47.000  0.01166 28
 -95.000   48.000  0.00951 22
 -95.000   49.000  0.00537 16
 -95.000   50.000  0.00136 1
 -94.000   25.000  0.00000 0
 -94.000   26.000 -0.00197 0
 -94.000   27.000 -0.00272 0
 -94.000   28.000 -0.00508 0
 -94.000   29.000 -0.00460 13
 -94.000   30.000 -0.00527 33
 -94.000   31.000 -0.00118 15
 -94.000   32.000  0.00196 59
 -94.000   33.000  0.00370 39
 -94.000   34.000  0.00564 49
 -94.000   35.000  0.00777 46
 -94.000   36.000  0.00563 76
 -94.000   37.000  0.00649 78
 -94.000   38.000  0.00841 35
 -94.000   39.000  0.00857 46
 -94.000   40.000  0.00909 49
 -94.000   41.000  0.01175 41
 -94.000   42.000  0.01133 32
 -94.000   43.000  0.01146 44
 -94.000   44.000  0.01289 32
 -94.000   45.000  0.01337 58
 -94.000   46.000  0.00899 54
 -94.000   47.000  0.00701 26
 -94.000   48.000  0.00559 17
 -94.000   49.000  0.00196 2
 -94.000   50.000 -0.00148 0
 -93.000   25.000  0.00000 0
 -93.000   26.000  0.00000 0
 -93.000   27.000 -0.00094 0
 -93.000   28.000 -0.00474 1
 -93.000   29.000 -0.00389 9
 -93.000   30.000 -0.00349 19
 -93.000   31.000 -0.00153 16
 -93.000   32.000  0.00062 21
 -93.000   33.000  0.00461 26
 -93.000   34.000  0.00621 44
 -93.000   35.000  0.00741 47
 -93.000   36.000  0.00665 58
 -93.000   37.000  0.00798 26
 -93.000   38.000  0.00784 59
 -93.000   39.000  0.00833 54
 -93.000   40.000  0.00772 55
 -93.000   41.000  0.00975 52
 -93.000   42.000  0.00995 11
 -93.000   43.000  0.01104 42
 -93.000   44.000  0.01099 39
 -93.000   45.000  0.01329 32
 -93.000   46.000  0.00734 35
 -93.000   47.000  0.00478 60
 -93.000   48.000  0.00393 24
 -93.000   49.000  0.00130 4
 -93.000   50.000 -0.00377 0
 -92.000   25.000  0.00000 0
 -92.000   26.000  0.00000 0
 -92.000   27.000 -0.00088 0
 -92.000   28.000 -0.00239 0
 -92.000   29.000  0.00144 1
 -92.000   30.000  0.00192 7
 -92.000   31.000  0.00362 16
 -92.000   32.000  0.00574 28
 -92.000   33.000  0.00776 24
 -92.000   34.000  0.00673 36
 -92.000   35.000  0.00907 33
 -92.000   36.000  0.00938 27
 -92.000   37.000  0.01054 58
 -92.000   38.000  0.01003 76
 -92.000   39.000  0.00950 44
 -92.000   40.000  0.00887 20
 -92.000   41.000  0.00964 43
 -92.000   42.000  0.01077 17
 -92.000   43.000  0.01139 54
 -92.000   44.000  0.01242 51
 -92.000   45.000  0.01283 44
 -92.000   46.000  0.00819 36
 -92.000   47.000  0.00467 33
 -92.000   48.000  0.00432 35
 -92.000   49.000  0.00127 5
 -92.000   50.000 -0.00263 2
 -91.000   25.000  0.00000 0
 -91.000   26.000  0.00000 0
 -91.000   27.000 -0.00104 0
 -91.000   28.000 -0.00116 0
 -91.000   29.000  0.00059 2
 -91.000   30.000  0.00187 9
 -91.000   31.000  0.00329 22
 -91.000   32.000  0.00592 29
 -91.000   33.000  0.00722 29
 -91.000   34.000  0.00795 16
 -91.000   35.000  0.00968 22
 -91.000   36.000  0.01047 41
 -91.000   37.000  0.01176 26
 -91.000   38.000  0.01143 30
 -91.000   39.000  0.01182 54
 -91.000   40.000  0.01117 18
 -91.000   41.000  0.01243 33
 -91.000   42.000  0.01332 27
 -91.000   43.000  0.01352 50
 -91.000   44.000  0.01370 34
 -91.000   45.000  0.01374 35
 -91.000   46.000  0.00853 25
 -91.000   47.000  0.00477 32
 -91.000   48.000  0.00400 9
 -91.000   49.000  0.00119 1
 -91.000   50.000 -0.00240 7
 -90.000   25.000  0.00000 0
 -90.000   26.000  0.00000 0
 -90.000   27.000  0.00029 0
 -90.000   28.000 -0.00067 0
 -90.000   29.000  0.00140 6
 -90.000   30.000  0.00411 12
 -90.000   31.000  0.00551 20
 -90.000   32.000  0.00792 32
 -90.000   33.000  0.01030 36
 -90.000   34.000  0.01044 38
 -90.000   35.000  0.01155 31
 -90.000   36.000  0.01233 40
 -90.000   37.000  0.01170 29
 -90.000   38.000  0.01165 53
 -90.000   39.000  0.01183 66
 -90.000   40.000  0.01108 34
 -90.000   41.000  0.01235 46
 -90.000   42.000  0.01410 40
 -90.000   43.000  0.01363 31
 -90.000   44.000  0.01353 47
 -90.000   45.000  0.01265 22
 -90.000   46.000  0.00784 13
 -90.000   47.000  0.00402 18
 -90.000   48.000  0.00342 6
 -90.000   49.000  0.00138 5
 -90.000   50.000 -0.00180 2
 -89.000   25.000  0.00000 0
 -89.000   26.000  0.00000 0
 -89.000   27.000  0.00029 0
 -89.000   28.000 -0.00045 0
 -89.000   29.000  0.00242 2
 -89.000   30.000  0.00501 8
 -89.000   31.000  0.00588 11
 -89.000   32.000  0.00907 28
 -89.000   33.000  0.01264 23
 -89.000   34.000  0.01177 37
 -89.000   35.000  0.01202 21
 -89.000   36.000  0.01351 52
 -89.000   37.000  0.01188 69
 -89.000   38.000  0.01161 75
 -89.000   39.000  0.01145 57
 -89.000   40.000  0.01214 31
 -89.000   41.000  0.01319 41
 -89.000   42.000  0.01485 45
 -89.000   43.000  0.01326 51
 -89.000   44.000  0.01285 22
 -89.000   45.000  0.01098 26
 -89.000   46.000  0.00666 25
 -89.000   47.000  0.00315 9
 -89.000   48.000  0.00247 16
 -89.000   49.000  0.00128 2
 -89.000   50.000 -0.00105 2
 -88.000   25.000  0.00000 0
 -88.000   26.000  0.00000 0
 -88.000   27.000  0.00144 0
 -88.000   28.000  0.00406 0
 -88.000   29.000  0.00704 2
 -88.000   30.000  0.01067 4
 -88.000   31.000  0.01378 10
 -88.000   32.000  0.01620 41
 -88.000   33.000  0.01641 41
 -88.000   34.000  0.01446 27
 -88.000   35.000  0.01323 59
 -88.000   36.000  0.01258 73
 -88.000   37.000  0.01115 132
 -88.000   38.000  0.01160 106
 -88.000   39.000  0.01190 84
 -88.000   40.000  0.01424 37
 -88.000   41.000  0.01416 66
 -88.000   42.000  0.01529 26
 -88.000   43.000  0.01383 16
 -88.000   44.000  0.01342 27
 -88.000   45.000  0.00966 18
 -88.000   46.000  0.00772 24
 -88.000   47.000  0.00416 17
 -88.000   48.000  0.00235 5
 -88.000   49.000  0.00179 1
 -88.000   50.000  0.00074 5
 -87.000   25.000  0.00000 0
 -87.000   26.000  0.00000 0
 -87.000   27.000  0.00221 0
 -87.000   28.000  0.00273 0
 -87.000   29.000  0.00531 2
 -87.000   30.000  0.01048 15
 -87.000   31.000  0.01486 30
 -87.000   32.000  0.01631 31
 -87.000   33.000  0.01870 42
 -87.000   34.000  0.01640 53
 -87.000   35.000  0.01288 39
 -87.000   36.000  0.01067 59
 -87.000   37.000  0.00990 111
 -87.000   38.000  0.01062 104
 -87.000   39.000  0.01180 88
 -87.000   40.000  0.01449 22
 -87.000   41.000  0.01601 28
 -87.000   42.000  0.01629 25
 -87.000   43.000  0.01492 33
 -87.000   44.000  0.01313 14
 -87.000   45.000  0.01036 33
 -87.000   46.000  0.00622 7
 -87.000   47.000  0.00305 9
 -87.000   48.000  0.00079 3
 -87.000   49.000  0.00141 0
 -87.000   50.000 -0.00073 2
 -86.000   25.000  0.00000 0
 -86.000   26.000  0.00000 0
 -86.000   27.000  0.00091 0
 -86.000   28.000  0.00141 0
 -86.000   29.000  0.00522 9
 -86.000   30.000  0.01062 9
 -86.000   31.000  0.01593 32
 -86.000   32.000  0.01839 45
 -86.000   33.000  0.02163 22
 -86.000   34.000  0.01858 39
 -86.000   35.000  0.01411 46
 -86.000   36.000  0.01128 80
 -86.000   37.000  0.01005 77
 -86.000   38.000  0.00966 79
 -86.000   39.000  0.00964 53
 -86.000   40.000  0.01310 41
 -86.000   41.000  0.01384 41
 -86.000   42.000  0.01511 19
 -86.000   43.000  0.01450 17
 -86.000   44.000  0.01353 17
 -86.000   45.000  0.00916 12
 -86.000   46.000  0.00624 21
 -86.000   47.000  0.00283 10
 -86.000   48.000  0.00010 5
 -86.000   49.000  0.00041 2
 -86.000   50.000  0.00050 5
 -85.000   25.000  0.00000 0
 -85.000   26.000  0.00005 0
 -85.000   27.000 -0.00024 0
 -85.000   28.000  0.00016 0
 -85.000   29.000  0.00235 10
 -85.000   30.000  0.00740 14
 -85.000   31.000  0.01330 47
 -85.000   32.000  0.01749 68
 -85.000   33.000  0.02173 51
 -85.000   34.000  0.02105 39
 -85.000   35.000  0.01703 46
 -85.000   36.000  0.01377 74
 -85.000   37.000  0.01238 69
 -85.000   38.000  0.01027 62
 -85.000   39.000  0.00988 54
 -85.000   40.000  0.01272 38
 -85.000   41.000  0.01304 40
 -85.000   42.000  0.01445 42
 -85.000   43.000  0.01532 22
 -85.000   44.000  0.01268 37
 -85.000   45.000  0.00919 38
 -85.000   46.000  0.00739 7
 -85.000   47.000  0.00346 19
 -85.000   48.000 -0.00113 6
 -85.000   49.000  0.00047 1
 -85.000   50.000 -0.00001 1
 -84.000   25.000 -0.00129 0
 -84.000   26.000 -0.00087 0
 -84.000   27.000 -0.00157 0
 -84.000   28.000 -0.00075 0
 -84.000   29.000  0.00118 17
 -84.000   30.000  0.00693 35
 -84.000   31.000  0.01332 82
 -84.000   32.000  0.01819 99
 -84.000   33.000  0.02201 87
 -84.000   34.000  0.02221 75
 -84.000   35.000  0.01884 70
 -84.000   36.000  0.01535 112
 -84.000   37.000  0.01309 55
 -84.000   38.000  0.01055 57
 -84.000   39.000  0.00992 66
 -84.000   40.000  0.01192 57
 -84.000   41.000  0.01213 49
 -84.000   42.000  0.01449 34
 -84.000   43.000  0.01780 37
 -84.000   44.000  0.01534 20
 -84.000   45.000  0.01237 29
 -84.000   46.000  0.01057 11
 -84.000   47.000  0.00647 7
 -84.000   48.000 -0.00013 8
 -84.000   49.000  0.00104 3
 -84.000   50.000  0.00032 2
 -83.000   25.000  0.00317 0
 -83.000   26.000  0.00125 0
 -83.000   27.000 -0.00168 0
 -83.000   28.000 -0.00405 14
 -83.000   29.000 -0.00345 11
 -83.000   30.000 -0.00022 59
 -83.000   31.000  0.00684 64
 -83.000   32.000  0.01326 110
 -83.000   33.000  0.02002 107
 -83.000   34.000  0.02280 87
 -83.000   35.000  0.02104 63
 -83.000   36.000  0.01672 57
 -83.000   37.000  0.01347 35
 -83.000   38.000  0.01033 42
 -83.000   39.000  0.00835 69
 -83.000   40.000  0.00954 43
 -83.000   41.000  0.01082 54
 -83.000   42.000  0.01380 28
 -83.000   43.000  0.01563 24
 -83.000   44.000  0.01445 16
 -83.000   45.000  0.01133 22
 -83.000   46.000  0.00987 13
 -83.000   47.000  0.00641 15
 -83.000   48.000  0.00030 7
 -83.000   49.000 -0.00032 0
 -83.000   50.000 -0.00066 20
 -82.000   25.000  0.00251 2
 -82.000   26.000  0.00075 4
 -82.000   27.000 -0.00314 17
 -82.000   28.000 -0.00422 21
 -82.000   29.000 -0.00466 18
 -82.000   30.000 -0.00323 37
 -82.000   31.000  0.00231 34
 -82.000   32.000  0.00975 41
 -82.000   33.000  0.01557 36
 -82.000   34.000  0.02082 28
 -82.000   35.000  0.02043 49
 -82.000   36.000  0.01805 41
 -82.000   37.000  0.01412 59
 -82.000   38.000  0.01011 42
 -82.000   39.000  0.00671 69
 -82.000   40.000  0.00790 54
 -82.000   41.000  0.00791 42
 -82.000   42.000  0.01079 29
 -82.000   43.000  0.01312 11
 -82.000   44.000  0.01288 21
 -82.000   45.000  0.01125 7
 -82.000   46.000  0.01081 2
 -82.000   47.000  0.00816 5
 -82.000   48.000  0.00249 33
 -82.000   49.000  0.00120 0
 -82.000   50.000 -0.00039 5
 -81.000   25.000  0.00251 12
 -81.000   26.000  0.00075 19
 -81.000   27.000 -0.00184 21
 -81.000   28.000 -0.00324 23
 -81.000   29.000 -0.00417 8
 -81.000   30.000 -0.00199 8
 -81.000   31.000  0.00239 14
 -81.000   32.000  0.00770 17
 -81.000   33.000  0.01260 26
 -81.000   34.000  0.01779 57
 -81.000   35.000  0.01645 36
 -81.000   36.000  0.01500 61
 -81.000   37.000  0.01273 47
 -81.000   38.000  0.00882 88
 -81.000   39.000  0.00584 74
 -81.000   40.000  0.00675 56
 -81.000   41.000  0.00570 61
 -81.000   42.000  0.00829 42
 -81.000   43.000  0.01133 17
 -81.000   44.000  0.00992 5
 -81.000   45.000  0.00964 4
 -81.000   46.000  0.01080 14
 -81.000   47.000  0.00762 7
 -81.000   48.000  0.00237 6
 -81.000   49.000  0.00267 1
 -81.000   50.000  0.00013 6
 -80.000   25.000  0.00251 7
 -80.000   26.000  0.00070 3
 -80.000   27.000 -0.00069 2
 -80.000   28.000 -0.00199 4
 -80.000   29.000 -0.00248 0
 -80.000   30.000 -0.00070 0
 -80.000   31.000  0.00333 6
 -80.000   32.000  0.00501 20
 -80.000   33.000  0.00870 23
 -80.000   34.000  0.01241 50
 -80.000   35.000  0.01101 48
 -80.000   36.000  0.01000 112
 -80.000   37.000  0.00999 46
 -80.000   38.000  0.00665 60
 -80.000   39.000  0.00454 74
 -80.000   40.000  0.00508 66
 -80.000   41.000  0.00435 41
 -80.000   42.000  0.00575 44
 -80.000   43.000  0.00864 23
 -80.000   44.000  0.00916 15
 -80.000   45.000  0.00880 31
 -80.000   46.000  0.00922 6
 -80.000   47.000  0.00725 8
 -80.000   48.000  0.00388 10
 -80.000   49.000  0.00238 0
 -80.000   50.000  0.00125 0
 -79.000   25.000  0.00380 0
 -79.000   26.000  0.00162 0
 -79.000   27.000  0.00064 0
 -79.000   28.000 -0.00082 1
 -79.000   29.000 -0.00200 0
 -79.000   30.000 -0.00159 0
 -79.000   31.000  0.00086 0
 -79.000   32.000 -0.00081 8
 -79.000   33.000  0.00219 20
 -79.000   34.000  0.00599 33
 -79.000   35.000  0.00481 45
 -79.000   36.000  0.00529 59
 -79.000   37.000  0.00873 67
 -79.000   38.000  0.00609 46
 -79.000   39.000  0.00437 69
 -79.000   40.000  0.00407 57
 -79.000   41.000  0.00330 70
 -79.000   42.000  0.00389 39
 -79.000   43.000  0.00598 68
 -79.000   44.000  0.00551 23
 -79.000   45.000  0.00680 22
 -79.000   46.000  0.00718 17
 -79.000   47.000  0.00533 7
 -79.000   48.000  0.00291 8
 -79.000   49.000  0.00266 3
 -79.000   50.000  0.00092 0
 -78.000   25.000 -0.00066 0
 -78.000   26.000 -0.00050 0
 -78.000   27.000 -0.00040 0
 -78.000   28.000  0.00000 0
 -78.000   29.000 -0.00076 0
 -78.000   30.000  0.00084 0
 -78.000   31.000  0.00133 0
 -78.000   32.000 -0.00289 4
 -78.000   33.000 -0.00211 9
 -78.000   34.000 -0.00027 17
 -78.000   35.000 -0.00221 28
 -78.000   36.000 -0.00059 52
 -78.000   37.000  0.00504 79
 -78.000   38.000  0.00284 65
 -78.000   39.000  0.00279 74
 -78.000   40.000  0.00210 25
 -78.000   41.000  0.00138 60
 -78.000   42.000  0.00139 41
 -78.000   43.000  0.00500 37
 -78.000   44.000  0.00459 25
 -78.000   45.000  0.00820 25
 -78.000   46.000  0.00880 9
 -78.000   47.000  0.00723 27
 -78.000   48.000  0.00504 10
 -78.000   49.000  0.00552 15
 -78.000   50.000  0.00307 0
 -77.000   25.000  0.00000 0
 -77.000   26.000  0.00000 0
 -77.000   27.000  0.00000 0
 -77.000   28.000  0.00000 0
 -77.000   29.000  0.00000 0
 -77.000   30.000  0.00181 0
 -77.000   31.000  0.00243 0
 -77.000   32.000 -0.00205 0
 -77.000   33.000 -0.00177 2
 -77.000   34.000 -0.00249 13
 -77.000   35.000 -0.00421 25
 -77.000   36.000 -0.00489 37
 -77.000   37.000  0.00074 48
 -77.000   38.000 -0.00024 36
 -77.000   39.000  0.00101 42
 -77.000   40.000 -0.00025 51
 -77.000   41.000  0.00105 69
 -77.000   42.000  0.00164 36
 -77.000   43.000  0.00480 52
 -77.000   44.000  0.00408 38
 -77.000   45.000  0.00682 31
 -77.000   46.000  0.00790 12
 -77.000   47.000  0.00602 13
 -77.000   48.000  0.00356 5
 -77.000   49.000  0.00469 3
 -77.000   50.000  0.00362 0
 -76.000   25.000  0.00000 0
 -76.000   26.000  0.00000 0
 -76.000   27.000  0.00000 0
 -76.000   28.000  0.00000 0
 -76.000   29.000  0.00000 0
 -76.000   30.000  0.00000 0
 -76.000   31.000  0.00084 0
 -76.000   32.000 -0.00342 0
 -76.000   33.000 -0.00332 0
 -76.000   34.000 -0.00387 7
 -76.000   35.000 -0.00375 9
 -76.000   36.000 -0.00493 20
 -76.000   37.000 -0.00080 16
 -76.000   38.000 -0.00074 48
 -76.000   39.000  0.00058 46
 -76.000   40.000 -0.00070 53
 -76.000   41.000  0.00126 84
 -76.000   42.000  0.00214 67
 -76.000   43.000  0.00410 69
 -76.000   44.000  0.00455 42
 -76.000   45.000  0.00777 45
 -76.000   46.000  0.00778 31
 -76.000   47.000  0.00689 14
 -76.000   48.000  0.00476 11
 -76.000   49.000  0.00444 2
 -76.000   50.000  0.00246 0
 -75.000   25.000  0.00000 0
 -75.000   26.000  0.00000 0
 -75.000   27.000  0.00000 0
 -75.000   28.000  0.00000 0
 -75.000   29.000  0.00000 0
 -75.000   30.000  0.00000 0
 -75.000   31.000  0.00000 0
 -75.000   32.000 -0.00360 0
 -75.000   33.000 -0.00365 0
 -75.000   34.000 -0.00447 3
 -75.000   35.000 -0.00431 2
 -75.000   36.000 -0.00498 5
 -75.000   37.000 -0.00284 18
 -75.000   38.000 -0.00198 17
 -75.000   39.000  0.00003 51
 -75.000   40.000 -0.00091 37
 -75.000   41.000  0.00077 110
 -75.000   42.000  0.00312 107
 -75.000   43.000  0.00475 77
 -75.000   44.000  0.00424 69
 -75.000   45.000  0.00731 67
 -75.000   46.000  0.00854 27
 -75.000   47.000  0.00764 10
 -75.000   48.000  0.00521 10
 -75.000   49.000  0.00565 0
 -75.000   50.000  0.00372 0
 -74.000   25.000  0.00000 0
 -74.000   26.000  0.00000 0
 -74.000   27.000  0.00000 0
 -74.000   28.000  0.00000 0
 -74.000   29.000  0.00000 0
 -74.000   30.000  0.00000 0
 -74.000   31.000  0.00000 0
 -74.000   32.000 -0.00187 0
 -74.000   33.000 -0.00153 0
 -74.000   34.000 -0.00221 0
 -74.000   35.000 -0.00186 0
 -74.000   36.000 -0.00317 0
 -74.000   37.000 -0.00310 3
 -74.000   38.000 -0.00368 2
 -74.000   39.000 -0.00167 117
 -74.000   40.000 -0.00302 73
 -74.000   41.000 -0.00143 136
 -74.000   42.000  0.00127 119
 -74.000   43.000  0.00385 85
 -74.000   44.000  0.00475 80
 -74.000   45.000  0.00867 68
 -74.000   46.000  0.01103 27
 -74.000   47.000  0.01013 13
 -74.000   48.000  0.00779 4
 -74.000   49.000  0.00694 0
 -74.000   50.000  0.00441 0
 -73.000   25.000  0.00000 0
 -73.000   26.000  0.00000 0
 -73.000   27.000  0.00000 0
 -73.000   28.000  0.00000 0
 -73.000   29.000  0.00000 0
 -73.000   30.000  0.00000 0
 -73.000   31.000  0.00000 0
 -73.000   32.000  0.00000 0
 -73.000   33.000  0.00000 0
 -73.000   34.000  0.00000 0
 -73.000   35.000  0.00054 0
 -73.000   36.000 -0.00061 0
 -73.000   37.000 -0.00246 0
 -73.000   38.000 -0.00253 0
 -73.000   39.000 -0.00131 18
 -73.000   40.000 -0.00167 43
 -73.000   41.000 -0.00052 55
 -73.000   42.000  0.00299 62
 -73.000   43.000  0.00486 58
 -73.000   44.000  0.00566 66
 -73.000   45.000  0.00844 35
 -73.000   46.000  0.01030 23
 -73.000   47.000  0.00865 10
 -73.000   48.000  0.00683 7
 -73.000   49.000  0.00602 0
 -73.000   50.000  0.00308 0
 -72.000   25.000  0.00000 0
 -72.000   26.000  0.00000 0
 -72.000   27.000  0.00000 0
 -72.000   28.000  0.00000 0
 -72.000   29.000  0.00000 0
 -72.000   30.000  0.00000 0
 -72.000   31.000  0.00000 0
 -72.000   32.000  0.00000 0
 -72.000   33.000  0.00000 0
 -72.000   34.000  0.00000 0
 -72.000   35.000  0.00000 0
 -72.000   36.000  0.00000 0
 -72.000   37.000 -0.00164 0
 -72.000   38.000 -0.00191 0
 -72.000   39.000 -0.00011 3
 -72.000   40.000 -0.00060 24
 -72.000   41.000  0.00129 52
 -72.000   42.000  0.00461 51
 -72.000   43.000  0.00619 65
 -72.000   44.000  0.00669 47
 -72.000   45.000  0.01101 57
 -72.000   46.000  0.01119 22
 -72.000   47.000  0.00951 13
 -72.000   48.000  0.00820 6
 -72.000   49.000  0.00739 0
 -72.000   50.000  0.00347 0
 -71.000   25.000  0.00000 0
 -71.000   26.000  0.00000 0
 -71.000   27.000  0.00000 0
 -71.000   28.000  0.00000 0
 -71.000   29.000  0.00000 0
 -71.000   30.000  0.00000 0
 -71.000   31.000  0.00000 0
 -71.000   32.000  0.00000 0
 -71.000   33.000  0.00000 0
 -71.000   34.000  0.00000 0
 -71.000   35.000  0.00000 0
 -71.000   36.000  0.00000 0
 -71.000   37.000 -0.00106 0
 -71.000   38.000 -0.00150 0
 -71.000   39.000  0.00012 0
 -71.000   40.000  0.00225 18
 -71.000   41.000  0.00456 4
 -71.000   42.000  0.00725 47
 -71.000   43.000  0.00873 41
 -71.000   44.000  0.00824 44
 -71.000   45.000  0.01031 40
 -71.000   46.000  0.00989 37
 -71.000   47.000  0.00826 17
 -71.000   48.000  0.00722 12
 -71.000   49.000  0.00761 0
 -71.000   50.000  0.00315 0
 -70.000   25.000  0.00000 0
 -70.000   26.000  0.00000 0
 -70.000   27.000  0.00000 0
 -70.000   28.000  0.00000 0
 -70.000   29.000  0.00000 0
 -70.000   30.000  0.00000 0
 -70.000   31.000  0.00000 0
 -70.000   32.000  0.00000 0
 -70.000   33.000  0.00000 0
 -70.000   34.000  0.00000 0
 -70.000   35.000  0.00000 0
 -70.000   36.000  0.00000 0
 -70.000   37.000  0.00000 0
 -70.000   38.000 -0.00062 0
 -70.000   39.000  0.00030 0
 -70.000   40.000  0.00247 7
 -70.000   41.000  0.00457 8
 -70.000   42.000  0.00542 17
 -70.000   43.000  0.00633 13
 -70.000   44.000  0.00615 39
 -70.000   45.000  0.00789 36
 -70.000   46.000  0.00609 57
 -70.000   47.000  0.00524 20
 -70.000   48.000  0.00608 14
 -70.000   49.000  0.00668 0
 -70.000   50.000  0.00239 0
 -69.000   25.000  0.00000 0
 -69.000   26.000  0.00000 0
 -69.000   27.000  0.00000 0
 -69.000   28.000  0.00000 0
 -69.000   29.000  0.00000 0
 -69.000   30.000  0.00000 0
 -69.000   31.000  0.00000 0
 -69.000   32.000  0.00000 0
 -69.000   33.000  0.00000 0
 -69.000   34.000  0.00000 0
 -69.000   35.000  0.00000 0
 -69.000   36.000  0.00000 0
 -69.000   37.000  0.00000 0
 -69.000   38.000  0.00007 0
 -69.000   39.000  0.00067 0
 -69.000   40.000  0.00337 0
 -69.000   41.000  0.00571 0
 -69.000   42.000  0.00401 8
 -69.000   43.000  0.00339 6
 -69.000   44.000  0.00361 32
 -69.000   45.000  0.00356 41
 -69.000   46.000  0.00206 46
 -69.000   47.000  0.00376 23
 -69.000   48.000  0.00542 11
 -69.000   49.000  0.00574 0
 -69.000   50.000  0.00324 0
 -68.000   25.000  0.00000 0
 -68.000   26.000  0.00000 0
 -68.000   27.000  0.00000 0
 -68.000   28.000  0.00000 0
 -68.000   29.000  0.00000 0
 -68.000   30.000  0.00000 0
 -68.000   31.000  0.00000 0
 -68.000   32.000  0.00000 0
 -68.000   33.000  0.00000 0
 -68.000   34.000  0.00000 0
 -68.000   35.000  0.00000 0
 -68.000   36.000  0.00000 0
 -68.000   37.000  0.00000 0
 -68.000   38.000  0.00026 0
 -68.000   39.000  0.00086 0
 -68.000   40.000  0.00306 0
 -68.000   41.000  0.00541 0
 -68.000   42.000  0.00323 0
 -68.000   43.000  0.00232 3
 -68.000   44.000  0.00186 26
 -68.000   45.000  0.00161 28
 -68.000   46.000  0.00019 30
 -68.000   47.000  0.00237 14
 -68.000   48.000  0.00413 9
 -68.000   49.000  0.00498 0
 -68.000   50.000  0.00339 19
 -67.000   25.000  0.00000 0
 -67.000   26.000  0.00000 0
 -67.000   27.000  0.00000 0
 -67.000   28.000  0.00000 0
 -67.000   29.000  0.00000 0
 -67.000   30.000  0.00000 0
 -67.000   31.000  0.00000 0
 -67.000   32.000  0.00000 0
 -67.000   33.000  0.00000 0
 -67.000   34.000  0.00000 0
 -67.000   35.000  0.00000 0
 -67.000   36.000  0.00000 0
 -67.000   37.000  0.00000 0
 -67.000   38.000  0.00000 0
 -67.000   39.000  0.00000 0
 -67.000   40.000  0.00274 0
 -67.000   41.000  0.00302 0
 -67.000   42.000  0.00055 0
 -67.000   43.000  0.00003 3
 -67.000   44.000  0.00027 19
 -67.000   45.000 -0.00152 12
 -67.000   46.000 -0.00149 28
 -67.000   47.000  0.00097 7
 -67.000   48.000  0.00259 26
 -67.000   49.000  0.00294 0
 -67.000   50.000  0.00233 8
 -66.000   25.000  0.00000 0
 -66.000   26.000  0.00000 0
 -66.000   27.000  0.00000 0
 -66.000   28.000  0.00000 0
 -66.000   29.000  0.00000 0
 -66.000   30.000  0.00000 0
 -66.000   31.000  0.00000 0
 -66.000   32.000  0.00000 0
 -66.000   33.000  0.00000 0
 -66.000   34.000  0.00000 0
 -66.000   35.000  0.00000 0
 -66.000   36.000  0.00000 0
 -66.000   37.000  0.00000 0
 -66.000   38.000  0.00000 0
 -66.000   39.000  0.00000 0
 -66.000   40.000  0.00000 0
 -66.000   41.000  0.00000 0
 -66.000   42.000 -0.00294 0
 -66.000   43.000 -0.00355 0
 -66.000   44.000 -0.00290 4
 -66.000   45.000 -0.00275 2
 -66.000   46.000 -0.00214 4
 -66.000   47.000  0.00080 1
 -66.000   48.000  0.00279 0
 -66.000   49.000  0.00268 1
 -66.000   50.000  0.00332 3
 -65.000   25.000  0.00000 0
 -65.000   26.000  0.00000 0
 -65.000   27.000  0.00000 0
 -65.000   28.000  0.00000 0
 -65.000   29.000  0.00000 0
 -65.000   30.000  0.00000 0
 -65.000   31.000  0.00000 0
 -65.000   32.000  0.00000 0
 -65.000   33.000  0.00000 0
 -65.000   34.000  0.00000 0
 -65.000   35.000  0.00000 0
 -65.000   36.000  0.00000 0
 -65.000   37.000  0.00000 0
 -65.000   38.000  0.00000 0
 -65.000   39.000  0.00000 0
 -65.000   40.000  0.00000 0
 -65.000   41.000  0.00000 0
 -65.000   42.000 -0.00292 0
 -65.000   43.000 -0.00323 0
 -65.000   44.000 -0.00251 0
 -65.000   45.000 -0.00287 0
 -65.000   46.000 -0.00129 0
 -65.000   47.000  0.00163 0
 -65.000   48.000  0.00190 0
 -65.000   49.000  0.00147 0
 -65.000   50.000  0.00257 0
