-130.000   25.000 -0.02385 9
-130.000   26.000 -0.02928 12
-130.000   27.000 -0.02624 13
-130.000   28.000 -0.03375 10
-130.000   29.000 -0.02791 2
-130.000   30.000 -0.02067 7
-130.000   31.000 -0.01156 1
-130.000   32.000 -0.00874 1
-130.000   33.000  0.00000 0
-130.000   34.000  0.00000 0
-130.000   35.000  0.00000 0
-130.000   36.000  0.00000 0
-130.000   37.000 -0.00524 0
-130.000   38.000 -0.00499 0
-130.000   39.000 -0.00117 5
-130.000   40.000 -0.00463 57
-130.000   41.000 -0.01018 41
-130.000   42.000 -0.00570 17
-130.000   43.000 -0.00229 10
-130.000   44.000  0.00111 4
-130.000   45.000  0.01448 8
-130.000   46.000  0.02002 6
-130.000   47.000  0.02078 56
-130.000   48.000  0.01924 5
-130.000   49.000  0.01500 2
-130.000   50.000  0.00351 6
-129.000   25.000 -0.02209 5
-129.000   26.000 -0.02511 18
-129.000   27.000 -0.02350 11
-129.000   28.000 -0.02913 11
-129.000   29.000 -0.02475 12
-129.000   30.000 -0.01681 2
-129.000   31.000 -0.00997 5
-129.000   32.000 -0.00656 3
-129.000   33.000  0.00000 0
-129.000   34.000  0.00000 0
-129.000   35.000  0.00000 1
-129.000   36.000  0.00000 0
-129.000   37.000 -0.00434 1
-129.000   38.000 -0.00211 1
-129.000   39.000  0.00179 8
-129.000   40.000  0.00075 28
-129.000   41.000 -0.00341 23
-129.000   42.000 -0.00102 16
-129.000   43.000 -0.00051 9
-129.000   44.000  0.00137 6
-129.000   45.000  0.00820 5
-129.000   46.000  0.01236 46
-129.000   47.000  0.01428 34
-129.000   48.000  0.01312 2
-129.000   49.000  0.00917 3
-129.000   50.000  0.00259 1
-128.000   25.000 -0.01767 1
-128.000   26.000 -0.02009 12
-128.000   27.000 -0.01880 11
-128.000   28.000 -0.02331 10
-128.000   29.000 -0.01980 2
-128.000   30.000 -0.01344 8
-128.000   31.000 -0.00798 0
-128.000   32.000 -0.00525 0
-128.000   33.000  0.00000 0
-128.000   34.000  0.00000 3
-128.000   35.000  0.00000 1
-128.000   36.000  0.00000 2
-128.000   37.000 -0.00347 1
-128.000   38.000 -0.00169 3
-128.000   39.000  0.00129 20
-128.000   40.000  0.00045 47
-128.000   41.000 -0.00288 10
-128.000   42.000 -0.00097 18
-128.000   43.000 -0.00056 6
-128.000   44.000  0.00234 6
-128.000   45.000  0.01072 6
-128.000   46.000  0.01410 46
-128.000   47.000  0.01741 7
-128.000   48.000  0.01639 3
-128.000   49.000  0.01314 5
-128.000   50.000  0.00494 4
-127.000   25.000 -0.00519 4
-127.000   26.000 -0.00831 5
-127.000   27.000 -0.00938 6
-127.000   28.000 -0.01203 2
-127.000   29.000 -0.01334 8
-127.000   30.000 -0.00892 1
-127.000   31.000 -0.00539 0
-127.000   32.000 -0.00265 0
-127.000   33.000  0.00238 0
-127.000   34.000  0.00238 0
-127.000   35.000  0.00469 0
-127.000   36.000  0.00469 1
-127.000   37.000  0.00123 1
-127.000   38.000  0.00064 3
-127.000   39.000  0.00846 10
-127.000   40.000  0.00596 20
-127.000   41.000  0.00341 11
-127.000   42.000  0.00532 7
-127.000   43.000  0.00493 3
-127.000   44.000  0.00462 7
-127.000   45.000  0.01068 5
-127.000   46.000  0.01303 7
-127.000   47.000  0.01718 7
-127.000   48.000  0.01616 4
-127.000   49.000  0.01081 7
-127.000   50.000  0.00462 3
-126.000   25.000 -0.00820 0
-126.000   26.000 -0.00439 1
-126.000   27.000 -0.00455 4
-126.000   28.000 -0.00721 4
-126.000   29.000 -0.00728 1
-126.000   30.000 -0.00192 0
-126.000   31.000 -0.00106 0
-126.000   32.000  0.00218 2
-126.000   33.000  0.00947 2
-126.000   34.000  0.01022 0
-126.000   35.000  0.01456 0
-126.000   36.000  0.01430 0
-126.000   37.000  0.01403 3
-126.000   38.000  0.01348 3
-126.000   39.000  0.02049 1
-126.000   40.000  0.01858 1
-126.000   41.000  0.01556 10
-126.000   42.000  0.01329 2
-126.000   43.000  0.01060 2
-126.000   44.000  0.00715 4
-126.000   45.000  0.00987 4
-126.000   46.000  0.00407 7
-126.000   47.000  0.00621 6
-126.000   48.000  0.00471 6
-126.000   49.000  0.00050 8
-126.000   50.000 -0.00853 11
-125.000   25.000 -0.00336 0
-125.000   26.000 -0.00252 0
-125.000   27.000 -0.00306 2
-125.000   28.000 -0.00306 4
-125.000   29.000 -0.00306 2
-125.000   30.000 -0.00067 1
-125.000   31.000  0.00212 1
-125.000   32.000  0.00793 0
-125.000   33.000  0.01445 5
-125.000   34.000  0.01783 3
-125.000   35.000  0.02521 6
-125.000   36.000  0.02814 4
-125.000   37.000  0.02659 6
-125.000   38.000  0.02542 4
-125.000   39.000  0.02745 4
-125.000   40.000  0.02212 4
-125.000   41.000  0.01883 8
-125.000   42.000  0.01475 3
-125.000   43.000  0.00939 5
-125.000   44.000  0.00838 5
-125.000   45.000  0.01240 1
-125.000   46.000  0.00060 2
-125.000   47.000  0.00360 4
-125.000   48.000  0.00350 11
-125.000   49.000 -0.00112 9
-125.000   50.000 -0.01224 19
-124.000   25.000  0.00000 1
-124.000   26.000  0.00000 2
-124.000   27.000  0.00394 3
-124.000   28.000  0.00674 1
-124.000   29.000  0.00996 0
-124.000   30.000  0.01188 0
-124.000   31.000  0.01700 0
-124.000   32.000  0.01996 9
-124.000   33.000  0.02446 24
-124.000   34.000  0.02788 10
-124.000   35.000  0.03609 12
-124.000   36.000  0.04012 10
-124.000   37.000  0.03901 29
-124.000   38.000  0.03835 9
-124.000   39.000  0.03482 11
-124.000   40.000  0.02618 8
-124.000   41.000  0.01874 9
-124.000   42.000  0.01330 20
-124.000   43.000  0.00845 6
-124.000   44.000  0.01063 7
-124.000   45.000  0.01716 3
-124.000   46.000  0.00608 3
-124.000   47.000  0.00484 9
-124.000   48.000  0.00294 7
-124.000   49.000 -0.00294 25
-124.000   50.000 -0.01728 33
-123.000   25.000  0.00000 0
-123.000   26.000  0.00000 1
-123.000   27.000  0.00975 0
-123.000   28.000  0.01254 1
-123.000   29.000  0.01933 1
-123.000   30.000  0.02275 5
-123.000   31.000  0.03336 3
-123.000   32.000  0.03451 4
-123.000   33.000  0.03901 11
-123.000   34.000  0.04011 19
-123.000   35.000  0.04949 10
-123.000   36.000  0.05130 14
-123.000   37.000  0.04825 16
-123.000   38.000  0.04817 9
-123.000   39.000  0.04345 15
-123.000   40.000  0.03264 24
-123.000   41.000  0.01860 14
-123.000   42.000  0.01071 10
-123.000   43.000  0.00650 15
-123.000   44.000  0.00738 4
-123.000   45.000  0.01229 3
-123.000   46.000  0.00450 7
-123.000   47.000  0.00186 6
-123.000   48.000 -0.00114 7
-123.000   49.000 -0.00650 21
-123.000   50.000 -0.02015 4
-122.000   25.000  0.00000 0
-122.000   26.000  0.00000 0
-122.000   27.000  0.00975 0
-122.000   28.000  0.01254 5
-122.000   29.000  0.02267 9
-122.000   30.000  0.02882 6
-122.000   31.000  0.04418 11
-122.000   32.000  0.04749 16
-122.000   33.000  0.05026 11
-122.000   34.000  0.04919 8
-122.000   35.000  0.05689 12
-122.000   36.000  0.05396 12
-122.000   37.000  0.05091 11
-122.000   38.000  0.05204 10
-122.000   39.000  0.04431 11
-122.000   40.000  0.03353 9
-122.000   41.000  0.01945 10
-122.000   42.000  0.00961 13
-122.000   43.000  0.00591 17
-122.000   44.000  0.00863 11
-122.000   45.000  0.01245 14
-122.000   46.000  0.00704 8
-122.000   47.000  0.00336 6
-122.000   48.000 -0.00013 4
-122.000   49.000 -0.00522 8
-122.000   50.000 -0.01845 2
-121.000   25.000  0.00000 0
-121.000   26.000  0.00000 0
-121.000   27.000  0.00975 0
-121.000   28.000  0.01254 3
-121.000   29.000  0.02267 16
-121.000   30.000  0.03102 2
-121.000   31.000  0.04411 14
-121.000   32.000  0.04522 13
-121.000   33.000  0.04702 9
-121.000   34.000  0.04706 11
-121.000   35.000  0.05218 3
-121.000   36.000  0.05237 7
-121.000   37.000  0.04929 10
-121.000   38.000  0.04874 14
-121.000   39.000  0.03799 10
-121.000   40.000  0.02712 12
-121.000   41.000  0.01188 11
-121.000   42.000  0.00554 11
-121.000   43.000  0.00450 7
-121.000   44.000  0.00914 9
-121.000   45.000  0.01129 6
-121.000   46.000  0.01280 5
-121.000   47.000  0.00863 7
-121.000   48.000  0.00563 4
-121.000   49.000  0.00196 0
-121.000   50.000 -0.00530 3
-120.000   25.000  0.00000 0
-120.000   26.000  0.00000 1
-120.000   27.000  0.00975 1
-120.000   28.000  0.01254 1
-120.000   29.000  0.02392 4
-120.000   30.000  0.03226 3
-120.000   31.000  0.04742 10
-120.000   32.000  0.04829 11
-120.000   33.000  0.05000 8
-120.000   34.000  0.04985 9
-120.000   35.000  0.05394 7
-120.000   36.000  0.04865 13
-120.000   37.000  0.04455 22
-120.000   38.000  0.04221 15
-120.000   39.000  0.02931 17
-120.000   40.000  0.01824 14
-120.000   41.000  0.00528 12
-120.000   42.000  0.00148 16
-120.000   43.000  0.00232 15
-120.000   44.000  0.00519 12
-120.000   45.000  0.00756 5
-120.000   46.000  0.01274 3
-120.000   47.000  0.00847 5
-120.000   48.000  0.00547 7
-120.000   49.000  0.00535 4
-120.000   50.000  0.00089 5
-119.000   25.000  0.00000 1
-119.000   26.000  0.00000 0
-119.000   27.000  0.00581 1
-119.000   28.000  0.00581 2
-119.000   29.000  0.01395 3
-119.000   30.000  0.02075 4
-119.000   31.000  0.03358 5
-119.000   32.000  0.03923 6
-119.000   33.000  0.04438 2
-119.000   34.000  0.04575 5
-119.000   35.000  0.04995 12
-119.000   36.000  0.04511 13
-119.000   37.000  0.03794 16
-119.000   38.000  0.03390 12
-119.000   39.000  0.02543 19
-119.000   40.000  0.01626 18
-119.000   41.000  0.00710 10
-119.000   42.000  0.00667 28
-119.000   43.000  0.00609 19
-119.000   44.000  0.00505 17
-119.000   45.000  0.00661 4
-119.000   46.000  0.00969 1
-119.000   47.000  0.00732 4
-119.000   48.000  0.00679 2
-119.000   49.000  0.00849 4
-119.000   50.000  0.00565 3
-118.000   25.000  0.00000 3
-118.000   26.000  0.00000 1
-118.000   27.000  0.00000 4
-118.000   28.000 -0.00073 2
-118.000   29.000  0.00323 4
-118.000   30.000  0.00853 5
-118.000   31.000  0.01695 6
-118.000   32.000  0.02810 5
-118.000   33.000  0.03665 6
-118.000   34.000  0.04096 8
-118.000   35.000  0.04406 11
-118.000   36.000  0.04224 12
-118.000   37.000  0.03173 10
-118.000   38.000  0.02641 13
-118.000   39.000  0.01948 20
-118.000   40.000  0.01187 21
-118.000   41.000  0.00906 25
-118.000   42.000  0.01265 31
-118.000   43.000  0.00947 26
-118.000   44.000  0.00813 9
-118.000   45.000  0.00896 3
-118.000   46.000  0.00488 2
-118.000   47.000  0.00292 10
-118.000   48.000  0.00360 4
-118.000   49.000  0.00449 6
-118.000   50.000  0.00332 3
-117.000   25.000  0.00000 5
-117.000   26.000  0.00000 1
-117.000   27.000  0.00000 0
-117.000   28.000 -0.00073 2
-117.000   29.000 -0.00011 3
-117.000   30.000  0.00246 2
-117.000   31.000  0.00742 5
-117.000   32.000  0.01641 5
-117.000   33.000  0.02699 5
-117.000   34.000  0.03347 11
-117.000   35.000  0.03826 37
-117.000   36.000  0.03951 10
-117.000   37.000  0.02966 8
-117.000   38.000  0.02218 14
-117.000   39.000  0.01444 28
-117.000   40.000  0.00622 19
-117.000   41.000  0.00910 7
-117.000   42.000  0.01477 12
-117.000   43.000  0.01134 16
-117.000   44.000  0.01197 14
-117.000   45.000  0.01444 8
-117.000   46.000  0.00093 0
-117.000   47.000 -0.00114 21
-117.000   48.000 -0.00007 9
-117.000   49.000 -0.00009 3
-117.000   50.000 -0.00280 3
-116.000   25.000  0.00000 2
-116.000   26.000  0.00000 1
-116.000   27.000  0.00000 1
-116.000   28.000 -0.00073 3
-116.000   29.000 -0.00011 4
-116.000   30.000 -0.00011 6
-116.000   31.000  0.00485 9
-116.000   32.000  0.01844 4
-116.000   33.000  0.03071 8
-116.000   34.000  0.03744 20
-116.000   35.000  0.04238 17
-116.000   36.000  0.04082 4
-116.000   37.000  0.02636 11
-116.000   38.000  0.01887 18
-116.000   39.000  0.01331 30
-116.000   40.000  0.00993 7
-116.000   41.000  0.01469 11
-116.000   42.000  0.02088 18
-116.000   43.000  0.01343 13
-116.000   44.000  0.01163 3
-116.000   45.000  0.01168 2
-116.000   46.000  0.00035 0
-116.000   47.000 -0.00661 2
-116.000   48.000 -0.00321 8
-116.000   49.000 -0.00402 8
-116.000   50.000 -0.00803 1
-115.000   25.000  0.00000 3
-115.000   26.000  0.00000 3
-115.000   27.000  0.00000 1
-115.000   28.000 -0.00306 4
-115.000   29.000 -0.00368 4
-115.000   30.000 -0.00368 5
-115.000   31.000 -0.00131 4
-115.000   32.000  0.00957 1
-115.000   33.000  0.02238 6
-115.000   34.000  0.02747 3
-115.000   35.000  0.03174 7
-115.000   36.000  0.03269 4
-115.000   37.000  0.02087 6
-115.000   38.000  0.01585 20
-115.000   39.000  0.01403 21
-115.000   40.000  0.01215 11
-115.000   41.000  0.01618 9
-115.000   42.000  0.02116 15
-115.000   43.000  0.00826 10
-115.000   44.000  0.00561 10
-115.000   45.000  0.00178 6
-115.000   46.000 -0.01048 3
-115.000   47.000 -0.01766 4
-115.000   48.000 -0.00948 8
-115.000   49.000 -0.01185 7
-115.000   50.000 -0.01340 4
-114.000   25.000  0.00000 3
-114.000   26.000 -0.00648 3
-114.000   27.000 -0.00518 4
-114.000   28.000 -0.00824 2
-114.000   29.000 -0.00887 4
-114.000   30.000 -0.00887 3
-114.000   31.000  0.00246 1
-114.000   32.000  0.01000 2
-114.000   33.000  0.02722 5
-114.000   34.000  0.03406 8
-114.000   35.000  0.03961 6
-114.000   36.000  0.03366 6
-114.000   37.000  0.02490 6
-114.000   38.000  0.01276 8
-114.000   39.000  0.00905 11
-114.000   40.000  0.00688 9
-114.000   41.000  0.01284 10
-114.000   42.000  0.01646 9
-114.000   43.000  0.01162 14
-114.000   44.000  0.00756 7
-114.000   45.000 -0.00176 8
-114.000   46.000 -0.01754 4
-114.000   47.000 -0.02312 3
-114.000   48.000 -0.02030 10
-114.000   49.000 -0.02343 7
-114.000   50.000 -0.02134 2
-113.000   25.000 -0.00178 1
-113.000   26.000 -0.00930 0
-113.000   27.000 -0.00744 2
-113.000   28.000 -0.00977 4
-113.000   29.000 -0.00977 3
-113.000   30.000 -0.00770 6
-113.000   31.000  0.00374 0
-113.000   32.000  0.00758 0
-113.000   33.000  0.02140 2
-113.000   34.000  0.02752 9
-113.000   35.000  0.03230 4
-113.000   36.000  0.02258 7
-113.000   37.000  0.02151 7
-113.000   38.000  0.00930 25
-113.000   39.000  0.00559 16
-113.000   40.000  0.00365 17
-113.000   41.000  0.01397 10
-113.000   42.000  0.01434 4
-113.000   43.000  0.01273 11
-113.000   44.000  0.00690 4
-113.000   45.000 -0.00586 9
-113.000   46.000 -0.01897 3
-113.000   47.000 -0.02606 7
-113.000   48.000 -0.02373 9
-113.000   49.000 -0.02541 4
-113.000   50.000 -0.01900 2
-112.000   25.000 -0.01280 0
-112.000   26.000 -0.01592 1
-112.000   27.000 -0.01291 0
-112.000   28.000 -0.01270 7
-112.000   29.000 -0.01193 4
-112.000   30.000 -0.00812 3
-112.000   31.000  0.00287 3
-112.000   32.000  0.00688 3
-112.000   33.000  0.02079 7
-112.000   34.000  0.02733 6
-112.000   35.000  0.03078 6
-112.000   36.000  0.02044 7
-112.000   37.000  0.01695 18
-112.000   38.000  0.00508 26
-112.000   39.000  0.00180 13
-112.000   40.000  0.00329 11
-112.000   41.000  0.00812 6
-112.000   42.000  0.01116 8
-112.000   43.000  0.01193 2
-112.000   44.000  0.00591 8
-112.000   45.000 -0.00845 7
-112.000   46.000 -0.01245 6
-112.000   47.000 -0.02028 8
-112.000   48.000 -0.02076 8
-112.000   49.000 -0.02248 10
-112.000   50.000 -0.01335 3
-111.000   25.000 -0.01771 4
-111.000   26.000 -0.02090 0
-111.000   27.000 -0.01690 6
-111.000   28.000 -0.01397 8
-111.000   29.000 -0.01198 4
-111.000   30.000 -0.00817 1
-111.000   31.000  0.00386 1
-111.000   32.000  0.00396 6
-111.000   33.000  0.01435 3
-111.000   34.000  0.01848 4
-111.000   35.000  0.02177 3
-111.000   36.000  0.01318 7
-111.000   37.000  0.01512 19
-111.000   38.000  0.00700 15
-111.000   39.000  0.00585 12
-111.000   40.000  0.00306 11
-111.000   41.000  0.00628 11
-111.000   42.000  0.00768 8
-111.000   43.000  0.00929 7
-111.000   44.000  0.00418 11
-111.000   45.000 -0.00778 8
-111.000   46.000 -0.01218 9
-111.000   47.000 -0.01547 7
-111.000   48.000 -0.01780 4
-111.000   49.000 -0.02017 5
-111.000   50.000 -0.00688 1
-110.000   25.000 -0.02317 18
-110.000   26.000 -0.02500 10
-110.000   27.000 -0.02179 8
-110.000   28.000 -0.01403 12
-110.000   29.000 -0.00873 13
-110.000   30.000 -0.00492 0
-110.000   31.000  0.01145 5
-110.000   32.000  0.01630 7
-110.000   33.000  0.02616 6
-110.000   34.000  0.02812 4
-110.000   35.000  0.02712 6
-110.000   36.000  0.01435 11
-110.000   37.000  0.01531 10
-110.000   38.000  0.00602 15
-110.000   39.000  0.00285 7
-110.000   40.000  0.00637 6
-110.000   41.000  0.01002 10
-110.000   42.000  0.00967 5
-110.000   43.000  0.01696 4
-110.000   44.000  0.01327 6
-110.000   45.000 -0.00004 6
-110.000   46.000 -0.00330 6
-110.000   47.000 -0.00646 6
-110.000   48.000 -0.01558 8
-110.000   49.000 -0.01670 5
-110.000   50.000 -0.00336 3
-109.000   25.000 -0.02522 21
-109.000   26.000 -0.02006 12
-109.000   27.000 -0.01884 4
-109.000   28.000 -0.00950 6
-109.000   29.000 -0.00391 5
-109.000   30.000  0.00015 7
-109.000   31.000  0.00756 9
-109.000   32.000  0.01743 4
-109.000   33.000  0.02538 3
-109.000   34.000  0.02478 6
-109.000   35.000  0.02284 5
-109.000   36.000  0.01190 10
-109.000   37.000  0.01070 8
-109.000   38.000  0.00578 11
-109.000   39.000  0.00204 9
-109.000   40.000  0.00450 11
-109.000   41.000  0.01019 8
-109.000   42.000  0.01114 6
-109.000   43.000  0.01356 1
-109.000   44.000  0.01355 6
-109.000   45.000  0.00397 7
-109.000   46.000  0.00378 8
-109.000   47.000 -0.00248 6
-109.000   48.000 -0.00809 7
-109.000   49.000 -0.01021 3
-109.000   50.000  0.00199 9
-108.000   25.000 -0.02174 8
-108.000   26.000 -0.01709 9
-108.000   27.000 -0.01647 5
-108.000   28.000 -0.00715 1
-108.000   29.000  0.00099 8
-108.000   30.000  0.00427 8
-108.000   31.000  0.01140 7
-108.000   32.000  0.02126 5
-108.000   33.000  0.03038 8
-108.000   34.000  0.02813 18
-108.000   35.000  0.02494 12
-108.000   36.000  0.01957 9
-108.000   37.000  0.01638 11
-108.000   38.000  0.01082 15
-108.000   39.000  0.00607 8
-108.000   40.000  0.00857 6
-108.000   41.000  0.01147 7
-108.000   42.000  0.01447 6
-108.000   43.000  0.01621 5
-108.000   44.000  0.01829 8
-108.000   45.000  0.01159 12
-108.000   46.000  0.00862 10
-108.000   47.000  0.00231 6
-108.000   48.000 -0.00314 5
-108.000   49.000 -0.00648 9
-108.000   50.000  0.00199 6
-107.000   25.000 -0.01662 6
-107.000   26.000 -0.01469 11
-107.000   27.000 -0.01464 2
-107.000   28.000 -0.00786 2
-107.000   29.000  0.00048 6
-107.000   30.000  0.00564 6
-107.000   31.000  0.01115 9
-107.000   32.000  0.02099 6
-107.000   33.000  0.02762 4
-107.000   34.000  0.02404 11
-107.000   35.000  0.01789 19
-107.000   36.000  0.01433 12
-107.000   37.000  0.01246 12
-107.000   38.000  0.01205 7
-107.000   39.000  0.00752 9
-107.000   40.000  0.01560 11
-107.000   41.000  0.01980 7
-107.000   42.000  0.02056 4
-107.000   43.000  0.01797 7
-107.000   44.000  0.02074 7
-107.000   45.000  0.01085 11
-107.000   46.000  0.00572 12
-107.000   47.000  0.00044 6
-107.000   48.000 -0.00333 7
-107.000   49.000 -0.00743 4
-107.000   50.000 -0.00103 3
-106.000   25.000 -0.01171 5
-106.000   26.000 -0.00971 4
-106.000   27.000 -0.00941 7
-106.000   28.000 -0.00535 7
-106.000   29.000  0.00316 2
-106.000   30.000  0.00664 7
-106.000   31.000  0.00943 9
-106.000   32.000  0.01834 9
-106.000   33.000  0.02506 4
-106.000   34.000  0.02038 1
-106.000   35.000  0.01649 8
-106.000   36.000  0.01457 14
-106.000   37.000  0.01087 8
-106.000   38.000  0.01174 19
-106.000   39.000  0.00575 12
-106.000   40.000  0.01823 6
-106.000   41.000  0.02248 3
-106.000   42.000  0.02533 2
-106.000   43.000  0.02504 7
-106.000   44.000  0.03226 7
-106.000   45.000  0.02166 8
-106.000   46.000  0.01555 10
-106.000   47.000  0.00970 3
-106.000   48.000  0.00303 5
-106.000   49.000 -0.00300 4
-106.000   50.000 -0.00226 4
-105.000   25.000 -0.00624 3
-105.000   26.000 -0.00561 1
-105.000   27.000 -0.00303 8
-105.000   28.000 -0.00095 6
-105.000   29.000  0.00424 6
-105.000   30.000  0.00512 4
-105.000   31.000  0.00365 10
-105.000   32.000  0.00403 7
-105.000   33.000  0.00459 13
-105.000   34.000 -0.00066 12
-105.000   35.000  0.00203 11
-105.000   36.000  0.00663 9
-105.000   37.000  0.00988 8
-105.000   38.000  0.01590 17
-105.000   39.000  0.01544 10
-105.000   40.000  0.02738 6
-105.000   41.000  0.03663 3
-105.000   42.000  0.04231 7
-105.000   43.000  0.04100 8
-105.000   44.000  0.04602 4
-105.000   45.000  0.03268 9
-105.000   46.000  0.01931 7
-105.000   47.000  0.00855 5
-105.000   48.000  0.00389 1
-105.000   49.000 -0.00262 2
-105.000   50.000 -0.00290 5
-104.000   25.000 -0.00420 2
-104.000   26.000 -0.00408 1
-104.000   27.000 -0.00079 4
-104.000   28.000 -0.00030 4
-104.000   29.000  0.00460 6
-104.000   30.000  0.00526 5
-104.000   31.000  0.00581 7
-104.000   32.000 -0.00068 7
-104.000   33.000 -0.00558 13
-104.000   34.000 -0.01111 7
-104.000   35.000 -0.00832 9
-104.000   36.000 -0.00327 5
-104.000   37.000  0.00468 5
-104.000   38.000  0.01453 6
-104.000   39.000  0.01637 5
-104.000   40.000  0.03166 8
-104.000   41.000  0.04208 4
-104.000   42.000  0.04617 6
-104.000   43.000  0.04680 4
-104.000   44.000  0.05083 10
-104.000   45.000  0.03686 6
-104.000   46.000  0.02157 6
-104.000   47.000  0.01356 8
-104.000   48.000  0.00749 3
-104.000   49.000  0.00281 2
-104.000   50.000  0.00000 2
-103.000   25.000 -0.00589 3
-103.000   26.000 -0.00422 1
-103.000   27.000 -0.00091 5
-103.000   28.000  0.00218 2
-103.000   29.000  0.00686 6
-103.000   30.000  0.01131 7
-103.000   31.000  0.01230 4
-103.000   32.000  0.00520 12
-103.000   33.000 -0.00409 13
-103.000   34.000 -0.00976 17
-103.000   35.000 -0.00790 10
-103.000   36.000 -0.00294 11
-103.000   37.000  0.00520 11
-103.000   38.000  0.01832 8
-103.000   39.000  0.02052 7
-103.000   40.000  0.03153 8
-103.000   41.000  0.03451 7
-103.000   42.000  0.03609 9
-103.000   43.000  0.03483 6
-103.000   44.000  0.04138 6
-103.000   45.000  0.02985 4
-103.000   46.000  0.02076 5
-103.000   47.000  0.01567 1
-103.000   48.000  0.01002 5
-103.000   49.000  0.00281 1
-103.000   50.000  0.00000 2
-102.000   25.000 -0.00105 1
-102.000   26.000 -0.00079 0
-102.000   27.000  0.00210 3
-102.000   28.000  0.00582 1
-102.000   29.000  0.00953 4
-102.000   30.000  0.01259 5
-102.000   31.000  0.01398 5
-102.000   32.000  0.00723 7
-102.000   33.000 -0.00263 16
-102.000   34.000 -0.00662 17
-102.000   35.000 -0.00568 9
-102.000   36.000  0.00016 8
-102.000   37.000  0.00799 7
-102.000   38.000  0.02305 6
-102.000   39.000  0.02453 13
-102.000   40.000  0.03006 5
-102.000   41.000  0.03190 4
-102.000   42.000  0.03318 11
-102.000   43.000  0.03219 11
-102.000   44.000  0.03794 5
-102.000   45.000  0.03066 10
-102.000   46.000  0.02160 5
-102.000   47.000  0.01651 1
-102.000   48.000  0.00921 1
-102.000   49.000  0.00281 1
-102.000   50.000  0.00000 1
-101.000   25.000 -0.00105 1
-101.000   26.000 -0.00079 0
-101.000   27.000  0.00086 1
-101.000   28.000  0.00794 1
-101.000   29.000  0.00936 4
-101.000   30.000  0.01506 7
-101.000   31.000  0.01678 9
-101.000   32.000  0.01028 8
-101.000   33.000 -0.00431 21
-101.000   34.000 -0.00672 14
-101.000   35.000 -0.00842 9
-101.000   36.000 -0.00257 10
-101.000   37.000  0.00624 11
-101.000   38.000  0.02064 6
-101.000   39.000  0.02509 3
-101.000   40.000  0.02734 6
-101.000   41.000  0.02884 4
-101.000   42.000  0.02768 10
-101.000   43.000  0.02631 6
-101.000   44.000  0.02742 9
-101.000   45.000  0.02200 6
-101.000   46.000  0.01294 8
-101.000   47.000  0.01030 0
-101.000   48.000  0.00541 1
-101.000   49.000  0.00103 0
-101.000   50.000  0.00000 2
-100.000   25.000 -0.00105 8
-100.000   26.000 -0.00079 0
-100.000   27.000 -0.00063 4
-100.000   28.000  0.00714 1
-100.000   29.000  0.00624 0
-100.000   30.000  0.01454 4
-100.000   31.000  0.01618 4
-100.000   32.000  0.00971 12
-100.000   33.000 -0.00382 6
-100.000   34.000 -0.00265 8
-100.000   35.000 -0.00933 7
-100.000   36.000 -0.00605 11
-100.000   37.000  0.00057 7
-100.000   38.000  0.01199 5
-100.000   39.000  0.01398 9
-100.000   40.000  0.01372 9
-100.000   41.000  0.01060 5
-100.000   42.000  0.00832 5
-100.000   43.000  0.00818 8
-100.000   44.000  0.00985 4
-100.000   45.000  0.00931 6
-100.000   46.000  0.00751 6
-100.000   47.000  0.00964 2
-100.000   48.000  0.00475 0
-100.000   49.000  0.00103 1
-100.000   50.000  0.00000 3
 -99.000   25.000 -0.00105 1
 -99.000   26.000 -0.00079 3
 -99.000   27.000 -0.00063 3
 -99.000   28.000  0.00714 1
 -99.000   29.000  0.00624 4
 -99.000   30.000  0.01452 6
 -99.000   31.000  0.01413 8
 -99.000   32.000  0.00990 7
 -99.000   33.000 -0.00232 8
 -99.000   34.000 -0.00380 2
 -99.000   35.000 -0.00903 6
 -99.000   36.000 -0.00386 10
 -99.000   37.000  0.00013 5
 -99.000   38.000  0.01345 8
 -99.000   39.000  0.01712 5
 -99.000   40.000  0.01269 2
 -99.000   41.000  0.00536 8
 -99.000   42.000  0.00348 3
 -99.000   43.000 -0.00246 3
 -99.000   44.000 -0.00179 1
 -99.000   45.000  0.00041 4
 -99.000   46.000  0.00296 11
 -99.000   47.000  0.00509 7
 -99.000   48.000  0.00278 0
 -99.000   49.000  0.00103 0
 -99.000   50.000  0.00000 4
 -98.000   25.000 -0.00105 5
 -98.000   26.000 -0.00079 3
 -98.000   27.000  0.00149 2
 -98.000   28.000  0.00669 2
 -98.000   29.000  0.00347 3
 -98.000   30.000  0.00809 11
 -98.000   31.000  0.00637 7
 -98.000   32.000  0.00062 5
 -98.000   33.000 -0.00837 2
 -98.000   34.000 -0.00841 7
 -98.000   35.000 -0.01126 13
 -98.000   36.000 -0.01209 13
 -98.000   37.000 -0.00871 8
 -98.000   38.000  0.00260 4
 -98.000   39.000  0.00716 2
 -98.000   40.000  0.00644 5
 -98.000   41.000  0.00870 2
 -98.000   42.000  0.00895 6
 -98.000   43.000  0.00089 4
 -98.000   44.000 -0.00109 2
 -98.000   45.000 -0.00132 1
 -98.000   46.000 -0.00103 10
 -98.000   47.000 -0.00103 5
 -98.000   48.000  0.00013 1
 -98.000   49.000  0.00103 3
 -98.000   50.000  0.00000 1
 -97.000   25.000 -0.00525 1
 -97.000   26.000 -0.00394 1
 -97.000   27.000 -0.00103 0
 -97.000   28.000  0.00475 5
 -97.000   29.000  0.00347 3
 -97.000   30.000  0.00586 4
 -97.000   31.000  0.00451 2
 -97.000   32.000  0.00266 1
 -97.000   33.000 -0.00486 0
 -97.000   34.000 -0.00560 2
 -97.000   35.000 -0.00484 6
 -97.000   36.000 -0.00664 8
 -97.000   37.000 -0.00705 7
 -97.000   38.000  0.00211 6
 -97.000   39.000  0.00737 2
 -97.000   40.000  0.00428 9
 -97.000   41.000  0.00539 6
 -97.000   42.000  0.00534 8
 -97.000   43.000 -0.00445 6
 -97.000   44.000 -0.00681 4
 -97.000   45.000 -0.00606 3
 -97.000   46.000 -0.00520 6
 -97.000   47.000 -0.00502 1
 -97.000   48.000 -0.00145 3
 -97.000   49.000 -0.00046 2
 -97.000   50.000 -0.00199 2
 -96.000   25.000 -0.00856 4
 -96.000   26.000 -0.00642 0
 -96.000   27.000 -0.00302 2
 -96.000   28.000 -0.00019 3
 -96.000   29.000  0.00100 7
 -96.000   30.000  0.00244 3
 -96.000   31.000  0.00143 3
 -96.000   32.000 -0.00042 7
 -96.000   33.000 -0.00086 2
 -96.000   34.000 -0.00324 2
 -96.000   35.000  0.00004 4
 -96.000   36.000 -0.00345 13
 -96.000   37.000 -0.00382 17
 -96.000   38.000  0.00237 6
 -96.000   39.000  0.00610 5
 -96.000   40.000  0.00117 7
 -96.000   41.000  0.00362 1
 -96.000   42.000  0.00079 3
 -96.000   43.000 -0.00974 3
 -96.000   44.000 -0.01139 5
 -96.000   45.000 -0.01663 6
 -96.000   46.000 -0.01577 2
 -96.000   47.000 -0.01284 3
 -96.000   48.000 -0.00927 2
 -96.000   49.000 -0.00830 2
 -96.000   50.000 -0.00199 4
 -95.000   25.000 -0.01353 9
 -95.000   26.000 -0.01014 8
 -95.000   27.000 -0.00599 1
 -95.000   28.000 -0.00140 2
 -95.000   29.000  0.00071 5
 -95.000   30.000  0.00227 1
 -95.000   31.000  0.00126 5
 -95.000   32.000  0.00352 3
 -95.000   33.000  0.00366 5
 -95.000   34.000 -0.00006 7
 -95.000   35.000  0.00434 20
 -95.000   36.000  0.00170 13
 -95.000   37.000 -0.00158 27
 -95.000   38.000  0.00743 12
 -95.000   39.000  0.01368 11
 -95.000   40.000  0.00650 11
 -95.000   41.000  0.00628 3
 -95.000   42.000  0.00225 7
 -95.000   43.000 -0.01047 7
 -95.000   44.000 -0.01357 7
 -95.000   45.000 -0.01779 4
 -95.000   46.000 -0.01511 4
 -95.000   47.000 -0.01219 2
 -95.000   48.000 -0.00905 7
 -95.000   49.000 -0.00884 2
 -95.000   50.000 -0.00271 3
 -94.000   25.000 -0.01295 8
 -94.000   26.000 -0.00971 8
 -94.000   27.000 -0.00565 4
 -94.000   28.000 -0.00140 2
 -94.000   29.000  0.00071 3
 -94.000   30.000  0.00227 2
 -94.000   31.000  0.00025 5
 -94.000   32.000  0.00633 3
 -94.000   33.000  0.00730 7
 -94.000   34.000  0.00581 4
 -94.000   35.000  0.00650 12
 -94.000   36.000  0.00690 15
 -94.000   37.000 -0.00045 14
 -94.000   38.000  0.00396 20
 -94.000   39.000  0.01142 18
 -94.000   40.000  0.00710 9
 -94.000   41.000  0.00420 2
 -94.000   42.000  0.00142 8
 -94.000   43.000 -0.00595 5
 -94.000   44.000 -0.01122 6
 -94.000   45.000 -0.01460 5
 -94.000   46.000 -0.01128 2
 -94.000   47.000 -0.00935 8
 -94.000   48.000 -0.00779 5
 -94.000   49.000 -0.00884 5
 -94.000   50.000 -0.00271 3
 -93.000   25.000 -0.02153 8
 -93.000   26.000 -0.01614 4
 -93.000   27.000 -0.01292 1
 -93.000   28.000 -0.00579 4
 -93.000   29.000 -0.00007 0
 -93.000   30.000  0.00006 4
 -93.000   31.000 -0.00196 7
 -93.000   32.000  0.00922 8
 -93.000   33.000  0.01025 3
 -93.000   34.000  0.00730 5
 -93.000   35.000  0.00801 9
 -93.000   36.000  0.01368 26
 -93.000   37.000  0.00415 12
 -93.000   38.000  0.00911 18
 -93.000   39.000  0.01749 9
 -93.000   40.000  0.01565 7
 -93.000   41.000  0.00683 6
 -93.000   42.000  0.00322 10
 -93.000   43.000 -0.00429 16
 -93.000   44.000 -0.01038 3
 -93.000   45.000 -0.01482 4
 -93.000   46.000 -0.01084 4
 -93.000   47.000 -0.00888 3
 -93.000   48.000 -0.00779 2
 -93.000   49.000 -0.00884 3
 -93.000   50.000 -0.00271 8
 -92.000   25.000 -0.01628 16
 -92.000   26.000 -0.01221 5
 -92.000   27.000 -0.01117 2
 -92.000   28.000 -0.00333 4
 -92.000   29.000  0.00331 5
 -92.000   30.000  0.00524 5
 -92.000   31.000  0.00312 2
 -92.000   32.000  0.01137 4
 -92.000   33.000  0.00951 6
 -92.000   34.000  0.00439 8
 -92.000   35.000  0.00366 14
 -92.000   36.000  0.01003 17
 -92.000   37.000  0.00721 9
 -92.000   38.000  0.01149 10
 -92.000   39.000  0.02008 15
 -92.000   40.000  0.01859 7
 -92.000   41.000  0.01294 15
 -92.000   42.000  0.00714 15
 -92.000   43.000  0.00129 13
 -92.000   44.000 -0.00569 6
 -92.000   45.000 -0.01086 8
 -92.000   46.000 -0.00946 7
 -92.000   47.000 -0.00768 5
 -92.000   48.000 -0.00660 5
 -92.000   49.000 -0.00735 3
 -92.000   50.000 -0.00072 1
 -91.000   25.000 -0.01611 11
 -91.000   26.000 -0.01149 7
 -91.000   27.000 -0.01060 2
 -91.000   28.000 -0.00127 4
 -91.000   29.000  0.00501 4
 -91.000   30.000  0.00694 5
 -91.000   31.000  0.00216 13
 -91.000   32.000  0.00902 4
 -91.000   33.000  0.00585 5
 -91.000   34.000 -0.00062 6
 -91.000   35.000 -0.00080 7
 -91.000   36.000  0.00907 10
 -91.000   37.000  0.00842 15
 -91.000   38.000  0.01450 13
 -91.000   39.000  0.02111 17
 -91.000   40.000  0.02073 14
 -91.000   41.000  0.01912 13
 -91.000   42.000  0.01528 13
 -91.000   43.000  0.00823 7
 -91.000   44.000  0.00456 6
 -91.000   45.000  0.00317 6
 -91.000   46.000 -0.00077 3
 -91.000   47.000 -0.00173 2
 -91.000   48.000  0.00004 3
 -91.000   49.000 -0.00054 1
 -91.000   50.000 -0.00072 2
 -90.000   25.000 -0.01331 4
 -90.000   26.000 -0.00248 3
 -90.000   27.000 -0.00126 5
 -90.000   28.000  0.00509 3
 -90.000   29.000  0.01493 7
 -90.000   30.000  0.01129 10
 -90.000   31.000 -0.00125 7
 -90.000   32.000  0.00294 8
 -90.000   33.000  0.00153 13
 -90.000   34.000 -0.00715 12
 -90.000   35.000  0.00049 17
 -90.000   36.000  0.01264 11
 -90.000   37.000  0.01053 8
 -90.000   38.000  0.01312 4
 -90.000   39.000  0.01614 6
 -90.000   40.000  0.01755 11
 -90.000   41.000  0.01769 14
 -90.000   42.000  0.01493 21
 -90.000   43.000  0.00986 6
 -90.000   44.000  0.01031 4
 -90.000   45.000  0.00618 5
 -90.000   46.000  0.00042 3
 -90.000   47.000  0.00038 4
 -90.000   48.000  0.00236 5
 -90.000   49.000  0.00000 3
 -90.000   50.000  0.00000 1
 -89.000   25.000 -0.01389 7
 -89.000   26.000 -0.00291 5
 -89.000   27.000 -0.00160 4
 -89.000   28.000  0.00760 12
 -89.000   29.000  0.01867 2
 -89.000   30.000  0.01504 4
 -89.000   31.000  0.00374 7
 -89.000   32.000  0.00375 3
 -89.000   33.000 -0.00112 18
 -89.000   34.000 -0.01323 10
 -89.000   35.000 -0.00575 6
 -89.000   36.000  0.00637 7
 -89.000   37.000  0.00980 8
 -89.000   38.000  0.01492 7
 -89.000   39.000  0.02107 10
 -89.000   40.000  0.02451 15
 -89.000   41.000  0.02513 21
 -89.000   42.000  0.02001 14
 -89.000   43.000  0.01176 6
 -89.000   44.000  0.00928 3
 -89.000   45.000  0.00329 7
 -89.000   46.000 -0.00415 9
 -89.000   47.000 -0.00320 3
 -89.000   48.000  0.00036 3
 -89.000   49.000  0.00000 5
 -89.000   50.000  0.00000 2
 -88.000   25.000 -0.01581 2
 -88.000   26.000 -0.00797 3
 -88.000   27.000 -0.00565 7
 -88.000   28.000  0.00286 6
 -88.000   29.000  0.01429 6
 -88.000   30.000  0.01210 5
 -88.000   31.000  0.00283 6
 -88.000   32.000 -0.00151 6
 -88.000   33.000 -0.00920 9
 -88.000   34.000 -0.01989 6
 -88.000   35.000 -0.01137 23
 -88.000   36.000 -0.00062 44
 -88.000   37.000  0.00684 47
 -88.000   38.000  0.01559 19
 -88.000   39.000  0.02278 15
 -88.000   40.000  0.02754 22
 -88.000   41.000  0.03263 18
 -88.000   42.000  0.02969 9
 -88.000   43.000  0.02154 4
 -88.000   44.000  0.01474 9
 -88.000   45.000  0.00766 7
 -88.000   46.000 -0.00202 10
 -88.000   47.000 -0.00292 2
 -88.000   48.000 -0.00246 1
 -88.000   49.000  0.00000 5
 -88.000   50.000  0.00000 0
 -87.000   25.000 -0.01640 2
 -87.000   26.000 -0.00841 2
 -87.000   27.000 -0.00460 3
 -87.000   28.000  0.00184 1
 -87.000   29.000  0.01263 4
 -87.000   30.000  0.00784 7
 -87.000   31.000 -0.00138 7
 -87.000   32.000 -0.00761 5
 -87.000   33.000 -0.01484 10
 -87.000   34.000 -0.02399 9
 -87.000   35.000 -0.01481 7
 -87.000   36.000 -0.00470 15
 -87.000   37.000  0.00101 12
 -87.000   38.000  0.01115 6
 -87.000   39.000  0.01903 13
 -87.000   40.000  0.02567 8
 -87.000   41.000  0.02970 9
 -87.000   42.000  0.02879 10
 -87.000   43.000  0.02072 9
 -87.000   44.000  0.01327 5
 -87.000   45.000  0.00582 4
 -87.000   46.000 -0.00221 7
 -87.000   47.000 -0.00290 5
 -87.000   48.000 -0.00245 5
 -87.000   49.000  0.00047 2
 -87.000   50.000  0.00000 1
 -86.000   25.000 -0.00948 1
 -86.000   26.000 -0.00382 7
 -86.000   27.000 -0.00093 9
 -86.000   28.000  0.00450 8
 -86.000   29.000  0.01280 3
 -86.000   30.000  0.00918 6
 -86.000   31.000  0.00006 7
 -86.000   32.000 -0.00460 10
 -86.000   33.000 -0.01556 9
 -86.000   34.000 -0.02417 13
 -86.000   35.000 -0.01827 15
 -86.000   36.000 -0.00902 15
 -86.000   37.000 -0.00720 10
 -86.000   38.000  0.00649 7
 -86.000   39.000  0.01572 10
 -86.000   40.000  0.02527 7
 -86.000   41.000  0.02422 15
 -86.000   42.000  0.02588 21
 -86.000   43.000  0.01837 17
 -86.000   44.000  0.00679 8
 -86.000   45.000 -0.00018 5
 -86.000   46.000 -0.00260 6
 -86.000   47.000 -0.00355 4
 -86.000   48.000 -0.00436 2
 -86.000   49.000 -0.00042 3
 -86.000   50.000 -0.00119 1
 -85.000   25.000 -0.01162 10
 -85.000   26.000 -0.01233 10
 -85.000   27.000 -0.01080 10
 -85.000   28.000 -0.00538 3
 -85.000   29.000  0.00079 3
 -85.000   30.000  0.00610 3
 -85.000   31.000  0.00192 6
 -85.000   32.000  0.00088 3
 -85.000   33.000 -0.00910 11
 -85.000   34.000 -0.01579 18
 -85.000   35.000 -0.01584 12
 -85.000   36.000 -0.00514 9
 -85.000   37.000 -0.00308 9
 -85.000   38.000  0.01196 10
 -85.000   39.000  0.02380 3
 -85.000   40.000  0.02858 13
 -85.000   41.000  0.02656 12
 -85.000   42.000  0.02970 24
 -85.000   43.000  0.02056 9
 -85.000   44.000  0.00545 9
 -85.000   45.000  0.00056 4
 -85.000   46.000 -0.00175 10
 -85.000   47.000 -0.00404 9
 -85.000   48.000 -0.00555 3
 -85.000   49.000 -0.00050 4
 -85.000   50.000  0.00036 1
 -84.000   25.000 -0.01220 1
 -84.000   26.000 -0.01634 9
 -84.000   27.000 -0.01401 8
 -84.000   28.000 -0.01256 3
 -84.000   29.000 -0.00727 2
 -84.000   30.000  0.00265 11
 -84.000   31.000  0.00102 8
 -84.000   32.000 -0.00215 7
 -84.000   33.000 -0.01157 22
 -84.000   34.000 -0.01527 11
 -84.000   35.000 -0.01886 11
 -84.000   36.000 -0.00839 4
 -84.000   37.000 -0.00295 8
 -84.000   38.000  0.01566 8
 -84.000   39.000  0.02386 11
 -84.000   40.000  0.02670 13
 -84.000   41.000  0.02529 13
 -84.000   42.000  0.02810 16
 -84.000   43.000  0.02026 15
 -84.000   44.000  0.00926 20
 -84.000   45.000  0.00523 7
 -84.000   46.000  0.00285 3
 -84.000   47.000 -0.00036 5
 -84.000   48.000 -0.00332 9
 -84.000   49.000 -0.00050 1
 -84.000   50.000  0.00036 0
 -83.000   25.000 -0.00169 1
 -83.000   26.000 -0.00485 4
 -83.000   27.000 -0.00482 6
 -83.000   28.000 -0.00555 5
 -83.000   29.000 -0.01547 7
 -83.000   30.000 -0.00698 0
 -83.000   31.000 -0.01052 1
 -83.000   32.000 -0.01164 10
 -83.000   33.000 -0.01831 20
 -83.000   34.000 -0.00883 3
 -83.000   35.000 -0.01193 3
 -83.000   36.000 -0.00201 5
 -83.000   37.000  0.00115 6
 -83.000   38.000  0.01681 8
 -83.000   39.000  0.02151 10
 -83.000   40.000  0.02237 19
 -83.000   41.000  0.02024 12
 -83.000   42.000  0.02147 9
 -83.000   43.000  0.01625 22
 -83.000   44.000  0.01103 13
 -83.000   45.000  0.00898 10
 -83.000   46.000  0.00709 9
 -83.000   47.000  0.00570 7
 -83.000   48.000  0.00250 4
 -83.000   49.000  0.00196 6
 -83.000   50.000  0.00074 2
 -82.000   25.000  0.00407 5
 -82.000   26.000 -0.00519 6
 -82.000   27.000 -0.00509 4
 -82.000   28.000 -0.00567 9
 -82.000   29.000 -0.01781 1
 -82.000   30.000 -0.01163 8
 -82.000   31.000 -0.01140 2
 -82.000   32.000 -0.01207 9
 -82.000   33.000 -0.01516 13
 -82.000   34.000 -0.00512 9
 -82.000   35.000 -0.00645 7
 -82.000   36.000  0.00845 6
 -82.000   37.000  0.01116 0
 -82.000   38.000  0.02271 8
 -82.000   39.000  0.02813 8
 -82.000   40.000  0.02673 7
 -82.000   41.000  0.01892 7
 -82.000   42.000  0.02034 10
 -82.000   43.000  0.01572 26
 -82.000   44.000  0.01186 10
 -82.000   45.000  0.00958 11
 -82.000   46.000  0.00836 7
 -82.000   47.000  0.00882 4
 -82.000   48.000  0.00556 4
 -82.000   49.000  0.00362 4
 -82.000   50.000  0.00415 5
 -81.000   25.000  0.00374 1
 -81.000   26.000 -0.00544 0
 -81.000   27.000 -0.00821 2
 -81.000   28.000 -0.00967 5
 -81.000   29.000 -0.02055 5
 -81.000   30.000 -0.01761 2
 -81.000   31.000 -0.01377 11
 -81.000   32.000 -0.01112 3
 -81.000   33.000 -0.00750 8
 -81.000   34.000  0.00611 7
 -81.000   35.000  0.00594 2
 -81.000   36.000  0.01644 10
 -81.000   37.000  0.02392 9
 -81.000   38.000  0.02769 4
 -81.000   39.000  0.03101 9
 -81.000   40.000  0.02743 12
 -81.000   41.000  0.02112 9
 -81.000   42.000  0.01657 10
 -81.000   43.000  0.01520 17
 -81.000   44.000  0.01372 5
 -81.000   45.000  0.01538 10
 -81.000   46.000  0.01482 9
 -81.000   47.000  0.01788 6
 -81.000   48.000  0.01361 6
 -81.000   49.000  0.01175 2
 -81.000   50.000  0.00992 0
 -80.000   25.000  0.00895 1
 -80.000   26.000 -0.00154 3
 -80.000   27.000 -0.00187 6
 -80.000   28.000 -0.00332 8
 -80.000   29.000 -0.01466 4
 -80.000   30.000 -0.01576 2
 -80.000   31.000 -0.00787 5
 -80.000   32.000 -0.00869 2
 -80.000   33.000 -0.00271 1
 -80.000   34.000  0.01568 2
 -80.000   35.000  0.01385 7
 -80.000   36.000  0.02027 4
 -80.000   37.000  0.03001 6
 -80.000   38.000  0.03056 7
 -80.000   39.000  0.02674 2
 -80.000   40.000  0.02651 7
 -80.000   41.000  0.02035 17
 -80.000   42.000  0.01244 5
 -80.000   43.000  0.01372 5
 -80.000   44.000  0.01576 3
 -80.000   45.000  0.01946 10
 -80.000   46.000  0.01880 16
 -80.000   47.000  0.02328 9
 -80.000   48.000  0.01869 5
 -80.000   49.000  0.01720 8
 -80.000   50.000  0.01250 2
 -79.000   25.000 -0.00183 2
 -79.000   26.000 -0.00604 2
 -79.000   27.000 -0.00651 9
 -79.000   28.000 -0.00763 2
 -79.000   29.000 -0.01932 9
 -79.000   30.000 -0.01822 3
 -79.000   31.000 -0.01311 2
 -79.000   32.000 -0.00789 4
 -79.000   33.000  0.00151 2
 -79.000   34.000  0.02028 10
 -79.000   35.000  0.02567 8
 -79.000   36.000  0.03046 6
 -79.000   37.000  0.03475 1
 -79.000   38.000  0.03037 1
 -79.000   39.000  0.02464 6
 -79.000   40.000  0.02118 5
 -79.000   41.000  0.01766 4
 -79.000   42.000  0.00927 5
 -79.000   43.000  0.01029 7
 -79.000   44.000  0.01646 10
 -79.000   45.000  0.02413 12
 -79.000   46.000  0.02082 36
 -79.000   47.000  0.02622 6
 -79.000   48.000  0.02308 12
 -79.000   49.000  0.01943 7
 -79.000   50.000  0.00992 6
 -78.000   25.000 -0.00183 2
 -78.000   26.000 -0.00604 4
 -78.000   27.000 -0.00911 12
 -78.000   28.000 -0.01023 5
 -78.000   29.000 -0.01052 8
 -78.000   30.000 -0.01102 4
 -78.000   31.000 -0.00412 6
 -78.000   32.000  0.00456 3
 -78.000   33.000  0.01396 9
 -78.000   34.000  0.01986 6
 -78.000   35.000  0.02581 9
 -78.000   36.000  0.03087 6
 -78.000   37.000  0.03502 4
 -78.000   38.000  0.02955 9
 -78.000   39.000  0.02493 7
 -78.000   40.000  0.02057 11
 -78.000   41.000  0.01368 7
 -78.000   42.000  0.00458 2
 -78.000   43.000  0.00714 4
 -78.000   44.000  0.01355 3
 -78.000   45.000  0.02309 7
 -78.000   46.000  0.02155 52
 -78.000   47.000  0.02696 11
 -78.000   48.000  0.02463 5
 -78.000   49.000  0.02154 14
 -78.000   50.000  0.01282 9
 -77.000   25.000 -0.00701 5
 -77.000   26.000 -0.00526 4
 -77.000   27.000 -0.00673 6
 -77.000   28.000 -0.01125 5
 -77.000   29.000 -0.01154 11
 -77.000   30.000 -0.00994 9
 -77.000   31.000 -0.00633 4
 -77.000   32.000  0.00060 4
 -77.000   33.000  0.01105 2
 -77.000   34.000  0.01959 8
 -77.000   35.000  0.02523 5
 -77.000   36.000  0.02542 5
 -77.000   37.000  0.02958 6
 -77.000   38.000  0.02850 4
 -77.000   39.000  0.01968 9
 -77.000   40.000  0.01666 5
 -77.000   41.000  0.01419 3
 -77.000   42.000  0.00508 2
 -77.000   43.000  0.00553 7
 -77.000   44.000  0.01213 2
 -77.000   45.000  0.02366 3
 -77.000   46.000  0.02192 13
 -77.000   47.000  0.02528 10
 -77.000   48.000  0.02298 10
 -77.000   49.000  0.02119 3
 -77.000   50.000  0.00904 3
 -76.000   25.000 -0.00988 2
 -76.000   26.000 -0.00766 0
 -76.000   27.000 -0.00517 0
 -76.000   28.000 -0.01023 4
 -76.000   29.000 -0.01047 7
 -76.000   30.000 -0.00767 5
 -76.000   31.000 -0.00440 12
 -76.000   32.000 -0.00156 7
 -76.000   33.000  0.00587 12
 -76.000   34.000  0.01306 10
 -76.000   35.000  0.01892 2
 -76.000   36.000  0.01914 4
 -76.000   37.000  0.02022 5
 -76.000   38.000  0.02272 7
 -76.000   39.000  0.01519 6
 -76.000   40.000  0.01247 2
 -76.000   41.000  0.01079 4
 -76.000   42.000  0.00591 5
 -76.000   43.000  0.00448 2
 -76.000   44.000  0.00953 3
 -76.000   45.000  0.01808 8
 -76.000   46.000  0.01483 7
 -76.000   47.000  0.01585 9
 -76.000   48.000  0.01513 16
 -76.000   49.000  0.01332 3
 -76.000   50.000  0.00350 8
 -75.000   25.000 -0.01078 2
 -75.000   26.000 -0.00834 1
 -75.000   27.000 -0.00800 2
 -75.000   28.000 -0.01410 4
 -75.000   29.000 -0.01387 6
 -75.000   30.000 -0.01054 8
 -75.000   31.000 -0.01565 4
 -75.000   32.000 -0.01029 8
 -75.000   33.000 -0.00132 15
 -75.000   34.000 -0.00248 4
 -75.000   35.000  0.00334 5
 -75.000   36.000  0.01022 6
 -75.000   37.000  0.00891 9
 -75.000   38.000  0.00899 2
 -75.000   39.000  0.00910 3
 -75.000   40.000  0.00641 7
 -75.000   41.000  0.00648 3
 -75.000   42.000  0.00373 5
 -75.000   43.000  0.00150 3
 -75.000   44.000  0.00533 1
 -75.000   45.000  0.01207 3
 -75.000   46.000  0.00791 3
 -75.000   47.000  0.00791 13
 -75.000   48.000  0.00927 10
 -75.000   49.000  0.00781 5
 -75.000   50.000 -0.00081 6
 -74.000   25.000  0.00057 0
 -74.000   26.000  0.00017 0
 -74.000   27.000 -0.00014 6
 -74.000   28.000 -0.00487 9
 -74.000   29.000 -0.00752 8
 -74.000   30.000 -0.01099 8
 -74.000   31.000 -0.01610 12
 -74.000   32.000 -0.01430 11
 -74.000   33.000 -0.00767 9
 -74.000   34.000 -0.01022 5
 -74.000   35.000 -0.00703 3
 -74.000   36.000  0.00003 4
 -74.000   37.000 -0.00219 8
 -74.000   38.000  0.00090 6
 -74.000   39.000  0.00527 3
 -74.000   40.000  0.00558 4
 -74.000   41.000  0.00383 2
 -74.000   42.000  0.00452 4
 -74.000   43.000  0.00290 5
 -74.000   44.000  0.00461 1
 -74.000   45.000  0.00766 2
 -74.000   46.000  0.00790 4
 -74.000   47.000  0.00790 9
 -74.000   48.000  0.00660 10
 -74.000   49.000  0.00713 4
 -74.000   50.000  0.00383 4
 -73.000   25.000  0.00057 0
 -73.000   26.000  0.00017 0
 -73.000   27.000  0.00246 2
 -73.000   28.000 -0.00227 2
 -73.000   29.000 -0.00508 3
 -73.000   30.000 -0.00697 6
 -73.000   31.000 -0.01400 1
 -73.000   32.000 -0.01632 2
 -73.000   33.000 -0.00969 6
 -73.000   34.000 -0.01825 5
 -73.000   35.000 -0.01491 7
 -73.000   36.000 -0.00800 10
 -73.000   37.000 -0.00981 7
 -73.000   38.000 -0.00794 3
 -73.000   39.000  0.00262 6
 -73.000   40.000  0.00323 5
 -73.000   41.000  0.00355 6
 -73.000   42.000  0.00536 5
 -73.000   43.000  0.00425 4
 -73.000   44.000  0.00507 3
 -73.000   45.000  0.00438 2
 -73.000   46.000  0.00392 4
 -73.000   47.000  0.00392 1
 -73.000   48.000  0.00261 6
 -73.000   49.000  0.00326 5
 -73.000   50.000  0.00149 7
 -72.000   25.000  0.00057 0
 -72.000   26.000  0.00017 0
 -72.000   27.000  0.00071 0
 -72.000   28.000 -0.00063 2
 -72.000   29.000 -0.00344 3
 -72.000   30.000 -0.00431 7
 -72.000   31.000 -0.01178 7
 -72.000   32.000 -0.01236 4
 -72.000   33.000 -0.00912 0
 -72.000   34.000 -0.02032 0
 -72.000   35.000 -0.01842 7
 -72.000   36.000 -0.01255 16
 -72.000   37.000 -0.01425 6
 -72.000   38.000 -0.01532 6
 -72.000   39.000 -0.00213 8
 -72.000   40.000 -0.00109 6
 -72.000   41.000  0.00071 4
 -72.000   42.000  0.00242 6
 -72.000   43.000  0.00425 0
 -72.000   44.000  0.00507 0
 -72.000   45.000  0.00290 6
 -72.000   46.000  0.00264 2
 -72.000   47.000  0.00264 4
 -72.000   48.000  0.00136 6
 -72.000   49.000  0.00169 2
 -72.000   50.000  0.00185 5
 -71.000   25.000  0.00000 0
 -71.000   26.000  0.00000 0
 -71.000   27.000  0.00000 0
 -71.000   28.000 -0.00079 3
 -71.000   29.000 -0.00366 2
 -71.000   30.000 -0.00366 4
 -71.000   31.000 -0.01080 1
 -71.000   32.000 -0.01080 5
 -71.000   33.000 -0.00811 3
 -71.000   34.000 -0.01925 3
 -71.000   35.000 -0.01646 1
 -71.000   36.000 -0.01172 17
 -71.000   37.000 -0.01112 11
 -71.000   38.000 -0.01071 4
 -71.000   39.000  0.00249 8
 -71.000   40.000  0.00211 9
 -71.000   41.000  0.00450 3
 -71.000   42.000  0.00390 7
 -71.000   43.000  0.00425 0
 -71.000   44.000  0.00507 0
 -71.000   45.000  0.00283 2
 -71.000   46.000  0.00315 5
 -71.000   47.000  0.00315 5
 -71.000   48.000  0.00176 4
 -71.000   49.000  0.00220 5
 -71.000   50.000  0.00265 11
 -70.000   25.000  0.00000 0
 -70.000   26.000  0.00000 0
 -70.000   27.000  0.00000 0
 -70.000   28.000  0.00025 0
 -70.000   29.000 -0.00262 0
 -70.000   30.000 -0.00262 2
 -70.000   31.000 -0.00262 0
 -70.000   32.000 -0.00262 2
 -70.000   33.000 -0.00384 1
 -70.000   34.000 -0.01141 4
 -70.000   35.000 -0.00320 1
 -70.000   36.000 -0.00411 2
 -70.000   37.000 -0.00338 3
 -70.000   38.000 -0.00010 6
 -70.000   39.000  0.00787 9
 -70.000   40.000  0.00208 3
 -70.000   41.000  0.00299 2
 -70.000   42.000  0.00225 4
 -70.000   43.000  0.00312 0
 -70.000   44.000  0.01147 5
 -70.000   45.000  0.00923 1
 -70.000   46.000  0.01046 0
 -70.000   47.000  0.00904 6
 -70.000   48.000  0.00632 5
 -70.000   49.000  0.00055 3
 -70.000   50.000  0.00044 5
 -69.000   25.000  0.00000 0
 -69.000   26.000  0.00000 0
 -69.000   27.000  0.00000 0
 -69.000   28.000  0.00000 0
 -69.000   29.000  0.00000 0
 -69.000   30.000  0.00000 0
 -69.000   31.000  0.00000 0
 -69.000   32.000  0.00000 1
 -69.000   33.000  0.00000 1
 -69.000   34.000 -0.00619 2
 -69.000   35.000  0.00206 2
 -69.000   36.000  0.00096 1
 -69.000   37.000  0.00319 7
 -69.000   38.000  0.00834 6
 -69.000   39.000  0.01206 6
 -69.000   40.000  0.01025 6
 -69.000   41.000  0.01135 1
 -69.000   42.000  0.00912 2
 -69.000   43.000  0.00449 0
 -69.000   44.000  0.01283 1
 -69.000   45.000  0.00657 2
 -69.000   46.000  0.00657 4
 -69.000   47.000  0.00514 2
 -69.000   48.000  0.00862 2
 -69.000   49.000  0.00343 2
 -69.000   50.000  0.00428 7
 -68.000   25.000  0.00000 0
 -68.000   26.000  0.00000 0
 -68.000   27.000  0.00000 0
 -68.000   28.000  0.00000 0
 -68.000   29.000  0.00000 0
 -68.000   30.000  0.00000 0
 -68.000   31.000  0.00000 0
 -68.000   32.000  0.00000 0
 -68.000   33.000  0.00000 1
 -68.000   34.000  0.00000 0
 -68.000   35.000  0.00649 0
 -68.000   36.000  0.00540 1
 -68.000   37.000  0.00780 6
 -68.000   38.000  0.01417 6
 -68.000   39.000  0.00955 4
 -68.000   40.000  0.00593 5
 -68.000   41.000  0.00702 8
 -68.000   42.000  0.00462 5
 -68.000   43.000 -0.00124 1
 -68.000   44.000  0.00927 3
 -68.000   45.000  0.00657 6
 -68.000   46.000  0.00657 6
 -68.000   47.000  0.00514 2
 -68.000   48.000  0.00806 1
 -68.000   49.000  0.00273 6
 -68.000   50.000  0.00335 5
 -67.000   25.000  0.00000 0
 -67.000   26.000  0.00000 0
 -67.000   27.000  0.00000 0
 -67.000   28.000  0.00000 0
 -67.000   29.000  0.00000 0
 -67.000   30.000  0.00000 0
 -67.000   31.000  0.00000 0
 -67.000   32.000  0.00000 0
 -67.000   33.000  0.00000 0
 -67.000   34.000  0.00000 1
 -67.000   35.000  0.00649 2
 -67.000   36.000  0.00688 1
 -67.000   37.000  0.00919 0
 -67.000   38.000  0.01556 1
 -67.000   39.000  0.01093 3
 -67.000   40.000  0.00528 6
 -67.000   41.000  0.00489 3
 -67.000   42.000  0.00258 6
 -67.000   43.000  0.00002 3
 -67.000   44.000  0.01053 1
 -67.000   45.000  0.00969 3
 -67.000   46.000  0.00969 4
 -67.000   47.000  0.00826 3
 -67.000   48.000  0.00789 1
 -67.000   49.000  0.00251 3
 -67.000   50.000  0.00335 7
 -66.000   25.000  0.00000 0
 -66.000   26.000  0.00000 0
 -66.000   27.000  0.00000 0
 -66.000   28.000  0.00000 0
 -66.000   29.000  0.00000 0
 -66.000   30.000  0.00000 0
 -66.000   31.000  0.00000 0
 -66.000   32.000  0.00000 0
 -66.000   33.000  0.00000 0
 -66.000   34.000  0.00000 0
 -66.000   35.000  0.00672 2
 -66.000   36.000  0.00858 0
 -66.000   37.000  0.00858 1
 -66.000   38.000  0.01470 0
 -66.000   39.000  0.00891 2
 -66.000   40.000  0.00323 3
 -66.000   41.000  0.00138 6
 -66.000   42.000  0.00138 7
 -66.000   43.000  0.00002 0
 -66.000   44.000  0.01316 5
 -66.000   45.000  0.01211 1
 -66.000   46.000  0.01211 0
 -66.000   47.000  0.01033 4
 -66.000   48.000  0.00999 3
 -66.000   49.000  0.00330 2
 -66.000   50.000  0.00440 4
 -65.000   25.000  0.00000 0
 -65.000   26.000  0.00000 0
 -65.000   27.000  0.00000 0
 -65.000   28.000  0.00000 0
 -65.000   29.000  0.00000 0
 -65.000   30.000  0.00000 0
 -65.000   31.000  0.00000 0
 -65.000   32.000  0.00000 0
 -65.000   33.000  0.00000 0
 -65.000   34.000  0.00000 0
 -65.000   35.000  0.00000 0
 -65.000   36.000  0.00000 2
 -65.000   37.000  0.00000 0
 -65.000   38.000  0.00815 0
 -65.000   39.000  0.00455 0
 -65.000   40.000  0.00594 5
 -65.000   41.000  0.00594 0
 -65.000   42.000  0.00594 6
 -65.000   43.000  0.00328 1
 -65.000   44.000  0.00688 0
 -65.000   45.000  0.00549 8
 -65.000   46.000  0.00549 3
 -65.000   47.000  0.00549 1
 -65.000   48.000  0.00590 3
 -65.000   49.000  0.00738 0
 -65.000   50.000  0.00983 4
