-130.000   25.000  0.01306 0
-130.000   26.000  0.00979 1
-130.000   27.000  0.00784 5
-130.000   28.000  0.00784 1
-130.000   29.000  0.00631 4
-130.000   30.000  0.00000 0
-130.000   31.000  0.00000 0
-130.000   32.000  0.00000 0
-130.000   33.000  0.00000 0
-130.000   34.000  0.00000 0
-130.000   35.000  0.00000 0
-130.000   36.000  0.00000 0
-130.000   37.000  0.00000 0
-130.000   38.000  0.00000 0
-130.000   39.000  0.00173 0
-130.000   40.000  0.00173 0
-130.000   41.000  0.00173 4
-130.000   42.000  0.00199 3
-130.000   43.000  0.00199 5
-130.000   44.000  0.00008 2
-130.000   45.000 -0.00484 4
-130.000   46.000 -0.00484 2
-130.000   47.000 -0.00510 3
-130.000   48.000 -0.00659 0
-130.000   49.000 -0.00800 2
-130.000   50.000 -0.00247 2
-129.000   25.000  0.00979 0
-129.000   26.000  0.00735 4
-129.000   27.000  0.00588 8
-129.000   28.000  0.00588 0
-129.000   29.000  0.00473 0
-129.000   30.000  0.00000 0
-129.000   31.000  0.00000 0
-129.000   32.000  0.00000 0
-129.000   33.000  0.00000 0
-129.000   34.000  0.00106 0
-129.000   35.000  0.00106 0
-129.000   36.000  0.00106 0
-129.000   37.000  0.00106 0
-129.000   38.000  0.00106 2
-129.000   39.000  0.00206 1
-129.000   40.000  0.00206 1
-129.000   41.000  0.00206 6
-129.000   42.000  0.00226 4
-129.000   43.000  0.00226 3
-129.000   44.000  0.00079 1
-129.000   45.000 -0.00290 3
-129.000   46.000 -0.00290 4
-129.000   47.000 -0.00309 12
-129.000   48.000 -0.00421 2
-129.000   49.000 -0.00600 2
-129.000   50.000 -0.00185 4
-128.000   25.000  0.00784 0
-128.000   26.000  0.00588 11
-128.000   27.000  0.00470 7
-128.000   28.000  0.00470 0
-128.000   29.000  0.00378 0
-128.000   30.000  0.00000 0
-128.000   31.000  0.00000 0
-128.000   32.000  0.00000 0
-128.000   33.000  0.00000 0
-128.000   34.000  0.00085 0
-128.000   35.000  0.00085 3
-128.000   36.000  0.00085 1
-128.000   37.000  0.00085 1
-128.000   38.000 -0.00074 3
-128.000   39.000  0.00244 0
-128.000   40.000  0.00244 3
-128.000   41.000  0.00244 2
-128.000   42.000  0.00260 4
-128.000   43.000  0.00413 5
-128.000   44.000 -0.00010 6
-128.000   45.000 -0.00128 3
-128.000   46.000 -0.00128 26
-128.000   47.000 -0.00144 18
-128.000   48.000 -0.00226 3
-128.000   49.000 -0.00259 0
-128.000   50.000 -0.00148 7
-127.000   25.000  0.00784 0
-127.000   26.000  0.00588 3
-127.000   27.000  0.00470 1
-127.000   28.000  0.00470 0
-127.000   29.000  0.00378 0
-127.000   30.000  0.00000 0
-127.000   31.000 -0.00017 0
-127.000   32.000  0.00349 0
-127.000   33.000  0.00345 3
-127.000   34.000  0.00634 3
-127.000   35.000  0.00905 1
-127.000   36.000  0.01041 7
-127.000   37.000  0.00675 2
-127.000   38.000  0.00918 3
-127.000   39.000  0.01033 4
-127.000   40.000  0.00761 3
-127.000   41.000  0.00465 6
-127.000   42.000  0.00343 5
-127.000   43.000  0.00094 5
-127.000   44.000 -0.00329 5
-127.000   45.000 -0.00226 3
-127.000   46.000  0.00165 8
-127.000   47.000  0.00287 4
-127.000   48.000  0.00094 2
-127.000   49.000  0.00142 0
-127.000   50.000  0.00017 4
-126.000   25.000  0.00592 0
-126.000   26.000  0.00444 0
-126.000   27.000  0.00355 0
-126.000   28.000  0.00355 0
-126.000   29.000  0.00263 0
-126.000   30.000  0.00090 0
-126.000   31.000  0.00207 0
-126.000   32.000  0.00645 1
-126.000   33.000  0.00472 1
-126.000   34.000  0.00846 3
-126.000   35.000  0.01237 5
-126.000   36.000  0.01578 5
-126.000   37.000  0.01154 2
-126.000   38.000  0.01342 5
-126.000   39.000  0.01326 3
-126.000   40.000  0.00805 6
-126.000   41.000  0.00136 6
-126.000   42.000  0.00092 4
-126.000   43.000  0.00133 4
-126.000   44.000 -0.00368 5
-126.000   45.000 -0.00118 10
-126.000   46.000  0.00282 8
-126.000   47.000  0.00312 6
-126.000   48.000 -0.00045 3
-126.000   49.000  0.00121 3
-126.000   50.000 -0.00186 2
-125.000   25.000  0.00000 0
-125.000   26.000  0.00000 0
-125.000   27.000  0.00000 0
-125.000   28.000  0.00000 0
-125.000   29.000  0.00000 0
-125.000   30.000  0.00113 0
-125.000   31.000  0.00239 1
-125.000   32.000  0.00676 0
-125.000   33.000  0.00726 20
-125.000   34.000  0.01046 9
-125.000   35.000  0.01583 16
-125.000   36.000  0.02012 7
-125.000   37.000  0.01686 12
-125.000   38.000  0.01666 7
-125.000   39.000  0.01648 5
-125.000   40.000  0.00907 6
-125.000   41.000  0.00076 5
-125.000   42.000  0.00099 5
-125.000   43.000  0.00125 11
-125.000   44.000 -0.00307 9
-125.000   45.000  0.00491 10
-125.000   46.000  0.01210 5
-125.000   47.000  0.01075 6
-125.000   48.000  0.00806 7
-125.000   49.000  0.01171 2
-125.000   50.000  0.00382 7
-124.000   25.000  0.00000 0
-124.000   26.000  0.00000 0
-124.000   27.000  0.00083 0
-124.000   28.000  0.00201 0
-124.000   29.000  0.00141 1
-124.000   30.000  0.00306 1
-124.000   31.000  0.00587 2
-124.000   32.000  0.00911 8
-124.000   33.000  0.00942 26
-124.000   34.000  0.01199 11
-124.000   35.000  0.01821 20
-124.000   36.000  0.02122 19
-124.000   37.000  0.01908 30
-124.000   38.000  0.01855 7
-124.000   39.000  0.01960 9
-124.000   40.000  0.01269 9
-124.000   41.000  0.00418 14
-124.000   42.000  0.00555 23
-124.000   43.000  0.00335 15
-124.000   44.000  0.00044 16
-124.000   45.000  0.00833 8
-124.000   46.000  0.01642 7
-124.000   47.000  0.01313 3
-124.000   48.000  0.01223 9
-124.000   49.000  0.01515 2
-124.000   50.000  0.00545 12
-123.000   25.000  0.00000 0
-123.000   26.000  0.00000 0
-123.000   27.000  0.00095 0
-123.000   28.000  0.00043 0
-123.000   29.000  0.00108 0
-123.000   30.000  0.00371 4
-123.000   31.000  0.00731 5
-123.000   32.000  0.01303 16
-123.000   33.000  0.01503 26
-123.000   34.000  0.01494 21
-123.000   35.000  0.02062 19
-123.000   36.000  0.02339 13
-123.000   37.000  0.01910 28
-123.000   38.000  0.02104 13
-123.000   39.000  0.02074 13
-123.000   40.000  0.01366 21
-123.000   41.000  0.00349 15
-123.000   42.000  0.00531 20
-123.000   43.000 -0.00140 15
-123.000   44.000 -0.00087 8
-123.000   45.000  0.00537 4
-123.000   46.000  0.01458 1
-123.000   47.000  0.01039 9
-123.000   48.000  0.01153 7
-123.000   49.000  0.01344 2
-123.000   50.000  0.00545 2
-122.000   25.000  0.00000 0
-122.000   26.000  0.00127 0
-122.000   27.000  0.00327 0
-122.000   28.000  0.00392 0
-122.000   29.000  0.00519 9
-122.000   30.000  0.01011 13
-122.000   31.000  0.01652 9
-122.000   32.000  0.02046 23
-122.000   33.000  0.02119 19
-122.000   34.000  0.02024 15
-122.000   35.000  0.02123 18
-122.000   36.000  0.01892 19
-122.000   37.000  0.01628 14
-122.000   38.000  0.01571 15
-122.000   39.000  0.01576 18
-122.000   40.000  0.01169 20
-122.000   41.000  0.00415 9
-122.000   42.000  0.00586 22
-122.000   43.000  0.00182 19
-122.000   44.000  0.00222 11
-122.000   45.000  0.00536 11
-122.000   46.000  0.01107 10
-122.000   47.000  0.00580 8
-122.000   48.000  0.00805 13
-122.000   49.000  0.00909 5
-122.000   50.000  0.00380 2
-121.000   25.000  0.00000 0
-121.000   26.000  0.00127 0
-121.000   27.000  0.00327 0
-121.000   28.000  0.00432 3
-121.000   29.000  0.00605 25
-121.000   30.000  0.01234 10
-121.000   31.000  0.01776 12
-121.000   32.000  0.02166 35
-121.000   33.000  0.02293 15
-121.000   34.000  0.02137 19
-121.000   35.000  0.02117 5
-121.000   36.000  0.01734 16
-121.000   37.000  0.01515 14
-121.000   38.000  0.01704 13
-121.000   39.000  0.01740 15
-121.000   40.000  0.01436 14
-121.000   41.000  0.00956 24
-121.000   42.000  0.00963 11
-121.000   43.000  0.00242 14
-121.000   44.000  0.00389 13
-121.000   45.000  0.00582 8
-121.000   46.000  0.01153 4
-121.000   47.000  0.00748 13
-121.000   48.000  0.01049 4
-121.000   49.000  0.01061 1
-121.000   50.000  0.00583 3
-120.000   25.000  0.00000 0
-120.000   26.000  0.00429 0
-120.000   27.000  0.00569 1
-120.000   28.000  0.00674 6
-120.000   29.000  0.00847 10
-120.000   30.000  0.01499 6
-120.000   31.000  0.01877 9
-120.000   32.000  0.02467 23
-120.000   33.000  0.02388 15
-120.000   34.000  0.02237 10
-120.000   35.000  0.02051 10
-120.000   36.000  0.01603 13
-120.000   37.000  0.01340 29
-120.000   38.000  0.01896 19
-120.000   39.000  0.02110 22
-120.000   40.000  0.02057 17
-120.000   41.000  0.01724 12
-120.000   42.000  0.01341 21
-120.000   43.000  0.00405 24
-120.000   44.000  0.00369 10
-120.000   45.000  0.00146 5
-120.000   46.000  0.00302 3
-120.000   47.000  0.00134 7
-120.000   48.000  0.00488 5
-120.000   49.000  0.00360 3
-120.000   50.000  0.00163 1
-119.000   25.000  0.00000 0
-119.000   26.000  0.00753 0
-119.000   27.000  0.00746 1
-119.000   28.000  0.00697 4
-119.000   29.000  0.00971 0
-119.000   30.000  0.01752 9
-119.000   31.000  0.01863 9
-119.000   32.000  0.02657 11
-119.000   33.000  0.02551 9
-119.000   34.000  0.02478 7
-119.000   35.000  0.02163 17
-119.000   36.000  0.01679 13
-119.000   37.000  0.01330 26
-119.000   38.000  0.02061 14
-119.000   39.000  0.02145 28
-119.000   40.000  0.01963 28
-119.000   41.000  0.01502 13
-119.000   42.000  0.00897 22
-119.000   43.000  0.00262 39
-119.000   44.000 -0.00023 13
-119.000   45.000  0.00006 11
-119.000   46.000  0.00239 3
-119.000   47.000  0.00255 3
-119.000   48.000  0.00313 1
-119.000   49.000  0.00392 3
-119.000   50.000  0.00000 0
-118.000   25.000  0.00000 0
-118.000   26.000  0.00753 0
-118.000   27.000  0.00787 4
-118.000   28.000  0.00982 8
-118.000   29.000  0.01163 3
-118.000   30.000  0.01970 5
-118.000   31.000  0.02204 5
-118.000   32.000  0.02808 17
-118.000   33.000  0.02469 8
-118.000   34.000  0.02700 10
-118.000   35.000  0.02460 12
-118.000   36.000  0.01875 15
-118.000   37.000  0.01817 14
-118.000   38.000  0.02689 15
-118.000   39.000  0.02691 32
-118.000   40.000  0.02490 30
-118.000   41.000  0.02199 47
-118.000   42.000  0.01361 20
-118.000   43.000  0.00785 50
-118.000   44.000  0.00371 15
-118.000   45.000  0.00536 6
-118.000   46.000  0.00956 2
-118.000   47.000  0.01063 2
-118.000   48.000  0.00911 3
-118.000   49.000  0.01138 0
-118.000   50.000  0.00634 2
-117.000   25.000  0.00000 0
-117.000   26.000  0.00626 0
-117.000   27.000  0.00625 0
-117.000   28.000  0.00703 7
-117.000   29.000  0.01055 4
-117.000   30.000  0.01632 6
-117.000   31.000  0.01735 10
-117.000   32.000  0.02224 10
-117.000   33.000  0.02135 7
-117.000   34.000  0.01492 12
-117.000   35.000  0.01389 47
-117.000   36.000  0.01206 22
-117.000   37.000  0.01537 16
-117.000   38.000  0.02254 11
-117.000   39.000  0.03004 29
-117.000   40.000  0.02892 30
-117.000   41.000  0.02442 23
-117.000   42.000  0.01419 24
-117.000   43.000  0.00864 19
-117.000   44.000  0.00406 18
-117.000   45.000  0.00601 7
-117.000   46.000  0.01269 2
-117.000   47.000  0.01349 17
-117.000   48.000  0.01197 3
-117.000   49.000  0.01496 4
-117.000   50.000  0.01066 4
-116.000   25.000  0.00000 0
-116.000   26.000  0.00626 0
-116.000   27.000  0.00625 0
-116.000   28.000  0.00944 3
-116.000   29.000  0.01365 8
-116.000   30.000  0.01715 9
-116.000   31.000  0.01783 15
-116.000   32.000  0.02213 16
-116.000   33.000  0.01968 7
-116.000   34.000  0.01396 22
-116.000   35.000  0.01538 36
-116.000   36.000  0.01277 12
-116.000   37.000  0.01712 10
-116.000   38.000  0.02304 21
-116.000   39.000  0.02720 20
-116.000   40.000  0.02518 16
-116.000   41.000  0.02126 8
-116.000   42.000  0.01317 19
-116.000   43.000  0.00852 14
-116.000   44.000  0.00588 5
-116.000   45.000  0.01256 5
-116.000   46.000  0.02501 2
-116.000   47.000  0.02674 15
-116.000   48.000  0.02983 6
-116.000   49.000  0.03729 4
-116.000   50.000  0.03374 3
-115.000   25.000  0.00000 0
-115.000   26.000  0.00324 0
-115.000   27.000  0.00620 1
-115.000   28.000  0.00940 4
-115.000   29.000  0.01360 8
-115.000   30.000  0.01664 2
-115.000   31.000  0.01887 13
-115.000   32.000  0.01939 4
-115.000   33.000  0.01893 7
-115.000   34.000  0.01442 10
-115.000   35.000  0.01557 9
-115.000   36.000  0.01638 9
-115.000   37.000  0.02212 11
-115.000   38.000  0.02213 22
-115.000   39.000  0.02492 37
-115.000   40.000  0.02137 7
-115.000   41.000  0.01389 14
-115.000   42.000  0.00754 14
-115.000   43.000  0.00735 25
-115.000   44.000  0.00487 16
-115.000   45.000  0.01570 5
-115.000   46.000  0.03100 4
-115.000   47.000  0.03146 3
-115.000   48.000  0.03403 13
-115.000   49.000  0.04253 4
-115.000   50.000  0.03759 1
-114.000   25.000  0.00000 0
-114.000   26.000  0.00000 0
-114.000   27.000  0.00361 1
-114.000   28.000  0.00925 3
-114.000   29.000  0.01305 1
-114.000   30.000  0.01428 6
-114.000   31.000  0.01992 6
-114.000   32.000  0.02170 4
-114.000   33.000  0.01857 5
-114.000   34.000  0.01305 9
-114.000   35.000  0.01472 10
-114.000   36.000  0.01747 8
-114.000   37.000  0.02258 9
-114.000   38.000  0.02466 10
-114.000   39.000  0.02975 16
-114.000   40.000  0.02804 14
-114.000   41.000  0.02023 17
-114.000   42.000  0.01634 15
-114.000   43.000  0.01528 15
-114.000   44.000  0.01191 6
-114.000   45.000  0.01904 8
-114.000   46.000  0.03452 3
-114.000   47.000  0.03411 9
-114.000   48.000  0.03570 20
-114.000   49.000  0.04463 8
-114.000   50.000  0.04564 8
-113.000   25.000  0.00000 0
-113.000   26.000  0.00000 0
-113.000   27.000  0.00307 0
-113.000   28.000  0.00767 3
-113.000   29.000  0.01114 7
-113.000   30.000  0.01182 3
-113.000   31.000  0.01544 3
-113.000   32.000  0.01849 3
-113.000   33.000  0.01874 5
-113.000   34.000  0.01290 11
-113.000   35.000  0.01432 9
-113.000   36.000  0.01839 12
-113.000   37.000  0.02120 19
-113.000   38.000  0.02046 11
-113.000   39.000  0.02539 15
-113.000   40.000  0.02166 15
-113.000   41.000  0.01545 12
-113.000   42.000  0.01340 14
-113.000   43.000  0.01468 15
-113.000   44.000  0.01472 6
-113.000   45.000  0.02209 5
-113.000   46.000  0.03287 3
-113.000   47.000  0.03327 6
-113.000   48.000  0.03300 16
-113.000   49.000  0.03800 8
-113.000   50.000  0.04109 3
-112.000   25.000  0.00363 0
-112.000   26.000  0.00476 0
-112.000   27.000  0.00530 0
-112.000   28.000  0.01128 0
-112.000   29.000  0.01276 4
-112.000   30.000  0.01264 6
-112.000   31.000  0.01330 5
-112.000   32.000  0.01977 3
-112.000   33.000  0.01747 8
-112.000   34.000  0.01652 6
-112.000   35.000  0.01834 7
-112.000   36.000  0.02209 3
-112.000   37.000  0.01889 16
-112.000   38.000  0.01819 25
-112.000   39.000  0.01967 23
-112.000   40.000  0.01477 8
-112.000   41.000  0.00947 11
-112.000   42.000  0.01195 8
-112.000   43.000  0.01187 13
-112.000   44.000  0.01199 7
-112.000   45.000  0.01950 7
-112.000   46.000  0.02812 4
-112.000   47.000  0.02817 9
-112.000   48.000  0.03038 13
-112.000   49.000  0.03359 10
-112.000   50.000  0.03627 4
-111.000   25.000  0.00511 0
-111.000   26.000  0.00599 0
-111.000   27.000  0.00737 1
-111.000   28.000  0.01144 1
-111.000   29.000  0.01264 4
-111.000   30.000  0.01447 8
-111.000   31.000  0.01504 5
-111.000   32.000  0.02608 7
-111.000   33.000  0.02926 4
-111.000   34.000  0.02571 6
-111.000   35.000  0.02223 8
-111.000   36.000  0.02776 9
-111.000   37.000  0.01928 20
-111.000   38.000  0.01541 26
-111.000   39.000  0.02248 15
-111.000   40.000  0.01802 7
-111.000   41.000  0.01160 12
-111.000   42.000  0.01128 10
-111.000   43.000  0.00718 10
-111.000   44.000  0.00282 7
-111.000   45.000  0.00351 14
-111.000   46.000  0.00626 7
-111.000   47.000  0.00430 5
-111.000   48.000  0.00502 4
-111.000   49.000  0.00411 10
-111.000   50.000  0.01169 4
-110.000   25.000  0.00877 0
-110.000   26.000  0.01080 6
-110.000   27.000  0.00885 9
-110.000   28.000  0.01003 11
-110.000   29.000  0.01098 6
-110.000   30.000  0.01359 7
-110.000   31.000  0.01275 13
-110.000   32.000  0.02845 5
-110.000   33.000  0.03337 3
-110.000   34.000  0.03152 9
-110.000   35.000  0.02740 3
-110.000   36.000  0.03056 10
-110.000   37.000  0.01771 14
-110.000   38.000  0.01671 12
-110.000   39.000  0.02359 10
-110.000   40.000  0.02115 5
-110.000   41.000  0.01410 12
-110.000   42.000  0.01520 7
-110.000   43.000  0.00937 8
-110.000   44.000  0.00494 11
-110.000   45.000  0.00020 10
-110.000   46.000  0.00386 9
-110.000   47.000  0.00234 12
-110.000   48.000  0.00206 6
-110.000   49.000 -0.00140 3
-110.000   50.000  0.00827 5
-109.000   25.000  0.00792 4
-109.000   26.000  0.01016 5
-109.000   27.000  0.00834 10
-109.000   28.000  0.00738 10
-109.000   29.000  0.00910 10
-109.000   30.000  0.01540 6
-109.000   31.000  0.01227 6
-109.000   32.000  0.02727 13
-109.000   33.000  0.03774 4
-109.000   34.000  0.03529 6
-109.000   35.000  0.03089 6
-109.000   36.000  0.03603 10
-109.000   37.000  0.02305 9
-109.000   38.000  0.01518 16
-109.000   39.000  0.01981 19
-109.000   40.000  0.01283 15
-109.000   41.000  0.00572 11
-109.000   42.000  0.00341 6
-109.000   43.000  0.00015 5
-109.000   44.000 -0.00185 7
-109.000   45.000 -0.00292 13
-109.000   46.000 -0.00150 8
-109.000   47.000 -0.00055 9
-109.000   48.000 -0.00020 3
-109.000   49.000 -0.00371 7
-109.000   50.000  0.00094 4
-108.000   25.000  0.00803 25
-108.000   26.000  0.01024 13
-108.000   27.000  0.00840 12
-108.000   28.000  0.00775 7
-108.000   29.000  0.00948 1
-108.000   30.000  0.01503 7
-108.000   31.000  0.01190 5
-108.000   32.000  0.02604 9
-108.000   33.000  0.03664 8
-108.000   34.000  0.03456 13
-108.000   35.000  0.03268 14
-108.000   36.000  0.04061 9
-108.000   37.000  0.02980 22
-108.000   38.000  0.02064 18
-108.000   39.000  0.02479 16
-108.000   40.000  0.01967 10
-108.000   41.000  0.00834 6
-108.000   42.000  0.00393 11
-108.000   43.000 -0.00234 6
-108.000   44.000 -0.00624 10
-108.000   45.000 -0.01101 18
-108.000   46.000 -0.00763 7
-108.000   47.000 -0.00697 6
-108.000   48.000 -0.00276 5
-108.000   49.000 -0.00439 8
-108.000   50.000  0.00004 5
-107.000   25.000  0.00601 7
-107.000   26.000  0.00675 7
-107.000   27.000  0.00699 1
-107.000   28.000  0.00495 1
-107.000   29.000  0.00634 0
-107.000   30.000  0.01184 6
-107.000   31.000  0.00805 3
-107.000   32.000  0.01630 9
-107.000   33.000  0.03055 5
-107.000   34.000  0.03208 18
-107.000   35.000  0.03141 21
-107.000   36.000  0.04215 15
-107.000   37.000  0.03704 14
-107.000   38.000  0.02454 14
-107.000   39.000  0.02480 22
-107.000   40.000  0.02041 12
-107.000   41.000  0.00781 7
-107.000   42.000  0.00368 5
-107.000   43.000  0.00152 6
-107.000   44.000  0.00053 8
-107.000   45.000 -0.00565 10
-107.000   46.000 -0.00126 11
-107.000   47.000 -0.00206 12
-107.000   48.000 -0.00089 4
-107.000   49.000 -0.00320 7
-107.000   50.000  0.00054 3
-106.000   25.000  0.00557 1
-106.000   26.000  0.00685 4
-106.000   27.000  0.00597 6
-106.000   28.000  0.00241 1
-106.000   29.000  0.00293 4
-106.000   30.000  0.00708 3
-106.000   31.000  0.00464 3
-106.000   32.000  0.00848 5
-106.000   33.000  0.01902 3
-106.000   34.000  0.02326 8
-106.000   35.000  0.02657 10
-106.000   36.000  0.03477 18
-106.000   37.000  0.03136 17
-106.000   38.000  0.02337 13
-106.000   39.000  0.02029 11
-106.000   40.000  0.01817 13
-106.000   41.000  0.00584 4
-106.000   42.000  0.00724 10
-106.000   43.000  0.00438 8
-106.000   44.000  0.00585 8
-106.000   45.000  0.00236 7
-106.000   46.000  0.00732 11
-106.000   47.000  0.00568 5
-106.000   48.000  0.00766 6
-106.000   49.000  0.00628 3
-106.000   50.000  0.00204 1
-105.000   25.000 -0.00143 3
-105.000   26.000 -0.00101 0
-105.000   27.000  0.00029 17
-105.000   28.000  0.00036 6
-105.000   29.000  0.00413 7
-105.000   30.000  0.00769 2
-105.000   31.000  0.00822 4
-105.000   32.000  0.00877 6
-105.000   33.000  0.01580 9
-105.000   34.000  0.01628 12
-105.000   35.000  0.02237 7
-105.000   36.000  0.02805 13
-105.000   37.000  0.02676 14
-105.000   38.000  0.02105 19
-105.000   39.000  0.01692 19
-105.000   40.000  0.01251 9
-105.000   41.000  0.00536 7
-105.000   42.000  0.00680 6
-105.000   43.000  0.00156 10
-105.000   44.000  0.00610 6
-105.000   45.000  0.00410 13
-105.000   46.000  0.00553 10
-105.000   47.000  0.00416 4
-105.000   48.000  0.00714 0
-105.000   49.000  0.00655 5
-105.000   50.000  0.00162 4
-104.000   25.000 -0.00164 6
-104.000   26.000 -0.00241 3
-104.000   27.000  0.00079 2
-104.000   28.000  0.00102 6
-104.000   29.000  0.00681 2
-104.000   30.000  0.00757 3
-104.000   31.000  0.00981 3
-104.000   32.000  0.00808 15
-104.000   33.000  0.01499 16
-104.000   34.000  0.01474 11
-104.000   35.000  0.02204 8
-104.000   36.000  0.02730 7
-104.000   37.000  0.02753 8
-104.000   38.000  0.02270 7
-104.000   39.000  0.01934 9
-104.000   40.000  0.01667 8
-104.000   41.000  0.00870 5
-104.000   42.000  0.01037 7
-104.000   43.000 -0.00012 7
-104.000   44.000  0.00265 7
-104.000   45.000 -0.00191 6
-104.000   46.000  0.00005 6
-104.000   47.000 -0.00283 6
-104.000   48.000  0.00472 2
-104.000   49.000  0.00301 2
-104.000   50.000  0.00090 0
-103.000   25.000 -0.00512 4
-103.000   26.000 -0.00503 6
-103.000   27.000  0.00030 3
-103.000   28.000  0.00264 10
-103.000   29.000  0.00979 9
-103.000   30.000  0.00931 6
-103.000   31.000  0.01165 17
-103.000   32.000  0.00952 23
-103.000   33.000  0.01445 29
-103.000   34.000  0.01300 17
-103.000   35.000  0.01890 21
-103.000   36.000  0.02291 8
-103.000   37.000  0.02190 9
-103.000   38.000  0.01665 6
-103.000   39.000  0.01313 9
-103.000   40.000  0.01097 7
-103.000   41.000  0.00445 7
-103.000   42.000  0.00667 9
-103.000   43.000 -0.00103 11
-103.000   44.000  0.00115 4
-103.000   45.000 -0.00120 5
-103.000   46.000 -0.00008 6
-103.000   47.000 -0.00348 3
-103.000   48.000  0.00360 5
-103.000   49.000  0.00234 2
-103.000   50.000  0.00000 4
-102.000   25.000 -0.00673 4
-102.000   26.000 -0.00629 6
-102.000   27.000  0.00068 2
-102.000   28.000  0.00349 6
-102.000   29.000  0.01064 8
-102.000   30.000  0.01211 7
-102.000   31.000  0.01732 7
-102.000   32.000  0.01533 8
-102.000   33.000  0.01761 20
-102.000   34.000  0.01475 20
-102.000   35.000  0.01915 20
-102.000   36.000  0.02083 15
-102.000   37.000  0.02106 10
-102.000   38.000  0.02043 9
-102.000   39.000  0.02388 12
-102.000   40.000  0.02190 7
-102.000   41.000  0.01850 8
-102.000   42.000  0.01752 7
-102.000   43.000  0.00682 9
-102.000   44.000  0.00161 3
-102.000   45.000 -0.00042 9
-102.000   46.000 -0.00290 4
-102.000   47.000 -0.00587 0
-102.000   48.000  0.00176 0
-102.000   49.000  0.00234 0
-102.000   50.000  0.00000 1
-101.000   25.000 -0.00778 7
-101.000   26.000 -0.00762 4
-101.000   27.000 -0.00038 5
-101.000   28.000  0.00306 3
-101.000   29.000  0.01021 11
-101.000   30.000  0.01272 8
-101.000   31.000  0.01653 9
-101.000   32.000  0.01515 10
-101.000   33.000  0.01904 24
-101.000   34.000  0.01543 21
-101.000   35.000  0.01827 14
-101.000   36.000  0.02179 16
-101.000   37.000  0.02479 8
-101.000   38.000  0.02079 10
-101.000   39.000  0.02506 9
-101.000   40.000  0.02145 8
-101.000   41.000  0.01806 5
-101.000   42.000  0.01146 13
-101.000   43.000  0.00557 7
-101.000   44.000  0.00046 4
-101.000   45.000 -0.00128 8
-101.000   46.000 -0.00378 5
-101.000   47.000 -0.00452 0
-101.000   48.000  0.00007 0
-101.000   49.000  0.00000 0
-101.000   50.000  0.00000 1
-100.000   25.000 -0.00444 1
-100.000   26.000 -0.00457 4
-100.000   27.000  0.00145 3
-100.000   28.000  0.00659 1
-100.000   29.000  0.01249 6
-100.000   30.000  0.01425 11
-100.000   31.000  0.01649 4
-100.000   32.000  0.01637 8
-100.000   33.000  0.01698 11
-100.000   34.000  0.01301 12
-100.000   35.000  0.01528 20
-100.000   36.000  0.02088 12
-100.000   37.000  0.02604 16
-100.000   38.000  0.02110 11
-100.000   39.000  0.02607 14
-100.000   40.000  0.02407 8
-100.000   41.000  0.01898 9
-100.000   42.000  0.00957 10
-100.000   43.000  0.00620 11
-100.000   44.000 -0.00238 10
-100.000   45.000 -0.00442 3
-100.000   46.000 -0.00618 3
-100.000   47.000 -0.00691 0
-100.000   48.000 -0.00232 1
-100.000   49.000  0.00000 1
-100.000   50.000  0.00000 2
 -99.000   25.000 -0.00338 0
 -99.000   26.000 -0.00253 0
 -99.000   27.000  0.00377 2
 -99.000   28.000  0.00880 1
 -99.000   29.000  0.01190 2
 -99.000   30.000  0.01276 2
 -99.000   31.000  0.01330 4
 -99.000   32.000  0.01167 6
 -99.000   33.000  0.00999 12
 -99.000   34.000  0.00644 11
 -99.000   35.000  0.00710 19
 -99.000   36.000  0.01288 24
 -99.000   37.000  0.01777 9
 -99.000   38.000  0.01482 11
 -99.000   39.000  0.01929 15
 -99.000   40.000  0.02058 14
 -99.000   41.000  0.01750 10
 -99.000   42.000  0.00918 11
 -99.000   43.000  0.00927 10
 -99.000   44.000  0.00292 6
 -99.000   45.000  0.00012 5
 -99.000   46.000 -0.00313 9
 -99.000   47.000 -0.00386 1
 -99.000   48.000 -0.00232 1
 -99.000   49.000  0.00000 0
 -99.000   50.000  0.00000 2
 -98.000   25.000  0.00000 1
 -98.000   26.000  0.00000 3
 -98.000   27.000  0.00419 1
 -98.000   28.000  0.00711 4
 -98.000   29.000  0.00886 4
 -98.000   30.000  0.01103 9
 -98.000   31.000  0.01147 13
 -98.000   32.000  0.00925 8
 -98.000   33.000  0.00672 3
 -98.000   34.000  0.00449 7
 -98.000   35.000  0.00502 14
 -98.000   36.000  0.00944 19
 -98.000   37.000  0.01431 23
 -98.000   38.000  0.01347 19
 -98.000   39.000  0.01785 22
 -98.000   40.000  0.01948 15
 -98.000   41.000  0.01703 11
 -98.000   42.000  0.01092 9
 -98.000   43.000  0.01138 4
 -98.000   44.000  0.00516 5
 -98.000   45.000  0.00082 2
 -98.000   46.000 -0.00159 9
 -98.000   47.000 -0.00232 2
 -98.000   48.000 -0.00232 2
 -98.000   49.000  0.00000 0
 -98.000   50.000  0.00000 1
 -97.000   25.000  0.00000 0
 -97.000   26.000  0.00000 1
 -97.000   27.000  0.00231 1
 -97.000   28.000  0.00475 2
 -97.000   29.000  0.00697 7
 -97.000   30.000  0.00830 4
 -97.000   31.000  0.00817 3
 -97.000   32.000  0.00600 1
 -97.000   33.000  0.00232 1
 -97.000   34.000 -0.00144 1
 -97.000   35.000 -0.00135 5
 -97.000   36.000  0.00455 7
 -97.000   37.000  0.00805 13
 -97.000   38.000  0.00622 8
 -97.000   39.000  0.00679 8
 -97.000   40.000  0.00861 13
 -97.000   41.000  0.00405 10
 -97.000   42.000  0.00039 6
 -97.000   43.000  0.00346 6
 -97.000   44.000  0.00211 3
 -97.000   45.000 -0.00113 2
 -97.000   46.000 -0.00233 3
 -97.000   47.000 -0.00232 1
 -97.000   48.000 -0.00232 0
 -97.000   49.000  0.00000 3
 -97.000   50.000  0.00000 0
 -96.000   25.000  0.00000 3
 -96.000   26.000  0.00000 1
 -96.000   27.000  0.00231 0
 -96.000   28.000  0.00475 1
 -96.000   29.000  0.00697 4
 -96.000   30.000  0.00667 5
 -96.000   31.000  0.00667 2
 -96.000   32.000  0.00649 3
 -96.000   33.000  0.00078 5
 -96.000   34.000 -0.00370 2
 -96.000   35.000 -0.00354 7
 -96.000   36.000  0.00299 13
 -96.000   37.000  0.00412 17
 -96.000   38.000  0.00532 10
 -96.000   39.000  0.00646 14
 -96.000   40.000  0.01102 13
 -96.000   41.000  0.00617 13
 -96.000   42.000  0.00351 13
 -96.000   43.000  0.00497 7
 -96.000   44.000  0.00440 3
 -96.000   45.000 -0.00002 5
 -96.000   46.000 -0.00170 1
 -96.000   47.000 -0.00230 1
 -96.000   48.000 -0.00168 1
 -96.000   49.000  0.00000 1
 -96.000   50.000  0.00000 2
 -95.000   25.000  0.00000 2
 -95.000   26.000  0.00000 2
 -95.000   27.000  0.00231 5
 -95.000   28.000  0.00231 1
 -95.000   29.000  0.00325 5
 -95.000   30.000  0.00488 5
 -95.000   31.000  0.00488 6
 -95.000   32.000  0.00387 6
 -95.000   33.000  0.00156 3
 -95.000   34.000 -0.00121 6
 -95.000   35.000 -0.00310 18
 -95.000   36.000  0.00219 21
 -95.000   37.000  0.00052 14
 -95.000   38.000  0.00042 8
 -95.000   39.000  0.00091 12
 -95.000   40.000  0.00598 14
 -95.000   41.000  0.00236 11
 -95.000   42.000  0.00333 11
 -95.000   43.000  0.00352 6
 -95.000   44.000  0.00416 8
 -95.000   45.000 -0.00066 0
 -95.000   46.000 -0.00231 1
 -95.000   47.000 -0.00292 2
 -95.000   48.000 -0.00070 2
 -95.000   49.000  0.00000 2
 -95.000   50.000  0.00000 2
 -94.000   25.000  0.00000 1
 -94.000   26.000  0.00000 0
 -94.000   27.000  0.00000 1
 -94.000   28.000  0.00000 2
 -94.000   29.000  0.00094 3
 -94.000   30.000  0.00257 2
 -94.000   31.000  0.00257 2
 -94.000   32.000  0.00387 1
 -94.000   33.000  0.00006 4
 -94.000   34.000 -0.00214 8
 -94.000   35.000 -0.00209 13
 -94.000   36.000  0.00036 21
 -94.000   37.000 -0.00326 13
 -94.000   38.000 -0.00118 21
 -94.000   39.000  0.00020 20
 -94.000   40.000  0.00388 12
 -94.000   41.000  0.00342 8
 -94.000   42.000  0.00671 15
 -94.000   43.000  0.00530 11
 -94.000   44.000  0.00592 4
 -94.000   45.000  0.00057 8
 -94.000   46.000 -0.00142 3
 -94.000   47.000 -0.00240 5
 -94.000   48.000  0.00074 2
 -94.000   49.000  0.00000 3
 -94.000   50.000  0.00000 2
 -93.000   25.000  0.00000 2
 -93.000   26.000  0.00000 3
 -93.000   27.000  0.00000 2
 -93.000   28.000  0.00000 3
 -93.000   29.000  0.00504 1
 -93.000   30.000  0.00667 2
 -93.000   31.000  0.00667 7
 -93.000   32.000  0.00727 7
 -93.000   33.000  0.00303 5
 -93.000   34.000 -0.00530 4
 -93.000   35.000 -0.00609 13
 -93.000   36.000 -0.00422 30
 -93.000   37.000 -0.00636 18
 -93.000   38.000 -0.00575 23
 -93.000   39.000 -0.00229 8
 -93.000   40.000  0.00171 7
 -93.000   41.000  0.00287 7
 -93.000   42.000  0.00532 18
 -93.000   43.000  0.00526 12
 -93.000   44.000  0.00583 3
 -93.000   45.000  0.00099 6
 -93.000   46.000 -0.00205 7
 -93.000   47.000 -0.00295 1
 -93.000   48.000  0.00074 1
 -93.000   49.000  0.00000 2
 -93.000   50.000  0.00000 3
 -92.000   25.000  0.00000 2
 -92.000   26.000  0.00000 2
 -92.000   27.000  0.00000 3
 -92.000   28.000  0.00000 2
 -92.000   29.000  0.00708 4
 -92.000   30.000  0.00807 5
 -92.000   31.000  0.00179 0
 -92.000   32.000  0.00185 3
 -92.000   33.000  0.00000 2
 -92.000   34.000 -0.00824 5
 -92.000   35.000 -0.00771 17
 -92.000   36.000 -0.00134 23
 -92.000   37.000 -0.00310 11
 -92.000   38.000 -0.00389 18
 -92.000   39.000 -0.00233 10
 -92.000   40.000  0.00161 15
 -92.000   41.000  0.00290 9
 -92.000   42.000  0.00506 46
 -92.000   43.000  0.00401 22
 -92.000   44.000  0.00435 10
 -92.000   45.000 -0.00111 11
 -92.000   46.000 -0.00092 6
 -92.000   47.000 -0.00138 2
 -92.000   48.000  0.00231 3
 -92.000   49.000  0.00197 5
 -92.000   50.000  0.00262 4
 -91.000   25.000  0.00000 5
 -91.000   26.000  0.00000 1
 -91.000   27.000  0.00000 2
 -91.000   28.000 -0.00171 4
 -91.000   29.000  0.00487 3
 -91.000   30.000  0.00533 4
 -91.000   31.000 -0.00095 7
 -91.000   32.000 -0.00524 5
 -91.000   33.000 -0.00359 1
 -91.000   34.000 -0.01008 10
 -91.000   35.000 -0.00828 10
 -91.000   36.000 -0.00218 10
 -91.000   37.000 -0.00114 16
 -91.000   38.000 -0.00156 21
 -91.000   39.000 -0.00125 14
 -91.000   40.000  0.00151 15
 -91.000   41.000  0.00382 13
 -91.000   42.000  0.00915 44
 -91.000   43.000  0.00656 10
 -91.000   44.000  0.00689 8
 -91.000   45.000  0.00037 7
 -91.000   46.000 -0.00017 2
 -91.000   47.000 -0.00225 1
 -91.000   48.000  0.00081 2
 -91.000   49.000  0.00010 2
 -91.000   50.000  0.00262 0
 -90.000   25.000  0.00000 3
 -90.000   26.000  0.00076 1
 -90.000   27.000  0.00061 0
 -90.000   28.000 -0.00110 3
 -90.000   29.000  0.00502 5
 -90.000   30.000  0.00220 3
 -90.000   31.000 -0.00469 6
 -90.000   32.000 -0.00977 21
 -90.000   33.000 -0.00903 6
 -90.000   34.000 -0.01577 13
 -90.000   35.000 -0.01155 11
 -90.000   36.000 -0.00311 14
 -90.000   37.000  0.00044 5
 -90.000   38.000  0.00252 8
 -90.000   39.000  0.00600 7
 -90.000   40.000  0.00862 12
 -90.000   41.000  0.00904 21
 -90.000   42.000  0.01322 25
 -90.000   43.000  0.01186 7
 -90.000   44.000  0.01043 8
 -90.000   45.000  0.00491 3
 -90.000   46.000  0.00391 3
 -90.000   47.000  0.00126 4
 -90.000   48.000  0.00151 6
 -90.000   49.000  0.00010 1
 -90.000   50.000  0.00262 2
 -89.000   25.000  0.00000 2
 -89.000   26.000  0.00076 0
 -89.000   27.000  0.00061 5
 -89.000   28.000 -0.00110 5
 -89.000   29.000  0.00502 5
 -89.000   30.000  0.00220 8
 -89.000   31.000 -0.00469 13
 -89.000   32.000 -0.01073 6
 -89.000   33.000 -0.00806 3
 -89.000   34.000 -0.01486 18
 -89.000   35.000 -0.01048 14
 -89.000   36.000 -0.00067 7
 -89.000   37.000  0.00485 9
 -89.000   38.000  0.00564 7
 -89.000   39.000  0.00987 13
 -89.000   40.000  0.00992 8
 -89.000   41.000  0.00727 15
 -89.000   42.000  0.01062 26
 -89.000   43.000  0.01034 9
 -89.000   44.000  0.00718 10
 -89.000   45.000  0.00408 5
 -89.000   46.000  0.00477 4
 -89.000   47.000  0.00193 8
 -89.000   48.000  0.00047 0
 -89.000   49.000  0.00010 3
 -89.000   50.000  0.00262 1
 -88.000   25.000  0.00391 1
 -88.000   26.000  0.00377 3
 -88.000   27.000  0.00302 4
 -88.000   28.000  0.00131 7
 -88.000   29.000  0.00078 4
 -88.000   30.000 -0.00414 5
 -88.000   31.000 -0.01090 1
 -88.000   32.000 -0.01702 6
 -88.000   33.000 -0.01280 5
 -88.000   34.000 -0.01434 8
 -88.000   35.000 -0.00680 11
 -88.000   36.000  0.00357 61
 -88.000   37.000  0.00822 25
 -88.000   38.000  0.00784 19
 -88.000   39.000  0.01071 13
 -88.000   40.000  0.00990 29
 -88.000   41.000  0.00595 13
 -88.000   42.000  0.01001 12
 -88.000   43.000  0.01061 7
 -88.000   44.000  0.00903 12
 -88.000   45.000  0.00572 8
 -88.000   46.000  0.00697 3
 -88.000   47.000  0.00437 5
 -88.000   48.000  0.00164 4
 -88.000   49.000  0.00010 5
 -88.000   50.000  0.00262 1
 -87.000   25.000  0.00391 2
 -87.000   26.000  0.00377 2
 -87.000   27.000  0.00302 5
 -87.000   28.000  0.00131 0
 -87.000   29.000 -0.00173 3
 -87.000   30.000 -0.00627 5
 -87.000   31.000 -0.00814 4
 -87.000   32.000 -0.01178 4
 -87.000   33.000 -0.00994 5
 -87.000   34.000 -0.00881 15
 -87.000   35.000  0.00033 16
 -87.000   36.000  0.00601 18
 -87.000   37.000  0.00844 11
 -87.000   38.000  0.01089 13
 -87.000   39.000  0.01379 10
 -87.000   40.000  0.01011 12
 -87.000   41.000  0.00674 7
 -87.000   42.000  0.01099 8
 -87.000   43.000  0.01192 4
 -87.000   44.000  0.01129 12
 -87.000   45.000  0.00947 13
 -87.000   46.000  0.00836 6
 -87.000   47.000  0.00531 3
 -87.000   48.000  0.00180 2
 -87.000   49.000 -0.00113 3
 -87.000   50.000  0.00000 1
 -86.000   25.000 -0.00006 2
 -86.000   26.000  0.00079 7
 -86.000   27.000  0.00133 1
 -86.000   28.000  0.00133 7
 -86.000   29.000 -0.00159 1
 -86.000   30.000 -0.00284 3
 -86.000   31.000 -0.00498 9
 -86.000   32.000 -0.00522 10
 -86.000   33.000 -0.00810 13
 -86.000   34.000 -0.00832 6
 -86.000   35.000  0.00120 20
 -86.000   36.000  0.00544 19
 -86.000   37.000  0.00368 11
 -86.000   38.000  0.00783 9
 -86.000   39.000  0.01325 8
 -86.000   40.000  0.00885 9
 -86.000   41.000  0.00778 14
 -86.000   42.000  0.01094 18
 -86.000   43.000  0.01318 16
 -86.000   44.000  0.01197 16
 -86.000   45.000  0.01146 13
 -86.000   46.000  0.00975 7
 -86.000   47.000  0.00790 5
 -86.000   48.000  0.00341 1
 -86.000   49.000 -0.00048 2
 -86.000   50.000 -0.00162 1
 -85.000   25.000 -0.00006 1
 -85.000   26.000  0.00003 2
 -85.000   27.000  0.00072 3
 -85.000   28.000  0.00072 1
 -85.000   29.000 -0.00432 4
 -85.000   30.000 -0.00486 0
 -85.000   31.000 -0.00720 3
 -85.000   32.000 -0.00664 5
 -85.000   33.000 -0.00912 12
 -85.000   34.000 -0.00696 18
 -85.000   35.000  0.00177 12
 -85.000   36.000  0.00596 12
 -85.000   37.000  0.00281 7
 -85.000   38.000  0.00627 10
 -85.000   39.000  0.00925 5
 -85.000   40.000  0.00565 12
 -85.000   41.000  0.00521 12
 -85.000   42.000  0.00800 14
 -85.000   43.000  0.00963 13
 -85.000   44.000  0.01047 17
 -85.000   45.000  0.00940 13
 -85.000   46.000  0.00792 16
 -85.000   47.000  0.00703 9
 -85.000   48.000  0.00344 1
 -85.000   49.000 -0.00026 2
 -85.000   50.000 -0.00162 1
 -84.000   25.000 -0.00006 4
 -84.000   26.000  0.00003 7
 -84.000   27.000  0.00072 10
 -84.000   28.000  0.00072 0
 -84.000   29.000 -0.00432 9
 -84.000   30.000 -0.00486 4
 -84.000   31.000 -0.00943 5
 -84.000   32.000 -0.00598 5
 -84.000   33.000 -0.00630 24
 -84.000   34.000 -0.00364 11
 -84.000   35.000  0.00360 11
 -84.000   36.000  0.00944 5
 -84.000   37.000  0.00452 11
 -84.000   38.000  0.00618 9
 -84.000   39.000  0.00740 11
 -84.000   40.000  0.00701 20
 -84.000   41.000  0.00786 18
 -84.000   42.000  0.00961 21
 -84.000   43.000  0.01031 19
 -84.000   44.000  0.01282 15
 -84.000   45.000  0.01001 5
 -84.000   46.000  0.00784 21
 -84.000   47.000  0.00687 5
 -84.000   48.000  0.00385 1
 -84.000   49.000 -0.00026 4
 -84.000   50.000 -0.00162 7
 -83.000   25.000 -0.00397 0
 -83.000   26.000 -0.00298 2
 -83.000   27.000 -0.00066 5
 -83.000   28.000 -0.00066 1
 -83.000   29.000  0.00351 3
 -83.000   30.000  0.00508 1
 -83.000   31.000 -0.00181 6
 -83.000   32.000  0.00140 6
 -83.000   33.000 -0.00010 23
 -83.000   34.000 -0.00377 4
 -83.000   35.000  0.00349 3
 -83.000   36.000  0.01239 3
 -83.000   37.000  0.00683 14
 -83.000   38.000  0.01146 8
 -83.000   39.000  0.01267 13
 -83.000   40.000  0.00940 23
 -83.000   41.000  0.00994 9
 -83.000   42.000  0.01235 15
 -83.000   43.000  0.01065 26
 -83.000   44.000  0.01260 17
 -83.000   45.000  0.00993 18
 -83.000   46.000  0.00625 18
 -83.000   47.000  0.00448 13
 -83.000   48.000  0.00206 4
 -83.000   49.000 -0.00246 2
 -83.000   50.000 -0.00351 5
 -82.000   25.000 -0.00397 0
 -82.000   26.000 -0.00298 1
 -82.000   27.000 -0.00066 1
 -82.000   28.000 -0.00066 3
 -82.000   29.000  0.00351 4
 -82.000   30.000  0.00508 3
 -82.000   31.000 -0.00041 4
 -82.000   32.000  0.00240 3
 -82.000   33.000  0.00524 15
 -82.000   34.000  0.00078 11
 -82.000   35.000  0.00920 7
 -82.000   36.000  0.01870 6
 -82.000   37.000  0.01442 1
 -82.000   38.000  0.01511 5
 -82.000   39.000  0.01698 9
 -82.000   40.000  0.01223 6
 -82.000   41.000  0.01099 10
 -82.000   42.000  0.01190 14
 -82.000   43.000  0.00907 27
 -82.000   44.000  0.01106 11
 -82.000   45.000  0.00891 15
 -82.000   46.000  0.00516 9
 -82.000   47.000  0.00399 5
 -82.000   48.000  0.00232 5
 -82.000   49.000 -0.00205 3
 -82.000   50.000 -0.00328 3
 -81.000   25.000  0.00000 0
 -81.000   26.000  0.00000 1
 -81.000   27.000  0.00103 1
 -81.000   28.000  0.00250 0
 -81.000   29.000  0.00705 7
 -81.000   30.000  0.00586 2
 -81.000   31.000  0.00137 8
 -81.000   32.000  0.00314 2
 -81.000   33.000  0.00604 9
 -81.000   34.000  0.00139 5
 -81.000   35.000  0.00851 3
 -81.000   36.000  0.01755 4
 -81.000   37.000  0.01608 11
 -81.000   38.000  0.01425 9
 -81.000   39.000  0.01469 9
 -81.000   40.000  0.01103 11
 -81.000   41.000  0.00933 12
 -81.000   42.000  0.00926 12
 -81.000   43.000  0.00734 15
 -81.000   44.000  0.01138 7
 -81.000   45.000  0.00890 10
 -81.000   46.000  0.00397 13
 -81.000   47.000  0.00246 10
 -81.000   48.000  0.00239 7
 -81.000   49.000 -0.00250 2
 -81.000   50.000 -0.00298 1
 -80.000   25.000  0.00214 0
 -80.000   26.000  0.00161 0
 -80.000   27.000  0.00231 5
 -80.000   28.000  0.00379 3
 -80.000   29.000  0.01046 4
 -80.000   30.000  0.00918 1
 -80.000   31.000  0.00548 4
 -80.000   32.000  0.00726 2
 -80.000   33.000  0.00961 1
 -80.000   34.000  0.00290 1
 -80.000   35.000  0.00985 7
 -80.000   36.000  0.01699 4
 -80.000   37.000  0.01461 8
 -80.000   38.000  0.01403 7
 -80.000   39.000  0.01450 6
 -80.000   40.000  0.00902 12
 -80.000   41.000  0.00832 15
 -80.000   42.000  0.00953 12
 -80.000   43.000  0.00660 5
 -80.000   44.000  0.01127 5
 -80.000   45.000  0.00966 15
 -80.000   46.000  0.00247 20
 -80.000   47.000  0.00071 18
 -80.000   48.000  0.00236 8
 -80.000   49.000 -0.00343 5
 -80.000   50.000 -0.00436 1
 -79.000   25.000  0.00214 1
 -79.000   26.000  0.00161 2
 -79.000   27.000  0.00231 4
 -79.000   28.000  0.00665 2
 -79.000   29.000  0.01333 2
 -79.000   30.000  0.01204 7
 -79.000   31.000  0.01059 4
 -79.000   32.000  0.00834 3
 -79.000   33.000  0.00393 9
 -79.000   34.000 -0.00287 6
 -79.000   35.000  0.00447 14
 -79.000   36.000  0.00938 6
 -79.000   37.000  0.00968 4
 -79.000   38.000  0.01134 1
 -79.000   39.000  0.01191 3
 -79.000   40.000  0.00469 6
 -79.000   41.000  0.00329 4
 -79.000   42.000  0.00521 6
 -79.000   43.000  0.00230 9
 -79.000   44.000  0.00597 12
 -79.000   45.000  0.00757 19
 -79.000   46.000  0.00058 24
 -79.000   47.000 -0.00019 9
 -79.000   48.000  0.00279 18
 -79.000   49.000 -0.00164 11
 -79.000   50.000 -0.00509 7
 -78.000   25.000  0.00214 0
 -78.000   26.000  0.00161 0
 -78.000   27.000  0.00129 7
 -78.000   28.000  0.00563 2
 -78.000   29.000  0.00780 5
 -78.000   30.000  0.00652 5
 -78.000   31.000  0.00725 3
 -78.000   32.000  0.00736 2
 -78.000   33.000  0.00296 2
 -78.000   34.000  0.00028 4
 -78.000   35.000  0.00431 6
 -78.000   36.000  0.00816 9
 -78.000   37.000  0.00994 7
 -78.000   38.000  0.01278 4
 -78.000   39.000  0.01369 13
 -78.000   40.000  0.00959 11
 -78.000   41.000  0.00647 5
 -78.000   42.000  0.00508 3
 -78.000   43.000 -0.00061 6
 -78.000   44.000  0.00329 5
 -78.000   45.000  0.00508 27
 -78.000   46.000  0.00060 71
 -78.000   47.000  0.00004 26
 -78.000   48.000  0.00460 14
 -78.000   49.000  0.00038 17
 -78.000   50.000 -0.00237 12
 -77.000   25.000  0.00214 2
 -77.000   26.000  0.00161 0
 -77.000   27.000  0.00129 0
 -77.000   28.000  0.00563 4
 -77.000   29.000  0.00780 5
 -77.000   30.000  0.00507 10
 -77.000   31.000  0.01188 5
 -77.000   32.000  0.01433 5
 -77.000   33.000  0.00710 3
 -77.000   34.000  0.00255 7
 -77.000   35.000  0.00491 6
 -77.000   36.000  0.00193 2
 -77.000   37.000  0.00048 8
 -77.000   38.000  0.00556 6
 -77.000   39.000  0.00793 6
 -77.000   40.000  0.00698 8
 -77.000   41.000  0.00461 1
 -77.000   42.000  0.00411 6
 -77.000   43.000 -0.00103 3
 -77.000   44.000  0.00258 3
 -77.000   45.000  0.00451 14
 -77.000   46.000  0.00054 16
 -77.000   47.000 -0.00004 17
 -77.000   48.000  0.00465 13
 -77.000   49.000  0.00128 15
 -77.000   50.000 -0.00142 6
 -76.000   25.000  0.00214 0
 -76.000   26.000  0.00161 0
 -76.000   27.000  0.00129 0
 -76.000   28.000  0.00733 0
 -76.000   29.000  0.00951 4
 -76.000   30.000  0.00834 5
 -76.000   31.000  0.01441 7
 -76.000   32.000  0.01601 3
 -76.000   33.000  0.00812 5
 -76.000   34.000  0.00519 14
 -76.000   35.000  0.00655 5
 -76.000   36.000  0.00534 6
 -76.000   37.000  0.00475 5
 -76.000   38.000  0.00861 6
 -76.000   39.000  0.00936 8
 -76.000   40.000  0.00722 7
 -76.000   41.000  0.00247 2
 -76.000   42.000  0.00147 8
 -76.000   43.000 -0.00343 2
 -76.000   44.000 -0.00123 4
 -76.000   45.000  0.00241 10
 -76.000   46.000 -0.00015 10
 -76.000   47.000  0.00047 16
 -76.000   48.000  0.00375 13
 -76.000   49.000  0.00194 13
 -76.000   50.000 -0.00236 4
 -75.000   25.000  0.00000 0
 -75.000   26.000  0.00000 0
 -75.000   27.000  0.00000 0
 -75.000   28.000  0.00605 0
 -75.000   29.000  0.00823 1
 -75.000   30.000  0.00834 5
 -75.000   31.000  0.01441 2
 -75.000   32.000  0.01844 9
 -75.000   33.000  0.00997 10
 -75.000   34.000  0.00754 8
 -75.000   35.000  0.00838 5
 -75.000   36.000  0.00717 6
 -75.000   37.000  0.00576 5
 -75.000   38.000  0.00911 6
 -75.000   39.000  0.01019 3
 -75.000   40.000  0.01035 5
 -75.000   41.000  0.00548 2
 -75.000   42.000  0.00286 6
 -75.000   43.000 -0.00143 3
 -75.000   44.000 -0.00062 1
 -75.000   45.000  0.00099 1
 -75.000   46.000  0.00092 10
 -75.000   47.000  0.00251 15
 -75.000   48.000  0.00448 17
 -75.000   49.000  0.00356 16
 -75.000   50.000  0.00021 6
 -74.000   25.000  0.00000 0
 -74.000   26.000  0.00000 0
 -74.000   27.000  0.00000 0
 -74.000   28.000  0.00318 2
 -74.000   29.000  0.00536 5
 -74.000   30.000  0.00547 6
 -74.000   31.000  0.01155 5
 -74.000   32.000  0.01766 6
 -74.000   33.000  0.01335 4
 -74.000   34.000  0.01009 5
 -74.000   35.000  0.01219 2
 -74.000   36.000  0.01344 8
 -74.000   37.000  0.00941 6
 -74.000   38.000  0.01192 9
 -74.000   39.000  0.01383 3
 -74.000   40.000  0.01329 5
 -74.000   41.000  0.00596 3
 -74.000   42.000  0.00389 5
 -74.000   43.000 -0.00037 4
 -74.000   44.000  0.00064 2
 -74.000   45.000 -0.00019 4
 -74.000   46.000  0.00022 8
 -74.000   47.000  0.00146 11
 -74.000   48.000  0.00423 7
 -74.000   49.000  0.00300 7
 -74.000   50.000  0.00258 10
 -73.000   25.000  0.00000 0
 -73.000   26.000  0.00000 0
 -73.000   27.000  0.00000 0
 -73.000   28.000  0.00318 0
 -73.000   29.000  0.00318 0
 -73.000   30.000  0.00330 2
 -73.000   31.000  0.00937 2
 -73.000   32.000  0.01414 1
 -73.000   33.000  0.00983 5
 -73.000   34.000  0.00976 7
 -73.000   35.000  0.01345 7
 -73.000   36.000  0.01537 10
 -73.000   37.000  0.01235 5
 -73.000   38.000  0.01364 3
 -73.000   39.000  0.01453 8
 -73.000   40.000  0.01107 5
 -73.000   41.000  0.00308 6
 -73.000   42.000  0.00133 7
 -73.000   43.000 -0.00023 4
 -73.000   44.000 -0.00056 2
 -73.000   45.000  0.00168 6
 -73.000   46.000  0.00131 5
 -73.000   47.000  0.00283 5
 -73.000   48.000  0.00469 5
 -73.000   49.000  0.00525 12
 -73.000   50.000  0.00271 7
 -72.000   25.000  0.00000 0
 -72.000   26.000  0.00000 0
 -72.000   27.000  0.00000 0
 -72.000   28.000  0.00318 0
 -72.000   29.000  0.00318 1
 -72.000   30.000  0.00474 1
 -72.000   31.000  0.00474 2
 -72.000   32.000  0.00717 2
 -72.000   33.000  0.00286 0
 -72.000   34.000  0.00465 0
 -72.000   35.000  0.00690 3
 -72.000   36.000  0.01374 14
 -72.000   37.000  0.01299 11
 -72.000   38.000  0.01429 8
 -72.000   39.000  0.01332 8
 -72.000   40.000  0.01000 5
 -72.000   41.000  0.00315 4
 -72.000   42.000  0.00147 3
 -72.000   43.000 -0.00009 3
 -72.000   44.000 -0.00080 2
 -72.000   45.000  0.00036 6
 -72.000   46.000 -0.00065 5
 -72.000   47.000  0.00089 4
 -72.000   48.000  0.00402 2
 -72.000   49.000  0.00489 4
 -72.000   50.000  0.00378 9
 -71.000   25.000  0.00000 0
 -71.000   26.000  0.00000 0
 -71.000   27.000  0.00000 0
 -71.000   28.000  0.00000 0
 -71.000   29.000  0.00000 0
 -71.000   30.000  0.00000 0
 -71.000   31.000  0.00000 0
 -71.000   32.000  0.00243 0
 -71.000   33.000  0.00130 0
 -71.000   34.000  0.00167 0
 -71.000   35.000  0.00491 0
 -71.000   36.000  0.01071 13
 -71.000   37.000  0.01185 7
 -71.000   38.000  0.01314 6
 -71.000   39.000  0.01360 6
 -71.000   40.000  0.01084 7
 -71.000   41.000  0.00503 5
 -71.000   42.000  0.00147 7
 -71.000   43.000 -0.00009 2
 -71.000   44.000 -0.00091 2
 -71.000   45.000 -0.00030 3
 -71.000   46.000 -0.00030 0
 -71.000   47.000  0.00082 6
 -71.000   48.000  0.00472 5
 -71.000   49.000  0.00590 4
 -71.000   50.000  0.00605 9
 -70.000   25.000  0.00000 0
 -70.000   26.000  0.00000 0
 -70.000   27.000  0.00000 0
 -70.000   28.000  0.00000 0
 -70.000   29.000  0.00000 0
 -70.000   30.000  0.00000 0
 -70.000   31.000  0.00000 0
 -70.000   32.000  0.00000 0
 -70.000   33.000  0.00000 0
 -70.000   34.000 -0.00019 1
 -70.000   35.000  0.00305 1
 -70.000   36.000  0.00886 1
 -70.000   37.000  0.01152 5
 -70.000   38.000  0.01168 7
 -70.000   39.000  0.01187 6
 -70.000   40.000  0.00734 3
 -70.000   41.000  0.00153 2
 -70.000   42.000 -0.00112 3
 -70.000   43.000 -0.00220 3
 -70.000   44.000 -0.00220 3
 -70.000   45.000  0.00018 1
 -70.000   46.000  0.00018 2
 -70.000   47.000  0.00361 2
 -70.000   48.000  0.00743 2
 -70.000   49.000  0.00929 3
 -70.000   50.000  0.01057 10
 -69.000   25.000  0.00000 0
 -69.000   26.000  0.00000 0
 -69.000   27.000  0.00000 0
 -69.000   28.000  0.00000 0
 -69.000   29.000  0.00000 0
 -69.000   30.000  0.00000 0
 -69.000   31.000  0.00000 0
 -69.000   32.000  0.00000 0
 -69.000   33.000  0.00000 0
 -69.000   34.000  0.00064 0
 -69.000   35.000  0.00223 0
 -69.000   36.000  0.00556 1
 -69.000   37.000  0.00921 5
 -69.000   38.000  0.00938 3
 -69.000   39.000  0.00874 10
 -69.000   40.000  0.00586 5
 -69.000   41.000  0.00253 2
 -69.000   42.000 -0.00112 0
 -69.000   43.000 -0.00129 1
 -69.000   44.000 -0.00129 1
 -69.000   45.000  0.00109 1
 -69.000   46.000  0.00109 2
 -69.000   47.000  0.00500 0
 -69.000   48.000  0.00693 0
 -69.000   49.000  0.00866 5
 -69.000   50.000  0.00973 4
 -68.000   25.000  0.00000 0
 -68.000   26.000  0.00000 0
 -68.000   27.000  0.00000 0
 -68.000   28.000  0.00000 0
 -68.000   29.000  0.00000 0
 -68.000   30.000  0.00000 0
 -68.000   31.000  0.00000 0
 -68.000   32.000  0.00000 0
 -68.000   33.000  0.00000 0
 -68.000   34.000  0.00000 0
 -68.000   35.000  0.00000 0
 -68.000   36.000  0.00045 1
 -68.000   37.000  0.00227 5
 -68.000   38.000  0.00227 3
 -68.000   39.000  0.00373 5
 -68.000   40.000  0.00373 2
 -68.000   41.000  0.00327 3
 -68.000   42.000  0.00146 3
 -68.000   43.000  0.00146 1
 -68.000   44.000  0.00000 0
 -68.000   45.000  0.00000 0
 -68.000   46.000  0.00000 1
 -68.000   47.000  0.00391 0
 -68.000   48.000  0.00526 5
 -68.000   49.000  0.00658 7
 -68.000   50.000  0.00877 2
 -67.000   25.000  0.00000 0
 -67.000   26.000  0.00000 0
 -67.000   27.000  0.00000 0
 -67.000   28.000  0.00000 0
 -67.000   29.000  0.00000 0
 -67.000   30.000  0.00000 0
 -67.000   31.000  0.00000 0
 -67.000   32.000  0.00000 0
 -67.000   33.000  0.00000 0
 -67.000   34.000  0.00000 0
 -67.000   35.000  0.00000 0
 -67.000   36.000  0.00000 0
 -67.000   37.000  0.00188 1
 -67.000   38.000  0.00188 1
 -67.000   39.000  0.00334 3
 -67.000   40.000  0.00334 2
 -67.000   41.000  0.00334 3
 -67.000   42.000  0.00146 4
 -67.000   43.000  0.00146 2
 -67.000   44.000  0.00000 0
 -67.000   45.000  0.00000 0
 -67.000   46.000  0.00000 0
 -67.000   47.000  0.00391 2
 -67.000   48.000  0.00391 0
 -67.000   49.000  0.00489 7
 -67.000   50.000  0.00651 4
 -66.000   25.000  0.00000 0
 -66.000   26.000  0.00000 0
 -66.000   27.000  0.00000 0
 -66.000   28.000  0.00000 0
 -66.000   29.000  0.00000 0
 -66.000   30.000  0.00000 0
 -66.000   31.000  0.00000 0
 -66.000   32.000  0.00000 0
 -66.000   33.000  0.00000 0
 -66.000   34.000  0.00000 0
 -66.000   35.000  0.00000 1
 -66.000   36.000  0.00000 0
 -66.000   37.000  0.00000 3
 -66.000   38.000  0.00000 3
 -66.000   39.000  0.00182 1
 -66.000   40.000  0.00182 2
 -66.000   41.000  0.00182 6
 -66.000   42.000  0.00182 4
 -66.000   43.000  0.00182 1
 -66.000   44.000  0.00000 0
 -66.000   45.000  0.00000 0
 -66.000   46.000  0.00000 1
 -66.000   47.000  0.00489 0
 -66.000   48.000  0.00489 2
 -66.000   49.000  0.00611 3
 -66.000   50.000  0.00814 2
 -65.000   25.000  0.00000 0
 -65.000   26.000  0.00000 0
 -65.000   27.000  0.00000 0
 -65.000   28.000  0.00000 0
 -65.000   29.000  0.00000 0
 -65.000   30.000  0.00000 0
 -65.000   31.000  0.00000 0
 -65.000   32.000  0.00000 0
 -65.000   33.000  0.00000 0
 -65.000   34.000  0.00000 0
 -65.000   35.000  0.00000 0
 -65.000   36.000  0.00000 0
 -65.000   37.000  0.00000 1
 -65.000   38.000  0.00000 1
 -65.000   39.000  0.00243 0
 -65.000   40.000  0.00243 3
 -65.000   41.000  0.00243 3
 -65.000   42.000  0.00243 2
 -65.000   43.000  0.00243 0
 -65.000   44.000  0.00000 0
 -65.000   45.000  0.00000 4
 -65.000   46.000  0.00000 2
 -65.000   47.000  0.00080 3
 -65.000   48.000  0.00080 2
 -65.000   49.000  0.00100 3
 -65.000   50.000  0.00133 2
