-130.000   25.000  0.00000 0
-130.000   26.000  0.00000 0
-130.000   27.000  0.00000 0
-130.000   28.000  0.00000 0
-130.000   29.000  0.00000 0
-130.000   30.000  0.00000 0
-130.000   31.000  0.00000 0
-130.000   32.000  0.00000 0
-130.000   33.000  0.00000 0
-130.000   34.000  0.00000 0
-130.000   35.000  0.00000 0
-130.000   36.000  0.00000 0
-130.000   37.000  0.00000 0
-130.000   38.000  0.00000 0
-130.000   39.000  0.00000 0
-130.000   40.000  0.00000 0
-130.000   41.000  0.00000 0
-130.000   42.000  0.00000 0
-130.000   43.000  0.00000 0
-130.000   44.000  0.00000 0
-130.000   45.000  0.00000 0
-130.000   46.000  0.00000 0
-130.000   47.000 -0.00139 0
-130.000   48.000 -0.00327 0
-130.000   49.000 -0.00408 0
-130.000   50.000 -0.00544 1
-129.000   25.000  0.00000 0
-129.000   26.000  0.00000 0
-129.000   27.000  0.00000 0
-129.000   28.000  0.00000 0
-129.000   29.000  0.00000 0
-129.000   30.000  0.00000 0
-129.000   31.000  0.00000 0
-129.000   32.000  0.00000 0
-129.000   33.000  0.00000 0
-129.000   34.000  0.00000 0
-129.000   35.000  0.00000 0
-129.000   36.000  0.00000 0
-129.000   37.000  0.00000 0
-129.000   38.000  0.00000 0
-129.000   39.000  0.00000 0
-129.000   40.000  0.00000 0
-129.000   41.000  0.00000 0
-129.000   42.000  0.00000 0
-129.000   43.000  0.00000 0
-129.000   44.000  0.00000 0
-129.000   45.000  0.00000 0
-129.000   46.000 -0.00076 0
-129.000   47.000 -0.00181 0
-129.000   48.000 -0.00321 0
-129.000   49.000 -0.00401 10
-129.000   50.000 -0.00535 6
-128.000   25.000  0.00000 0
-128.000   26.000  0.00000 0
-128.000   27.000  0.00000 0
-128.000   28.000  0.00000 0
-128.000   29.000  0.00000 0
-128.000   30.000  0.00000 0
-128.000   31.000  0.00000 0
-128.000   32.000  0.00000 0
-128.000   33.000  0.00000 0
-128.000   34.000  0.00000 0
-128.000   35.000  0.00000 0
-128.000   36.000  0.00000 0
-128.000   37.000  0.00000 0
-128.000   38.000  0.00038 0
-128.000   39.000  0.00170 0
-128.000   40.000  0.00178 0
-128.000   41.000  0.00176 0
-128.000   42.000  0.00210 0
-128.000   43.000  0.00127 0
-128.000   44.000  0.00041 0
-128.000   45.000 -0.00008 0
-128.000   46.000 -0.00119 0
-128.000   47.000 -0.00269 0
-128.000   48.000 -0.00177 0
-128.000   49.000 -0.00278 3
-128.000   50.000 -0.00302 4
-127.000   25.000  0.00000 0
-127.000   26.000  0.00000 0
-127.000   27.000  0.00000 0
-127.000   28.000  0.00000 0
-127.000   29.000  0.00000 0
-127.000   30.000  0.00000 0
-127.000   31.000  0.00000 0
-127.000   32.000  0.00000 0
-127.000   33.000  0.00000 0
-127.000   34.000  0.00000 0
-127.000   35.000  0.00183 0
-127.000   36.000  0.00270 0
-127.000   37.000  0.00362 0
-127.000   38.000  0.00495 0
-127.000   39.000  0.00587 0
-127.000   40.000  0.00396 0
-127.000   41.000  0.00224 0
-127.000   42.000  0.00158 0
-127.000   43.000  0.00003 0
-127.000   44.000 -0.00020 0
-127.000   45.000 -0.00075 0
-127.000   46.000 -0.00147 0
-127.000   47.000 -0.00218 0
-127.000   48.000 -0.00157 11
-127.000   49.000 -0.00284 3
-127.000   50.000 -0.00275 0
-126.000   25.000  0.00000 0
-126.000   26.000  0.00000 0
-126.000   27.000  0.00000 0
-126.000   28.000  0.00000 0
-126.000   29.000  0.00000 0
-126.000   30.000  0.00000 0
-126.000   31.000  0.00000 0
-126.000   32.000  0.00000 0
-126.000   33.000  0.00000 0
-126.000   34.000  0.00017 0
-126.000   35.000  0.00229 0
-126.000   36.000  0.00365 0
-126.000   37.000  0.00458 0
-126.000   38.000  0.00617 0
-126.000   39.000  0.00694 2
-126.000   40.000  0.00434 10
-126.000   41.000  0.00260 20
-126.000   42.000  0.00152 25
-126.000   43.000 -0.00025 35
-126.000   44.000 -0.00037 38
-126.000   45.000 -0.00060 29
-126.000   46.000 -0.00238 19
-126.000   47.000 -0.00188 41
-126.000   48.000  0.00054 36
-126.000   49.000 -0.00034 21
-126.000   50.000  0.00073 25
-125.000   25.000  0.00000 0
-125.000   26.000  0.00000 0
-125.000   27.000  0.00000 0
-125.000   28.000  0.00000 0
-125.000   29.000  0.00000 0
-125.000   30.000  0.00000 0
-125.000   31.000  0.00000 0
-125.000   32.000  0.00000 0
-125.000   33.000  0.00075 0
-125.000   34.000  0.00146 0
-125.000   35.000  0.00385 0
-125.000   36.000  0.00523 0
-125.000   37.000  0.00611 13
-125.000   38.000  0.00665 15
-125.000   39.000  0.00636 27
-125.000   40.000  0.00288 41
-125.000   41.000  0.00135 86
-125.000   42.000  0.00024 99
-125.000   43.000 -0.00189 134
-125.000   44.000 -0.00121 103
-125.000   45.000 -0.00028 95
-125.000   46.000 -0.00218 114
-125.000   47.000 -0.00139 153
-125.000   48.000  0.00169 146
-125.000   49.000  0.00074 32
-125.000   50.000  0.00125 6
-124.000   25.000  0.00000 0
-124.000   26.000  0.00000 0
-124.000   27.000  0.00000 0
-124.000   28.000  0.00000 0
-124.000   29.000  0.00000 0
-124.000   30.000  0.00000 0
-124.000   31.000  0.00000 0
-124.000   32.000  0.00109 0
-124.000   33.000  0.00160 0
-124.000   34.000  0.00219 0
-124.000   35.000  0.00439 0
-124.000   36.000  0.00587 7
-124.000   37.000  0.00599 27
-124.000   38.000  0.00731 31
-124.000   39.000  0.00679 83
-124.000   40.000  0.00394 91
-124.000   41.000  0.00329 125
-124.000   42.000  0.00225 57
-124.000   43.000 -0.00011 98
-124.000   44.000  0.00094 61
-124.000   45.000  0.00079 96
-124.000   46.000 -0.00176 113
-124.000   47.000 -0.00068 132
-124.000   48.000  0.00232 159
-124.000   49.000  0.00150 71
-124.000   50.000  0.00333 14
-123.000   25.000  0.00000 0
-123.000   26.000  0.00000 0
-123.000   27.000  0.00000 0
-123.000   28.000  0.00000 0
-123.000   29.000  0.00000 0
-123.000   30.000  0.00036 0
-123.000   31.000  0.00115 0
-123.000   32.000  0.00234 0
-123.000   33.000  0.00263 0
-123.000   34.000  0.00335 0
-123.000   35.000  0.00524 18
-123.000   36.000  0.00588 40
-123.000   37.000  0.00557 69
-123.000   38.000  0.00656 57
-123.000   39.000  0.00417 102
-123.000   40.000  0.00140 78
-123.000   41.000  0.00037 118
-123.000   42.000 -0.00153 88
-123.000   43.000 -0.00333 102
-123.000   44.000 -0.00130 80
-123.000   45.000 -0.00131 102
-123.000   46.000 -0.00235 102
-123.000   47.000  0.00057 134
-123.000   48.000  0.00196 101
-123.000   49.000  0.00201 35
-123.000   50.000  0.00357 1
-122.000   25.000  0.00000 0
-122.000   26.000  0.00000 0
-122.000   27.000  0.00000 0
-122.000   28.000  0.00000 0
-122.000   29.000  0.00000 0
-122.000   30.000  0.00052 0
-122.000   31.000  0.00181 0
-122.000   32.000  0.00333 0
-122.000   33.000  0.00354 1
-122.000   34.000  0.00427 12
-122.000   35.000  0.00419 43
-122.000   36.000  0.00329 50
-122.000   37.000  0.00140 127
-122.000   38.000  0.00163 107
-122.000   39.000 -0.00015 124
-122.000   40.000 -0.00073 119
-122.000   41.000 -0.00179 109
-122.000   42.000 -0.00279 114
-122.000   43.000 -0.00435 107
-122.000   44.000 -0.00330 101
-122.000   45.000 -0.00440 110
-122.000   46.000 -0.00404 145
-122.000   47.000 -0.00162 84
-122.000   48.000  0.00096 60
-122.000   49.000  0.00120 19
-122.000   50.000  0.00367 14
-121.000   25.000  0.00000 0
-121.000   26.000  0.00000 0
-121.000   27.000  0.00000 0
-121.000   28.000  0.00000 0
-121.000   29.000  0.00000 0
-121.000   30.000  0.00023 0
-121.000   31.000  0.00127 0
-121.000   32.000  0.00301 16
-121.000   33.000  0.00311 35
-121.000   34.000  0.00365 107
-121.000   35.000  0.00398 113
-121.000   36.000  0.00254 115
-121.000   37.000  0.00000 149
-121.000   38.000  0.00049 92
-121.000   39.000 -0.00093 112
-121.000   40.000 -0.00156 92
-121.000   41.000 -0.00256 77
-121.000   42.000 -0.00366 61
-121.000   43.000 -0.00610 101
-121.000   44.000 -0.00591 64
-121.000   45.000 -0.00703 125
-121.000   46.000 -0.00549 144
-121.000   47.000 -0.00278 116
-121.000   48.000 -0.00020 86
-121.000   49.000  0.00060 48
-121.000   50.000  0.00278 9
-120.000   25.000  0.00000 0
-120.000   26.000  0.00000 0
-120.000   27.000  0.00000 0
-120.000   28.000  0.00000 0
-120.000   29.000 -0.00016 0
-120.000   30.000  0.00026 0
-120.000   31.000  0.00093 0
-120.000   32.000  0.00248 33
-120.000   33.000  0.00248 149
-120.000   34.000  0.00228 229
-120.000   35.000  0.00216 273
-120.000   36.000  0.00025 138
-120.000   37.000 -0.00200 135
-120.000   38.000 -0.00091 84
-120.000   39.000 -0.00035 81
-120.000   40.000  0.00066 45
-120.000   41.000  0.00012 60
-120.000   42.000 -0.00158 77
-120.000   43.000 -0.00340 86
-120.000   44.000 -0.00393 99
-120.000   45.000 -0.00669 115
-120.000   46.000 -0.00518 116
-120.000   47.000 -0.00157 103
-120.000   48.000  0.00102 62
-120.000   49.000  0.00168 19
-120.000   50.000  0.00466 6
-119.000   25.000  0.00000 0
-119.000   26.000  0.00000 0
-119.000   27.000  0.00000 0
-119.000   28.000  0.00000 0
-119.000   29.000 -0.00016 0
-119.000   30.000 -0.00030 0
-119.000   31.000  0.00016 2
-119.000   32.000  0.00053 111
-119.000   33.000  0.00117 195
-119.000   34.000  0.00115 195
-119.000   35.000  0.00209 303
-119.000   36.000 -0.00035 138
-119.000   37.000 -0.00196 162
-119.000   38.000 -0.00256 63
-119.000   39.000 -0.00361 63
-119.000   40.000 -0.00466 23
-119.000   41.000 -0.00577 59
-119.000   42.000 -0.00800 45
-119.000   43.000 -0.00959 42
-119.000   44.000 -0.00895 77
-119.000   45.000 -0.00938 128
-119.000   46.000 -0.00522 132
-119.000   47.000 -0.00084 106
-119.000   48.000  0.00235 46
-119.000   49.000  0.00368 34
-119.000   50.000  0.00603 2
-118.000   25.000  0.00000 0
-118.000   26.000  0.00000 0
-118.000   27.000  0.00000 0
-118.000   28.000  0.00000 0
-118.000   29.000 -0.00023 0
-118.000   30.000  0.00006 0
-118.000   31.000 -0.00044 11
-118.000   32.000 -0.00031 268
-118.000   33.000  0.00052 389
-118.000   34.000  0.00062 461
-118.000   35.000  0.00057 178
-118.000   36.000 -0.00056 160
-118.000   37.000 -0.00172 115
-118.000   38.000 -0.00238 52
-118.000   39.000 -0.00343 54
-118.000   40.000 -0.00444 34
-118.000   41.000 -0.00549 77
-118.000   42.000 -0.00719 34
-118.000   43.000 -0.00842 77
-118.000   44.000 -0.00775 68
-118.000   45.000 -0.00693 123
-118.000   46.000 -0.00268 77
-118.000   47.000  0.00070 68
-118.000   48.000  0.00349 41
-118.000   49.000  0.00500 23
-118.000   50.000  0.00659 6
-117.000   25.000  0.00000 0
-117.000   26.000  0.00000 0
-117.000   27.000  0.00000 0
-117.000   28.000  0.00000 0
-117.000   29.000  0.00017 0
-117.000   30.000  0.00032 0
-117.000   31.000 -0.00097 70
-117.000   32.000 -0.00083 261
-117.000   33.000 -0.00038 398
-117.000   34.000 -0.00086 260
-117.000   35.000 -0.00082 183
-117.000   36.000 -0.00083 159
-117.000   37.000 -0.00045 95
-117.000   38.000  0.00044 43
-117.000   39.000 -0.00157 102
-117.000   40.000 -0.00224 91
-117.000   41.000 -0.00230 325
-117.000   42.000 -0.00540 57
-117.000   43.000 -0.00764 89
-117.000   44.000 -0.00618 68
-117.000   45.000 -0.00483 70
-117.000   46.000 -0.00136 82
-117.000   47.000  0.00302 40
-117.000   48.000  0.00597 28
-117.000   49.000  0.00853 20
-117.000   50.000  0.00992 0
-116.000   25.000  0.00000 0
-116.000   26.000  0.00000 0
-116.000   27.000  0.00000 0
-116.000   28.000  0.00000 0
-116.000   29.000  0.00016 0
-116.000   30.000  0.00058 0
-116.000   31.000 -0.00057 132
-116.000   32.000 -0.00096 302
-116.000   33.000 -0.00016 255
-116.000   34.000 -0.00078 351
-116.000   35.000 -0.00159 196
-116.000   36.000 -0.00099 108
-116.000   37.000  0.00070 83
-116.000   38.000  0.00068 27
-116.000   39.000 -0.00136 122
-116.000   40.000 -0.00191 39
-116.000   41.000 -0.00182 91
-116.000   42.000 -0.00439 60
-116.000   43.000 -0.00509 99
-116.000   44.000 -0.00290 110
-116.000   45.000  0.00045 99
-116.000   46.000  0.00367 48
-116.000   47.000  0.00812 64
-116.000   48.000  0.01009 45
-116.000   49.000  0.01299 16
-116.000   50.000  0.01331 6
-115.000   25.000  0.00000 0
-115.000   26.000  0.00000 0
-115.000   27.000  0.00000 0
-115.000   28.000 -0.00095 0
-115.000   29.000  0.00068 0
-115.000   30.000  0.00203 0
-115.000   31.000  0.00184 122
-115.000   32.000  0.00141 245
-115.000   33.000  0.00248 176
-115.000   34.000 -0.00023 166
-115.000   35.000 -0.00213 115
-115.000   36.000 -0.00205 78
-115.000   37.000 -0.00074 77
-115.000   38.000 -0.00075 38
-115.000   39.000 -0.00302 198
-115.000   40.000 -0.00423 33
-115.000   41.000 -0.00468 34
-115.000   42.000 -0.00619 51
-115.000   43.000 -0.00661 75
-115.000   44.000 -0.00392 60
-115.000   45.000 -0.00041 59
-115.000   46.000  0.00338 37
-115.000   47.000  0.00761 40
-115.000   48.000  0.00885 21
-115.000   49.000  0.01187 14
-115.000   50.000  0.01292 8
-114.000   25.000  0.00000 0
-114.000   26.000  0.00000 0
-114.000   27.000  0.00000 0
-114.000   28.000 -0.00036 0
-114.000   29.000  0.00018 0
-114.000   30.000  0.00207 0
-114.000   31.000  0.00152 74
-114.000   32.000  0.00114 129
-114.000   33.000  0.00185 180
-114.000   34.000 -0.00032 95
-114.000   35.000 -0.00324 114
-114.000   36.000 -0.00190 60
-114.000   37.000 -0.00063 71
-114.000   38.000  0.00015 41
-114.000   39.000 -0.00051 246
-114.000   40.000 -0.00062 34
-114.000   41.000 -0.00200 62
-114.000   42.000 -0.00259 59
-114.000   43.000 -0.00387 50
-114.000   44.000 -0.00181 38
-114.000   45.000  0.00124 48
-114.000   46.000  0.00460 45
-114.000   47.000  0.00855 24
-114.000   48.000  0.00962 22
-114.000   49.000  0.01233 18
-114.000   50.000  0.01324 2
-113.000   25.000  0.00000 0
-113.000   26.000  0.00000 0
-113.000   27.000  0.00000 0
-113.000   28.000  0.00032 0
-113.000   29.000  0.00193 0
-113.000   30.000  0.00334 8
-113.000   31.000  0.00327 32
-113.000   32.000  0.00303 62
-113.000   33.000  0.00257 109
-113.000   34.000 -0.00187 82
-113.000   35.000 -0.00435 93
-113.000   36.000 -0.00428 64
-113.000   37.000 -0.00387 35
-113.000   38.000 -0.00233 25
-113.000   39.000 -0.00206 49
-113.000   40.000 -0.00159 29
-113.000   41.000 -0.00212 40
-113.000   42.000 -0.00223 95
-113.000   43.000 -0.00387 68
-113.000   44.000 -0.00140 66
-113.000   45.000  0.00011 52
-113.000   46.000  0.00264 42
-113.000   47.000  0.00842 27
-113.000   48.000  0.00949 21
-113.000   49.000  0.01197 19
-113.000   50.000  0.01445 2
-112.000   25.000  0.00000 0
-112.000   26.000  0.00000 0
-112.000   27.000  0.00000 0
-112.000   28.000  0.00091 0
-112.000   29.000  0.00178 0
-112.000   30.000  0.00302 27
-112.000   31.000  0.00343 24
-112.000   32.000  0.00305 63
-112.000   33.000  0.00274 51
-112.000   34.000 -0.00015 66
-112.000   35.000 -0.00289 38
-112.000   36.000 -0.00395 53
-112.000   37.000 -0.00549 40
-112.000   38.000 -0.00667 46
-112.000   39.000 -0.00647 39
-112.000   40.000 -0.00608 67
-112.000   41.000 -0.00489 24
-112.000   42.000 -0.00232 42
-112.000   43.000 -0.00257 77
-112.000   44.000 -0.00019 163
-112.000   45.000  0.00182 91
-112.000   46.000  0.00247 25
-112.000   47.000  0.00865 27
-112.000   48.000  0.00949 31
-112.000   49.000  0.01116 10
-112.000   50.000  0.01338 5
-111.000   25.000  0.00000 0
-111.000   26.000  0.00000 0
-111.000   27.000  0.00000 0
-111.000   28.000 -0.00034 0
-111.000   29.000 -0.00024 0
-111.000   30.000  0.00120 16
-111.000   31.000  0.00122 33
-111.000   32.000  0.00071 50
-111.000   33.000  0.00097 55
-111.000   34.000 -0.00099 81
-111.000   35.000 -0.00315 81
-111.000   36.000 -0.00437 72
-111.000   37.000 -0.00660 37
-111.000   38.000 -0.00783 37
-111.000   39.000 -0.00767 37
-111.000   40.000 -0.00741 46
-111.000   41.000 -0.00666 34
-111.000   42.000 -0.00306 100
-111.000   43.000 -0.00305 74
-111.000   44.000 -0.00079 86
-111.000   45.000 -0.00134 40
-111.000   46.000  0.00007 44
-111.000   47.000  0.00544 22
-111.000   48.000  0.00673 19
-111.000   49.000  0.00773 20
-111.000   50.000  0.01196 3
-110.000   25.000  0.00000 0
-110.000   26.000  0.00000 0
-110.000   27.000  0.00000 0
-110.000   28.000  0.00086 0
-110.000   29.000 -0.00035 2
-110.000   30.000  0.00015 18
-110.000   31.000 -0.00100 19
-110.000   32.000 -0.00155 56
-110.000   33.000 -0.00320 71
-110.000   34.000 -0.00283 65
-110.000   35.000 -0.00301 51
-110.000   36.000 -0.00237 51
-110.000   37.000 -0.00435 44
-110.000   38.000 -0.00420 55
-110.000   39.000 -0.00588 55
-110.000   40.000 -0.00676 44
-110.000   41.000 -0.00598 94
-110.000   42.000 -0.00260 158
-110.000   43.000 -0.00350 49
-110.000   44.000 -0.00061 59
-110.000   45.000 -0.00075 38
-110.000   46.000 -0.00022 40
-110.000   47.000  0.00627 28
-110.000   48.000  0.00782 25
-110.000   49.000  0.00930 16
-110.000   50.000  0.01358 3
-109.000   25.000  0.00000 0
-109.000   26.000  0.00000 0
-109.000   27.000  0.00000 0
-109.000   28.000  0.00026 0
-109.000   29.000 -0.00042 2
-109.000   30.000  0.00060 20
-109.000   31.000 -0.00021 24
-109.000   32.000 -0.00047 61
-109.000   33.000 -0.00167 123
-109.000   34.000 -0.00110 42
-109.000   35.000 -0.00143 41
-109.000   36.000 -0.00142 34
-109.000   37.000 -0.00371 41
-109.000   38.000 -0.00454 56
-109.000   39.000 -0.00677 46
-109.000   40.000 -0.00842 28
-109.000   41.000 -0.00620 89
-109.000   42.000 -0.00294 70
-109.000   43.000 -0.00326 68
-109.000   44.000 -0.00050 61
-109.000   45.000  0.00013 48
-109.000   46.000 -0.00004 31
-109.000   47.000  0.00573 27
-109.000   48.000  0.00879 25
-109.000   49.000  0.01045 12
-109.000   50.000  0.01450 3
-108.000   25.000  0.00000 0
-108.000   26.000  0.00000 0
-108.000   27.000  0.00000 0
-108.000   28.000 -0.00022 0
-108.000   29.000 -0.00181 1
-108.000   30.000 -0.00069 31
-108.000   31.000 -0.00128 28
-108.000   32.000 -0.00110 32
-108.000   33.000 -0.00055 75
-108.000   34.000  0.00190 48
-108.000   35.000  0.00246 95
-108.000   36.000  0.00271 41
-108.000   37.000  0.00128 47
-108.000   38.000 -0.00181 37
-108.000   39.000 -0.00406 52
-108.000   40.000 -0.00628 48
-108.000   41.000 -0.00400 63
-108.000   42.000 -0.00156 63
-108.000   43.000 -0.00115 102
-108.000   44.000  0.00098 69
-108.000   45.000  0.00162 39
-108.000   46.000  0.00093 40
-108.000   47.000  0.00575 39
-108.000   48.000  0.00908 20
-108.000   49.000  0.01043 6
-108.000   50.000  0.01372 5
-107.000   25.000  0.00000 0
-107.000   26.000 -0.00359 0
-107.000   27.000 -0.00473 0
-107.000   28.000 -0.00645 0
-107.000   29.000 -0.00780 0
-107.000   30.000 -0.00631 4
-107.000   31.000 -0.00468 66
-107.000   32.000 -0.00358 65
-107.000   33.000 -0.00164 71
-107.000   34.000  0.00037 45
-107.000   35.000  0.00114 54
-107.000   36.000  0.00287 45
-107.000   37.000  0.00386 53
-107.000   38.000  0.00206 55
-107.000   39.000  0.00056 85
-107.000   40.000 -0.00214 52
-107.000   41.000 -0.00089 53
-107.000   42.000  0.00017 95
-107.000   43.000  0.00067 120
-107.000   44.000  0.00151 44
-107.000   45.000  0.00271 29
-107.000   46.000  0.00258 36
-107.000   47.000  0.00584 34
-107.000   48.000  0.00854 15
-107.000   49.000  0.01068 10
-107.000   50.000  0.01298 7
-106.000   25.000  0.00065 0
-106.000   26.000 -0.00355 0
-106.000   27.000 -0.00468 0
-106.000   28.000 -0.00479 0
-106.000   29.000 -0.00549 3
-106.000   30.000 -0.00420 17
-106.000   31.000 -0.00195 39
-106.000   32.000 -0.00084 156
-106.000   33.000  0.00001 76
-106.000   34.000  0.00174 71
-106.000   35.000  0.00189 56
-106.000   36.000  0.00369 77
-106.000   37.000  0.00483 37
-106.000   38.000  0.00394 90
-106.000   39.000  0.00132 50
-106.000   40.000 -0.00091 58
-106.000   41.000  0.00028 59
-106.000   42.000  0.00082 72
-106.000   43.000  0.00038 102
-106.000   44.000  0.00265 57
-106.000   45.000  0.00513 26
-106.000   46.000  0.00418 26
-106.000   47.000  0.00731 16
-106.000   48.000  0.00988 36
-106.000   49.000  0.01150 21
-106.000   50.000  0.01189 3
-105.000   25.000  0.00065 0
-105.000   26.000 -0.00347 0
-105.000   27.000 -0.00520 0
-105.000   28.000 -0.00529 19
-105.000   29.000 -0.00628 34
-105.000   30.000 -0.00575 94
-105.000   31.000 -0.00253 62
-105.000   32.000 -0.00001 96
-105.000   33.000  0.00167 74
-105.000   34.000  0.00404 78
-105.000   35.000  0.00431 69
-105.000   36.000  0.00495 65
-105.000   37.000  0.00527 47
-105.000   38.000  0.00339 44
-105.000   39.000  0.00153 65
-105.000   40.000  0.00097 45
-105.000   41.000  0.00206 46
-105.000   42.000  0.00348 52
-105.000   43.000  0.00320 55
-105.000   44.000  0.00447 58
-105.000   45.000  0.00625 45
-105.000   46.000  0.00577 35
-105.000   47.000  0.00567 31
-105.000   48.000  0.00822 30
-105.000   49.000  0.00930 16
-105.000   50.000  0.00838 10
-104.000   25.000  0.00065 0
-104.000   26.000 -0.00347 0
-104.000   27.000 -0.00419 8
-104.000   28.000 -0.00392 29
-104.000   29.000 -0.00457 22
-104.000   30.000 -0.00486 58
-104.000   31.000 -0.00105 81
-104.000   32.000  0.00113 123
-104.000   33.000  0.00156 92
-104.000   34.000  0.00369 73
-104.000   35.000  0.00400 101
-104.000   36.000  0.00453 49
-104.000   37.000  0.00483 55
-104.000   38.000  0.00430 41
-104.000   39.000  0.00256 22
-104.000   40.000  0.00356 63
-104.000   41.000  0.00328 31
-104.000   42.000  0.00385 37
-104.000   43.000  0.00353 38
-104.000   44.000  0.00405 39
-104.000   45.000  0.00385 40
-104.000   46.000  0.00264 54
-104.000   47.000  0.00265 38
-104.000   48.000  0.00411 25
-104.000   49.000  0.00481 23
-104.000   50.000  0.00441 8
-103.000   25.000  0.00174 0
-103.000   26.000 -0.00239 0
-103.000   27.000 -0.00392 5
-103.000   28.000 -0.00431 31
-103.000   29.000 -0.00535 14
-103.000   30.000 -0.00575 69
-103.000   31.000 -0.00220 78
-103.000   32.000  0.00073 72
-103.000   33.000  0.00145 60
-103.000   34.000  0.00457 46
-103.000   35.000  0.00409 61
-103.000   36.000  0.00423 52
-103.000   37.000  0.00389 43
-103.000   38.000  0.00448 49
-103.000   39.000  0.00196 31
-103.000   40.000  0.00274 32
-103.000   41.000  0.00224 44
-103.000   42.000  0.00317 45
-103.000   43.000  0.00186 39
-103.000   44.000  0.00245 40
-103.000   45.000  0.00301 42
-103.000   46.000  0.00128 35
-103.000   47.000  0.00036 42
-103.000   48.000  0.00128 31
-103.000   49.000  0.00141 16
-103.000   50.000 -0.00061 4
-102.000   25.000  0.00259 0
-102.000   26.000  0.00184 0
-102.000   27.000  0.00142 0
-102.000   28.000  0.00198 2
-102.000   29.000  0.00193 33
-102.000   30.000  0.00179 56
-102.000   31.000  0.00306 75
-102.000   32.000  0.00495 93
-102.000   33.000  0.00400 37
-102.000   34.000  0.00568 37
-102.000   35.000  0.00398 31
-102.000   36.000  0.00271 29
-102.000   37.000  0.00096 49
-102.000   38.000  0.00151 30
-102.000   39.000 -0.00115 53
-102.000   40.000  0.00038 54
-102.000   41.000  0.00097 26
-102.000   42.000  0.00243 43
-102.000   43.000  0.00135 29
-102.000   44.000  0.00278 39
-102.000   45.000  0.00221 48
-102.000   46.000  0.00001 41
-102.000   47.000 -0.00012 46
-102.000   48.000  0.00068 18
-102.000   49.000  0.00033 16
-102.000   50.000 -0.00066 7
-101.000   25.000 -0.00062 0
-101.000   26.000  0.00080 0
-101.000   27.000  0.00090 6
-101.000   28.000  0.00140 38
-101.000   29.000  0.00257 40
-101.000   30.000  0.00289 53
-101.000   31.000  0.00358 79
-101.000   32.000  0.00575 55
-101.000   33.000  0.00474 73
-101.000   34.000  0.00560 60
-101.000   35.000  0.00452 42
-101.000   36.000  0.00241 23
-101.000   37.000  0.00036 32
-101.000   38.000  0.00106 38
-101.000   39.000 -0.00080 56
-101.000   40.000 -0.00004 48
-101.000   41.000  0.00129 40
-101.000   42.000  0.00313 33
-101.000   43.000  0.00164 38
-101.000   44.000  0.00248 44
-101.000   45.000  0.00110 34
-101.000   46.000 -0.00018 53
-101.000   47.000 -0.00095 51
-101.000   48.000  0.00019 21
-101.000   49.000  0.00042 38
-101.000   50.000  0.00155 10
-100.000   25.000 -0.00139 0
-100.000   26.000 -0.00058 2
-100.000   27.000  0.00040 11
-100.000   28.000  0.00154 46
-100.000   29.000  0.00263 96
-100.000   30.000  0.00449 56
-100.000   31.000  0.00513 85
-100.000   32.000  0.00582 48
-100.000   33.000  0.00395 54
-100.000   34.000  0.00423 38
-100.000   35.000  0.00115 58
-100.000   36.000 -0.00000 65
-100.000   37.000 -0.00087 67
-100.000   38.000  0.00043 68
-100.000   39.000 -0.00105 32
-100.000   40.000  0.00024 54
-100.000   41.000  0.00139 34
-100.000   42.000  0.00198 60
-100.000   43.000  0.00021 45
-100.000   44.000  0.00063 26
-100.000   45.000 -0.00062 71
-100.000   46.000 -0.00318 50
-100.000   47.000 -0.00301 68
-100.000   48.000 -0.00332 28
-100.000   49.000 -0.00344 21
-100.000   50.000 -0.00271 9
 -99.000   25.000  0.00456 4
 -99.000   26.000  0.00599 33
 -99.000   27.000  0.00537 23
 -99.000   28.000  0.00623 49
 -99.000   29.000  0.00715 70
 -99.000   30.000  0.00799 57
 -99.000   31.000  0.00657 71
 -99.000   32.000  0.00647 57
 -99.000   33.000  0.00531 91
 -99.000   34.000  0.00451 24
 -99.000   35.000  0.00029 49
 -99.000   36.000 -0.00106 52
 -99.000   37.000 -0.00168 73
 -99.000   38.000 -0.00069 61
 -99.000   39.000 -0.00204 26
 -99.000   40.000 -0.00070 45
 -99.000   41.000  0.00087 36
 -99.000   42.000  0.00185 43
 -99.000   43.000  0.00027 25
 -99.000   44.000  0.00047 32
 -99.000   45.000 -0.00098 49
 -99.000   46.000 -0.00432 37
 -99.000   47.000 -0.00414 44
 -99.000   48.000 -0.00609 10
 -99.000   49.000 -0.00673 17
 -99.000   50.000 -0.00718 8
 -98.000   25.000  0.00519 1
 -98.000   26.000  0.00694 13
 -98.000   27.000  0.00486 23
 -98.000   28.000  0.00757 39
 -98.000   29.000  0.00964 64
 -98.000   30.000  0.00821 39
 -98.000   31.000  0.00631 62
 -98.000   32.000  0.00645 41
 -98.000   33.000  0.00269 69
 -98.000   34.000 -0.00010 33
 -98.000   35.000 -0.00269 60
 -98.000   36.000 -0.00358 48
 -98.000   37.000 -0.00329 54
 -98.000   38.000 -0.00096 55
 -98.000   39.000 -0.00110 44
 -98.000   40.000  0.00011 43
 -98.000   41.000  0.00165 28
 -98.000   42.000  0.00271 36
 -98.000   43.000  0.00228 52
 -98.000   44.000  0.00147 41
 -98.000   45.000 -0.00002 44
 -98.000   46.000 -0.00352 41
 -98.000   47.000 -0.00444 58
 -98.000   48.000 -0.00734 24
 -98.000   49.000 -0.00749 13
 -98.000   50.000 -0.00746 12
 -97.000   25.000  0.00433 2
 -97.000   26.000  0.00915 12
 -97.000   27.000  0.00659 17
 -97.000   28.000  0.00958 12
 -97.000   29.000  0.01087 48
 -97.000   30.000  0.00824 54
 -97.000   31.000  0.00404 76
 -97.000   32.000  0.00458 44
 -97.000   33.000  0.00143 65
 -97.000   34.000 -0.00142 33
 -97.000   35.000 -0.00206 87
 -97.000   36.000 -0.00252 56
 -97.000   37.000 -0.00287 81
 -97.000   38.000 -0.00095 74
 -97.000   39.000 -0.00019 35
 -97.000   40.000  0.00028 68
 -97.000   41.000  0.00117 13
 -97.000   42.000  0.00231 42
 -97.000   43.000  0.00175 43
 -97.000   44.000  0.00168 21
 -97.000   45.000  0.00061 36
 -97.000   46.000 -0.00248 23
 -97.000   47.000 -0.00575 22
 -97.000   48.000 -0.00901 13
 -97.000   49.000 -0.01059 30
 -97.000   50.000 -0.01147 11
 -96.000   25.000  0.00690 0
 -96.000   26.000  0.01015 0
 -96.000   27.000  0.00766 9
 -96.000   28.000  0.01120 35
 -96.000   29.000  0.01268 21
 -96.000   30.000  0.01145 20
 -96.000   31.000  0.00743 43
 -96.000   32.000  0.00788 35
 -96.000   33.000  0.00328 63
 -96.000   34.000 -0.00091 39
 -96.000   35.000 -0.00383 72
 -96.000   36.000 -0.00326 46
 -96.000   37.000 -0.00397 47
 -96.000   38.000 -0.00187 44
 -96.000   39.000 -0.00045 28
 -96.000   40.000  0.00116 46
 -96.000   41.000  0.00173 22
 -96.000   42.000  0.00205 30
 -96.000   43.000  0.00233 35
 -96.000   44.000  0.00177 29
 -96.000   45.000  0.00133 40
 -96.000   46.000 -0.00266 22
 -96.000   47.000 -0.00619 50
 -96.000   48.000 -0.00988 14
 -96.000   49.000 -0.01190 11
 -96.000   50.000 -0.01532 2
 -95.000   25.000  0.00767 0
 -95.000   26.000  0.01145 0
 -95.000   27.000  0.00903 1
 -95.000   28.000  0.01045 15
 -95.000   29.000  0.01019 34
 -95.000   30.000  0.00918 27
 -95.000   31.000  0.00436 30
 -95.000   32.000  0.00599 34
 -95.000   33.000  0.00329 65
 -95.000   34.000  0.00093 57
 -95.000   35.000 -0.00258 57
 -95.000   36.000 -0.00253 51
 -95.000   37.000 -0.00523 69
 -95.000   38.000 -0.00263 41
 -95.000   39.000 -0.00138 44
 -95.000   40.000 -0.00008 65
 -95.000   41.000  0.00115 42
 -95.000   42.000  0.00214 26
 -95.000   43.000  0.00320 28
 -95.000   44.000  0.00330 31
 -95.000   45.000  0.00402 59
 -95.000   46.000  0.00004 28
 -95.000   47.000 -0.00303 41
 -95.000   48.000 -0.00643 18
 -95.000   49.000 -0.00798 16
 -95.000   50.000 -0.01210 3
 -94.000   25.000  0.00172 0
 -94.000   26.000  0.00488 0
 -94.000   27.000  0.00324 0
 -94.000   28.000  0.00481 5
 -94.000   29.000  0.00414 23
 -94.000   30.000  0.00435 26
 -94.000   31.000  0.00050 48
 -94.000   32.000  0.00282 25
 -94.000   33.000 -0.00038 54
 -94.000   34.000 -0.00173 39
 -94.000   35.000 -0.00399 91
 -94.000   36.000 -0.00338 55
 -94.000   37.000 -0.00585 53
 -94.000   38.000 -0.00288 57
 -94.000   39.000 -0.00054 27
 -94.000   40.000  0.00054 42
 -94.000   41.000  0.00266 38
 -94.000   42.000  0.00415 57
 -94.000   43.000  0.00575 40
 -94.000   44.000  0.00603 30
 -94.000   45.000  0.00741 54
 -94.000   46.000  0.00428 44
 -94.000   47.000  0.00094 43
 -94.000   48.000 -0.00201 19
 -94.000   49.000 -0.00326 10
 -94.000   50.000 -0.00675 0
 -93.000   25.000  0.00000 0
 -93.000   26.000  0.00285 0
 -93.000   27.000  0.00348 0
 -93.000   28.000  0.00312 3
 -93.000   29.000  0.00106 19
 -93.000   30.000  0.00221 13
 -93.000   31.000 -0.00197 21
 -93.000   32.000 -0.00008 17
 -93.000   33.000 -0.00192 45
 -93.000   34.000 -0.00187 28
 -93.000   35.000 -0.00456 31
 -93.000   36.000 -0.00314 52
 -93.000   37.000 -0.00675 33
 -93.000   38.000 -0.00415 65
 -93.000   39.000 -0.00300 42
 -93.000   40.000 -0.00112 60
 -93.000   41.000  0.00051 29
 -93.000   42.000  0.00178 40
 -93.000   43.000  0.00317 28
 -93.000   44.000  0.00517 26
 -93.000   45.000  0.00814 45
 -93.000   46.000  0.00634 26
 -93.000   47.000  0.00365 70
 -93.000   48.000  0.00186 25
 -93.000   49.000  0.00089 30
 -93.000   50.000 -0.00433 0
 -92.000   25.000  0.00000 0
 -92.000   26.000  0.00000 0
 -92.000   27.000  0.00001 0
 -92.000   28.000 -0.00226 0
 -92.000   29.000 -0.00603 8
 -92.000   30.000 -0.00477 7
 -92.000   31.000 -0.00825 26
 -92.000   32.000 -0.00664 18
 -92.000   33.000 -0.00747 46
 -92.000   34.000 -0.00486 27
 -92.000   35.000 -0.00802 36
 -92.000   36.000 -0.00531 48
 -92.000   37.000 -0.00720 34
 -92.000   38.000 -0.00472 52
 -92.000   39.000 -0.00448 61
 -92.000   40.000 -0.00261 39
 -92.000   41.000 -0.00188 37
 -92.000   42.000 -0.00099 39
 -92.000   43.000  0.00073 57
 -92.000   44.000  0.00192 43
 -92.000   45.000  0.00679 66
 -92.000   46.000  0.00587 28
 -92.000   47.000  0.00454 27
 -92.000   48.000  0.00344 9
 -92.000   49.000  0.00397 11
 -92.000   50.000 -0.00280 2
 -91.000   25.000  0.00000 0
 -91.000   26.000  0.00000 0
 -91.000   27.000 -0.00197 0
 -91.000   28.000 -0.00627 2
 -91.000   29.000 -0.01258 3
 -91.000   30.000 -0.01367 7
 -91.000   31.000 -0.01776 34
 -91.000   32.000 -0.01449 20
 -91.000   33.000 -0.01269 48
 -91.000   34.000 -0.00711 27
 -91.000   35.000 -0.00781 28
 -91.000   36.000 -0.00524 47
 -91.000   37.000 -0.00729 31
 -91.000   38.000 -0.00636 41
 -91.000   39.000 -0.00745 48
 -91.000   40.000 -0.00659 41
 -91.000   41.000 -0.00614 28
 -91.000   42.000 -0.00520 25
 -91.000   43.000 -0.00297 37
 -91.000   44.000 -0.00110 47
 -91.000   45.000  0.00321 36
 -91.000   46.000  0.00332 52
 -91.000   47.000  0.00362 10
 -91.000   48.000  0.00295 1
 -91.000   49.000  0.00364 13
 -91.000   50.000 -0.00081 5
 -90.000   25.000  0.00000 0
 -90.000   26.000  0.00000 0
 -90.000   27.000 -0.00231 0
 -90.000   28.000 -0.01038 0
 -90.000   29.000 -0.01546 16
 -90.000   30.000 -0.01776 16
 -90.000   31.000 -0.02206 10
 -90.000   32.000 -0.01969 21
 -90.000   33.000 -0.01407 38
 -90.000   34.000 -0.00950 34
 -90.000   35.000 -0.00839 43
 -90.000   36.000 -0.00496 49
 -90.000   37.000 -0.00546 21
 -90.000   38.000 -0.00590 58
 -90.000   39.000 -0.00733 53
 -90.000   40.000 -0.00773 55
 -90.000   41.000 -0.00775 46
 -90.000   42.000 -0.00800 35
 -90.000   43.000 -0.00523 32
 -90.000   44.000 -0.00337 32
 -90.000   45.000  0.00068 38
 -90.000   46.000  0.00160 14
 -90.000   47.000  0.00233 24
 -90.000   48.000  0.00245 13
 -90.000   49.000  0.00317 4
 -90.000   50.000  0.00011 1
 -89.000   25.000  0.00000 0
 -89.000   26.000  0.00000 0
 -89.000   27.000 -0.00347 0
 -89.000   28.000 -0.01119 2
 -89.000   29.000 -0.01491 6
 -89.000   30.000 -0.01724 7
 -89.000   31.000 -0.02069 10
 -89.000   32.000 -0.01759 25
 -89.000   33.000 -0.01277 32
 -89.000   34.000 -0.00884 33
 -89.000   35.000 -0.00708 35
 -89.000   36.000 -0.00423 72
 -89.000   37.000 -0.00371 80
 -89.000   38.000 -0.00330 78
 -89.000   39.000 -0.00595 72
 -89.000   40.000 -0.00800 39
 -89.000   41.000 -0.00851 35
 -89.000   42.000 -0.00992 41
 -89.000   43.000 -0.00811 47
 -89.000   44.000 -0.00656 22
 -89.000   45.000 -0.00282 36
 -89.000   46.000 -0.00176 21
 -89.000   47.000 -0.00074 27
 -89.000   48.000 -0.00006 7
 -89.000   49.000  0.00104 3
 -89.000   50.000 -0.00048 3
 -88.000   25.000  0.00000 0
 -88.000   26.000  0.00000 0
 -88.000   27.000 -0.00368 0
 -88.000   28.000 -0.00910 0
 -88.000   29.000 -0.01303 4
 -88.000   30.000 -0.01393 6
 -88.000   31.000 -0.01724 28
 -88.000   32.000 -0.01572 34
 -88.000   33.000 -0.01342 47
 -88.000   34.000 -0.00913 40
 -88.000   35.000 -0.00794 60
 -88.000   36.000 -0.00499 87
 -88.000   37.000 -0.00305 103
 -88.000   38.000 -0.00195 114
 -88.000   39.000 -0.00447 82
 -88.000   40.000 -0.00833 36
 -88.000   41.000 -0.00913 58
 -88.000   42.000 -0.01119 45
 -88.000   43.000 -0.00973 20
 -88.000   44.000 -0.00909 20
 -88.000   45.000 -0.00548 35
 -88.000   46.000 -0.00337 4
 -88.000   47.000 -0.00109 20
 -88.000   48.000 -0.00051 2
 -88.000   49.000  0.00126 2
 -88.000   50.000  0.00159 1
 -87.000   25.000  0.00000 0
 -87.000   26.000  0.00000 0
 -87.000   27.000 -0.00163 0
 -87.000   28.000 -0.00507 0
 -87.000   29.000 -0.00797 13
 -87.000   30.000 -0.00756 9
 -87.000   31.000 -0.01007 25
 -87.000   32.000 -0.00910 48
 -87.000   33.000 -0.00874 26
 -87.000   34.000 -0.00541 57
 -87.000   35.000 -0.00556 51
 -87.000   36.000 -0.00277 94
 -87.000   37.000 -0.00241 59
 -87.000   38.000 -0.00096 116
 -87.000   39.000 -0.00238 87
 -87.000   40.000 -0.00611 33
 -87.000   41.000 -0.00680 27
 -87.000   42.000 -0.00983 33
 -87.000   43.000 -0.00889 36
 -87.000   44.000 -0.00994 17
 -87.000   45.000 -0.00725 25
 -87.000   46.000 -0.00552 18
 -87.000   47.000 -0.00218 10
 -87.000   48.000 -0.00151 5
 -87.000   49.000  0.00067 0
 -87.000   50.000  0.00221 1
 -86.000   25.000  0.00000 0
 -86.000   26.000  0.00222 0
 -86.000   27.000  0.00280 0
 -86.000   28.000  0.00081 1
 -86.000   29.000 -0.00107 10
 -86.000   30.000  0.00001 15
 -86.000   31.000 -0.00302 39
 -86.000   32.000 -0.00469 43
 -86.000   33.000 -0.00578 36
 -86.000   34.000 -0.00376 36
 -86.000   35.000 -0.00541 50
 -86.000   36.000 -0.00365 118
 -86.000   37.000 -0.00328 49
 -86.000   38.000 -0.00045 88
 -86.000   39.000 -0.00069 60
 -86.000   40.000 -0.00189 63
 -86.000   41.000 -0.00287 41
 -86.000   42.000 -0.00547 30
 -86.000   43.000 -0.00561 21
 -86.000   44.000 -0.00662 26
 -86.000   45.000 -0.00525 19
 -86.000   46.000 -0.00377 21
 -86.000   47.000 -0.00089 12
 -86.000   48.000 -0.00078 8
 -86.000   49.000  0.00041 4
 -86.000   50.000  0.00122 3
 -85.000   25.000  0.00000 0
 -85.000   26.000  0.00154 0
 -85.000   27.000  0.00386 0
 -85.000   28.000  0.00656 5
 -85.000   29.000  0.00525 16
 -85.000   30.000  0.00578 9
 -85.000   31.000  0.00328 48
 -85.000   32.000 -0.00072 58
 -85.000   33.000 -0.00692 138
 -85.000   34.000 -0.00565 38
 -85.000   35.000 -0.00759 74
 -85.000   36.000 -0.00670 116
 -85.000   37.000 -0.00602 67
 -85.000   38.000 -0.00232 74
 -85.000   39.000 -0.00141 72
 -85.000   40.000 -0.00139 32
 -85.000   41.000 -0.00223 46
 -85.000   42.000 -0.00396 30
 -85.000   43.000 -0.00534 58
 -85.000   44.000 -0.00762 21
 -85.000   45.000 -0.00646 21
 -85.000   46.000 -0.00418 10
 -85.000   47.000 -0.00175 21
 -85.000   48.000 -0.00083 2
 -85.000   49.000  0.00071 1
 -85.000   50.000  0.00133 3
 -84.000   25.000  0.00166 0
 -84.000   26.000  0.00310 0
 -84.000   27.000  0.00692 0
 -84.000   28.000  0.00919 10
 -84.000   29.000  0.00608 22
 -84.000   30.000  0.00675 50
 -84.000   31.000  0.00353 60
 -84.000   32.000 -0.00087 65
 -84.000   33.000 -0.00541 61
 -84.000   34.000 -0.00450 69
 -84.000   35.000 -0.00695 109
 -84.000   36.000 -0.00540 91
 -84.000   37.000 -0.00663 66
 -84.000   38.000 -0.00428 77
 -84.000   39.000 -0.00190 55
 -84.000   40.000 -0.00006 64
 -84.000   41.000 -0.00156 64
 -84.000   42.000 -0.00250 38
 -84.000   43.000 -0.00457 41
 -84.000   44.000 -0.00779 21
 -84.000   45.000 -0.00526 33
 -84.000   46.000 -0.00296 15
 -84.000   47.000 -0.00083 12
 -84.000   48.000  0.00089 4
 -84.000   49.000  0.00323 5
 -84.000   50.000  0.00056 17
 -83.000   25.000  0.00076 0
 -83.000   26.000  0.00065 0
 -83.000   27.000  0.00447 4
 -83.000   28.000  0.00491 15
 -83.000   29.000  0.00012 31
 -83.000   30.000  0.00106 49
 -83.000   31.000 -0.00085 52
 -83.000   32.000 -0.00412 114
 -83.000   33.000 -0.00637 115
 -83.000   34.000 -0.00481 89
 -83.000   35.000 -0.00787 66
 -83.000   36.000 -0.00638 56
 -83.000   37.000 -0.00879 43
 -83.000   38.000 -0.00632 63
 -83.000   39.000 -0.00328 52
 -83.000   40.000  0.00059 71
 -83.000   41.000 -0.00042 64
 -83.000   42.000  0.00013 37
 -83.000   43.000 -0.00324 22
 -83.000   44.000 -0.00585 20
 -83.000   45.000 -0.00399 21
 -83.000   46.000 -0.00204 6
 -83.000   47.000 -0.00086 9
 -83.000   48.000  0.00188 12
 -83.000   49.000  0.00373 0
 -83.000   50.000  0.00101 3
 -82.000   25.000 -0.00365 4
 -82.000   26.000 -0.00265 11
 -82.000   27.000  0.00093 28
 -82.000   28.000  0.00360 17
 -82.000   29.000 -0.00283 28
 -82.000   30.000 -0.00356 34
 -82.000   31.000 -0.00500 20
 -82.000   32.000 -0.00868 32
 -82.000   33.000 -0.01073 34
 -82.000   34.000 -0.00756 37
 -82.000   35.000 -0.00878 43
 -82.000   36.000 -0.00855 49
 -82.000   37.000 -0.00988 45
 -82.000   38.000 -0.00645 63
 -82.000   39.000 -0.00377 57
 -82.000   40.000  0.00011 76
 -82.000   41.000 -0.00048 44
 -82.000   42.000  0.00290 51
 -82.000   43.000 -0.00046 16
 -82.000   44.000 -0.00125 20
 -82.000   45.000  0.00074 15
 -82.000   46.000  0.00364 8
 -82.000   47.000  0.00221 8
 -82.000   48.000  0.00419 32
 -82.000   49.000  0.00483 1
 -82.000   50.000  0.00197 3
 -81.000   25.000 -0.00365 5
 -81.000   26.000 -0.00487 10
 -81.000   27.000 -0.00213 10
 -81.000   28.000  0.00028 18
 -81.000   29.000 -0.00590 6
 -81.000   30.000 -0.00676 10
 -81.000   31.000 -0.00776 18
 -81.000   32.000 -0.00885 10
 -81.000   33.000 -0.01120 43
 -81.000   34.000 -0.00778 47
 -81.000   35.000 -0.00924 48
 -81.000   36.000 -0.00788 78
 -81.000   37.000 -0.00975 78
 -81.000   38.000 -0.00667 95
 -81.000   39.000 -0.00416 55
 -81.000   40.000 -0.00045 85
 -81.000   41.000 -0.00025 39
 -81.000   42.000  0.00258 61
 -81.000   43.000  0.00043 36
 -81.000   44.000 -0.00056 4
 -81.000   45.000  0.00275 19
 -81.000   46.000  0.00624 5
 -81.000   47.000  0.00525 7
 -81.000   48.000  0.00721 9
 -81.000   49.000  0.00844 1
 -81.000   50.000  0.00548 7
 -80.000   25.000 -0.00365 7
 -80.000   26.000 -0.00420 1
 -80.000   27.000 -0.00319 2
 -80.000   28.000 -0.00049 2
 -80.000   29.000 -0.00638 1
 -80.000   30.000 -0.00913 1
 -80.000   31.000 -0.01112 14
 -80.000   32.000 -0.00985 17
 -80.000   33.000 -0.01157 29
 -80.000   34.000 -0.00962 38
 -80.000   35.000 -0.00957 46
 -80.000   36.000 -0.00773 58
 -80.000   37.000 -0.01042 79
 -80.000   38.000 -0.00835 62
 -80.000   39.000 -0.00529 85
 -80.000   40.000 -0.00095 70
 -80.000   41.000  0.00017 38
 -80.000   42.000  0.00377 48
 -80.000   43.000  0.00264 26
 -80.000   44.000  0.00246 24
 -80.000   45.000  0.00504 11
 -80.000   46.000  0.00739 26
 -80.000   47.000  0.00571 11
 -80.000   48.000  0.00673 12
 -80.000   49.000  0.00760 0
 -80.000   50.000  0.00518 0
 -79.000   25.000 -0.00531 0
 -79.000   26.000 -0.00575 0
 -79.000   27.000 -0.00530 1
 -79.000   28.000 -0.00273 4
 -79.000   29.000 -0.00737 0
 -79.000   30.000 -0.01010 0
 -79.000   31.000 -0.01149 0
 -79.000   32.000 -0.00883 21
 -79.000   33.000 -0.01198 20
 -79.000   34.000 -0.01036 20
 -79.000   35.000 -0.01062 35
 -79.000   36.000 -0.00978 69
 -79.000   37.000 -0.01419 71
 -79.000   38.000 -0.01148 42
 -79.000   39.000 -0.00819 92
 -79.000   40.000 -0.00426 72
 -79.000   41.000 -0.00238 69
 -79.000   42.000  0.00265 46
 -79.000   43.000  0.00408 68
 -79.000   44.000  0.00634 37
 -79.000   45.000  0.00969 23
 -79.000   46.000  0.01243 9
 -79.000   47.000  0.01050 9
 -79.000   48.000  0.00990 10
 -79.000   49.000  0.00874 15
 -79.000   50.000  0.00601 0
 -78.000   25.000 -0.00441 0
 -78.000   26.000 -0.00330 0
 -78.000   27.000 -0.00264 0
 -78.000   28.000  0.00000 0
 -78.000   29.000 -0.00222 0
 -78.000   30.000 -0.00560 0
 -78.000   31.000 -0.00792 0
 -78.000   32.000 -0.00700 9
 -78.000   33.000 -0.00976 13
 -78.000   34.000 -0.00976 23
 -78.000   35.000 -0.01068 22
 -78.000   36.000 -0.01055 77
 -78.000   37.000 -0.01438 46
 -78.000   38.000 -0.01299 72
 -78.000   39.000 -0.01018 61
 -78.000   40.000 -0.00526 60
 -78.000   41.000 -0.00285 77
 -78.000   42.000  0.00348 37
 -78.000   43.000  0.00680 50
 -78.000   44.000  0.01044 25
 -78.000   45.000  0.01300 28
 -78.000   46.000  0.01499 21
 -78.000   47.000  0.01223 16
 -78.000   48.000  0.01029 15
 -78.000   49.000  0.00757 3
 -78.000   50.000  0.00481 0
 -77.000   25.000  0.00000 0
 -77.000   26.000  0.00000 0
 -77.000   27.000  0.00000 0
 -77.000   28.000  0.00000 0
 -77.000   29.000  0.00000 0
 -77.000   30.000 -0.00244 0
 -77.000   31.000 -0.00454 0
 -77.000   32.000 -0.00286 0
 -77.000   33.000 -0.00492 5
 -77.000   34.000 -0.00832 8
 -77.000   35.000 -0.01031 33
 -77.000   36.000 -0.01044 37
 -77.000   37.000 -0.01507 41
 -77.000   38.000 -0.01422 27
 -77.000   39.000 -0.01050 56
 -77.000   40.000 -0.00498 52
 -77.000   41.000 -0.00162 78
 -77.000   42.000  0.00326 43
 -77.000   43.000  0.00680 59
 -77.000   44.000  0.01110 48
 -77.000   45.000  0.01314 35
 -77.000   46.000  0.01437 13
 -77.000   47.000  0.01311 18
 -77.000   48.000  0.01078 6
 -77.000   49.000  0.00769 3
 -77.000   50.000  0.00503 0
 -76.000   25.000  0.00000 0
 -76.000   26.000  0.00000 0
 -76.000   27.000  0.00000 0
 -76.000   28.000  0.00000 0
 -76.000   29.000  0.00000 0
 -76.000   30.000 -0.00248 0
 -76.000   31.000 -0.00361 0
 -76.000   32.000 -0.00329 0
 -76.000   33.000 -0.00444 2
 -76.000   34.000 -0.00808 12
 -76.000   35.000 -0.00893 7
 -76.000   36.000 -0.00994 21
 -76.000   37.000 -0.01370 18
 -76.000   38.000 -0.01251 42
 -76.000   39.000 -0.00875 43
 -76.000   40.000 -0.00453 71
 -76.000   41.000 -0.00147 85
 -76.000   42.000  0.00370 97
 -76.000   43.000  0.00622 57
 -76.000   44.000  0.01120 48
 -76.000   45.000  0.01349 53
 -76.000   46.000  0.01436 36
 -76.000   47.000  0.01263 12
 -76.000   48.000  0.01007 16
 -76.000   49.000  0.00620 2
 -76.000   50.000  0.00298 0
 -75.000   25.000  0.00000 0
 -75.000   26.000  0.00000 0
 -75.000   27.000  0.00000 0
 -75.000   28.000  0.00000 0
 -75.000   29.000  0.00000 0
 -75.000   30.000  0.00000 0
 -75.000   31.000  0.00000 0
 -75.000   32.000  0.00033 0
 -75.000   33.000 -0.00100 0
 -75.000   34.000 -0.00334 3
 -75.000   35.000 -0.00549 3
 -75.000   36.000 -0.00713 14
 -75.000   37.000 -0.00996 10
 -75.000   38.000 -0.00746 36
 -75.000   39.000 -0.00534 44
 -75.000   40.000 -0.00251 40
 -75.000   41.000 -0.00059 91
 -75.000   42.000  0.00317 201
 -75.000   43.000  0.00422 84
 -75.000   44.000  0.01033 65
 -75.000   45.000  0.01408 74
 -75.000   46.000  0.01628 31
 -75.000   47.000  0.01502 20
 -75.000   48.000  0.01280 9
 -75.000   49.000  0.00863 0
 -75.000   50.000  0.00412 0
 -74.000   25.000  0.00000 0
 -74.000   26.000  0.00000 0
 -74.000   27.000  0.00000 0
 -74.000   28.000  0.00000 0
 -74.000   29.000  0.00000 0
 -74.000   30.000  0.00000 0
 -74.000   31.000  0.00000 0
 -74.000   32.000 -0.00121 0
 -74.000   33.000 -0.00143 0
 -74.000   34.000 -0.00293 0
 -74.000   35.000 -0.00477 0
 -74.000   36.000 -0.00592 0
 -74.000   37.000 -0.00575 4
 -74.000   38.000 -0.00377 18
 -74.000   39.000 -0.00250 145
 -74.000   40.000  0.00020 56
 -74.000   41.000  0.00140 81
 -74.000   42.000  0.00368 130
 -74.000   43.000  0.00342 98
 -74.000   44.000  0.00917 60
 -74.000   45.000  0.01281 66
 -74.000   46.000  0.01600 33
 -74.000   47.000  0.01475 14
 -74.000   48.000  0.01325 7
 -74.000   49.000  0.00965 0
 -74.000   50.000  0.00537 0
 -73.000   25.000  0.00000 0
 -73.000   26.000  0.00000 0
 -73.000   27.000  0.00000 0
 -73.000   28.000  0.00000 0
 -73.000   29.000  0.00000 0
 -73.000   30.000  0.00000 0
 -73.000   31.000  0.00000 0
 -73.000   32.000  0.00000 0
 -73.000   33.000  0.00000 0
 -73.000   34.000 -0.00115 0
 -73.000   35.000 -0.00159 0
 -73.000   36.000 -0.00239 0
 -73.000   37.000  0.00339 0
 -73.000   38.000  0.00539 3
 -73.000   39.000  0.00732 26
 -73.000   40.000  0.00860 53
 -73.000   41.000  0.00899 49
 -73.000   42.000  0.00478 72
 -73.000   43.000  0.00398 75
 -73.000   44.000  0.00779 55
 -73.000   45.000  0.01176 66
 -73.000   46.000  0.01644 16
 -73.000   47.000  0.01487 17
 -73.000   48.000  0.01367 11
 -73.000   49.000  0.01135 0
 -73.000   50.000  0.00712 0
 -72.000   25.000  0.00000 0
 -72.000   26.000  0.00000 0
 -72.000   27.000  0.00000 0
 -72.000   28.000  0.00000 0
 -72.000   29.000  0.00000 0
 -72.000   30.000  0.00000 0
 -72.000   31.000  0.00000 0
 -72.000   32.000  0.00000 0
 -72.000   33.000  0.00000 0
 -72.000   34.000  0.00000 0
 -72.000   35.000  0.00000 0
 -72.000   36.000 -0.00024 0
 -72.000   37.000  0.00583 0
 -72.000   38.000  0.00773 0
 -72.000   39.000  0.00768 9
 -72.000   40.000  0.00806 27
 -72.000   41.000  0.00832 65
 -72.000   42.000  0.00277 70
 -72.000   43.000  0.00219 71
 -72.000   44.000  0.00638 42
 -72.000   45.000  0.01012 53
 -72.000   46.000  0.01407 24
 -72.000   47.000  0.01354 12
 -72.000   48.000  0.01223 12
 -72.000   49.000  0.01011 0
 -72.000   50.000  0.00660 0
 -71.000   25.000  0.00000 0
 -71.000   26.000  0.00000 0
 -71.000   27.000  0.00000 0
 -71.000   28.000  0.00000 0
 -71.000   29.000  0.00000 0
 -71.000   30.000  0.00000 0
 -71.000   31.000  0.00000 0
 -71.000   32.000  0.00000 0
 -71.000   33.000  0.00000 0
 -71.000   34.000  0.00000 0
 -71.000   35.000  0.00000 0
 -71.000   36.000  0.00000 0
 -71.000   37.000  0.00643 0
 -71.000   38.000  0.00772 0
 -71.000   39.000  0.00746 6
 -71.000   40.000  0.00605 26
 -71.000   41.000  0.00705 22
 -71.000   42.000  0.00192 44
 -71.000   43.000  0.00174 51
 -71.000   44.000  0.00423 39
 -71.000   45.000  0.00927 54
 -71.000   46.000  0.01047 23
 -71.000   47.000  0.00917 22
 -71.000   48.000  0.00805 14
 -71.000   49.000  0.00728 1
 -71.000   50.000  0.00366 0
 -70.000   25.000  0.00000 0
 -70.000   26.000  0.00000 0
 -70.000   27.000  0.00000 0
 -70.000   28.000  0.00000 0
 -70.000   29.000  0.00000 0
 -70.000   30.000  0.00000 0
 -70.000   31.000  0.00000 0
 -70.000   32.000  0.00000 0
 -70.000   33.000  0.00000 0
 -70.000   34.000  0.00000 0
 -70.000   35.000  0.00000 0
 -70.000   36.000  0.00000 0
 -70.000   37.000  0.00597 0
 -70.000   38.000  0.00642 0
 -70.000   39.000  0.00660 3
 -70.000   40.000  0.00517 8
 -70.000   41.000  0.00608 8
 -70.000   42.000  0.00161 21
 -70.000   43.000  0.00261 35
 -70.000   44.000  0.00407 26
 -70.000   45.000  0.00791 50
 -70.000   46.000  0.00984 40
 -70.000   47.000  0.00833 24
 -70.000   48.000  0.00618 21
 -70.000   49.000  0.00569 0
 -70.000   50.000  0.00356 0
 -69.000   25.000  0.00000 0
 -69.000   26.000  0.00000 0
 -69.000   27.000  0.00000 0
 -69.000   28.000  0.00000 0
 -69.000   29.000  0.00000 0
 -69.000   30.000  0.00000 0
 -69.000   31.000  0.00000 0
 -69.000   32.000  0.00000 0
 -69.000   33.000  0.00000 0
 -69.000   34.000  0.00000 0
 -69.000   35.000  0.00000 0
 -69.000   36.000  0.00000 0
 -69.000   37.000  0.00559 0
 -69.000   38.000  0.00611 0
 -69.000   39.000  0.00612 0
 -69.000   40.000  0.00477 1
 -69.000   41.000  0.00727 4
 -69.000   42.000  0.00379 6
 -69.000   43.000  0.00414 30
 -69.000   44.000  0.00430 25
 -69.000   45.000  0.00678 60
 -69.000   46.000  0.00723 20
 -69.000   47.000  0.00512 36
 -69.000   48.000  0.00354 14
 -69.000   49.000  0.00422 0
 -69.000   50.000  0.00374 0
 -68.000   25.000  0.00000 0
 -68.000   26.000  0.00000 0
 -68.000   27.000  0.00000 0
 -68.000   28.000  0.00000 0
 -68.000   29.000  0.00000 0
 -68.000   30.000  0.00000 0
 -68.000   31.000  0.00000 0
 -68.000   32.000  0.00000 0
 -68.000   33.000  0.00000 0
 -68.000   34.000  0.00000 0
 -68.000   35.000  0.00000 0
 -68.000   36.000  0.00000 0
 -68.000   37.000  0.00000 0
 -68.000   38.000  0.00045 0
 -68.000   39.000 -0.00011 0
 -68.000   40.000 -0.00193 0
 -68.000   41.000  0.00085 0
 -68.000   42.000  0.00179 1
 -68.000   43.000  0.00149 23
 -68.000   44.000  0.00198 27
 -68.000   45.000  0.00647 30
 -68.000   46.000  0.00505 34
 -68.000   47.000  0.00410 23
 -68.000   48.000  0.00325 9
 -68.000   49.000  0.00414 0
 -68.000   50.000  0.00108 15
 -67.000   25.000  0.00000 0
 -67.000   26.000  0.00000 0
 -67.000   27.000  0.00000 0
 -67.000   28.000  0.00000 0
 -67.000   29.000  0.00000 0
 -67.000   30.000  0.00000 0
 -67.000   31.000  0.00000 0
 -67.000   32.000  0.00000 0
 -67.000   33.000  0.00000 0
 -67.000   34.000  0.00000 0
 -67.000   35.000  0.00000 0
 -67.000   36.000  0.00000 0
 -67.000   37.000  0.00000 0
 -67.000   38.000  0.00000 0
 -67.000   39.000  0.00000 0
 -67.000   40.000 -0.00164 0
 -67.000   41.000  0.00030 0
 -67.000   42.000  0.00216 0
 -67.000   43.000  0.00153 18
 -67.000   44.000  0.00098 6
 -67.000   45.000  0.00537 14
 -67.000   46.000  0.00439 26
 -67.000   47.000  0.00252 9
 -67.000   48.000  0.00245 32
 -67.000   49.000  0.00375 0
 -67.000   50.000  0.00042 4
 -66.000   25.000  0.00000 0
 -66.000   26.000  0.00000 0
 -66.000   27.000  0.00000 0
 -66.000   28.000  0.00000 0
 -66.000   29.000  0.00000 0
 -66.000   30.000  0.00000 0
 -66.000   31.000  0.00000 0
 -66.000   32.000  0.00000 0
 -66.000   33.000  0.00000 0
 -66.000   34.000  0.00000 0
 -66.000   35.000  0.00000 0
 -66.000   36.000  0.00000 0
 -66.000   37.000  0.00000 0
 -66.000   38.000  0.00000 0
 -66.000   39.000  0.00000 0
 -66.000   40.000  0.00000 0
 -66.000   41.000  0.00148 0
 -66.000   42.000  0.00288 0
 -66.000   43.000  0.00181 0
 -66.000   44.000  0.00151 4
 -66.000   45.000  0.00471 8
 -66.000   46.000  0.00589 7
 -66.000   47.000  0.00448 9
 -66.000   48.000  0.00467 4
 -66.000   49.000  0.00621 0
 -66.000   50.000  0.00295 3
 -65.000   25.000  0.00000 0
 -65.000   26.000  0.00000 0
 -65.000   27.000  0.00000 0
 -65.000   28.000  0.00000 0
 -65.000   29.000  0.00000 0
 -65.000   30.000  0.00000 0
 -65.000   31.000  0.00000 0
 -65.000   32.000  0.00000 0
 -65.000   33.000  0.00000 0
 -65.000   34.000  0.00000 0
 -65.000   35.000  0.00000 0
 -65.000   36.000  0.00000 0
 -65.000   37.000  0.00000 0
 -65.000   38.000  0.00000 0
 -65.000   39.000  0.00000 0
 -65.000   40.000  0.00000 0
 -65.000   41.000  0.00209 0
 -65.000   42.000  0.00364 0
 -65.000   43.000  0.00167 0
 -65.000   44.000  0.00115 1
 -65.000   45.000  0.00587 2
 -65.000   46.000  0.00527 4
 -65.000   47.000  0.00372 0
 -65.000   48.000  0.00569 0
 -65.000   49.000  0.00777 0
 -65.000   50.000  0.00249 3
