-130.000   25.000  0.00000 0
-130.000   26.000  0.00000 0
-130.000   27.000  0.00000 0
-130.000   28.000  0.00000 0
-130.000   29.000  0.00000 0
-130.000   30.000  0.00000 0
-130.000   31.000  0.00000 0
-130.000   32.000  0.00000 0
-130.000   33.000  0.00000 0
-130.000   34.000  0.00000 0
-130.000   35.000  0.00000 0
-130.000   36.000  0.00000 0
-130.000   37.000  0.00000 0
-130.000   38.000  0.00000 0
-130.000   39.000  0.00000 0
-130.000   40.000  0.00000 0
-130.000   41.000  0.00000 0
-130.000   42.000  0.00000 0
-130.000   43.000  0.00000 0
-130.000   44.000  0.00000 0
-130.000   45.000  0.00000 0
-130.000   46.000  0.00000 0
-130.000   47.000  0.00223 0
-130.000   48.000  0.00223 0
-130.000   49.000  0.00279 0
-130.000   50.000  0.00371 0
-129.000   25.000  0.00000 0
-129.000   26.000  0.00000 0
-129.000   27.000  0.00000 0
-129.000   28.000  0.00000 0
-129.000   29.000  0.00000 0
-129.000   30.000  0.00000 0
-129.000   31.000  0.00000 0
-129.000   32.000  0.00000 0
-129.000   33.000  0.00000 0
-129.000   34.000  0.00000 0
-129.000   35.000  0.00000 0
-129.000   36.000  0.00000 0
-129.000   37.000  0.00000 0
-129.000   38.000  0.00000 0
-129.000   39.000  0.00000 0
-129.000   40.000  0.00000 0
-129.000   41.000  0.00000 0
-129.000   42.000  0.00000 0
-129.000   43.000  0.00000 0
-129.000   44.000  0.00000 0
-129.000   45.000  0.00000 0
-129.000   46.000 -0.00027 0
-129.000   47.000  0.00141 0
-129.000   48.000  0.00141 0
-129.000   49.000  0.00176 2
-129.000   50.000  0.00234 3
-128.000   25.000  0.00000 0
-128.000   26.000  0.00000 0
-128.000   27.000  0.00000 0
-128.000   28.000  0.00000 0
-128.000   29.000  0.00000 0
-128.000   30.000  0.00000 0
-128.000   31.000  0.00000 0
-128.000   32.000  0.00000 0
-128.000   33.000  0.00000 0
-128.000   34.000  0.00000 0
-128.000   35.000  0.00000 0
-128.000   36.000  0.00000 0
-128.000   37.000  0.00000 0
-128.000   38.000  0.00000 0
-128.000   39.000  0.00000 0
-128.000   40.000  0.00000 0
-128.000   41.000  0.00000 0
-128.000   42.000  0.00000 0
-128.000   43.000  0.00000 0
-128.000   44.000  0.00000 0
-128.000   45.000  0.00000 0
-128.000   46.000 -0.00086 0
-128.000   47.000 -0.00120 0
-128.000   48.000 -0.00120 0
-128.000   49.000 -0.00150 9
-128.000   50.000 -0.00199 5
-127.000   25.000  0.00000 0
-127.000   26.000  0.00000 0
-127.000   27.000  0.00000 0
-127.000   28.000  0.00000 0
-127.000   29.000  0.00000 0
-127.000   30.000  0.00000 0
-127.000   31.000  0.00000 0
-127.000   32.000  0.00000 0
-127.000   33.000  0.00000 0
-127.000   34.000  0.00000 0
-127.000   35.000  0.00000 0
-127.000   36.000  0.00000 0
-127.000   37.000  0.00060 0
-127.000   38.000  0.00098 0
-127.000   39.000  0.00114 0
-127.000   40.000  0.00156 0
-127.000   41.000  0.00103 0
-127.000   42.000  0.00100 0
-127.000   43.000  0.00195 0
-127.000   44.000  0.00307 0
-127.000   45.000  0.00257 0
-127.000   46.000  0.00222 0
-127.000   47.000  0.00049 0
-127.000   48.000 -0.00007 7
-127.000   49.000 -0.00168 1
-127.000   50.000 -0.00211 2
-126.000   25.000  0.00000 0
-126.000   26.000  0.00000 0
-126.000   27.000  0.00000 0
-126.000   28.000  0.00000 0
-126.000   29.000  0.00000 0
-126.000   30.000  0.00000 0
-126.000   31.000  0.00000 0
-126.000   32.000  0.00000 0
-126.000   33.000  0.00000 0
-126.000   34.000  0.00000 0
-126.000   35.000 -0.00029 0
-126.000   36.000 -0.00022 0
-126.000   37.000  0.00047 0
-126.000   38.000  0.00096 0
-126.000   39.000  0.00128 0
-126.000   40.000  0.00167 0
-126.000   41.000  0.00165 0
-126.000   42.000  0.00229 3
-126.000   43.000  0.00369 1
-126.000   44.000  0.00516 0
-126.000   45.000  0.00557 0
-126.000   46.000  0.00454 0
-126.000   47.000  0.00188 4
-126.000   48.000  0.00138 9
-126.000   49.000 -0.00051 6
-126.000   50.000 -0.00154 0
-125.000   25.000  0.00000 0
-125.000   26.000  0.00000 0
-125.000   27.000  0.00000 0
-125.000   28.000  0.00000 0
-125.000   29.000  0.00000 0
-125.000   30.000  0.00000 0
-125.000   31.000  0.00000 0
-125.000   32.000  0.00000 0
-125.000   33.000  0.00000 0
-125.000   34.000 -0.00019 0
-125.000   35.000 -0.00128 0
-125.000   36.000 -0.00109 0
-125.000   37.000 -0.00048 0
-125.000   38.000  0.00037 2
-125.000   39.000  0.00039 10
-125.000   40.000  0.00160 36
-125.000   41.000  0.00159 55
-125.000   42.000  0.00253 71
-125.000   43.000  0.00344 93
-125.000   44.000  0.00508 111
-125.000   45.000  0.00535 61
-125.000   46.000  0.00449 62
-125.000   47.000  0.00067 91
-125.000   48.000  0.00029 63
-125.000   49.000 -0.00146 22
-125.000   50.000 -0.00260 9
-124.000   25.000  0.00000 0
-124.000   26.000  0.00000 0
-124.000   27.000  0.00000 0
-124.000   28.000  0.00000 0
-124.000   29.000  0.00000 0
-124.000   30.000  0.00000 0
-124.000   31.000  0.00000 0
-124.000   32.000  0.00000 0
-124.000   33.000 -0.00033 0
-124.000   34.000 -0.00016 0
-124.000   35.000 -0.00070 0
-124.000   36.000 -0.00077 0
-124.000   37.000 -0.00038 30
-124.000   38.000  0.00041 36
-124.000   39.000 -0.00031 61
-124.000   40.000  0.00103 98
-124.000   41.000  0.00115 109
-124.000   42.000  0.00271 110
-124.000   43.000  0.00353 118
-124.000   44.000  0.00617 88
-124.000   45.000  0.00581 87
-124.000   46.000  0.00531 103
-124.000   47.000  0.00008 165
-124.000   48.000  0.00019 140
-124.000   49.000 -0.00237 27
-124.000   50.000 -0.00388 6
-123.000   25.000  0.00000 0
-123.000   26.000  0.00000 0
-123.000   27.000  0.00000 0
-123.000   28.000  0.00000 0
-123.000   29.000  0.00000 0
-123.000   30.000  0.00028 0
-123.000   31.000  0.00029 0
-123.000   32.000  0.00073 0
-123.000   33.000  0.00097 0
-123.000   34.000  0.00095 0
-123.000   35.000  0.00030 4
-123.000   36.000  0.00058 29
-123.000   37.000  0.00112 40
-123.000   38.000  0.00074 49
-123.000   39.000  0.00019 100
-123.000   40.000  0.00184 90
-123.000   41.000  0.00130 146
-123.000   42.000  0.00297 132
-123.000   43.000  0.00376 124
-123.000   44.000  0.00647 125
-123.000   45.000  0.00495 113
-123.000   46.000  0.00501 168
-123.000   47.000  0.00108 169
-123.000   48.000  0.00309 144
-123.000   49.000  0.00119 53
-123.000   50.000  0.00199 0
-122.000   25.000  0.00000 0
-122.000   26.000  0.00000 0
-122.000   27.000  0.00000 0
-122.000   28.000  0.00000 0
-122.000   29.000  0.00000 0
-122.000   30.000  0.00076 0
-122.000   31.000  0.00154 0
-122.000   32.000  0.00128 0
-122.000   33.000  0.00173 0
-122.000   34.000  0.00104 3
-122.000   35.000 -0.00023 32
-122.000   36.000 -0.00089 61
-122.000   37.000 -0.00036 137
-122.000   38.000 -0.00144 95
-122.000   39.000 -0.00161 114
-122.000   40.000 -0.00025 184
-122.000   41.000 -0.00021 81
-122.000   42.000  0.00169 103
-122.000   43.000  0.00072 118
-122.000   44.000  0.00275 160
-122.000   45.000  0.00152 111
-122.000   46.000  0.00056 118
-122.000   47.000 -0.00230 162
-122.000   48.000  0.00116 86
-122.000   49.000 -0.00001 16
-122.000   50.000  0.00063 0
-121.000   25.000  0.00000 0
-121.000   26.000  0.00000 0
-121.000   27.000  0.00000 0
-121.000   28.000  0.00000 0
-121.000   29.000  0.00000 0
-121.000   30.000  0.00073 0
-121.000   31.000  0.00186 0
-121.000   32.000  0.00173 9
-121.000   33.000  0.00232 23
-121.000   34.000  0.00204 92
-121.000   35.000  0.00045 97
-121.000   36.000 -0.00066 90
-121.000   37.000 -0.00058 130
-121.000   38.000 -0.00224 115
-121.000   39.000 -0.00396 100
-121.000   40.000 -0.00163 67
-121.000   41.000 -0.00255 78
-121.000   42.000 -0.00190 78
-121.000   43.000 -0.00512 75
-121.000   44.000 -0.00285 70
-121.000   45.000 -0.00516 57
-121.000   46.000 -0.00515 149
-121.000   47.000 -0.00548 108
-121.000   48.000  0.00005 77
-121.000   49.000 -0.00026 31
-121.000   50.000  0.00106 11
-120.000   25.000  0.00000 0
-120.000   26.000  0.00000 0
-120.000   27.000  0.00000 0
-120.000   28.000  0.00000 0
-120.000   29.000  0.00000 0
-120.000   30.000  0.00114 0
-120.000   31.000  0.00284 0
-120.000   32.000  0.00275 19
-120.000   33.000  0.00342 69
-120.000   34.000  0.00344 120
-120.000   35.000  0.00286 144
-120.000   36.000  0.00071 119
-120.000   37.000  0.00023 179
-120.000   38.000 -0.00091 67
-120.000   39.000 -0.00205 60
-120.000   40.000 -0.00015 41
-120.000   41.000 -0.00015 30
-120.000   42.000  0.00044 83
-120.000   43.000 -0.00391 71
-120.000   44.000 -0.00241 108
-120.000   45.000 -0.00591 83
-120.000   46.000 -0.00742 96
-120.000   47.000 -0.00725 110
-120.000   48.000 -0.00117 43
-120.000   49.000 -0.00195 24
-120.000   50.000 -0.00086 3
-119.000   25.000  0.00000 0
-119.000   26.000  0.00000 0
-119.000   27.000  0.00000 0
-119.000   28.000  0.00000 0
-119.000   29.000  0.00086 0
-119.000   30.000  0.00203 0
-119.000   31.000  0.00367 0
-119.000   32.000  0.00360 24
-119.000   33.000  0.00489 218
-119.000   34.000  0.00381 379
-119.000   35.000  0.00218 295
-119.000   36.000  0.00028 132
-119.000   37.000  0.00040 115
-119.000   38.000 -0.00073 96
-119.000   39.000 -0.00193 54
-119.000   40.000  0.00076 26
-119.000   41.000  0.00068 39
-119.000   42.000 -0.00050 46
-119.000   43.000 -0.00569 44
-119.000   44.000 -0.00477 71
-119.000   45.000 -0.00772 128
-119.000   46.000 -0.01022 118
-119.000   47.000 -0.00863 94
-119.000   48.000 -0.00234 62
-119.000   49.000 -0.00231 18
-119.000   50.000 -0.00186 2
-118.000   25.000  0.00000 0
-118.000   26.000  0.00000 0
-118.000   27.000  0.00000 0
-118.000   28.000  0.00000 0
-118.000   29.000  0.00015 0
-118.000   30.000  0.00101 0
-118.000   31.000  0.00225 0
-118.000   32.000  0.00175 197
-118.000   33.000  0.00194 580
-118.000   34.000  0.00147 327
-118.000   35.000  0.00012 215
-118.000   36.000 -0.00187 128
-118.000   37.000 -0.00168 159
-118.000   38.000 -0.00121 50
-118.000   39.000 -0.00285 33
-118.000   40.000 -0.00174 53
-118.000   41.000 -0.00040 64
-118.000   42.000 -0.00185 33
-118.000   43.000 -0.00758 54
-118.000   44.000 -0.00591 87
-118.000   45.000 -0.00594 138
-118.000   46.000 -0.00904 79
-118.000   47.000 -0.00762 81
-118.000   48.000 -0.00253 53
-118.000   49.000 -0.00280 32
-118.000   50.000 -0.00470 0
-117.000   25.000  0.00000 0
-117.000   26.000  0.00000 0
-117.000   27.000  0.00000 0
-117.000   28.000  0.00000 0
-117.000   29.000 -0.00056 0
-117.000   30.000 -0.00031 0
-117.000   31.000  0.00011 16
-117.000   32.000  0.00011 244
-117.000   33.000  0.00028 489
-117.000   34.000  0.00154 278
-117.000   35.000  0.00095 221
-117.000   36.000  0.00007 139
-117.000   37.000 -0.00068 72
-117.000   38.000 -0.00025 46
-117.000   39.000 -0.00246 70
-117.000   40.000 -0.00140 96
-117.000   41.000 -0.00093 212
-117.000   42.000 -0.00169 36
-117.000   43.000 -0.00725 79
-117.000   44.000 -0.00722 91
-117.000   45.000 -0.00772 103
-117.000   46.000 -0.01025 44
-117.000   47.000 -0.00928 84
-117.000   48.000 -0.00432 24
-117.000   49.000 -0.00355 25
-117.000   50.000 -0.00511 0
-116.000   25.000  0.00000 0
-116.000   26.000  0.00000 0
-116.000   27.000  0.00000 0
-116.000   28.000  0.00000 0
-116.000   29.000 -0.00265 0
-116.000   30.000 -0.00310 0
-116.000   31.000 -0.00279 27
-116.000   32.000 -0.00336 458
-116.000   33.000 -0.00334 287
-116.000   34.000  0.00027 306
-116.000   35.000 -0.00044 174
-116.000   36.000 -0.00073 72
-116.000   37.000  0.00099 66
-116.000   38.000  0.00252 37
-116.000   39.000  0.00113 105
-116.000   40.000  0.00199 92
-116.000   41.000  0.00203 241
-116.000   42.000 -0.00004 33
-116.000   43.000 -0.00511 64
-116.000   44.000 -0.00653 106
-116.000   45.000 -0.00610 107
-116.000   46.000 -0.00790 34
-116.000   47.000 -0.00727 57
-116.000   48.000 -0.00375 26
-116.000   49.000 -0.00237 12
-116.000   50.000 -0.00339 0
-115.000   25.000  0.00000 0
-115.000   26.000  0.00000 0
-115.000   27.000  0.00000 0
-115.000   28.000  0.00000 0
-115.000   29.000 -0.00182 0
-115.000   30.000 -0.00273 0
-115.000   31.000 -0.00207 12
-115.000   32.000 -0.00295 154
-115.000   33.000 -0.00266 170
-115.000   34.000  0.00097 183
-115.000   35.000  0.00010 123
-115.000   36.000 -0.00027 55
-115.000   37.000  0.00297 82
-115.000   38.000  0.00329 36
-115.000   39.000  0.00070 181
-115.000   40.000  0.00202 126
-115.000   41.000  0.00179 42
-115.000   42.000 -0.00059 51
-115.000   43.000 -0.00528 71
-115.000   44.000 -0.00539 86
-115.000   45.000 -0.00390 70
-115.000   46.000 -0.00473 45
-115.000   47.000 -0.00464 66
-115.000   48.000 -0.00057 35
-115.000   49.000  0.00041 17
-115.000   50.000 -0.00118 2
-114.000   25.000  0.00000 0
-114.000   26.000  0.00000 0
-114.000   27.000  0.00000 0
-114.000   28.000  0.00000 0
-114.000   29.000 -0.00353 0
-114.000   30.000 -0.00390 0
-114.000   31.000 -0.00337 25
-114.000   32.000 -0.00366 121
-114.000   33.000 -0.00331 150
-114.000   34.000  0.00218 119
-114.000   35.000  0.00197 58
-114.000   36.000  0.00199 46
-114.000   37.000  0.00505 32
-114.000   38.000  0.00479 36
-114.000   39.000  0.00305 138
-114.000   40.000  0.00364 68
-114.000   41.000  0.00353 49
-114.000   42.000  0.00176 58
-114.000   43.000 -0.00082 73
-114.000   44.000 -0.00106 31
-114.000   45.000  0.00070 53
-114.000   46.000  0.00107 48
-114.000   47.000  0.00144 32
-114.000   48.000  0.00393 17
-114.000   49.000  0.00494 19
-114.000   50.000  0.00366 1
-113.000   25.000  0.00000 0
-113.000   26.000  0.00000 0
-113.000   27.000  0.00000 0
-113.000   28.000  0.00000 0
-113.000   29.000 -0.00252 0
-113.000   30.000 -0.00216 1
-113.000   31.000 -0.00079 9
-113.000   32.000 -0.00081 51
-113.000   33.000  0.00007 95
-113.000   34.000  0.00517 81
-113.000   35.000  0.00393 47
-113.000   36.000  0.00372 57
-113.000   37.000  0.00623 54
-113.000   38.000  0.00623 30
-113.000   39.000  0.00459 41
-113.000   40.000  0.00604 37
-113.000   41.000  0.00577 39
-113.000   42.000  0.00417 61
-113.000   43.000  0.00158 61
-113.000   44.000  0.00116 45
-113.000   45.000  0.00326 32
-113.000   46.000  0.00363 52
-113.000   47.000  0.00454 25
-113.000   48.000  0.00624 34
-113.000   49.000  0.00714 9
-113.000   50.000  0.00508 2
-112.000   25.000  0.00000 0
-112.000   26.000  0.00000 0
-112.000   27.000  0.00000 0
-112.000   28.000 -0.00091 0
-112.000   29.000 -0.00221 0
-112.000   30.000 -0.00158 0
-112.000   31.000 -0.00005 42
-112.000   32.000  0.00049 46
-112.000   33.000  0.00220 77
-112.000   34.000  0.00657 66
-112.000   35.000  0.00527 91
-112.000   36.000  0.00455 71
-112.000   37.000  0.00763 36
-112.000   38.000  0.00781 41
-112.000   39.000  0.00680 58
-112.000   40.000  0.00793 35
-112.000   41.000  0.00932 34
-112.000   42.000  0.00630 27
-112.000   43.000  0.00462 107
-112.000   44.000  0.00482 196
-112.000   45.000  0.00708 45
-112.000   46.000  0.00599 27
-112.000   47.000  0.00685 26
-112.000   48.000  0.00754 25
-112.000   49.000  0.00661 15
-112.000   50.000  0.00428 1
-111.000   25.000  0.00000 0
-111.000   26.000  0.00000 0
-111.000   27.000  0.00000 0
-111.000   28.000 -0.00029 0
-111.000   29.000  0.00084 0
-111.000   30.000  0.00288 1
-111.000   31.000  0.00456 29
-111.000   32.000  0.00582 42
-111.000   33.000  0.00754 63
-111.000   34.000  0.00966 87
-111.000   35.000  0.00774 60
-111.000   36.000  0.00640 64
-111.000   37.000  0.00709 33
-111.000   38.000  0.00579 45
-111.000   39.000  0.00492 37
-111.000   40.000  0.00508 75
-111.000   41.000  0.00847 27
-111.000   42.000  0.00813 92
-111.000   43.000  0.00713 86
-111.000   44.000  0.00836 73
-111.000   45.000  0.01082 41
-111.000   46.000  0.00708 30
-111.000   47.000  0.00398 26
-111.000   48.000  0.00485 25
-111.000   49.000  0.00156 17
-111.000   50.000 -0.00250 1
-110.000   25.000  0.00000 0
-110.000   26.000  0.00000 0
-110.000   27.000  0.00000 0
-110.000   28.000 -0.00029 0
-110.000   29.000  0.00027 0
-110.000   30.000  0.00271 9
-110.000   31.000  0.00360 36
-110.000   32.000  0.00485 66
-110.000   33.000  0.00734 42
-110.000   34.000  0.00891 53
-110.000   35.000  0.00678 39
-110.000   36.000  0.00738 42
-110.000   37.000  0.00768 34
-110.000   38.000  0.00618 60
-110.000   39.000  0.00720 23
-110.000   40.000  0.00645 25
-110.000   41.000  0.00838 36
-110.000   42.000  0.00815 154
-110.000   43.000  0.00720 129
-110.000   44.000  0.00769 34
-110.000   45.000  0.01060 51
-110.000   46.000  0.00752 39
-110.000   47.000  0.00375 25
-110.000   48.000  0.00400 20
-110.000   49.000  0.00045 15
-110.000   50.000 -0.00352 1
-109.000   25.000  0.00000 0
-109.000   26.000  0.00000 0
-109.000   27.000  0.00000 0
-109.000   28.000 -0.00029 0
-109.000   29.000  0.00150 0
-109.000   30.000  0.00380 26
-109.000   31.000  0.00504 25
-109.000   32.000  0.00522 74
-109.000   33.000  0.00693 103
-109.000   34.000  0.00686 68
-109.000   35.000  0.00417 32
-109.000   36.000  0.00376 42
-109.000   37.000  0.00442 36
-109.000   38.000  0.00271 61
-109.000   39.000  0.00377 49
-109.000   40.000  0.00294 40
-109.000   41.000  0.00561 57
-109.000   42.000  0.00590 82
-109.000   43.000  0.00566 48
-109.000   44.000  0.00740 79
-109.000   45.000  0.01118 38
-109.000   46.000  0.00667 28
-109.000   47.000  0.00275 31
-109.000   48.000  0.00328 21
-109.000   49.000 -0.00156 13
-109.000   50.000 -0.00634 0
-108.000   25.000  0.00000 0
-108.000   26.000  0.00000 0
-108.000   27.000  0.00000 0
-108.000   28.000 -0.00006 0
-108.000   29.000  0.00187 0
-108.000   30.000  0.00432 5
-108.000   31.000  0.00529 26
-108.000   32.000  0.00488 21
-108.000   33.000  0.00606 64
-108.000   34.000  0.00497 89
-108.000   35.000  0.00195 46
-108.000   36.000  0.00112 48
-108.000   37.000  0.00247 59
-108.000   38.000  0.00050 43
-108.000   39.000  0.00192 75
-108.000   40.000  0.00172 39
-108.000   41.000  0.00420 48
-108.000   42.000  0.00552 70
-108.000   43.000  0.00545 70
-108.000   44.000  0.00725 91
-108.000   45.000  0.00880 59
-108.000   46.000  0.00497 29
-108.000   47.000 -0.00030 24
-108.000   48.000  0.00063 20
-108.000   49.000 -0.00430 11
-108.000   50.000 -0.00703 1
-107.000   25.000  0.00000 0
-107.000   26.000  0.00000 0
-107.000   27.000  0.00041 0
-107.000   28.000  0.00160 0
-107.000   29.000  0.00341 0
-107.000   30.000  0.00624 0
-107.000   31.000  0.00771 37
-107.000   32.000  0.00688 27
-107.000   33.000  0.00678 68
-107.000   34.000  0.00504 34
-107.000   35.000  0.00086 27
-107.000   36.000  0.00015 36
-107.000   37.000  0.00124 46
-107.000   38.000 -0.00087 31
-107.000   39.000 -0.00029 49
-107.000   40.000  0.00005 58
-107.000   41.000  0.00079 83
-107.000   42.000  0.00231 57
-107.000   43.000  0.00207 164
-107.000   44.000  0.00473 64
-107.000   45.000  0.00721 49
-107.000   46.000  0.00520 33
-107.000   47.000  0.00085 44
-107.000   48.000  0.00212 19
-107.000   49.000 -0.00148 13
-107.000   50.000 -0.00444 1
-106.000   25.000  0.00000 0
-106.000   26.000  0.00039 0
-106.000   27.000  0.00092 0
-106.000   28.000  0.00225 0
-106.000   29.000  0.00442 0
-106.000   30.000  0.00671 9
-106.000   31.000  0.00811 43
-106.000   32.000  0.00716 98
-106.000   33.000  0.00643 136
-106.000   34.000  0.00356 69
-106.000   35.000  0.00009 68
-106.000   36.000 -0.00037 52
-106.000   37.000  0.00007 34
-106.000   38.000 -0.00151 85
-106.000   39.000 -0.00182 57
-106.000   40.000 -0.00064 65
-106.000   41.000 -0.00101 65
-106.000   42.000  0.00017 54
-106.000   43.000  0.00046 85
-106.000   44.000  0.00355 54
-106.000   45.000  0.00475 46
-106.000   46.000  0.00358 35
-106.000   47.000  0.00163 32
-106.000   48.000  0.00232 21
-106.000   49.000  0.00029 10
-106.000   50.000 -0.00161 0
-105.000   25.000  0.00000 0
-105.000   26.000  0.00125 0
-105.000   27.000 -0.00052 0
-105.000   28.000  0.00145 0
-105.000   29.000  0.00429 43
-105.000   30.000  0.00723 33
-105.000   31.000  0.00825 51
-105.000   32.000  0.01033 89
-105.000   33.000  0.00800 98
-105.000   34.000  0.00419 87
-105.000   35.000 -0.00038 48
-105.000   36.000 -0.00212 88
-105.000   37.000 -0.00278 44
-105.000   38.000 -0.00392 77
-105.000   39.000 -0.00476 52
-105.000   40.000 -0.00326 67
-105.000   41.000 -0.00252 35
-105.000   42.000 -0.00212 41
-105.000   43.000 -0.00088 53
-105.000   44.000  0.00183 47
-105.000   45.000  0.00203 46
-105.000   46.000 -0.00040 22
-105.000   47.000 -0.00135 32
-105.000   48.000 -0.00108 24
-105.000   49.000 -0.00246 24
-105.000   50.000 -0.00341 0
-104.000   25.000  0.00000 0
-104.000   26.000  0.00125 0
-104.000   27.000  0.00068 0
-104.000   28.000  0.00301 27
-104.000   29.000  0.00528 16
-104.000   30.000  0.00926 107
-104.000   31.000  0.01052 65
-104.000   32.000  0.01240 97
-104.000   33.000  0.01004 128
-104.000   34.000  0.00677 73
-104.000   35.000  0.00106 52
-104.000   36.000 -0.00022 54
-104.000   37.000 -0.00172 36
-104.000   38.000 -0.00185 57
-104.000   39.000 -0.00232 34
-104.000   40.000 -0.00055 37
-104.000   41.000 -0.00143 42
-104.000   42.000 -0.00111 26
-104.000   43.000 -0.00226 25
-104.000   44.000 -0.00139 57
-104.000   45.000 -0.00271 38
-104.000   46.000 -0.00385 57
-104.000   47.000 -0.00543 42
-104.000   48.000 -0.00413 30
-104.000   49.000 -0.00441 28
-104.000   50.000 -0.00373 0
-103.000   25.000  0.00000 0
-103.000   26.000  0.00180 0
-103.000   27.000  0.00192 0
-103.000   28.000  0.00462 26
-103.000   29.000  0.00731 7
-103.000   30.000  0.00993 51
-103.000   31.000  0.01120 62
-103.000   32.000  0.01211 82
-103.000   33.000  0.01007 84
-103.000   34.000  0.00724 84
-103.000   35.000  0.00328 30
-103.000   36.000  0.00196 38
-103.000   37.000  0.00110 33
-103.000   38.000  0.00096 36
-103.000   39.000  0.00098 42
-103.000   40.000  0.00244 57
-103.000   41.000  0.00133 61
-103.000   42.000  0.00105 27
-103.000   43.000 -0.00068 41
-103.000   44.000 -0.00141 25
-103.000   45.000 -0.00290 46
-103.000   46.000 -0.00402 46
-103.000   47.000 -0.00539 57
-103.000   48.000 -0.00420 37
-103.000   49.000 -0.00417 24
-103.000   50.000 -0.00328 0
-102.000   25.000 -0.00183 0
-102.000   26.000  0.00016 0
-102.000   27.000  0.00084 0
-102.000   28.000  0.00254 1
-102.000   29.000  0.00489 18
-102.000   30.000  0.00933 57
-102.000   31.000  0.00992 60
-102.000   32.000  0.01130 42
-102.000   33.000  0.01074 60
-102.000   34.000  0.00796 59
-102.000   35.000  0.00370 43
-102.000   36.000  0.00311 39
-102.000   37.000  0.00190 23
-102.000   38.000  0.00182 46
-102.000   39.000  0.00310 34
-102.000   40.000  0.00485 33
-102.000   41.000  0.00514 46
-102.000   42.000  0.00429 28
-102.000   43.000  0.00184 41
-102.000   44.000  0.00040 33
-102.000   45.000 -0.00287 37
-102.000   46.000 -0.00531 31
-102.000   47.000 -0.00718 43
-102.000   48.000 -0.00579 34
-102.000   49.000 -0.00650 21
-102.000   50.000 -0.00459 0
-101.000   25.000 -0.00407 0
-101.000   26.000 -0.00091 0
-101.000   27.000  0.00019 0
-101.000   28.000  0.00103 8
-101.000   29.000  0.00348 49
-101.000   30.000  0.00975 50
-101.000   31.000  0.00963 56
-101.000   32.000  0.01144 51
-101.000   33.000  0.01199 26
-101.000   34.000  0.00946 23
-101.000   35.000  0.00564 29
-101.000   36.000  0.00545 39
-101.000   37.000  0.00520 28
-101.000   38.000  0.00532 41
-101.000   39.000  0.00818 39
-101.000   40.000  0.00961 32
-101.000   41.000  0.01019 42
-101.000   42.000  0.00761 45
-101.000   43.000  0.00477 55
-101.000   44.000  0.00280 20
-101.000   45.000 -0.00107 39
-101.000   46.000 -0.00296 32
-101.000   47.000 -0.00402 52
-101.000   48.000 -0.00270 63
-101.000   49.000 -0.00400 17
-101.000   50.000 -0.00179 0
-100.000   25.000 -0.00450 0
-100.000   26.000  0.00025 0
-100.000   27.000  0.00300 15
-100.000   28.000  0.00310 40
-100.000   29.000  0.00512 77
-100.000   30.000  0.01207 53
-100.000   31.000  0.01114 93
-100.000   32.000  0.01089 49
-100.000   33.000  0.01246 83
-100.000   34.000  0.01197 36
-100.000   35.000  0.00871 40
-100.000   36.000  0.00952 54
-100.000   37.000  0.00960 48
-100.000   38.000  0.00990 87
-100.000   39.000  0.01156 66
-100.000   40.000  0.01342 31
-100.000   41.000  0.01182 33
-100.000   42.000  0.01073 29
-100.000   43.000  0.00742 57
-100.000   44.000  0.00563 41
-100.000   45.000  0.00145 67
-100.000   46.000  0.00187 38
-100.000   47.000  0.00318 41
-100.000   48.000  0.00453 39
-100.000   49.000  0.00428 24
-100.000   50.000  0.00745 0
 -99.000   25.000 -0.00336 1
 -99.000   26.000  0.00414 8
 -99.000   27.000  0.00513 59
 -99.000   28.000  0.00413 44
 -99.000   29.000  0.00668 74
 -99.000   30.000  0.01121 50
 -99.000   31.000  0.00813 49
 -99.000   32.000  0.00882 47
 -99.000   33.000  0.01155 44
 -99.000   34.000  0.01134 64
 -99.000   35.000  0.01035 53
 -99.000   36.000  0.01104 49
 -99.000   37.000  0.01075 45
 -99.000   38.000  0.01081 42
 -99.000   39.000  0.01097 62
 -99.000   40.000  0.01141 29
 -99.000   41.000  0.00991 42
 -99.000   42.000  0.00797 40
 -99.000   43.000  0.00526 24
 -99.000   44.000  0.00404 39
 -99.000   45.000  0.00138 49
 -99.000   46.000  0.00255 33
 -99.000   47.000  0.00584 58
 -99.000   48.000  0.00675 43
 -99.000   49.000  0.00723 28
 -99.000   50.000  0.01029 0
 -98.000   25.000 -0.00336 2
 -98.000   26.000  0.00158 4
 -98.000   27.000  0.00287 19
 -98.000   28.000  0.00122 18
 -98.000   29.000  0.00235 58
 -98.000   30.000  0.00774 72
 -98.000   31.000  0.00550 91
 -98.000   32.000  0.00631 56
 -98.000   33.000  0.00916 55
 -98.000   34.000  0.01101 49
 -98.000   35.000  0.00918 42
 -98.000   36.000  0.01057 81
 -98.000   37.000  0.00944 58
 -98.000   38.000  0.00920 39
 -98.000   39.000  0.00721 49
 -98.000   40.000  0.00760 61
 -98.000   41.000  0.00618 42
 -98.000   42.000  0.00434 17
 -98.000   43.000  0.00275 48
 -98.000   44.000  0.00226 28
 -98.000   45.000 -0.00003 55
 -98.000   46.000  0.00123 42
 -98.000   47.000  0.00700 27
 -98.000   48.000  0.00764 33
 -98.000   49.000  0.00931 6
 -98.000   50.000  0.01250 0
 -97.000   25.000 -0.00153 0
 -97.000   26.000  0.00323 3
 -97.000   27.000  0.00468 18
 -97.000   28.000  0.00372 22
 -97.000   29.000  0.00426 49
 -97.000   30.000  0.00856 38
 -97.000   31.000  0.00723 64
 -97.000   32.000  0.00692 49
 -97.000   33.000  0.00837 44
 -97.000   34.000  0.00997 40
 -97.000   35.000  0.00835 52
 -97.000   36.000  0.00808 68
 -97.000   37.000  0.00699 69
 -97.000   38.000  0.00688 52
 -97.000   39.000  0.00472 42
 -97.000   40.000  0.00421 28
 -97.000   41.000  0.00295 45
 -97.000   42.000  0.00199 30
 -97.000   43.000  0.00137 25
 -97.000   44.000  0.00130 24
 -97.000   45.000  0.00058 34
 -97.000   46.000  0.00176 43
 -97.000   47.000  0.00841 17
 -97.000   48.000  0.00865 29
 -97.000   49.000  0.01132 32
 -97.000   50.000  0.01368 1
 -96.000   25.000  0.00071 0
 -96.000   26.000  0.00391 0
 -96.000   27.000  0.00501 2
 -96.000   28.000  0.00416 7
 -96.000   29.000  0.00315 34
 -96.000   30.000  0.00693 26
 -96.000   31.000  0.00583 31
 -96.000   32.000  0.00494 54
 -96.000   33.000  0.00536 41
 -96.000   34.000  0.00754 68
 -96.000   35.000  0.00479 66
 -96.000   36.000  0.00410 79
 -96.000   37.000  0.00300 45
 -96.000   38.000  0.00385 52
 -96.000   39.000  0.00179 39
 -96.000   40.000  0.00085 22
 -96.000   41.000 -0.00032 46
 -96.000   42.000  0.00023 28
 -96.000   43.000  0.00018 30
 -96.000   44.000  0.00015 25
 -96.000   45.000  0.00158 36
 -96.000   46.000  0.00354 31
 -96.000   47.000  0.00922 22
 -96.000   48.000  0.00886 18
 -96.000   49.000  0.01222 28
 -96.000   50.000  0.01307 2
 -95.000   25.000  0.00114 0
 -95.000   26.000  0.00188 0
 -95.000   27.000  0.00249 1
 -95.000   28.000  0.00315 2
 -95.000   29.000  0.00078 21
 -95.000   30.000  0.00373 21
 -95.000   31.000  0.00287 63
 -95.000   32.000  0.00233 43
 -95.000   33.000  0.00010 33
 -95.000   34.000  0.00325 59
 -95.000   35.000  0.00105 78
 -95.000   36.000  0.00084 41
 -95.000   37.000  0.00101 45
 -95.000   38.000  0.00246 38
 -95.000   39.000  0.00073 58
 -95.000   40.000 -0.00243 26
 -95.000   41.000 -0.00185 34
 -95.000   42.000 -0.00307 21
 -95.000   43.000 -0.00238 34
 -95.000   44.000 -0.00197 31
 -95.000   45.000  0.00227 26
 -95.000   46.000  0.00255 41
 -95.000   47.000  0.00552 30
 -95.000   48.000  0.00496 22
 -95.000   49.000  0.00689 17
 -95.000   50.000  0.00501 0
 -94.000   25.000  0.00000 0
 -94.000   26.000 -0.00200 0
 -94.000   27.000 -0.00083 0
 -94.000   28.000  0.00184 0
 -94.000   29.000 -0.00112 14
 -94.000   30.000  0.00223 23
 -94.000   31.000  0.00254 25
 -94.000   32.000  0.00221 43
 -94.000   33.000 -0.00260 39
 -94.000   34.000  0.00119 47
 -94.000   35.000 -0.00089 40
 -94.000   36.000 -0.00036 80
 -94.000   37.000  0.00026 57
 -94.000   38.000  0.00242 37
 -94.000   39.000  0.00166 49
 -94.000   40.000 -0.00131 44
 -94.000   41.000  0.00044 40
 -94.000   42.000 -0.00032 32
 -94.000   43.000 -0.00076 39
 -94.000   44.000 -0.00093 40
 -94.000   45.000  0.00270 45
 -94.000   46.000  0.00280 57
 -94.000   47.000  0.00462 24
 -94.000   48.000  0.00504 17
 -94.000   49.000  0.00643 2
 -94.000   50.000  0.00535 0
 -93.000   25.000  0.00000 0
 -93.000   26.000  0.00000 0
 -93.000   27.000  0.00018 0
 -93.000   28.000  0.00218 0
 -93.000   29.000 -0.00131 8
 -93.000   30.000  0.00118 19
 -93.000   31.000  0.00088 18
 -93.000   32.000  0.00238 27
 -93.000   33.000 -0.00142 29
 -93.000   34.000  0.00176 45
 -93.000   35.000  0.00083 44
 -93.000   36.000  0.00079 59
 -93.000   37.000  0.00071 39
 -93.000   38.000  0.00180 59
 -93.000   39.000  0.00268 53
 -93.000   40.000 -0.00128 53
 -93.000   41.000  0.00064 54
 -93.000   42.000 -0.00092 10
 -93.000   43.000  0.00008 53
 -93.000   44.000  0.00048 41
 -93.000   45.000  0.00515 33
 -93.000   46.000  0.00591 38
 -93.000   47.000  0.00648 50
 -93.000   48.000  0.00674 23
 -93.000   49.000  0.00722 1
 -93.000   50.000  0.00584 0
 -92.000   25.000  0.00000 0
 -92.000   26.000  0.00000 0
 -92.000   27.000 -0.00069 0
 -92.000   28.000  0.00207 0
 -92.000   29.000 -0.00196 1
 -92.000   30.000 -0.00005 6
 -92.000   31.000 -0.00055 15
 -92.000   32.000  0.00174 28
 -92.000   33.000 -0.00186 29
 -92.000   34.000  0.00356 32
 -92.000   35.000  0.00268 34
 -92.000   36.000  0.00336 31
 -92.000   37.000  0.00371 60
 -92.000   38.000  0.00379 68
 -92.000   39.000  0.00364 37
 -92.000   40.000  0.00036 23
 -92.000   41.000  0.00179 39
 -92.000   42.000  0.00057 22
 -92.000   43.000  0.00121 49
 -92.000   44.000  0.00064 52
 -92.000   45.000  0.00506 37
 -92.000   46.000  0.00659 39
 -92.000   47.000  0.00597 36
 -92.000   48.000  0.00664 37
 -92.000   49.000  0.00747 6
 -92.000   50.000  0.00633 2
 -91.000   25.000  0.00000 0
 -91.000   26.000  0.00000 0
 -91.000   27.000 -0.00088 0
 -91.000   28.000  0.00248 0
 -91.000   29.000 -0.00107 2
 -91.000   30.000  0.00039 9
 -91.000   31.000  0.00102 19
 -91.000   32.000  0.00392 30
 -91.000   33.000 -0.00040 28
 -91.000   34.000  0.00519 19
 -91.000   35.000  0.00539 20
 -91.000   36.000  0.00582 29
 -91.000   37.000  0.00550 33
 -91.000   38.000  0.00579 25
 -91.000   39.000  0.00518 49
 -91.000   40.000  0.00109 15
 -91.000   41.000  0.00115 34
 -91.000   42.000 -0.00019 29
 -91.000   43.000 -0.00032 51
 -91.000   44.000 -0.00114 34
 -91.000   45.000  0.00129 31
 -91.000   46.000  0.00290 24
 -91.000   47.000  0.00264 36
 -91.000   48.000  0.00400 9
 -91.000   49.000  0.00423 1
 -91.000   50.000  0.00564 7
 -90.000   25.000  0.00000 0
 -90.000   26.000  0.00000 0
 -90.000   27.000  0.00027 0
 -90.000   28.000  0.00221 0
 -90.000   29.000  0.00013 6
 -90.000   30.000  0.00121 10
 -90.000   31.000  0.00309 22
 -90.000   32.000  0.00507 30
 -90.000   33.000  0.00276 36
 -90.000   34.000  0.00525 35
 -90.000   35.000  0.00571 31
 -90.000   36.000  0.00427 40
 -90.000   37.000  0.00323 28
 -90.000   38.000  0.00308 60
 -90.000   39.000  0.00446 58
 -90.000   40.000  0.00129 38
 -90.000   41.000  0.00173 33
 -90.000   42.000  0.00186 50
 -90.000   43.000  0.00110 30
 -90.000   44.000 -0.00042 43
 -90.000   45.000 -0.00043 20
 -90.000   46.000  0.00152 11
 -90.000   47.000  0.00029 17
 -90.000   48.000  0.00213 7
 -90.000   49.000  0.00232 5
 -90.000   50.000  0.00584 2
 -89.000   25.000  0.00000 0
 -89.000   26.000  0.00000 0
 -89.000   27.000  0.00027 0
 -89.000   28.000 -0.00028 0
 -89.000   29.000 -0.00101 3
 -89.000   30.000  0.00011 6
 -89.000   31.000  0.00238 9
 -89.000   32.000  0.00405 30
 -89.000   33.000  0.00504 21
 -89.000   34.000  0.00502 38
 -89.000   35.000  0.00553 20
 -89.000   36.000  0.00288 50
 -89.000   37.000  0.00290 58
 -89.000   38.000  0.00236 80
 -89.000   39.000  0.00425 53
 -89.000   40.000  0.00220 25
 -89.000   41.000  0.00292 43
 -89.000   42.000  0.00177 41
 -89.000   43.000  0.00223 56
 -89.000   44.000  0.00024 24
 -89.000   45.000 -0.00086 20
 -89.000   46.000  0.00039 23
 -89.000   47.000 -0.00040 15
 -89.000   48.000 -0.00022 11
 -89.000   49.000  0.00079 2
 -89.000   50.000  0.00358 3
 -88.000   25.000  0.00000 0
 -88.000   26.000  0.00000 0
 -88.000   27.000  0.00055 0
 -88.000   28.000  0.00055 0
 -88.000   29.000  0.00152 1
 -88.000   30.000  0.00405 4
 -88.000   31.000  0.00616 10
 -88.000   32.000  0.00774 40
 -88.000   33.000  0.00859 33
 -88.000   34.000  0.00734 26
 -88.000   35.000  0.00603 57
 -88.000   36.000  0.00323 79
 -88.000   37.000  0.00294 129
 -88.000   38.000  0.00259 109
 -88.000   39.000  0.00480 79
 -88.000   40.000  0.00300 38
 -88.000   41.000  0.00302 71
 -88.000   42.000  0.00179 18
 -88.000   43.000 -0.00007 19
 -88.000   44.000 -0.00237 30
 -88.000   45.000 -0.00498 19
 -88.000   46.000 -0.00397 26
 -88.000   47.000 -0.00459 16
 -88.000   48.000 -0.00323 4
 -88.000   49.000 -0.00357 1
 -88.000   50.000  0.00055 4
 -87.000   25.000  0.00000 0
 -87.000   26.000  0.00000 0
 -87.000   27.000  0.00173 0
 -87.000   28.000  0.00171 0
 -87.000   29.000  0.00495 2
 -87.000   30.000  0.00735 13
 -87.000   31.000  0.00909 16
 -87.000   32.000  0.00968 36
 -87.000   33.000  0.00922 50
 -87.000   34.000  0.00576 48
 -87.000   35.000  0.00529 29
 -87.000   36.000  0.00240 63
 -87.000   37.000  0.00174 114
 -87.000   38.000  0.00332 105
 -87.000   39.000  0.00503 81
 -87.000   40.000  0.00249 25
 -87.000   41.000  0.00348 24
 -87.000   42.000  0.00223 26
 -87.000   43.000  0.00082 24
 -87.000   44.000  0.00030 15
 -87.000   45.000 -0.00242 29
 -87.000   46.000 -0.00156 8
 -87.000   47.000 -0.00197 5
 -87.000   48.000 -0.00167 2
 -87.000   49.000 -0.00329 0
 -87.000   50.000  0.00115 2
 -86.000   25.000  0.00000 0
 -86.000   26.000  0.00000 0
 -86.000   27.000  0.00237 0
 -86.000   28.000  0.00390 0
 -86.000   29.000  0.00869 8
 -86.000   30.000  0.01086 7
 -86.000   31.000  0.01219 35
 -86.000   32.000  0.01210 36
 -86.000   33.000  0.01108 19
 -86.000   34.000  0.00652 43
 -86.000   35.000  0.00648 39
 -86.000   36.000  0.00393 73
 -86.000   37.000  0.00332 85
 -86.000   38.000  0.00429 74
 -86.000   39.000  0.00580 54
 -86.000   40.000  0.00284 35
 -86.000   41.000  0.00495 47
 -86.000   42.000  0.00434 18
 -86.000   43.000  0.00427 15
 -86.000   44.000  0.00444 18
 -86.000   45.000  0.00168 18
 -86.000   46.000  0.00234 15
 -86.000   47.000  0.00128 9
 -86.000   48.000 -0.00012 4
 -86.000   49.000 -0.00254 2
 -86.000   50.000  0.00258 2
 -85.000   25.000  0.00000 0
 -85.000   26.000 -0.00173 0
 -85.000   27.000  0.00194 0
 -85.000   28.000  0.00403 0
 -85.000   29.000  0.00913 10
 -85.000   30.000  0.01333 13
 -85.000   31.000  0.01790 44
 -85.000   32.000  0.01735 49
 -85.000   33.000  0.01693 28
 -85.000   34.000  0.01318 39
 -85.000   35.000  0.01203 48
 -85.000   36.000  0.00860 76
 -85.000   37.000  0.00715 74
 -85.000   38.000  0.00681 58
 -85.000   39.000  0.00695 59
 -85.000   40.000  0.00221 37
 -85.000   41.000  0.00405 42
 -85.000   42.000  0.00355 47
 -85.000   43.000  0.00538 17
 -85.000   44.000  0.00694 35
 -85.000   45.000  0.00650 40
 -85.000   46.000  0.00716 9
 -85.000   47.000  0.00634 19
 -85.000   48.000  0.00369 7
 -85.000   49.000  0.00080 1
 -85.000   50.000  0.00461 4
 -84.000   25.000 -0.00022 0
 -84.000   26.000 -0.00132 0
 -84.000   27.000  0.00219 0
 -84.000   28.000  0.00636 0
 -84.000   29.000  0.01299 14
 -84.000   30.000  0.01898 29
 -84.000   31.000  0.02453 98
 -84.000   32.000  0.02491 104
 -84.000   33.000  0.02325 74
 -84.000   34.000  0.01977 78
 -84.000   35.000  0.01553 70
 -84.000   36.000  0.01137 108
 -84.000   37.000  0.00810 50
 -84.000   38.000  0.00626 59
 -84.000   39.000  0.00625 68
 -84.000   40.000  0.00126 52
 -84.000   41.000  0.00440 51
 -84.000   42.000  0.00672 32
 -84.000   43.000  0.00852 37
 -84.000   44.000  0.01030 19
 -84.000   45.000  0.00967 25
 -84.000   46.000  0.00861 8
 -84.000   47.000  0.00595 6
 -84.000   48.000  0.00398 7
 -84.000   49.000  0.00015 3
 -84.000   50.000  0.00508 0
 -83.000   25.000 -0.00126 0
 -83.000   26.000 -0.00143 0
 -83.000   27.000  0.00293 0
 -83.000   28.000  0.00798 12
 -83.000   29.000  0.01568 12
 -83.000   30.000  0.02138 60
 -83.000   31.000  0.02715 63
 -83.000   32.000  0.02687 106
 -83.000   33.000  0.02513 97
 -83.000   34.000  0.02169 79
 -83.000   35.000  0.01793 56
 -83.000   36.000  0.01349 54
 -83.000   37.000  0.00983 29
 -83.000   38.000  0.00671 46
 -83.000   39.000  0.00587 61
 -83.000   40.000  0.00142 45
 -83.000   41.000  0.00515 51
 -83.000   42.000  0.00759 22
 -83.000   43.000  0.01086 28
 -83.000   44.000  0.01189 13
 -83.000   45.000  0.01062 14
 -83.000   46.000  0.00807 19
 -83.000   47.000  0.00550 14
 -83.000   48.000  0.00176 7
 -83.000   49.000 -0.00097 0
 -83.000   50.000  0.00302 22
 -82.000   25.000 -0.00126 0
 -82.000   26.000 -0.00143 6
 -82.000   27.000  0.00149 19
 -82.000   28.000  0.00576 20
 -82.000   29.000  0.01228 20
 -82.000   30.000  0.01804 34
 -82.000   31.000  0.02393 39
 -82.000   32.000  0.02539 41
 -82.000   33.000  0.02534 33
 -82.000   34.000  0.02369 28
 -82.000   35.000  0.02029 44
 -82.000   36.000  0.01593 41
 -82.000   37.000  0.01150 56
 -82.000   38.000  0.00716 36
 -82.000   39.000  0.00602 80
 -82.000   40.000  0.00135 48
 -82.000   41.000  0.00455 40
 -82.000   42.000  0.00591 28
 -82.000   43.000  0.00982 13
 -82.000   44.000  0.00938 17
 -82.000   45.000  0.00886 5
 -82.000   46.000  0.00653 4
 -82.000   47.000  0.00549 7
 -82.000   48.000  0.00142 30
 -82.000   49.000  0.00007 0
 -82.000   50.000  0.00280 5
 -81.000   25.000 -0.00126 12
 -81.000   26.000 -0.00143 19
 -81.000   27.000  0.00085 22
 -81.000   28.000  0.00297 22
 -81.000   29.000  0.00819 8
 -81.000   30.000  0.01321 6
 -81.000   31.000  0.01977 17
 -81.000   32.000  0.02208 16
 -81.000   33.000  0.02487 37
 -81.000   34.000  0.02462 49
 -81.000   35.000  0.02151 34
 -81.000   36.000  0.01637 55
 -81.000   37.000  0.01172 49
 -81.000   38.000  0.00662 80
 -81.000   39.000  0.00460 86
 -81.000   40.000  0.00038 56
 -81.000   41.000  0.00309 49
 -81.000   42.000  0.00440 40
 -81.000   43.000  0.00735 13
 -81.000   44.000  0.00702 6
 -81.000   45.000  0.00756 3
 -81.000   46.000  0.00594 11
 -81.000   47.000  0.00497 6
 -81.000   48.000  0.00194 8
 -81.000   49.000  0.00152 1
 -81.000   50.000  0.00301 6
 -80.000   25.000 -0.00126 4
 -80.000   26.000  0.00030 5
 -80.000   27.000  0.00128 5
 -80.000   28.000  0.00284 2
 -80.000   29.000  0.00716 0
 -80.000   30.000  0.00966 0
 -80.000   31.000  0.01336 0
 -80.000   32.000  0.01645 22
 -80.000   33.000  0.01966 18
 -80.000   34.000  0.02066 54
 -80.000   35.000  0.01925 42
 -80.000   36.000  0.01495 93
 -80.000   37.000  0.01096 46
 -80.000   38.000  0.00623 62
 -80.000   39.000  0.00377 71
 -80.000   40.000  0.00113 72
 -80.000   41.000  0.00324 52
 -80.000   42.000  0.00351 44
 -80.000   43.000  0.00433 20
 -80.000   44.000  0.00366 15
 -80.000   45.000  0.00376 32
 -80.000   46.000  0.00267 6
 -80.000   47.000  0.00152 6
 -80.000   48.000 -0.00014 8
 -80.000   49.000 -0.00051 0
 -80.000   50.000 -0.00025 0
 -79.000   25.000 -0.00104 0
 -79.000   26.000 -0.00011 0
 -79.000   27.000  0.00103 0
 -79.000   28.000  0.00172 0
 -79.000   29.000  0.00340 0
 -79.000   30.000  0.00463 0
 -79.000   31.000  0.00754 0
 -79.000   32.000  0.01054 5
 -79.000   33.000  0.01428 17
 -79.000   34.000  0.01674 35
 -79.000   35.000  0.01824 46
 -79.000   36.000  0.01614 58
 -79.000   37.000  0.01309 58
 -79.000   38.000  0.00877 43
 -79.000   39.000  0.00634 65
 -79.000   40.000  0.00252 49
 -79.000   41.000  0.00262 68
 -79.000   42.000  0.00166 44
 -79.000   43.000  0.00268 68
 -79.000   44.000  0.00157 19
 -79.000   45.000  0.00339 20
 -79.000   46.000  0.00280 18
 -79.000   47.000  0.00195 9
 -79.000   48.000  0.00002 7
 -79.000   49.000  0.00035 2
 -79.000   50.000 -0.00120 0
 -78.000   25.000  0.00000 0
 -78.000   26.000  0.00000 0
 -78.000   27.000  0.00000 0
 -78.000   28.000  0.00000 0
 -78.000   29.000  0.00000 0
 -78.000   30.000  0.00064 0
 -78.000   31.000  0.00306 0
 -78.000   32.000  0.00673 3
 -78.000   33.000  0.01100 7
 -78.000   34.000  0.01434 16
 -78.000   35.000  0.01484 31
 -78.000   36.000  0.01422 47
 -78.000   37.000  0.01180 76
 -78.000   38.000  0.00884 66
 -78.000   39.000  0.00646 81
 -78.000   40.000  0.00428 26
 -78.000   41.000  0.00368 68
 -78.000   42.000  0.00283 42
 -78.000   43.000  0.00243 39
 -78.000   44.000  0.00266 23
 -78.000   45.000  0.00592 24
 -78.000   46.000  0.00597 8
 -78.000   47.000  0.00484 31
 -78.000   48.000  0.00393 4
 -78.000   49.000  0.00342 15
 -78.000   50.000  0.00086 0
 -77.000   25.000  0.00000 0
 -77.000   26.000  0.00000 0
 -77.000   27.000  0.00000 0
 -77.000   28.000  0.00000 0
 -77.000   29.000  0.00000 0
 -77.000   30.000  0.00000 0
 -77.000   31.000  0.00205 0
 -77.000   32.000  0.00490 0
 -77.000   33.000  0.00876 2
 -77.000   34.000  0.01081 15
 -77.000   35.000  0.01118 19
 -77.000   36.000  0.01007 41
 -77.000   37.000  0.00840 43
 -77.000   38.000  0.00534 34
 -77.000   39.000  0.00393 43
 -77.000   40.000  0.00248 48
 -77.000   41.000  0.00273 63
 -77.000   42.000  0.00313 36
 -77.000   43.000  0.00276 47
 -77.000   44.000  0.00352 32
 -77.000   45.000  0.00626 24
 -77.000   46.000  0.00697 14
 -77.000   47.000  0.00466 15
 -77.000   48.000  0.00422 6
 -77.000   49.000  0.00354 4
 -77.000   50.000  0.00194 0
 -76.000   25.000  0.00000 0
 -76.000   26.000  0.00000 0
 -76.000   27.000  0.00000 0
 -76.000   28.000  0.00000 0
 -76.000   29.000  0.00000 0
 -76.000   30.000  0.00000 0
 -76.000   31.000  0.00080 0
 -76.000   32.000  0.00286 0
 -76.000   33.000  0.00571 0
 -76.000   34.000  0.00708 6
 -76.000   35.000  0.00698 9
 -76.000   36.000  0.00675 24
 -76.000   37.000  0.00655 11
 -76.000   38.000  0.00422 44
 -76.000   39.000  0.00404 52
 -76.000   40.000  0.00407 51
 -76.000   41.000  0.00536 85
 -76.000   42.000  0.00384 60
 -76.000   43.000  0.00411 72
 -76.000   44.000  0.00435 42
 -76.000   45.000  0.00594 39
 -76.000   46.000  0.00482 29
 -76.000   47.000  0.00374 18
 -76.000   48.000  0.00296 4
 -76.000   49.000  0.00191 1
 -76.000   50.000  0.00002 0
 -75.000   25.000  0.00000 0
 -75.000   26.000  0.00000 0
 -75.000   27.000  0.00000 0
 -75.000   28.000  0.00000 0
 -75.000   29.000  0.00000 0
 -75.000   30.000  0.00000 0
 -75.000   31.000  0.00000 0
 -75.000   32.000  0.00162 0
 -75.000   33.000  0.00355 0
 -75.000   34.000  0.00430 2
 -75.000   35.000  0.00350 3
 -75.000   36.000  0.00403 1
 -75.000   37.000  0.00328 18
 -75.000   38.000  0.00058 17
 -75.000   39.000  0.00127 44
 -75.000   40.000  0.00305 44
 -75.000   41.000  0.00510 118
 -75.000   42.000  0.00492 88
 -75.000   43.000  0.00749 81
 -75.000   44.000  0.00665 67
 -75.000   45.000  0.00529 60
 -75.000   46.000  0.00236 26
 -75.000   47.000  0.00168 13
 -75.000   48.000 -0.00013 6
 -75.000   49.000 -0.00091 0
 -75.000   50.000 -0.00060 0
 -74.000   25.000  0.00000 0
 -74.000   26.000  0.00000 0
 -74.000   27.000  0.00000 0
 -74.000   28.000  0.00000 0
 -74.000   29.000  0.00000 0
 -74.000   30.000  0.00000 0
 -74.000   31.000  0.00000 0
 -74.000   32.000  0.00061 0
 -74.000   33.000  0.00183 0
 -74.000   34.000  0.00242 0
 -74.000   35.000  0.00091 0
 -74.000   36.000  0.00071 0
 -74.000   37.000 -0.00000 3
 -74.000   38.000 -0.00194 2
 -74.000   39.000 -0.00159 96
 -74.000   40.000  0.00178 90
 -74.000   41.000  0.00387 152
 -74.000   42.000  0.00490 102
 -74.000   43.000  0.00693 92
 -74.000   44.000  0.00685 77
 -74.000   45.000  0.00370 63
 -74.000   46.000  0.00174 29
 -74.000   47.000  0.00081 17
 -74.000   48.000 -0.00050 1
 -74.000   49.000 -0.00170 0
 -74.000   50.000 -0.00012 0
 -73.000   25.000  0.00000 0
 -73.000   26.000  0.00000 0
 -73.000   27.000  0.00000 0
 -73.000   28.000  0.00000 0
 -73.000   29.000  0.00000 0
 -73.000   30.000  0.00000 0
 -73.000   31.000  0.00000 0
 -73.000   32.000  0.00000 0
 -73.000   33.000  0.00000 0
 -73.000   34.000  0.00000 0
 -73.000   35.000 -0.00004 0
 -73.000   36.000 -0.00098 0
 -73.000   37.000 -0.00111 0
 -73.000   38.000 -0.00198 0
 -73.000   39.000 -0.00293 15
 -73.000   40.000 -0.00084 45
 -73.000   41.000  0.00187 54
 -73.000   42.000  0.00276 55
 -73.000   43.000  0.00463 58
 -73.000   44.000  0.00535 65
 -73.000   45.000  0.00083 33
 -73.000   46.000 -0.00070 21
 -73.000   47.000 -0.00145 11
 -73.000   48.000 -0.00246 6
 -73.000   49.000 -0.00278 0
 -73.000   50.000  0.00040 0
 -72.000   25.000  0.00000 0
 -72.000   26.000  0.00000 0
 -72.000   27.000  0.00000 0
 -72.000   28.000  0.00000 0
 -72.000   29.000  0.00000 0
 -72.000   30.000  0.00000 0
 -72.000   31.000  0.00000 0
 -72.000   32.000  0.00000 0
 -72.000   33.000  0.00000 0
 -72.000   34.000  0.00000 0
 -72.000   35.000  0.00000 0
 -72.000   36.000  0.00000 0
 -72.000   37.000  0.00018 0
 -72.000   38.000 -0.00017 0
 -72.000   39.000 -0.00053 3
 -72.000   40.000  0.00192 23
 -72.000   41.000  0.00413 52
 -72.000   42.000  0.00492 47
 -72.000   43.000  0.00614 67
 -72.000   44.000  0.00630 46
 -72.000   45.000  0.00159 51
 -72.000   46.000 -0.00079 22
 -72.000   47.000 -0.00176 13
 -72.000   48.000 -0.00263 1
 -72.000   49.000 -0.00303 0
 -72.000   50.000 -0.00029 0
 -71.000   25.000  0.00000 0
 -71.000   26.000  0.00000 0
 -71.000   27.000  0.00000 0
 -71.000   28.000  0.00000 0
 -71.000   29.000  0.00000 0
 -71.000   30.000  0.00000 0
 -71.000   31.000  0.00000 0
 -71.000   32.000  0.00000 0
 -71.000   33.000  0.00000 0
 -71.000   34.000  0.00000 0
 -71.000   35.000  0.00000 0
 -71.000   36.000  0.00000 0
 -71.000   37.000 -0.00049 0
 -71.000   38.000 -0.00121 0
 -71.000   39.000 -0.00168 0
 -71.000   40.000  0.00023 14
 -71.000   41.000  0.00176 6
 -71.000   42.000  0.00365 48
 -71.000   43.000  0.00430 41
 -71.000   44.000  0.00479 47
 -71.000   45.000  0.00060 28
 -71.000   46.000 -0.00103 37
 -71.000   47.000 -0.00243 18
 -71.000   48.000 -0.00235 11
 -71.000   49.000 -0.00298 0
 -71.000   50.000 -0.00016 0
 -70.000   25.000  0.00000 0
 -70.000   26.000  0.00000 0
 -70.000   27.000  0.00000 0
 -70.000   28.000  0.00000 0
 -70.000   29.000  0.00000 0
 -70.000   30.000  0.00000 0
 -70.000   31.000  0.00000 0
 -70.000   32.000  0.00000 0
 -70.000   33.000  0.00000 0
 -70.000   34.000  0.00000 0
 -70.000   35.000  0.00000 0
 -70.000   36.000  0.00000 0
 -70.000   37.000  0.00000 0
 -70.000   38.000  0.00031 0
 -70.000   39.000 -0.00075 0
 -70.000   40.000  0.00023 4
 -70.000   41.000  0.00158 10
 -70.000   42.000  0.00288 19
 -70.000   43.000  0.00149 12
 -70.000   44.000  0.00222 33
 -70.000   45.000 -0.00032 27
 -70.000   46.000 -0.00067 53
 -70.000   47.000 -0.00197 19
 -70.000   48.000 -0.00074 9
 -70.000   49.000 -0.00051 0
 -70.000   50.000  0.00193 0
 -69.000   25.000  0.00000 0
 -69.000   26.000  0.00000 0
 -69.000   27.000  0.00000 0
 -69.000   28.000  0.00000 0
 -69.000   29.000  0.00000 0
 -69.000   30.000  0.00000 0
 -69.000   31.000  0.00000 0
 -69.000   32.000  0.00000 0
 -69.000   33.000  0.00000 0
 -69.000   34.000  0.00000 0
 -69.000   35.000  0.00000 0
 -69.000   36.000  0.00000 0
 -69.000   37.000  0.00000 0
 -69.000   38.000  0.00036 0
 -69.000   39.000 -0.00069 0
 -69.000   40.000 -0.00012 0
 -69.000   41.000  0.00106 0
 -69.000   42.000  0.00235 3
 -69.000   43.000  0.00201 5
 -69.000   44.000  0.00171 27
 -69.000   45.000  0.00004 32
 -69.000   46.000  0.00100 49
 -69.000   47.000 -0.00029 26
 -69.000   48.000 -0.00053 11
 -69.000   49.000  0.00101 0
 -69.000   50.000  0.00318 0
 -68.000   25.000  0.00000 0
 -68.000   26.000  0.00000 0
 -68.000   27.000  0.00000 0
 -68.000   28.000  0.00000 0
 -68.000   29.000  0.00000 0
 -68.000   30.000  0.00000 0
 -68.000   31.000  0.00000 0
 -68.000   32.000  0.00000 0
 -68.000   33.000  0.00000 0
 -68.000   34.000  0.00000 0
 -68.000   35.000  0.00000 0
 -68.000   36.000  0.00000 0
 -68.000   37.000  0.00000 0
 -68.000   38.000  0.00000 0
 -68.000   39.000  0.00055 0
 -68.000   40.000  0.00106 0
 -68.000   41.000  0.00203 0
 -68.000   42.000  0.00357 0
 -68.000   43.000  0.00408 2
 -68.000   44.000  0.00229 24
 -68.000   45.000  0.00162 24
 -68.000   46.000  0.00247 26
 -68.000   47.000  0.00093 20
 -68.000   48.000  0.00019 2
 -68.000   49.000  0.00179 1
 -68.000   50.000  0.00266 18
 -67.000   25.000  0.00000 0
 -67.000   26.000  0.00000 0
 -67.000   27.000  0.00000 0
 -67.000   28.000  0.00000 0
 -67.000   29.000  0.00000 0
 -67.000   30.000  0.00000 0
 -67.000   31.000  0.00000 0
 -67.000   32.000  0.00000 0
 -67.000   33.000  0.00000 0
 -67.000   34.000  0.00000 0
 -67.000   35.000  0.00000 0
 -67.000   36.000  0.00000 0
 -67.000   37.000  0.00000 0
 -67.000   38.000  0.00000 0
 -67.000   39.000  0.00000 0
 -67.000   40.000  0.00000 0
 -67.000   41.000  0.00000 0
 -67.000   42.000  0.00116 0
 -67.000   43.000  0.00121 3
 -67.000   44.000  0.00016 18
 -67.000   45.000 -0.00044 9
 -67.000   46.000  0.00077 29
 -67.000   47.000 -0.00039 5
 -67.000   48.000 -0.00067 26
 -67.000   49.000  0.00048 0
 -67.000   50.000  0.00164 8
 -66.000   25.000  0.00000 0
 -66.000   26.000  0.00000 0
 -66.000   27.000  0.00000 0
 -66.000   28.000  0.00000 0
 -66.000   29.000  0.00000 0
 -66.000   30.000  0.00000 0
 -66.000   31.000  0.00000 0
 -66.000   32.000  0.00000 0
 -66.000   33.000  0.00000 0
 -66.000   34.000  0.00000 0
 -66.000   35.000  0.00000 0
 -66.000   36.000  0.00000 0
 -66.000   37.000  0.00000 0
 -66.000   38.000  0.00000 0
 -66.000   39.000  0.00000 0
 -66.000   40.000  0.00000 0
 -66.000   41.000  0.00000 0
 -66.000   42.000  0.00161 0
 -66.000   43.000  0.00198 0
 -66.000   44.000  0.00002 4
 -66.000   45.000 -0.00021 3
 -66.000   46.000  0.00121 3
 -66.000   47.000 -0.00041 0
 -66.000   48.000 -0.00106 0
 -66.000   49.000  0.00112 1
 -66.000   50.000  0.00188 2
 -65.000   25.000  0.00000 0
 -65.000   26.000  0.00000 0
 -65.000   27.000  0.00000 0
 -65.000   28.000  0.00000 0
 -65.000   29.000  0.00000 0
 -65.000   30.000  0.00000 0
 -65.000   31.000  0.00000 0
 -65.000   32.000  0.00000 0
 -65.000   33.000  0.00000 0
 -65.000   34.000  0.00000 0
 -65.000   35.000  0.00000 0
 -65.000   36.000  0.00000 0
 -65.000   37.000  0.00000 0
 -65.000   38.000  0.00000 0
 -65.000   39.000  0.00000 0
 -65.000   40.000  0.00000 0
 -65.000   41.000  0.00000 0
 -65.000   42.000  0.00171 0
 -65.000   43.000  0.00316 0
 -65.000   44.000  0.00104 0
 -65.000   45.000  0.00104 0
 -65.000   46.000  0.00292 0
 -65.000   47.000  0.00121 0
 -65.000   48.000 -0.00087 0
 -65.000   49.000  0.00156 0
 -65.000   50.000  0.00208 0
