-130.000   25.000  0.00000 0
-130.000   26.000  0.00000 0
-130.000   27.000  0.00000 0
-130.000   28.000  0.00000 0
-130.000   29.000  0.00000 0
-130.000   30.000  0.00000 0
-130.000   31.000  0.00000 0
-130.000   32.000  0.00000 0
-130.000   33.000  0.00000 0
-130.000   34.000  0.00000 0
-130.000   35.000  0.00000 0
-130.000   36.000  0.00000 0
-130.000   37.000  0.00130 0
-130.000   38.000  0.00387 0
-130.000   39.000  0.00833 0
-130.000   40.000  0.01163 0
-130.000   41.000  0.01417 0
-130.000   42.000  0.01556 0
-130.000   43.000  0.01463 1
-130.000   44.000  0.01300 1
-130.000   45.000  0.01572 2
-130.000   46.000  0.01311 3
-130.000   47.000  0.00819 6
-130.000   48.000  0.00540 1
-130.000   49.000  0.00322 0
-130.000   50.000 -0.00575 1
-129.000   25.000  0.00000 0
-129.000   26.000  0.00000 0
-129.000   27.000  0.00000 0
-129.000   28.000  0.00000 0
-129.000   29.000  0.00000 0
-129.000   30.000  0.00000 0
-129.000   31.000  0.00000 0
-129.000   32.000  0.00000 0
-129.000   33.000  0.00000 0
-129.000   34.000  0.00048 0
-129.000   35.000  0.00136 0
-129.000   36.000  0.00218 0
-129.000   37.000  0.00466 0
-129.000   38.000  0.00812 0
-129.000   39.000  0.01258 1
-129.000   40.000  0.01462 5
-129.000   41.000  0.01700 8
-129.000   42.000  0.01726 12
-129.000   43.000  0.01618 12
-129.000   44.000  0.01466 14
-129.000   45.000  0.01663 14
-129.000   46.000  0.01324 29
-129.000   47.000  0.00894 14
-129.000   48.000  0.00624 18
-129.000   49.000  0.00353 8
-129.000   50.000 -0.00345 7
-128.000   25.000  0.00000 0
-128.000   26.000  0.00000 0
-128.000   27.000  0.00000 0
-128.000   28.000  0.00000 0
-128.000   29.000  0.00000 0
-128.000   30.000  0.00000 0
-128.000   31.000  0.00000 0
-128.000   32.000  0.00039 0
-128.000   33.000  0.00250 0
-128.000   34.000  0.00407 0
-128.000   35.000  0.00564 0
-128.000   36.000  0.00679 0
-128.000   37.000  0.00924 1
-128.000   38.000  0.01117 3
-128.000   39.000  0.01460 19
-128.000   40.000  0.01629 15
-128.000   41.000  0.01854 27
-128.000   42.000  0.01830 39
-128.000   43.000  0.01664 31
-128.000   44.000  0.01473 55
-128.000   45.000  0.01626 64
-128.000   46.000  0.01193 64
-128.000   47.000  0.00748 48
-128.000   48.000  0.00411 37
-128.000   49.000  0.00127 35
-128.000   50.000 -0.00628 18
-127.000   25.000  0.00000 0
-127.000   26.000  0.00000 0
-127.000   27.000  0.00000 0
-127.000   28.000  0.00000 0
-127.000   29.000  0.00000 0
-127.000   30.000  0.00000 0
-127.000   31.000  0.00098 0
-127.000   32.000  0.00271 0
-127.000   33.000  0.00592 0
-127.000   34.000  0.00886 0
-127.000   35.000  0.01152 5
-127.000   36.000  0.01289 12
-127.000   37.000  0.01489 25
-127.000   38.000  0.01715 27
-127.000   39.000  0.02040 42
-127.000   40.000  0.02139 51
-127.000   41.000  0.02291 53
-127.000   42.000  0.02220 56
-127.000   43.000  0.01958 35
-127.000   44.000  0.01719 78
-127.000   45.000  0.01720 57
-127.000   46.000  0.01232 77
-127.000   47.000  0.00750 56
-127.000   48.000  0.00277 41
-127.000   49.000 -0.00127 40
-127.000   50.000 -0.00780 15
-126.000   25.000  0.00000 0
-126.000   26.000  0.00000 0
-126.000   27.000  0.00000 0
-126.000   28.000  0.00000 0
-126.000   29.000  0.00000 0
-126.000   30.000  0.00058 0
-126.000   31.000  0.00215 0
-126.000   32.000  0.00499 0
-126.000   33.000  0.00918 0
-126.000   34.000  0.01404 6
-126.000   35.000  0.01676 15
-126.000   36.000  0.01834 18
-126.000   37.000  0.02031 26
-126.000   38.000  0.02157 41
-126.000   39.000  0.02283 49
-126.000   40.000  0.02376 52
-126.000   41.000  0.02432 34
-126.000   42.000  0.02281 48
-126.000   43.000  0.02069 38
-126.000   44.000  0.01858 68
-126.000   45.000  0.01696 62
-126.000   46.000  0.01242 65
-126.000   47.000  0.00888 34
-126.000   48.000  0.00345 25
-126.000   49.000 -0.00070 22
-126.000   50.000 -0.00528 17
-125.000   25.000  0.00000 0
-125.000   26.000  0.00000 0
-125.000   27.000  0.00000 0
-125.000   28.000  0.00000 0
-125.000   29.000  0.00016 0
-125.000   30.000  0.00126 0
-125.000   31.000  0.00394 0
-125.000   32.000  0.00826 1
-125.000   33.000  0.01317 6
-125.000   34.000  0.01890 16
-125.000   35.000  0.02169 27
-125.000   36.000  0.02260 18
-125.000   37.000  0.02253 52
-125.000   38.000  0.02172 56
-125.000   39.000  0.02153 51
-125.000   40.000  0.02161 32
-125.000   41.000  0.02188 36
-125.000   42.000  0.02055 27
-125.000   43.000  0.01868 23
-125.000   44.000  0.01591 32
-125.000   45.000  0.01384 39
-125.000   46.000  0.00947 29
-125.000   47.000  0.00671 28
-125.000   48.000  0.00243 21
-125.000   49.000 -0.00062 16
-125.000   50.000 -0.00401 12
-124.000   25.000  0.00000 0
-124.000   26.000  0.00000 0
-124.000   27.000  0.00000 0
-124.000   28.000  0.00220 0
-124.000   29.000  0.00314 0
-124.000   30.000  0.00519 1
-124.000   31.000  0.00883 2
-124.000   32.000  0.01380 8
-124.000   33.000  0.01697 21
-124.000   34.000  0.02194 23
-124.000   35.000  0.02371 43
-124.000   36.000  0.02421 36
-124.000   37.000  0.02189 56
-124.000   38.000  0.01923 43
-124.000   39.000  0.01760 24
-124.000   40.000  0.01791 34
-124.000   41.000  0.01618 27
-124.000   42.000  0.01516 21
-124.000   43.000  0.01303 24
-124.000   44.000  0.01073 57
-124.000   45.000  0.00860 30
-124.000   46.000  0.00481 44
-124.000   47.000  0.00153 38
-124.000   48.000 -0.00238 20
-124.000   49.000 -0.00544 8
-124.000   50.000 -0.01059 14
-123.000   25.000  0.00000 0
-123.000   26.000  0.00000 0
-123.000   27.000  0.00000 0
-123.000   28.000  0.00376 0
-123.000   29.000  0.00457 0
-123.000   30.000  0.00679 5
-123.000   31.000  0.01060 12
-123.000   32.000  0.01598 32
-123.000   33.000  0.01578 35
-123.000   34.000  0.02015 28
-123.000   35.000  0.02138 72
-123.000   36.000  0.02172 74
-123.000   37.000  0.01874 54
-123.000   38.000  0.01625 20
-123.000   39.000  0.01448 27
-123.000   40.000  0.01350 28
-123.000   41.000  0.01060 34
-123.000   42.000  0.00940 32
-123.000   43.000  0.00794 30
-123.000   44.000  0.00589 40
-123.000   45.000  0.00378 36
-123.000   46.000  0.00075 44
-123.000   47.000 -0.00293 48
-123.000   48.000 -0.00572 24
-123.000   49.000 -0.00885 18
-123.000   50.000 -0.01240 9
-122.000   25.000  0.00000 0
-122.000   26.000  0.00000 0
-122.000   27.000  0.00000 0
-122.000   28.000  0.00406 0
-122.000   29.000  0.00599 0
-122.000   30.000  0.00819 9
-122.000   31.000  0.01146 38
-122.000   32.000  0.01521 40
-122.000   33.000  0.01424 79
-122.000   34.000  0.01679 80
-122.000   35.000  0.01666 80
-122.000   36.000  0.01617 127
-122.000   37.000  0.01347 65
-122.000   38.000  0.00938 37
-122.000   39.000  0.00706 25
-122.000   40.000  0.00710 32
-122.000   41.000  0.00450 40
-122.000   42.000  0.00330 34
-122.000   43.000  0.00258 47
-122.000   44.000  0.00028 76
-122.000   45.000 -0.00310 53
-122.000   46.000 -0.00625 70
-122.000   47.000 -0.00856 33
-122.000   48.000 -0.00968 27
-122.000   49.000 -0.01193 11
-122.000   50.000 -0.01382 20
-121.000   25.000  0.00000 0
-121.000   26.000  0.00000 0
-121.000   27.000  0.00000 0
-121.000   28.000  0.00391 0
-121.000   29.000  0.00670 0
-121.000   30.000  0.00839 22
-121.000   31.000  0.01166 56
-121.000   32.000  0.01448 120
-121.000   33.000  0.01227 84
-121.000   34.000  0.01194 78
-121.000   35.000  0.01161 133
-121.000   36.000  0.01014 181
-121.000   37.000  0.00759 57
-121.000   38.000  0.00402 50
-121.000   39.000  0.00155 55
-121.000   40.000  0.00045 65
-121.000   41.000 -0.00188 63
-121.000   42.000 -0.00407 59
-121.000   43.000 -0.00532 46
-121.000   44.000 -0.00676 61
-121.000   45.000 -0.01075 65
-121.000   46.000 -0.01485 55
-121.000   47.000 -0.01662 33
-121.000   48.000 -0.01388 28
-121.000   49.000 -0.01554 11
-121.000   50.000 -0.01448 21
-120.000   25.000  0.00000 0
-120.000   26.000  0.00000 0
-120.000   27.000 -0.00089 0
-120.000   28.000  0.00154 0
-120.000   29.000  0.00443 4
-120.000   30.000  0.00577 47
-120.000   31.000  0.00793 96
-120.000   32.000  0.00961 47
-120.000   33.000  0.00868 77
-120.000   34.000  0.00738 81
-120.000   35.000  0.00696 173
-120.000   36.000  0.00647 102
-120.000   37.000  0.00574 117
-120.000   38.000  0.00204 134
-120.000   39.000 -0.00067 66
-120.000   40.000 -0.00209 82
-120.000   41.000 -0.00634 98
-120.000   42.000 -0.00950 99
-120.000   43.000 -0.01101 101
-120.000   44.000 -0.01299 77
-120.000   45.000 -0.01800 82
-120.000   46.000 -0.02232 43
-120.000   47.000 -0.02463 32
-120.000   48.000 -0.02086 28
-120.000   49.000 -0.02220 10
-120.000   50.000 -0.02044 15
-119.000   25.000  0.00000 0
-119.000   26.000  0.00000 0
-119.000   27.000 -0.00259 0
-119.000   28.000 -0.00297 0
-119.000   29.000 -0.00038 0
-119.000   30.000 -0.00003 58
-119.000   31.000  0.00094 86
-119.000   32.000  0.00369 63
-119.000   33.000  0.00533 56
-119.000   34.000  0.00340 50
-119.000   35.000  0.00376 138
-119.000   36.000  0.00307 133
-119.000   37.000  0.00349 122
-119.000   38.000 -0.00090 85
-119.000   39.000 -0.00342 90
-119.000   40.000 -0.00551 91
-119.000   41.000 -0.00878 94
-119.000   42.000 -0.01205 100
-119.000   43.000 -0.01327 74
-119.000   44.000 -0.01556 102
-119.000   45.000 -0.01992 107
-119.000   46.000 -0.02320 59
-119.000   47.000 -0.02486 30
-119.000   48.000 -0.01847 26
-119.000   49.000 -0.01789 12
-119.000   50.000 -0.01431 11
-118.000   25.000  0.00000 0
-118.000   26.000  0.00000 0
-118.000   27.000 -0.00318 0
-118.000   28.000 -0.00589 0
-118.000   29.000 -0.00261 22
-118.000   30.000 -0.00122 71
-118.000   31.000 -0.00065 48
-118.000   32.000  0.00235 54
-118.000   33.000  0.00610 66
-118.000   34.000  0.00219 39
-118.000   35.000  0.00126 91
-118.000   36.000 -0.00069 80
-118.000   37.000 -0.00037 84
-118.000   38.000 -0.00550 45
-118.000   39.000 -0.00876 53
-118.000   40.000 -0.01046 43
-118.000   41.000 -0.01129 72
-118.000   42.000 -0.01677 67
-118.000   43.000 -0.01664 54
-118.000   44.000 -0.01805 106
-118.000   45.000 -0.02366 69
-118.000   46.000 -0.02736 38
-118.000   47.000 -0.02597 24
-118.000   48.000 -0.01973 16
-118.000   49.000 -0.01803 17
-118.000   50.000 -0.01263 7
-117.000   25.000  0.00000 0
-117.000   26.000  0.00000 0
-117.000   27.000 -0.00367 0
-117.000   28.000 -0.00666 2
-117.000   29.000 -0.00490 47
-117.000   30.000 -0.00300 86
-117.000   31.000 -0.00298 75
-117.000   32.000  0.00179 70
-117.000   33.000  0.00473 41
-117.000   34.000  0.00137 46
-117.000   35.000 -0.00055 60
-117.000   36.000 -0.00265 69
-117.000   37.000 -0.00384 68
-117.000   38.000 -0.00672 44
-117.000   39.000 -0.00974 25
-117.000   40.000 -0.01180 47
-117.000   41.000 -0.01176 63
-117.000   42.000 -0.01644 63
-117.000   43.000 -0.01836 65
-117.000   44.000 -0.01911 82
-117.000   45.000 -0.02425 43
-117.000   46.000 -0.02554 38
-117.000   47.000 -0.02526 15
-117.000   48.000 -0.01723 20
-117.000   49.000 -0.01482 8
-117.000   50.000 -0.00771 7
-116.000   25.000  0.00000 0
-116.000   26.000  0.00000 0
-116.000   27.000 -0.00251 0
-116.000   28.000 -0.00372 0
-116.000   29.000 -0.00328 28
-116.000   30.000 -0.00053 112
-116.000   31.000 -0.00016 119
-116.000   32.000  0.00332 90
-116.000   33.000  0.00402 31
-116.000   34.000  0.00165 81
-116.000   35.000 -0.00123 70
-116.000   36.000 -0.00476 47
-116.000   37.000 -0.00833 121
-116.000   38.000 -0.01186 36
-116.000   39.000 -0.01488 68
-116.000   40.000 -0.01709 25
-116.000   41.000 -0.01638 60
-116.000   42.000 -0.01914 57
-116.000   43.000 -0.01954 40
-116.000   44.000 -0.02116 55
-116.000   45.000 -0.02500 45
-116.000   46.000 -0.02522 71
-116.000   47.000 -0.02438 17
-116.000   48.000 -0.01960 14
-116.000   49.000 -0.01628 6
-116.000   50.000 -0.01138 9
-115.000   25.000  0.00000 0
-115.000   26.000  0.00000 0
-115.000   27.000 -0.00102 0
-115.000   28.000  0.00015 0
-115.000   29.000  0.00038 40
-115.000   30.000  0.00295 94
-115.000   31.000  0.00301 168
-115.000   32.000  0.00543 52
-115.000   33.000  0.00313 73
-115.000   34.000 -0.00012 42
-115.000   35.000 -0.00298 57
-115.000   36.000 -0.00736 44
-115.000   37.000 -0.01256 102
-115.000   38.000 -0.01594 66
-115.000   39.000 -0.01731 54
-115.000   40.000 -0.01980 31
-115.000   41.000 -0.01799 90
-115.000   42.000 -0.01960 78
-115.000   43.000 -0.01956 48
-115.000   44.000 -0.02237 28
-115.000   45.000 -0.02551 57
-115.000   46.000 -0.02543 58
-115.000   47.000 -0.02469 18
-115.000   48.000 -0.02085 12
-115.000   49.000 -0.01706 9
-115.000   50.000 -0.01288 10
-114.000   25.000  0.00000 0
-114.000   26.000  0.00000 0
-114.000   27.000  0.00037 0
-114.000   28.000  0.00301 3
-114.000   29.000  0.00365 85
-114.000   30.000  0.00647 189
-114.000   31.000  0.00708 96
-114.000   32.000  0.00815 77
-114.000   33.000  0.00305 66
-114.000   34.000 -0.00173 29
-114.000   35.000 -0.00515 52
-114.000   36.000 -0.01075 59
-114.000   37.000 -0.01702 93
-114.000   38.000 -0.01802 43
-114.000   39.000 -0.01806 42
-114.000   40.000 -0.02004 38
-114.000   41.000 -0.01676 74
-114.000   42.000 -0.01763 54
-114.000   43.000 -0.01796 54
-114.000   44.000 -0.02243 31
-114.000   45.000 -0.02712 93
-114.000   46.000 -0.02878 34
-114.000   47.000 -0.02835 13
-114.000   48.000 -0.02766 10
-114.000   49.000 -0.02377 7
-114.000   50.000 -0.01958 6
-113.000   25.000  0.00000 0
-113.000   26.000 -0.00092 0
-113.000   27.000  0.00129 0
-113.000   28.000  0.00550 5
-113.000   29.000  0.00703 64
-113.000   30.000  0.00994 91
-113.000   31.000  0.01151 61
-113.000   32.000  0.01099 44
-113.000   33.000  0.00284 32
-113.000   34.000 -0.00179 47
-113.000   35.000 -0.00649 66
-113.000   36.000 -0.01164 38
-113.000   37.000 -0.01888 275
-113.000   38.000 -0.01819 48
-113.000   39.000 -0.01827 30
-113.000   40.000 -0.01974 38
-113.000   41.000 -0.01875 75
-113.000   42.000 -0.01627 52
-113.000   43.000 -0.01759 47
-113.000   44.000 -0.02242 31
-113.000   45.000 -0.02501 45
-113.000   46.000 -0.02662 20
-113.000   47.000 -0.02831 22
-113.000   48.000 -0.02719 14
-113.000   49.000 -0.02398 8
-113.000   50.000 -0.02222 10
-112.000   25.000  0.00000 0
-112.000   26.000  0.00102 0
-112.000   27.000  0.00304 0
-112.000   28.000  0.00721 3
-112.000   29.000  0.00995 52
-112.000   30.000  0.01200 57
-112.000   31.000  0.01311 47
-112.000   32.000  0.01103 22
-112.000   33.000  0.00317 19
-112.000   34.000 -0.00311 23
-112.000   35.000 -0.00701 29
-112.000   36.000 -0.01311 30
-112.000   37.000 -0.01913 101
-112.000   38.000 -0.02018 36
-112.000   39.000 -0.02017 31
-112.000   40.000 -0.02158 63
-112.000   41.000 -0.02077 73
-112.000   42.000 -0.01895 63
-112.000   43.000 -0.01787 64
-112.000   44.000 -0.02166 48
-112.000   45.000 -0.02145 34
-112.000   46.000 -0.02471 24
-112.000   47.000 -0.02515 29
-112.000   48.000 -0.02665 16
-112.000   49.000 -0.02418 9
-112.000   50.000 -0.02714 12
-111.000   25.000  0.00000 0
-111.000   26.000  0.00102 0
-111.000   27.000  0.00228 0
-111.000   28.000  0.00444 7
-111.000   29.000  0.00801 21
-111.000   30.000  0.00901 24
-111.000   31.000  0.01028 27
-111.000   32.000  0.00846 35
-111.000   33.000  0.00294 18
-111.000   34.000 -0.00454 19
-111.000   35.000 -0.00891 45
-111.000   36.000 -0.01472 37
-111.000   37.000 -0.01822 37
-111.000   38.000 -0.01825 22
-111.000   39.000 -0.01773 33
-111.000   40.000 -0.01809 85
-111.000   41.000 -0.01740 71
-111.000   42.000 -0.01829 61
-111.000   43.000 -0.01833 52
-111.000   44.000 -0.02163 42
-111.000   45.000 -0.02031 40
-111.000   46.000 -0.02346 45
-111.000   47.000 -0.02248 20
-111.000   48.000 -0.02283 14
-111.000   49.000 -0.02017 15
-111.000   50.000 -0.02289 14
-110.000   25.000 -0.00011 0
-110.000   26.000  0.00066 0
-110.000   27.000  0.00134 1
-110.000   28.000  0.00280 20
-110.000   29.000  0.00573 13
-110.000   30.000  0.00689 22
-110.000   31.000  0.00716 21
-110.000   32.000  0.00616 30
-110.000   33.000  0.00089 22
-110.000   34.000 -0.00575 21
-110.000   35.000 -0.01104 22
-110.000   36.000 -0.01507 75
-110.000   37.000 -0.01843 59
-110.000   38.000 -0.01769 54
-110.000   39.000 -0.01810 51
-110.000   40.000 -0.01786 49
-110.000   41.000 -0.01774 31
-110.000   42.000 -0.01806 46
-110.000   43.000 -0.01911 59
-110.000   44.000 -0.02035 42
-110.000   45.000 -0.01838 27
-110.000   46.000 -0.02020 39
-110.000   47.000 -0.01814 17
-110.000   48.000 -0.01746 12
-110.000   49.000 -0.01513 8
-110.000   50.000 -0.01686 6
-109.000   25.000  0.00093 0
-109.000   26.000  0.00063 0
-109.000   27.000  0.00209 0
-109.000   28.000  0.00172 2
-109.000   29.000  0.00299 13
-109.000   30.000  0.00279 43
-109.000   31.000  0.00302 43
-109.000   32.000  0.00050 41
-109.000   33.000 -0.00268 12
-109.000   34.000 -0.00702 38
-109.000   35.000 -0.01251 33
-109.000   36.000 -0.01574 57
-109.000   37.000 -0.01779 42
-109.000   38.000 -0.01778 50
-109.000   39.000 -0.01909 35
-109.000   40.000 -0.01844 78
-109.000   41.000 -0.01997 42
-109.000   42.000 -0.02176 48
-109.000   43.000 -0.02141 30
-109.000   44.000 -0.01998 27
-109.000   45.000 -0.01774 24
-109.000   46.000 -0.01549 20
-109.000   47.000 -0.01258 20
-109.000   48.000 -0.01195 11
-109.000   49.000 -0.01125 7
-109.000   50.000 -0.01127 14
-108.000   25.000  0.00093 0
-108.000   26.000  0.00162 0
-108.000   27.000 -0.00001 14
-108.000   28.000 -0.00147 11
-108.000   29.000 -0.00220 21
-108.000   30.000 -0.00535 43
-108.000   31.000 -0.00663 49
-108.000   32.000 -0.00747 30
-108.000   33.000 -0.00918 28
-108.000   34.000 -0.01250 40
-108.000   35.000 -0.01497 70
-108.000   36.000 -0.01741 46
-108.000   37.000 -0.01753 50
-108.000   38.000 -0.01746 22
-108.000   39.000 -0.01727 51
-108.000   40.000 -0.01575 110
-108.000   41.000 -0.01713 54
-108.000   42.000 -0.02066 26
-108.000   43.000 -0.02065 37
-108.000   44.000 -0.01969 19
-108.000   45.000 -0.01833 23
-108.000   46.000 -0.01491 18
-108.000   47.000 -0.01143 24
-108.000   48.000 -0.01123 15
-108.000   49.000 -0.01042 18
-108.000   50.000 -0.01024 23
-107.000   25.000 -0.00032 0
-107.000   26.000 -0.00080 0
-107.000   27.000 -0.00279 20
-107.000   28.000 -0.00403 16
-107.000   29.000 -0.00439 31
-107.000   30.000 -0.00789 28
-107.000   31.000 -0.00896 55
-107.000   32.000 -0.00974 61
-107.000   33.000 -0.01267 17
-107.000   34.000 -0.01628 40
-107.000   35.000 -0.01878 46
-107.000   36.000 -0.01989 61
-107.000   37.000 -0.01875 50
-107.000   38.000 -0.01780 38
-107.000   39.000 -0.01632 71
-107.000   40.000 -0.01436 58
-107.000   41.000 -0.01667 39
-107.000   42.000 -0.02095 39
-107.000   43.000 -0.01934 27
-107.000   44.000 -0.01953 28
-107.000   45.000 -0.02092 34
-107.000   46.000 -0.01763 27
-107.000   47.000 -0.01578 25
-107.000   48.000 -0.01525 17
-107.000   49.000 -0.01477 18
-107.000   50.000 -0.01157 16
-106.000   25.000 -0.00283 0
-106.000   26.000 -0.00410 0
-106.000   27.000 -0.00674 5
-106.000   28.000 -0.00858 17
-106.000   29.000 -0.00932 14
-106.000   30.000 -0.01263 23
-106.000   31.000 -0.01468 27
-106.000   32.000 -0.01616 39
-106.000   33.000 -0.01818 59
-106.000   34.000 -0.02163 54
-106.000   35.000 -0.02199 46
-106.000   36.000 -0.02088 91
-106.000   37.000 -0.01833 42
-106.000   38.000 -0.01812 28
-106.000   39.000 -0.01575 31
-106.000   40.000 -0.01498 50
-106.000   41.000 -0.01728 90
-106.000   42.000 -0.01967 54
-106.000   43.000 -0.01839 46
-106.000   44.000 -0.01977 35
-106.000   45.000 -0.02109 31
-106.000   46.000 -0.01853 22
-106.000   47.000 -0.01726 28
-106.000   48.000 -0.01663 24
-106.000   49.000 -0.01584 8
-106.000   50.000 -0.01305 22
-105.000   25.000 -0.00989 3
-105.000   26.000 -0.00825 16
-105.000   27.000 -0.01309 1
-105.000   28.000 -0.01556 18
-105.000   29.000 -0.01291 12
-105.000   30.000 -0.01626 53
-105.000   31.000 -0.01802 20
-105.000   32.000 -0.01669 25
-105.000   33.000 -0.01900 34
-105.000   34.000 -0.02186 45
-105.000   35.000 -0.02214 37
-105.000   36.000 -0.02170 32
-105.000   37.000 -0.01847 34
-105.000   38.000 -0.01862 28
-105.000   39.000 -0.01659 29
-105.000   40.000 -0.01498 67
-105.000   41.000 -0.01817 131
-105.000   42.000 -0.02157 39
-105.000   43.000 -0.01739 34
-105.000   44.000 -0.01822 30
-105.000   45.000 -0.01993 29
-105.000   46.000 -0.01749 30
-105.000   47.000 -0.01461 20
-105.000   48.000 -0.01556 14
-105.000   49.000 -0.01472 14
-105.000   50.000 -0.01201 17
-104.000   25.000 -0.01667 7
-104.000   26.000 -0.01232 5
-104.000   27.000 -0.01735 13
-104.000   28.000 -0.01713 17
-104.000   29.000 -0.01341 30
-104.000   30.000 -0.01542 32
-104.000   31.000 -0.01765 20
-104.000   32.000 -0.01601 17
-104.000   33.000 -0.01919 26
-104.000   34.000 -0.02310 39
-104.000   35.000 -0.02240 41
-104.000   36.000 -0.02281 48
-104.000   37.000 -0.01915 47
-104.000   38.000 -0.02058 44
-104.000   39.000 -0.01844 39
-104.000   40.000 -0.01751 55
-104.000   41.000 -0.01976 74
-104.000   42.000 -0.02148 56
-104.000   43.000 -0.01710 43
-104.000   44.000 -0.01903 33
-104.000   45.000 -0.01978 32
-104.000   46.000 -0.01962 19
-104.000   47.000 -0.01810 18
-104.000   48.000 -0.01820 13
-104.000   49.000 -0.01640 15
-104.000   50.000 -0.01515 25
-103.000   25.000 -0.02099 0
-103.000   26.000 -0.01705 7
-103.000   27.000 -0.02089 14
-103.000   28.000 -0.02038 17
-103.000   29.000 -0.01295 45
-103.000   30.000 -0.01482 52
-103.000   31.000 -0.01612 30
-103.000   32.000 -0.01543 29
-103.000   33.000 -0.01875 54
-103.000   34.000 -0.02314 38
-103.000   35.000 -0.02270 48
-103.000   36.000 -0.02293 45
-103.000   37.000 -0.01905 52
-103.000   38.000 -0.02133 37
-103.000   39.000 -0.02018 23
-103.000   40.000 -0.02049 45
-103.000   41.000 -0.02272 55
-103.000   42.000 -0.02357 37
-103.000   43.000 -0.01865 40
-103.000   44.000 -0.01976 41
-103.000   45.000 -0.01974 41
-103.000   46.000 -0.02036 29
-103.000   47.000 -0.01799 35
-103.000   48.000 -0.01764 14
-103.000   49.000 -0.01554 8
-103.000   50.000 -0.01400 19
-102.000   25.000 -0.01974 7
-102.000   26.000 -0.01725 8
-102.000   27.000 -0.02115 20
-102.000   28.000 -0.02164 24
-102.000   29.000 -0.01561 31
-102.000   30.000 -0.01702 71
-102.000   31.000 -0.01908 48
-102.000   32.000 -0.01645 53
-102.000   33.000 -0.01851 70
-102.000   34.000 -0.02100 44
-102.000   35.000 -0.02097 55
-102.000   36.000 -0.01987 26
-102.000   37.000 -0.01844 65
-102.000   38.000 -0.02023 48
-102.000   39.000 -0.02081 52
-102.000   40.000 -0.02176 47
-102.000   41.000 -0.02431 55
-102.000   42.000 -0.02418 37
-102.000   43.000 -0.02199 38
-102.000   44.000 -0.02290 47
-102.000   45.000 -0.02219 36
-102.000   46.000 -0.02107 17
-102.000   47.000 -0.01682 18
-102.000   48.000 -0.01386 22
-102.000   49.000 -0.01047 13
-102.000   50.000 -0.00741 19
-101.000   25.000 -0.01919 4
-101.000   26.000 -0.01590 7
-101.000   27.000 -0.02048 19
-101.000   28.000 -0.01884 25
-101.000   29.000 -0.01336 54
-101.000   30.000 -0.01643 55
-101.000   31.000 -0.01914 33
-101.000   32.000 -0.01314 44
-101.000   33.000 -0.01580 49
-101.000   34.000 -0.01667 53
-101.000   35.000 -0.01670 54
-101.000   36.000 -0.01536 42
-101.000   37.000 -0.01734 56
-101.000   38.000 -0.01855 39
-101.000   39.000 -0.02100 54
-101.000   40.000 -0.02146 39
-101.000   41.000 -0.02551 50
-101.000   42.000 -0.02614 45
-101.000   43.000 -0.02506 43
-101.000   44.000 -0.02489 36
-101.000   45.000 -0.02421 33
-101.000   46.000 -0.02293 16
-101.000   47.000 -0.01704 29
-101.000   48.000 -0.01218 8
-101.000   49.000 -0.00871 5
-101.000   50.000 -0.00581 17
-100.000   25.000 -0.01202 1
-100.000   26.000 -0.01270 0
-100.000   27.000 -0.01703 5
-100.000   28.000 -0.01449 19
-100.000   29.000 -0.01330 31
-100.000   30.000 -0.01727 36
-100.000   31.000 -0.01835 56
-100.000   32.000 -0.01359 42
-100.000   33.000 -0.01630 52
-100.000   34.000 -0.01654 45
-100.000   35.000 -0.01575 54
-100.000   36.000 -0.01531 35
-100.000   37.000 -0.01767 47
-100.000   38.000 -0.01918 51
-100.000   39.000 -0.02275 67
-100.000   40.000 -0.02333 31
-100.000   41.000 -0.02612 49
-100.000   42.000 -0.02627 35
-100.000   43.000 -0.02656 61
-100.000   44.000 -0.02549 39
-100.000   45.000 -0.02510 45
-100.000   46.000 -0.02424 11
-100.000   47.000 -0.02119 19
-100.000   48.000 -0.01504 24
-100.000   49.000 -0.01246 16
-100.000   50.000 -0.01048 12
 -99.000   25.000 -0.00935 6
 -99.000   26.000 -0.01251 3
 -99.000   27.000 -0.01663 11
 -99.000   28.000 -0.01789 11
 -99.000   29.000 -0.01556 14
 -99.000   30.000 -0.01847 17
 -99.000   31.000 -0.01905 30
 -99.000   32.000 -0.01308 45
 -99.000   33.000 -0.01416 59
 -99.000   34.000 -0.01306 38
 -99.000   35.000 -0.01579 43
 -99.000   36.000 -0.01402 30
 -99.000   37.000 -0.01810 47
 -99.000   38.000 -0.01732 64
 -99.000   39.000 -0.02116 60
 -99.000   40.000 -0.02064 49
 -99.000   41.000 -0.02334 61
 -99.000   42.000 -0.02396 24
 -99.000   43.000 -0.02641 43
 -99.000   44.000 -0.02635 28
 -99.000   45.000 -0.02581 49
 -99.000   46.000 -0.02579 15
 -99.000   47.000 -0.01983 17
 -99.000   48.000 -0.01267 13
 -99.000   49.000 -0.00912 14
 -99.000   50.000 -0.00639 12
 -98.000   25.000 -0.00502 1
 -98.000   26.000 -0.00861 4
 -98.000   27.000 -0.01330 4
 -98.000   28.000 -0.01525 7
 -98.000   29.000 -0.01527 16
 -98.000   30.000 -0.01809 17
 -98.000   31.000 -0.01992 19
 -98.000   32.000 -0.01213 35
 -98.000   33.000 -0.01344 49
 -98.000   34.000 -0.01338 64
 -98.000   35.000 -0.01667 70
 -98.000   36.000 -0.01440 34
 -98.000   37.000 -0.02090 60
 -98.000   38.000 -0.01867 33
 -98.000   39.000 -0.02215 58
 -98.000   40.000 -0.02028 36
 -98.000   41.000 -0.02258 44
 -98.000   42.000 -0.02305 24
 -98.000   43.000 -0.02576 59
 -98.000   44.000 -0.02563 34
 -98.000   45.000 -0.02520 52
 -98.000   46.000 -0.02447 11
 -98.000   47.000 -0.01812 27
 -98.000   48.000 -0.01023 20
 -98.000   49.000 -0.00634 14
 -98.000   50.000 -0.00297 12
 -97.000   25.000 -0.00502 2
 -97.000   26.000 -0.00793 6
 -97.000   27.000 -0.01269 4
 -97.000   28.000 -0.01335 7
 -97.000   29.000 -0.01395 13
 -97.000   30.000 -0.01650 23
 -97.000   31.000 -0.01815 29
 -97.000   32.000 -0.01214 23
 -97.000   33.000 -0.01441 65
 -97.000   34.000 -0.01376 41
 -97.000   35.000 -0.01671 45
 -97.000   36.000 -0.01494 32
 -97.000   37.000 -0.01937 56
 -97.000   38.000 -0.01703 46
 -97.000   39.000 -0.02010 47
 -97.000   40.000 -0.01858 39
 -97.000   41.000 -0.01954 56
 -97.000   42.000 -0.02021 49
 -97.000   43.000 -0.02337 64
 -97.000   44.000 -0.02267 40
 -97.000   45.000 -0.02207 56
 -97.000   46.000 -0.02329 18
 -97.000   47.000 -0.01754 27
 -97.000   48.000 -0.01112 18
 -97.000   49.000 -0.00870 22
 -97.000   50.000 -0.00685 16
 -96.000   25.000 -0.00306 0
 -96.000   26.000 -0.00598 2
 -96.000   27.000 -0.01086 5
 -96.000   28.000 -0.01319 12
 -96.000   29.000 -0.01479 12
 -96.000   30.000 -0.01504 12
 -96.000   31.000 -0.01762 27
 -96.000   32.000 -0.01127 24
 -96.000   33.000 -0.01393 44
 -96.000   34.000 -0.01161 36
 -96.000   35.000 -0.01547 38
 -96.000   36.000 -0.01391 33
 -96.000   37.000 -0.01804 63
 -96.000   38.000 -0.01540 45
 -96.000   39.000 -0.01955 61
 -96.000   40.000 -0.01960 29
 -96.000   41.000 -0.01977 37
 -96.000   42.000 -0.02112 28
 -96.000   43.000 -0.02370 51
 -96.000   44.000 -0.02247 27
 -96.000   45.000 -0.02143 39
 -96.000   46.000 -0.02025 13
 -96.000   47.000 -0.01588 32
 -96.000   48.000 -0.01227 24
 -96.000   49.000 -0.01028 36
 -96.000   50.000 -0.00852 16
 -95.000   25.000 -0.00306 0
 -95.000   26.000 -0.00467 0
 -95.000   27.000 -0.00848 3
 -95.000   28.000 -0.01102 2
 -95.000   29.000 -0.01273 9
 -95.000   30.000 -0.01172 8
 -95.000   31.000 -0.01560 24
 -95.000   32.000 -0.01090 17
 -95.000   33.000 -0.01355 23
 -95.000   34.000 -0.01088 24
 -95.000   35.000 -0.01523 27
 -95.000   36.000 -0.01361 19
 -95.000   37.000 -0.01758 46
 -95.000   38.000 -0.01496 31
 -95.000   39.000 -0.01913 24
 -95.000   40.000 -0.01997 34
 -95.000   41.000 -0.02015 50
 -95.000   42.000 -0.02163 41
 -95.000   43.000 -0.02441 26
 -95.000   44.000 -0.02331 12
 -95.000   45.000 -0.02178 20
 -95.000   46.000 -0.01950 5
 -95.000   47.000 -0.01325 22
 -95.000   48.000 -0.01061 13
 -95.000   49.000 -0.00832 21
 -95.000   50.000 -0.00669 14
 -94.000   25.000  0.00000 0
 -94.000   26.000 -0.00076 1
 -94.000   27.000 -0.00416 5
 -94.000   28.000 -0.00615 5
 -94.000   29.000 -0.00861 7
 -94.000   30.000 -0.00873 19
 -94.000   31.000 -0.01194 30
 -94.000   32.000 -0.00920 16
 -94.000   33.000 -0.01172 22
 -94.000   34.000 -0.00953 21
 -94.000   35.000 -0.01144 42
 -94.000   36.000 -0.01110 23
 -94.000   37.000 -0.01439 27
 -94.000   38.000 -0.01400 19
 -94.000   39.000 -0.01917 29
 -94.000   40.000 -0.02144 36
 -94.000   41.000 -0.02295 41
 -94.000   42.000 -0.02505 28
 -94.000   43.000 -0.02689 39
 -94.000   44.000 -0.02405 32
 -94.000   45.000 -0.02240 23
 -94.000   46.000 -0.01873 15
 -94.000   47.000 -0.01357 22
 -94.000   48.000 -0.01162 12
 -94.000   49.000 -0.01128 7
 -94.000   50.000 -0.01060 14
 -93.000   25.000  0.00000 0
 -93.000   26.000  0.00000 0
 -93.000   27.000 -0.00461 2
 -93.000   28.000 -0.00632 5
 -93.000   29.000 -0.00992 13
 -93.000   30.000 -0.00893 15
 -93.000   31.000 -0.01300 13
 -93.000   32.000 -0.01036 22
 -93.000   33.000 -0.01228 34
 -93.000   34.000 -0.00792 43
 -93.000   35.000 -0.01054 25
 -93.000   36.000 -0.01019 28
 -93.000   37.000 -0.01190 29
 -93.000   38.000 -0.01259 24
 -93.000   39.000 -0.01829 23
 -93.000   40.000 -0.02164 26
 -93.000   41.000 -0.02350 39
 -93.000   42.000 -0.02597 11
 -93.000   43.000 -0.02848 25
 -93.000   44.000 -0.02641 19
 -93.000   45.000 -0.02477 32
 -93.000   46.000 -0.02041 10
 -93.000   47.000 -0.01427 11
 -93.000   48.000 -0.01178 8
 -93.000   49.000 -0.01112 15
 -93.000   50.000 -0.00925 11
 -92.000   25.000  0.00000 1
 -92.000   26.000  0.00000 3
 -92.000   27.000 -0.00345 5
 -92.000   28.000 -0.00564 5
 -92.000   29.000 -0.00748 6
 -92.000   30.000 -0.00617 9
 -92.000   31.000 -0.01069 10
 -92.000   32.000 -0.01003 11
 -92.000   33.000 -0.01155 21
 -92.000   34.000 -0.00987 38
 -92.000   35.000 -0.01374 27
 -92.000   36.000 -0.01313 33
 -92.000   37.000 -0.01406 41
 -92.000   38.000 -0.01541 28
 -92.000   39.000 -0.02010 20
 -92.000   40.000 -0.02198 53
 -92.000   41.000 -0.02470 46
 -92.000   42.000 -0.02824 39
 -92.000   43.000 -0.03042 26
 -92.000   44.000 -0.02845 16
 -92.000   45.000 -0.02905 16
 -92.000   46.000 -0.02515 15
 -92.000   47.000 -0.01836 13
 -92.000   48.000 -0.01497 8
 -92.000   49.000 -0.01512 11
 -92.000   50.000 -0.01174 15
 -91.000   25.000  0.00000 0
 -91.000   26.000  0.00000 0
 -91.000   27.000 -0.00239 4
 -91.000   28.000 -0.00408 5
 -91.000   29.000 -0.00386 6
 -91.000   30.000 -0.00523 7
 -91.000   31.000 -0.01033 10
 -91.000   32.000 -0.01185 19
 -91.000   33.000 -0.01461 16
 -91.000   34.000 -0.01737 33
 -91.000   35.000 -0.02064 44
 -91.000   36.000 -0.01908 41
 -91.000   37.000 -0.01925 29
 -91.000   38.000 -0.01996 35
 -91.000   39.000 -0.02088 49
 -91.000   40.000 -0.02132 42
 -91.000   41.000 -0.02417 73
 -91.000   42.000 -0.02763 30
 -91.000   43.000 -0.02988 32
 -91.000   44.000 -0.02927 22
 -91.000   45.000 -0.02955 28
 -91.000   46.000 -0.02647 8
 -91.000   47.000 -0.02170 19
 -91.000   48.000 -0.01652 10
 -91.000   49.000 -0.01708 6
 -91.000   50.000 -0.01383 1
 -90.000   25.000  0.00000 0
 -90.000   26.000  0.00000 1
 -90.000   27.000 -0.00251 3
 -90.000   28.000 -0.00596 3
 -90.000   29.000 -0.00534 5
 -90.000   30.000 -0.00803 3
 -90.000   31.000 -0.01396 6
 -90.000   32.000 -0.01506 15
 -90.000   33.000 -0.01661 15
 -90.000   34.000 -0.02081 23
 -90.000   35.000 -0.02307 28
 -90.000   36.000 -0.02017 47
 -90.000   37.000 -0.01984 45
 -90.000   38.000 -0.01935 31
 -90.000   39.000 -0.01803 35
 -90.000   40.000 -0.01921 78
 -90.000   41.000 -0.02214 53
 -90.000   42.000 -0.02606 35
 -90.000   43.000 -0.02932 41
 -90.000   44.000 -0.02987 31
 -90.000   45.000 -0.03009 8
 -90.000   46.000 -0.02716 3
 -90.000   47.000 -0.02231 7
 -90.000   48.000 -0.01573 7
 -90.000   49.000 -0.01613 15
 -90.000   50.000 -0.01094 2
 -89.000   25.000 -0.00065 1
 -89.000   26.000 -0.00049 1
 -89.000   27.000 -0.00463 4
 -89.000   28.000 -0.00642 3
 -89.000   29.000 -0.00674 5
 -89.000   30.000 -0.01095 5
 -89.000   31.000 -0.01932 12
 -89.000   32.000 -0.01957 9
 -89.000   33.000 -0.02442 25
 -89.000   34.000 -0.02929 41
 -89.000   35.000 -0.03098 38
 -89.000   36.000 -0.02646 35
 -89.000   37.000 -0.02436 48
 -89.000   38.000 -0.02157 41
 -89.000   39.000 -0.01801 53
 -89.000   40.000 -0.01759 66
 -89.000   41.000 -0.01930 44
 -89.000   42.000 -0.02334 19
 -89.000   43.000 -0.02578 17
 -89.000   44.000 -0.03011 18
 -89.000   45.000 -0.03144 13
 -89.000   46.000 -0.02874 12
 -89.000   47.000 -0.02402 22
 -89.000   48.000 -0.01773 15
 -89.000   49.000 -0.01471 7
 -89.000   50.000 -0.00761 2
 -88.000   25.000 -0.00717 0
 -88.000   26.000 -0.00629 1
 -88.000   27.000 -0.00742 2
 -88.000   28.000 -0.00933 5
 -88.000   29.000 -0.00933 10
 -88.000   30.000 -0.01041 13
 -88.000   31.000 -0.01742 18
 -88.000   32.000 -0.02097 12
 -88.000   33.000 -0.02630 28
 -88.000   34.000 -0.03255 48
 -88.000   35.000 -0.03379 37
 -88.000   36.000 -0.03047 17
 -88.000   37.000 -0.02747 34
 -88.000   38.000 -0.02322 26
 -88.000   39.000 -0.01862 47
 -88.000   40.000 -0.01704 58
 -88.000   41.000 -0.01798 38
 -88.000   42.000 -0.02196 29
 -88.000   43.000 -0.02456 35
 -88.000   44.000 -0.02909 11
 -88.000   45.000 -0.03235 14
 -88.000   46.000 -0.02904 14
 -88.000   47.000 -0.02501 8
 -88.000   48.000 -0.01941 19
 -88.000   49.000 -0.01656 5
 -88.000   50.000 -0.00824 5
 -87.000   25.000 -0.00717 0
 -87.000   26.000 -0.00889 2
 -87.000   27.000 -0.01005 10
 -87.000   28.000 -0.01267 4
 -87.000   29.000 -0.01569 8
 -87.000   30.000 -0.01681 13
 -87.000   31.000 -0.02148 20
 -87.000   32.000 -0.02354 17
 -87.000   33.000 -0.02786 30
 -87.000   34.000 -0.03046 41
 -87.000   35.000 -0.03118 38
 -87.000   36.000 -0.02821 20
 -87.000   37.000 -0.02766 33
 -87.000   38.000 -0.02431 46
 -87.000   39.000 -0.02072 60
 -87.000   40.000 -0.01999 41
 -87.000   41.000 -0.02042 39
 -87.000   42.000 -0.02280 31
 -87.000   43.000 -0.02318 37
 -87.000   44.000 -0.02777 23
 -87.000   45.000 -0.02800 16
 -87.000   46.000 -0.02320 7
 -87.000   47.000 -0.01875 10
 -87.000   48.000 -0.01478 7
 -87.000   49.000 -0.01021 18
 -87.000   50.000 -0.00421 5
 -86.000   25.000 -0.01274 0
 -86.000   26.000 -0.01662 2
 -86.000   27.000 -0.01599 6
 -86.000   28.000 -0.02013 9
 -86.000   29.000 -0.02382 9
 -86.000   30.000 -0.02104 9
 -86.000   31.000 -0.02181 12
 -86.000   32.000 -0.02467 24
 -86.000   33.000 -0.02650 48
 -86.000   34.000 -0.02655 92
 -86.000   35.000 -0.02790 56
 -86.000   36.000 -0.02610 56
 -86.000   37.000 -0.02598 45
 -86.000   38.000 -0.02471 48
 -86.000   39.000 -0.02354 36
 -86.000   40.000 -0.02266 49
 -86.000   41.000 -0.02179 24
 -86.000   42.000 -0.02305 33
 -86.000   43.000 -0.02156 24
 -86.000   44.000 -0.02503 17
 -86.000   45.000 -0.02501 21
 -86.000   46.000 -0.02118 10
 -86.000   47.000 -0.01470 8
 -86.000   48.000 -0.01150 5
 -86.000   49.000 -0.00601 5
 -86.000   50.000 -0.00024 2
 -85.000   25.000 -0.01502 1
 -85.000   26.000 -0.02263 2
 -85.000   27.000 -0.01995 5
 -85.000   28.000 -0.02322 15
 -85.000   29.000 -0.02630 13
 -85.000   30.000 -0.02066 9
 -85.000   31.000 -0.01930 24
 -85.000   32.000 -0.02153 23
 -85.000   33.000 -0.02363 38
 -85.000   34.000 -0.02404 54
 -85.000   35.000 -0.02825 67
 -85.000   36.000 -0.02568 48
 -85.000   37.000 -0.02783 43
 -85.000   38.000 -0.02763 29
 -85.000   39.000 -0.02728 29
 -85.000   40.000 -0.02454 32
 -85.000   41.000 -0.02289 24
 -85.000   42.000 -0.02301 46
 -85.000   43.000 -0.02069 31
 -85.000   44.000 -0.02298 14
 -85.000   45.000 -0.02253 12
 -85.000   46.000 -0.02031 9
 -85.000   47.000 -0.01418 0
 -85.000   48.000 -0.01132 3
 -85.000   49.000 -0.00656 3
 -85.000   50.000 -0.00253 4
 -84.000   25.000 -0.00363 3
 -84.000   26.000 -0.01975 9
 -84.000   27.000 -0.01300 13
 -84.000   28.000 -0.01837 19
 -84.000   29.000 -0.02485 16
 -84.000   30.000 -0.02294 21
 -84.000   31.000 -0.01706 31
 -84.000   32.000 -0.02298 25
 -84.000   33.000 -0.02149 34
 -84.000   34.000 -0.02112 41
 -84.000   35.000 -0.02494 36
 -84.000   36.000 -0.02286 37
 -84.000   37.000 -0.02690 49
 -84.000   38.000 -0.02868 38
 -84.000   39.000 -0.02921 30
 -84.000   40.000 -0.02658 36
 -84.000   41.000 -0.02417 44
 -84.000   42.000 -0.02331 31
 -84.000   43.000 -0.02020 31
 -84.000   44.000 -0.02022 23
 -84.000   45.000 -0.01957 9
 -84.000   46.000 -0.01907 7
 -84.000   47.000 -0.01276 3
 -84.000   48.000 -0.01022 0
 -84.000   49.000 -0.00767 4
 -84.000   50.000 -0.00460 3
 -83.000   25.000  0.00289 2
 -83.000   26.000 -0.01395 3
 -83.000   27.000 -0.00865 6
 -83.000   28.000 -0.01528 10
 -83.000   29.000 -0.02301 25
 -83.000   30.000 -0.02407 33
 -83.000   31.000 -0.01952 16
 -83.000   32.000 -0.02225 16
 -83.000   33.000 -0.01809 22
 -83.000   34.000 -0.01726 30
 -83.000   35.000 -0.02128 36
 -83.000   36.000 -0.01857 38
 -83.000   37.000 -0.02400 43
 -83.000   38.000 -0.02773 45
 -83.000   39.000 -0.02724 31
 -83.000   40.000 -0.02536 29
 -83.000   41.000 -0.02170 31
 -83.000   42.000 -0.02118 36
 -83.000   43.000 -0.01735 36
 -83.000   44.000 -0.01663 23
 -83.000   45.000 -0.01404 12
 -83.000   46.000 -0.01565 5
 -83.000   47.000 -0.01135 6
 -83.000   48.000 -0.00898 7
 -83.000   49.000 -0.00733 3
 -83.000   50.000 -0.00735 2
 -82.000   25.000  0.00289 0
 -82.000   26.000 -0.01135 6
 -82.000   27.000 -0.00602 12
 -82.000   28.000 -0.01194 8
 -82.000   29.000 -0.01760 13
 -82.000   30.000 -0.01745 8
 -82.000   31.000 -0.01404 6
 -82.000   32.000 -0.01691 9
 -82.000   33.000 -0.01375 10
 -82.000   34.000 -0.01623 10
 -82.000   35.000 -0.02072 28
 -82.000   36.000 -0.01844 44
 -82.000   37.000 -0.02276 32
 -82.000   38.000 -0.02515 35
 -82.000   39.000 -0.02283 58
 -82.000   40.000 -0.02188 27
 -82.000   41.000 -0.01834 42
 -82.000   42.000 -0.01854 26
 -82.000   43.000 -0.01610 24
 -82.000   44.000 -0.01696 37
 -82.000   45.000 -0.01419 29
 -82.000   46.000 -0.01619 10
 -82.000   47.000 -0.01317 17
 -82.000   48.000 -0.01070 7
 -82.000   49.000 -0.00823 5
 -82.000   50.000 -0.00855 2
 -81.000   25.000  0.00846 0
 -81.000   26.000 -0.00362 0
 -81.000   27.000 -0.00008 3
 -81.000   28.000 -0.00386 4
 -81.000   29.000 -0.00836 6
 -81.000   30.000 -0.00918 10
 -81.000   31.000 -0.00679 10
 -81.000   32.000 -0.00741 17
 -81.000   33.000 -0.00629 15
 -81.000   34.000 -0.01078 15
 -81.000   35.000 -0.01595 31
 -81.000   36.000 -0.01537 20
 -81.000   37.000 -0.02161 34
 -81.000   38.000 -0.02241 43
 -81.000   39.000 -0.01860 31
 -81.000   40.000 -0.01796 31
 -81.000   41.000 -0.01456 48
 -81.000   42.000 -0.01329 28
 -81.000   43.000 -0.01279 39
 -81.000   44.000 -0.01331 23
 -81.000   45.000 -0.01226 26
 -81.000   46.000 -0.01613 18
 -81.000   47.000 -0.01565 15
 -81.000   48.000 -0.01355 11
 -81.000   49.000 -0.01384 6
 -81.000   50.000 -0.01437 3
 -80.000   25.000  0.01074 0
 -80.000   26.000  0.00238 0
 -80.000   27.000  0.00486 0
 -80.000   28.000  0.00172 2
 -80.000   29.000 -0.00221 1
 -80.000   30.000 -0.00552 3
 -80.000   31.000 -0.00317 5
 -80.000   32.000 -0.00432 10
 -80.000   33.000 -0.00265 11
 -80.000   34.000 -0.00607 19
 -80.000   35.000 -0.00858 23
 -80.000   36.000 -0.01100 24
 -80.000   37.000 -0.01651 34
 -80.000   38.000 -0.01814 36
 -80.000   39.000 -0.01606 26
 -80.000   40.000 -0.01686 40
 -80.000   41.000 -0.01411 37
 -80.000   42.000 -0.01331 28
 -80.000   43.000 -0.01263 31
 -80.000   44.000 -0.01271 19
 -80.000   45.000 -0.01360 19
 -80.000   46.000 -0.01619 16
 -80.000   47.000 -0.01672 3
 -80.000   48.000 -0.01603 5
 -80.000   49.000 -0.01738 8
 -80.000   50.000 -0.01602 6
 -79.000   25.000  0.00000 0
 -79.000   26.000  0.00000 0
 -79.000   27.000 -0.00086 0
 -79.000   28.000 -0.00204 1
 -79.000   29.000 -0.00087 4
 -79.000   30.000  0.00095 7
 -79.000   31.000  0.00093 9
 -79.000   32.000  0.00409 12
 -79.000   33.000  0.00460 12
 -79.000   34.000  0.00115 23
 -79.000   35.000 -0.00199 20
 -79.000   36.000 -0.00484 27
 -79.000   37.000 -0.00985 27
 -79.000   38.000 -0.01217 29
 -79.000   39.000 -0.01245 31
 -79.000   40.000 -0.01295 47
 -79.000   41.000 -0.01144 30
 -79.000   42.000 -0.01107 23
 -79.000   43.000 -0.01111 39
 -79.000   44.000 -0.01012 26
 -79.000   45.000 -0.01181 29
 -79.000   46.000 -0.01433 14
 -79.000   47.000 -0.01641 17
 -79.000   48.000 -0.01612 8
 -79.000   49.000 -0.01819 11
 -79.000   50.000 -0.01841 6
 -78.000   25.000  0.00000 0
 -78.000   26.000  0.00000 0
 -78.000   27.000  0.00000 1
 -78.000   28.000  0.00062 2
 -78.000   29.000  0.00302 4
 -78.000   30.000  0.00502 4
 -78.000   31.000  0.00802 3
 -78.000   32.000  0.01107 12
 -78.000   33.000  0.01177 22
 -78.000   34.000  0.00947 20
 -78.000   35.000  0.00779 15
 -78.000   36.000  0.00428 33
 -78.000   37.000 -0.00257 23
 -78.000   38.000 -0.00665 36
 -78.000   39.000 -0.01095 28
 -78.000   40.000 -0.01258 24
 -78.000   41.000 -0.01367 26
 -78.000   42.000 -0.01194 31
 -78.000   43.000 -0.01096 36
 -78.000   44.000 -0.00845 36
 -78.000   45.000 -0.01216 31
 -78.000   46.000 -0.01401 26
 -78.000   47.000 -0.01647 24
 -78.000   48.000 -0.01743 27
 -78.000   49.000 -0.01969 8
 -78.000   50.000 -0.01787 8
 -77.000   25.000  0.00000 0
 -77.000   26.000  0.00000 0
 -77.000   27.000  0.00000 0
 -77.000   28.000  0.00062 1
 -77.000   29.000  0.00302 3
 -77.000   30.000  0.00350 0
 -77.000   31.000  0.00790 7
 -77.000   32.000  0.01245 5
 -77.000   33.000  0.01569 15
 -77.000   34.000  0.01620 12
 -77.000   35.000  0.01660 20
 -77.000   36.000  0.01224 22
 -77.000   37.000  0.00375 24
 -77.000   38.000 -0.00275 29
 -77.000   39.000 -0.00978 15
 -77.000   40.000 -0.01141 32
 -77.000   41.000 -0.01474 29
 -77.000   42.000 -0.01230 18
 -77.000   43.000 -0.01174 66
 -77.000   44.000 -0.00794 72
 -77.000   45.000 -0.01285 39
 -77.000   46.000 -0.01407 24
 -77.000   47.000 -0.01818 32
 -77.000   48.000 -0.01966 17
 -77.000   49.000 -0.02418 10
 -77.000   50.000 -0.02280 7
 -76.000   25.000  0.00000 0
 -76.000   26.000  0.00000 0
 -76.000   27.000  0.00000 0
 -76.000   28.000  0.00000 0
 -76.000   29.000  0.00143 0
 -76.000   30.000  0.00096 0
 -76.000   31.000  0.00451 0
 -76.000   32.000  0.00763 4
 -76.000   33.000  0.01255 7
 -76.000   34.000  0.01616 7
 -76.000   35.000  0.01778 24
 -76.000   36.000  0.01447 24
 -76.000   37.000  0.00854 28
 -76.000   38.000  0.00162 34
 -76.000   39.000 -0.00776 27
 -76.000   40.000 -0.01073 38
 -76.000   41.000 -0.01515 15
 -76.000   42.000 -0.01473 18
 -76.000   43.000 -0.01512 67
 -76.000   44.000 -0.01196 68
 -76.000   45.000 -0.01539 27
 -76.000   46.000 -0.01463 39
 -76.000   47.000 -0.01781 43
 -76.000   48.000 -0.01931 24
 -76.000   49.000 -0.02266 18
 -76.000   50.000 -0.02149 4
 -75.000   25.000  0.00000 0
 -75.000   26.000  0.00000 0
 -75.000   27.000  0.00000 0
 -75.000   28.000  0.00000 0
 -75.000   29.000  0.00143 0
 -75.000   30.000  0.00143 0
 -75.000   31.000  0.00442 1
 -75.000   32.000  0.00702 5
 -75.000   33.000  0.01153 9
 -75.000   34.000  0.01548 6
 -75.000   35.000  0.01616 10
 -75.000   36.000  0.01432 16
 -75.000   37.000  0.01036 26
 -75.000   38.000  0.00407 25
 -75.000   39.000 -0.00517 30
 -75.000   40.000 -0.00841 29
 -75.000   41.000 -0.01451 22
 -75.000   42.000 -0.01622 13
 -75.000   43.000 -0.01668 19
 -75.000   44.000 -0.01432 32
 -75.000   45.000 -0.01540 18
 -75.000   46.000 -0.01435 28
 -75.000   47.000 -0.01644 26
 -75.000   48.000 -0.01748 11
 -75.000   49.000 -0.02000 13
 -75.000   50.000 -0.02058 6
 -74.000   25.000  0.00000 0
 -74.000   26.000  0.00000 0
 -74.000   27.000  0.00000 0
 -74.000   28.000  0.00000 0
 -74.000   29.000  0.00000 0
 -74.000   30.000  0.00000 0
 -74.000   31.000  0.00229 0
 -74.000   32.000  0.00500 3
 -74.000   33.000  0.00935 3
 -74.000   34.000  0.01368 1
 -74.000   35.000  0.01533 10
 -74.000   36.000  0.01455 91
 -74.000   37.000  0.01048 47
 -74.000   38.000  0.00621 23
 -74.000   39.000 -0.00152 44
 -74.000   40.000 -0.00739 48
 -74.000   41.000 -0.01647 37
 -74.000   42.000 -0.01861 16
 -74.000   43.000 -0.02277 23
 -74.000   44.000 -0.01887 31
 -74.000   45.000 -0.01797 29
 -74.000   46.000 -0.01376 23
 -74.000   47.000 -0.01567 32
 -74.000   48.000 -0.01454 13
 -74.000   49.000 -0.01879 20
 -74.000   50.000 -0.01952 7
 -73.000   25.000  0.00000 0
 -73.000   26.000  0.00000 0
 -73.000   27.000  0.00000 0
 -73.000   28.000  0.00000 0
 -73.000   29.000  0.00000 0
 -73.000   30.000  0.00000 0
 -73.000   31.000  0.00119 0
 -73.000   32.000  0.00222 0
 -73.000   33.000  0.00471 0
 -73.000   34.000  0.00835 1
 -73.000   35.000  0.00926 2
 -73.000   36.000  0.00926 13
 -73.000   37.000  0.00718 17
 -73.000   38.000  0.00566 24
 -73.000   39.000 -0.00071 24
 -73.000   40.000 -0.00681 27
 -73.000   41.000 -0.01679 22
 -73.000   42.000 -0.02018 19
 -73.000   43.000 -0.02674 16
 -73.000   44.000 -0.02439 25
 -73.000   45.000 -0.02276 27
 -73.000   46.000 -0.01665 24
 -73.000   47.000 -0.01582 30
 -73.000   48.000 -0.01308 19
 -73.000   49.000 -0.01590 14
 -73.000   50.000 -0.01526 14
 -72.000   25.000  0.00000 0
 -72.000   26.000  0.00000 0
 -72.000   27.000  0.00000 0
 -72.000   28.000  0.00000 0
 -72.000   29.000  0.00000 0
 -72.000   30.000  0.00000 0
 -72.000   31.000  0.00000 0
 -72.000   32.000  0.00000 0
 -72.000   33.000  0.00064 1
 -72.000   34.000  0.00318 0
 -72.000   35.000  0.00376 1
 -72.000   36.000  0.00467 3
 -72.000   37.000  0.00497 8
 -72.000   38.000  0.00628 44
 -72.000   39.000  0.00209 24
 -72.000   40.000 -0.00250 25
 -72.000   41.000 -0.01136 13
 -72.000   42.000 -0.01548 19
 -72.000   43.000 -0.02224 9
 -72.000   44.000 -0.02085 21
 -72.000   45.000 -0.02051 9
 -72.000   46.000 -0.01390 12
 -72.000   47.000 -0.01224 19
 -72.000   48.000 -0.01062 20
 -72.000   49.000 -0.01293 15
 -72.000   50.000 -0.01113 10
 -71.000   25.000  0.00000 0
 -71.000   26.000  0.00000 0
 -71.000   27.000  0.00000 0
 -71.000   28.000  0.00000 0
 -71.000   29.000  0.00000 0
 -71.000   30.000  0.00000 0
 -71.000   31.000  0.00000 0
 -71.000   32.000  0.00000 0
 -71.000   33.000  0.00000 0
 -71.000   34.000  0.00104 0
 -71.000   35.000  0.00154 1
 -71.000   36.000  0.00297 0
 -71.000   37.000  0.00459 10
 -71.000   38.000  0.00747 9
 -71.000   39.000  0.00574 17
 -71.000   40.000  0.00307 24
 -71.000   41.000 -0.00613 14
 -71.000   42.000 -0.01113 20
 -71.000   43.000 -0.01794 25
 -71.000   44.000 -0.01715 12
 -71.000   45.000 -0.01817 6
 -71.000   46.000 -0.01150 13
 -71.000   47.000 -0.00907 12
 -71.000   48.000 -0.00738 23
 -71.000   49.000 -0.00935 16
 -71.000   50.000 -0.00715 12
 -70.000   25.000  0.00000 0
 -70.000   26.000  0.00000 0
 -70.000   27.000  0.00000 0
 -70.000   28.000  0.00000 0
 -70.000   29.000  0.00000 0
 -70.000   30.000  0.00000 0
 -70.000   31.000  0.00000 0
 -70.000   32.000  0.00000 0
 -70.000   33.000  0.00000 0
 -70.000   34.000  0.00000 0
 -70.000   35.000  0.00111 0
 -70.000   36.000  0.00227 1
 -70.000   37.000  0.00341 3
 -70.000   38.000  0.00676 4
 -70.000   39.000  0.00608 9
 -70.000   40.000  0.00468 12
 -70.000   41.000 -0.00251 24
 -70.000   42.000 -0.00636 18
 -70.000   43.000 -0.01351 19
 -70.000   44.000 -0.01365 10
 -70.000   45.000 -0.01684 5
 -70.000   46.000 -0.01127 5
 -70.000   47.000 -0.00880 9
 -70.000   48.000 -0.00698 10
 -70.000   49.000 -0.00770 29
 -70.000   50.000 -0.00447 9
 -69.000   25.000  0.00000 0
 -69.000   26.000  0.00000 0
 -69.000   27.000  0.00000 0
 -69.000   28.000  0.00000 0
 -69.000   29.000  0.00000 0
 -69.000   30.000  0.00000 0
 -69.000   31.000  0.00000 0
 -69.000   32.000  0.00000 0
 -69.000   33.000  0.00000 0
 -69.000   34.000  0.00000 0
 -69.000   35.000  0.00020 0
 -69.000   36.000  0.00074 0
 -69.000   37.000  0.00189 0
 -69.000   38.000  0.00449 2
 -69.000   39.000  0.00501 9
 -69.000   40.000  0.00575 7
 -69.000   41.000  0.00223 19
 -69.000   42.000 -0.00027 17
 -69.000   43.000 -0.00435 20
 -69.000   44.000 -0.00682 10
 -69.000   45.000 -0.01152 4
 -69.000   46.000 -0.00845 4
 -69.000   47.000 -0.00693 12
 -69.000   48.000 -0.00674 17
 -69.000   49.000 -0.00597 11
 -69.000   50.000 -0.00171 2
 -68.000   25.000  0.00000 0
 -68.000   26.000  0.00000 0
 -68.000   27.000  0.00000 0
 -68.000   28.000  0.00000 0
 -68.000   29.000  0.00000 0
 -68.000   30.000  0.00000 0
 -68.000   31.000  0.00000 0
 -68.000   32.000  0.00000 0
 -68.000   33.000  0.00000 0
 -68.000   34.000  0.00000 0
 -68.000   35.000  0.00000 0
 -68.000   36.000  0.00000 0
 -68.000   37.000  0.00143 0
 -68.000   38.000  0.00368 0
 -68.000   39.000  0.00550 2
 -68.000   40.000  0.00664 5
 -68.000   41.000  0.00502 11
 -68.000   42.000  0.00384 8
 -68.000   43.000  0.00105 3
 -68.000   44.000 -0.00164 7
 -68.000   45.000 -0.00415 18
 -68.000   46.000 -0.00272 9
 -68.000   47.000 -0.00511 9
 -68.000   48.000 -0.00592 8
 -68.000   49.000 -0.00631 5
 -68.000   50.000 -0.00613 2
 -67.000   25.000  0.00000 0
 -67.000   26.000  0.00000 0
 -67.000   27.000  0.00000 0
 -67.000   28.000  0.00000 0
 -67.000   29.000  0.00000 0
 -67.000   30.000  0.00000 0
 -67.000   31.000  0.00000 0
 -67.000   32.000  0.00000 0
 -67.000   33.000  0.00000 0
 -67.000   34.000  0.00000 0
 -67.000   35.000  0.00000 0
 -67.000   36.000  0.00000 0
 -67.000   37.000  0.00084 0
 -67.000   38.000  0.00217 0
 -67.000   39.000  0.00316 0
 -67.000   40.000  0.00363 2
 -67.000   41.000  0.00325 13
 -67.000   42.000  0.00258 6
 -67.000   43.000  0.00071 9
 -67.000   44.000 -0.00116 6
 -67.000   45.000 -0.00226 3
 -67.000   46.000 -0.00186 1
 -67.000   47.000 -0.00403 7
 -67.000   48.000 -0.00349 11
 -67.000   49.000 -0.00327 6
 -67.000   50.000 -0.00331 3
 -66.000   25.000  0.00000 0
 -66.000   26.000  0.00000 0
 -66.000   27.000  0.00000 0
 -66.000   28.000  0.00000 0
 -66.000   29.000  0.00000 0
 -66.000   30.000  0.00000 0
 -66.000   31.000  0.00000 0
 -66.000   32.000  0.00000 0
 -66.000   33.000  0.00000 0
 -66.000   34.000  0.00000 0
 -66.000   35.000  0.00000 0
 -66.000   36.000  0.00000 0
 -66.000   37.000  0.00000 0
 -66.000   38.000  0.00000 0
 -66.000   39.000  0.00045 0
 -66.000   40.000  0.00039 0
 -66.000   41.000  0.00075 1
 -66.000   42.000  0.00146 8
 -66.000   43.000  0.00078 1
 -66.000   44.000 -0.00075 7
 -66.000   45.000 -0.00137 1
 -66.000   46.000 -0.00102 2
 -66.000   47.000 -0.00452 8
 -66.000   48.000 -0.00384 4
 -66.000   49.000 -0.00344 10
 -66.000   50.000 -0.00347 3
 -65.000   25.000  0.00000 0
 -65.000   26.000  0.00000 0
 -65.000   27.000  0.00000 0
 -65.000   28.000  0.00000 0
 -65.000   29.000  0.00000 0
 -65.000   30.000  0.00000 0
 -65.000   31.000  0.00000 0
 -65.000   32.000  0.00000 0
 -65.000   33.000  0.00000 0
 -65.000   34.000  0.00000 0
 -65.000   35.000  0.00000 0
 -65.000   36.000  0.00000 0
 -65.000   37.000  0.00000 0
 -65.000   38.000  0.00000 0
 -65.000   39.000  0.00105 0
 -65.000   40.000  0.00007 0
 -65.000   41.000  0.00056 0
 -65.000   42.000  0.00279 4
 -65.000   43.000  0.00279 2
 -65.000   44.000  0.00174 2
 -65.000   45.000  0.00292 0
 -65.000   46.000  0.00350 0
 -65.000   47.000 -0.00246 3
 -65.000   48.000 -0.00246 8
 -65.000   49.000 -0.00307 3
 -65.000   50.000 -0.00444 0
