-130.000   25.000  0.00000 0
-130.000   26.000  0.00000 0
-130.000   27.000  0.00000 0
-130.000   28.000  0.00000 0
-130.000   29.000  0.00000 0
-130.000   30.000  0.00000 0
-130.000   31.000  0.00000 0
-130.000   32.000  0.00000 0
-130.000   33.000  0.00000 0
-130.000   34.000  0.00000 0
-130.000   35.000  0.00000 0
-130.000   36.000  0.00000 0
-130.000   37.000  0.00000 0
-130.000   38.000  0.00000 0
-130.000   39.000  0.00000 0
-130.000   40.000  0.00000 0
-130.000   41.000  0.00000 0
-130.000   42.000  0.00000 0
-130.000   43.000  0.00000 0
-130.000   44.000  0.00000 0
-130.000   45.000  0.00000 0
-130.000   46.000  0.00000 0
-130.000   47.000  0.00983 0
-130.000   48.000  0.01210 0
-130.000   49.000  0.01512 0
-130.000   50.000  0.02016 0
-129.000   25.000  0.00000 0
-129.000   26.000  0.00000 0
-129.000   27.000  0.00000 0
-129.000   28.000  0.00000 0
-129.000   29.000  0.00000 0
-129.000   30.000  0.00000 0
-129.000   31.000  0.00000 0
-129.000   32.000  0.00000 0
-129.000   33.000  0.00000 0
-129.000   34.000  0.00000 0
-129.000   35.000  0.00000 0
-129.000   36.000  0.00000 0
-129.000   37.000  0.00000 0
-129.000   38.000  0.00000 0
-129.000   39.000  0.00000 0
-129.000   40.000  0.00000 0
-129.000   41.000  0.00000 0
-129.000   42.000  0.00000 0
-129.000   43.000  0.00000 0
-129.000   44.000  0.00000 0
-129.000   45.000  0.00000 0
-129.000   46.000  0.00000 0
-129.000   47.000  0.01290 0
-129.000   48.000  0.01997 0
-129.000   49.000  0.02496 0
-129.000   50.000  0.03328 0
-128.000   25.000  0.00000 0
-128.000   26.000  0.00000 0
-128.000   27.000  0.00000 0
-128.000   28.000  0.00000 0
-128.000   29.000  0.00000 0
-128.000   30.000  0.00000 0
-128.000   31.000  0.00000 0
-128.000   32.000  0.00000 0
-128.000   33.000  0.00000 0
-128.000   34.000  0.00000 0
-128.000   35.000  0.00000 0
-128.000   36.000  0.00000 0
-128.000   37.000  0.00000 0
-128.000   38.000  0.00000 0
-128.000   39.000  0.00000 0
-128.000   40.000  0.00000 0
-128.000   41.000  0.00000 0
-128.000   42.000  0.00000 0
-128.000   43.000  0.00000 0
-128.000   44.000  0.00000 0
-128.000   45.000  0.00000 0
-128.000   46.000  0.00805 0
-128.000   47.000  0.02400 0
-128.000   48.000  0.02966 0
-128.000   49.000  0.03707 4
-128.000   50.000  0.04943 5
-127.000   25.000  0.00000 0
-127.000   26.000  0.00000 0
-127.000   27.000  0.00000 0
-127.000   28.000  0.00000 0
-127.000   29.000  0.00000 0
-127.000   30.000  0.00000 0
-127.000   31.000  0.00000 0
-127.000   32.000  0.00000 0
-127.000   33.000  0.00000 0
-127.000   34.000  0.00000 0
-127.000   35.000  0.00000 0
-127.000   36.000  0.00000 0
-127.000   37.000  0.00000 0
-127.000   38.000  0.00000 0
-127.000   39.000 -0.00954 0
-127.000   40.000 -0.00790 0
-127.000   41.000 -0.00718 0
-127.000   42.000 -0.00034 0
-127.000   43.000 -0.00034 0
-127.000   44.000  0.00920 0
-127.000   45.000 -0.00121 0
-127.000   46.000  0.01151 0
-127.000   47.000  0.02093 0
-127.000   48.000  0.02659 0
-127.000   49.000  0.03323 5
-127.000   50.000  0.05893 4
-126.000   25.000  0.00000 0
-126.000   26.000  0.00000 0
-126.000   27.000  0.00000 0
-126.000   28.000  0.00000 0
-126.000   29.000  0.00000 0
-126.000   30.000  0.00000 0
-126.000   31.000  0.00000 0
-126.000   32.000  0.00000 0
-126.000   33.000  0.00000 0
-126.000   34.000  0.00000 0
-126.000   35.000  0.00000 0
-126.000   36.000  0.00835 0
-126.000   37.000  0.00596 0
-126.000   38.000  0.00660 0
-126.000   39.000  0.00083 0
-126.000   40.000  0.00462 0
-126.000   41.000 -0.00176 0
-126.000   42.000  0.01069 0
-126.000   43.000  0.01252 0
-126.000   44.000  0.02055 0
-126.000   45.000  0.01109 0
-126.000   46.000  0.02333 0
-126.000   47.000  0.03187 0
-126.000   48.000  0.03941 5
-126.000   49.000  0.04644 6
-126.000   50.000  0.07137 0
-125.000   25.000  0.00000 0
-125.000   26.000  0.00000 0
-125.000   27.000  0.00000 0
-125.000   28.000  0.00000 0
-125.000   29.000  0.00000 0
-125.000   30.000  0.00000 0
-125.000   31.000  0.00000 0
-125.000   32.000  0.00000 0
-125.000   33.000  0.00000 0
-125.000   34.000  0.00000 0
-125.000   35.000  0.00142 0
-125.000   36.000  0.01235 0
-125.000   37.000  0.01162 0
-125.000   38.000  0.01364 0
-125.000   39.000  0.01026 0
-125.000   40.000  0.01354 0
-125.000   41.000  0.00723 1
-125.000   42.000  0.02024 6
-125.000   43.000  0.02036 9
-125.000   44.000  0.02686 2
-125.000   45.000  0.01682 0
-125.000   46.000  0.02899 0
-125.000   47.000  0.03150 8
-125.000   48.000  0.03800 17
-125.000   49.000  0.04361 4
-125.000   50.000  0.06706 0
-124.000   25.000  0.00000 0
-124.000   26.000  0.00000 0
-124.000   27.000  0.00000 0
-124.000   28.000  0.00000 0
-124.000   29.000  0.00000 0
-124.000   30.000  0.00000 0
-124.000   31.000  0.00000 0
-124.000   32.000  0.00000 0
-124.000   33.000  0.00000 0
-124.000   34.000 -0.00028 0
-124.000   35.000  0.00055 0
-124.000   36.000  0.01377 0
-124.000   37.000  0.01286 0
-124.000   38.000  0.01788 1
-124.000   39.000  0.01750 19
-124.000   40.000  0.02225 43
-124.000   41.000  0.01460 25
-124.000   42.000  0.02984 65
-124.000   43.000  0.02851 116
-124.000   44.000  0.03425 112
-124.000   45.000  0.02507 99
-124.000   46.000  0.03800 61
-124.000   47.000  0.03468 118
-124.000   48.000  0.03534 37
-124.000   49.000  0.03783 49
-124.000   50.000  0.05643 13
-123.000   25.000  0.00000 0
-123.000   26.000  0.00000 0
-123.000   27.000  0.00000 0
-123.000   28.000  0.00000 0
-123.000   29.000  0.00000 0
-123.000   30.000  0.00000 0
-123.000   31.000  0.00000 0
-123.000   32.000  0.00203 0
-123.000   33.000  0.00254 0
-123.000   34.000  0.00390 0
-123.000   35.000  0.00519 0
-123.000   36.000  0.01971 0
-123.000   37.000  0.01652 21
-123.000   38.000  0.02226 74
-123.000   39.000  0.01815 39
-123.000   40.000  0.02180 107
-123.000   41.000  0.01242 111
-123.000   42.000  0.02974 132
-123.000   43.000  0.02641 111
-123.000   44.000  0.03388 130
-123.000   45.000  0.02667 100
-123.000   46.000  0.03411 136
-123.000   47.000  0.02290 232
-123.000   48.000  0.02434 160
-123.000   49.000  0.02452 36
-123.000   50.000  0.03649 0
-122.000   25.000  0.00000 0
-122.000   26.000  0.00000 0
-122.000   27.000  0.00000 0
-122.000   28.000  0.00000 0
-122.000   29.000  0.00000 0
-122.000   30.000  0.00000 0
-122.000   31.000  0.00033 0
-122.000   32.000  0.00386 0
-122.000   33.000  0.00445 0
-122.000   34.000  0.00606 0
-122.000   35.000  0.00856 0
-122.000   36.000  0.02518 37
-122.000   37.000  0.02062 55
-122.000   38.000  0.02444 29
-122.000   39.000  0.02790 57
-122.000   40.000  0.02866 123
-122.000   41.000  0.01745 68
-122.000   42.000  0.03095 52
-122.000   43.000  0.02911 90
-122.000   44.000  0.02766 72
-122.000   45.000  0.03117 106
-122.000   46.000  0.03140 85
-122.000   47.000  0.02319 187
-122.000   48.000  0.02498 137
-122.000   49.000  0.02671 38
-122.000   50.000  0.02431 0
-121.000   25.000  0.00000 0
-121.000   26.000  0.00000 0
-121.000   27.000  0.00000 0
-121.000   28.000  0.00000 0
-121.000   29.000  0.00000 0
-121.000   30.000 -0.00293 0
-121.000   31.000 -0.00608 0
-121.000   32.000 -0.00147 0
-121.000   33.000 -0.00150 0
-121.000   34.000  0.00298 2
-121.000   35.000  0.01109 48
-121.000   36.000  0.02503 63
-121.000   37.000  0.02172 40
-121.000   38.000  0.02470 103
-121.000   39.000  0.01957 58
-121.000   40.000  0.01599 65
-121.000   41.000  0.01051 40
-121.000   42.000  0.01881 46
-121.000   43.000  0.01432 67
-121.000   44.000  0.01539 64
-121.000   45.000  0.01665 79
-121.000   46.000  0.01693 41
-121.000   47.000  0.00896 70
-121.000   48.000  0.01050 47
-121.000   49.000  0.01260 12
-121.000   50.000  0.01201 0
-120.000   25.000  0.00000 0
-120.000   26.000  0.00000 0
-120.000   27.000  0.00000 0
-120.000   28.000  0.00000 0
-120.000   29.000  0.00000 0
-120.000   30.000 -0.00071 0
-120.000   31.000 -0.00325 0
-120.000   32.000  0.00266 0
-120.000   33.000  0.00164 31
-120.000   34.000  0.00799 66
-120.000   35.000  0.01383 87
-120.000   36.000  0.02635 36
-120.000   37.000  0.01945 143
-120.000   38.000  0.02290 79
-120.000   39.000  0.01314 27
-120.000   40.000  0.00977 14
-120.000   41.000  0.00408 24
-120.000   42.000  0.01373 18
-120.000   43.000  0.01086 30
-120.000   44.000  0.01457 27
-120.000   45.000  0.01447 20
-120.000   46.000  0.01608 68
-120.000   47.000  0.00977 38
-120.000   48.000  0.01020 58
-120.000   49.000  0.01236 47
-120.000   50.000  0.01372 0
-119.000   25.000  0.00000 0
-119.000   26.000  0.00000 0
-119.000   27.000  0.00000 0
-119.000   28.000  0.00000 0
-119.000   29.000  0.00000 0
-119.000   30.000 -0.00108 0
-119.000   31.000 -0.00294 0
-119.000   32.000  0.00326 1
-119.000   33.000  0.00227 52
-119.000   34.000  0.00989 203
-119.000   35.000  0.01734 93
-119.000   36.000  0.02836 47
-119.000   37.000  0.02074 104
-119.000   38.000  0.02348 74
-119.000   39.000  0.01086 21
-119.000   40.000  0.00663 16
-119.000   41.000  0.00153 26
-119.000   42.000  0.01037 51
-119.000   43.000  0.00786 27
-119.000   44.000  0.01220 66
-119.000   45.000  0.01238 59
-119.000   46.000  0.01320 67
-119.000   47.000  0.00909 56
-119.000   48.000  0.00986 73
-119.000   49.000  0.01313 24
-119.000   50.000  0.01366 0
-118.000   25.000  0.00000 0
-118.000   26.000  0.00000 0
-118.000   27.000  0.00000 0
-118.000   28.000  0.00000 0
-118.000   29.000  0.00000 0
-118.000   30.000 -0.00136 0
-118.000   31.000 -0.00398 0
-118.000   32.000 -0.00064 15
-118.000   33.000 -0.00249 165
-118.000   34.000  0.00424 398
-118.000   35.000  0.01217 100
-118.000   36.000  0.02362 101
-118.000   37.000  0.01934 43
-118.000   38.000  0.02421 56
-118.000   39.000  0.01747 14
-118.000   40.000  0.01554 21
-118.000   41.000  0.01159 28
-118.000   42.000  0.01998 37
-118.000   43.000  0.01872 17
-118.000   44.000  0.01981 78
-118.000   45.000  0.01938 84
-118.000   46.000  0.01867 92
-118.000   47.000  0.01584 58
-118.000   48.000  0.01408 53
-118.000   49.000  0.01626 6
-118.000   50.000  0.01465 0
-117.000   25.000  0.00000 0
-117.000   26.000  0.00000 0
-117.000   27.000  0.00000 0
-117.000   28.000  0.00000 0
-117.000   29.000  0.00000 0
-117.000   30.000 -0.00142 0
-117.000   31.000 -0.00472 0
-117.000   32.000 -0.00480 115
-117.000   33.000 -0.00653 464
-117.000   34.000  0.00139 217
-117.000   35.000  0.01007 116
-117.000   36.000  0.02150 136
-117.000   37.000  0.02149 35
-117.000   38.000  0.03021 30
-117.000   39.000  0.02503 12
-117.000   40.000  0.02281 49
-117.000   41.000  0.01976 20
-117.000   42.000  0.02598 10
-117.000   43.000  0.02370 17
-117.000   44.000  0.02550 68
-117.000   45.000  0.02487 63
-117.000   46.000  0.02858 22
-117.000   47.000  0.03677 10
-117.000   48.000  0.03206 56
-117.000   49.000  0.03438 9
-117.000   50.000  0.03850 0
-116.000   25.000  0.00000 0
-116.000   26.000  0.00000 0
-116.000   27.000  0.00000 0
-116.000   28.000  0.00000 0
-116.000   29.000  0.00000 0
-116.000   30.000  0.00237 0
-116.000   31.000  0.00208 0
-116.000   32.000  0.00084 60
-116.000   33.000  0.00020 257
-116.000   34.000  0.00614 143
-116.000   35.000  0.01073 105
-116.000   36.000  0.01861 48
-116.000   37.000  0.02161 14
-116.000   38.000  0.03206 46
-116.000   39.000  0.02957 17
-116.000   40.000  0.02591 135
-116.000   41.000  0.02419 37
-116.000   42.000  0.02866 12
-116.000   43.000  0.02598 37
-116.000   44.000  0.02776 68
-116.000   45.000  0.03161 42
-116.000   46.000  0.03856 20
-116.000   47.000  0.05087 14
-116.000   48.000  0.04373 25
-116.000   49.000  0.04813 10
-116.000   50.000  0.05227 0
-115.000   25.000  0.00000 0
-115.000   26.000  0.00000 0
-115.000   27.000  0.00000 0
-115.000   28.000  0.00000 0
-115.000   29.000 -0.00015 0
-115.000   30.000 -0.00224 0
-115.000   31.000 -0.00405 0
-115.000   32.000 -0.00580 53
-115.000   33.000 -0.00462 141
-115.000   34.000  0.00007 132
-115.000   35.000  0.00814 62
-115.000   36.000  0.01596 27
-115.000   37.000  0.02023 17
-115.000   38.000  0.02919 34
-115.000   39.000  0.02703 23
-115.000   40.000  0.02269 313
-115.000   41.000  0.02032 36
-115.000   42.000  0.02183 16
-115.000   43.000  0.01854 67
-115.000   44.000  0.01995 54
-115.000   45.000  0.02461 14
-115.000   46.000  0.03365 19
-115.000   47.000  0.04426 19
-115.000   48.000  0.03740 18
-115.000   49.000  0.04201 4
-115.000   50.000  0.04554 0
-114.000   25.000  0.00000 0
-114.000   26.000  0.00000 0
-114.000   27.000  0.00000 0
-114.000   28.000  0.00000 0
-114.000   29.000 -0.00006 0
-114.000   30.000 -0.00152 0
-114.000   31.000 -0.00412 0
-114.000   32.000 -0.00527 23
-114.000   33.000 -0.00204 53
-114.000   34.000  0.00434 114
-114.000   35.000  0.01428 56
-114.000   36.000  0.02116 23
-114.000   37.000  0.02403 25
-114.000   38.000  0.02722 15
-114.000   39.000  0.02266 24
-114.000   40.000  0.01691 15
-114.000   41.000  0.01443 21
-114.000   42.000  0.01464 16
-114.000   43.000  0.01533 47
-114.000   44.000  0.01423 48
-114.000   45.000  0.01222 21
-114.000   46.000  0.02103 47
-114.000   47.000  0.04094 24
-114.000   48.000  0.03383 15
-114.000   49.000  0.04147 8
-114.000   50.000  0.05406 0
-113.000   25.000  0.00000 0
-113.000   26.000  0.00000 0
-113.000   27.000  0.00000 0
-113.000   28.000  0.00000 0
-113.000   29.000  0.00116 0
-113.000   30.000  0.00032 0
-113.000   31.000  0.00057 8
-113.000   32.000  0.00374 55
-113.000   33.000  0.01103 67
-113.000   34.000  0.01664 60
-113.000   35.000  0.02733 43
-113.000   36.000  0.03234 24
-113.000   37.000  0.03287 25
-113.000   38.000  0.02832 17
-113.000   39.000  0.02296 9
-113.000   40.000  0.01639 59
-113.000   41.000  0.01259 19
-113.000   42.000  0.00983 10
-113.000   43.000  0.01404 12
-113.000   44.000  0.01444 17
-113.000   45.000  0.00971 26
-113.000   46.000  0.01932 16
-113.000   47.000  0.03941 5
-113.000   48.000  0.03247 12
-113.000   49.000  0.03831 7
-113.000   50.000  0.05349 0
-112.000   25.000  0.00000 0
-112.000   26.000  0.00000 0
-112.000   27.000  0.00000 0
-112.000   28.000  0.00000 0
-112.000   29.000  0.00182 0
-112.000   30.000  0.00169 0
-112.000   31.000  0.00273 9
-112.000   32.000  0.00846 31
-112.000   33.000  0.01679 45
-112.000   34.000  0.02301 44
-112.000   35.000  0.03424 45
-112.000   36.000  0.03772 42
-112.000   37.000  0.03593 8
-112.000   38.000  0.02955 9
-112.000   39.000  0.02255 15
-112.000   40.000  0.01698 18
-112.000   41.000  0.01352 28
-112.000   42.000  0.00688 18
-112.000   43.000  0.01211 15
-112.000   44.000  0.01245 6
-112.000   45.000  0.00888 18
-112.000   46.000  0.01877 13
-112.000   47.000  0.03532 5
-112.000   48.000  0.02813 9
-112.000   49.000  0.03343 2
-112.000   50.000  0.04135 0
-111.000   25.000  0.00000 0
-111.000   26.000  0.00000 0
-111.000   27.000  0.00000 0
-111.000   28.000  0.00000 0
-111.000   29.000  0.00191 0
-111.000   30.000  0.00098 0
-111.000   31.000  0.00309 6
-111.000   32.000  0.01031 35
-111.000   33.000  0.02036 29
-111.000   34.000  0.03064 27
-111.000   35.000  0.04165 28
-111.000   36.000  0.04372 20
-111.000   37.000  0.03838 16
-111.000   38.000  0.02951 14
-111.000   39.000  0.01933 46
-111.000   40.000  0.01894 3
-111.000   41.000  0.01770 24
-111.000   42.000  0.01556 14
-111.000   43.000  0.02251 163
-111.000   44.000  0.02602 62
-111.000   45.000  0.02120 15
-111.000   46.000  0.02730 10
-111.000   47.000  0.04078 7
-111.000   48.000  0.03264 11
-111.000   49.000  0.03390 3
-111.000   50.000  0.03710 0
-110.000   25.000  0.00000 0
-110.000   26.000  0.00000 0
-110.000   27.000  0.00000 0
-110.000   28.000  0.00000 0
-110.000   29.000  0.00149 0
-110.000   30.000  0.00422 0
-110.000   31.000  0.00863 38
-110.000   32.000  0.01851 53
-110.000   33.000  0.03092 45
-110.000   34.000  0.04464 63
-110.000   35.000  0.05370 57
-110.000   36.000  0.05635 18
-110.000   37.000  0.05187 21
-110.000   38.000  0.04064 24
-110.000   39.000  0.02929 20
-110.000   40.000  0.03081 17
-110.000   41.000  0.02897 12
-110.000   42.000  0.02561 76
-110.000   43.000  0.03473 101
-110.000   44.000  0.03877 22
-110.000   45.000  0.03464 27
-110.000   46.000  0.03935 15
-110.000   47.000  0.04994 10
-110.000   48.000  0.03963 11
-110.000   49.000  0.03966 1
-110.000   50.000  0.03758 0
-109.000   25.000  0.00000 0
-109.000   26.000  0.00000 0
-109.000   27.000  0.00000 0
-109.000   28.000  0.00000 0
-109.000   29.000  0.00112 0
-109.000   30.000  0.00313 0
-109.000   31.000  0.00854 43
-109.000   32.000  0.01750 28
-109.000   33.000  0.03080 37
-109.000   34.000  0.04274 30
-109.000   35.000  0.05364 36
-109.000   36.000  0.05455 21
-109.000   37.000  0.05695 32
-109.000   38.000  0.04823 13
-109.000   39.000  0.04027 14
-109.000   40.000  0.04048 33
-109.000   41.000  0.04424 12
-109.000   42.000  0.03845 46
-109.000   43.000  0.04257 38
-109.000   44.000  0.04909 53
-109.000   45.000  0.05035 40
-109.000   46.000  0.05335 15
-109.000   47.000  0.05228 35
-109.000   48.000  0.04358 29
-109.000   49.000  0.03996 12
-109.000   50.000  0.02932 0
-108.000   25.000  0.00000 0
-108.000   26.000  0.00000 0
-108.000   27.000  0.00000 0
-108.000   28.000  0.00000 0
-108.000   29.000  0.00092 0
-108.000   30.000  0.00306 0
-108.000   31.000  0.00785 4
-108.000   32.000  0.01378 52
-108.000   33.000  0.02405 28
-108.000   34.000  0.03685 21
-108.000   35.000  0.04647 9
-108.000   36.000  0.04903 11
-108.000   37.000  0.05595 19
-108.000   38.000  0.05484 19
-108.000   39.000  0.04839 23
-108.000   40.000  0.05216 32
-108.000   41.000  0.05643 16
-108.000   42.000  0.05139 14
-108.000   43.000  0.04901 48
-108.000   44.000  0.05146 136
-108.000   45.000  0.05052 51
-108.000   46.000  0.05124 32
-108.000   47.000  0.04894 20
-108.000   48.000  0.04216 39
-108.000   49.000  0.04056 3
-108.000   50.000  0.02974 0
-107.000   25.000  0.00000 0
-107.000   26.000  0.00000 0
-107.000   27.000 -0.00400 0
-107.000   28.000 -0.00435 0
-107.000   29.000 -0.00211 0
-107.000   30.000 -0.00036 0
-107.000   31.000  0.00519 3
-107.000   32.000  0.01607 31
-107.000   33.000  0.02771 58
-107.000   34.000  0.03862 84
-107.000   35.000  0.04889 21
-107.000   36.000  0.05266 22
-107.000   37.000  0.06116 34
-107.000   38.000  0.06242 26
-107.000   39.000  0.06066 17
-107.000   40.000  0.06577 20
-107.000   41.000  0.06775 23
-107.000   42.000  0.06423 43
-107.000   43.000  0.05481 83
-107.000   44.000  0.05169 131
-107.000   45.000  0.04771 48
-107.000   46.000  0.04751 24
-107.000   47.000  0.03821 20
-107.000   48.000  0.03509 22
-107.000   49.000  0.03352 8
-107.000   50.000  0.02278 0
-106.000   25.000  0.00000 0
-106.000   26.000  0.00000 0
-106.000   27.000 -0.00261 0
-106.000   28.000 -0.00013 0
-106.000   29.000  0.00398 0
-106.000   30.000  0.00690 0
-106.000   31.000  0.01413 32
-106.000   32.000  0.02459 62
-106.000   33.000  0.03236 55
-106.000   34.000  0.03706 47
-106.000   35.000  0.04816 35
-106.000   36.000  0.05243 20
-106.000   37.000  0.06220 54
-106.000   38.000  0.06718 33
-106.000   39.000  0.07141 58
-106.000   40.000  0.07571 60
-106.000   41.000  0.07684 49
-106.000   42.000  0.07198 32
-106.000   43.000  0.05964 32
-106.000   44.000  0.05369 70
-106.000   45.000  0.04746 58
-106.000   46.000  0.04355 35
-106.000   47.000  0.03064 33
-106.000   48.000  0.02776 25
-106.000   49.000  0.02582 7
-106.000   50.000  0.01429 0
-105.000   25.000  0.00000 0
-105.000   26.000  0.00000 0
-105.000   27.000  0.00076 0
-105.000   28.000  0.00308 0
-105.000   29.000  0.00805 2
-105.000   30.000  0.01061 7
-105.000   31.000  0.01760 46
-105.000   32.000  0.02275 49
-105.000   33.000  0.02736 71
-105.000   34.000  0.02945 54
-105.000   35.000  0.04006 25
-105.000   36.000  0.04667 27
-105.000   37.000  0.05678 48
-105.000   38.000  0.06781 28
-105.000   39.000  0.07563 29
-105.000   40.000  0.07960 22
-105.000   41.000  0.07952 37
-105.000   42.000  0.07783 23
-105.000   43.000  0.06165 28
-105.000   44.000  0.05174 27
-105.000   45.000  0.04432 29
-105.000   46.000  0.03763 14
-105.000   47.000  0.02756 32
-105.000   48.000  0.02576 32
-105.000   49.000  0.02598 6
-105.000   50.000  0.01845 0
-104.000   25.000  0.00000 0
-104.000   26.000  0.00000 0
-104.000   27.000  0.00479 0
-104.000   28.000  0.00727 0
-104.000   29.000  0.01179 125
-104.000   30.000  0.01392 39
-104.000   31.000  0.02046 54
-104.000   32.000  0.02406 70
-104.000   33.000  0.02756 68
-104.000   34.000  0.03296 59
-104.000   35.000  0.04352 22
-104.000   36.000  0.05598 26
-104.000   37.000  0.06340 19
-104.000   38.000  0.07698 17
-104.000   39.000  0.08287 17
-104.000   40.000  0.08746 9
-104.000   41.000  0.08065 20
-104.000   42.000  0.07768 18
-104.000   43.000  0.06034 41
-104.000   44.000  0.04935 27
-104.000   45.000  0.04165 23
-104.000   46.000  0.03486 33
-104.000   47.000  0.02683 18
-104.000   48.000  0.02462 30
-104.000   49.000  0.02474 6
-104.000   50.000  0.01702 0
-103.000   25.000  0.00000 0
-103.000   26.000  0.00000 0
-103.000   27.000  0.00142 0
-103.000   28.000  0.00518 0
-103.000   29.000  0.01219 36
-103.000   30.000  0.01398 35
-103.000   31.000  0.01747 61
-103.000   32.000  0.02459 74
-103.000   33.000  0.02568 68
-103.000   34.000  0.02896 75
-103.000   35.000  0.04265 32
-103.000   36.000  0.06139 19
-103.000   37.000  0.06730 19
-103.000   38.000  0.08189 17
-103.000   39.000  0.08540 32
-103.000   40.000  0.08460 16
-103.000   41.000  0.07644 19
-103.000   42.000  0.07427 14
-103.000   43.000  0.05936 31
-103.000   44.000  0.05197 35
-103.000   45.000  0.04771 33
-103.000   46.000  0.03973 30
-103.000   47.000  0.03464 32
-103.000   48.000  0.03011 34
-103.000   49.000  0.02963 10
-103.000   50.000  0.02214 0
-102.000   25.000 -0.00768 0
-102.000   26.000 -0.00916 0
-102.000   27.000 -0.00358 0
-102.000   28.000  0.00230 0
-102.000   29.000  0.00948 5
-102.000   30.000  0.01689 24
-102.000   31.000  0.02241 22
-102.000   32.000  0.02609 25
-102.000   33.000  0.02288 33
-102.000   34.000  0.02771 27
-102.000   35.000  0.03662 29
-102.000   36.000  0.05684 16
-102.000   37.000  0.06392 16
-102.000   38.000  0.07837 23
-102.000   39.000  0.07688 19
-102.000   40.000  0.07816 17
-102.000   41.000  0.07053 18
-102.000   42.000  0.06789 14
-102.000   43.000  0.05742 26
-102.000   44.000  0.05393 20
-102.000   45.000  0.05079 60
-102.000   46.000  0.04126 32
-102.000   47.000  0.03975 21
-102.000   48.000  0.03310 39
-102.000   49.000  0.03260 8
-102.000   50.000  0.02705 0
-101.000   25.000 -0.00302 0
-101.000   26.000 -0.00166 0
-101.000   27.000  0.00107 0
-101.000   28.000  0.00632 0
-101.000   29.000  0.01053 8
-101.000   30.000  0.01854 24
-101.000   31.000  0.01939 24
-101.000   32.000  0.02310 20
-101.000   33.000  0.02111 12
-101.000   34.000  0.02607 14
-101.000   35.000  0.03480 11
-101.000   36.000  0.05582 14
-101.000   37.000  0.06407 10
-101.000   38.000  0.07617 16
-101.000   39.000  0.07443 19
-101.000   40.000  0.07518 16
-101.000   41.000  0.06736 10
-101.000   42.000  0.06265 12
-101.000   43.000  0.05471 18
-101.000   44.000  0.04815 25
-101.000   45.000  0.04405 24
-101.000   46.000  0.03680 38
-101.000   47.000  0.04145 27
-101.000   48.000  0.03402 39
-101.000   49.000  0.03736 7
-101.000   50.000  0.03595 0
-100.000   25.000 -0.00694 0
-100.000   26.000 -0.00356 0
-100.000   27.000 -0.00327 4
-100.000   28.000  0.00429 72
-100.000   29.000  0.01066 30
-100.000   30.000  0.02224 79
-100.000   31.000  0.02120 26
-100.000   32.000  0.02903 31
-100.000   33.000  0.02652 39
-100.000   34.000  0.02905 13
-100.000   35.000  0.03764 14
-100.000   36.000  0.05773 10
-100.000   37.000  0.06457 7
-100.000   38.000  0.07458 31
-100.000   39.000  0.07269 44
-100.000   40.000  0.07297 11
-100.000   41.000  0.06755 13
-100.000   42.000  0.06169 10
-100.000   43.000  0.05516 22
-100.000   44.000  0.05023 13
-100.000   45.000  0.04705 31
-100.000   46.000  0.04115 23
-100.000   47.000  0.04688 39
-100.000   48.000  0.03835 47
-100.000   49.000  0.04122 6
-100.000   50.000  0.03860 0
 -99.000   25.000 -0.00317 0
 -99.000   26.000 -0.01076 3
 -99.000   27.000 -0.01374 15
 -99.000   28.000 -0.00736 63
 -99.000   29.000  0.00067 52
 -99.000   30.000  0.01209 47
 -99.000   31.000  0.02302 46
 -99.000   32.000  0.03485 41
 -99.000   33.000  0.03118 24
 -99.000   34.000  0.03235 34
 -99.000   35.000  0.03778 49
 -99.000   36.000  0.05146 53
 -99.000   37.000  0.05771 16
 -99.000   38.000  0.07107 45
 -99.000   39.000  0.07071 20
 -99.000   40.000  0.07061 15
 -99.000   41.000  0.06892 23
 -99.000   42.000  0.06528 13
 -99.000   43.000  0.05743 16
 -99.000   44.000  0.05004 43
 -99.000   45.000  0.04769 17
 -99.000   46.000  0.04083 60
 -99.000   47.000  0.04108 28
 -99.000   48.000  0.03286 38
 -99.000   49.000  0.03515 6
 -99.000   50.000  0.03151 0
 -98.000   25.000 -0.00317 0
 -98.000   26.000 -0.01326 9
 -98.000   27.000 -0.01602 21
 -98.000   28.000 -0.01175 45
 -98.000   29.000 -0.00678 50
 -98.000   30.000  0.00406 42
 -98.000   31.000  0.02050 75
 -98.000   32.000  0.03474 51
 -98.000   33.000  0.03526 39
 -98.000   34.000  0.03889 19
 -98.000   35.000  0.04403 22
 -98.000   36.000  0.04816 36
 -98.000   37.000  0.05322 17
 -98.000   38.000  0.06148 25
 -98.000   39.000  0.06034 18
 -98.000   40.000  0.06325 12
 -98.000   41.000  0.06754 29
 -98.000   42.000  0.06210 13
 -98.000   43.000  0.05817 13
 -98.000   44.000  0.05301 13
 -98.000   45.000  0.04775 16
 -98.000   46.000  0.04068 15
 -98.000   47.000  0.04197 26
 -98.000   48.000  0.03285 32
 -98.000   49.000  0.03407 2
 -98.000   50.000  0.03138 0
 -97.000   25.000  0.00451 0
 -97.000   26.000 -0.00410 0
 -97.000   27.000 -0.01527 2
 -97.000   28.000 -0.01538 7
 -97.000   29.000 -0.01251 36
 -97.000   30.000 -0.00984 32
 -97.000   31.000  0.00267 34
 -97.000   32.000  0.02655 16
 -97.000   33.000  0.03289 30
 -97.000   34.000  0.03659 23
 -97.000   35.000  0.04739 22
 -97.000   36.000  0.05162 28
 -97.000   37.000  0.05287 50
 -97.000   38.000  0.05977 22
 -97.000   39.000  0.06422 18
 -97.000   40.000  0.06324 11
 -97.000   41.000  0.07017 14
 -97.000   42.000  0.06817 17
 -97.000   43.000  0.06485 8
 -97.000   44.000  0.05862 13
 -97.000   45.000  0.05597 15
 -97.000   46.000  0.04723 27
 -97.000   47.000  0.04190 9
 -97.000   48.000  0.03208 11
 -97.000   49.000  0.03002 1
 -97.000   50.000  0.02459 0
 -96.000   25.000 -0.00015 0
 -96.000   26.000 -0.01159 0
 -96.000   27.000 -0.03329 0
 -96.000   28.000 -0.03762 3
 -96.000   29.000 -0.03389 26
 -96.000   30.000 -0.03446 44
 -96.000   31.000 -0.01802 48
 -96.000   32.000  0.01875 40
 -96.000   33.000  0.02987 18
 -96.000   34.000  0.03680 38
 -96.000   35.000  0.04840 73
 -96.000   36.000  0.05201 98
 -96.000   37.000  0.05261 22
 -96.000   38.000  0.05935 40
 -96.000   39.000  0.06317 31
 -96.000   40.000  0.06467 7
 -96.000   41.000  0.07197 30
 -96.000   42.000  0.07160 12
 -96.000   43.000  0.06829 10
 -96.000   44.000  0.06376 11
 -96.000   45.000  0.06122 19
 -96.000   46.000  0.05361 23
 -96.000   47.000  0.04189 10
 -96.000   48.000  0.03168 26
 -96.000   49.000  0.02713 4
 -96.000   50.000  0.01970 0
 -95.000   25.000  0.00377 0
 -95.000   26.000 -0.00970 0
 -95.000   27.000 -0.03003 0
 -95.000   28.000 -0.03837 0
 -95.000   29.000 -0.03600 10
 -95.000   30.000 -0.04137 10
 -95.000   31.000 -0.02052 30
 -95.000   32.000  0.01298 30
 -95.000   33.000  0.02773 47
 -95.000   34.000  0.03615 25
 -95.000   35.000  0.04960 34
 -95.000   36.000  0.04810 61
 -95.000   37.000  0.04860 19
 -95.000   38.000  0.05457 21
 -95.000   39.000  0.05696 17
 -95.000   40.000  0.05815 27
 -95.000   41.000  0.06677 21
 -95.000   42.000  0.06946 9
 -95.000   43.000  0.06875 20
 -95.000   44.000  0.06639 11
 -95.000   45.000  0.06472 16
 -95.000   46.000  0.05361 19
 -95.000   47.000  0.03797 5
 -95.000   48.000  0.02631 9
 -95.000   49.000  0.01936 1
 -95.000   50.000  0.00939 0
 -94.000   25.000  0.00000 0
 -94.000   26.000 -0.00250 0
 -94.000   27.000 -0.02968 0
 -94.000   28.000 -0.03700 0
 -94.000   29.000 -0.03543 1
 -94.000   30.000 -0.03975 5
 -94.000   31.000 -0.03204 35
 -94.000   32.000  0.00671 15
 -94.000   33.000  0.02127 30
 -94.000   34.000  0.02945 59
 -94.000   35.000  0.04467 37
 -94.000   36.000  0.04808 45
 -94.000   37.000  0.04664 33
 -94.000   38.000  0.04839 31
 -94.000   39.000  0.04844 26
 -94.000   40.000  0.05244 37
 -94.000   41.000  0.06277 21
 -94.000   42.000  0.07189 11
 -94.000   43.000  0.07833 11
 -94.000   44.000  0.08010 23
 -94.000   45.000  0.07543 14
 -94.000   46.000  0.06542 30
 -94.000   47.000  0.04873 6
 -94.000   48.000  0.03331 17
 -94.000   49.000  0.02718 0
 -94.000   50.000  0.01920 0
 -93.000   25.000  0.00000 0
 -93.000   26.000  0.00000 0
 -93.000   27.000 -0.02403 0
 -93.000   28.000 -0.03435 0
 -93.000   29.000 -0.03268 2
 -93.000   30.000 -0.03523 11
 -93.000   31.000 -0.03134 30
 -93.000   32.000  0.00321 15
 -93.000   33.000  0.01931 32
 -93.000   34.000  0.02757 66
 -93.000   35.000  0.04088 39
 -93.000   36.000  0.04956 54
 -93.000   37.000  0.04649 23
 -93.000   38.000  0.05022 54
 -93.000   39.000  0.05126 36
 -93.000   40.000  0.05333 20
 -93.000   41.000  0.05985 31
 -93.000   42.000  0.07176 23
 -93.000   43.000  0.07562 21
 -93.000   44.000  0.07550 32
 -93.000   45.000  0.07422 50
 -93.000   46.000  0.05957 30
 -93.000   47.000  0.03816 14
 -93.000   48.000  0.01699 3
 -93.000   49.000  0.00768 0
 -93.000   50.000 -0.00902 0
 -92.000   25.000  0.00000 0
 -92.000   26.000  0.00000 0
 -92.000   27.000 -0.01629 0
 -92.000   28.000 -0.02206 0
 -92.000   29.000 -0.02049 2
 -92.000   30.000 -0.02056 0
 -92.000   31.000 -0.01468 24
 -92.000   32.000  0.00848 23
 -92.000   33.000  0.01801 31
 -92.000   34.000  0.02527 16
 -92.000   35.000  0.03679 36
 -92.000   36.000  0.04254 26
 -92.000   37.000  0.04285 16
 -92.000   38.000  0.04822 59
 -92.000   39.000  0.04885 46
 -92.000   40.000  0.05285 21
 -92.000   41.000  0.05995 10
 -92.000   42.000  0.07100 14
 -92.000   43.000  0.07650 21
 -92.000   44.000  0.07645 16
 -92.000   45.000  0.07342 19
 -92.000   46.000  0.05543 29
 -92.000   47.000  0.03889 24
 -92.000   48.000  0.01649 27
 -92.000   49.000  0.00884 0
 -92.000   50.000 -0.00891 0
 -91.000   25.000  0.00000 0
 -91.000   26.000  0.00000 0
 -91.000   27.000 -0.00431 0
 -91.000   28.000  0.00650 0
 -91.000   29.000  0.00684 0
 -91.000   30.000  0.00930 5
 -91.000   31.000  0.01545 34
 -91.000   32.000  0.02576 28
 -91.000   33.000  0.01712 19
 -91.000   34.000  0.02331 21
 -91.000   35.000  0.03174 15
 -91.000   36.000  0.03642 28
 -91.000   37.000  0.03580 46
 -91.000   38.000  0.04283 54
 -91.000   39.000  0.04728 17
 -91.000   40.000  0.05050 27
 -91.000   41.000  0.05583 29
 -91.000   42.000  0.06624 23
 -91.000   43.000  0.07142 23
 -91.000   44.000  0.06989 30
 -91.000   45.000  0.06703 15
 -91.000   46.000  0.04506 15
 -91.000   47.000  0.03097 21
 -91.000   48.000  0.00880 6
 -91.000   49.000 -0.00081 2
 -91.000   50.000 -0.01984 1
 -90.000   25.000  0.00000 0
 -90.000   26.000  0.00000 0
 -90.000   27.000 -0.00660 0
 -90.000   28.000  0.00606 0
 -90.000   29.000  0.00403 1
 -90.000   30.000  0.00723 7
 -90.000   31.000  0.01077 37
 -90.000   32.000  0.02416 11
 -90.000   33.000  0.01406 17
 -90.000   34.000  0.02284 49
 -90.000   35.000  0.03075 17
 -90.000   36.000  0.03779 14
 -90.000   37.000  0.03850 27
 -90.000   38.000  0.04479 41
 -90.000   39.000  0.05063 26
 -90.000   40.000  0.05259 32
 -90.000   41.000  0.05809 18
 -90.000   42.000  0.06404 30
 -90.000   43.000  0.06773 32
 -90.000   44.000  0.06562 9
 -90.000   45.000  0.06600 24
 -90.000   46.000  0.04425 5
 -90.000   47.000  0.03250 4
 -90.000   48.000  0.01218 1
 -90.000   49.000  0.00212 3
 -90.000   50.000 -0.01959 0
 -89.000   25.000  0.00000 0
 -89.000   26.000  0.00000 0
 -89.000   27.000 -0.00050 0
 -89.000   28.000  0.01554 0
 -89.000   29.000  0.01189 0
 -89.000   30.000  0.01744 1
 -89.000   31.000  0.02428 21
 -89.000   32.000  0.03195 31
 -89.000   33.000  0.02044 30
 -89.000   34.000  0.03017 16
 -89.000   35.000  0.03378 27
 -89.000   36.000  0.03768 18
 -89.000   37.000  0.03893 36
 -89.000   38.000  0.04413 89
 -89.000   39.000  0.05132 47
 -89.000   40.000  0.05350 27
 -89.000   41.000  0.05272 21
 -89.000   42.000  0.05280 21
 -89.000   43.000  0.05787 31
 -89.000   44.000  0.05563 29
 -89.000   45.000  0.05737 10
 -89.000   46.000  0.03851 13
 -89.000   47.000  0.03171 9
 -89.000   48.000  0.00912 2
 -89.000   49.000 -0.00239 0
 -89.000   50.000 -0.02497 0
 -88.000   25.000  0.00000 0
 -88.000   26.000  0.00000 0
 -88.000   27.000 -0.00050 0
 -88.000   28.000  0.01755 0
 -88.000   29.000  0.01258 0
 -88.000   30.000  0.01532 0
 -88.000   31.000  0.02299 8
 -88.000   32.000  0.03049 12
 -88.000   33.000  0.01997 39
 -88.000   34.000  0.03207 11
 -88.000   35.000  0.03791 23
 -88.000   36.000  0.04025 50
 -88.000   37.000  0.04313 90
 -88.000   38.000  0.04472 154
 -88.000   39.000  0.05060 36
 -88.000   40.000  0.05120 27
 -88.000   41.000  0.04987 42
 -88.000   42.000  0.04880 30
 -88.000   43.000  0.05639 22
 -88.000   44.000  0.05676 30
 -88.000   45.000  0.05799 20
 -88.000   46.000  0.05205 19
 -88.000   47.000  0.04544 4
 -88.000   48.000  0.02871 0
 -88.000   49.000  0.01918 0
 -88.000   50.000  0.00822 0
 -87.000   25.000  0.00000 0
 -87.000   26.000  0.00000 0
 -87.000   27.000  0.00016 0
 -87.000   28.000  0.01547 0
 -87.000   29.000  0.01078 0
 -87.000   30.000  0.01401 7
 -87.000   31.000  0.02399 12
 -87.000   32.000  0.03030 32
 -87.000   33.000  0.02551 33
 -87.000   34.000  0.03928 64
 -87.000   35.000  0.04550 36
 -87.000   36.000  0.04556 52
 -87.000   37.000  0.04698 137
 -87.000   38.000  0.04299 127
 -87.000   39.000  0.04343 18
 -87.000   40.000  0.03998 54
 -87.000   41.000  0.03531 16
 -87.000   42.000  0.03495 5
 -87.000   43.000  0.04542 2
 -87.000   44.000  0.05091 3
 -87.000   45.000  0.05672 3
 -87.000   46.000  0.06902 25
 -87.000   47.000  0.06148 1
 -87.000   48.000  0.04448 0
 -87.000   49.000  0.03683 0
 -87.000   50.000  0.02945 0
 -86.000   25.000  0.00000 0
 -86.000   26.000  0.00000 0
 -86.000   27.000 -0.00143 0
 -86.000   28.000 -0.00256 0
 -86.000   29.000 -0.00432 0
 -86.000   30.000  0.00131 17
 -86.000   31.000  0.01098 32
 -86.000   32.000  0.01880 14
 -86.000   33.000  0.03219 22
 -86.000   34.000  0.04698 20
 -86.000   35.000  0.05194 22
 -86.000   36.000  0.05309 39
 -86.000   37.000  0.05591 81
 -86.000   38.000  0.05074 58
 -86.000   39.000  0.04511 26
 -86.000   40.000  0.03965 19
 -86.000   41.000  0.03440 28
 -86.000   42.000  0.03253 19
 -86.000   43.000  0.04469 21
 -86.000   44.000  0.05150 23
 -86.000   45.000  0.06140 17
 -86.000   46.000  0.07694 9
 -86.000   47.000  0.07494 0
 -86.000   48.000  0.05568 1
 -86.000   49.000  0.05185 0
 -86.000   50.000  0.04407 0
 -85.000   25.000  0.00000 0
 -85.000   26.000  0.00000 0
 -85.000   27.000 -0.00105 0
 -85.000   28.000 -0.00164 0
 -85.000   29.000 -0.00339 1
 -85.000   30.000  0.00181 21
 -85.000   31.000  0.01269 30
 -85.000   32.000  0.02045 28
 -85.000   33.000  0.03210 33
 -85.000   34.000  0.04735 23
 -85.000   35.000  0.05137 48
 -85.000   36.000  0.05089 44
 -85.000   37.000  0.05473 80
 -85.000   38.000  0.05172 54
 -85.000   39.000  0.04827 40
 -85.000   40.000  0.04626 41
 -85.000   41.000  0.04130 27
 -85.000   42.000  0.03791 23
 -85.000   43.000  0.04632 28
 -85.000   44.000  0.04899 18
 -85.000   45.000  0.05498 32
 -85.000   46.000  0.07066 5
 -85.000   47.000  0.06872 4
 -85.000   48.000  0.05398 1
 -85.000   49.000  0.05159 0
 -85.000   50.000  0.04678 0
 -84.000   25.000  0.00829 0
 -84.000   26.000  0.01066 0
 -84.000   27.000  0.00704 0
 -84.000   28.000  0.00377 0
 -84.000   29.000  0.00167 6
 -84.000   30.000  0.00038 12
 -84.000   31.000  0.00668 83
 -84.000   32.000  0.01440 124
 -84.000   33.000  0.02731 40
 -84.000   34.000  0.04021 51
 -84.000   35.000  0.04885 93
 -84.000   36.000  0.04928 92
 -84.000   37.000  0.05528 48
 -84.000   38.000  0.05487 50
 -84.000   39.000  0.05450 31
 -84.000   40.000  0.05487 37
 -84.000   41.000  0.05108 34
 -84.000   42.000  0.04900 33
 -84.000   43.000  0.04924 26
 -84.000   44.000  0.04952 19
 -84.000   45.000  0.05191 8
 -84.000   46.000  0.06652 23
 -84.000   47.000  0.06370 2
 -84.000   48.000  0.05594 0
 -84.000   49.000  0.05450 1
 -84.000   50.000  0.05026 0
 -83.000   25.000  0.02014 0
 -83.000   26.000  0.02082 0
 -83.000   27.000  0.01537 0
 -83.000   28.000  0.00837 0
 -83.000   29.000  0.00435 17
 -83.000   30.000  0.00085 10
 -83.000   31.000  0.00710 26
 -83.000   32.000  0.01314 34
 -83.000   33.000  0.03065 41
 -83.000   34.000  0.04113 61
 -83.000   35.000  0.04763 37
 -83.000   36.000  0.04524 39
 -83.000   37.000  0.05168 22
 -83.000   38.000  0.05375 15
 -83.000   39.000  0.05375 52
 -83.000   40.000  0.05886 41
 -83.000   41.000  0.05865 34
 -83.000   42.000  0.05434 10
 -83.000   43.000  0.04773 24
 -83.000   44.000  0.04498 17
 -83.000   45.000  0.04386 3
 -83.000   46.000  0.04857 19
 -83.000   47.000  0.04899 4
 -83.000   48.000  0.04646 0
 -83.000   49.000  0.04658 10
 -83.000   50.000  0.03660 3
 -82.000   25.000  0.02630 0
 -82.000   26.000  0.02543 3
 -82.000   27.000  0.01890 3
 -82.000   28.000  0.01271 5
 -82.000   29.000  0.00513 13
 -82.000   30.000 -0.00128 22
 -82.000   31.000  0.00304 78
 -82.000   32.000  0.01115 52
 -82.000   33.000  0.02665 36
 -82.000   34.000  0.03751 27
 -82.000   35.000  0.04684 24
 -82.000   36.000  0.04717 25
 -82.000   37.000  0.05286 16
 -82.000   38.000  0.05758 44
 -82.000   39.000  0.05759 45
 -82.000   40.000  0.06414 57
 -82.000   41.000  0.06289 31
 -82.000   42.000  0.05525 10
 -82.000   43.000  0.04555 2
 -82.000   44.000  0.04064 2
 -82.000   45.000  0.03709 9
 -82.000   46.000  0.02912 12
 -82.000   47.000  0.03171 7
 -82.000   48.000  0.03084 0
 -82.000   49.000  0.02952 25
 -82.000   50.000  0.01506 0
 -81.000   25.000  0.02630 9
 -81.000   26.000  0.02543 20
 -81.000   27.000  0.02049 7
 -81.000   28.000  0.01620 8
 -81.000   29.000  0.00706 5
 -81.000   30.000 -0.00289 1
 -81.000   31.000  0.00368 11
 -81.000   32.000  0.00948 13
 -81.000   33.000  0.02172 20
 -81.000   34.000  0.03365 24
 -81.000   35.000  0.04641 30
 -81.000   36.000  0.04353 31
 -81.000   37.000  0.05082 43
 -81.000   38.000  0.05553 47
 -81.000   39.000  0.05731 66
 -81.000   40.000  0.06331 49
 -81.000   41.000  0.06045 47
 -81.000   42.000  0.05379 11
 -81.000   43.000  0.04373 11
 -81.000   44.000  0.03713 7
 -81.000   45.000  0.03131 1
 -81.000   46.000  0.02591 6
 -81.000   47.000  0.02132 5
 -81.000   48.000  0.02218 0
 -81.000   49.000  0.01920 0
 -81.000   50.000  0.00619 0
 -80.000   25.000  0.02630 0
 -80.000   26.000  0.02543 4
 -80.000   27.000  0.02011 10
 -80.000   28.000  0.01528 0
 -80.000   29.000  0.00742 0
 -80.000   30.000 -0.00267 0
 -80.000   31.000  0.00294 0
 -80.000   32.000  0.00676 6
 -80.000   33.000  0.02033 51
 -80.000   34.000  0.02967 36
 -80.000   35.000  0.04154 45
 -80.000   36.000  0.04069 44
 -80.000   37.000  0.05030 20
 -80.000   38.000  0.05415 43
 -80.000   39.000  0.05443 66
 -80.000   40.000  0.06042 38
 -80.000   41.000  0.05408 66
 -80.000   42.000  0.04951 40
 -80.000   43.000  0.04161 7
 -80.000   44.000  0.03738 10
 -80.000   45.000  0.03098 12
 -80.000   46.000  0.02908 11
 -80.000   47.000  0.02255 6
 -80.000   48.000  0.01957 0
 -80.000   49.000  0.01652 0
 -80.000   50.000  0.00529 0
 -79.000   25.000  0.01801 0
 -79.000   26.000  0.01477 0
 -79.000   27.000  0.01202 0
 -79.000   28.000  0.00649 0
 -79.000   29.000  0.00045 0
 -79.000   30.000 -0.00547 0
 -79.000   31.000  0.00213 0
 -79.000   32.000  0.00406 0
 -79.000   33.000  0.01821 15
 -79.000   34.000  0.02579 22
 -79.000   35.000  0.03397 46
 -79.000   36.000  0.03260 44
 -79.000   37.000  0.04216 26
 -79.000   38.000  0.04420 81
 -79.000   39.000  0.04533 58
 -79.000   40.000  0.04856 39
 -79.000   41.000  0.04636 31
 -79.000   42.000  0.04088 41
 -79.000   43.000  0.03800 32
 -79.000   44.000  0.03239 18
 -79.000   45.000  0.02711 33
 -79.000   46.000  0.02700 21
 -79.000   47.000  0.02080 5
 -79.000   48.000  0.01472 0
 -79.000   49.000  0.01309 0
 -79.000   50.000  0.00824 0
 -78.000   25.000  0.00616 0
 -78.000   26.000  0.00462 0
 -78.000   27.000  0.00369 0
 -78.000   28.000  0.00369 0
 -78.000   29.000  0.00035 0
 -78.000   30.000 -0.00188 0
 -78.000   31.000  0.00485 0
 -78.000   32.000  0.00896 0
 -78.000   33.000  0.01388 12
 -78.000   34.000  0.02110 20
 -78.000   35.000  0.03131 18
 -78.000   36.000  0.03238 28
 -78.000   37.000  0.03747 40
 -78.000   38.000  0.04076 86
 -78.000   39.000  0.04302 30
 -78.000   40.000  0.04131 30
 -78.000   41.000  0.03698 53
 -78.000   42.000  0.03726 35
 -78.000   43.000  0.03964 32
 -78.000   44.000  0.03492 6
 -78.000   45.000  0.03277 16
 -78.000   46.000  0.03425 20
 -78.000   47.000  0.02477 22
 -78.000   48.000  0.01418 15
 -78.000   49.000  0.01176 0
 -78.000   50.000  0.00824 0
 -77.000   25.000  0.00000 0
 -77.000   26.000  0.00000 0
 -77.000   27.000  0.00000 0
 -77.000   28.000  0.00000 0
 -77.000   29.000  0.00000 0
 -77.000   30.000  0.00000 0
 -77.000   31.000  0.00505 0
 -77.000   32.000  0.00787 0
 -77.000   33.000  0.01502 0
 -77.000   34.000  0.01942 0
 -77.000   35.000  0.03127 18
 -77.000   36.000  0.03023 36
 -77.000   37.000  0.03643 23
 -77.000   38.000  0.03758 47
 -77.000   39.000  0.04487 27
 -77.000   40.000  0.03906 33
 -77.000   41.000  0.03973 50
 -77.000   42.000  0.04274 21
 -77.000   43.000  0.04507 41
 -77.000   44.000  0.03841 14
 -77.000   45.000  0.03703 12
 -77.000   46.000  0.03728 28
 -77.000   47.000  0.02525 5
 -77.000   48.000  0.01462 1
 -77.000   49.000  0.01200 0
 -77.000   50.000  0.00824 0
 -76.000   25.000  0.00000 0
 -76.000   26.000  0.00000 0
 -76.000   27.000  0.00000 0
 -76.000   28.000  0.00000 0
 -76.000   29.000  0.00000 0
 -76.000   30.000  0.00000 0
 -76.000   31.000  0.00133 0
 -76.000   32.000  0.00389 0
 -76.000   33.000  0.00996 0
 -76.000   34.000  0.01124 2
 -76.000   35.000  0.02125 7
 -76.000   36.000  0.02201 7
 -76.000   37.000  0.02106 11
 -76.000   38.000  0.02300 19
 -76.000   39.000  0.03177 25
 -76.000   40.000  0.02828 69
 -76.000   41.000  0.03275 63
 -76.000   42.000  0.04216 46
 -76.000   43.000  0.04298 39
 -76.000   44.000  0.04042 32
 -76.000   45.000  0.03725 17
 -76.000   46.000  0.03565 37
 -76.000   47.000  0.02462 8
 -76.000   48.000  0.01578 0
 -76.000   49.000  0.01037 0
 -76.000   50.000  0.00824 0
 -75.000   25.000  0.00000 0
 -75.000   26.000  0.00000 0
 -75.000   27.000  0.00000 0
 -75.000   28.000  0.00000 0
 -75.000   29.000  0.00000 0
 -75.000   30.000  0.00000 0
 -75.000   31.000  0.00000 0
 -75.000   32.000  0.00253 0
 -75.000   33.000  0.00733 0
 -75.000   34.000  0.00764 0
 -75.000   35.000  0.01812 4
 -75.000   36.000  0.01813 0
 -75.000   37.000  0.01351 4
 -75.000   38.000  0.01503 20
 -75.000   39.000  0.02378 21
 -75.000   40.000  0.01778 90
 -75.000   41.000  0.02356 96
 -75.000   42.000  0.03579 23
 -75.000   43.000  0.03968 54
 -75.000   44.000  0.03864 47
 -75.000   45.000  0.03791 43
 -75.000   46.000  0.03598 25
 -75.000   47.000  0.02584 14
 -75.000   48.000  0.01562 0
 -75.000   49.000  0.00951 0
 -75.000   50.000  0.00643 0
 -74.000   25.000  0.00000 0
 -74.000   26.000  0.00000 0
 -74.000   27.000  0.00000 0
 -74.000   28.000  0.00000 0
 -74.000   29.000  0.00000 0
 -74.000   30.000  0.00000 0
 -74.000   31.000  0.00000 0
 -74.000   32.000  0.00253 0
 -74.000   33.000  0.00639 0
 -74.000   34.000  0.00724 0
 -74.000   35.000  0.01779 0
 -74.000   36.000  0.01809 0
 -74.000   37.000  0.01143 0
 -74.000   38.000  0.01380 0
 -74.000   39.000  0.01829 3
 -74.000   40.000  0.01134 68
 -74.000   41.000  0.01493 185
 -74.000   42.000  0.02819 76
 -74.000   43.000  0.03101 104
 -74.000   44.000  0.03393 88
 -74.000   45.000  0.03755 58
 -74.000   46.000  0.03365 32
 -74.000   47.000  0.02453 8
 -74.000   48.000  0.01549 0
 -74.000   49.000  0.00902 0
 -74.000   50.000  0.00000 0
 -73.000   25.000  0.00000 0
 -73.000   26.000  0.00000 0
 -73.000   27.000  0.00000 0
 -73.000   28.000  0.00000 0
 -73.000   29.000  0.00000 0
 -73.000   30.000  0.00000 0
 -73.000   31.000  0.00000 0
 -73.000   32.000  0.00000 0
 -73.000   33.000  0.00351 0
 -73.000   34.000  0.00351 0
 -73.000   35.000  0.01059 0
 -73.000   36.000  0.00935 0
 -73.000   37.000  0.00616 0
 -73.000   38.000  0.00778 0
 -73.000   39.000  0.01467 0
 -73.000   40.000  0.00963 10
 -73.000   41.000  0.01243 34
 -73.000   42.000  0.02083 39
 -73.000   43.000  0.02353 54
 -73.000   44.000  0.02550 49
 -73.000   45.000  0.03159 12
 -73.000   46.000  0.03002 31
 -73.000   47.000  0.02481 7
 -73.000   48.000  0.01698 0
 -73.000   49.000  0.01015 0
 -73.000   50.000  0.00000 0
 -72.000   25.000  0.00000 0
 -72.000   26.000  0.00000 0
 -72.000   27.000  0.00000 0
 -72.000   28.000  0.00000 0
 -72.000   29.000  0.00000 0
 -72.000   30.000  0.00000 0
 -72.000   31.000  0.00000 0
 -72.000   32.000  0.00000 0
 -72.000   33.000  0.00000 0
 -72.000   34.000  0.00000 0
 -72.000   35.000  0.00000 0
 -72.000   36.000  0.00000 0
 -72.000   37.000 -0.00497 0
 -72.000   38.000  0.00063 0
 -72.000   39.000  0.00468 0
 -72.000   40.000  0.00530 3
 -72.000   41.000  0.00539 26
 -72.000   42.000  0.01323 50
 -72.000   43.000  0.01486 55
 -72.000   44.000  0.02078 51
 -72.000   45.000  0.02443 25
 -72.000   46.000  0.02434 17
 -72.000   47.000  0.02147 6
 -72.000   48.000  0.01424 0
 -72.000   49.000  0.00535 0
 -72.000   50.000  0.00000 0
 -71.000   25.000  0.00000 0
 -71.000   26.000  0.00000 0
 -71.000   27.000  0.00000 0
 -71.000   28.000  0.00000 0
 -71.000   29.000  0.00000 0
 -71.000   30.000  0.00000 0
 -71.000   31.000  0.00000 0
 -71.000   32.000  0.00000 0
 -71.000   33.000  0.00000 0
 -71.000   34.000  0.00000 0
 -71.000   35.000  0.00000 0
 -71.000   36.000  0.00000 0
 -71.000   37.000  0.00000 0
 -71.000   38.000  0.00409 0
 -71.000   39.000  0.00733 0
 -71.000   40.000  0.00627 0
 -71.000   41.000  0.00687 40
 -71.000   42.000  0.00762 37
 -71.000   43.000  0.01037 50
 -71.000   44.000  0.01453 63
 -71.000   45.000  0.01948 48
 -71.000   46.000  0.01888 37
 -71.000   47.000  0.01813 11
 -71.000   48.000  0.01129 0
 -71.000   49.000  0.00486 0
 -71.000   50.000  0.00000 0
 -70.000   25.000  0.00000 0
 -70.000   26.000  0.00000 0
 -70.000   27.000  0.00000 0
 -70.000   28.000  0.00000 0
 -70.000   29.000  0.00000 0
 -70.000   30.000  0.00000 0
 -70.000   31.000  0.00000 0
 -70.000   32.000  0.00000 0
 -70.000   33.000  0.00000 0
 -70.000   34.000  0.00000 0
 -70.000   35.000  0.00000 0
 -70.000   36.000  0.00000 0
 -70.000   37.000  0.00000 0
 -70.000   38.000  0.00274 0
 -70.000   39.000  0.00500 0
 -70.000   40.000  0.00446 4
 -70.000   41.000  0.00563 15
 -70.000   42.000  0.00024 5
 -70.000   43.000  0.00153 7
 -70.000   44.000  0.00614 23
 -70.000   45.000  0.00798 39
 -70.000   46.000  0.00681 43
 -70.000   47.000  0.01112 30
 -70.000   48.000  0.00709 0
 -70.000   49.000  0.00028 0
 -70.000   50.000 -0.00179 0
 -69.000   25.000  0.00000 0
 -69.000   26.000  0.00000 0
 -69.000   27.000  0.00000 0
 -69.000   28.000  0.00000 0
 -69.000   29.000  0.00000 0
 -69.000   30.000  0.00000 0
 -69.000   31.000  0.00000 0
 -69.000   32.000  0.00000 0
 -69.000   33.000  0.00000 0
 -69.000   34.000  0.00000 0
 -69.000   35.000  0.00000 0
 -69.000   36.000  0.00000 0
 -69.000   37.000  0.00000 0
 -69.000   38.000  0.00153 0
 -69.000   39.000  0.00438 0
 -69.000   40.000  0.00399 0
 -69.000   41.000  0.00487 0
 -69.000   42.000 -0.00121 0
 -69.000   43.000  0.00026 2
 -69.000   44.000  0.00624 9
 -69.000   45.000  0.00742 51
 -69.000   46.000  0.00654 48
 -69.000   47.000  0.01181 33
 -69.000   48.000  0.00428 0
 -69.000   49.000 -0.00569 0
 -69.000   50.000 -0.00890 0
 -68.000   25.000  0.00000 0
 -68.000   26.000  0.00000 0
 -68.000   27.000  0.00000 0
 -68.000   28.000  0.00000 0
 -68.000   29.000  0.00000 0
 -68.000   30.000  0.00000 0
 -68.000   31.000  0.00000 0
 -68.000   32.000  0.00000 0
 -68.000   33.000  0.00000 0
 -68.000   34.000  0.00000 0
 -68.000   35.000  0.00000 0
 -68.000   36.000  0.00000 0
 -68.000   37.000  0.00000 0
 -68.000   38.000  0.00153 0
 -68.000   39.000  0.00112 0
 -68.000   40.000  0.00097 0
 -68.000   41.000  0.00230 0
 -68.000   42.000 -0.00249 0
 -68.000   43.000  0.00015 0
 -68.000   44.000  0.00675 7
 -68.000   45.000  0.00599 32
 -68.000   46.000  0.00466 71
 -68.000   47.000  0.00864 13
 -68.000   48.000 -0.00005 0
 -68.000   49.000 -0.00780 2
 -68.000   50.000 -0.00890 0
 -67.000   25.000  0.00000 0
 -67.000   26.000  0.00000 0
 -67.000   27.000  0.00000 0
 -67.000   28.000  0.00000 0
 -67.000   29.000  0.00000 0
 -67.000   30.000  0.00000 0
 -67.000   31.000  0.00000 0
 -67.000   32.000  0.00000 0
 -67.000   33.000  0.00000 0
 -67.000   34.000  0.00000 0
 -67.000   35.000  0.00000 0
 -67.000   36.000  0.00000 0
 -67.000   37.000  0.00000 0
 -67.000   38.000  0.00000 0
 -67.000   39.000  0.00000 0
 -67.000   40.000  0.00000 0
 -67.000   41.000  0.00183 0
 -67.000   42.000 -0.00313 0
 -67.000   43.000 -0.00028 0
 -67.000   44.000  0.00275 9
 -67.000   45.000  0.00131 39
 -67.000   46.000 -0.00053 2
 -67.000   47.000  0.00363 0
 -67.000   48.000 -0.00375 0
 -67.000   49.000 -0.00847 39
 -67.000   50.000 -0.00890 4
 -66.000   25.000  0.00000 0
 -66.000   26.000  0.00000 0
 -66.000   27.000  0.00000 0
 -66.000   28.000  0.00000 0
 -66.000   29.000  0.00000 0
 -66.000   30.000  0.00000 0
 -66.000   31.000  0.00000 0
 -66.000   32.000  0.00000 0
 -66.000   33.000  0.00000 0
 -66.000   34.000  0.00000 0
 -66.000   35.000  0.00000 0
 -66.000   36.000  0.00000 0
 -66.000   37.000  0.00000 0
 -66.000   38.000  0.00000 0
 -66.000   39.000  0.00000 0
 -66.000   40.000  0.00000 0
 -66.000   41.000  0.00000 0
 -66.000   42.000 -0.00558 0
 -66.000   43.000 -0.00300 0
 -66.000   44.000  0.00024 0
 -66.000   45.000 -0.00198 2
 -66.000   46.000 -0.00198 0
 -66.000   47.000  0.00258 0
 -66.000   48.000 -0.00566 0
 -66.000   49.000 -0.01111 0
 -66.000   50.000 -0.01112 0
 -65.000   25.000  0.00000 0
 -65.000   26.000  0.00000 0
 -65.000   27.000  0.00000 0
 -65.000   28.000  0.00000 0
 -65.000   29.000  0.00000 0
 -65.000   30.000  0.00000 0
 -65.000   31.000  0.00000 0
 -65.000   32.000  0.00000 0
 -65.000   33.000  0.00000 0
 -65.000   34.000  0.00000 0
 -65.000   35.000  0.00000 0
 -65.000   36.000  0.00000 0
 -65.000   37.000  0.00000 0
 -65.000   38.000  0.00000 0
 -65.000   39.000  0.00000 0
 -65.000   40.000  0.00000 0
 -65.000   41.000  0.00000 0
 -65.000   42.000 -0.00012 0
 -65.000   43.000  0.00308 0
 -65.000   44.000  0.00615 0
 -65.000   45.000  0.00615 0
 -65.000   46.000  0.00615 0
 -65.000   47.000  0.00672 0
 -65.000   48.000 -0.00403 0
 -65.000   49.000 -0.00888 0
 -65.000   50.000 -0.01185 0
