-130.000   25.000  0.00000 0
-130.000   26.000  0.00000 0
-130.000   27.000  0.00000 0
-130.000   28.000  0.00000 0
-130.000   29.000  0.00000 0
-130.000   30.000  0.00000 0
-130.000   31.000  0.00000 0
-130.000   32.000  0.00000 0
-130.000   33.000  0.00000 0
-130.000   34.000  0.00000 0
-130.000   35.000 -0.00674 0
-130.000   36.000 -0.00492 0
-130.000   37.000 -0.00169 0
-130.000   38.000 -0.00069 0
-130.000   39.000  0.00060 0
-130.000   40.000  0.00970 0
-130.000   41.000  0.01234 0
-130.000   42.000  0.02087 0
-130.000   43.000  0.02310 0
-130.000   44.000  0.02371 1
-130.000   45.000  0.01001 0
-130.000   46.000 -0.00585 1
-130.000   47.000 -0.02376 3
-130.000   48.000 -0.03640 7
-130.000   49.000 -0.04786 0
-130.000   50.000 -0.04492 0
-129.000   25.000  0.00000 0
-129.000   26.000  0.00000 0
-129.000   27.000  0.00000 0
-129.000   28.000  0.00000 0
-129.000   29.000  0.00000 0
-129.000   30.000  0.00000 0
-129.000   31.000  0.00000 0
-129.000   32.000  0.00000 0
-129.000   33.000 -0.00397 0
-129.000   34.000 -0.00315 0
-129.000   35.000 -0.00616 0
-129.000   36.000 -0.00316 0
-129.000   37.000  0.00052 0
-129.000   38.000  0.00584 0
-129.000   39.000  0.00511 0
-129.000   40.000  0.01020 0
-129.000   41.000  0.01140 4
-129.000   42.000  0.01350 7
-129.000   43.000  0.01381 5
-129.000   44.000  0.01271 2
-129.000   45.000 -0.00127 10
-129.000   46.000 -0.01811 11
-129.000   47.000 -0.03153 9
-129.000   48.000 -0.04284 18
-129.000   49.000 -0.05227 8
-129.000   50.000 -0.04988 4
-128.000   25.000  0.00000 0
-128.000   26.000  0.00000 0
-128.000   27.000  0.00000 0
-128.000   28.000  0.00000 0
-128.000   29.000  0.00000 0
-128.000   30.000  0.00000 0
-128.000   31.000  0.00000 0
-128.000   32.000  0.00132 0
-128.000   33.000  0.00016 0
-128.000   34.000  0.00152 0
-128.000   35.000 -0.00034 0
-128.000   36.000  0.00384 0
-128.000   37.000  0.00536 3
-128.000   38.000  0.00674 3
-128.000   39.000  0.00615 17
-128.000   40.000  0.00957 38
-128.000   41.000  0.00759 34
-128.000   42.000  0.00801 44
-128.000   43.000  0.00748 33
-128.000   44.000  0.00451 59
-128.000   45.000 -0.00929 52
-128.000   46.000 -0.02370 57
-128.000   47.000 -0.03454 60
-128.000   48.000 -0.04387 30
-128.000   49.000 -0.05210 25
-128.000   50.000 -0.04907 15
-127.000   25.000  0.00000 0
-127.000   26.000  0.00000 0
-127.000   27.000  0.00000 0
-127.000   28.000  0.00000 0
-127.000   29.000  0.00000 0
-127.000   30.000  0.00000 0
-127.000   31.000  0.00079 0
-127.000   32.000  0.00580 0
-127.000   33.000  0.00658 0
-127.000   34.000  0.00874 0
-127.000   35.000  0.00711 5
-127.000   36.000  0.01080 8
-127.000   37.000  0.00935 20
-127.000   38.000  0.00864 36
-127.000   39.000  0.00656 36
-127.000   40.000  0.00937 57
-127.000   41.000  0.00720 64
-127.000   42.000 -0.00184 59
-127.000   43.000 -0.00187 31
-127.000   44.000 -0.00874 75
-127.000   45.000 -0.02158 79
-127.000   46.000 -0.03601 78
-127.000   47.000 -0.03971 46
-127.000   48.000 -0.04687 41
-127.000   49.000 -0.05010 57
-127.000   50.000 -0.04738 11
-126.000   25.000  0.00000 0
-126.000   26.000  0.00000 0
-126.000   27.000  0.00000 0
-126.000   28.000  0.00000 0
-126.000   29.000  0.00000 0
-126.000   30.000  0.00285 0
-126.000   31.000  0.00524 0
-126.000   32.000  0.01170 0
-126.000   33.000  0.01320 0
-126.000   34.000  0.01532 3
-126.000   35.000  0.01242 15
-126.000   36.000  0.01509 16
-126.000   37.000  0.01126 27
-126.000   38.000  0.00869 37
-126.000   39.000  0.00709 52
-126.000   40.000  0.00682 64
-126.000   41.000 -0.00127 32
-126.000   42.000 -0.01152 51
-126.000   43.000 -0.01380 45
-126.000   44.000 -0.02044 66
-126.000   45.000 -0.03033 64
-126.000   46.000 -0.03890 76
-126.000   47.000 -0.04171 51
-126.000   48.000 -0.04467 27
-126.000   49.000 -0.04820 29
-126.000   50.000 -0.04723 16
-125.000   25.000  0.00000 0
-125.000   26.000  0.00000 0
-125.000   27.000  0.00000 0
-125.000   28.000  0.00274 0
-125.000   29.000  0.00248 0
-125.000   30.000  0.00820 0
-125.000   31.000  0.01062 0
-125.000   32.000  0.01688 0
-125.000   33.000  0.01554 3
-125.000   34.000  0.01768 19
-125.000   35.000  0.01489 25
-125.000   36.000  0.01609 20
-125.000   37.000  0.00762 43
-125.000   38.000  0.00391 61
-125.000   39.000 -0.00184 53
-125.000   40.000 -0.00896 34
-125.000   41.000 -0.02021 41
-125.000   42.000 -0.02394 37
-125.000   43.000 -0.02565 30
-125.000   44.000 -0.02651 30
-125.000   45.000 -0.03231 45
-125.000   46.000 -0.03389 37
-125.000   47.000 -0.03533 32
-125.000   48.000 -0.03530 20
-125.000   49.000 -0.03822 21
-125.000   50.000 -0.03430 14
-124.000   25.000  0.00000 0
-124.000   26.000  0.00000 0
-124.000   27.000  0.00000 0
-124.000   28.000  0.00274 0
-124.000   29.000  0.00280 0
-124.000   30.000  0.00847 0
-124.000   31.000  0.01039 3
-124.000   32.000  0.01543 12
-124.000   33.000  0.01733 19
-124.000   34.000  0.02059 23
-124.000   35.000  0.01714 47
-124.000   36.000  0.01822 43
-124.000   37.000  0.00855 69
-124.000   38.000 -0.00058 48
-124.000   39.000 -0.00840 35
-124.000   40.000 -0.01696 33
-124.000   41.000 -0.02901 22
-124.000   42.000 -0.02902 26
-124.000   43.000 -0.02958 28
-124.000   44.000 -0.02855 45
-124.000   45.000 -0.03152 39
-124.000   46.000 -0.02996 36
-124.000   47.000 -0.03293 46
-124.000   48.000 -0.03133 25
-124.000   49.000 -0.03485 9
-124.000   50.000 -0.03095 13
-123.000   25.000  0.00000 0
-123.000   26.000  0.00000 0
-123.000   27.000  0.00000 0
-123.000   28.000  0.00220 0
-123.000   29.000  0.00099 0
-123.000   30.000  0.00594 7
-123.000   31.000  0.00583 9
-123.000   32.000  0.00838 29
-123.000   33.000  0.00830 34
-123.000   34.000  0.01163 27
-123.000   35.000  0.00774 72
-123.000   36.000  0.00830 69
-123.000   37.000 -0.00040 71
-123.000   38.000 -0.00826 36
-123.000   39.000 -0.01776 27
-123.000   40.000 -0.02684 36
-123.000   41.000 -0.03670 32
-123.000   42.000 -0.03560 42
-123.000   43.000 -0.03629 29
-123.000   44.000 -0.03340 50
-123.000   45.000 -0.03458 40
-123.000   46.000 -0.03365 54
-123.000   47.000 -0.03564 49
-123.000   48.000 -0.03274 26
-123.000   49.000 -0.03531 18
-123.000   50.000 -0.03175 20
-122.000   25.000  0.00000 0
-122.000   26.000  0.00000 0
-122.000   27.000  0.00000 0
-122.000   28.000  0.00175 0
-122.000   29.000  0.00152 0
-122.000   30.000  0.00556 0
-122.000   31.000  0.00357 48
-122.000   32.000  0.00081 53
-122.000   33.000  0.00009 94
-122.000   34.000  0.00179 85
-122.000   35.000 -0.00282 100
-122.000   36.000 -0.00096 223
-122.000   37.000 -0.00604 88
-122.000   38.000 -0.01516 57
-122.000   39.000 -0.02462 42
-122.000   40.000 -0.03418 40
-122.000   41.000 -0.04294 43
-122.000   42.000 -0.03882 43
-122.000   43.000 -0.03956 44
-122.000   44.000 -0.03774 79
-122.000   45.000 -0.03615 57
-122.000   46.000 -0.03470 71
-122.000   47.000 -0.03684 42
-122.000   48.000 -0.03489 26
-122.000   49.000 -0.03590 17
-122.000   50.000 -0.03364 18
-121.000   25.000  0.00000 0
-121.000   26.000  0.00000 0
-121.000   27.000  0.00000 0
-121.000   28.000  0.00283 0
-121.000   29.000  0.00387 0
-121.000   30.000  0.00520 34
-121.000   31.000  0.00024 67
-121.000   32.000 -0.00521 121
-121.000   33.000 -0.00692 85
-121.000   34.000 -0.00581 75
-121.000   35.000 -0.00984 158
-121.000   36.000 -0.00684 200
-121.000   37.000 -0.01038 89
-121.000   38.000 -0.02155 54
-121.000   39.000 -0.03301 53
-121.000   40.000 -0.04288 72
-121.000   41.000 -0.04766 62
-121.000   42.000 -0.04306 79
-121.000   43.000 -0.04135 62
-121.000   44.000 -0.03996 70
-121.000   45.000 -0.03863 79
-121.000   46.000 -0.04492 55
-121.000   47.000 -0.04904 46
-121.000   48.000 -0.04602 28
-121.000   49.000 -0.04763 16
-121.000   50.000 -0.04477 20
-120.000   25.000  0.00000 0
-120.000   26.000  0.00000 0
-120.000   27.000  0.00014 0
-120.000   28.000 -0.00097 0
-120.000   29.000  0.00017 0
-120.000   30.000 -0.00110 54
-120.000   31.000 -0.00740 120
-120.000   32.000 -0.01267 75
-120.000   33.000 -0.00987 97
-120.000   34.000 -0.00894 87
-120.000   35.000 -0.00888 202
-120.000   36.000 -0.00527 144
-120.000   37.000 -0.00569 116
-120.000   38.000 -0.01811 157
-120.000   39.000 -0.02717 78
-120.000   40.000 -0.03596 91
-120.000   41.000 -0.03695 113
-120.000   42.000 -0.03781 139
-120.000   43.000 -0.03489 254
-120.000   44.000 -0.03661 104
-120.000   45.000 -0.03563 87
-120.000   46.000 -0.04513 45
-120.000   47.000 -0.04680 50
-120.000   48.000 -0.04531 29
-120.000   49.000 -0.04575 18
-120.000   50.000 -0.04597 14
-119.000   25.000  0.00000 0
-119.000   26.000  0.00000 0
-119.000   27.000 -0.00242 0
-119.000   28.000 -0.00381 0
-119.000   29.000 -0.00237 0
-119.000   30.000 -0.00431 39
-119.000   31.000 -0.01024 109
-119.000   32.000 -0.01191 64
-119.000   33.000 -0.01058 46
-119.000   34.000 -0.01249 81
-119.000   35.000 -0.01432 152
-119.000   36.000 -0.01385 109
-119.000   37.000 -0.01360 107
-119.000   38.000 -0.02300 114
-119.000   39.000 -0.03016 94
-119.000   40.000 -0.03481 98
-119.000   41.000 -0.03444 77
-119.000   42.000 -0.04005 106
-119.000   43.000 -0.03623 99
-119.000   44.000 -0.03797 111
-119.000   45.000 -0.03766 101
-119.000   46.000 -0.04500 71
-119.000   47.000 -0.04235 35
-119.000   48.000 -0.04399 24
-119.000   49.000 -0.04327 18
-119.000   50.000 -0.04418 14
-118.000   25.000  0.00000 0
-118.000   26.000  0.00000 0
-118.000   27.000 -0.00382 0
-118.000   28.000 -0.00513 0
-118.000   29.000 -0.00229 18
-118.000   30.000 -0.00464 45
-118.000   31.000 -0.00884 79
-118.000   32.000 -0.00870 66
-118.000   33.000 -0.00740 59
-118.000   34.000 -0.01066 53
-118.000   35.000 -0.01342 114
-118.000   36.000 -0.01559 95
-118.000   37.000 -0.01497 99
-118.000   38.000 -0.02350 57
-118.000   39.000 -0.03018 46
-118.000   40.000 -0.03341 50
-118.000   41.000 -0.03183 66
-118.000   42.000 -0.03500 74
-118.000   43.000 -0.03037 62
-118.000   44.000 -0.03128 98
-118.000   45.000 -0.03096 89
-118.000   46.000 -0.03670 41
-118.000   47.000 -0.03721 30
-118.000   48.000 -0.03942 18
-118.000   49.000 -0.03925 18
-118.000   50.000 -0.03897 15
-117.000   25.000  0.00000 0
-117.000   26.000  0.00000 0
-117.000   27.000 -0.00535 0
-117.000   28.000 -0.00742 0
-117.000   29.000 -0.00524 37
-117.000   30.000 -0.00544 94
-117.000   31.000 -0.00864 87
-117.000   32.000 -0.00577 89
-117.000   33.000 -0.00530 58
-117.000   34.000 -0.00858 50
-117.000   35.000 -0.01333 73
-117.000   36.000 -0.01647 75
-117.000   37.000 -0.01639 61
-117.000   38.000 -0.02056 52
-117.000   39.000 -0.02747 24
-117.000   40.000 -0.02840 48
-117.000   41.000 -0.02835 57
-117.000   42.000 -0.03260 88
-117.000   43.000 -0.02937 62
-117.000   44.000 -0.02543 80
-117.000   45.000 -0.02607 27
-117.000   46.000 -0.02930 47
-117.000   47.000 -0.03056 37
-117.000   48.000 -0.03426 17
-117.000   49.000 -0.03773 14
-117.000   50.000 -0.03945 10
-116.000   25.000  0.00000 0
-116.000   26.000 -0.00093 0
-116.000   27.000 -0.00442 0
-116.000   28.000 -0.00817 0
-116.000   29.000 -0.01026 17
-116.000   30.000 -0.01184 95
-116.000   31.000 -0.01284 167
-116.000   32.000 -0.01052 80
-116.000   33.000 -0.00983 50
-116.000   34.000 -0.01035 89
-116.000   35.000 -0.01352 81
-116.000   36.000 -0.01731 52
-116.000   37.000 -0.01695 94
-116.000   38.000 -0.01640 69
-116.000   39.000 -0.02155 60
-116.000   40.000 -0.02220 35
-116.000   41.000 -0.02452 48
-116.000   42.000 -0.02953 63
-116.000   43.000 -0.02906 36
-116.000   44.000 -0.02187 69
-116.000   45.000 -0.02016 42
-116.000   46.000 -0.01650 49
-116.000   47.000 -0.01547 14
-116.000   48.000 -0.02031 15
-116.000   49.000 -0.02466 12
-116.000   50.000 -0.02674 16
-115.000   25.000  0.00000 0
-115.000   26.000 -0.00123 0
-115.000   27.000 -0.00200 0
-115.000   28.000 -0.00467 0
-115.000   29.000 -0.00829 56
-115.000   30.000 -0.01000 101
-115.000   31.000 -0.01024 163
-115.000   32.000 -0.00904 71
-115.000   33.000 -0.01000 75
-115.000   34.000 -0.00867 65
-115.000   35.000 -0.01210 68
-115.000   36.000 -0.01386 50
-115.000   37.000 -0.01555 91
-115.000   38.000 -0.01315 67
-115.000   39.000 -0.02059 37
-115.000   40.000 -0.01838 36
-115.000   41.000 -0.02249 82
-115.000   42.000 -0.02473 79
-115.000   43.000 -0.02429 49
-115.000   44.000 -0.01332 35
-115.000   45.000 -0.01546 67
-115.000   46.000 -0.01491 110
-115.000   47.000 -0.01482 28
-115.000   48.000 -0.01899 12
-115.000   49.000 -0.02527 13
-115.000   50.000 -0.02525 11
-114.000   25.000  0.00000 0
-114.000   26.000 -0.00343 0
-114.000   27.000 -0.00140 0
-114.000   28.000 -0.00353 1
-114.000   29.000 -0.01099 72
-114.000   30.000 -0.01336 187
-114.000   31.000 -0.01139 81
-114.000   32.000 -0.01313 68
-114.000   33.000 -0.01327 59
-114.000   34.000 -0.00753 52
-114.000   35.000 -0.00917 58
-114.000   36.000 -0.00780 54
-114.000   37.000 -0.00895 75
-114.000   38.000 -0.00841 54
-114.000   39.000 -0.01619 37
-114.000   40.000 -0.01514 19
-114.000   41.000 -0.02190 92
-114.000   42.000 -0.02125 71
-114.000   43.000 -0.01971 62
-114.000   44.000 -0.00688 34
-114.000   45.000 -0.00839 115
-114.000   46.000 -0.00655 29
-114.000   47.000 -0.00830 22
-114.000   48.000 -0.00954 13
-114.000   49.000 -0.01609 9
-114.000   50.000 -0.01399 5
-113.000   25.000  0.00000 0
-113.000   26.000 -0.00259 0
-113.000   27.000  0.00176 0
-113.000   28.000  0.00057 5
-113.000   29.000 -0.00834 71
-113.000   30.000 -0.01320 65
-113.000   31.000 -0.01118 78
-113.000   32.000 -0.01483 42
-113.000   33.000 -0.01610 36
-113.000   34.000 -0.00920 36
-113.000   35.000 -0.00729 81
-113.000   36.000 -0.00417 38
-113.000   37.000 -0.00469 288
-113.000   38.000 -0.00343 68
-113.000   39.000 -0.01032 30
-113.000   40.000 -0.00971 46
-113.000   41.000 -0.01743 79
-113.000   42.000 -0.02145 52
-113.000   43.000 -0.01764 49
-113.000   44.000 -0.00149 33
-113.000   45.000 -0.00065 48
-113.000   46.000  0.00162 28
-113.000   47.000  0.00355 23
-113.000   48.000  0.00125 12
-113.000   49.000 -0.00750 10
-113.000   50.000 -0.00751 8
-112.000   25.000 -0.00299 0
-112.000   26.000 -0.00458 0
-112.000   27.000  0.00063 0
-112.000   28.000  0.00160 3
-112.000   29.000 -0.00732 42
-112.000   30.000 -0.01064 41
-112.000   31.000 -0.00925 69
-112.000   32.000 -0.01485 32
-112.000   33.000 -0.01830 34
-112.000   34.000 -0.01222 46
-112.000   35.000 -0.00926 33
-112.000   36.000 -0.00610 35
-112.000   37.000 -0.00392 85
-112.000   38.000 -0.00238 47
-112.000   39.000 -0.00536 39
-112.000   40.000 -0.00562 53
-112.000   41.000 -0.01270 69
-112.000   42.000 -0.01795 60
-112.000   43.000 -0.01406 49
-112.000   44.000 -0.00003 37
-112.000   45.000  0.00015 34
-112.000   46.000  0.00197 36
-112.000   47.000  0.00406 34
-112.000   48.000  0.00340 17
-112.000   49.000 -0.00601 19
-112.000   50.000 -0.00429 8
-111.000   25.000 -0.00299 0
-111.000   26.000 -0.00014 0
-111.000   27.000  0.00339 0
-111.000   28.000  0.00440 8
-111.000   29.000 -0.00494 18
-111.000   30.000 -0.00617 37
-111.000   31.000 -0.01038 26
-111.000   32.000 -0.01536 47
-111.000   33.000 -0.01781 13
-111.000   34.000 -0.01018 24
-111.000   35.000 -0.00850 54
-111.000   36.000 -0.00315 45
-111.000   37.000  0.00222 36
-111.000   38.000  0.00179 27
-111.000   39.000 -0.00144 29
-111.000   40.000 -0.00162 54
-111.000   41.000 -0.00619 73
-111.000   42.000 -0.01638 54
-111.000   43.000 -0.01250 57
-111.000   44.000 -0.00040 47
-111.000   45.000 -0.00060 45
-111.000   46.000  0.00115 42
-111.000   47.000  0.00589 18
-111.000   48.000  0.00744 12
-111.000   49.000  0.00034 19
-111.000   50.000  0.00335 13
-110.000   25.000  0.01079 0
-110.000   26.000  0.00756 0
-110.000   27.000  0.00732 1
-110.000   28.000  0.00853 22
-110.000   29.000 -0.00050 4
-110.000   30.000 -0.01061 14
-110.000   31.000 -0.01102 19
-110.000   32.000 -0.01509 30
-110.000   33.000 -0.01843 32
-110.000   34.000 -0.01105 23
-110.000   35.000 -0.00777 30
-110.000   36.000 -0.00616 72
-110.000   37.000  0.00178 45
-110.000   38.000  0.00241 41
-110.000   39.000  0.00241 57
-110.000   40.000  0.00018 68
-110.000   41.000 -0.00241 32
-110.000   42.000 -0.01618 46
-110.000   43.000 -0.01478 63
-110.000   44.000 -0.00832 34
-110.000   45.000 -0.00772 36
-110.000   46.000 -0.00339 46
-110.000   47.000  0.00144 19
-110.000   48.000  0.00369 11
-110.000   49.000 -0.00140 11
-110.000   50.000  0.00144 8
-109.000   25.000  0.01300 0
-109.000   26.000  0.01030 0
-109.000   27.000  0.00613 0
-109.000   28.000  0.00460 3
-109.000   29.000 -0.00191 13
-109.000   30.000 -0.01221 26
-109.000   31.000 -0.01510 51
-109.000   32.000 -0.01668 43
-109.000   33.000 -0.01786 15
-109.000   34.000 -0.01236 25
-109.000   35.000 -0.00940 31
-109.000   36.000 -0.00763 61
-109.000   37.000  0.00106 60
-109.000   38.000  0.00309 55
-109.000   39.000  0.00417 46
-109.000   40.000  0.00100 96
-109.000   41.000  0.00036 58
-109.000   42.000 -0.01273 55
-109.000   43.000 -0.01379 30
-109.000   44.000 -0.01266 37
-109.000   45.000 -0.01250 20
-109.000   46.000 -0.01242 23
-109.000   47.000 -0.00653 18
-109.000   48.000 -0.00519 12
-109.000   49.000 -0.00800 8
-109.000   50.000 -0.00640 12
-108.000   25.000  0.01320 0
-108.000   26.000  0.00743 0
-108.000   27.000  0.00115 2
-108.000   28.000 -0.00138 12
-108.000   29.000 -0.00506 18
-108.000   30.000 -0.01198 26
-108.000   31.000 -0.01250 70
-108.000   32.000 -0.01298 29
-108.000   33.000 -0.01312 38
-108.000   34.000 -0.01034 51
-108.000   35.000 -0.01091 63
-108.000   36.000 -0.00916 56
-108.000   37.000  0.00143 46
-108.000   38.000  0.00378 33
-108.000   39.000  0.00519 63
-108.000   40.000  0.00199 96
-108.000   41.000  0.00039 66
-108.000   42.000 -0.01027 32
-108.000   43.000 -0.01274 27
-108.000   44.000 -0.01475 25
-108.000   45.000 -0.01689 21
-108.000   46.000 -0.01620 30
-108.000   47.000 -0.01153 29
-108.000   48.000 -0.01065 13
-108.000   49.000 -0.01144 18
-108.000   50.000 -0.00707 24
-107.000   25.000  0.02354 0
-107.000   26.000  0.01043 0
-107.000   27.000  0.00235 30
-107.000   28.000  0.00197 17
-107.000   29.000 -0.00554 34
-107.000   30.000 -0.01590 22
-107.000   31.000 -0.01277 42
-107.000   32.000 -0.01225 46
-107.000   33.000 -0.01355 23
-107.000   34.000 -0.00943 50
-107.000   35.000 -0.00860 56
-107.000   36.000 -0.00635 60
-107.000   37.000  0.00318 59
-107.000   38.000  0.00345 34
-107.000   39.000  0.00190 78
-107.000   40.000 -0.00333 55
-107.000   41.000 -0.00549 50
-107.000   42.000 -0.01625 41
-107.000   43.000 -0.01637 39
-107.000   44.000 -0.01857 39
-107.000   45.000 -0.01787 31
-107.000   46.000 -0.01867 29
-107.000   47.000 -0.00973 23
-107.000   48.000 -0.01209 18
-107.000   49.000 -0.01034 19
-107.000   50.000 -0.00837 11
-106.000   25.000  0.02324 0
-106.000   26.000  0.00505 0
-106.000   27.000 -0.00448 5
-106.000   28.000 -0.00492 15
-106.000   29.000 -0.00819 35
-106.000   30.000 -0.02020 31
-106.000   31.000 -0.01141 62
-106.000   32.000 -0.00840 54
-106.000   33.000 -0.01005 54
-106.000   34.000 -0.01218 47
-106.000   35.000 -0.01084 59
-106.000   36.000 -0.01038 80
-106.000   37.000 -0.00286 57
-106.000   38.000 -0.00168 28
-106.000   39.000 -0.00288 29
-106.000   40.000 -0.00636 38
-106.000   41.000 -0.00918 98
-106.000   42.000 -0.01782 64
-106.000   43.000 -0.01849 33
-106.000   44.000 -0.02122 39
-106.000   45.000 -0.02125 31
-106.000   46.000 -0.02109 26
-106.000   47.000 -0.01345 25
-106.000   48.000 -0.01426 26
-106.000   49.000 -0.01133 13
-106.000   50.000 -0.00916 18
-105.000   25.000  0.02234 0
-105.000   26.000  0.00435 16
-105.000   27.000 -0.00727 1
-105.000   28.000 -0.00623 8
-105.000   29.000 -0.01480 17
-105.000   30.000 -0.02073 54
-105.000   31.000 -0.01560 19
-105.000   32.000 -0.01138 31
-105.000   33.000 -0.01282 44
-105.000   34.000 -0.01677 59
-105.000   35.000 -0.01795 42
-105.000   36.000 -0.01394 38
-105.000   37.000 -0.00723 41
-105.000   38.000 -0.00795 37
-105.000   39.000 -0.00784 33
-105.000   40.000 -0.00925 60
-105.000   41.000 -0.01358 137
-105.000   42.000 -0.01895 53
-105.000   43.000 -0.01939 32
-105.000   44.000 -0.02017 31
-105.000   45.000 -0.01886 30
-105.000   46.000 -0.01789 34
-105.000   47.000 -0.01156 23
-105.000   48.000 -0.01179 16
-105.000   49.000 -0.00958 15
-105.000   50.000 -0.00936 17
-104.000   25.000  0.02357 5
-104.000   26.000  0.00460 8
-104.000   27.000 -0.00641 10
-104.000   28.000 -0.00538 17
-104.000   29.000 -0.01228 30
-104.000   30.000 -0.01703 38
-104.000   31.000 -0.01176 26
-104.000   32.000 -0.00762 21
-104.000   33.000 -0.01178 22
-104.000   34.000 -0.01650 42
-104.000   35.000 -0.02051 37
-104.000   36.000 -0.01628 57
-104.000   37.000 -0.01093 56
-104.000   38.000 -0.01106 49
-104.000   39.000 -0.01050 44
-104.000   40.000 -0.01098 48
-104.000   41.000 -0.01456 58
-104.000   42.000 -0.01879 56
-104.000   43.000 -0.01944 32
-104.000   44.000 -0.01956 36
-104.000   45.000 -0.01705 32
-104.000   46.000 -0.01609 26
-104.000   47.000 -0.01380 18
-104.000   48.000 -0.01446 14
-104.000   49.000 -0.01355 18
-104.000   50.000 -0.01506 26
-103.000   25.000  0.04215 0
-103.000   26.000  0.01347 5
-103.000   27.000  0.00128 13
-103.000   28.000 -0.00414 26
-103.000   29.000 -0.01207 53
-103.000   30.000 -0.01887 61
-103.000   31.000 -0.00976 28
-103.000   32.000 -0.00642 30
-103.000   33.000 -0.01152 35
-103.000   34.000 -0.01812 42
-103.000   35.000 -0.02170 35
-103.000   36.000 -0.01868 37
-103.000   37.000 -0.01370 39
-103.000   38.000 -0.01531 44
-103.000   39.000 -0.01477 26
-103.000   40.000 -0.01299 46
-103.000   41.000 -0.01572 64
-103.000   42.000 -0.02099 48
-103.000   43.000 -0.02339 30
-103.000   44.000 -0.02380 44
-103.000   45.000 -0.02155 23
-103.000   46.000 -0.02112 28
-103.000   47.000 -0.01937 28
-103.000   48.000 -0.01894 16
-103.000   49.000 -0.01801 5
-103.000   50.000 -0.02240 18
-102.000   25.000  0.05015 9
-102.000   26.000  0.02294 5
-102.000   27.000  0.00956 19
-102.000   28.000 -0.00141 42
-102.000   29.000 -0.00167 44
-102.000   30.000 -0.01606 107
-102.000   31.000 -0.01135 60
-102.000   32.000 -0.01035 59
-102.000   33.000 -0.01515 77
-102.000   34.000 -0.02241 49
-102.000   35.000 -0.02949 62
-102.000   36.000 -0.02483 33
-102.000   37.000 -0.01877 65
-102.000   38.000 -0.01997 47
-102.000   39.000 -0.01861 45
-102.000   40.000 -0.01165 49
-102.000   41.000 -0.01263 55
-102.000   42.000 -0.01606 39
-102.000   43.000 -0.01941 36
-102.000   44.000 -0.01765 41
-102.000   45.000 -0.01956 30
-102.000   46.000 -0.01960 25
-102.000   47.000 -0.02426 22
-102.000   48.000 -0.02208 23
-102.000   49.000 -0.02444 14
-102.000   50.000 -0.02797 22
-101.000   25.000  0.04542 3
-101.000   26.000  0.02102 6
-101.000   27.000  0.01020 35
-101.000   28.000 -0.00336 47
-101.000   29.000 -0.00531 66
-101.000   30.000 -0.01608 57
-101.000   31.000 -0.01221 34
-101.000   32.000 -0.01638 55
-101.000   33.000 -0.02268 44
-101.000   34.000 -0.02624 56
-101.000   35.000 -0.03342 51
-101.000   36.000 -0.02863 45
-101.000   37.000 -0.02116 65
-101.000   38.000 -0.02017 41
-101.000   39.000 -0.01848 39
-101.000   40.000 -0.01209 44
-101.000   41.000 -0.01163 36
-101.000   42.000 -0.01040 53
-101.000   43.000 -0.01338 43
-101.000   44.000 -0.01052 56
-101.000   45.000 -0.01155 22
-101.000   46.000 -0.01502 33
-101.000   47.000 -0.02245 16
-101.000   48.000 -0.02429 12
-101.000   49.000 -0.02877 5
-101.000   50.000 -0.03535 19
-100.000   25.000  0.04267 6
-100.000   26.000  0.02182 6
-100.000   27.000  0.01274 3
-100.000   28.000 -0.00456 24
-100.000   29.000 -0.00385 37
-100.000   30.000 -0.01335 46
-100.000   31.000 -0.00978 48
-100.000   32.000 -0.01666 41
-100.000   33.000 -0.02257 51
-100.000   34.000 -0.02523 45
-100.000   35.000 -0.03156 49
-100.000   36.000 -0.02710 53
-100.000   37.000 -0.01778 42
-100.000   38.000 -0.01712 59
-100.000   39.000 -0.01780 56
-100.000   40.000 -0.01107 47
-100.000   41.000 -0.00888 42
-100.000   42.000 -0.00905 42
-100.000   43.000 -0.00932 34
-100.000   44.000 -0.00537 59
-100.000   45.000 -0.00645 41
-100.000   46.000 -0.01328 19
-100.000   47.000 -0.01895 15
-100.000   48.000 -0.02227 27
-100.000   49.000 -0.02625 8
-100.000   50.000 -0.03222 16
 -99.000   25.000  0.04261 7
 -99.000   26.000  0.02445 13
 -99.000   27.000  0.01515 14
 -99.000   28.000 -0.00386 26
 -99.000   29.000 -0.00236 11
 -99.000   30.000 -0.01159 33
 -99.000   31.000 -0.00982 32
 -99.000   32.000 -0.01860 54
 -99.000   33.000 -0.02286 48
 -99.000   34.000 -0.02885 61
 -99.000   35.000 -0.03130 37
 -99.000   36.000 -0.02821 36
 -99.000   37.000 -0.01579 39
 -99.000   38.000 -0.01756 61
 -99.000   39.000 -0.01795 59
 -99.000   40.000 -0.01180 57
 -99.000   41.000 -0.00675 43
 -99.000   42.000 -0.00759 24
 -99.000   43.000 -0.00586 36
 -99.000   44.000 -0.00010 45
 -99.000   45.000 -0.00132 46
 -99.000   46.000 -0.00861 29
 -99.000   47.000 -0.01576 17
 -99.000   48.000 -0.02040 20
 -99.000   49.000 -0.02515 13
 -99.000   50.000 -0.03106 10
 -98.000   25.000  0.01222 2
 -98.000   26.000  0.00975 14
 -98.000   27.000  0.00370 11
 -98.000   28.000 -0.00223 19
 -98.000   29.000  0.00330 14
 -98.000   30.000 -0.00775 32
 -98.000   31.000 -0.01377 18
 -98.000   32.000 -0.02040 46
 -98.000   33.000 -0.02412 49
 -98.000   34.000 -0.03022 61
 -98.000   35.000 -0.02941 53
 -98.000   36.000 -0.02645 48
 -98.000   37.000 -0.01856 50
 -98.000   38.000 -0.01868 48
 -98.000   39.000 -0.01924 49
 -98.000   40.000 -0.01421 54
 -98.000   41.000 -0.00649 42
 -98.000   42.000 -0.00527 38
 -98.000   43.000 -0.00151 41
 -98.000   44.000  0.00402 45
 -98.000   45.000  0.00233 45
 -98.000   46.000 -0.00729 20
 -98.000   47.000 -0.01453 18
 -98.000   48.000 -0.02135 23
 -98.000   49.000 -0.02664 14
 -98.000   50.000 -0.03207 11
 -97.000   25.000 -0.00018 3
 -97.000   26.000 -0.00289 12
 -97.000   27.000 -0.00545 11
 -97.000   28.000 -0.01253 15
 -97.000   29.000 -0.00975 16
 -97.000   30.000 -0.01177 34
 -97.000   31.000 -0.01507 27
 -97.000   32.000 -0.01925 39
 -97.000   33.000 -0.01976 58
 -97.000   34.000 -0.02675 57
 -97.000   35.000 -0.02438 41
 -97.000   36.000 -0.02181 39
 -97.000   37.000 -0.01700 63
 -97.000   38.000 -0.01634 44
 -97.000   39.000 -0.01517 44
 -97.000   40.000 -0.01201 34
 -97.000   41.000 -0.00459 54
 -97.000   42.000 -0.00132 41
 -97.000   43.000  0.00282 48
 -97.000   44.000  0.00060 49
 -97.000   45.000 -0.00250 48
 -97.000   46.000 -0.01386 28
 -97.000   47.000 -0.02087 19
 -97.000   48.000 -0.02997 23
 -97.000   49.000 -0.03076 16
 -97.000   50.000 -0.03469 16
 -96.000   25.000  0.00676 1
 -96.000   26.000 -0.00009 6
 -96.000   27.000 -0.00222 14
 -96.000   28.000 -0.00317 34
 -96.000   29.000 -0.00339 14
 -96.000   30.000 -0.00636 29
 -96.000   31.000 -0.01309 16
 -96.000   32.000 -0.01441 28
 -96.000   33.000 -0.01799 34
 -96.000   34.000 -0.02668 38
 -96.000   35.000 -0.02743 43
 -96.000   36.000 -0.02216 24
 -96.000   37.000 -0.02004 77
 -96.000   38.000 -0.01955 36
 -96.000   39.000 -0.01638 41
 -96.000   40.000 -0.01381 37
 -96.000   41.000 -0.00485 42
 -96.000   42.000 -0.00367 49
 -96.000   43.000 -0.00011 38
 -96.000   44.000 -0.00420 35
 -96.000   45.000 -0.00822 31
 -96.000   46.000 -0.02351 31
 -96.000   47.000 -0.03166 25
 -96.000   48.000 -0.03842 29
 -96.000   49.000 -0.04006 23
 -96.000   50.000 -0.04199 21
 -95.000   25.000 -0.01171 3
 -95.000   26.000 -0.01088 6
 -95.000   27.000 -0.01057 6
 -95.000   28.000 -0.00207 6
 -95.000   29.000 -0.00131 7
 -95.000   30.000 -0.00623 21
 -95.000   31.000 -0.01750 30
 -95.000   32.000 -0.01761 16
 -95.000   33.000 -0.02088 36
 -95.000   34.000 -0.03063 20
 -95.000   35.000 -0.03105 42
 -95.000   36.000 -0.02521 17
 -95.000   37.000 -0.02535 50
 -95.000   38.000 -0.02320 41
 -95.000   39.000 -0.01601 39
 -95.000   40.000 -0.01467 33
 -95.000   41.000 -0.00597 38
 -95.000   42.000 -0.00461 51
 -95.000   43.000 -0.00297 35
 -95.000   44.000 -0.01187 15
 -95.000   45.000 -0.01842 17
 -95.000   46.000 -0.03094 12
 -95.000   47.000 -0.03953 22
 -95.000   48.000 -0.04910 14
 -95.000   49.000 -0.04950 28
 -95.000   50.000 -0.04837 22
 -94.000   25.000 -0.01539 1
 -94.000   26.000 -0.01556 5
 -94.000   27.000 -0.01171 18
 -94.000   28.000 -0.00279 14
 -94.000   29.000 -0.00353 9
 -94.000   30.000 -0.00997 23
 -94.000   31.000 -0.01945 22
 -94.000   32.000 -0.01989 39
 -94.000   33.000 -0.01985 17
 -94.000   34.000 -0.02713 28
 -94.000   35.000 -0.02854 44
 -94.000   36.000 -0.02293 22
 -94.000   37.000 -0.02729 35
 -94.000   38.000 -0.02448 15
 -94.000   39.000 -0.01711 37
 -94.000   40.000 -0.01351 41
 -94.000   41.000 -0.00692 35
 -94.000   42.000 -0.00429 30
 -94.000   43.000 -0.00331 40
 -94.000   44.000 -0.01274 30
 -94.000   45.000 -0.02060 23
 -94.000   46.000 -0.03239 19
 -94.000   47.000 -0.04007 13
 -94.000   48.000 -0.04948 11
 -94.000   49.000 -0.05078 6
 -94.000   50.000 -0.05084 14
 -93.000   25.000 -0.00679 1
 -93.000   26.000 -0.01294 2
 -93.000   27.000 -0.00948 9
 -93.000   28.000 -0.00791 11
 -93.000   29.000 -0.01192 14
 -93.000   30.000 -0.01117 23
 -93.000   31.000 -0.01953 14
 -93.000   32.000 -0.02189 20
 -93.000   33.000 -0.02133 27
 -93.000   34.000 -0.02702 52
 -93.000   35.000 -0.03462 29
 -93.000   36.000 -0.02509 19
 -93.000   37.000 -0.02728 33
 -93.000   38.000 -0.02434 21
 -93.000   39.000 -0.01566 27
 -93.000   40.000 -0.01047 32
 -93.000   41.000 -0.00542 31
 -93.000   42.000 -0.00312 15
 -93.000   43.000 -0.00239 25
 -93.000   44.000 -0.01415 23
 -93.000   45.000 -0.02103 34
 -93.000   46.000 -0.03410 12
 -93.000   47.000 -0.04261 11
 -93.000   48.000 -0.04986 14
 -93.000   49.000 -0.04909 14
 -93.000   50.000 -0.05125 7
 -92.000   25.000 -0.00692 0
 -92.000   26.000 -0.01656 4
 -92.000   27.000 -0.01320 11
 -92.000   28.000 -0.00968 7
 -92.000   29.000 -0.01248 9
 -92.000   30.000 -0.01319 10
 -92.000   31.000 -0.01703 19
 -92.000   32.000 -0.01976 11
 -92.000   33.000 -0.01950 37
 -92.000   34.000 -0.02852 26
 -92.000   35.000 -0.03506 41
 -92.000   36.000 -0.02740 35
 -92.000   37.000 -0.02803 47
 -92.000   38.000 -0.02470 27
 -92.000   39.000 -0.01685 24
 -92.000   40.000 -0.01247 56
 -92.000   41.000 -0.00730 51
 -92.000   42.000 -0.00728 39
 -92.000   43.000 -0.00844 26
 -92.000   44.000 -0.01306 15
 -92.000   45.000 -0.01723 22
 -92.000   46.000 -0.02793 23
 -92.000   47.000 -0.03529 7
 -92.000   48.000 -0.03921 8
 -92.000   49.000 -0.04273 16
 -92.000   50.000 -0.04587 12
 -91.000   25.000 -0.01201 0
 -91.000   26.000 -0.02531 0
 -91.000   27.000 -0.01839 4
 -91.000   28.000 -0.01923 7
 -91.000   29.000 -0.01658 7
 -91.000   30.000 -0.02082 7
 -91.000   31.000 -0.01741 12
 -91.000   32.000 -0.02313 20
 -91.000   33.000 -0.01757 18
 -91.000   34.000 -0.02546 32
 -91.000   35.000 -0.02725 49
 -91.000   36.000 -0.02152 38
 -91.000   37.000 -0.02027 38
 -91.000   38.000 -0.01913 36
 -91.000   39.000 -0.01309 40
 -91.000   40.000 -0.00815 42
 -91.000   41.000 -0.00455 70
 -91.000   42.000 -0.00576 30
 -91.000   43.000 -0.00624 33
 -91.000   44.000 -0.00931 22
 -91.000   45.000 -0.01550 25
 -91.000   46.000 -0.02115 11
 -91.000   47.000 -0.02793 17
 -91.000   48.000 -0.03433 15
 -91.000   49.000 -0.03841 7
 -91.000   50.000 -0.04194 1
 -90.000   25.000  0.00279 0
 -90.000   26.000 -0.02028 1
 -90.000   27.000 -0.01700 1
 -90.000   28.000 -0.02670 5
 -90.000   29.000 -0.02822 5
 -90.000   30.000 -0.02953 9
 -90.000   31.000 -0.01847 4
 -90.000   32.000 -0.02227 14
 -90.000   33.000 -0.01394 20
 -90.000   34.000 -0.01937 24
 -90.000   35.000 -0.01939 40
 -90.000   36.000 -0.01572 50
 -90.000   37.000 -0.01297 40
 -90.000   38.000 -0.01413 36
 -90.000   39.000 -0.01225 42
 -90.000   40.000 -0.00878 102
 -90.000   41.000 -0.00672 40
 -90.000   42.000 -0.00681 33
 -90.000   43.000 -0.00595 46
 -90.000   44.000 -0.00730 34
 -90.000   45.000 -0.00921 7
 -90.000   46.000 -0.01355 6
 -90.000   47.000 -0.02143 11
 -90.000   48.000 -0.02528 6
 -90.000   49.000 -0.02643 15
 -90.000   50.000 -0.03460 1
 -89.000   25.000  0.00323 0
 -89.000   26.000 -0.02173 2
 -89.000   27.000 -0.02031 2
 -89.000   28.000 -0.02850 5
 -89.000   29.000 -0.03398 4
 -89.000   30.000 -0.02898 6
 -89.000   31.000 -0.01566 13
 -89.000   32.000 -0.01767 7
 -89.000   33.000 -0.01038 23
 -89.000   34.000 -0.01596 46
 -89.000   35.000 -0.01971 46
 -89.000   36.000 -0.01558 36
 -89.000   37.000 -0.01183 56
 -89.000   38.000 -0.01430 41
 -89.000   39.000 -0.01289 68
 -89.000   40.000 -0.00924 74
 -89.000   41.000 -0.00900 38
 -89.000   42.000 -0.00945 20
 -89.000   43.000 -0.00747 13
 -89.000   44.000 -0.00767 24
 -89.000   45.000 -0.01139 5
 -89.000   46.000 -0.01339 18
 -89.000   47.000 -0.01921 14
 -89.000   48.000 -0.02420 13
 -89.000   49.000 -0.02516 9
 -89.000   50.000 -0.02910 2
 -88.000   25.000 -0.00671 0
 -88.000   26.000 -0.02632 1
 -88.000   27.000 -0.02662 1
 -88.000   28.000 -0.03524 6
 -88.000   29.000 -0.04240 11
 -88.000   30.000 -0.03366 15
 -88.000   31.000 -0.01973 14
 -88.000   32.000 -0.01902 18
 -88.000   33.000 -0.01065 26
 -88.000   34.000 -0.01338 45
 -88.000   35.000 -0.01482 44
 -88.000   36.000 -0.01405 26
 -88.000   37.000 -0.00918 29
 -88.000   38.000 -0.01280 31
 -88.000   39.000 -0.01248 54
 -88.000   40.000 -0.01032 63
 -88.000   41.000 -0.01122 28
 -88.000   42.000 -0.01393 39
 -88.000   43.000 -0.01386 30
 -88.000   44.000 -0.01344 14
 -88.000   45.000 -0.01787 11
 -88.000   46.000 -0.01598 11
 -88.000   47.000 -0.02019 7
 -88.000   48.000 -0.02267 16
 -88.000   49.000 -0.02345 4
 -88.000   50.000 -0.02419 9
 -87.000   25.000 -0.03645 0
 -87.000   26.000 -0.04283 3
 -87.000   27.000 -0.04413 6
 -87.000   28.000 -0.05456 6
 -87.000   29.000 -0.05466 7
 -87.000   30.000 -0.03762 19
 -87.000   31.000 -0.03022 14
 -87.000   32.000 -0.02546 20
 -87.000   33.000 -0.01430 34
 -87.000   34.000 -0.01437 53
 -87.000   35.000 -0.01395 28
 -87.000   36.000 -0.00841 32
 -87.000   37.000 -0.00328 40
 -87.000   38.000 -0.01040 49
 -87.000   39.000 -0.00967 65
 -87.000   40.000 -0.00848 42
 -87.000   41.000 -0.01245 48
 -87.000   42.000 -0.01561 37
 -87.000   43.000 -0.01207 39
 -87.000   44.000 -0.01494 24
 -87.000   45.000 -0.01924 11
 -87.000   46.000 -0.01717 15
 -87.000   47.000 -0.02120 19
 -87.000   48.000 -0.02661 6
 -87.000   49.000 -0.02589 21
 -87.000   50.000 -0.02799 3
 -86.000   25.000 -0.05421 0
 -86.000   26.000 -0.04899 3
 -86.000   27.000 -0.05218 5
 -86.000   28.000 -0.05767 12
 -86.000   29.000 -0.05790 8
 -86.000   30.000 -0.03275 10
 -86.000   31.000 -0.02941 11
 -86.000   32.000 -0.02105 34
 -86.000   33.000 -0.01142 42
 -86.000   34.000 -0.01241 106
 -86.000   35.000 -0.01442 55
 -86.000   36.000 -0.01042 58
 -86.000   37.000 -0.00638 37
 -86.000   38.000 -0.01367 58
 -86.000   39.000 -0.01146 50
 -86.000   40.000 -0.01031 45
 -86.000   41.000 -0.01396 23
 -86.000   42.000 -0.01546 37
 -86.000   43.000 -0.01095 29
 -86.000   44.000 -0.02026 18
 -86.000   45.000 -0.01962 15
 -86.000   46.000 -0.02044 10
 -86.000   47.000 -0.02452 9
 -86.000   48.000 -0.02736 4
 -86.000   49.000 -0.01918 5
 -86.000   50.000 -0.02553 2
 -85.000   25.000 -0.06997 0
 -85.000   26.000 -0.05977 6
 -85.000   27.000 -0.05714 4
 -85.000   28.000 -0.06242 14
 -85.000   29.000 -0.05573 14
 -85.000   30.000 -0.02294 12
 -85.000   31.000 -0.02294 18
 -85.000   32.000 -0.01958 27
 -85.000   33.000 -0.01171 43
 -85.000   34.000 -0.01797 57
 -85.000   35.000 -0.02334 60
 -85.000   36.000 -0.01780 54
 -85.000   37.000 -0.01233 45
 -85.000   38.000 -0.01743 38
 -85.000   39.000 -0.01445 34
 -85.000   40.000 -0.01079 36
 -85.000   41.000 -0.01290 27
 -85.000   42.000 -0.01516 49
 -85.000   43.000 -0.00858 25
 -85.000   44.000 -0.01574 19
 -85.000   45.000 -0.01711 13
 -85.000   46.000 -0.02309 11
 -85.000   47.000 -0.02771 2
 -85.000   48.000 -0.03529 2
 -85.000   49.000 -0.03246 3
 -85.000   50.000 -0.04013 6
 -84.000   25.000 -0.03471 1
 -84.000   26.000 -0.04024 12
 -84.000   27.000 -0.03749 8
 -84.000   28.000 -0.04436 16
 -84.000   29.000 -0.05112 17
 -84.000   30.000 -0.02401 24
 -84.000   31.000 -0.01908 35
 -84.000   32.000 -0.01728 35
 -84.000   33.000 -0.01209 52
 -84.000   34.000 -0.01927 49
 -84.000   35.000 -0.02598 38
 -84.000   36.000 -0.02230 39
 -84.000   37.000 -0.02094 45
 -84.000   38.000 -0.02240 41
 -84.000   39.000 -0.01729 34
 -84.000   40.000 -0.01348 37
 -84.000   41.000 -0.01208 46
 -84.000   42.000 -0.01254 49
 -84.000   43.000 -0.00859 21
 -84.000   44.000 -0.01649 25
 -84.000   45.000 -0.01604 9
 -84.000   46.000 -0.02402 6
 -84.000   47.000 -0.03174 3
 -84.000   48.000 -0.03904 2
 -84.000   49.000 -0.03717 4
 -84.000   50.000 -0.04899 1
 -83.000   25.000 -0.01085 2
 -83.000   26.000 -0.02732 8
 -83.000   27.000 -0.01532 6
 -83.000   28.000 -0.02066 17
 -83.000   29.000 -0.03385 22
 -83.000   30.000 -0.01001 38
 -83.000   31.000 -0.00175 26
 -83.000   32.000 -0.00957 27
 -83.000   33.000 -0.00494 24
 -83.000   34.000 -0.01717 36
 -83.000   35.000 -0.02702 37
 -83.000   36.000 -0.02405 55
 -83.000   37.000 -0.02366 43
 -83.000   38.000 -0.02484 45
 -83.000   39.000 -0.02010 30
 -83.000   40.000 -0.01638 32
 -83.000   41.000 -0.01286 33
 -83.000   42.000 -0.01209 33
 -83.000   43.000 -0.00704 38
 -83.000   44.000 -0.01236 22
 -83.000   45.000 -0.01076 5
 -83.000   46.000 -0.01972 6
 -83.000   47.000 -0.02825 2
 -83.000   48.000 -0.03309 4
 -83.000   49.000 -0.03101 4
 -83.000   50.000 -0.04257 2
 -82.000   25.000  0.01607 4
 -82.000   26.000  0.00048 6
 -82.000   27.000  0.01295 8
 -82.000   28.000  0.00842 13
 -82.000   29.000 -0.01527 21
 -82.000   30.000  0.00157 15
 -82.000   31.000  0.00732 9
 -82.000   32.000 -0.00479 9
 -82.000   33.000 -0.00220 14
 -82.000   34.000 -0.01170 7
 -82.000   35.000 -0.02429 40
 -82.000   36.000 -0.02917 41
 -82.000   37.000 -0.03055 38
 -82.000   38.000 -0.02914 49
 -82.000   39.000 -0.02656 57
 -82.000   40.000 -0.02399 31
 -82.000   41.000 -0.01754 34
 -82.000   42.000 -0.01783 28
 -82.000   43.000 -0.01486 28
 -82.000   44.000 -0.01683 46
 -82.000   45.000 -0.01547 22
 -82.000   46.000 -0.02099 20
 -82.000   47.000 -0.02606 20
 -82.000   48.000 -0.03176 8
 -82.000   49.000 -0.03085 4
 -82.000   50.000 -0.03773 2
 -81.000   25.000  0.02729 1
 -81.000   26.000  0.01922 3
 -81.000   27.000  0.02526 2
 -81.000   28.000  0.01641 5
 -81.000   29.000 -0.01087 5
 -81.000   30.000  0.00399 14
 -81.000   31.000  0.00227 14
 -81.000   32.000 -0.00943 20
 -81.000   33.000 -0.00771 13
 -81.000   34.000 -0.01468 18
 -81.000   35.000 -0.02739 26
 -81.000   36.000 -0.03176 35
 -81.000   37.000 -0.03137 42
 -81.000   38.000 -0.02884 46
 -81.000   39.000 -0.02944 37
 -81.000   40.000 -0.02722 32
 -81.000   41.000 -0.02273 54
 -81.000   42.000 -0.02496 37
 -81.000   43.000 -0.02312 31
 -81.000   44.000 -0.01894 20
 -81.000   45.000 -0.01786 27
 -81.000   46.000 -0.01944 14
 -81.000   47.000 -0.02039 19
 -81.000   48.000 -0.02672 9
 -81.000   49.000 -0.03051 8
 -81.000   50.000 -0.03278 3
 -80.000   25.000  0.03659 0
 -80.000   26.000  0.02702 0
 -80.000   27.000  0.03067 0
 -80.000   28.000  0.02205 4
 -80.000   29.000 -0.00861 3
 -80.000   30.000 -0.00285 5
 -80.000   31.000 -0.00134 7
 -80.000   32.000 -0.01056 15
 -80.000   33.000 -0.01152 11
 -80.000   34.000 -0.01241 26
 -80.000   35.000 -0.02138 24
 -80.000   36.000 -0.03027 32
 -80.000   37.000 -0.03217 39
 -80.000   38.000 -0.02912 43
 -80.000   39.000 -0.03040 29
 -80.000   40.000 -0.03071 54
 -80.000   41.000 -0.02647 39
 -80.000   42.000 -0.02943 28
 -80.000   43.000 -0.02958 32
 -80.000   44.000 -0.02585 24
 -80.000   45.000 -0.02462 17
 -80.000   46.000 -0.02432 13
 -80.000   47.000 -0.02302 9
 -80.000   48.000 -0.02238 9
 -80.000   49.000 -0.02431 10
 -80.000   50.000 -0.02299 5
 -79.000   25.000  0.00117 0
 -79.000   26.000  0.01020 0
 -79.000   27.000  0.01525 1
 -79.000   28.000  0.01050 1
 -79.000   29.000 -0.00838 4
 -79.000   30.000 -0.00516 6
 -79.000   31.000 -0.01055 14
 -79.000   32.000 -0.01831 17
 -79.000   33.000 -0.02147 17
 -79.000   34.000 -0.01595 26
 -79.000   35.000 -0.01650 24
 -79.000   36.000 -0.02482 29
 -79.000   37.000 -0.02398 28
 -79.000   38.000 -0.02192 28
 -79.000   39.000 -0.02645 40
 -79.000   40.000 -0.02945 37
 -79.000   41.000 -0.02743 38
 -79.000   42.000 -0.03325 32
 -79.000   43.000 -0.03395 36
 -79.000   44.000 -0.02942 35
 -79.000   45.000 -0.02941 32
 -79.000   46.000 -0.02866 19
 -79.000   47.000 -0.02459 16
 -79.000   48.000 -0.01777 5
 -79.000   49.000 -0.01769 8
 -79.000   50.000 -0.01200 4
 -78.000   25.000 -0.00972 0
 -78.000   26.000  0.00711 0
 -78.000   27.000  0.00413 0
 -78.000   28.000 -0.00047 3
 -78.000   29.000 -0.01332 3
 -78.000   30.000 -0.01588 4
 -78.000   31.000 -0.02869 5
 -78.000   32.000 -0.03112 11
 -78.000   33.000 -0.03814 14
 -78.000   34.000 -0.02751 21
 -78.000   35.000 -0.02162 10
 -78.000   36.000 -0.02493 38
 -78.000   37.000 -0.02185 22
 -78.000   38.000 -0.01567 40
 -78.000   39.000 -0.02054 28
 -78.000   40.000 -0.02176 29
 -78.000   41.000 -0.02324 32
 -78.000   42.000 -0.03080 29
 -78.000   43.000 -0.03324 38
 -78.000   44.000 -0.03026 37
 -78.000   45.000 -0.03364 24
 -78.000   46.000 -0.03037 27
 -78.000   47.000 -0.02287 17
 -78.000   48.000 -0.02003 23
 -78.000   49.000 -0.01990 12
 -78.000   50.000 -0.01469 7
 -77.000   25.000 -0.00972 0
 -77.000   26.000  0.00161 0
 -77.000   27.000 -0.00056 0
 -77.000   28.000 -0.00253 0
 -77.000   29.000 -0.01226 3
 -77.000   30.000 -0.01706 0
 -77.000   31.000 -0.02725 6
 -77.000   32.000 -0.03218 5
 -77.000   33.000 -0.04211 8
 -77.000   34.000 -0.03229 20
 -77.000   35.000 -0.02317 18
 -77.000   36.000 -0.02170 29
 -77.000   37.000 -0.01618 31
 -77.000   38.000 -0.00997 34
 -77.000   39.000 -0.01548 23
 -77.000   40.000 -0.01607 37
 -77.000   41.000 -0.02144 44
 -77.000   42.000 -0.02911 32
 -77.000   43.000 -0.03022 49
 -77.000   44.000 -0.03013 70
 -77.000   45.000 -0.03426 25
 -77.000   46.000 -0.03099 32
 -77.000   47.000 -0.02430 36
 -77.000   48.000 -0.01890 21
 -77.000   49.000 -0.01696 11
 -77.000   50.000 -0.01222 7
 -76.000   25.000  0.00000 0
 -76.000   26.000 -0.00123 0
 -76.000   27.000 -0.00037 0
 -76.000   28.000 -0.00151 0
 -76.000   29.000 -0.00909 0
 -76.000   30.000 -0.01889 0
 -76.000   31.000 -0.02371 2
 -76.000   32.000 -0.03525 6
 -76.000   33.000 -0.04841 4
 -76.000   34.000 -0.04007 10
 -76.000   35.000 -0.03072 14
 -76.000   36.000 -0.02834 29
 -76.000   37.000 -0.01957 29
 -76.000   38.000 -0.01021 43
 -76.000   39.000 -0.01701 26
 -76.000   40.000 -0.01625 44
 -76.000   41.000 -0.01998 16
 -76.000   42.000 -0.02608 23
 -76.000   43.000 -0.02916 104
 -76.000   44.000 -0.02887 67
 -76.000   45.000 -0.03552 34
 -76.000   46.000 -0.03339 48
 -76.000   47.000 -0.02640 44
 -76.000   48.000 -0.01925 20
 -76.000   49.000 -0.01688 16
 -76.000   50.000 -0.01197 2
 -75.000   25.000  0.00000 0
 -75.000   26.000  0.00000 0
 -75.000   27.000 -0.00010 0
 -75.000   28.000 -0.00010 0
 -75.000   29.000 -0.00401 0
 -75.000   30.000 -0.01196 0
 -75.000   31.000 -0.01903 1
 -75.000   32.000 -0.02944 4
 -75.000   33.000 -0.04570 7
 -75.000   34.000 -0.04282 10
 -75.000   35.000 -0.03662 11
 -75.000   36.000 -0.03159 22
 -75.000   37.000 -0.02345 32
 -75.000   38.000 -0.01110 31
 -75.000   39.000 -0.01820 31
 -75.000   40.000 -0.01581 36
 -75.000   41.000 -0.02013 20
 -75.000   42.000 -0.02501 19
 -75.000   43.000 -0.02858 29
 -75.000   44.000 -0.02651 30
 -75.000   45.000 -0.03217 21
 -75.000   46.000 -0.02740 38
 -75.000   47.000 -0.02089 21
 -75.000   48.000 -0.01726 11
 -75.000   49.000 -0.01400 16
 -75.000   50.000 -0.01028 5
 -74.000   25.000  0.00000 0
 -74.000   26.000  0.00000 0
 -74.000   27.000  0.00000 0
 -74.000   28.000  0.00000 0
 -74.000   29.000  0.00145 0
 -74.000   30.000 -0.00294 0
 -74.000   31.000 -0.01003 0
 -74.000   32.000 -0.02203 2
 -74.000   33.000 -0.04149 4
 -74.000   34.000 -0.04110 2
 -74.000   35.000 -0.03883 4
 -74.000   36.000 -0.03351 98
 -74.000   37.000 -0.02484 73
 -74.000   38.000 -0.00969 32
 -74.000   39.000 -0.01793 45
 -74.000   40.000 -0.01708 48
 -74.000   41.000 -0.02090 42
 -74.000   42.000 -0.02579 18
 -74.000   43.000 -0.02533 22
 -74.000   44.000 -0.02333 29
 -74.000   45.000 -0.02517 27
 -74.000   46.000 -0.02014 27
 -74.000   47.000 -0.01151 34
 -74.000   48.000 -0.01116 16
 -74.000   49.000 -0.00844 15
 -74.000   50.000 -0.00607 4
 -73.000   25.000  0.00000 0
 -73.000   26.000  0.00000 0
 -73.000   27.000  0.00000 0
 -73.000   28.000  0.00000 0
 -73.000   29.000  0.00232 0
 -73.000   30.000  0.00012 0
 -73.000   31.000 -0.00279 0
 -73.000   32.000 -0.01247 0
 -73.000   33.000 -0.02862 0
 -73.000   34.000 -0.02858 0
 -73.000   35.000 -0.03051 2
 -73.000   36.000 -0.03157 13
 -73.000   37.000 -0.02711 21
 -73.000   38.000 -0.01601 24
 -73.000   39.000 -0.02547 26
 -73.000   40.000 -0.02666 36
 -73.000   41.000 -0.02820 21
 -73.000   42.000 -0.02910 29
 -73.000   43.000 -0.02377 16
 -73.000   44.000 -0.01875 32
 -73.000   45.000 -0.01684 35
 -73.000   46.000 -0.01362 31
 -73.000   47.000 -0.00905 22
 -73.000   48.000 -0.01306 18
 -73.000   49.000 -0.01372 16
 -73.000   50.000 -0.01261 6
 -72.000   25.000  0.00000 0
 -72.000   26.000  0.00000 0
 -72.000   27.000  0.00000 0
 -72.000   28.000  0.00000 0
 -72.000   29.000  0.00000 0
 -72.000   30.000 -0.00054 0
 -72.000   31.000 -0.00281 0
 -72.000   32.000 -0.00964 0
 -72.000   33.000 -0.02398 0
 -72.000   34.000 -0.02331 1
 -72.000   35.000 -0.02552 1
 -72.000   36.000 -0.02779 3
 -72.000   37.000 -0.02591 16
 -72.000   38.000 -0.01450 53
 -72.000   39.000 -0.02309 28
 -72.000   40.000 -0.02719 27
 -72.000   41.000 -0.02885 19
 -72.000   42.000 -0.02918 19
 -72.000   43.000 -0.02464 15
 -72.000   44.000 -0.01650 22
 -72.000   45.000 -0.01123 13
 -72.000   46.000 -0.00798 13
 -72.000   47.000 -0.00424 22
 -72.000   48.000 -0.01074 20
 -72.000   49.000 -0.01371 12
 -72.000   50.000 -0.01563 15
 -71.000   25.000  0.00000 0
 -71.000   26.000  0.00000 0
 -71.000   27.000  0.00000 0
 -71.000   28.000  0.00000 0
 -71.000   29.000  0.00000 0
 -71.000   30.000  0.00000 0
 -71.000   31.000  0.00000 0
 -71.000   32.000 -0.00025 0
 -71.000   33.000 -0.01027 0
 -71.000   34.000 -0.01032 0
 -71.000   35.000 -0.01185 0
 -71.000   36.000 -0.02028 0
 -71.000   37.000 -0.02594 11
 -71.000   38.000 -0.02289 9
 -71.000   39.000 -0.02929 20
 -71.000   40.000 -0.03641 23
 -71.000   41.000 -0.03563 17
 -71.000   42.000 -0.03600 18
 -71.000   43.000 -0.02011 21
 -71.000   44.000 -0.01297 21
 -71.000   45.000 -0.00501 7
 -71.000   46.000 -0.00079 14
 -71.000   47.000  0.00118 18
 -71.000   48.000 -0.01192 21
 -71.000   49.000 -0.01574 18
 -71.000   50.000 -0.01988 10
 -70.000   25.000  0.00000 0
 -70.000   26.000  0.00000 0
 -70.000   27.000  0.00000 0
 -70.000   28.000  0.00000 0
 -70.000   29.000  0.00000 0
 -70.000   30.000  0.00000 0
 -70.000   31.000  0.00000 0
 -70.000   32.000 -0.00025 0
 -70.000   33.000 -0.00558 0
 -70.000   34.000 -0.00288 0
 -70.000   35.000 -0.00358 0
 -70.000   36.000 -0.01194 0
 -70.000   37.000 -0.01392 5
 -70.000   38.000 -0.02177 5
 -70.000   39.000 -0.02782 5
 -70.000   40.000 -0.03979 13
 -70.000   41.000 -0.04262 24
 -70.000   42.000 -0.04564 25
 -70.000   43.000 -0.02227 19
 -70.000   44.000 -0.01505 11
 -70.000   45.000 -0.00273 6
 -70.000   46.000  0.00405 6
 -70.000   47.000  0.00770 9
 -70.000   48.000 -0.00637 20
 -70.000   49.000 -0.01280 24
 -70.000   50.000 -0.01648 7
 -69.000   25.000  0.00000 0
 -69.000   26.000  0.00000 0
 -69.000   27.000  0.00000 0
 -69.000   28.000  0.00000 0
 -69.000   29.000  0.00000 0
 -69.000   30.000  0.00000 0
 -69.000   31.000  0.00000 0
 -69.000   32.000  0.00000 0
 -69.000   33.000  0.00000 0
 -69.000   34.000  0.00000 0
 -69.000   35.000 -0.00072 0
 -69.000   36.000 -0.00848 0
 -69.000   37.000 -0.00991 0
 -69.000   38.000 -0.02706 1
 -69.000   39.000 -0.03210 8
 -69.000   40.000 -0.04409 5
 -69.000   41.000 -0.05273 15
 -69.000   42.000 -0.05672 20
 -69.000   43.000 -0.02917 25
 -69.000   44.000 -0.01456 10
 -69.000   45.000  0.00230 9
 -69.000   46.000  0.01455 6
 -69.000   47.000  0.01844 15
 -69.000   48.000  0.00230 17
 -69.000   49.000 -0.00910 10
 -69.000   50.000 -0.01904 1
 -68.000   25.000  0.00000 0
 -68.000   26.000  0.00000 0
 -68.000   27.000  0.00000 0
 -68.000   28.000  0.00000 0
 -68.000   29.000  0.00000 0
 -68.000   30.000  0.00000 0
 -68.000   31.000  0.00000 0
 -68.000   32.000  0.00000 0
 -68.000   33.000  0.00000 0
 -68.000   34.000  0.00000 0
 -68.000   35.000  0.00119 0
 -68.000   36.000 -0.00410 0
 -68.000   37.000 -0.00344 0
 -68.000   38.000 -0.02037 0
 -68.000   39.000 -0.03429 2
 -68.000   40.000 -0.04812 1
 -68.000   41.000 -0.05757 13
 -68.000   42.000 -0.06523 8
 -68.000   43.000 -0.02401 6
 -68.000   44.000  0.00097 8
 -68.000   45.000  0.02060 10
 -68.000   46.000  0.03316 15
 -68.000   47.000  0.03923 12
 -68.000   48.000  0.00502 8
 -68.000   49.000 -0.00756 5
 -68.000   50.000 -0.02171 1
 -67.000   25.000  0.00000 0
 -67.000   26.000  0.00000 0
 -67.000   27.000  0.00000 0
 -67.000   28.000  0.00000 0
 -67.000   29.000  0.00000 0
 -67.000   30.000  0.00000 0
 -67.000   31.000  0.00000 0
 -67.000   32.000  0.00000 0
 -67.000   33.000  0.00000 0
 -67.000   34.000  0.00000 0
 -67.000   35.000  0.00000 0
 -67.000   36.000 -0.00553 0
 -67.000   37.000 -0.00452 0
 -67.000   38.000 -0.02166 0
 -67.000   39.000 -0.03504 0
 -67.000   40.000 -0.04625 1
 -67.000   41.000 -0.05259 14
 -67.000   42.000 -0.06784 4
 -67.000   43.000 -0.02758 9
 -67.000   44.000 -0.00519 7
 -67.000   45.000  0.01481 2
 -67.000   46.000  0.02508 2
 -67.000   47.000  0.04646 5
 -67.000   48.000  0.01503 10
 -67.000   49.000  0.00754 5
 -67.000   50.000 -0.00459 3
 -66.000   25.000  0.00000 0
 -66.000   26.000  0.00000 0
 -66.000   27.000  0.00000 0
 -66.000   28.000  0.00000 0
 -66.000   29.000  0.00000 0
 -66.000   30.000  0.00000 0
 -66.000   31.000  0.00000 0
 -66.000   32.000  0.00000 0
 -66.000   33.000  0.00000 0
 -66.000   34.000  0.00000 0
 -66.000   35.000  0.00000 0
 -66.000   36.000  0.00000 0
 -66.000   37.000  0.00424 0
 -66.000   38.000 -0.01136 0
 -66.000   39.000 -0.02723 0
 -66.000   40.000 -0.03848 0
 -66.000   41.000 -0.05050 1
 -66.000   42.000 -0.06906 7
 -66.000   43.000 -0.03000 5
 -66.000   44.000 -0.00213 6
 -66.000   45.000  0.01949 1
 -66.000   46.000  0.03071 2
 -66.000   47.000  0.05628 7
 -66.000   48.000  0.02261 8
 -66.000   49.000  0.01327 9
 -66.000   50.000  0.00041 1
 -65.000   25.000  0.00000 0
 -65.000   26.000  0.00000 0
 -65.000   27.000  0.00000 0
 -65.000   28.000  0.00000 0
 -65.000   29.000  0.00000 0
 -65.000   30.000  0.00000 0
 -65.000   31.000  0.00000 0
 -65.000   32.000  0.00000 0
 -65.000   33.000  0.00000 0
 -65.000   34.000  0.00000 0
 -65.000   35.000  0.00000 0
 -65.000   36.000  0.00000 0
 -65.000   37.000  0.00000 0
 -65.000   38.000 -0.00917 0
 -65.000   39.000 -0.02978 0
 -65.000   40.000 -0.03685 0
 -65.000   41.000 -0.04624 0
 -65.000   42.000 -0.06631 4
 -65.000   43.000 -0.02694 0
 -65.000   44.000  0.00744 1
 -65.000   45.000  0.02752 0
 -65.000   46.000  0.03754 0
 -65.000   47.000  0.06824 4
 -65.000   48.000  0.02808 7
 -65.000   49.000  0.01789 2
 -65.000   50.000  0.00217 0
