-130.000   25.000  0.00000 0
-130.000   26.000  0.00000 0
-130.000   27.000  0.00000 0
-130.000   28.000  0.00000 0
-130.000   29.000  0.00000 0
-130.000   30.000  0.00000 0
-130.000   31.000  0.00000 0
-130.000   32.000  0.00000 0
-130.000   33.000  0.00000 0
-130.000   34.000  0.00000 0
-130.000   35.000  0.00000 0
-130.000   36.000  0.00000 0
-130.000   37.000  0.00000 0
-130.000   38.000  0.00000 0
-130.000   39.000  0.00000 0
-130.000   40.000  0.00000 0
-130.000   41.000  0.00000 0
-130.000   42.000  0.00000 0
-130.000   43.000  0.00000 0
-130.000   44.000  0.00000 0
-130.000   45.000  0.00000 0
-130.000   46.000 -0.00688 0
-130.000   47.000 -0.00451 0
-130.000   48.000  0.01074 0
-130.000   49.000  0.01343 0
-130.000   50.000  0.01791 1
-129.000   25.000  0.00000 0
-129.000   26.000  0.00000 0
-129.000   27.000  0.00000 0
-129.000   28.000  0.00000 0
-129.000   29.000  0.00000 0
-129.000   30.000  0.00000 0
-129.000   31.000  0.00000 0
-129.000   32.000  0.00000 0
-129.000   33.000  0.00000 0
-129.000   34.000  0.00000 0
-129.000   35.000  0.00000 0
-129.000   36.000  0.00000 0
-129.000   37.000  0.00000 0
-129.000   38.000  0.00000 0
-129.000   39.000  0.00000 0
-129.000   40.000  0.00000 0
-129.000   41.000 -0.00090 0
-129.000   42.000 -0.00090 0
-129.000   43.000 -0.00090 0
-129.000   44.000 -0.00090 0
-129.000   45.000  0.00450 0
-129.000   46.000  0.00399 0
-129.000   47.000  0.00834 0
-129.000   48.000  0.01614 4
-129.000   49.000  0.02018 9
-129.000   50.000  0.01791 3
-128.000   25.000  0.00000 0
-128.000   26.000  0.00000 0
-128.000   27.000  0.00000 0
-128.000   28.000  0.00000 0
-128.000   29.000  0.00000 0
-128.000   30.000  0.00000 0
-128.000   31.000  0.00000 0
-128.000   32.000  0.00000 0
-128.000   33.000  0.00000 0
-128.000   34.000  0.00000 0
-128.000   35.000  0.00000 0
-128.000   36.000  0.00000 0
-128.000   37.000  0.00244 0
-128.000   38.000  0.00342 0
-128.000   39.000  0.00413 0
-128.000   40.000  0.00520 0
-128.000   41.000  0.00451 0
-128.000   42.000  0.00349 0
-128.000   43.000  0.00336 0
-128.000   44.000  0.00305 0
-128.000   45.000  0.00762 0
-128.000   46.000  0.00855 0
-128.000   47.000  0.01098 0
-128.000   48.000  0.01645 2
-128.000   49.000  0.02008 0
-128.000   50.000  0.01736 4
-127.000   25.000  0.00000 0
-127.000   26.000  0.00000 0
-127.000   27.000  0.00000 0
-127.000   28.000  0.00000 0
-127.000   29.000  0.00000 0
-127.000   30.000  0.00000 0
-127.000   31.000  0.00000 0
-127.000   32.000  0.00000 0
-127.000   33.000  0.00000 0
-127.000   34.000  0.00510 0
-127.000   35.000  0.00543 0
-127.000   36.000  0.00602 0
-127.000   37.000  0.00891 0
-127.000   38.000  0.01003 0
-127.000   39.000  0.00748 0
-127.000   40.000  0.00975 0
-127.000   41.000  0.00955 0
-127.000   42.000  0.00985 0
-127.000   43.000  0.00945 1
-127.000   44.000  0.00791 0
-127.000   45.000  0.01154 0
-127.000   46.000  0.01346 0
-127.000   47.000  0.01474 3
-127.000   48.000  0.00944 10
-127.000   49.000  0.01053 4
-127.000   50.000  0.00364 10
-126.000   25.000  0.00000 0
-126.000   26.000  0.00000 0
-126.000   27.000  0.00000 0
-126.000   28.000  0.00000 0
-126.000   29.000  0.00000 0
-126.000   30.000  0.00000 0
-126.000   31.000  0.00000 0
-126.000   32.000  0.00000 0
-126.000   33.000  0.00000 0
-126.000   34.000  0.00453 0
-126.000   35.000  0.00466 0
-126.000   36.000  0.00571 0
-126.000   37.000  0.00752 0
-126.000   38.000  0.01016 0
-126.000   39.000  0.00825 7
-126.000   40.000  0.01188 15
-126.000   41.000  0.01137 49
-126.000   42.000  0.01392 46
-126.000   43.000  0.01313 68
-126.000   44.000  0.01172 48
-126.000   45.000  0.01500 62
-126.000   46.000  0.01610 54
-126.000   47.000  0.01494 70
-126.000   48.000  0.00915 72
-126.000   49.000  0.00994 24
-126.000   50.000  0.00151 17
-125.000   25.000  0.00000 0
-125.000   26.000  0.00000 0
-125.000   27.000  0.00000 0
-125.000   28.000  0.00000 0
-125.000   29.000  0.00000 0
-125.000   30.000  0.00000 0
-125.000   31.000  0.00000 0
-125.000   32.000  0.00000 0
-125.000   33.000  0.00038 0
-125.000   34.000  0.00384 0
-125.000   35.000  0.00446 0
-125.000   36.000  0.00549 1
-125.000   37.000  0.00771 22
-125.000   38.000  0.01085 21
-125.000   39.000  0.01063 49
-125.000   40.000  0.01588 61
-125.000   41.000  0.01607 103
-125.000   42.000  0.01894 95
-125.000   43.000  0.01761 109
-125.000   44.000  0.01593 88
-125.000   45.000  0.01758 111
-125.000   46.000  0.02302 119
-125.000   47.000  0.02061 162
-125.000   48.000  0.01528 129
-125.000   49.000  0.01716 57
-125.000   50.000  0.01035 13
-124.000   25.000  0.00000 0
-124.000   26.000  0.00000 0
-124.000   27.000  0.00000 0
-124.000   28.000  0.00000 0
-124.000   29.000  0.00000 0
-124.000   30.000  0.00000 0
-124.000   31.000  0.00255 0
-124.000   32.000  0.00418 0
-124.000   33.000  0.00613 0
-124.000   34.000  0.00940 0
-124.000   35.000  0.01008 0
-124.000   36.000  0.00833 9
-124.000   37.000  0.01011 25
-124.000   38.000  0.01232 32
-124.000   39.000  0.01367 75
-124.000   40.000  0.02026 78
-124.000   41.000  0.02200 96
-124.000   42.000  0.02393 68
-124.000   43.000  0.02127 83
-124.000   44.000  0.01871 59
-124.000   45.000  0.01646 102
-124.000   46.000  0.01837 119
-124.000   47.000  0.01012 115
-124.000   48.000  0.00466 148
-124.000   49.000  0.00324 64
-124.000   50.000 -0.00402 15
-123.000   25.000  0.00000 0
-123.000   26.000  0.00000 0
-123.000   27.000  0.00000 0
-123.000   28.000  0.00000 0
-123.000   29.000  0.00000 0
-123.000   30.000  0.00360 0
-123.000   31.000  0.00819 0
-123.000   32.000  0.01034 0
-123.000   33.000  0.01297 0
-123.000   34.000  0.01597 0
-123.000   35.000  0.01356 35
-123.000   36.000  0.00926 36
-123.000   37.000  0.00773 57
-123.000   38.000  0.00747 74
-123.000   39.000  0.00823 87
-123.000   40.000  0.01357 75
-123.000   41.000  0.01635 95
-123.000   42.000  0.01995 89
-123.000   43.000  0.01950 67
-123.000   44.000  0.01772 68
-123.000   45.000  0.01442 88
-123.000   46.000  0.01375 80
-123.000   47.000  0.00751 64
-123.000   48.000  0.00156 70
-123.000   49.000 -0.00051 33
-123.000   50.000 -0.00608 2
-122.000   25.000  0.00000 0
-122.000   26.000  0.00000 0
-122.000   27.000  0.00000 0
-122.000   28.000  0.00000 0
-122.000   29.000  0.00473 0
-122.000   30.000  0.00945 0
-122.000   31.000  0.01550 0
-122.000   32.000  0.01889 0
-122.000   33.000  0.02216 14
-122.000   34.000  0.01628 33
-122.000   35.000  0.01199 44
-122.000   36.000  0.00541 73
-122.000   37.000  0.00215 135
-122.000   38.000 -0.00032 95
-122.000   39.000  0.00128 144
-122.000   40.000  0.00611 80
-122.000   41.000  0.01031 112
-122.000   42.000  0.01356 107
-122.000   43.000  0.01467 105
-122.000   44.000  0.01664 86
-122.000   45.000  0.01501 113
-122.000   46.000  0.01085 130
-122.000   47.000  0.00558 98
-122.000   48.000 -0.00118 64
-122.000   49.000 -0.00450 43
-122.000   50.000 -0.01204 17
-121.000   25.000  0.00000 0
-121.000   26.000  0.00000 0
-121.000   27.000  0.00000 0
-121.000   28.000  0.00000 0
-121.000   29.000  0.00928 0
-121.000   30.000  0.01570 0
-121.000   31.000  0.02268 0
-121.000   32.000  0.02530 17
-121.000   33.000  0.02912 44
-121.000   34.000  0.01968 101
-121.000   35.000  0.01500 130
-121.000   36.000  0.00620 126
-121.000   37.000  0.00526 126
-121.000   38.000  0.00101 83
-121.000   39.000  0.00058 117
-121.000   40.000  0.00348 94
-121.000   41.000  0.00918 75
-121.000   42.000  0.00932 88
-121.000   43.000  0.01047 101
-121.000   44.000  0.01412 76
-121.000   45.000  0.01376 142
-121.000   46.000  0.00909 149
-121.000   47.000  0.00585 91
-121.000   48.000 -0.00150 71
-121.000   49.000 -0.00569 36
-121.000   50.000 -0.01475 11
-120.000   25.000  0.00000 0
-120.000   26.000  0.00000 0
-120.000   27.000  0.00000 0
-120.000   28.000  0.00000 0
-120.000   29.000  0.01060 0
-120.000   30.000  0.01835 0
-120.000   31.000  0.02614 4
-120.000   32.000  0.02933 53
-120.000   33.000  0.03382 150
-120.000   34.000  0.02441 194
-120.000   35.000  0.01785 352
-120.000   36.000  0.00964 162
-120.000   37.000  0.00552 113
-120.000   38.000 -0.00188 83
-120.000   39.000 -0.00165 73
-120.000   40.000  0.00202 53
-120.000   41.000  0.00597 63
-120.000   42.000  0.00883 87
-120.000   43.000  0.01235 81
-120.000   44.000  0.01313 131
-120.000   45.000  0.01163 109
-120.000   46.000  0.00820 148
-120.000   47.000  0.00420 113
-120.000   48.000 -0.00437 64
-120.000   49.000 -0.00821 14
-120.000   50.000 -0.01656 5
-119.000   25.000  0.00000 0
-119.000   26.000  0.00000 0
-119.000   27.000  0.00000 0
-119.000   28.000  0.00274 0
-119.000   29.000  0.01422 0
-119.000   30.000  0.02277 0
-119.000   31.000  0.02870 7
-119.000   32.000  0.03053 165
-119.000   33.000  0.03166 163
-119.000   34.000  0.02054 250
-119.000   35.000  0.01267 276
-119.000   36.000  0.00587 171
-119.000   37.000  0.00369 145
-119.000   38.000 -0.00117 65
-119.000   39.000  0.00226 65
-119.000   40.000  0.00817 31
-119.000   41.000  0.01169 53
-119.000   42.000  0.01282 49
-119.000   43.000  0.01530 43
-119.000   44.000  0.01343 86
-119.000   45.000  0.00759 116
-119.000   46.000  0.00372 127
-119.000   47.000  0.00322 88
-119.000   48.000 -0.00281 35
-119.000   49.000 -0.00591 38
-119.000   50.000 -0.00917 4
-118.000   25.000  0.00000 0
-118.000   26.000  0.00000 0
-118.000   27.000  0.00000 0
-118.000   28.000  0.00202 0
-118.000   29.000  0.01320 0
-118.000   30.000  0.01822 0
-118.000   31.000  0.02297 38
-118.000   32.000  0.02461 320
-118.000   33.000  0.02496 269
-118.000   34.000  0.01560 348
-118.000   35.000  0.01205 185
-118.000   36.000  0.00804 165
-118.000   37.000  0.00601 95
-118.000   38.000  0.00262 60
-118.000   39.000  0.00228 57
-118.000   40.000  0.00746 51
-118.000   41.000  0.00825 91
-118.000   42.000  0.00901 69
-118.000   43.000  0.00916 73
-118.000   44.000  0.00849 66
-118.000   45.000  0.00373 93
-118.000   46.000  0.00107 79
-118.000   47.000 -0.00168 72
-118.000   48.000 -0.00400 53
-118.000   49.000 -0.00602 23
-118.000   50.000 -0.01117 10
-117.000   25.000  0.00000 0
-117.000   26.000  0.00000 0
-117.000   27.000  0.00000 0
-117.000   28.000  0.00202 0
-117.000   29.000  0.00778 0
-117.000   30.000  0.01156 5
-117.000   31.000  0.01568 84
-117.000   32.000  0.01595 316
-117.000   33.000  0.01593 285
-117.000   34.000  0.01148 242
-117.000   35.000  0.01019 171
-117.000   36.000  0.00703 149
-117.000   37.000  0.00634 76
-117.000   38.000  0.00646 41
-117.000   39.000  0.00924 122
-117.000   40.000  0.01400 86
-117.000   41.000  0.01416 251
-117.000   42.000  0.01401 111
-117.000   43.000  0.00950 86
-117.000   44.000  0.00603 53
-117.000   45.000 -0.00113 69
-117.000   46.000 -0.00448 78
-117.000   47.000 -0.00756 33
-117.000   48.000 -0.00705 24
-117.000   49.000 -0.00957 19
-117.000   50.000 -0.01294 5
-116.000   25.000  0.00000 0
-116.000   26.000  0.00000 0
-116.000   27.000  0.00000 0
-116.000   28.000  0.00678 0
-116.000   29.000  0.00893 0
-116.000   30.000  0.01190 6
-116.000   31.000  0.01613 137
-116.000   32.000  0.01683 237
-116.000   33.000  0.01196 241
-116.000   34.000  0.01057 337
-116.000   35.000  0.00920 227
-116.000   36.000  0.00604 120
-116.000   37.000  0.00511 86
-116.000   38.000  0.00532 45
-116.000   39.000  0.01031 121
-116.000   40.000  0.01550 38
-116.000   41.000  0.01523 53
-116.000   42.000  0.01439 75
-116.000   43.000  0.00911 108
-116.000   44.000  0.00276 101
-116.000   45.000 -0.00538 86
-116.000   46.000 -0.00932 51
-116.000   47.000 -0.01266 66
-116.000   48.000 -0.00944 36
-116.000   49.000 -0.01105 14
-116.000   50.000 -0.01248 9
-115.000   25.000  0.00000 0
-115.000   26.000  0.00000 0
-115.000   27.000  0.00000 0
-115.000   28.000  0.00493 0
-115.000   29.000  0.00571 0
-115.000   30.000  0.00692 0
-115.000   31.000  0.01110 152
-115.000   32.000  0.01080 311
-115.000   33.000  0.00683 149
-115.000   34.000  0.00693 172
-115.000   35.000  0.00651 113
-115.000   36.000  0.00302 90
-115.000   37.000  0.00518 59
-115.000   38.000  0.00701 43
-115.000   39.000  0.00837 140
-115.000   40.000  0.01243 32
-115.000   41.000  0.01198 33
-115.000   42.000  0.00896 50
-115.000   43.000  0.00328 71
-115.000   44.000  0.00093 57
-115.000   45.000 -0.00557 59
-115.000   46.000 -0.00809 48
-115.000   47.000 -0.00999 47
-115.000   48.000 -0.00519 18
-115.000   49.000 -0.00634 21
-115.000   50.000 -0.00571 7
-114.000   25.000  0.00000 0
-114.000   26.000  0.00000 0
-114.000   27.000  0.00408 0
-114.000   28.000  0.01318 0
-114.000   29.000  0.01404 0
-114.000   30.000  0.01447 2
-114.000   31.000  0.01772 115
-114.000   32.000  0.01240 119
-114.000   33.000  0.00312 137
-114.000   34.000  0.00594 91
-114.000   35.000  0.00520 101
-114.000   36.000  0.00325 61
-114.000   37.000  0.00353 86
-114.000   38.000  0.00462 31
-114.000   39.000 -0.00015 278
-114.000   40.000  0.00186 25
-114.000   41.000  0.00117 58
-114.000   42.000  0.00252 55
-114.000   43.000 -0.00115 57
-114.000   44.000 -0.00001 30
-114.000   45.000 -0.00256 44
-114.000   46.000 -0.00478 43
-114.000   47.000 -0.00597 35
-114.000   48.000  0.00056 16
-114.000   49.000  0.00063 16
-114.000   50.000  0.00224 7
-113.000   25.000  0.00000 0
-113.000   26.000  0.00000 0
-113.000   27.000  0.00303 0
-113.000   28.000  0.01300 0
-113.000   29.000  0.01351 0
-113.000   30.000  0.01419 9
-113.000   31.000  0.01644 51
-113.000   32.000  0.01286 59
-113.000   33.000  0.00403 131
-113.000   34.000  0.00710 54
-113.000   35.000  0.00513 86
-113.000   36.000  0.00298 62
-113.000   37.000  0.00357 43
-113.000   38.000  0.00403 28
-113.000   39.000  0.00259 60
-113.000   40.000  0.00477 33
-113.000   41.000  0.00596 32
-113.000   42.000  0.00833 114
-113.000   43.000  0.00651 90
-113.000   44.000  0.00593 116
-113.000   45.000  0.00377 100
-113.000   46.000 -0.00159 28
-113.000   47.000 -0.00719 28
-113.000   48.000 -0.00651 21
-113.000   49.000 -0.01008 10
-113.000   50.000 -0.01134 7
-112.000   25.000  0.00000 0
-112.000   26.000  0.00000 0
-112.000   27.000  0.00249 0
-112.000   28.000  0.01193 0
-112.000   29.000  0.01382 1
-112.000   30.000  0.01450 25
-112.000   31.000  0.01565 28
-112.000   32.000  0.01334 63
-112.000   33.000  0.00363 78
-112.000   34.000  0.00615 72
-112.000   35.000  0.00478 49
-112.000   36.000  0.00479 49
-112.000   37.000  0.00431 37
-112.000   38.000  0.00530 56
-112.000   39.000  0.00156 40
-112.000   40.000  0.00185 82
-112.000   41.000  0.00227 29
-112.000   42.000  0.00567 56
-112.000   43.000  0.00629 54
-112.000   44.000  0.00616 92
-112.000   45.000  0.00515 90
-112.000   46.000  0.00057 24
-112.000   47.000 -0.00653 32
-112.000   48.000 -0.01156 20
-112.000   49.000 -0.01513 17
-112.000   50.000 -0.01783 7
-111.000   25.000  0.00000 0
-111.000   26.000  0.00000 0
-111.000   27.000  0.00422 0
-111.000   28.000  0.00889 0
-111.000   29.000  0.00956 1
-111.000   30.000  0.01148 22
-111.000   31.000  0.01150 28
-111.000   32.000  0.00834 63
-111.000   33.000  0.00326 68
-111.000   34.000  0.00906 63
-111.000   35.000  0.00630 96
-111.000   36.000  0.00755 74
-111.000   37.000  0.00610 48
-111.000   38.000  0.00743 34
-111.000   39.000  0.00046 42
-111.000   40.000  0.00088 42
-111.000   41.000  0.00230 34
-111.000   42.000  0.00675 80
-111.000   43.000  0.00698 39
-111.000   44.000  0.00834 112
-111.000   45.000  0.00508 44
-111.000   46.000  0.00045 43
-111.000   47.000 -0.00860 28
-111.000   48.000 -0.01756 8
-111.000   49.000 -0.02304 9
-111.000   50.000 -0.02457 6
-110.000   25.000  0.00000 0
-110.000   26.000  0.00000 0
-110.000   27.000  0.00553 0
-110.000   28.000  0.01148 0
-110.000   29.000  0.01407 2
-110.000   30.000  0.01803 20
-110.000   31.000  0.01810 23
-110.000   32.000  0.01489 44
-110.000   33.000  0.00763 72
-110.000   34.000  0.01134 54
-110.000   35.000  0.00622 33
-110.000   36.000  0.00584 47
-110.000   37.000  0.00452 49
-110.000   38.000  0.00800 41
-110.000   39.000  0.00283 49
-110.000   40.000  0.00224 49
-110.000   41.000  0.00550 78
-110.000   42.000  0.00867 146
-110.000   43.000  0.00583 34
-110.000   44.000  0.00586 59
-110.000   45.000  0.00465 46
-110.000   46.000 -0.00403 28
-110.000   47.000 -0.01461 34
-110.000   48.000 -0.02643 21
-110.000   49.000 -0.03448 9
-110.000   50.000 -0.04107 8
-109.000   25.000  0.00000 0
-109.000   26.000  0.00000 0
-109.000   27.000  0.00144 0
-109.000   28.000 -0.00101 0
-109.000   29.000  0.00187 5
-109.000   30.000  0.00661 18
-109.000   31.000  0.00658 31
-109.000   32.000  0.00698 41
-109.000   33.000  0.00739 125
-109.000   34.000  0.00859 35
-109.000   35.000  0.00516 49
-109.000   36.000  0.00454 23
-109.000   37.000  0.00529 75
-109.000   38.000  0.00947 35
-109.000   39.000  0.00576 40
-109.000   40.000  0.00288 44
-109.000   41.000  0.00687 79
-109.000   42.000  0.00719 94
-109.000   43.000  0.00341 76
-109.000   44.000  0.00336 53
-109.000   45.000  0.00206 57
-109.000   46.000 -0.00868 35
-109.000   47.000 -0.01850 21
-109.000   48.000 -0.03299 22
-109.000   49.000 -0.04164 10
-109.000   50.000 -0.05074 5
-108.000   25.000  0.00000 0
-108.000   26.000  0.00000 0
-108.000   27.000  0.00554 0
-108.000   28.000  0.00405 0
-108.000   29.000  0.00607 19
-108.000   30.000  0.01135 16
-108.000   31.000  0.01128 32
-108.000   32.000  0.00688 35
-108.000   33.000  0.00573 80
-108.000   34.000  0.00708 61
-108.000   35.000  0.00319 101
-108.000   36.000  0.00294 39
-108.000   37.000  0.00279 52
-108.000   38.000  0.01001 27
-108.000   39.000  0.00753 72
-108.000   40.000  0.00455 51
-108.000   41.000  0.00792 71
-108.000   42.000  0.00719 84
-108.000   43.000 -0.00167 89
-108.000   44.000 -0.00359 70
-108.000   45.000 -0.00629 42
-108.000   46.000 -0.01450 39
-108.000   47.000 -0.01857 39
-108.000   48.000 -0.03109 24
-108.000   49.000 -0.03759 5
-108.000   50.000 -0.04297 6
-107.000   25.000  0.00000 0
-107.000   26.000  0.00076 0
-107.000   27.000  0.00940 0
-107.000   28.000  0.00922 0
-107.000   29.000  0.01071 0
-107.000   30.000  0.01621 12
-107.000   31.000  0.01594 70
-107.000   32.000  0.00956 82
-107.000   33.000  0.00930 56
-107.000   34.000  0.01007 52
-107.000   35.000  0.00553 72
-107.000   36.000  0.00521 40
-107.000   37.000  0.00588 47
-107.000   38.000  0.01033 70
-107.000   39.000  0.00982 76
-107.000   40.000  0.00715 59
-107.000   41.000  0.00790 57
-107.000   42.000  0.00388 95
-107.000   43.000 -0.00427 91
-107.000   44.000 -0.00809 44
-107.000   45.000 -0.01024 39
-107.000   46.000 -0.01515 29
-107.000   47.000 -0.01609 28
-107.000   48.000 -0.02557 18
-107.000   49.000 -0.02937 9
-107.000   50.000 -0.03271 7
-106.000   25.000  0.00025 0
-106.000   26.000  0.00197 0
-106.000   27.000  0.00730 0
-106.000   28.000  0.00755 0
-106.000   29.000  0.00964 6
-106.000   30.000  0.01296 20
-106.000   31.000  0.01115 44
-106.000   32.000  0.00746 120
-106.000   33.000  0.00653 71
-106.000   34.000  0.00624 76
-106.000   35.000  0.00430 71
-106.000   36.000  0.00657 75
-106.000   37.000  0.00647 46
-106.000   38.000  0.01046 76
-106.000   39.000  0.01201 38
-106.000   40.000  0.00925 47
-106.000   41.000  0.00761 49
-106.000   42.000  0.00455 84
-106.000   43.000 -0.00226 116
-106.000   44.000 -0.00668 47
-106.000   45.000 -0.00733 28
-106.000   46.000 -0.01247 22
-106.000   47.000 -0.01178 23
-106.000   48.000 -0.01767 31
-106.000   49.000 -0.02076 23
-106.000   50.000 -0.02456 5
-105.000   25.000  0.00100 0
-105.000   26.000  0.00678 0
-105.000   27.000  0.01147 0
-105.000   28.000  0.01132 28
-105.000   29.000  0.01276 32
-105.000   30.000  0.01590 85
-105.000   31.000  0.00882 67
-105.000   32.000  0.00337 102
-105.000   33.000  0.00306 80
-105.000   34.000  0.00234 80
-105.000   35.000  0.00212 64
-105.000   36.000  0.00688 60
-105.000   37.000  0.00635 50
-105.000   38.000  0.01017 52
-105.000   39.000  0.01323 51
-105.000   40.000  0.01088 44
-105.000   41.000  0.00902 45
-105.000   42.000  0.00635 53
-105.000   43.000  0.00002 39
-105.000   44.000 -0.00648 53
-105.000   45.000 -0.00972 55
-105.000   46.000 -0.01189 24
-105.000   47.000 -0.01133 40
-105.000   48.000 -0.01420 19
-105.000   49.000 -0.01434 19
-105.000   50.000 -0.01568 12
-104.000   25.000 -0.00134 0
-104.000   26.000  0.00439 0
-104.000   27.000  0.00834 13
-104.000   28.000  0.01137 27
-104.000   29.000  0.01119 22
-104.000   30.000  0.01402 63
-104.000   31.000  0.00904 74
-104.000   32.000  0.00528 94
-104.000   33.000  0.00235 88
-104.000   34.000  0.00378 73
-104.000   35.000  0.00512 99
-104.000   36.000  0.01026 52
-104.000   37.000  0.01012 51
-104.000   38.000  0.01315 42
-104.000   39.000  0.01692 36
-104.000   40.000  0.01451 62
-104.000   41.000  0.01071 33
-104.000   42.000  0.00898 50
-104.000   43.000  0.00346 48
-104.000   44.000 -0.00372 30
-104.000   45.000 -0.00795 47
-104.000   46.000 -0.00902 52
-104.000   47.000 -0.01058 40
-104.000   48.000 -0.01478 23
-104.000   49.000 -0.01578 20
-104.000   50.000 -0.01557 11
-103.000   25.000 -0.00280 0
-103.000   26.000  0.00371 0
-103.000   27.000  0.00564 25
-103.000   28.000  0.00823 11
-103.000   29.000  0.01053 25
-103.000   30.000  0.01458 64
-103.000   31.000  0.00704 71
-103.000   32.000  0.00630 80
-103.000   33.000  0.00396 59
-103.000   34.000  0.00167 61
-103.000   35.000  0.00244 69
-103.000   36.000  0.00915 63
-103.000   37.000  0.00990 36
-103.000   38.000  0.01067 35
-103.000   39.000  0.01496 29
-103.000   40.000  0.01454 41
-103.000   41.000  0.01306 32
-103.000   42.000  0.01141 53
-103.000   43.000  0.00989 35
-103.000   44.000  0.00421 46
-103.000   45.000 -0.00105 43
-103.000   46.000 -0.00390 30
-103.000   47.000 -0.00673 36
-103.000   48.000 -0.00929 25
-103.000   49.000 -0.00989 18
-103.000   50.000 -0.00894 9
-102.000   25.000 -0.00850 0
-102.000   26.000 -0.00055 0
-102.000   27.000 -0.00082 10
-102.000   28.000  0.00014 11
-102.000   29.000  0.00316 37
-102.000   30.000  0.00780 73
-102.000   31.000  0.00026 74
-102.000   32.000  0.00110 83
-102.000   33.000 -0.00046 41
-102.000   34.000 -0.00141 52
-102.000   35.000  0.00050 25
-102.000   36.000  0.00659 37
-102.000   37.000  0.00861 42
-102.000   38.000  0.01150 45
-102.000   39.000  0.01553 42
-102.000   40.000  0.01740 56
-102.000   41.000  0.01746 30
-102.000   42.000  0.01631 45
-102.000   43.000  0.01392 32
-102.000   44.000  0.00942 41
-102.000   45.000  0.00296 53
-102.000   46.000 -0.00016 32
-102.000   47.000 -0.00530 44
-102.000   48.000 -0.00871 20
-102.000   49.000 -0.01091 24
-102.000   50.000 -0.01194 7
-101.000   25.000 -0.00551 0
-101.000   26.000  0.00186 0
-101.000   27.000  0.00221 10
-101.000   28.000  0.00442 24
-101.000   29.000  0.00733 51
-101.000   30.000  0.01501 59
-101.000   31.000  0.00771 90
-101.000   32.000  0.00667 76
-101.000   33.000  0.00383 70
-101.000   34.000  0.00082 59
-101.000   35.000 -0.00100 22
-101.000   36.000  0.00528 45
-101.000   37.000  0.00812 34
-101.000   38.000  0.01162 35
-101.000   39.000  0.01569 40
-101.000   40.000  0.01720 66
-101.000   41.000  0.01738 48
-101.000   42.000  0.01683 29
-101.000   43.000  0.01377 27
-101.000   44.000  0.00788 56
-101.000   45.000  0.00297 45
-101.000   46.000 -0.00266 48
-101.000   47.000 -0.01061 49
-101.000   48.000 -0.01480 17
-101.000   49.000 -0.01724 38
-101.000   50.000 -0.02045 11
-100.000   25.000 -0.02339 0
-100.000   26.000 -0.01690 5
-100.000   27.000 -0.01448 18
-100.000   28.000 -0.00143 49
-100.000   29.000  0.00421 94
-100.000   30.000  0.00920 54
-100.000   31.000  0.00850 77
-100.000   32.000  0.01056 55
-100.000   33.000  0.01005 51
-100.000   34.000  0.00928 46
-100.000   35.000  0.00832 61
-100.000   36.000  0.01251 67
-100.000   37.000  0.01421 64
-100.000   38.000  0.01507 58
-100.000   39.000  0.01610 39
-100.000   40.000  0.01486 45
-100.000   41.000  0.01411 31
-100.000   42.000  0.01306 55
-100.000   43.000  0.01133 43
-100.000   44.000  0.00664 26
-100.000   45.000  0.00545 79
-100.000   46.000 -0.00180 32
-100.000   47.000 -0.00861 56
-100.000   48.000 -0.01429 22
-100.000   49.000 -0.01712 25
-100.000   50.000 -0.02262 13
 -99.000   25.000 -0.00784 7
 -99.000   26.000 -0.00888 26
 -99.000   27.000 -0.00520 23
 -99.000   28.000  0.00451 55
 -99.000   29.000  0.00293 47
 -99.000   30.000  0.01160 63
 -99.000   31.000  0.01191 69
 -99.000   32.000  0.01211 90
 -99.000   33.000  0.01311 81
 -99.000   34.000  0.01318 40
 -99.000   35.000  0.00927 36
 -99.000   36.000  0.01458 55
 -99.000   37.000  0.01338 69
 -99.000   38.000  0.01176 63
 -99.000   39.000  0.01080 25
 -99.000   40.000  0.00879 45
 -99.000   41.000  0.00842 35
 -99.000   42.000  0.00720 54
 -99.000   43.000  0.00520 36
 -99.000   44.000  0.00081 29
 -99.000   45.000  0.00164 48
 -99.000   46.000 -0.00586 42
 -99.000   47.000 -0.01262 44
 -99.000   48.000 -0.01509 18
 -99.000   49.000 -0.01690 16
 -99.000   50.000 -0.02342 7
 -98.000   25.000 -0.00723 3
 -98.000   26.000 -0.00932 16
 -98.000   27.000 -0.00333 45
 -98.000   28.000  0.00248 25
 -98.000   29.000 -0.00189 50
 -98.000   30.000  0.00659 36
 -98.000   31.000  0.01101 34
 -98.000   32.000  0.00915 54
 -98.000   33.000  0.01430 75
 -98.000   34.000  0.01846 53
 -98.000   35.000  0.01521 35
 -98.000   36.000  0.01679 55
 -98.000   37.000  0.01580 43
 -98.000   38.000  0.01223 67
 -98.000   39.000  0.00830 49
 -98.000   40.000  0.00242 38
 -98.000   41.000 -0.00028 28
 -98.000   42.000 -0.00343 29
 -98.000   43.000 -0.00658 62
 -98.000   44.000 -0.00927 25
 -98.000   45.000 -0.00713 48
 -98.000   46.000 -0.01274 39
 -98.000   47.000 -0.01938 57
 -98.000   48.000 -0.02136 10
 -98.000   49.000 -0.02478 14
 -98.000   50.000 -0.03106 12
 -97.000   25.000 -0.00613 4
 -97.000   26.000 -0.01417 10
 -97.000   27.000 -0.00638 18
 -97.000   28.000  0.00153 15
 -97.000   29.000 -0.00251 59
 -97.000   30.000  0.01027 77
 -97.000   31.000  0.02013 55
 -97.000   32.000  0.01732 45
 -97.000   33.000  0.02037 62
 -97.000   34.000  0.02205 56
 -97.000   35.000  0.01528 69
 -97.000   36.000  0.01437 71
 -97.000   37.000  0.01311 93
 -97.000   38.000  0.00706 40
 -97.000   39.000  0.00201 67
 -97.000   40.000 -0.00730 58
 -97.000   41.000 -0.00840 24
 -97.000   42.000 -0.01132 39
 -97.000   43.000 -0.01248 31
 -97.000   44.000 -0.01210 42
 -97.000   45.000 -0.00683 30
 -97.000   46.000 -0.01533 30
 -97.000   47.000 -0.02241 41
 -97.000   48.000 -0.01881 17
 -97.000   49.000 -0.02329 31
 -97.000   50.000 -0.02837 12
 -96.000   25.000 -0.00938 0
 -96.000   26.000 -0.02254 0
 -96.000   27.000 -0.01483 19
 -96.000   28.000 -0.00648 24
 -96.000   29.000 -0.01279 22
 -96.000   30.000 -0.00146 20
 -96.000   31.000  0.01380 31
 -96.000   32.000  0.01520 55
 -96.000   33.000  0.01928 56
 -96.000   34.000  0.02363 51
 -96.000   35.000  0.01883 64
 -96.000   36.000  0.01612 44
 -96.000   37.000  0.01214 47
 -96.000   38.000  0.00344 39
 -96.000   39.000 -0.00129 32
 -96.000   40.000 -0.01116 51
 -96.000   41.000 -0.01303 25
 -96.000   42.000 -0.01662 30
 -96.000   43.000 -0.01662 27
 -96.000   44.000 -0.01364 30
 -96.000   45.000 -0.00953 35
 -96.000   46.000 -0.01463 29
 -96.000   47.000 -0.02107 29
 -96.000   48.000 -0.01204 16
 -96.000   49.000 -0.01589 16
 -96.000   50.000 -0.01697 3
 -95.000   25.000  0.00776 0
 -95.000   26.000 -0.00798 0
 -95.000   27.000 -0.00361 1
 -95.000   28.000 -0.00519 17
 -95.000   29.000 -0.01761 38
 -95.000   30.000 -0.00254 30
 -95.000   31.000  0.00984 19
 -95.000   32.000  0.01235 36
 -95.000   33.000  0.01381 55
 -95.000   34.000  0.02048 63
 -95.000   35.000  0.01283 65
 -95.000   36.000  0.01193 51
 -95.000   37.000  0.00635 74
 -95.000   38.000 -0.00132 44
 -95.000   39.000 -0.00482 41
 -95.000   40.000 -0.01265 48
 -95.000   41.000 -0.01367 49
 -95.000   42.000 -0.01543 33
 -95.000   43.000 -0.01589 29
 -95.000   44.000 -0.01245 36
 -95.000   45.000 -0.01015 68
 -95.000   46.000 -0.01540 46
 -95.000   47.000 -0.02196 42
 -95.000   48.000 -0.01114 17
 -95.000   49.000 -0.01552 21
 -95.000   50.000 -0.01386 3
 -94.000   25.000 -0.00545 0
 -94.000   26.000 -0.01650 0
 -94.000   27.000 -0.00709 0
 -94.000   28.000 -0.00758 7
 -94.000   29.000 -0.01412 24
 -94.000   30.000 -0.00211 29
 -94.000   31.000  0.00980 41
 -94.000   32.000  0.00909 32
 -94.000   33.000  0.01176 42
 -94.000   34.000  0.01850 60
 -94.000   35.000  0.01148 66
 -94.000   36.000  0.00954 49
 -94.000   37.000  0.00410 48
 -94.000   38.000 -0.00148 65
 -94.000   39.000 -0.00321 46
 -94.000   40.000 -0.00939 40
 -94.000   41.000 -0.01036 29
 -94.000   42.000 -0.01268 59
 -94.000   43.000 -0.01216 42
 -94.000   44.000 -0.00803 32
 -94.000   45.000 -0.00815 59
 -94.000   46.000 -0.01237 46
 -94.000   47.000 -0.01726 40
 -94.000   48.000 -0.01374 17
 -94.000   49.000 -0.02044 17
 -94.000   50.000 -0.01962 1
 -93.000   25.000 -0.00460 0
 -93.000   26.000 -0.01793 0
 -93.000   27.000 -0.00844 0
 -93.000   28.000 -0.00686 5
 -93.000   29.000 -0.01022 19
 -93.000   30.000 -0.00195 14
 -93.000   31.000  0.01057 17
 -93.000   32.000  0.00972 42
 -93.000   33.000  0.00993 33
 -93.000   34.000  0.01323 36
 -93.000   35.000  0.00812 24
 -93.000   36.000  0.00972 50
 -93.000   37.000  0.00385 37
 -93.000   38.000 -0.00060 46
 -93.000   39.000  0.00017 52
 -93.000   40.000 -0.00157 48
 -93.000   41.000 -0.00444 36
 -93.000   42.000 -0.00611 36
 -93.000   43.000 -0.00467 21
 -93.000   44.000 -0.00248 29
 -93.000   45.000 -0.00430 40
 -93.000   46.000 -0.00642 23
 -93.000   47.000 -0.00984 58
 -93.000   48.000 -0.00653 27
 -93.000   49.000 -0.01178 37
 -93.000   50.000 -0.01046 0
 -92.000   25.000  0.00000 0
 -92.000   26.000 -0.00039 0
 -92.000   27.000  0.00705 0
 -92.000   28.000  0.00947 1
 -92.000   29.000  0.00417 7
 -92.000   30.000  0.00813 11
 -92.000   31.000  0.00792 23
 -92.000   32.000  0.00649 27
 -92.000   33.000  0.00573 39
 -92.000   34.000  0.01185 35
 -92.000   35.000  0.00746 34
 -92.000   36.000  0.01199 47
 -92.000   37.000  0.00533 40
 -92.000   38.000  0.00244 32
 -92.000   39.000  0.00308 71
 -92.000   40.000  0.00402 37
 -92.000   41.000 -0.00037 28
 -92.000   42.000 -0.00085 53
 -92.000   43.000 -0.00166 69
 -92.000   44.000 -0.00228 37
 -92.000   45.000 -0.00824 56
 -92.000   46.000 -0.00888 29
 -92.000   47.000 -0.01121 23
 -92.000   48.000 -0.01576 8
 -92.000   49.000 -0.02076 11
 -92.000   50.000 -0.01861 2
 -91.000   25.000  0.00000 0
 -91.000   26.000  0.00830 0
 -91.000   27.000  0.01938 0
 -91.000   28.000  0.01973 2
 -91.000   29.000  0.01805 7
 -91.000   30.000  0.02027 16
 -91.000   31.000  0.01328 24
 -91.000   32.000  0.00493 22
 -91.000   33.000  0.00438 48
 -91.000   34.000  0.00710 31
 -91.000   35.000  0.00354 29
 -91.000   36.000  0.00741 48
 -91.000   37.000  0.00339 42
 -91.000   38.000  0.00474 40
 -91.000   39.000  0.00628 55
 -91.000   40.000  0.00954 39
 -91.000   41.000  0.00797 38
 -91.000   42.000  0.00685 25
 -91.000   43.000  0.00358 35
 -91.000   44.000  0.00136 61
 -91.000   45.000 -0.00503 35
 -91.000   46.000 -0.00993 46
 -91.000   47.000 -0.00917 12
 -91.000   48.000 -0.02334 4
 -91.000   49.000 -0.02962 11
 -91.000   50.000 -0.03203 0
 -90.000   25.000  0.00000 0
 -90.000   26.000  0.00769 0
 -90.000   27.000  0.02035 0
 -90.000   28.000  0.01928 3
 -90.000   29.000  0.02163 13
 -90.000   30.000  0.02073 16
 -90.000   31.000  0.01521 8
 -90.000   32.000  0.00362 22
 -90.000   33.000  0.00559 28
 -90.000   34.000  0.00390 26
 -90.000   35.000  0.00382 49
 -90.000   36.000  0.00580 51
 -90.000   37.000  0.00534 29
 -90.000   38.000  0.00747 50
 -90.000   39.000  0.00884 67
 -90.000   40.000  0.01350 45
 -90.000   41.000  0.01301 53
 -90.000   42.000  0.00983 43
 -90.000   43.000  0.00474 30
 -90.000   44.000  0.00463 25
 -90.000   45.000 -0.00415 39
 -90.000   46.000 -0.01238 19
 -90.000   47.000 -0.01013 31
 -90.000   48.000 -0.01774 16
 -90.000   49.000 -0.02455 2
 -90.000   50.000 -0.02425 2
 -89.000   25.000  0.00000 0
 -89.000   26.000  0.00177 0
 -89.000   27.000  0.01315 0
 -89.000   28.000  0.01589 2
 -89.000   29.000  0.02199 8
 -89.000   30.000  0.02040 11
 -89.000   31.000  0.01965 7
 -89.000   32.000  0.01031 36
 -89.000   33.000  0.00837 30
 -89.000   34.000  0.00310 37
 -89.000   35.000  0.00196 35
 -89.000   36.000  0.00311 79
 -89.000   37.000  0.00178 98
 -89.000   38.000  0.00463 59
 -89.000   39.000  0.00588 92
 -89.000   40.000  0.01244 42
 -89.000   41.000  0.01427 35
 -89.000   42.000  0.01447 34
 -89.000   43.000  0.00847 41
 -89.000   44.000  0.00877 27
 -89.000   45.000  0.00078 24
 -89.000   46.000 -0.00931 22
 -89.000   47.000 -0.00914 26
 -89.000   48.000 -0.00912 8
 -89.000   49.000 -0.01438 3
 -89.000   50.000 -0.01224 1
 -88.000   25.000  0.00000 0
 -88.000   26.000  0.00446 0
 -88.000   27.000  0.01431 0
 -88.000   28.000  0.01994 0
 -88.000   29.000  0.02771 5
 -88.000   30.000  0.02825 10
 -88.000   31.000  0.02551 20
 -88.000   32.000  0.01753 32
 -88.000   33.000  0.01345 41
 -88.000   34.000  0.00577 44
 -88.000   35.000  0.00265 66
 -88.000   36.000  0.00170 89
 -88.000   37.000 -0.00013 77
 -88.000   38.000  0.00367 133
 -88.000   39.000  0.00575 78
 -88.000   40.000  0.01174 28
 -88.000   41.000  0.01758 56
 -88.000   42.000  0.01847 45
 -88.000   43.000  0.01290 30
 -88.000   44.000  0.01438 16
 -88.000   45.000  0.00706 32
 -88.000   46.000 -0.00524 10
 -88.000   47.000 -0.00673 21
 -88.000   48.000 -0.01259 3
 -88.000   49.000 -0.02030 0
 -88.000   50.000 -0.02056 1
 -87.000   25.000  0.00000 0
 -87.000   26.000 -0.01278 0
 -87.000   27.000  0.00190 0
 -87.000   28.000  0.00857 1
 -87.000   29.000  0.01964 12
 -87.000   30.000  0.01896 14
 -87.000   31.000  0.02840 27
 -87.000   32.000  0.01446 48
 -87.000   33.000  0.00902 23
 -87.000   34.000 -0.00393 50
 -87.000   35.000 -0.00532 54
 -87.000   36.000 -0.00634 93
 -87.000   37.000 -0.00421 60
 -87.000   38.000  0.00027 118
 -87.000   39.000  0.00551 81
 -87.000   40.000  0.01266 42
 -87.000   41.000  0.02175 26
 -87.000   42.000  0.02100 41
 -87.000   43.000  0.01514 34
 -87.000   44.000  0.01753 20
 -87.000   45.000  0.01018 23
 -87.000   46.000  0.00041 12
 -87.000   47.000 -0.00311 10
 -87.000   48.000 -0.00093 6
 -87.000   49.000 -0.00835 2
 -87.000   50.000 -0.00734 3
 -86.000   25.000  0.00000 0
 -86.000   26.000 -0.02375 0
 -86.000   27.000 -0.00909 0
 -86.000   28.000 -0.00227 5
 -86.000   29.000  0.00655 10
 -86.000   30.000  0.00609 17
 -86.000   31.000  0.02510 26
 -86.000   32.000  0.01318 51
 -86.000   33.000  0.00708 45
 -86.000   34.000 -0.00425 33
 -86.000   35.000 -0.00571 57
 -86.000   36.000 -0.00878 126
 -86.000   37.000 -0.00750 58
 -86.000   38.000 -0.00397 92
 -86.000   39.000  0.00301 65
 -86.000   40.000  0.00804 66
 -86.000   41.000  0.01786 51
 -86.000   42.000  0.01817 32
 -86.000   43.000  0.01445 17
 -86.000   44.000  0.01653 33
 -86.000   45.000  0.01055 16
 -86.000   46.000  0.00108 21
 -86.000   47.000 -0.00234 13
 -86.000   48.000  0.00211 9
 -86.000   49.000 -0.00555 5
 -86.000   50.000 -0.00262 3
 -85.000   25.000  0.01049 0
 -85.000   26.000 -0.01604 0
 -85.000   27.000 -0.00443 0
 -85.000   28.000  0.00487 10
 -85.000   29.000  0.01117 14
 -85.000   30.000  0.00562 15
 -85.000   31.000  0.02415 52
 -85.000   32.000  0.01424 65
 -85.000   33.000  0.00350 129
 -85.000   34.000 -0.00617 50
 -85.000   35.000 -0.00798 67
 -85.000   36.000 -0.01036 110
 -85.000   37.000 -0.01001 81
 -85.000   38.000 -0.00590 77
 -85.000   39.000  0.00252 61
 -85.000   40.000  0.00628 50
 -85.000   41.000  0.01461 30
 -85.000   42.000  0.01455 42
 -85.000   43.000  0.01132 58
 -85.000   44.000  0.01051 21
 -85.000   45.000  0.00460 16
 -85.000   46.000 -0.00068 12
 -85.000   47.000 -0.00462 18
 -85.000   48.000 -0.00825 5
 -85.000   49.000 -0.01560 4
 -85.000   50.000 -0.01545 1
 -84.000   25.000  0.00503 0
 -84.000   26.000 -0.01046 0
 -84.000   27.000  0.00045 0
 -84.000   28.000  0.00499 13
 -84.000   29.000  0.01426 23
 -84.000   30.000  0.00694 47
 -84.000   31.000  0.01700 49
 -84.000   32.000  0.00820 68
 -84.000   33.000  0.00185 100
 -84.000   34.000 -0.00711 68
 -84.000   35.000 -0.00742 102
 -84.000   36.000 -0.00893 73
 -84.000   37.000 -0.00879 79
 -84.000   38.000 -0.00578 71
 -84.000   39.000  0.00377 51
 -84.000   40.000  0.00696 60
 -84.000   41.000  0.01532 59
 -84.000   42.000  0.01399 54
 -84.000   43.000  0.01071 38
 -84.000   44.000  0.00698 31
 -84.000   45.000  0.00131 27
 -84.000   46.000 -0.00504 13
 -84.000   47.000 -0.01210 13
 -84.000   48.000 -0.01914 4
 -84.000   49.000 -0.02618 2
 -84.000   50.000 -0.02951 16
 -83.000   25.000  0.00684 0
 -83.000   26.000 -0.00930 0
 -83.000   27.000  0.00241 4
 -83.000   28.000  0.00552 14
 -83.000   29.000  0.01651 34
 -83.000   30.000  0.00599 51
 -83.000   31.000  0.01715 51
 -83.000   32.000  0.00549 103
 -83.000   33.000 -0.00290 99
 -83.000   34.000 -0.00788 64
 -83.000   35.000 -0.00879 68
 -83.000   36.000 -0.01143 51
 -83.000   37.000 -0.01038 59
 -83.000   38.000 -0.00690 64
 -83.000   39.000 -0.00033 63
 -83.000   40.000  0.00250 83
 -83.000   41.000  0.01030 63
 -83.000   42.000  0.01250 44
 -83.000   43.000  0.00852 23
 -83.000   44.000  0.00373 15
 -83.000   45.000 -0.00577 15
 -83.000   46.000 -0.01364 5
 -83.000   47.000 -0.02179 4
 -83.000   48.000 -0.02268 9
 -83.000   49.000 -0.02606 5
 -83.000   50.000 -0.02214 2
 -82.000   25.000  0.01806 6
 -82.000   26.000  0.01054 4
 -82.000   27.000  0.01742 30
 -82.000   28.000 -0.00515 28
 -82.000   29.000  0.00005 30
 -82.000   30.000 -0.00625 22
 -82.000   31.000 -0.00139 23
 -82.000   32.000 -0.00815 26
 -82.000   33.000  0.00115 43
 -82.000   34.000  0.00285 27
 -82.000   35.000 -0.00180 42
 -82.000   36.000 -0.00784 54
 -82.000   37.000 -0.01170 63
 -82.000   38.000 -0.00909 59
 -82.000   39.000 -0.00474 60
 -82.000   40.000 -0.00437 79
 -82.000   41.000  0.00325 36
 -82.000   42.000  0.00735 58
 -82.000   43.000  0.00503 16
 -82.000   44.000  0.00049 20
 -82.000   45.000 -0.00922 24
 -82.000   46.000 -0.02057 7
 -82.000   47.000 -0.02264 21
 -82.000   48.000 -0.02918 22
 -82.000   49.000 -0.03281 1
 -82.000   50.000 -0.02702 2
 -81.000   25.000  0.02094 8
 -81.000   26.000  0.01632 6
 -81.000   27.000  0.02085 8
 -81.000   28.000 -0.00189 15
 -81.000   29.000  0.00519 6
 -81.000   30.000 -0.00354 8
 -81.000   31.000 -0.00112 14
 -81.000   32.000 -0.00662 18
 -81.000   33.000  0.00340 40
 -81.000   34.000  0.00510 43
 -81.000   35.000  0.00225 55
 -81.000   36.000 -0.00491 59
 -81.000   37.000 -0.00930 95
 -81.000   38.000 -0.00647 91
 -81.000   39.000 -0.00577 57
 -81.000   40.000 -0.00549 83
 -81.000   41.000  0.00347 37
 -81.000   42.000  0.00954 66
 -81.000   43.000  0.00617 39
 -81.000   44.000  0.00296 18
 -81.000   45.000 -0.00764 19
 -81.000   46.000 -0.01786 7
 -81.000   47.000 -0.02333 13
 -81.000   48.000 -0.03047 9
 -81.000   49.000 -0.03388 1
 -81.000   50.000 -0.02866 1
 -80.000   25.000  0.01045 5
 -80.000   26.000  0.02450 0
 -80.000   27.000  0.02794 3
 -80.000   28.000  0.00418 3
 -80.000   29.000  0.01193 1
 -80.000   30.000  0.01078 1
 -80.000   31.000 -0.00007 13
 -80.000   32.000 -0.00564 20
 -80.000   33.000  0.00937 27
 -80.000   34.000  0.01167 40
 -80.000   35.000  0.00685 41
 -80.000   36.000  0.00062 53
 -80.000   37.000 -0.00283 84
 -80.000   38.000 -0.00344 60
 -80.000   39.000 -0.00429 109
 -80.000   40.000 -0.00484 86
 -80.000   41.000  0.00414 34
 -80.000   42.000  0.00841 44
 -80.000   43.000  0.00594 22
 -80.000   44.000  0.00554 26
 -80.000   45.000 -0.00252 9
 -80.000   46.000 -0.01279 32
 -80.000   47.000 -0.01511 11
 -80.000   48.000 -0.02117 14
 -80.000   49.000 -0.02542 1
 -80.000   50.000 -0.01905 6
 -79.000   25.000  0.01591 0
 -79.000   26.000  0.02772 0
 -79.000   27.000  0.02759 1
 -79.000   28.000  0.00536 3
 -79.000   29.000  0.00808 0
 -79.000   30.000  0.00829 0
 -79.000   31.000 -0.00046 2
 -79.000   32.000 -0.00313 26
 -79.000   33.000  0.01092 17
 -79.000   34.000  0.01455 18
 -79.000   35.000  0.00956 36
 -79.000   36.000  0.00148 75
 -79.000   37.000 -0.00101 59
 -79.000   38.000 -0.00144 44
 -79.000   39.000 -0.00454 97
 -79.000   40.000 -0.00736 53
 -79.000   41.000  0.00025 61
 -79.000   42.000  0.00225 56
 -79.000   43.000 -0.00020 58
 -79.000   44.000  0.00362 34
 -79.000   45.000 -0.00460 24
 -79.000   46.000 -0.00884 10
 -79.000   47.000 -0.00783 8
 -79.000   48.000 -0.01084 16
 -79.000   49.000 -0.01574 12
 -79.000   50.000 -0.00317 3
 -78.000   25.000  0.01410 0
 -78.000   26.000  0.02642 0
 -78.000   27.000  0.02360 0
 -78.000   28.000  0.00108 1
 -78.000   29.000 -0.00097 0
 -78.000   30.000  0.00217 0
 -78.000   31.000 -0.00634 0
 -78.000   32.000 -0.00592 10
 -78.000   33.000  0.00979 11
 -78.000   34.000  0.01344 23
 -78.000   35.000  0.01013 18
 -78.000   36.000  0.00255 69
 -78.000   37.000  0.00178 59
 -78.000   38.000  0.00122 70
 -78.000   39.000 -0.00192 66
 -78.000   40.000 -0.00678 75
 -78.000   41.000 -0.00144 58
 -78.000   42.000 -0.00435 55
 -78.000   43.000 -0.00490 45
 -78.000   44.000  0.00076 38
 -78.000   45.000 -0.00217 27
 -78.000   46.000 -0.00424 20
 -78.000   47.000  0.00126 11
 -78.000   48.000 -0.00360 15
 -78.000   49.000 -0.00965 3
 -78.000   50.000 -0.00199 0
 -77.000   25.000  0.00288 0
 -77.000   26.000  0.01464 0
 -77.000   27.000  0.01171 0
 -77.000   28.000  0.01171 0
 -77.000   29.000  0.01291 0
 -77.000   30.000  0.01238 0
 -77.000   31.000  0.00573 0
 -77.000   32.000  0.00498 0
 -77.000   33.000  0.00599 7
 -77.000   34.000  0.00446 9
 -77.000   35.000  0.00428 37
 -77.000   36.000 -0.00047 37
 -77.000   37.000  0.00366 41
 -77.000   38.000  0.00430 29
 -77.000   39.000  0.00387 66
 -77.000   40.000  0.00045 63
 -77.000   41.000  0.00274 64
 -77.000   42.000 -0.00027 66
 -77.000   43.000 -0.00156 48
 -77.000   44.000  0.00365 49
 -77.000   45.000  0.00324 44
 -77.000   46.000  0.00290 14
 -77.000   47.000  0.00405 21
 -77.000   48.000  0.00122 7
 -77.000   49.000 -0.00404 2
 -77.000   50.000 -0.00069 0
 -76.000   25.000  0.00000 0
 -76.000   26.000  0.01589 0
 -76.000   27.000  0.01271 0
 -76.000   28.000  0.01271 0
 -76.000   29.000  0.01271 0
 -76.000   30.000  0.01458 0
 -76.000   31.000  0.00360 0
 -76.000   32.000  0.00264 0
 -76.000   33.000  0.00397 9
 -76.000   34.000 -0.00098 8
 -76.000   35.000  0.00015 14
 -76.000   36.000 -0.00138 12
 -76.000   37.000  0.00452 22
 -76.000   38.000  0.00486 47
 -76.000   39.000  0.00982 61
 -76.000   40.000  0.00410 62
 -76.000   41.000  0.00426 78
 -76.000   42.000 -0.00122 113
 -76.000   43.000 -0.00116 52
 -76.000   44.000  0.00279 58
 -76.000   45.000  0.00401 43
 -76.000   46.000  0.00511 27
 -76.000   47.000  0.00749 30
 -76.000   48.000  0.00577 19
 -76.000   49.000  0.00226 3
 -76.000   50.000  0.00551 0
 -75.000   25.000  0.00000 0
 -75.000   26.000  0.00000 0
 -75.000   27.000  0.00000 0
 -75.000   28.000  0.00000 0
 -75.000   29.000  0.00000 0
 -75.000   30.000  0.00000 0
 -75.000   31.000  0.00203 0
 -75.000   32.000  0.00043 0
 -75.000   33.000 -0.00124 0
 -75.000   34.000 -0.00654 3
 -75.000   35.000 -0.00447 3
 -75.000   36.000 -0.00534 10
 -75.000   37.000 -0.00049 26
 -75.000   38.000  0.00323 48
 -75.000   39.000  0.00947 40
 -75.000   40.000  0.00590 44
 -75.000   41.000  0.00558 49
 -75.000   42.000  0.00243 209
 -75.000   43.000  0.00249 77
 -75.000   44.000  0.00306 66
 -75.000   45.000  0.00235 83
 -75.000   46.000  0.00194 35
 -75.000   47.000  0.00224 20
 -75.000   48.000  0.00013 7
 -75.000   49.000 -0.00174 0
 -75.000   50.000  0.00138 0
 -74.000   25.000  0.00000 0
 -74.000   26.000  0.00000 0
 -74.000   27.000  0.00000 0
 -74.000   28.000  0.00000 0
 -74.000   29.000  0.00000 0
 -74.000   30.000  0.00000 0
 -74.000   31.000  0.00133 0
 -74.000   32.000 -0.00199 0
 -74.000   33.000 -0.00385 0
 -74.000   34.000 -0.00897 0
 -74.000   35.000 -0.00655 0
 -74.000   36.000 -0.00625 2
 -74.000   37.000 -0.00256 3
 -74.000   38.000  0.00057 38
 -74.000   39.000  0.00933 144
 -74.000   40.000  0.00726 54
 -74.000   41.000  0.00761 83
 -74.000   42.000  0.00912 106
 -74.000   43.000  0.01087 84
 -74.000   44.000  0.00820 71
 -74.000   45.000  0.00737 66
 -74.000   46.000  0.00399 30
 -74.000   47.000  0.00452 20
 -74.000   48.000  0.00149 9
 -74.000   49.000  0.00065 0
 -74.000   50.000  0.00166 0
 -73.000   25.000  0.00000 0
 -73.000   26.000  0.00000 0
 -73.000   27.000  0.00000 0
 -73.000   28.000  0.00000 0
 -73.000   29.000  0.00000 0
 -73.000   30.000  0.00000 0
 -73.000   31.000  0.00000 0
 -73.000   32.000 -0.00301 0
 -73.000   33.000 -0.00341 0
 -73.000   34.000 -0.00893 0
 -73.000   35.000 -0.00716 0
 -73.000   36.000 -0.00592 0
 -73.000   37.000 -0.00556 1
 -73.000   38.000 -0.00389 6
 -73.000   39.000  0.00681 47
 -73.000   40.000  0.00635 43
 -73.000   41.000  0.00964 51
 -73.000   42.000  0.01335 70
 -73.000   43.000  0.01419 72
 -73.000   44.000  0.00966 61
 -73.000   45.000  0.00918 59
 -73.000   46.000  0.00419 18
 -73.000   47.000  0.00273 16
 -73.000   48.000  0.00063 9
 -73.000   49.000 -0.00004 0
 -73.000   50.000 -0.00142 0
 -72.000   25.000  0.00000 0
 -72.000   26.000  0.00000 0
 -72.000   27.000  0.00000 0
 -72.000   28.000  0.00000 0
 -72.000   29.000  0.00000 0
 -72.000   30.000  0.00000 0
 -72.000   31.000  0.00000 0
 -72.000   32.000  0.00000 0
 -72.000   33.000  0.00000 0
 -72.000   34.000 -0.00346 0
 -72.000   35.000 -0.00179 0
 -72.000   36.000 -0.00100 0
 -72.000   37.000 -0.00488 0
 -72.000   38.000 -0.00816 1
 -72.000   39.000 -0.00440 16
 -72.000   40.000 -0.00314 49
 -72.000   41.000  0.00099 38
 -72.000   42.000  0.00535 75
 -72.000   43.000  0.00943 69
 -72.000   44.000  0.00756 48
 -72.000   45.000  0.00527 53
 -72.000   46.000  0.00052 27
 -72.000   47.000 -0.00037 16
 -72.000   48.000 -0.00116 13
 -72.000   49.000  0.00051 1
 -72.000   50.000 -0.00040 0
 -71.000   25.000  0.00000 0
 -71.000   26.000  0.00000 0
 -71.000   27.000  0.00000 0
 -71.000   28.000  0.00000 0
 -71.000   29.000  0.00000 0
 -71.000   30.000  0.00000 0
 -71.000   31.000  0.00000 0
 -71.000   32.000  0.00000 0
 -71.000   33.000  0.00000 0
 -71.000   34.000  0.00000 0
 -71.000   35.000 -0.00100 0
 -71.000   36.000 -0.00004 0
 -71.000   37.000 -0.00433 0
 -71.000   38.000 -0.00938 0
 -71.000   39.000 -0.00844 27
 -71.000   40.000 -0.00236 20
 -71.000   41.000  0.00161 20
 -71.000   42.000  0.00515 56
 -71.000   43.000  0.00855 40
 -71.000   44.000  0.00613 36
 -71.000   45.000  0.00126 43
 -71.000   46.000 -0.00350 29
 -71.000   47.000 -0.00315 21
 -71.000   48.000 -0.00150 19
 -71.000   49.000 -0.00001 2
 -71.000   50.000 -0.00038 0
 -70.000   25.000  0.00000 0
 -70.000   26.000  0.00000 0
 -70.000   27.000  0.00000 0
 -70.000   28.000  0.00000 0
 -70.000   29.000  0.00000 0
 -70.000   30.000  0.00000 0
 -70.000   31.000  0.00000 0
 -70.000   32.000  0.00000 0
 -70.000   33.000  0.00000 0
 -70.000   34.000  0.00000 0
 -70.000   35.000  0.00000 0
 -70.000   36.000 -0.00026 0
 -70.000   37.000 -0.00432 0
 -70.000   38.000 -0.01005 0
 -70.000   39.000 -0.01208 7
 -70.000   40.000 -0.00823 14
 -70.000   41.000 -0.00370 6
 -70.000   42.000 -0.00037 18
 -70.000   43.000  0.00238 28
 -70.000   44.000  0.00397 37
 -70.000   45.000  0.00245 42
 -70.000   46.000 -0.00062 34
 -70.000   47.000 -0.00031 25
 -70.000   48.000  0.00445 30
 -70.000   49.000  0.00612 0
 -70.000   50.000  0.00427 0
 -69.000   25.000  0.00000 0
 -69.000   26.000  0.00000 0
 -69.000   27.000  0.00000 0
 -69.000   28.000  0.00000 0
 -69.000   29.000  0.00000 0
 -69.000   30.000  0.00000 0
 -69.000   31.000  0.00000 0
 -69.000   32.000  0.00000 0
 -69.000   33.000  0.00000 0
 -69.000   34.000  0.00000 0
 -69.000   35.000  0.00000 0
 -69.000   36.000  0.00000 0
 -69.000   37.000 -0.00211 0
 -69.000   38.000 -0.00743 0
 -69.000   39.000 -0.01136 0
 -69.000   40.000  0.00054 1
 -69.000   41.000  0.00400 2
 -69.000   42.000  0.00090 8
 -69.000   43.000  0.00559 38
 -69.000   44.000  0.00776 38
 -69.000   45.000 -0.00110 40
 -69.000   46.000 -0.00551 31
 -69.000   47.000 -0.00146 37
 -69.000   48.000  0.00829 16
 -69.000   49.000  0.01256 0
 -69.000   50.000  0.01168 0
 -68.000   25.000  0.00000 0
 -68.000   26.000  0.00000 0
 -68.000   27.000  0.00000 0
 -68.000   28.000  0.00000 0
 -68.000   29.000  0.00000 0
 -68.000   30.000  0.00000 0
 -68.000   31.000  0.00000 0
 -68.000   32.000  0.00000 0
 -68.000   33.000  0.00000 0
 -68.000   34.000  0.00000 0
 -68.000   35.000  0.00000 0
 -68.000   36.000  0.00000 0
 -68.000   37.000 -0.00029 0
 -68.000   38.000 -0.00471 0
 -68.000   39.000 -0.00936 0
 -68.000   40.000  0.00219 0
 -68.000   41.000  0.00916 3
 -68.000   42.000  0.00897 6
 -68.000   43.000  0.01199 22
 -68.000   44.000  0.01516 30
 -68.000   45.000  0.00867 19
 -68.000   46.000  0.00253 35
 -68.000   47.000  0.00300 23
 -68.000   48.000  0.00770 13
 -68.000   49.000  0.01147 0
 -68.000   50.000  0.00685 10
 -67.000   25.000  0.00000 0
 -67.000   26.000  0.00000 0
 -67.000   27.000  0.00000 0
 -67.000   28.000  0.00000 0
 -67.000   29.000  0.00000 0
 -67.000   30.000  0.00000 0
 -67.000   31.000  0.00000 0
 -67.000   32.000  0.00000 0
 -67.000   33.000  0.00000 0
 -67.000   34.000  0.00000 0
 -67.000   35.000  0.00000 0
 -67.000   36.000  0.00000 0
 -67.000   37.000  0.00000 0
 -67.000   38.000 -0.00090 0
 -67.000   39.000 -0.00110 0
 -67.000   40.000  0.00835 0
 -67.000   41.000  0.02083 0
 -67.000   42.000  0.01554 1
 -67.000   43.000  0.01888 18
 -67.000   44.000  0.01929 6
 -67.000   45.000  0.01853 12
 -67.000   46.000  0.01184 19
 -67.000   47.000  0.01713 21
 -67.000   48.000  0.02160 15
 -67.000   49.000  0.02674 0
 -67.000   50.000  0.02118 1
 -66.000   25.000  0.00000 0
 -66.000   26.000  0.00000 0
 -66.000   27.000  0.00000 0
 -66.000   28.000  0.00000 0
 -66.000   29.000  0.00000 0
 -66.000   30.000  0.00000 0
 -66.000   31.000  0.00000 0
 -66.000   32.000  0.00000 0
 -66.000   33.000  0.00000 0
 -66.000   34.000  0.00000 0
 -66.000   35.000  0.00000 0
 -66.000   36.000  0.00000 0
 -66.000   37.000  0.00000 0
 -66.000   38.000  0.00000 0
 -66.000   39.000 -0.00222 0
 -66.000   40.000  0.00760 0
 -66.000   41.000  0.02153 0
 -66.000   42.000  0.01556 0
 -66.000   43.000  0.02024 1
 -66.000   44.000  0.02243 3
 -66.000   45.000  0.02315 9
 -66.000   46.000  0.01662 9
 -66.000   47.000  0.02259 9
 -66.000   48.000  0.02654 7
 -66.000   49.000  0.03322 0
 -66.000   50.000  0.02673 1
 -65.000   25.000  0.00000 0
 -65.000   26.000  0.00000 0
 -65.000   27.000  0.00000 0
 -65.000   28.000  0.00000 0
 -65.000   29.000  0.00000 0
 -65.000   30.000  0.00000 0
 -65.000   31.000  0.00000 0
 -65.000   32.000  0.00000 0
 -65.000   33.000  0.00000 0
 -65.000   34.000  0.00000 0
 -65.000   35.000  0.00000 0
 -65.000   36.000  0.00000 0
 -65.000   37.000  0.00000 0
 -65.000   38.000  0.00000 0
 -65.000   39.000  0.00000 0
 -65.000   40.000  0.01442 0
 -65.000   41.000  0.03302 0
 -65.000   42.000  0.02641 0
 -65.000   43.000  0.03491 1
 -65.000   44.000  0.03488 1
 -65.000   45.000  0.03272 1
 -65.000   46.000  0.02443 4
 -65.000   47.000  0.03104 2
 -65.000   48.000  0.03110 3
 -65.000   49.000  0.03890 0
 -65.000   50.000  0.03144 4
