-130.000   25.000  0.05208 0
-130.000   26.000  0.02412 0
-130.000   27.000 -0.01462 0
-130.000   28.000 -0.09218 0
-130.000   29.000 -0.14500 4
-130.000   30.000 -0.17625 0
-130.000   31.000 -0.16429 0
-130.000   32.000 -0.13038 0
-130.000   33.000 -0.07628 0
-130.000   34.000 -0.02377 0
-130.000   35.000 -0.02582 0
-130.000   36.000 -0.02940 0
-130.000   37.000 -0.03815 0
-130.000   38.000 -0.04023 0
-130.000   39.000  0.00345 0
-130.000   40.000 -0.02033 2
-130.000   41.000 -0.03738 7
-130.000   42.000 -0.03027 1
-130.000   43.000  0.00569 7
-130.000   44.000 -0.04735 8
-130.000   45.000 -0.01903 12
-130.000   46.000 -0.02453 7
-130.000   47.000 -0.15721 9
-130.000   48.000 -0.32751 4
-130.000   49.000 -0.39732 5
-130.000   50.000 -0.53389 25
-129.000   25.000  0.04551 0
-129.000   26.000 -0.00261 0
-129.000   27.000 -0.02752 4
-129.000   28.000 -0.08569 5
-129.000   29.000 -0.12531 3
-129.000   30.000 -0.15261 1
-129.000   31.000 -0.12322 1
-129.000   32.000 -0.10120 0
-129.000   33.000 -0.05832 0
-129.000   34.000 -0.02052 0
-129.000   35.000 -0.02385 1
-129.000   36.000 -0.02715 1
-129.000   37.000 -0.03199 2
-129.000   38.000 -0.03456 4
-129.000   39.000 -0.00304 3
-129.000   40.000 -0.02028 7
-129.000   41.000 -0.03242 11
-129.000   42.000 -0.02459 10
-129.000   43.000  0.00087 19
-129.000   44.000 -0.05442 15
-129.000   45.000 -0.03044 13
-129.000   46.000 -0.04685 13
-129.000   47.000 -0.18267 5
-129.000   48.000 -0.36488 3
-129.000   49.000 -0.42413 11
-129.000   50.000 -0.57118 7
-128.000   25.000 -0.00250 0
-128.000   26.000 -0.06630 0
-128.000   27.000 -0.07339 2
-128.000   28.000 -0.11993 11
-128.000   29.000 -0.15162 0
-128.000   30.000 -0.15114 3
-128.000   31.000 -0.10138 0
-128.000   32.000 -0.08719 0
-128.000   33.000 -0.05620 0
-128.000   34.000 -0.02606 0
-128.000   35.000 -0.02905 5
-128.000   36.000 -0.03116 4
-128.000   37.000 -0.03098 5
-128.000   38.000 -0.02167 14
-128.000   39.000  0.01029 9
-128.000   40.000 -0.00147 5
-128.000   41.000 -0.00742 9
-128.000   42.000 -0.00366 8
-128.000   43.000  0.01189 10
-128.000   44.000 -0.05355 10
-128.000   45.000 -0.02929 9
-128.000   46.000 -0.04347 9
-128.000   47.000 -0.16578 12
-128.000   48.000 -0.34042 6
-128.000   49.000 -0.38175 2
-128.000   50.000 -0.52312 12
-127.000   25.000 -0.00250 0
-127.000   26.000 -0.06630 0
-127.000   27.000 -0.06652 2
-127.000   28.000 -0.11079 11
-127.000   29.000 -0.14225 0
-127.000   30.000 -0.14178 0
-127.000   31.000 -0.09150 0
-127.000   32.000 -0.08356 0
-127.000   33.000 -0.05722 0
-127.000   34.000 -0.03097 6
-127.000   35.000 -0.02933 3
-127.000   36.000 -0.03193 12
-127.000   37.000 -0.03318 16
-127.000   38.000 -0.00734 13
-127.000   39.000 -0.00148 13
-127.000   40.000 -0.00581 9
-127.000   41.000 -0.00507 7
-127.000   42.000  0.00172 12
-127.000   43.000  0.00360 9
-127.000   44.000 -0.02724 7
-127.000   45.000 -0.01601 14
-127.000   46.000 -0.01627 24
-127.000   47.000 -0.12420 5
-127.000   48.000 -0.29785 6
-127.000   49.000 -0.33456 6
-127.000   50.000 -0.45862 11
-126.000   25.000 -0.02124 0
-126.000   26.000 -0.07753 0
-126.000   27.000 -0.05738 10
-126.000   28.000 -0.07424 3
-126.000   29.000 -0.07936 0
-126.000   30.000 -0.06486 0
-126.000   31.000 -0.01417 0
-126.000   32.000 -0.02628 2
-126.000   33.000 -0.01590 1
-126.000   34.000 -0.01766 5
-126.000   35.000 -0.01630 8
-126.000   36.000 -0.02283 10
-126.000   37.000 -0.02289 8
-126.000   38.000 -0.01271 4
-126.000   39.000 -0.00843 8
-126.000   40.000 -0.00827 7
-126.000   41.000  0.00368 14
-126.000   42.000  0.02010 11
-126.000   43.000  0.03520 12
-126.000   44.000  0.00942 5
-126.000   45.000  0.01856 11
-126.000   46.000  0.00871 48
-126.000   47.000 -0.08506 9
-126.000   48.000 -0.23898 10
-126.000   49.000 -0.26327 5
-126.000   50.000 -0.37170 10
-125.000   25.000 -0.03375 0
-125.000   26.000 -0.08077 0
-125.000   27.000 -0.05555 0
-125.000   28.000 -0.05180 0
-125.000   29.000 -0.05820 0
-125.000   30.000 -0.03259 1
-125.000   31.000  0.01553 2
-125.000   32.000 -0.00014 0
-125.000   33.000 -0.00621 22
-125.000   34.000 -0.00790 19
-125.000   35.000 -0.00860 17
-125.000   36.000 -0.01851 13
-125.000   37.000 -0.01847 10
-125.000   38.000 -0.01391 11
-125.000   39.000 -0.00531 8
-125.000   40.000 -0.00562 11
-125.000   41.000  0.00964 12
-125.000   42.000  0.02457 14
-125.000   43.000  0.03919 15
-125.000   44.000  0.02091 20
-125.000   45.000  0.02784 27
-125.000   46.000  0.01882 16
-125.000   47.000 -0.06363 10
-125.000   48.000 -0.17337 10
-125.000   49.000 -0.19451 7
-125.000   50.000 -0.27813 5
-124.000   25.000 -0.03891 0
-124.000   26.000 -0.06365 0
-124.000   27.000 -0.03959 0
-124.000   28.000 -0.03442 0
-124.000   29.000 -0.04052 2
-124.000   30.000 -0.01154 1
-124.000   31.000  0.02021 2
-124.000   32.000  0.00574 6
-124.000   33.000 -0.00443 16
-124.000   34.000 -0.00462 12
-124.000   35.000 -0.00459 24
-124.000   36.000 -0.01287 15
-124.000   37.000 -0.02047 31
-124.000   38.000 -0.01526 13
-124.000   39.000 -0.00588 12
-124.000   40.000 -0.01233 23
-124.000   41.000 -0.00142 14
-124.000   42.000  0.01623 26
-124.000   43.000  0.03440 26
-124.000   44.000  0.02831 24
-124.000   45.000  0.03927 14
-124.000   46.000  0.03795 4
-124.000   47.000 -0.03143 11
-124.000   48.000 -0.10454 15
-124.000   49.000 -0.12694 5
-124.000   50.000 -0.18619 3
-123.000   25.000 -0.00028 0
-123.000   26.000  0.00471 0
-123.000   27.000  0.01834 0
-123.000   28.000  0.02246 0
-123.000   29.000  0.01902 1
-123.000   30.000  0.02781 6
-123.000   31.000  0.02959 6
-123.000   32.000  0.01447 25
-123.000   33.000  0.00656 44
-123.000   34.000  0.00225 28
-123.000   35.000  0.00251 30
-123.000   36.000 -0.00414 18
-123.000   37.000 -0.01853 44
-123.000   38.000 -0.02795 18
-123.000   39.000 -0.02364 17
-123.000   40.000 -0.03510 21
-123.000   41.000 -0.03144 18
-123.000   42.000 -0.00621 26
-123.000   43.000  0.02373 24
-123.000   44.000  0.04014 14
-123.000   45.000  0.04825 4
-123.000   46.000  0.05143 6
-123.000   47.000 -0.02845 6
-123.000   48.000 -0.07243 11
-123.000   49.000 -0.10676 3
-123.000   50.000 -0.15156 6
-122.000   25.000 -0.00028 0
-122.000   26.000  0.01125 0
-122.000   27.000  0.02659 0
-122.000   28.000  0.03185 2
-122.000   29.000  0.03145 5
-122.000   30.000  0.04274 17
-122.000   31.000  0.04250 22
-122.000   32.000  0.02253 24
-122.000   33.000  0.01898 24
-122.000   34.000  0.01615 17
-122.000   35.000  0.01022 23
-122.000   36.000  0.00058 31
-122.000   37.000 -0.01334 29
-122.000   38.000 -0.02634 36
-122.000   39.000 -0.02199 23
-122.000   40.000 -0.03812 29
-122.000   41.000 -0.03646 18
-122.000   42.000 -0.01612 21
-122.000   43.000  0.01272 14
-122.000   44.000  0.02664 10
-122.000   45.000  0.04502 6
-122.000   46.000  0.03512 12
-122.000   47.000 -0.01590 13
-122.000   48.000 -0.03095 13
-122.000   49.000 -0.05747 16
-122.000   50.000 -0.08905 6
-121.000   25.000 -0.03519 0
-121.000   26.000 -0.00818 0
-121.000   27.000  0.01102 2
-121.000   28.000  0.03491 4
-121.000   29.000  0.04097 20
-121.000   30.000  0.06176 31
-121.000   31.000  0.05652 13
-121.000   32.000  0.03713 49
-121.000   33.000  0.02581 20
-121.000   34.000  0.01877 20
-121.000   35.000  0.01262 12
-121.000   36.000  0.00552 18
-121.000   37.000 -0.00705 25
-121.000   38.000 -0.01564 16
-121.000   39.000 -0.01705 21
-121.000   40.000 -0.03373 24
-121.000   41.000 -0.03980 18
-121.000   42.000 -0.02687 21
-121.000   43.000 -0.01234 22
-121.000   44.000 -0.00136 15
-121.000   45.000  0.01649 17
-121.000   46.000  0.00973 12
-121.000   47.000 -0.03394 14
-121.000   48.000 -0.03369 9
-121.000   49.000 -0.05241 3
-121.000   50.000 -0.08251 5
-120.000   25.000 -0.03535 0
-120.000   26.000 -0.00632 0
-120.000   27.000  0.00708 0
-120.000   28.000  0.03531 10
-120.000   29.000  0.04595 13
-120.000   30.000  0.06352 12
-120.000   31.000  0.05698 9
-120.000   32.000  0.04394 25
-120.000   33.000  0.02974 29
-120.000   34.000  0.02485 20
-120.000   35.000  0.02161 12
-120.000   36.000  0.01706 17
-120.000   37.000  0.00565 22
-120.000   38.000 -0.00597 28
-120.000   39.000 -0.01733 26
-120.000   40.000 -0.03529 19
-120.000   41.000 -0.04574 12
-120.000   42.000 -0.03749 17
-120.000   43.000 -0.02472 26
-120.000   44.000 -0.01354 21
-120.000   45.000  0.00850 8
-120.000   46.000  0.00821 8
-120.000   47.000 -0.02282 10
-120.000   48.000 -0.02917 6
-120.000   49.000 -0.04298 4
-120.000   50.000 -0.07410 8
-119.000   25.000 -0.04192 1
-119.000   26.000 -0.01219 2
-119.000   27.000  0.00219 4
-119.000   28.000  0.03842 4
-119.000   29.000  0.04827 7
-119.000   30.000  0.06753 10
-119.000   31.000  0.06399 16
-119.000   32.000  0.05410 13
-119.000   33.000  0.04323 17
-119.000   34.000  0.03757 8
-119.000   35.000  0.03079 27
-119.000   36.000  0.02250 13
-119.000   37.000  0.01324 40
-119.000   38.000 -0.00308 37
-119.000   39.000 -0.01433 39
-119.000   40.000 -0.02434 42
-119.000   41.000 -0.03380 28
-119.000   42.000 -0.02952 24
-119.000   43.000 -0.01716 42
-119.000   44.000 -0.00543 22
-119.000   45.000  0.01454 17
-119.000   46.000  0.01922 4
-119.000   47.000  0.00285 7
-119.000   48.000  0.00757 3
-119.000   49.000  0.00045 3
-119.000   50.000 -0.02221 3
-118.000   25.000 -0.04290 0
-118.000   26.000 -0.01363 0
-118.000   27.000 -0.00071 5
-118.000   28.000  0.04266 11
-118.000   29.000  0.05011 7
-118.000   30.000  0.06414 17
-118.000   31.000  0.06761 10
-118.000   32.000  0.06347 19
-118.000   33.000  0.06000 14
-118.000   34.000  0.05785 15
-118.000   35.000  0.05149 17
-118.000   36.000  0.03455 18
-118.000   37.000  0.02509 16
-118.000   38.000  0.00250 25
-118.000   39.000 -0.01712 38
-118.000   40.000 -0.02305 45
-118.000   41.000 -0.02699 39
-118.000   42.000 -0.03304 28
-118.000   43.000 -0.02576 50
-118.000   44.000 -0.00862 21
-118.000   45.000  0.01243 19
-118.000   46.000  0.01423 0
-118.000   47.000  0.03040 3
-118.000   48.000  0.03352 1
-118.000   49.000  0.03346 3
-118.000   50.000  0.01826 1
-117.000   25.000 -0.04290 4
-117.000   26.000 -0.02532 1
-117.000   27.000 -0.01099 1
-117.000   28.000  0.03112 10
-117.000   29.000  0.03628 7
-117.000   30.000  0.05189 20
-117.000   31.000  0.06417 12
-117.000   32.000  0.06687 8
-117.000   33.000  0.06507 16
-117.000   34.000  0.05335 12
-117.000   35.000  0.04191 37
-117.000   36.000  0.02382 34
-117.000   37.000  0.00958 15
-117.000   38.000 -0.01565 23
-117.000   39.000 -0.02343 29
-117.000   40.000 -0.02474 40
-117.000   41.000 -0.02632 26
-117.000   42.000 -0.03119 30
-117.000   43.000 -0.02950 16
-117.000   44.000 -0.02099 19
-117.000   45.000 -0.00500 5
-117.000   46.000  0.00719 8
-117.000   47.000  0.01903 13
-117.000   48.000  0.03628 3
-117.000   49.000  0.04771 3
-117.000   50.000  0.04385 4
-116.000   25.000 -0.02913 1
-116.000   26.000 -0.02101 2
-116.000   27.000 -0.01234 2
-116.000   28.000  0.02230 4
-116.000   29.000  0.03227 10
-116.000   30.000  0.03635 14
-116.000   31.000  0.05320 12
-116.000   32.000  0.06690 10
-116.000   33.000  0.06548 19
-116.000   34.000  0.04921 12
-116.000   35.000  0.03090 60
-116.000   36.000  0.00719 12
-116.000   37.000 -0.01365 17
-116.000   38.000 -0.03778 23
-116.000   39.000 -0.03854 25
-116.000   40.000 -0.03071 35
-116.000   41.000 -0.02696 10
-116.000   42.000 -0.03750 21
-116.000   43.000 -0.03627 11
-116.000   44.000 -0.02392 16
-116.000   45.000 -0.01301 8
-116.000   46.000 -0.00285 10
-116.000   47.000  0.01765 22
-116.000   48.000  0.03129 5
-116.000   49.000  0.03461 2
-116.000   50.000  0.03680 8
-115.000   25.000 -0.02897 0
-115.000   26.000 -0.02405 0
-115.000   27.000 -0.01112 0
-115.000   28.000  0.02369 1
-115.000   29.000  0.03486 10
-115.000   30.000  0.05035 15
-115.000   31.000  0.07682 15
-115.000   32.000  0.09817 9
-115.000   33.000  0.09695 12
-115.000   34.000  0.07163 8
-115.000   35.000  0.03788 15
-115.000   36.000  0.00545 9
-115.000   37.000 -0.02524 23
-115.000   38.000 -0.04539 20
-115.000   39.000 -0.03747 41
-115.000   40.000 -0.01860 17
-115.000   41.000 -0.01461 14
-115.000   42.000 -0.02728 31
-115.000   43.000 -0.02794 13
-115.000   44.000 -0.01618 20
-115.000   45.000 -0.02086 14
-115.000   46.000 -0.01402 4
-115.000   47.000  0.00662 8
-115.000   48.000  0.02146 15
-115.000   49.000  0.02202 7
-115.000   50.000  0.03418 7
-114.000   25.000 -0.09029 3
-114.000   26.000 -0.10454 1
-114.000   27.000 -0.07655 0
-114.000   28.000 -0.03718 4
-114.000   29.000 -0.02262 11
-114.000   30.000  0.03370 8
-114.000   31.000  0.09786 7
-114.000   32.000  0.12119 7
-114.000   33.000  0.11866 9
-114.000   34.000  0.09294 6
-114.000   35.000  0.05270 21
-114.000   36.000  0.00576 7
-114.000   37.000 -0.02733 17
-114.000   38.000 -0.04823 14
-114.000   39.000 -0.04269 26
-114.000   40.000 -0.02407 22
-114.000   41.000 -0.01426 22
-114.000   42.000 -0.02867 16
-114.000   43.000 -0.03142 23
-114.000   44.000 -0.01938 8
-114.000   45.000 -0.02889 6
-114.000   46.000 -0.02157 8
-114.000   47.000  0.00731 7
-114.000   48.000  0.02199 20
-114.000   49.000  0.02518 4
-114.000   50.000  0.04727 12
-113.000   25.000 -0.16923 0
-113.000   26.000 -0.19195 0
-113.000   27.000 -0.15177 0
-113.000   28.000 -0.11380 1
-113.000   29.000 -0.08555 10
-113.000   30.000  0.02275 7
-113.000   31.000  0.11660 8
-113.000   32.000  0.14423 5
-113.000   33.000  0.13227 11
-113.000   34.000  0.10717 11
-113.000   35.000  0.05004 9
-113.000   36.000 -0.00241 11
-113.000   37.000 -0.03392 29
-113.000   38.000 -0.04138 11
-113.000   39.000 -0.02573 17
-113.000   40.000 -0.01032 27
-113.000   41.000 -0.00825 23
-113.000   42.000 -0.02027 13
-113.000   43.000 -0.03426 22
-113.000   44.000 -0.03304 10
-113.000   45.000 -0.04254 5
-113.000   46.000 -0.03318 4
-113.000   47.000 -0.01050 8
-113.000   48.000  0.01069 23
-113.000   49.000  0.01035 4
-113.000   50.000  0.03213 9
-112.000   25.000 -0.24397 3
-112.000   26.000 -0.25295 0
-112.000   27.000 -0.20710 2
-112.000   28.000 -0.15932 6
-112.000   29.000 -0.11079 9
-112.000   30.000  0.01218 13
-112.000   31.000  0.10906 8
-112.000   32.000  0.13918 7
-112.000   33.000  0.12330 5
-112.000   34.000  0.11388 13
-112.000   35.000  0.06645 7
-112.000   36.000  0.01778 9
-112.000   37.000 -0.00336 24
-112.000   38.000  0.00460 36
-112.000   39.000  0.00443 28
-112.000   40.000  0.01057 23
-112.000   41.000  0.01270 13
-112.000   42.000  0.00260 12
-112.000   43.000 -0.01483 11
-112.000   44.000 -0.01853 8
-112.000   45.000 -0.02808 10
-112.000   46.000 -0.03118 5
-112.000   47.000 -0.00478 11
-112.000   48.000  0.01117 11
-112.000   49.000  0.01085 7
-112.000   50.000  0.03184 4
-111.000   25.000 -0.29778 1
-111.000   26.000 -0.29586 2
-111.000   27.000 -0.24517 14
-111.000   28.000 -0.19963 15
-111.000   29.000 -0.13296 16
-111.000   30.000  0.00035 10
-111.000   31.000  0.09262 12
-111.000   32.000  0.11970 10
-111.000   33.000  0.11431 3
-111.000   34.000  0.12342 12
-111.000   35.000  0.08597 5
-111.000   36.000  0.05817 15
-111.000   37.000  0.04958 20
-111.000   38.000  0.06137 43
-111.000   39.000  0.04504 24
-111.000   40.000  0.04523 11
-111.000   41.000  0.04030 16
-111.000   42.000  0.02931 16
-111.000   43.000  0.00996 7
-111.000   44.000 -0.00766 12
-111.000   45.000 -0.02376 10
-111.000   46.000 -0.04037 8
-111.000   47.000 -0.00567 7
-111.000   48.000  0.00933 15
-111.000   49.000  0.01893 6
-111.000   50.000  0.04324 9
-110.000   25.000 -0.26607 5
-110.000   26.000 -0.25713 22
-110.000   27.000 -0.21570 26
-110.000   28.000 -0.17460 10
-110.000   29.000 -0.11233 18
-110.000   30.000  0.00195 8
-110.000   31.000  0.06832 12
-110.000   32.000  0.08008 5
-110.000   33.000  0.06071 4
-110.000   34.000  0.06889 6
-110.000   35.000  0.05005 4
-110.000   36.000  0.03651 15
-110.000   37.000  0.04183 18
-110.000   38.000  0.06880 16
-110.000   39.000  0.05238 17
-110.000   40.000  0.04206 16
-110.000   41.000  0.04145 18
-110.000   42.000  0.03618 10
-110.000   43.000  0.01036 11
-110.000   44.000 -0.00968 12
-110.000   45.000 -0.01566 11
-110.000   46.000 -0.03286 10
-110.000   47.000  0.00013 7
-110.000   48.000  0.01050 5
-110.000   49.000  0.02501 4
-110.000   50.000  0.04116 6
-109.000   25.000 -0.10540 15
-109.000   26.000 -0.12505 58
-109.000   27.000 -0.11860 29
-109.000   28.000 -0.11832 32
-109.000   29.000 -0.07243 27
-109.000   30.000 -0.01634 13
-109.000   31.000  0.03232 6
-109.000   32.000  0.04434 12
-109.000   33.000  0.02243 11
-109.000   34.000  0.02218 11
-109.000   35.000  0.00687 6
-109.000   36.000  0.00173 17
-109.000   37.000  0.01347 18
-109.000   38.000  0.05375 21
-109.000   39.000  0.05098 17
-109.000   40.000  0.05031 16
-109.000   41.000  0.05285 10
-109.000   42.000  0.04502 14
-109.000   43.000  0.00876 9
-109.000   44.000 -0.01430 14
-109.000   45.000 -0.02634 10
-109.000   46.000 -0.05473 6
-109.000   47.000 -0.01470 10
-109.000   48.000 -0.00137 7
-109.000   49.000  0.00893 5
-109.000   50.000  0.01655 6
-108.000   25.000  0.06942 37
-108.000   26.000  0.02820 23
-108.000   27.000  0.00365 23
-108.000   28.000 -0.02759 15
-108.000   29.000 -0.01813 9
-108.000   30.000 -0.02050 6
-108.000   31.000 -0.00243 14
-108.000   32.000  0.00581 10
-108.000   33.000 -0.01861 10
-108.000   34.000 -0.02446 7
-108.000   35.000 -0.02493 21
-108.000   36.000 -0.02096 23
-108.000   37.000 -0.00617 17
-108.000   38.000  0.03979 38
-108.000   39.000  0.04309 20
-108.000   40.000  0.04280 20
-108.000   41.000  0.05438 10
-108.000   42.000  0.04690 12
-108.000   43.000  0.01451 6
-108.000   44.000 -0.00903 8
-108.000   45.000 -0.02306 11
-108.000   46.000 -0.04617 14
-108.000   47.000 -0.00205 8
-108.000   48.000  0.00900 4
-108.000   49.000  0.02437 9
-108.000   50.000  0.04275 9
-107.000   25.000  0.25701 41
-107.000   26.000  0.18461 19
-107.000   27.000  0.13085 8
-107.000   28.000  0.05839 13
-107.000   29.000  0.00902 8
-107.000   30.000 -0.01355 3
-107.000   31.000 -0.00076 6
-107.000   32.000  0.00565 9
-107.000   33.000 -0.01866 5
-107.000   34.000 -0.02188 18
-107.000   35.000 -0.03348 21
-107.000   36.000 -0.04156 19
-107.000   37.000 -0.03382 21
-107.000   38.000  0.01037 15
-107.000   39.000  0.01633 13
-107.000   40.000  0.02267 11
-107.000   41.000  0.03647 8
-107.000   42.000  0.02976 12
-107.000   43.000 -0.00144 8
-107.000   44.000 -0.01710 8
-107.000   45.000 -0.03362 12
-107.000   46.000 -0.05436 16
-107.000   47.000 -0.01959 8
-107.000   48.000 -0.00571 5
-107.000   49.000  0.00533 5
-107.000   50.000  0.02445 6
-106.000   25.000  0.45170 12
-106.000   26.000  0.33919 14
-106.000   27.000  0.26706 7
-106.000   28.000  0.16680 8
-106.000   29.000  0.06057 6
-106.000   30.000  0.00787 3
-106.000   31.000  0.02306 4
-106.000   32.000  0.02267 9
-106.000   33.000 -0.00550 10
-106.000   34.000 -0.01930 11
-106.000   35.000 -0.03196 27
-106.000   36.000 -0.05608 13
-106.000   37.000 -0.06133 19
-106.000   38.000 -0.02716 11
-106.000   39.000 -0.00617 16
-106.000   40.000 -0.00580 22
-106.000   41.000  0.00629 12
-106.000   42.000  0.00130 13
-106.000   43.000 -0.03177 12
-106.000   44.000 -0.04283 13
-106.000   45.000 -0.05392 7
-106.000   46.000 -0.06069 12
-106.000   47.000 -0.03348 6
-106.000   48.000 -0.00887 9
-106.000   49.000 -0.00194 2
-106.000   50.000  0.01792 1
-105.000   25.000  0.50413 9
-105.000   26.000  0.39145 9
-105.000   27.000  0.32794 19
-105.000   28.000  0.22578 14
-105.000   29.000  0.08568 12
-105.000   30.000  0.03912 12
-105.000   31.000  0.05203 5
-105.000   32.000  0.03961 20
-105.000   33.000  0.01621 18
-105.000   34.000  0.01041 25
-105.000   35.000 -0.00927 9
-105.000   36.000 -0.04141 20
-105.000   37.000 -0.05398 19
-105.000   38.000 -0.03373 18
-105.000   39.000 -0.01672 25
-105.000   40.000 -0.01654 9
-105.000   41.000 -0.00947 13
-105.000   42.000 -0.02008 6
-105.000   43.000 -0.05083 15
-105.000   44.000 -0.05621 11
-105.000   45.000 -0.06553 12
-105.000   46.000 -0.06665 15
-105.000   47.000 -0.03853 4
-105.000   48.000 -0.01037 3
-105.000   49.000 -0.00921 4
-105.000   50.000  0.01243 3
-104.000   25.000  0.52580 8
-104.000   26.000  0.45622 11
-104.000   27.000  0.40006 11
-104.000   28.000  0.31569 8
-104.000   29.000  0.16871 12
-104.000   30.000  0.12328 18
-104.000   31.000  0.09229 13
-104.000   32.000  0.06574 41
-104.000   33.000  0.04451 23
-104.000   34.000  0.03914 26
-104.000   35.000  0.02416 22
-104.000   36.000  0.00333 19
-104.000   37.000 -0.00861 20
-104.000   38.000 -0.00361 16
-104.000   39.000 -0.00347 9
-104.000   40.000 -0.02142 8
-104.000   41.000 -0.02535 7
-104.000   42.000 -0.04212 12
-104.000   43.000 -0.06661 16
-104.000   44.000 -0.06962 7
-104.000   45.000 -0.07071 8
-104.000   46.000 -0.06089 7
-104.000   47.000 -0.04420 4
-104.000   48.000 -0.02313 3
-104.000   49.000 -0.02095 3
-104.000   50.000 -0.00220 3
-103.000   25.000  0.41883 4
-103.000   26.000  0.37346 7
-103.000   27.000  0.33769 14
-103.000   28.000  0.30640 20
-103.000   29.000  0.18513 6
-103.000   30.000  0.16333 8
-103.000   31.000  0.13316 23
-103.000   32.000  0.10729 24
-103.000   33.000  0.08222 18
-103.000   34.000  0.07749 25
-103.000   35.000  0.05023 29
-103.000   36.000  0.03467 16
-103.000   37.000  0.01813 11
-103.000   38.000  0.00874 12
-103.000   39.000 -0.00270 16
-103.000   40.000 -0.01685 13
-103.000   41.000 -0.02903 14
-103.000   42.000 -0.03624 12
-103.000   43.000 -0.05014 17
-103.000   44.000 -0.04837 7
-103.000   45.000 -0.06371 5
-103.000   46.000 -0.05851 6
-103.000   47.000 -0.03446 5
-103.000   48.000 -0.01441 5
-103.000   49.000 -0.00998 1
-103.000   50.000  0.02291 3
-102.000   25.000  0.32251 9
-102.000   26.000  0.29683 7
-102.000   27.000  0.27832 10
-102.000   28.000  0.26489 10
-102.000   29.000  0.18276 16
-102.000   30.000  0.16828 16
-102.000   31.000  0.13415 20
-102.000   32.000  0.10424 25
-102.000   33.000  0.08105 36
-102.000   34.000  0.06862 27
-102.000   35.000  0.04776 41
-102.000   36.000  0.04367 28
-102.000   37.000  0.03463 12
-102.000   38.000  0.01794 13
-102.000   39.000  0.01096 14
-102.000   40.000 -0.00570 7
-102.000   41.000 -0.02543 17
-102.000   42.000 -0.04023 21
-102.000   43.000 -0.05403 12
-102.000   44.000 -0.04816 6
-102.000   45.000 -0.05901 8
-102.000   46.000 -0.04357 4
-102.000   47.000 -0.01844 2
-102.000   48.000 -0.00951 0
-102.000   49.000 -0.01368 1
-102.000   50.000  0.00952 2
-101.000   25.000  0.22237 11
-101.000   26.000  0.22644 8
-101.000   27.000  0.21559 10
-101.000   28.000  0.22072 6
-101.000   29.000  0.16882 9
-101.000   30.000  0.17957 9
-101.000   31.000  0.14128 15
-101.000   32.000  0.11526 14
-101.000   33.000  0.09618 29
-101.000   34.000  0.06979 21
-101.000   35.000  0.04504 34
-101.000   36.000  0.03894 23
-101.000   37.000  0.03567 14
-101.000   38.000  0.01893 18
-101.000   39.000  0.01260 19
-101.000   40.000  0.00103 23
-101.000   41.000 -0.01588 11
-101.000   42.000 -0.03029 11
-101.000   43.000 -0.03338 21
-101.000   44.000 -0.03058 8
-101.000   45.000 -0.04677 7
-101.000   46.000 -0.00267 3
-101.000   47.000  0.01121 1
-101.000   48.000  0.01158 0
-101.000   49.000  0.01470 3
-101.000   50.000  0.05223 1
-100.000   25.000  0.12975 3
-100.000   26.000  0.13479 3
-100.000   27.000  0.13925 1
-100.000   28.000  0.14781 1
-100.000   29.000  0.13015 5
-100.000   30.000  0.16472 9
-100.000   31.000  0.14417 14
-100.000   32.000  0.11951 15
-100.000   33.000  0.11382 19
-100.000   34.000  0.08819 22
-100.000   35.000  0.05369 21
-100.000   36.000  0.04822 21
-100.000   37.000  0.05169 27
-100.000   38.000  0.03194 20
-100.000   39.000  0.02566 29
-100.000   40.000  0.01729 19
-100.000   41.000  0.00155 21
-100.000   42.000 -0.01521 20
-100.000   43.000 -0.01628 15
-100.000   44.000 -0.02065 14
-100.000   45.000 -0.04162 11
-100.000   46.000 -0.00100 8
-100.000   47.000  0.00113 1
-100.000   48.000  0.01072 0
-100.000   49.000  0.01689 2
-100.000   50.000  0.05720 2
 -99.000   25.000  0.07732 0
 -99.000   26.000  0.07032 2
 -99.000   27.000  0.07391 1
 -99.000   28.000  0.06709 3
 -99.000   29.000  0.08363 1
 -99.000   30.000  0.15343 2
 -99.000   31.000  0.18342 10
 -99.000   32.000  0.17890 14
 -99.000   33.000  0.17351 18
 -99.000   34.000  0.14177 20
 -99.000   35.000  0.09116 18
 -99.000   36.000  0.05405 16
 -99.000   37.000  0.04966 15
 -99.000   38.000  0.02699 17
 -99.000   39.000  0.02760 32
 -99.000   40.000  0.02604 34
 -99.000   41.000  0.01318 14
 -99.000   42.000  0.00321 32
 -99.000   43.000  0.00971 17
 -99.000   44.000  0.00718 10
 -99.000   45.000 -0.01047 11
 -99.000   46.000  0.03193 6
 -99.000   47.000  0.04332 2
 -99.000   48.000  0.03795 1
 -99.000   49.000  0.04359 2
 -99.000   50.000  0.07970 1
 -98.000   25.000  0.08597 3
 -98.000   26.000  0.09011 4
 -98.000   27.000  0.09185 3
 -98.000   28.000  0.05382 2
 -98.000   29.000  0.05799 3
 -98.000   30.000  0.11252 6
 -98.000   31.000  0.14971 17
 -98.000   32.000  0.13347 10
 -98.000   33.000  0.14719 5
 -98.000   34.000  0.13574 8
 -98.000   35.000  0.10532 23
 -98.000   36.000  0.05156 16
 -98.000   37.000  0.05590 17
 -98.000   38.000  0.03550 24
 -98.000   39.000  0.03640 31
 -98.000   40.000  0.03340 29
 -98.000   41.000  0.02032 25
 -98.000   42.000  0.00026 32
 -98.000   43.000  0.00222 19
 -98.000   44.000 -0.00253 9
 -98.000   45.000 -0.02003 6
 -98.000   46.000  0.02707 8
 -98.000   47.000  0.04736 4
 -98.000   48.000  0.03820 0
 -98.000   49.000  0.04217 1
 -98.000   50.000  0.07449 3
 -97.000   25.000  0.06313 2
 -97.000   26.000  0.08194 1
 -97.000   27.000  0.08948 0
 -97.000   28.000  0.05004 2
 -97.000   29.000  0.05906 9
 -97.000   30.000  0.09944 9
 -97.000   31.000  0.12196 10
 -97.000   32.000  0.10205 4
 -97.000   33.000  0.12752 4
 -97.000   34.000  0.12185 9
 -97.000   35.000  0.10826 11
 -97.000   36.000  0.06049 18
 -97.000   37.000  0.06153 21
 -97.000   38.000  0.04006 19
 -97.000   39.000  0.04279 21
 -97.000   40.000  0.03862 20
 -97.000   41.000  0.03167 18
 -97.000   42.000  0.01117 31
 -97.000   43.000  0.02712 15
 -97.000   44.000  0.02012 12
 -97.000   45.000 -0.00607 3
 -97.000   46.000  0.03840 8
 -97.000   47.000  0.08018 3
 -97.000   48.000  0.07578 2
 -97.000   49.000  0.08690 2
 -97.000   50.000  0.14037 3
 -96.000   25.000  0.07908 2
 -96.000   26.000  0.12951 2
 -96.000   27.000  0.14323 0
 -96.000   28.000  0.10797 2
 -96.000   29.000  0.09289 1
 -96.000   30.000  0.11059 7
 -96.000   31.000  0.09738 6
 -96.000   32.000  0.06239 4
 -96.000   33.000  0.08253 9
 -96.000   34.000  0.09753 1
 -96.000   35.000  0.09860 12
 -96.000   36.000  0.05906 19
 -96.000   37.000  0.05976 22
 -96.000   38.000  0.04135 11
 -96.000   39.000  0.04396 9
 -96.000   40.000  0.04051 20
 -96.000   41.000  0.04342 26
 -96.000   42.000  0.03957 29
 -96.000   43.000  0.06154 15
 -96.000   44.000  0.06365 8
 -96.000   45.000  0.03636 8
 -96.000   46.000  0.04425 7
 -96.000   47.000  0.10867 2
 -96.000   48.000  0.10825 4
 -96.000   49.000  0.11934 2
 -96.000   50.000  0.17874 0
 -95.000   25.000  0.07891 4
 -95.000   26.000  0.12815 4
 -95.000   27.000  0.12428 4
 -95.000   28.000  0.08680 3
 -95.000   29.000  0.07078 6
 -95.000   30.000  0.07108 7
 -95.000   31.000  0.04776 9
 -95.000   32.000  0.02605 8
 -95.000   33.000  0.03930 4
 -95.000   34.000  0.05539 8
 -95.000   35.000  0.07285 15
 -95.000   36.000  0.04681 22
 -95.000   37.000  0.04723 10
 -95.000   38.000  0.03271 14
 -95.000   39.000  0.03324 16
 -95.000   40.000  0.03465 17
 -95.000   41.000  0.03805 16
 -95.000   42.000  0.04094 18
 -95.000   43.000  0.08456 14
 -95.000   44.000  0.08841 9
 -95.000   45.000  0.05095 8
 -95.000   46.000  0.05254 5
 -95.000   47.000  0.12347 3
 -95.000   48.000  0.08520 7
 -95.000   49.000  0.09322 2
 -95.000   50.000  0.15384 4
 -94.000   25.000  0.04290 4
 -94.000   26.000  0.09785 3
 -94.000   27.000  0.10968 3
 -94.000   28.000  0.08461 3
 -94.000   29.000  0.06474 6
 -94.000   30.000  0.02982 5
 -94.000   31.000 -0.02554 2
 -94.000   32.000 -0.07201 3
 -94.000   33.000 -0.05412 6
 -94.000   34.000 -0.03126 12
 -94.000   35.000  0.00334 17
 -94.000   36.000  0.01016 13
 -94.000   37.000  0.02328 12
 -94.000   38.000  0.01919 23
 -94.000   39.000  0.01803 19
 -94.000   40.000  0.02376 21
 -94.000   41.000  0.03500 17
 -94.000   42.000  0.04730 28
 -94.000   43.000  0.09830 20
 -94.000   44.000  0.10821 11
 -94.000   45.000  0.05898 9
 -94.000   46.000  0.05097 5
 -94.000   47.000  0.10266 6
 -94.000   48.000  0.06939 7
 -94.000   49.000  0.06842 1
 -94.000   50.000  0.14601 2
 -93.000   25.000  0.05660 3
 -93.000   26.000  0.12550 10
 -93.000   27.000  0.15367 10
 -93.000   28.000  0.12808 19
 -93.000   29.000  0.11491 1
 -93.000   30.000  0.07938 1
 -93.000   31.000 -0.01275 6
 -93.000   32.000 -0.07413 7
 -93.000   33.000 -0.05868 6
 -93.000   34.000 -0.04373 9
 -93.000   35.000 -0.01869 20
 -93.000   36.000  0.00965 27
 -93.000   37.000  0.01508 16
 -93.000   38.000  0.00884 13
 -93.000   39.000  0.00846 25
 -93.000   40.000  0.01402 11
 -93.000   41.000  0.02978 15
 -93.000   42.000  0.05361 21
 -93.000   43.000  0.12311 36
 -93.000   44.000  0.13839 7
 -93.000   45.000  0.11585 9
 -93.000   46.000  0.09473 11
 -93.000   47.000  0.11308 6
 -93.000   48.000  0.07110 4
 -93.000   49.000  0.06752 4
 -93.000   50.000  0.10768 1
 -92.000   25.000  0.10802 1
 -92.000   26.000  0.17129 8
 -92.000   27.000  0.19412 11
 -92.000   28.000  0.17420 5
 -92.000   29.000  0.15222 4
 -92.000   30.000  0.11673 6
 -92.000   31.000  0.01928 6
 -92.000   32.000 -0.04680 5
 -92.000   33.000 -0.03558 2
 -92.000   34.000 -0.02044 6
 -92.000   35.000 -0.00290 24
 -92.000   36.000  0.02870 21
 -92.000   37.000  0.03731 25
 -92.000   38.000  0.02430 16
 -92.000   39.000  0.01438 20
 -92.000   40.000  0.01282 23
 -92.000   41.000  0.02257 23
 -92.000   42.000  0.05292 60
 -92.000   43.000  0.11157 32
 -92.000   44.000  0.12427 15
 -92.000   45.000  0.12632 17
 -92.000   46.000  0.10030 4
 -92.000   47.000  0.08976 5
 -92.000   48.000  0.05684 5
 -92.000   49.000  0.05579 3
 -92.000   50.000  0.05831 3
 -91.000   25.000  0.13386 7
 -91.000   26.000  0.15035 5
 -91.000   27.000  0.16375 9
 -91.000   28.000  0.13662 4
 -91.000   29.000  0.13796 5
 -91.000   30.000  0.08943 3
 -91.000   31.000  0.07203 5
 -91.000   32.000  0.02051 3
 -91.000   33.000  0.03522 3
 -91.000   34.000  0.04770 10
 -91.000   35.000  0.05669 12
 -91.000   36.000  0.03779 18
 -91.000   37.000  0.04654 25
 -91.000   38.000  0.02873 18
 -91.000   39.000  0.01079 32
 -91.000   40.000  0.00778 20
 -91.000   41.000  0.01351 36
 -91.000   42.000  0.02977 44
 -91.000   43.000  0.07817 16
 -91.000   44.000  0.09821 8
 -91.000   45.000  0.11170 9
 -91.000   46.000  0.08930 8
 -91.000   47.000  0.05786 1
 -91.000   48.000  0.02356 6
 -91.000   49.000  0.00492 4
 -91.000   50.000 -0.02142 3
 -90.000   25.000  0.14910 5
 -90.000   26.000  0.18677 1
 -90.000   27.000  0.21481 2
 -90.000   28.000  0.19276 6
 -90.000   29.000  0.19638 6
 -90.000   30.000  0.12638 7
 -90.000   31.000  0.10644 11
 -90.000   32.000  0.04966 18
 -90.000   33.000  0.06803 6
 -90.000   34.000  0.08284 18
 -90.000   35.000  0.09287 8
 -90.000   36.000  0.05226 15
 -90.000   37.000  0.04602 18
 -90.000   38.000  0.02743 14
 -90.000   39.000  0.01452 12
 -90.000   40.000  0.00892 13
 -90.000   41.000  0.01786 29
 -90.000   42.000  0.03356 25
 -90.000   43.000  0.06792 16
 -90.000   44.000  0.09399 16
 -90.000   45.000  0.11745 13
 -90.000   46.000  0.10033 1
 -90.000   47.000  0.06277 4
 -90.000   48.000  0.05126 6
 -90.000   49.000  0.02347 4
 -90.000   50.000 -0.00733 3
 -89.000   25.000  0.15829 3
 -89.000   26.000  0.22996 5
 -89.000   27.000  0.25432 5
 -89.000   28.000  0.25321 5
 -89.000   29.000  0.23242 9
 -89.000   30.000  0.16170 9
 -89.000   31.000  0.11321 20
 -89.000   32.000  0.05501 8
 -89.000   33.000  0.07315 2
 -89.000   34.000  0.09269 21
 -89.000   35.000  0.10919 15
 -89.000   36.000  0.07144 9
 -89.000   37.000  0.06457 8
 -89.000   38.000  0.04148 8
 -89.000   39.000  0.02837 22
 -89.000   40.000  0.01782 5
 -89.000   41.000  0.02083 32
 -89.000   42.000  0.02509 23
 -89.000   43.000  0.04842 11
 -89.000   44.000  0.07039 20
 -89.000   45.000  0.11290 10
 -89.000   46.000  0.09569 11
 -89.000   47.000  0.06623 2
 -89.000   48.000  0.06133 5
 -89.000   49.000  0.04006 3
 -89.000   50.000 -0.01808 3
 -88.000   25.000  0.21978 4
 -88.000   26.000  0.26450 3
 -88.000   27.000  0.26985 3
 -88.000   28.000  0.25536 9
 -88.000   29.000  0.22687 3
 -88.000   30.000  0.14331 8
 -88.000   31.000  0.11280 4
 -88.000   32.000  0.06674 9
 -88.000   33.000  0.07832 8
 -88.000   34.000  0.08833 13
 -88.000   35.000  0.11400 8
 -88.000   36.000  0.06693 29
 -88.000   37.000  0.06048 21
 -88.000   38.000  0.03791 16
 -88.000   39.000  0.02414 17
 -88.000   40.000  0.01339 30
 -88.000   41.000  0.01613 19
 -88.000   42.000  0.01439 16
 -88.000   43.000  0.01868 9
 -88.000   44.000  0.04562 10
 -88.000   45.000  0.07276 14
 -88.000   46.000  0.05704 8
 -88.000   47.000  0.03677 7
 -88.000   48.000  0.04217 7
 -88.000   49.000  0.01208 4
 -88.000   50.000 -0.02674 1
 -87.000   25.000  0.28710 7
 -87.000   26.000  0.30633 4
 -87.000   27.000  0.30344 6
 -87.000   28.000  0.27432 4
 -87.000   29.000  0.23093 6
 -87.000   30.000  0.12653 8
 -87.000   31.000  0.11298 5
 -87.000   32.000  0.07125 4
 -87.000   33.000  0.07508 7
 -87.000   34.000  0.08977 15
 -87.000   35.000  0.11131 34
 -87.000   36.000  0.05576 52
 -87.000   37.000  0.03827 21
 -87.000   38.000  0.02153 14
 -87.000   39.000  0.00631 13
 -87.000   40.000  0.00493 14
 -87.000   41.000  0.00656 8
 -87.000   42.000  0.00515 10
 -87.000   43.000  0.01322 7
 -87.000   44.000  0.03980 23
 -87.000   45.000  0.05173 11
 -87.000   46.000  0.04266 14
 -87.000   47.000  0.04771 6
 -87.000   48.000  0.05359 4
 -87.000   49.000  0.02976 4
 -87.000   50.000  0.02193 4
 -86.000   25.000  0.33923 3
 -86.000   26.000  0.32495 7
 -86.000   27.000  0.32223 5
 -86.000   28.000  0.28014 9
 -86.000   29.000  0.20458 12
 -86.000   30.000  0.10982 7
 -86.000   31.000  0.06037 11
 -86.000   32.000  0.01579 13
 -86.000   33.000  0.02377 16
 -86.000   34.000  0.04102 9
 -86.000   35.000  0.06395 22
 -86.000   36.000  0.06252 28
 -86.000   37.000  0.04242 14
 -86.000   38.000  0.02183 15
 -86.000   39.000  0.00732 9
 -86.000   40.000  0.00217 16
 -86.000   41.000  0.00073 17
 -86.000   42.000  0.00010 15
 -86.000   43.000  0.01101 17
 -86.000   44.000  0.03010 22
 -86.000   45.000  0.03916 15
 -86.000   46.000  0.03679 14
 -86.000   47.000  0.04827 2
 -86.000   48.000  0.04868 3
 -86.000   49.000  0.03299 1
 -86.000   50.000  0.03203 0
 -85.000   25.000  0.35329 3
 -85.000   26.000  0.32171 2
 -85.000   27.000  0.31012 12
 -85.000   28.000  0.26444 21
 -85.000   29.000  0.18378 6
 -85.000   30.000  0.10331 7
 -85.000   31.000  0.05349 8
 -85.000   32.000  0.00678 6
 -85.000   33.000  0.01763 13
 -85.000   34.000  0.03259 20
 -85.000   35.000  0.04736 15
 -85.000   36.000  0.06002 6
 -85.000   37.000  0.05163 12
 -85.000   38.000  0.02773 8
 -85.000   39.000  0.00919 10
 -85.000   40.000  0.00165 10
 -85.000   41.000 -0.00356 12
 -85.000   42.000 -0.01345 16
 -85.000   43.000 -0.00406 12
 -85.000   44.000  0.00975 17
 -85.000   45.000  0.02209 15
 -85.000   46.000  0.02671 16
 -85.000   47.000  0.05548 5
 -85.000   48.000  0.05625 5
 -85.000   49.000  0.05157 3
 -85.000   50.000  0.05205 1
 -84.000   25.000  0.37249 3
 -84.000   26.000  0.28839 9
 -84.000   27.000  0.27109 13
 -84.000   28.000  0.22027 9
 -84.000   29.000  0.12858 9
 -84.000   30.000  0.03859 10
 -84.000   31.000  0.03085 4
 -84.000   32.000 -0.00160 11
 -84.000   33.000  0.01049 21
 -84.000   34.000  0.03729 12
 -84.000   35.000  0.05337 13
 -84.000   36.000  0.05608 12
 -84.000   37.000  0.04789 9
 -84.000   38.000  0.02696 8
 -84.000   39.000  0.01053 13
 -84.000   40.000 -0.00002 14
 -84.000   41.000 -0.00284 25
 -84.000   42.000 -0.01375 15
 -84.000   43.000 -0.00617 14
 -84.000   44.000 -0.00195 17
 -84.000   45.000 -0.00002 8
 -84.000   46.000  0.01488 32
 -84.000   47.000  0.06900 9
 -84.000   48.000  0.08379 2
 -84.000   49.000  0.09618 7
 -84.000   50.000  0.13234 4
 -83.000   25.000  0.46058 0
 -83.000   26.000  0.36801 7
 -83.000   27.000  0.32306 3
 -83.000   28.000  0.26053 4
 -83.000   29.000  0.14555 12
 -83.000   30.000  0.04988 5
 -83.000   31.000  0.02998 8
 -83.000   32.000  0.01188 4
 -83.000   33.000  0.00918 25
 -83.000   34.000  0.03285 10
 -83.000   35.000  0.03992 7
 -83.000   36.000  0.03793 4
 -83.000   37.000  0.03505 16
 -83.000   38.000  0.02955 11
 -83.000   39.000  0.01456 19
 -83.000   40.000  0.00284 22
 -83.000   41.000  0.00730 11
 -83.000   42.000 -0.01120 16
 -83.000   43.000 -0.00892 28
 -83.000   44.000 -0.01115 17
 -83.000   45.000 -0.00593 13
 -83.000   46.000  0.00983 12
 -83.000   47.000  0.08805 18
 -83.000   48.000  0.12540 10
 -83.000   49.000  0.15733 4
 -83.000   50.000  0.20922 2
 -82.000   25.000  0.39843 4
 -82.000   26.000  0.33092 12
 -82.000   27.000  0.29784 5
 -82.000   28.000  0.26051 4
 -82.000   29.000  0.15808 4
 -82.000   30.000  0.08138 17
 -82.000   31.000  0.05191 7
 -82.000   32.000  0.02651 4
 -82.000   33.000  0.01071 16
 -82.000   34.000  0.02818 12
 -82.000   35.000  0.02206 7
 -82.000   36.000  0.02709 8
 -82.000   37.000  0.03723 5
 -82.000   38.000  0.03880 9
 -82.000   39.000  0.02186 8
 -82.000   40.000  0.01763 13
 -82.000   41.000  0.02114 11
 -82.000   42.000 -0.00608 21
 -82.000   43.000 -0.00972 24
 -82.000   44.000 -0.01069 12
 -82.000   45.000 -0.00289 21
 -82.000   46.000  0.00780 9
 -82.000   47.000  0.07212 10
 -82.000   48.000  0.10314 8
 -82.000   49.000  0.13088 5
 -82.000   50.000  0.16833 4
 -81.000   25.000  0.30254 1
 -81.000   26.000  0.28597 1
 -81.000   27.000  0.26977 2
 -81.000   28.000  0.24749 3
 -81.000   29.000  0.17608 6
 -81.000   30.000  0.13044 6
 -81.000   31.000  0.08290 9
 -81.000   32.000  0.04761 1
 -81.000   33.000  0.01318 8
 -81.000   34.000  0.00998 5
 -81.000   35.000  0.00572 3
 -81.000   36.000  0.00563 3
 -81.000   37.000  0.01951 8
 -81.000   38.000  0.02574 7
 -81.000   39.000  0.01226 9
 -81.000   40.000  0.01313 14
 -81.000   41.000  0.01542 14
 -81.000   42.000 -0.01182 21
 -81.000   43.000 -0.01599 13
 -81.000   44.000 -0.01401 8
 -81.000   45.000 -0.00500 13
 -81.000   46.000  0.00368 14
 -81.000   47.000  0.06563 9
 -81.000   48.000  0.10041 10
 -81.000   49.000  0.12888 8
 -81.000   50.000  0.16113 7
 -80.000   25.000  0.24196 6
 -80.000   26.000  0.25504 2
 -80.000   27.000  0.24285 6
 -80.000   28.000  0.24021 9
 -80.000   29.000  0.17960 7
 -80.000   30.000  0.14152 4
 -80.000   31.000  0.08658 7
 -80.000   32.000  0.04809 1
 -80.000   33.000  0.00883 4
 -80.000   34.000  0.00736 0
 -80.000   35.000 -0.00023 11
 -80.000   36.000 -0.00542 4
 -80.000   37.000  0.01300 6
 -80.000   38.000  0.02217 8
 -80.000   39.000  0.00444 15
 -80.000   40.000  0.00851 20
 -80.000   41.000  0.01149 13
 -80.000   42.000 -0.00741 13
 -80.000   43.000 -0.01521 10
 -80.000   44.000 -0.01056 11
 -80.000   45.000 -0.00055 12
 -80.000   46.000  0.00487 21
 -80.000   47.000  0.05816 20
 -80.000   48.000  0.09883 12
 -80.000   49.000  0.12952 14
 -80.000   50.000  0.15797 6
 -79.000   25.000  0.27136 6
 -79.000   26.000  0.30909 5
 -79.000   27.000  0.28565 2
 -79.000   28.000  0.28171 7
 -79.000   29.000  0.24650 11
 -79.000   30.000  0.19700 5
 -79.000   31.000  0.12770 7
 -79.000   32.000  0.08669 7
 -79.000   33.000  0.03451 3
 -79.000   34.000  0.03267 8
 -79.000   35.000  0.01036 13
 -79.000   36.000 -0.00359 8
 -79.000   37.000  0.01326 5
 -79.000   38.000  0.01564 2
 -79.000   39.000 -0.01058 3
 -79.000   40.000 -0.00073 4
 -79.000   41.000 -0.00225 9
 -79.000   42.000 -0.01690 7
 -79.000   43.000 -0.02110 10
 -79.000   44.000 -0.00981 13
 -79.000   45.000 -0.00168 16
 -79.000   46.000  0.00188 11
 -79.000   47.000  0.03266 11
 -79.000   48.000  0.06311 17
 -79.000   49.000  0.08108 11
 -79.000   50.000  0.09322 11
 -78.000   25.000  0.08449 1
 -78.000   26.000  0.14124 10
 -78.000   27.000  0.15709 13
 -78.000   28.000  0.20073 12
 -78.000   29.000  0.21564 8
 -78.000   30.000  0.17995 8
 -78.000   31.000  0.13155 8
 -78.000   32.000  0.07594 2
 -78.000   33.000  0.04117 2
 -78.000   34.000  0.02386 7
 -78.000   35.000  0.01279 7
 -78.000   36.000  0.00553 4
 -78.000   37.000  0.02242 10
 -78.000   38.000  0.00823 8
 -78.000   39.000 -0.00995 17
 -78.000   40.000  0.00040 11
 -78.000   41.000 -0.01199 4
 -78.000   42.000 -0.01623 3
 -78.000   43.000 -0.01112 6
 -78.000   44.000 -0.00559 9
 -78.000   45.000  0.00122 52
 -78.000   46.000  0.01022 43
 -78.000   47.000  0.01605 25
 -78.000   48.000  0.01963 16
 -78.000   49.000  0.02601 32
 -78.000   50.000  0.01840 19
 -77.000   25.000  0.02135 3
 -77.000   26.000  0.07142 4
 -77.000   27.000  0.07756 6
 -77.000   28.000  0.11260 6
 -77.000   29.000  0.16473 8
 -77.000   30.000  0.14295 6
 -77.000   31.000  0.11419 10
 -77.000   32.000  0.07761 9
 -77.000   33.000  0.06711 5
 -77.000   34.000  0.03124 4
 -77.000   35.000  0.01703 6
 -77.000   36.000  0.00170 4
 -77.000   37.000  0.01378 9
 -77.000   38.000 -0.00852 3
 -77.000   39.000 -0.01795 5
 -77.000   40.000 -0.00999 9
 -77.000   41.000 -0.02552 4
 -77.000   42.000 -0.01986 9
 -77.000   43.000 -0.01705 6
 -77.000   44.000 -0.01657 3
 -77.000   45.000 -0.01625 42
 -77.000   46.000  0.00124 28
 -77.000   47.000  0.00326 12
 -77.000   48.000  0.00798 20
 -77.000   49.000  0.01399 19
 -77.000   50.000  0.01086 3
 -76.000   25.000  0.00369 1
 -76.000   26.000  0.03261 6
 -76.000   27.000  0.01663 0
 -76.000   28.000  0.06209 0
 -76.000   29.000  0.13673 4
 -76.000   30.000  0.10885 2
 -76.000   31.000  0.11140 6
 -76.000   32.000  0.11168 3
 -76.000   33.000  0.11178 5
 -76.000   34.000  0.06667 18
 -76.000   35.000  0.04766 4
 -76.000   36.000  0.02458 3
 -76.000   37.000  0.03072 11
 -76.000   38.000  0.00350 7
 -76.000   39.000 -0.00479 11
 -76.000   40.000 -0.00412 5
 -76.000   41.000 -0.02230 3
 -76.000   42.000 -0.01942 4
 -76.000   43.000 -0.01937 3
 -76.000   44.000 -0.02019 2
 -76.000   45.000 -0.02017 10
 -76.000   46.000 -0.00304 16
 -76.000   47.000 -0.00128 22
 -76.000   48.000  0.00345 14
 -76.000   49.000  0.00887 15
 -76.000   50.000  0.00702 9
 -75.000   25.000  0.04363 0
 -75.000   26.000  0.03357 2
 -75.000   27.000 -0.00573 4
 -75.000   28.000  0.00784 7
 -75.000   29.000  0.08312 3
 -75.000   30.000  0.04954 7
 -75.000   31.000  0.07945 6
 -75.000   32.000  0.10139 9
 -75.000   33.000  0.11881 6
 -75.000   34.000  0.06000 9
 -75.000   35.000  0.05207 8
 -75.000   36.000  0.02315 5
 -75.000   37.000  0.03447 4
 -75.000   38.000  0.00304 8
 -75.000   39.000  0.00638 2
 -75.000   40.000  0.00043 6
 -75.000   41.000 -0.01258 3
 -75.000   42.000 -0.01566 7
 -75.000   43.000 -0.01431 3
 -75.000   44.000 -0.01998 1
 -75.000   45.000 -0.01988 5
 -75.000   46.000 -0.00729 13
 -75.000   47.000 -0.00331 16
 -75.000   48.000  0.00017 15
 -75.000   49.000  0.00484 13
 -75.000   50.000  0.00281 7
 -74.000   25.000 -0.04014 0
 -74.000   26.000 -0.04662 0
 -74.000   27.000 -0.07069 0
 -74.000   28.000 -0.07117 4
 -74.000   29.000  0.02128 2
 -74.000   30.000  0.04378 13
 -74.000   31.000  0.07698 15
 -74.000   32.000  0.13829 5
 -74.000   33.000  0.17701 7
 -74.000   34.000  0.09500 6
 -74.000   35.000  0.07749 4
 -74.000   36.000  0.05920 6
 -74.000   37.000  0.03356 8
 -74.000   38.000  0.00903 8
 -74.000   39.000  0.01599 5
 -74.000   40.000  0.00384 5
 -74.000   41.000 -0.00866 2
 -74.000   42.000 -0.01490 5
 -74.000   43.000 -0.01719 6
 -74.000   44.000 -0.02277 4
 -74.000   45.000 -0.02099 4
 -74.000   46.000 -0.01032 11
 -74.000   47.000 -0.00728 11
 -74.000   48.000 -0.00169 12
 -74.000   49.000  0.00251 9
 -74.000   50.000 -0.00069 12
 -73.000   25.000 -0.01285 0
 -73.000   26.000 -0.02615 0
 -73.000   27.000 -0.05988 0
 -73.000   28.000 -0.07737 0
 -73.000   29.000  0.04237 3
 -73.000   30.000  0.08261 2
 -73.000   31.000  0.14003 5
 -73.000   32.000  0.21322 0
 -73.000   33.000  0.24863 5
 -73.000   34.000  0.14613 5
 -73.000   35.000  0.11182 9
 -73.000   36.000  0.07172 6
 -73.000   37.000  0.04403 11
 -73.000   38.000  0.02663 5
 -73.000   39.000  0.01854 4
 -73.000   40.000 -0.00204 6
 -73.000   41.000 -0.01220 5
 -73.000   42.000 -0.03418 6
 -73.000   43.000 -0.04671 3
 -73.000   44.000 -0.04829 4
 -73.000   45.000 -0.04102 8
 -73.000   46.000 -0.03885 8
 -73.000   47.000 -0.02251 4
 -73.000   48.000 -0.00527 7
 -73.000   49.000  0.00334 7
 -73.000   50.000  0.00375 16
 -72.000   25.000  0.00000 0
 -72.000   26.000 -0.01234 0
 -72.000   27.000 -0.03725 0
 -72.000   28.000 -0.04957 0
 -72.000   29.000  0.03766 0
 -72.000   30.000  0.07411 1
 -72.000   31.000  0.12338 6
 -72.000   32.000  0.20437 2
 -72.000   33.000  0.22981 0
 -72.000   34.000  0.14281 2
 -72.000   35.000  0.11911 3
 -72.000   36.000  0.08724 15
 -72.000   37.000  0.06481 14
 -72.000   38.000  0.05005 9
 -72.000   39.000  0.04614 5
 -72.000   40.000  0.02448 8
 -72.000   41.000  0.01516 7
 -72.000   42.000 -0.03581 4
 -72.000   43.000 -0.04096 3
 -72.000   44.000 -0.04559 2
 -72.000   45.000 -0.03423 4
 -72.000   46.000 -0.03149 5
 -72.000   47.000 -0.00694 5
 -72.000   48.000  0.00648 7
 -72.000   49.000  0.01849 8
 -72.000   50.000  0.02056 14
 -71.000   25.000  0.00000 0
 -71.000   26.000  0.00000 0
 -71.000   27.000 -0.01357 0
 -71.000   28.000 -0.03589 0
 -71.000   29.000  0.03337 0
 -71.000   30.000  0.06475 0
 -71.000   31.000  0.09650 1
 -71.000   32.000  0.15482 1
 -71.000   33.000  0.18307 1
 -71.000   34.000  0.10763 0
 -71.000   35.000  0.08447 0
 -71.000   36.000  0.06242 3
 -71.000   37.000  0.04801 12
 -71.000   38.000  0.04227 6
 -71.000   39.000  0.04861 4
 -71.000   40.000  0.03158 9
 -71.000   41.000  0.01775 5
 -71.000   42.000 -0.03198 7
 -71.000   43.000 -0.03888 3
 -71.000   44.000 -0.03641 1
 -71.000   45.000 -0.01958 3
 -71.000   46.000 -0.00154 2
 -71.000   47.000  0.03066 7
 -71.000   48.000  0.04584 5
 -71.000   49.000  0.05400 6
 -71.000   50.000  0.05865 9
 -70.000   25.000  0.00000 0
 -70.000   26.000  0.00000 0
 -70.000   27.000  0.00000 0
 -70.000   28.000 -0.01158 0
 -70.000   29.000  0.04952 0
 -70.000   30.000  0.08089 0
 -70.000   31.000  0.10548 0
 -70.000   32.000  0.15500 0
 -70.000   33.000  0.16689 0
 -70.000   34.000  0.10313 1
 -70.000   35.000  0.07212 1
 -70.000   36.000  0.05642 0
 -70.000   37.000  0.03602 5
 -70.000   38.000  0.03819 8
 -70.000   39.000  0.03316 2
 -70.000   40.000  0.02167 4
 -70.000   41.000  0.00066 1
 -70.000   42.000 -0.04474 3
 -70.000   43.000 -0.04934 3
 -70.000   44.000 -0.04739 3
 -70.000   45.000 -0.01623 4
 -70.000   46.000  0.00431 4
 -70.000   47.000  0.03639 3
 -70.000   48.000  0.04896 3
 -70.000   49.000  0.06838 4
 -70.000   50.000  0.05777 13
 -69.000   25.000  0.00000 0
 -69.000   26.000  0.00000 0
 -69.000   27.000  0.00000 0
 -69.000   28.000  0.00000 0
 -69.000   29.000  0.04398 0
 -69.000   30.000  0.05517 0
 -69.000   31.000  0.07976 0
 -69.000   32.000  0.09900 0
 -69.000   33.000  0.09716 0
 -69.000   34.000  0.04867 0
 -69.000   35.000  0.03862 0
 -69.000   36.000  0.02485 1
 -69.000   37.000  0.04918 5
 -69.000   38.000  0.05489 4
 -69.000   39.000  0.04917 8
 -69.000   40.000  0.04030 9
 -69.000   41.000  0.02187 2
 -69.000   42.000 -0.03430 2
 -69.000   43.000 -0.00257 2
 -69.000   44.000  0.03760 3
 -69.000   45.000  0.10234 4
 -69.000   46.000  0.13992 3
 -69.000   47.000  0.17998 1
 -69.000   48.000  0.16311 4
 -69.000   49.000  0.16646 7
 -69.000   50.000  0.12694 3
 -68.000   25.000  0.00000 0
 -68.000   26.000  0.00000 0
 -68.000   27.000  0.00000 0
 -68.000   28.000  0.00000 0
 -68.000   29.000  0.00000 0
 -68.000   30.000  0.00000 0
 -68.000   31.000  0.00000 0
 -68.000   32.000  0.04455 0
 -68.000   33.000  0.04271 0
 -68.000   34.000  0.03551 0
 -68.000   35.000  0.04693 1
 -68.000   36.000  0.08054 0
 -68.000   37.000  0.09202 2
 -68.000   38.000  0.09729 8
 -68.000   39.000  0.09751 3
 -68.000   40.000  0.08641 5
 -68.000   41.000  0.04202 2
 -68.000   42.000  0.01854 3
 -68.000   43.000  0.09250 2
 -68.000   44.000  0.17570 0
 -68.000   45.000  0.28397 7
 -68.000   46.000  0.35767 3
 -68.000   47.000  0.34973 4
 -68.000   48.000  0.31345 2
 -68.000   49.000  0.29653 5
 -68.000   50.000  0.21440 4
 -67.000   25.000  0.00000 0
 -67.000   26.000  0.00000 0
 -67.000   27.000  0.00000 0
 -67.000   28.000  0.00000 0
 -67.000   29.000  0.00000 0
 -67.000   30.000  0.00000 0
 -67.000   31.000  0.00000 0
 -67.000   32.000  0.02983 0
 -67.000   33.000  0.02759 0
 -67.000   34.000  0.02039 1
 -67.000   35.000  0.03399 0
 -67.000   36.000  0.06107 0
 -67.000   37.000  0.07184 2
 -67.000   38.000  0.08842 3
 -67.000   39.000  0.08328 1
 -67.000   40.000  0.09364 3
 -67.000   41.000  0.10398 3
 -67.000   42.000  0.09485 3
 -67.000   43.000  0.17833 4
 -67.000   44.000  0.26714 0
 -67.000   45.000  0.37714 2
 -67.000   46.000  0.38833 5
 -67.000   47.000  0.37932 8
 -67.000   48.000  0.32207 2
 -67.000   49.000  0.30701 7
 -67.000   50.000  0.18608 8
 -66.000   25.000  0.00000 0
 -66.000   26.000  0.00000 0
 -66.000   27.000  0.00000 0
 -66.000   28.000  0.00000 0
 -66.000   29.000  0.00000 0
 -66.000   30.000  0.00000 0
 -66.000   31.000  0.00000 0
 -66.000   32.000  0.03729 0
 -66.000   33.000  0.03449 0
 -66.000   34.000  0.03449 1
 -66.000   35.000  0.05032 0
 -66.000   36.000  0.07979 0
 -66.000   37.000  0.09051 3
 -66.000   38.000  0.11117 1
 -66.000   39.000  0.09373 4
 -66.000   40.000  0.10977 2
 -66.000   41.000  0.13291 5
 -66.000   42.000  0.12418 5
 -66.000   43.000  0.23092 1
 -66.000   44.000  0.33049 4
 -66.000   45.000  0.45980 2
 -66.000   46.000  0.45082 3
 -66.000   47.000  0.42984 2
 -66.000   48.000  0.35420 7
 -66.000   49.000  0.34009 3
 -66.000   50.000  0.18483 6
 -65.000   25.000  0.00000 0
 -65.000   26.000  0.00000 0
 -65.000   27.000  0.00000 0
 -65.000   28.000  0.00000 0
 -65.000   29.000  0.00000 0
 -65.000   30.000  0.00000 0
 -65.000   31.000  0.00000 0
 -65.000   32.000  0.04972 0
 -65.000   33.000  0.04972 0
 -65.000   34.000  0.04972 0
 -65.000   35.000  0.07580 0
 -65.000   36.000  0.11913 0
 -65.000   37.000  0.13054 0
 -65.000   38.000  0.15315 0
 -65.000   39.000  0.13970 1
 -65.000   40.000  0.15797 2
 -65.000   41.000  0.19245 6
 -65.000   42.000  0.18370 3
 -65.000   43.000  0.32242 2
 -65.000   44.000  0.46013 3
 -65.000   45.000  0.60552 3
 -65.000   46.000  0.59143 6
 -65.000   47.000  0.55935 3
 -65.000   48.000  0.45806 5
 -65.000   49.000  0.41725 2
 -65.000   50.000  0.24010 6
