-130.000   25.000 -0.05957 9
-130.000   26.000 -0.06497 12
-130.000   27.000 -0.08581 13
-130.000   28.000 -0.09090 10
-130.000   29.000 -0.10912 2
-130.000   30.000 -0.11140 7
-130.000   31.000 -0.09516 1
-130.000   32.000 -0.05831 1
-130.000   33.000 -0.03050 0
-130.000   34.000 -0.00209 0
-130.000   35.000  0.01169 0
-130.000   36.000  0.02898 0
-130.000   37.000  0.01651 0
-130.000   38.000  0.00965 0
-130.000   39.000  0.01183 5
-130.000   40.000  0.00020 57
-130.000   41.000 -0.02731 41
-130.000   42.000 -0.02760 17
-130.000   43.000 -0.01382 10
-130.000   44.000 -0.00536 4
-130.000   45.000  0.02315 8
-130.000   46.000  0.03771 6
-130.000   47.000  0.07317 56
-130.000   48.000  0.05408 5
-130.000   49.000  0.05066 2
-130.000   50.000  0.03662 6
-129.000   25.000 -0.05768 5
-129.000   26.000 -0.06660 18
-129.000   27.000 -0.07959 11
-129.000   28.000 -0.09322 11
-129.000   29.000 -0.10778 12
-129.000   30.000 -0.10629 2
-129.000   31.000 -0.08762 5
-129.000   32.000 -0.05905 3
-129.000   33.000 -0.02287 0
-129.000   34.000 -0.00773 0
-129.000   35.000  0.00705 1
-129.000   36.000  0.02128 0
-129.000   37.000  0.00927 1
-129.000   38.000  0.00764 1
-129.000   39.000  0.01535 8
-129.000   40.000  0.00510 28
-129.000   41.000 -0.01855 23
-129.000   42.000 -0.01983 16
-129.000   43.000 -0.00835 9
-129.000   44.000 -0.00325 6
-129.000   45.000  0.01232 5
-129.000   46.000  0.02996 46
-129.000   47.000  0.05955 34
-129.000   48.000  0.04031 2
-129.000   49.000  0.03935 3
-129.000   50.000  0.03412 1
-128.000   25.000 -0.06007 1
-128.000   26.000 -0.05912 12
-128.000   27.000 -0.07330 11
-128.000   28.000 -0.08421 10
-128.000   29.000 -0.09352 2
-128.000   30.000 -0.08694 8
-128.000   31.000 -0.07564 0
-128.000   32.000 -0.04782 0
-128.000   33.000 -0.01888 0
-128.000   34.000 -0.00677 3
-128.000   35.000  0.00593 1
-128.000   36.000  0.01670 2
-128.000   37.000  0.00167 1
-128.000   38.000  0.00660 3
-128.000   39.000  0.01189 20
-128.000   40.000  0.00219 47
-128.000   41.000 -0.01376 10
-128.000   42.000 -0.00946 18
-128.000   43.000 -0.00600 6
-128.000   44.000 -0.00025 6
-128.000   45.000  0.01818 6
-128.000   46.000  0.02940 46
-128.000   47.000  0.05667 7
-128.000   48.000  0.03995 3
-128.000   49.000  0.04010 5
-128.000   50.000  0.03093 4
-127.000   25.000 -0.04771 4
-127.000   26.000 -0.04910 5
-127.000   27.000 -0.06168 6
-127.000   28.000 -0.07151 2
-127.000   29.000 -0.06505 8
-127.000   30.000 -0.05781 1
-127.000   31.000 -0.04435 0
-127.000   32.000 -0.01715 0
-127.000   33.000  0.01495 0
-127.000   34.000  0.00648 0
-127.000   35.000  0.02219 0
-127.000   36.000  0.02690 1
-127.000   37.000  0.00880 1
-127.000   38.000  0.00774 3
-127.000   39.000  0.01768 10
-127.000   40.000 -0.00262 20
-127.000   41.000 -0.01716 11
-127.000   42.000 -0.00732 7
-127.000   43.000  0.01489 3
-127.000   44.000  0.02091 7
-127.000   45.000  0.04668 5
-127.000   46.000  0.05728 7
-127.000   47.000  0.07697 7
-127.000   48.000  0.04256 4
-127.000   49.000  0.03270 7
-127.000   50.000  0.02169 3
-126.000   25.000 -0.07183 0
-126.000   26.000 -0.05725 1
-126.000   27.000 -0.06548 4
-126.000   28.000 -0.06864 4
-126.000   29.000 -0.05488 1
-126.000   30.000 -0.03932 0
-126.000   31.000 -0.03034 0
-126.000   32.000 -0.00250 2
-126.000   33.000  0.02181 2
-126.000   34.000  0.01890 0
-126.000   35.000  0.03133 0
-126.000   36.000  0.03085 0
-126.000   37.000  0.01792 3
-126.000   38.000  0.02195 3
-126.000   39.000  0.03133 1
-126.000   40.000  0.01145 1
-126.000   41.000  0.00039 10
-126.000   42.000  0.00317 2
-126.000   43.000  0.01645 2
-126.000   44.000  0.01850 4
-126.000   45.000  0.03993 4
-126.000   46.000  0.04104 7
-126.000   47.000  0.04929 6
-126.000   48.000  0.01846 6
-126.000   49.000  0.00858 8
-126.000   50.000 -0.01047 11
-125.000   25.000 -0.03611 0
-125.000   26.000 -0.09070 0
-125.000   27.000 -0.08680 2
-125.000   28.000 -0.10072 4
-125.000   29.000 -0.08408 2
-125.000   30.000 -0.07167 1
-125.000   31.000 -0.01451 1
-125.000   32.000  0.00995 0
-125.000   33.000  0.02831 5
-125.000   34.000  0.02895 3
-125.000   35.000  0.04098 6
-125.000   36.000  0.03893 4
-125.000   37.000  0.02574 6
-125.000   38.000  0.02756 4
-125.000   39.000  0.02847 4
-125.000   40.000  0.00555 4
-125.000   41.000  0.00172 8
-125.000   42.000 -0.00213 3
-125.000   43.000  0.01066 5
-125.000   44.000  0.01756 5
-125.000   45.000  0.03967 1
-125.000   46.000  0.02733 2
-125.000   47.000  0.03723 4
-125.000   48.000  0.01368 11
-125.000   49.000  0.00435 9
-125.000   50.000 -0.01476 19
-124.000   25.000 -0.02570 1
-124.000   26.000 -0.07410 2
-124.000   27.000 -0.06705 3
-124.000   28.000 -0.06913 1
-124.000   29.000 -0.04711 0
-124.000   30.000 -0.03582 0
-124.000   31.000  0.01780 0
-124.000   32.000  0.03897 9
-124.000   33.000  0.04099 24
-124.000   34.000  0.04635 10
-124.000   35.000  0.05674 12
-124.000   36.000  0.05461 10
-124.000   37.000  0.04269 29
-124.000   38.000  0.04552 9
-124.000   39.000  0.03345 11
-124.000   40.000  0.00725 8
-124.000   41.000 -0.00104 9
-124.000   42.000 -0.00747 20
-124.000   43.000  0.00343 6
-124.000   44.000  0.01573 7
-124.000   45.000  0.04308 3
-124.000   46.000  0.03499 3
-124.000   47.000  0.03811 9
-124.000   48.000  0.01357 7
-124.000   49.000  0.00198 25
-124.000   50.000 -0.02086 33
-123.000   25.000 -0.01178 0
-123.000   26.000 -0.06081 1
-123.000   27.000 -0.04328 0
-123.000   28.000 -0.03409 1
-123.000   29.000 -0.00953 1
-123.000   30.000 -0.00229 5
-123.000   31.000  0.05845 3
-123.000   32.000  0.07279 4
-123.000   33.000  0.07325 11
-123.000   34.000  0.07548 19
-123.000   35.000  0.08762 10
-123.000   36.000  0.08132 14
-123.000   37.000  0.07163 16
-123.000   38.000  0.05866 9
-123.000   39.000  0.04431 15
-123.000   40.000  0.01538 24
-123.000   41.000 -0.00662 14
-123.000   42.000 -0.02205 10
-123.000   43.000 -0.00377 15
-123.000   44.000  0.00902 4
-123.000   45.000  0.03207 3
-123.000   46.000  0.03832 7
-123.000   47.000  0.03841 6
-123.000   48.000  0.01675 7
-123.000   49.000  0.00600 21
-123.000   50.000 -0.00998 4
-122.000   25.000  0.01211 0
-122.000   26.000 -0.03487 0
-122.000   27.000 -0.00589 0
-122.000   28.000  0.00753 5
-122.000   29.000  0.02873 9
-122.000   30.000  0.03006 6
-122.000   31.000  0.08952 11
-122.000   32.000  0.08723 16
-122.000   33.000  0.07928 11
-122.000   34.000  0.07749 8
-122.000   35.000  0.08800 12
-122.000   36.000  0.07867 12
-122.000   37.000  0.07173 11
-122.000   38.000  0.06326 10
-122.000   39.000  0.04836 11
-122.000   40.000  0.02817 9
-122.000   41.000  0.00562 10
-122.000   42.000 -0.01383 13
-122.000   43.000 -0.01202 17
-122.000   44.000  0.00865 11
-122.000   45.000  0.01834 14
-122.000   46.000  0.02651 8
-122.000   47.000  0.02099 6
-122.000   48.000  0.01366 4
-122.000   49.000 -0.00373 8
-122.000   50.000 -0.01867 2
-121.000   25.000 -0.01004 0
-121.000   26.000 -0.03546 0
-121.000   27.000 -0.00531 0
-121.000   28.000  0.01195 3
-121.000   29.000  0.02680 16
-121.000   30.000  0.05263 2
-121.000   31.000  0.10302 14
-121.000   32.000  0.09811 13
-121.000   33.000  0.08723 9
-121.000   34.000  0.08455 11
-121.000   35.000  0.09244 3
-121.000   36.000  0.08289 7
-121.000   37.000  0.07412 10
-121.000   38.000  0.06164 14
-121.000   39.000  0.04063 10
-121.000   40.000  0.01943 12
-121.000   41.000 -0.00740 11
-121.000   42.000 -0.01949 11
-121.000   43.000 -0.00494 7
-121.000   44.000  0.02245 9
-121.000   45.000  0.03992 6
-121.000   46.000  0.06744 5
-121.000   47.000  0.05252 7
-121.000   48.000  0.04052 4
-121.000   49.000  0.02560 0
-121.000   50.000  0.00766 3
-120.000   25.000  0.00410 0
-120.000   26.000  0.01580 1
-120.000   27.000  0.03028 1
-120.000   28.000  0.04437 1
-120.000   29.000  0.05909 4
-120.000   30.000  0.07725 3
-120.000   31.000  0.09896 10
-120.000   32.000  0.09845 11
-120.000   33.000  0.09434 8
-120.000   34.000  0.09042 9
-120.000   35.000  0.09676 7
-120.000   36.000  0.07801 13
-120.000   37.000  0.06832 22
-120.000   38.000  0.05279 15
-120.000   39.000  0.02909 17
-120.000   40.000  0.00769 14
-120.000   41.000 -0.01519 12
-120.000   42.000 -0.01934 16
-120.000   43.000 -0.00172 15
-120.000   44.000  0.02489 12
-120.000   45.000  0.04258 5
-120.000   46.000  0.08372 3
-120.000   47.000  0.06466 5
-120.000   48.000  0.05185 7
-120.000   49.000  0.04154 4
-120.000   50.000  0.03097 5
-119.000   25.000 -0.01444 1
-119.000   26.000 -0.00517 0
-119.000   27.000  0.00848 1
-119.000   28.000  0.01256 2
-119.000   29.000  0.03875 3
-119.000   30.000  0.05975 4
-119.000   31.000  0.08598 5
-119.000   32.000  0.09220 6
-119.000   33.000  0.09590 2
-119.000   34.000  0.09386 5
-119.000   35.000  0.09538 12
-119.000   36.000  0.07569 13
-119.000   37.000  0.06125 16
-119.000   38.000  0.04288 12
-119.000   39.000  0.02723 19
-119.000   40.000  0.00974 18
-119.000   41.000 -0.00662 10
-119.000   42.000 -0.00546 28
-119.000   43.000  0.00800 19
-119.000   44.000  0.02802 17
-119.000   45.000  0.04267 4
-119.000   46.000  0.06978 1
-119.000   47.000  0.04937 4
-119.000   48.000  0.04386 2
-119.000   49.000  0.03245 4
-119.000   50.000  0.02069 3
-118.000   25.000  0.02821 3
-118.000   26.000  0.02038 1
-118.000   27.000  0.00928 4
-118.000   28.000 -0.01283 2
-118.000   29.000  0.00138 4
-118.000   30.000  0.01253 5
-118.000   31.000  0.03557 6
-118.000   32.000  0.06060 5
-118.000   33.000  0.07059 6
-118.000   34.000  0.07561 8
-118.000   35.000  0.07456 11
-118.000   36.000  0.06148 12
-118.000   37.000  0.04128 10
-118.000   38.000  0.03146 13
-118.000   39.000  0.01821 20
-118.000   40.000  0.00290 21
-118.000   41.000 -0.00230 25
-118.000   42.000  0.01127 31
-118.000   43.000  0.02083 26
-118.000   44.000  0.03909 9
-118.000   45.000  0.05431 3
-118.000   46.000  0.06251 2
-118.000   47.000  0.03517 10
-118.000   48.000  0.02563 4
-118.000   49.000  0.01062 6
-118.000   50.000 -0.00555 3
-117.000   25.000  0.00149 5
-117.000   26.000 -0.02165 1
-117.000   27.000 -0.03357 0
-117.000   28.000 -0.05597 2
-117.000   29.000 -0.03493 3
-117.000   30.000 -0.02450 2
-117.000   31.000  0.00964 5
-117.000   32.000  0.04565 5
-117.000   33.000  0.06458 5
-117.000   34.000  0.07906 11
-117.000   35.000  0.07912 37
-117.000   36.000  0.07265 10
-117.000   37.000  0.04796 8
-117.000   38.000  0.03351 14
-117.000   39.000  0.00988 28
-117.000   40.000 -0.00649 19
-117.000   41.000 -0.00190 7
-117.000   42.000  0.01593 12
-117.000   43.000  0.02300 16
-117.000   44.000  0.02887 14
-117.000   45.000  0.04707 8
-117.000   46.000  0.03878 0
-117.000   47.000  0.01445 21
-117.000   48.000  0.00389 9
-117.000   49.000  0.00319 3
-117.000   50.000 -0.01491 3
-116.000   25.000 -0.00950 2
-116.000   26.000 -0.05675 1
-116.000   27.000 -0.06589 1
-116.000   28.000 -0.06750 3
-116.000   29.000 -0.04786 4
-116.000   30.000 -0.05150 6
-116.000   31.000  0.00313 9
-116.000   32.000  0.04922 4
-116.000   33.000  0.06469 8
-116.000   34.000  0.08145 20
-116.000   35.000  0.08272 17
-116.000   36.000  0.07178 4
-116.000   37.000  0.04146 11
-116.000   38.000  0.02703 18
-116.000   39.000  0.00838 30
-116.000   40.000  0.00181 7
-116.000   41.000  0.01068 11
-116.000   42.000  0.02981 18
-116.000   43.000  0.02280 13
-116.000   44.000  0.02246 3
-116.000   45.000  0.01308 2
-116.000   46.000 -0.00294 0
-116.000   47.000 -0.03023 2
-116.000   48.000 -0.02337 8
-116.000   49.000 -0.02946 8
-116.000   50.000 -0.02136 1
-115.000   25.000 -0.02156 3
-115.000   26.000 -0.06266 3
-115.000   27.000 -0.07229 1
-115.000   28.000 -0.06962 4
-115.000   29.000 -0.05179 4
-115.000   30.000 -0.05811 5
-115.000   31.000 -0.00712 4
-115.000   32.000  0.03689 1
-115.000   33.000  0.05724 6
-115.000   34.000  0.07021 3
-115.000   35.000  0.07300 7
-115.000   36.000  0.06326 4
-115.000   37.000  0.03671 6
-115.000   38.000  0.02190 20
-115.000   39.000  0.00927 21
-115.000   40.000  0.00695 11
-115.000   41.000  0.01355 9
-115.000   42.000  0.02389 15
-115.000   43.000  0.00092 10
-115.000   44.000 -0.00351 10
-115.000   45.000 -0.02026 6
-115.000   46.000 -0.04519 3
-115.000   47.000 -0.06529 4
-115.000   48.000 -0.05014 8
-115.000   49.000 -0.05812 7
-115.000   50.000 -0.05314 4
-114.000   25.000 -0.00492 3
-114.000   26.000 -0.05480 3
-114.000   27.000 -0.06816 4
-114.000   28.000 -0.05976 2
-114.000   29.000 -0.05674 4
-114.000   30.000 -0.06789 3
-114.000   31.000 -0.00926 1
-114.000   32.000  0.03081 2
-114.000   33.000  0.05914 5
-114.000   34.000  0.07607 8
-114.000   35.000  0.08598 6
-114.000   36.000  0.06624 6
-114.000   37.000  0.04530 6
-114.000   38.000  0.01575 8
-114.000   39.000 -0.00157 11
-114.000   40.000 -0.00535 9
-114.000   41.000  0.00413 10
-114.000   42.000  0.01293 9
-114.000   43.000  0.00514 14
-114.000   44.000 -0.00177 7
-114.000   45.000 -0.02688 8
-114.000   46.000 -0.05600 4
-114.000   47.000 -0.06951 3
-114.000   48.000 -0.06567 10
-114.000   49.000 -0.07301 7
-114.000   50.000 -0.06042 2
-113.000   25.000 -0.04151 1
-113.000   26.000 -0.08583 0
-113.000   27.000 -0.08228 2
-113.000   28.000 -0.06953 4
-113.000   29.000 -0.06226 3
-113.000   30.000 -0.05867 6
-113.000   31.000  0.00273 0
-113.000   32.000  0.02686 0
-113.000   33.000  0.06148 2
-113.000   34.000  0.07606 9
-113.000   35.000  0.08253 4
-113.000   36.000  0.05300 7
-113.000   37.000  0.04535 7
-113.000   38.000  0.00700 25
-113.000   39.000 -0.00930 16
-113.000   40.000 -0.01074 17
-113.000   41.000  0.00750 10
-113.000   42.000  0.00312 4
-113.000   43.000  0.00060 11
-113.000   44.000 -0.00966 4
-113.000   45.000 -0.04197 9
-113.000   46.000 -0.06400 3
-113.000   47.000 -0.07185 7
-113.000   48.000 -0.07200 9
-113.000   49.000 -0.07601 4
-113.000   50.000 -0.05610 2
-112.000   25.000 -0.05034 0
-112.000   26.000 -0.07047 1
-112.000   27.000 -0.06859 0
-112.000   28.000 -0.05205 7
-112.000   29.000 -0.05605 4
-112.000   30.000 -0.04645 3
-112.000   31.000 -0.00108 3
-112.000   32.000  0.02321 3
-112.000   33.000  0.05441 7
-112.000   34.000  0.06908 6
-112.000   35.000  0.07285 6
-112.000   36.000  0.04245 7
-112.000   37.000  0.02871 18
-112.000   38.000 -0.00826 26
-112.000   39.000 -0.01427 13
-112.000   40.000 -0.00684 11
-112.000   41.000  0.00069 6
-112.000   42.000 -0.00017 8
-112.000   43.000 -0.00004 2
-112.000   44.000 -0.00835 8
-112.000   45.000 -0.04812 7
-112.000   46.000 -0.05192 6
-112.000   47.000 -0.05702 8
-112.000   48.000 -0.05945 8
-112.000   49.000 -0.06560 10
-112.000   50.000 -0.03653 3
-111.000   25.000 -0.01944 4
-111.000   26.000 -0.03688 0
-111.000   27.000 -0.04108 6
-111.000   28.000 -0.03516 8
-111.000   29.000 -0.03926 4
-111.000   30.000 -0.03861 1
-111.000   31.000 -0.00460 1
-111.000   32.000  0.01140 6
-111.000   33.000  0.05578 3
-111.000   34.000  0.06777 4
-111.000   35.000  0.06471 3
-111.000   36.000  0.04004 7
-111.000   37.000  0.03610 19
-111.000   38.000 -0.00511 15
-111.000   39.000 -0.00696 12
-111.000   40.000 -0.00587 11
-111.000   41.000  0.00256 11
-111.000   42.000 -0.00155 8
-111.000   43.000 -0.00041 7
-111.000   44.000 -0.01165 11
-111.000   45.000 -0.03769 8
-111.000   46.000 -0.04374 9
-111.000   47.000 -0.03741 7
-111.000   48.000 -0.05201 4
-111.000   49.000 -0.05399 5
-111.000   50.000 -0.03171 1
-110.000   25.000 -0.02279 18
-110.000   26.000 -0.03431 10
-110.000   27.000 -0.03751 8
-110.000   28.000 -0.03535 12
-110.000   29.000 -0.03527 13
-110.000   30.000 -0.02444 0
-110.000   31.000  0.00982 5
-110.000   32.000  0.02984 7
-110.000   33.000  0.06930 6
-110.000   34.000  0.07850 4
-110.000   35.000  0.06420 6
-110.000   36.000  0.03514 11
-110.000   37.000  0.02862 10
-110.000   38.000 -0.00831 15
-110.000   39.000 -0.01230 7
-110.000   40.000 -0.00093 6
-110.000   41.000  0.01361 10
-110.000   42.000  0.01272 5
-110.000   43.000  0.02438 4
-110.000   44.000  0.01627 6
-110.000   45.000 -0.01134 6
-110.000   46.000 -0.02758 6
-110.000   47.000 -0.02689 6
-110.000   48.000 -0.05028 8
-110.000   49.000 -0.05311 5
-110.000   50.000 -0.03095 3
-109.000   25.000 -0.02762 21
-109.000   26.000 -0.02895 12
-109.000   27.000 -0.03450 4
-109.000   28.000 -0.02943 6
-109.000   29.000 -0.03192 5
-109.000   30.000 -0.01921 7
-109.000   31.000  0.00525 9
-109.000   32.000  0.03378 4
-109.000   33.000  0.06802 3
-109.000   34.000  0.07243 6
-109.000   35.000  0.05657 5
-109.000   36.000  0.02663 10
-109.000   37.000  0.01695 8
-109.000   38.000 -0.01023 11
-109.000   39.000 -0.01203 9
-109.000   40.000 -0.00031 11
-109.000   41.000  0.01852 8
-109.000   42.000  0.01878 6
-109.000   43.000  0.02220 1
-109.000   44.000  0.01964 6
-109.000   45.000 -0.00343 7
-109.000   46.000 -0.01455 8
-109.000   47.000 -0.01286 6
-109.000   48.000 -0.03112 7
-109.000   49.000 -0.03494 3
-109.000   50.000 -0.01245 9
-108.000   25.000 -0.03314 8
-108.000   26.000 -0.03220 9
-108.000   27.000 -0.03695 5
-108.000   28.000 -0.02520 1
-108.000   29.000 -0.01623 8
-108.000   30.000 -0.00735 8
-108.000   31.000  0.02134 7
-108.000   32.000  0.07470 5
-108.000   33.000  0.10158 8
-108.000   34.000  0.10105 18
-108.000   35.000  0.08484 12
-108.000   36.000  0.06154 9
-108.000   37.000  0.02289 11
-108.000   38.000  0.00167 15
-108.000   39.000  0.00241 8
-108.000   40.000  0.02241 6
-108.000   41.000  0.03413 7
-108.000   42.000  0.03853 6
-108.000   43.000  0.03974 5
-108.000   44.000  0.03539 8
-108.000   45.000  0.00984 12
-108.000   46.000 -0.00861 10
-108.000   47.000 -0.00677 6
-108.000   48.000 -0.01741 5
-108.000   49.000 -0.02166 9
-108.000   50.000 -0.00554 6
-107.000   25.000 -0.02837 6
-107.000   26.000 -0.03195 11
-107.000   27.000 -0.03582 2
-107.000   28.000 -0.03767 2
-107.000   29.000 -0.01091 6
-107.000   30.000  0.00046 6
-107.000   31.000  0.02730 9
-107.000   32.000  0.07353 6
-107.000   33.000  0.09639 4
-107.000   34.000  0.08887 11
-107.000   35.000  0.07042 19
-107.000   36.000  0.05022 12
-107.000   37.000  0.02085 12
-107.000   38.000  0.00691 7
-107.000   39.000  0.00320 9
-107.000   40.000  0.02803 11
-107.000   41.000  0.04319 7
-107.000   42.000  0.03862 4
-107.000   43.000  0.03379 7
-107.000   44.000  0.03448 7
-107.000   45.000  0.00531 11
-107.000   46.000 -0.02773 12
-107.000   47.000 -0.01776 6
-107.000   48.000 -0.02563 7
-107.000   49.000 -0.03335 4
-107.000   50.000 -0.02196 3
-106.000   25.000 -0.05143 5
-106.000   26.000 -0.04370 4
-106.000   27.000 -0.04101 7
-106.000   28.000 -0.03806 7
-106.000   29.000 -0.00314 2
-106.000   30.000  0.00335 7
-106.000   31.000  0.02033 9
-106.000   32.000  0.06530 9
-106.000   33.000  0.07617 4
-106.000   34.000  0.06803 1
-106.000   35.000  0.06697 8
-106.000   36.000  0.05201 14
-106.000   37.000  0.03191 8
-106.000   38.000  0.03036 19
-106.000   39.000  0.02789 12
-106.000   40.000  0.05082 6
-106.000   41.000  0.06274 3
-106.000   42.000  0.04700 2
-106.000   43.000  0.04846 7
-106.000   44.000  0.05448 7
-106.000   45.000  0.02619 8
-106.000   46.000 -0.00594 10
-106.000   47.000  0.01252 3
-106.000   48.000  0.00592 5
-106.000   49.000 -0.00304 4
-106.000   50.000  0.00287 4
-105.000   25.000 -0.03046 3
-105.000   26.000 -0.02105 1
-105.000   27.000 -0.01597 8
-105.000   28.000 -0.02093 6
-105.000   29.000  0.01095 6
-105.000   30.000  0.00737 4
-105.000   31.000  0.01214 10
-105.000   32.000  0.04047 7
-105.000   33.000  0.04039 13
-105.000   34.000  0.02937 12
-105.000   35.000  0.04480 11
-105.000   36.000  0.04064 9
-105.000   37.000  0.03408 8
-105.000   38.000  0.04102 17
-105.000   39.000  0.04585 10
-105.000   40.000  0.06815 6
-105.000   41.000  0.08695 3
-105.000   42.000  0.07715 7
-105.000   43.000  0.08077 8
-105.000   44.000  0.08646 4
-105.000   45.000  0.04629 9
-105.000   46.000  0.01008 7
-105.000   47.000  0.01725 5
-105.000   48.000  0.00341 1
-105.000   49.000 -0.01064 2
-105.000   50.000  0.00073 5
-104.000   25.000 -0.00696 2
-104.000   26.000 -0.00356 1
-104.000   27.000  0.00367 4
-104.000   28.000  0.00109 4
-104.000   29.000  0.03498 6
-104.000   30.000  0.02158 5
-104.000   31.000  0.02660 7
-104.000   32.000  0.03900 7
-104.000   33.000  0.02160 13
-104.000   34.000  0.01029 7
-104.000   35.000  0.02630 9
-104.000   36.000  0.02597 5
-104.000   37.000  0.02624 5
-104.000   38.000  0.05276 6
-104.000   39.000  0.06014 5
-104.000   40.000  0.08780 8
-104.000   41.000  0.10820 4
-104.000   42.000  0.10218 6
-104.000   43.000  0.09666 4
-104.000   44.000  0.10240 10
-104.000   45.000  0.06475 6
-104.000   46.000  0.02128 6
-104.000   47.000  0.00903 8
-104.000   48.000 -0.00253 3
-104.000   49.000 -0.01958 2
-104.000   50.000 -0.02479 2
-103.000   25.000 -0.01025 3
-103.000   26.000  0.00330 1
-103.000   27.000  0.00948 5
-103.000   28.000  0.01450 2
-103.000   29.000  0.04379 6
-103.000   30.000  0.03999 7
-103.000   31.000  0.03321 4
-103.000   32.000  0.01906 12
-103.000   33.000 -0.00733 13
-103.000   34.000 -0.01894 17
-103.000   35.000 -0.00474 10
-103.000   36.000  0.00225 11
-103.000   37.000  0.03170 11
-103.000   38.000  0.06426 8
-103.000   39.000  0.07013 7
-103.000   40.000  0.07976 8
-103.000   41.000  0.08525 7
-103.000   42.000  0.07173 9
-103.000   43.000  0.06399 6
-103.000   44.000  0.07714 6
-103.000   45.000  0.05216 4
-103.000   46.000  0.00741 5
-103.000   47.000 -0.00004 1
-103.000   48.000 -0.02382 5
-103.000   49.000 -0.05267 1
-103.000   50.000 -0.06696 2
-102.000   25.000  0.01055 1
-102.000   26.000  0.01638 0
-102.000   27.000  0.01975 3
-102.000   28.000  0.05139 1
-102.000   29.000  0.07225 4
-102.000   30.000  0.06170 5
-102.000   31.000  0.05807 5
-102.000   32.000  0.04369 7
-102.000   33.000 -0.00194 16
-102.000   34.000 -0.01607 17
-102.000   35.000 -0.00291 9
-102.000   36.000  0.00774 8
-102.000   37.000  0.03764 7
-102.000   38.000  0.07577 6
-102.000   39.000  0.11012 13
-102.000   40.000  0.10930 5
-102.000   41.000  0.10947 4
-102.000   42.000  0.10766 11
-102.000   43.000  0.09988 11
-102.000   44.000  0.08306 5
-102.000   45.000  0.07835 10
-102.000   46.000  0.04297 5
-102.000   47.000  0.02081 1
-102.000   48.000 -0.01065 1
-102.000   49.000 -0.03520 1
-102.000   50.000 -0.06470 1
-101.000   25.000 -0.01154 1
-101.000   26.000  0.00267 0
-101.000   27.000  0.00228 1
-101.000   28.000  0.05060 1
-101.000   29.000  0.06474 4
-101.000   30.000  0.06118 7
-101.000   31.000  0.05538 9
-101.000   32.000  0.05858 8
-101.000   33.000  0.00595 21
-101.000   34.000 -0.00497 14
-101.000   35.000 -0.00571 9
-101.000   36.000  0.00677 10
-101.000   37.000  0.01272 11
-101.000   38.000  0.05439 6
-101.000   39.000  0.08975 3
-101.000   40.000  0.09914 6
-101.000   41.000  0.10312 4
-101.000   42.000  0.10764 10
-101.000   43.000  0.09029 6
-101.000   44.000  0.06968 9
-101.000   45.000  0.06094 6
-101.000   46.000  0.02074 8
-101.000   47.000 -0.00625 0
-101.000   48.000 -0.03719 1
-101.000   49.000 -0.06192 0
-101.000   50.000 -0.09594 2
-100.000   25.000 -0.03432 8
-100.000   26.000 -0.01371 0
-100.000   27.000 -0.01720 4
-100.000   28.000  0.03938 1
-100.000   29.000  0.04577 0
-100.000   30.000  0.05525 4
-100.000   31.000  0.05938 4
-100.000   32.000  0.06744 12
-100.000   33.000  0.01836 6
-100.000   34.000  0.01762 8
-100.000   35.000  0.00602 7
-100.000   36.000  0.00096 11
-100.000   37.000  0.03009 7
-100.000   38.000  0.07028 5
-100.000   39.000  0.10002 9
-100.000   40.000  0.10323 9
-100.000   41.000  0.09430 5
-100.000   42.000  0.07054 5
-100.000   43.000  0.04274 8
-100.000   44.000  0.02111 4
-100.000   45.000  0.02207 6
-100.000   46.000  0.00178 6
-100.000   47.000 -0.01247 2
-100.000   48.000 -0.03035 0
-100.000   49.000 -0.04862 1
-100.000   50.000 -0.07848 3
 -99.000   25.000 -0.04381 1
 -99.000   26.000 -0.01709 3
 -99.000   27.000 -0.02304 3
 -99.000   28.000  0.02587 1
 -99.000   29.000  0.03809 4
 -99.000   30.000  0.05162 6
 -99.000   31.000  0.04889 8
 -99.000   32.000  0.07757 7
 -99.000   33.000  0.03477 8
 -99.000   34.000  0.02426 2
 -99.000   35.000  0.01882 6
 -99.000   36.000  0.01869 10
 -99.000   37.000  0.03755 5
 -99.000   38.000  0.06854 8
 -99.000   39.000  0.10079 5
 -99.000   40.000  0.09562 2
 -99.000   41.000  0.07963 8
 -99.000   42.000  0.04178 3
 -99.000   43.000  0.01052 3
 -99.000   44.000 -0.01289 1
 -99.000   45.000 -0.00778 4
 -99.000   46.000 -0.01803 11
 -99.000   47.000 -0.01219 7
 -99.000   48.000 -0.01982 0
 -99.000   49.000 -0.02883 0
 -99.000   50.000 -0.04915 4
 -98.000   25.000 -0.02908 5
 -98.000   26.000 -0.01885 3
 -98.000   27.000 -0.02047 2
 -98.000   28.000  0.03446 2
 -98.000   29.000  0.04720 3
 -98.000   30.000  0.04589 11
 -98.000   31.000  0.05796 7
 -98.000   32.000  0.10582 5
 -98.000   33.000  0.05532 2
 -98.000   34.000  0.04275 7
 -98.000   35.000  0.04205 13
 -98.000   36.000  0.02350 13
 -98.000   37.000  0.01775 8
 -98.000   38.000  0.04709 4
 -98.000   39.000  0.07818 2
 -98.000   40.000  0.07989 5
 -98.000   41.000  0.09346 2
 -98.000   42.000  0.06006 6
 -98.000   43.000  0.02492 4
 -98.000   44.000  0.00062 2
 -98.000   45.000 -0.00602 1
 -98.000   46.000 -0.02220 10
 -98.000   47.000 -0.01148 5
 -98.000   48.000  0.00534 1
 -98.000   49.000  0.00712 3
 -98.000   50.000  0.01112 1
 -97.000   25.000 -0.05023 1
 -97.000   26.000 -0.02846 1
 -97.000   27.000 -0.02308 0
 -97.000   28.000  0.03051 5
 -97.000   29.000  0.04047 3
 -97.000   30.000  0.03791 4
 -97.000   31.000  0.04831 2
 -97.000   32.000  0.10058 1
 -97.000   33.000  0.05644 0
 -97.000   34.000  0.04724 2
 -97.000   35.000  0.05789 6
 -97.000   36.000  0.03163 8
 -97.000   37.000  0.01685 7
 -97.000   38.000  0.04215 6
 -97.000   39.000  0.04426 2
 -97.000   40.000  0.04430 9
 -97.000   41.000  0.05884 6
 -97.000   42.000  0.01784 8
 -97.000   43.000 -0.02866 6
 -97.000   44.000 -0.01727 4
 -97.000   45.000 -0.04008 3
 -97.000   46.000 -0.05388 6
 -97.000   47.000 -0.03140 1
 -97.000   48.000  0.00167 3
 -97.000   49.000 -0.00370 2
 -97.000   50.000  0.02452 2
 -96.000   25.000 -0.00650 4
 -96.000   26.000  0.00979 0
 -96.000   27.000  0.01443 2
 -96.000   28.000  0.04429 3
 -96.000   29.000  0.05922 7
 -96.000   30.000  0.06500 3
 -96.000   31.000  0.07061 3
 -96.000   32.000  0.09928 7
 -96.000   33.000  0.06543 2
 -96.000   34.000  0.04584 2
 -96.000   35.000  0.05019 4
 -96.000   36.000  0.02154 13
 -96.000   37.000  0.02178 17
 -96.000   38.000  0.03862 6
 -96.000   39.000  0.03936 5
 -96.000   40.000  0.02755 7
 -96.000   41.000  0.03679 1
 -96.000   42.000 -0.00507 3
 -96.000   43.000 -0.04456 3
 -96.000   44.000 -0.03259 5
 -96.000   45.000 -0.06038 6
 -96.000   46.000 -0.07013 2
 -96.000   47.000 -0.04549 3
 -96.000   48.000 -0.02293 2
 -96.000   49.000 -0.03244 2
 -96.000   50.000  0.00858 4
 -95.000   25.000 -0.01441 9
 -95.000   26.000  0.01127 8
 -95.000   27.000  0.01960 1
 -95.000   28.000  0.04711 2
 -95.000   29.000  0.06789 5
 -95.000   30.000  0.07275 1
 -95.000   31.000  0.06210 5
 -95.000   32.000  0.09867 3
 -95.000   33.000  0.06840 5
 -95.000   34.000  0.04484 7
 -95.000   35.000  0.05177 20
 -95.000   36.000  0.03771 13
 -95.000   37.000  0.00012 27
 -95.000   38.000  0.01729 12
 -95.000   39.000  0.02516 11
 -95.000   40.000  0.00960 11
 -95.000   41.000  0.01580 3
 -95.000   42.000 -0.00336 7
 -95.000   43.000 -0.03938 7
 -95.000   44.000 -0.02775 7
 -95.000   45.000 -0.05697 4
 -95.000   46.000 -0.06889 4
 -95.000   47.000 -0.04093 2
 -95.000   48.000 -0.01835 7
 -95.000   49.000 -0.03351 2
 -95.000   50.000  0.01290 3
 -94.000   25.000 -0.01487 8
 -94.000   26.000  0.01074 8
 -94.000   27.000  0.02907 4
 -94.000   28.000  0.05773 2
 -94.000   29.000  0.08499 3
 -94.000   30.000  0.08630 2
 -94.000   31.000  0.07380 5
 -94.000   32.000  0.09493 3
 -94.000   33.000  0.07154 7
 -94.000   34.000  0.05264 4
 -94.000   35.000  0.04438 12
 -94.000   36.000  0.03575 15
 -94.000   37.000 -0.00414 14
 -94.000   38.000  0.00328 20
 -94.000   39.000  0.01278 18
 -94.000   40.000  0.00244 9
 -94.000   41.000  0.00311 2
 -94.000   42.000 -0.00364 8
 -94.000   43.000 -0.02459 5
 -94.000   44.000 -0.01827 6
 -94.000   45.000 -0.04492 5
 -94.000   46.000 -0.04951 2
 -94.000   47.000 -0.01825 8
 -94.000   48.000 -0.01435 5
 -94.000   49.000 -0.02989 5
 -94.000   50.000  0.01657 3
 -93.000   25.000 -0.02961 8
 -93.000   26.000  0.00321 4
 -93.000   27.000  0.02209 1
 -93.000   28.000  0.04391 4
 -93.000   29.000  0.07201 0
 -93.000   30.000  0.07403 4
 -93.000   31.000  0.06215 7
 -93.000   32.000  0.06657 8
 -93.000   33.000  0.05667 3
 -93.000   34.000  0.03922 5
 -93.000   35.000  0.02780 9
 -93.000   36.000  0.02447 26
 -93.000   37.000  0.00098 12
 -93.000   38.000  0.00809 18
 -93.000   39.000  0.02026 9
 -93.000   40.000  0.01536 7
 -93.000   41.000 -0.00441 6
 -93.000   42.000 -0.00925 10
 -93.000   43.000 -0.03085 16
 -93.000   44.000 -0.04128 3
 -93.000   45.000 -0.05622 4
 -93.000   46.000 -0.04037 4
 -93.000   47.000 -0.01793 3
 -93.000   48.000 -0.01527 2
 -93.000   49.000 -0.01263 3
 -93.000   50.000  0.01634 8
 -92.000   25.000 -0.02090 16
 -92.000   26.000  0.00451 5
 -92.000   27.000  0.01449 2
 -92.000   28.000  0.03001 4
 -92.000   29.000  0.06205 5
 -92.000   30.000  0.06546 5
 -92.000   31.000  0.05534 2
 -92.000   32.000  0.05968 4
 -92.000   33.000  0.05961 6
 -92.000   34.000  0.03872 8
 -92.000   35.000  0.01723 14
 -92.000   36.000  0.01711 17
 -92.000   37.000  0.00613 9
 -92.000   38.000  0.01137 10
 -92.000   39.000  0.02828 15
 -92.000   40.000  0.02378 7
 -92.000   41.000  0.00985 15
 -92.000   42.000  0.00052 15
 -92.000   43.000 -0.01290 13
 -92.000   44.000 -0.04759 6
 -92.000   45.000 -0.05601 8
 -92.000   46.000 -0.04674 7
 -92.000   47.000 -0.02680 5
 -92.000   48.000 -0.01160 5
 -92.000   49.000  0.01417 3
 -92.000   50.000  0.04024 1
 -91.000   25.000 -0.03218 11
 -91.000   26.000 -0.01553 7
 -91.000   27.000 -0.00429 2
 -91.000   28.000  0.01123 4
 -91.000   29.000  0.03885 4
 -91.000   30.000  0.03192 5
 -91.000   31.000  0.02843 13
 -91.000   32.000  0.03560 4
 -91.000   33.000  0.03436 5
 -91.000   34.000  0.01689 6
 -91.000   35.000  0.01282 7
 -91.000   36.000  0.01724 10
 -91.000   37.000  0.00783 15
 -91.000   38.000  0.01585 13
 -91.000   39.000  0.02684 17
 -91.000   40.000  0.02445 14
 -91.000   41.000  0.02096 13
 -91.000   42.000  0.01653 13
 -91.000   43.000 -0.00042 7
 -91.000   44.000 -0.02793 6
 -91.000   45.000 -0.03202 6
 -91.000   46.000 -0.02969 3
 -91.000   47.000 -0.01008 2
 -91.000   48.000  0.01291 3
 -91.000   49.000  0.04392 1
 -91.000   50.000  0.06732 2
 -90.000   25.000 -0.05495 4
 -90.000   26.000 -0.02767 3
 -90.000   27.000 -0.01174 5
 -90.000   28.000  0.02070 3
 -90.000   29.000  0.05629 7
 -90.000   30.000  0.03637 10
 -90.000   31.000  0.02583 7
 -90.000   32.000  0.02542 8
 -90.000   33.000  0.02312 13
 -90.000   34.000  0.00061 12
 -90.000   35.000  0.01020 17
 -90.000   36.000  0.01792 11
 -90.000   37.000  0.01058 8
 -90.000   38.000  0.01208 4
 -90.000   39.000  0.01628 6
 -90.000   40.000  0.01790 11
 -90.000   41.000  0.01752 14
 -90.000   42.000  0.01383 21
 -90.000   43.000  0.00256 6
 -90.000   44.000 -0.02187 4
 -90.000   45.000 -0.02562 5
 -90.000   46.000 -0.03492 3
 -90.000   47.000 -0.01716 4
 -90.000   48.000  0.00354 5
 -90.000   49.000  0.03448 3
 -90.000   50.000  0.04578 1
 -89.000   25.000 -0.08476 7
 -89.000   26.000 -0.06235 5
 -89.000   27.000 -0.05383 4
 -89.000   28.000 -0.00356 12
 -89.000   29.000  0.02882 2
 -89.000   30.000  0.00435 4
 -89.000   31.000  0.00618 7
 -89.000   32.000  0.01197 3
 -89.000   33.000  0.00161 18
 -89.000   34.000 -0.02333 10
 -89.000   35.000 -0.00364 6
 -89.000   36.000  0.00498 7
 -89.000   37.000  0.00897 8
 -89.000   38.000  0.01600 7
 -89.000   39.000  0.02694 10
 -89.000   40.000  0.03186 15
 -89.000   41.000  0.03111 21
 -89.000   42.000  0.02247 14
 -89.000   43.000  0.00230 6
 -89.000   44.000 -0.02869 3
 -89.000   45.000 -0.03757 7
 -89.000   46.000 -0.05242 9
 -89.000   47.000 -0.04216 3
 -89.000   48.000  0.00348 3
 -89.000   49.000  0.04032 5
 -89.000   50.000  0.05705 2
 -88.000   25.000 -0.08452 2
 -88.000   26.000 -0.06833 3
 -88.000   27.000 -0.06978 7
 -88.000   28.000 -0.02818 6
 -88.000   29.000  0.00556 6
 -88.000   30.000 -0.01453 5
 -88.000   31.000 -0.01864 6
 -88.000   32.000 -0.00909 6
 -88.000   33.000 -0.02445 9
 -88.000   34.000 -0.04682 6
 -88.000   35.000 -0.02262 23
 -88.000   36.000 -0.00618 44
 -88.000   37.000  0.00455 47
 -88.000   38.000  0.01878 19
 -88.000   39.000  0.03077 15
 -88.000   40.000  0.03747 22
 -88.000   41.000  0.04324 18
 -88.000   42.000  0.03828 9
 -88.000   43.000  0.01628 4
 -88.000   44.000 -0.00890 9
 -88.000   45.000 -0.02835 7
 -88.000   46.000 -0.04821 10
 -88.000   47.000 -0.04478 2
 -88.000   48.000 -0.00727 1
 -88.000   49.000  0.01658 5
 -88.000   50.000  0.04113 0
 -87.000   25.000 -0.07674 2
 -87.000   26.000 -0.06417 2
 -87.000   27.000 -0.07107 3
 -87.000   28.000 -0.03851 1
 -87.000   29.000 -0.00874 4
 -87.000   30.000 -0.03308 7
 -87.000   31.000 -0.03650 7
 -87.000   32.000 -0.02322 5
 -87.000   33.000 -0.03989 10
 -87.000   34.000 -0.05929 9
 -87.000   35.000 -0.03003 7
 -87.000   36.000 -0.01394 15
 -87.000   37.000  0.00079 12
 -87.000   38.000  0.01829 6
 -87.000   39.000  0.03137 13
 -87.000   40.000  0.04072 8
 -87.000   41.000  0.04446 9
 -87.000   42.000  0.03632 10
 -87.000   43.000  0.01517 9
 -87.000   44.000  0.00056 5
 -87.000   45.000 -0.02047 4
 -87.000   46.000 -0.03708 7
 -87.000   47.000 -0.03191 5
 -87.000   48.000 -0.01263 5
 -87.000   49.000 -0.00361 2
 -87.000   50.000  0.01486 1
 -86.000   25.000 -0.07017 1
 -86.000   26.000 -0.05743 7
 -86.000   27.000 -0.06446 9
 -86.000   28.000 -0.02235 8
 -86.000   29.000  0.00100 3
 -86.000   30.000 -0.02171 6
 -86.000   31.000 -0.02825 7
 -86.000   32.000 -0.01243 10
 -86.000   33.000 -0.03549 9
 -86.000   34.000 -0.05151 13
 -86.000   35.000 -0.03524 15
 -86.000   36.000 -0.02015 15
 -86.000   37.000 -0.01325 10
 -86.000   38.000  0.01132 7
 -86.000   39.000  0.02393 10
 -86.000   40.000  0.03947 7
 -86.000   41.000  0.03375 15
 -86.000   42.000  0.02790 21
 -86.000   43.000  0.00787 17
 -86.000   44.000 -0.01507 8
 -86.000   45.000 -0.03302 5
 -86.000   46.000 -0.04091 6
 -86.000   47.000 -0.05025 4
 -86.000   48.000 -0.03149 2
 -86.000   49.000 -0.02347 3
 -86.000   50.000 -0.01470 1
 -85.000   25.000 -0.08269 10
 -85.000   26.000 -0.08061 10
 -85.000   27.000 -0.08701 10
 -85.000   28.000 -0.05574 3
 -85.000   29.000 -0.01636 3
 -85.000   30.000 -0.02358 3
 -85.000   31.000 -0.02183 6
 -85.000   32.000 -0.01723 3
 -85.000   33.000 -0.03642 11
 -85.000   34.000 -0.06150 18
 -85.000   35.000 -0.05506 12
 -85.000   36.000 -0.03590 9
 -85.000   37.000 -0.01301 9
 -85.000   38.000  0.01262 10
 -85.000   39.000  0.03902 3
 -85.000   40.000  0.04489 13
 -85.000   41.000  0.03788 12
 -85.000   42.000  0.03636 24
 -85.000   43.000  0.01330 9
 -85.000   44.000 -0.01613 9
 -85.000   45.000 -0.02668 4
 -85.000   46.000 -0.03186 10
 -85.000   47.000 -0.04433 9
 -85.000   48.000 -0.03156 3
 -85.000   49.000 -0.02131 4
 -85.000   50.000 -0.01447 1
 -84.000   25.000 -0.06482 1
 -84.000   26.000 -0.06491 9
 -84.000   27.000 -0.05384 8
 -84.000   28.000 -0.04010 3
 -84.000   29.000 -0.00963 2
 -84.000   30.000  0.00774 11
 -84.000   31.000  0.00720 8
 -84.000   32.000 -0.01260 7
 -84.000   33.000 -0.03043 22
 -84.000   34.000 -0.05057 11
 -84.000   35.000 -0.05794 11
 -84.000   36.000 -0.04145 4
 -84.000   37.000 -0.01260 8
 -84.000   38.000  0.01936 8
 -84.000   39.000  0.03767 11
 -84.000   40.000  0.04030 13
 -84.000   41.000  0.03669 13
 -84.000   42.000  0.03313 16
 -84.000   43.000  0.01477 15
 -84.000   44.000 -0.00669 20
 -84.000   45.000 -0.01292 7
 -84.000   46.000 -0.02411 3
 -84.000   47.000 -0.02990 5
 -84.000   48.000 -0.02914 9
 -84.000   49.000 -0.02392 1
 -84.000   50.000 -0.02380 0
 -83.000   25.000 -0.09152 1
 -83.000   26.000 -0.08081 4
 -83.000   27.000 -0.05007 6
 -83.000   28.000 -0.01955 5
 -83.000   29.000 -0.01768 7
 -83.000   30.000  0.00779 0
 -83.000   31.000  0.00567 1
 -83.000   32.000 -0.02639 10
 -83.000   33.000 -0.04738 20
 -83.000   34.000 -0.04115 3
 -83.000   35.000 -0.05051 3
 -83.000   36.000 -0.03451 5
 -83.000   37.000 -0.01033 6
 -83.000   38.000  0.02281 8
 -83.000   39.000  0.03427 10
 -83.000   40.000  0.03405 19
 -83.000   41.000  0.02882 12
 -83.000   42.000  0.02336 9
 -83.000   43.000  0.01074 22
 -83.000   44.000 -0.00063 13
 -83.000   45.000 -0.00237 10
 -83.000   46.000 -0.01684 9
 -83.000   47.000 -0.01860 7
 -83.000   48.000 -0.02148 4
 -83.000   49.000 -0.02245 6
 -83.000   50.000 -0.03073 2
 -82.000   25.000 -0.09533 5
 -82.000   26.000 -0.09006 6
 -82.000   27.000 -0.05106 4
 -82.000   28.000 -0.01605 9
 -82.000   29.000 -0.02490 1
 -82.000   30.000  0.00220 8
 -82.000   31.000 -0.00300 2
 -82.000   32.000 -0.03057 9
 -82.000   33.000 -0.04886 13
 -82.000   34.000 -0.02556 9
 -82.000   35.000 -0.03741 7
 -82.000   36.000 -0.00329 6
 -82.000   37.000  0.00317 0
 -82.000   38.000  0.02821 8
 -82.000   39.000  0.04136 8
 -82.000   40.000  0.04174 7
 -82.000   41.000  0.02700 7
 -82.000   42.000  0.03047 10
 -82.000   43.000  0.02027 26
 -82.000   44.000  0.01134 10
 -82.000   45.000  0.00384 11
 -82.000   46.000 -0.00787 7
 -82.000   47.000 -0.01191 4
 -82.000   48.000 -0.01559 4
 -82.000   49.000 -0.01939 4
 -82.000   50.000 -0.02473 5
 -81.000   25.000 -0.09144 1
 -81.000   26.000 -0.10064 0
 -81.000   27.000 -0.06562 2
 -81.000   28.000 -0.04555 5
 -81.000   29.000 -0.04633 5
 -81.000   30.000 -0.02279 2
 -81.000   31.000 -0.00337 11
 -81.000   32.000 -0.02451 3
 -81.000   33.000 -0.03382 8
 -81.000   34.000  0.00326 7
 -81.000   35.000 -0.00086 2
 -81.000   36.000  0.02372 10
 -81.000   37.000  0.03963 9
 -81.000   38.000  0.05093 4
 -81.000   39.000  0.06555 9
 -81.000   40.000  0.06026 12
 -81.000   41.000  0.04289 9
 -81.000   42.000  0.03510 10
 -81.000   43.000  0.02901 17
 -81.000   44.000  0.02196 5
 -81.000   45.000  0.01736 10
 -81.000   46.000  0.00670 9
 -81.000   47.000  0.01793 6
 -81.000   48.000  0.01194 6
 -81.000   49.000  0.01060 2
 -81.000   50.000  0.00306 0
 -80.000   25.000 -0.03041 1
 -80.000   26.000 -0.05284 3
 -80.000   27.000 -0.02003 6
 -80.000   28.000  0.01193 8
 -80.000   29.000 -0.02097 4
 -80.000   30.000 -0.00828 2
 -80.000   31.000  0.01783 5
 -80.000   32.000  0.00423 2
 -80.000   33.000 -0.01808 1
 -80.000   34.000  0.04113 2
 -80.000   35.000  0.03934 7
 -80.000   36.000  0.05529 4
 -80.000   37.000  0.06013 6
 -80.000   38.000  0.06677 7
 -80.000   39.000  0.05889 2
 -80.000   40.000  0.05501 7
 -80.000   41.000  0.03640 17
 -80.000   42.000  0.02415 5
 -80.000   43.000  0.02333 5
 -80.000   44.000  0.02400 3
 -80.000   45.000  0.02645 10
 -80.000   46.000  0.02247 16
 -80.000   47.000  0.03248 9
 -80.000   48.000  0.02991 5
 -80.000   49.000  0.03041 8
 -80.000   50.000  0.01962 2
 -79.000   25.000 -0.05544 2
 -79.000   26.000 -0.05868 2
 -79.000   27.000 -0.04262 9
 -79.000   28.000 -0.00101 2
 -79.000   29.000 -0.03643 9
 -79.000   30.000 -0.03224 3
 -79.000   31.000 -0.01262 2
 -79.000   32.000  0.00101 4
 -79.000   33.000 -0.01590 2
 -79.000   34.000  0.04646 10
 -79.000   35.000  0.06817 8
 -79.000   36.000  0.08286 6
 -79.000   37.000  0.07760 1
 -79.000   38.000  0.07927 1
 -79.000   39.000  0.06725 6
 -79.000   40.000  0.06254 5
 -79.000   41.000  0.04236 4
 -79.000   42.000  0.03623 5
 -79.000   43.000  0.03713 7
 -79.000   44.000  0.04341 10
 -79.000   45.000  0.04460 12
 -79.000   46.000  0.04039 36
 -79.000   47.000  0.04334 6
 -79.000   48.000  0.03178 12
 -79.000   49.000  0.02536 7
 -79.000   50.000  0.00830 6
 -78.000   25.000 -0.03912 2
 -78.000   26.000 -0.04688 4
 -78.000   27.000 -0.04569 12
 -78.000   28.000 -0.00990 5
 -78.000   29.000 -0.02266 8
 -78.000   30.000 -0.03179 4
 -78.000   31.000 -0.00781 6
 -78.000   32.000  0.01980 3
 -78.000   33.000  0.01157 9
 -78.000   34.000  0.05414 6
 -78.000   35.000  0.08106 9
 -78.000   36.000  0.09432 6
 -78.000   37.000  0.08878 4
 -78.000   38.000  0.09080 9
 -78.000   39.000  0.07575 7
 -78.000   40.000  0.07375 11
 -78.000   41.000  0.04390 7
 -78.000   42.000  0.05474 2
 -78.000   43.000  0.05099 4
 -78.000   44.000  0.05757 3
 -78.000   45.000  0.05683 7
 -78.000   46.000  0.06088 52
 -78.000   47.000  0.05218 11
 -78.000   48.000  0.04126 5
 -78.000   49.000  0.03703 14
 -78.000   50.000  0.02385 9
 -77.000   25.000 -0.05352 5
 -77.000   26.000 -0.05336 4
 -77.000   27.000 -0.04522 6
 -77.000   28.000 -0.02834 5
 -77.000   29.000 -0.00961 11
 -77.000   30.000 -0.02159 9
 -77.000   31.000  0.00805 4
 -77.000   32.000  0.02778 4
 -77.000   33.000  0.02030 2
 -77.000   34.000  0.05049 8
 -77.000   35.000  0.07917 5
 -77.000   36.000  0.07563 5
 -77.000   37.000  0.07690 6
 -77.000   38.000  0.09317 4
 -77.000   39.000  0.07052 9
 -77.000   40.000  0.07476 5
 -77.000   41.000  0.05196 3
 -77.000   42.000  0.06016 2
 -77.000   43.000  0.06138 7
 -77.000   44.000  0.06660 2
 -77.000   45.000  0.06711 3
 -77.000   46.000  0.06794 13
 -77.000   47.000  0.05451 10
 -77.000   48.000  0.03614 10
 -77.000   49.000  0.03460 3
 -77.000   50.000  0.01436 3
 -76.000   25.000 -0.04699 2
 -76.000   26.000 -0.03613 0
 -76.000   27.000 -0.02361 0
 -76.000   28.000 -0.00440 4
 -76.000   29.000  0.00910 7
 -76.000   30.000 -0.00322 5
 -76.000   31.000  0.00889 12
 -76.000   32.000  0.01639 7
 -76.000   33.000  0.00155 12
 -76.000   34.000  0.02014 10
 -76.000   35.000  0.04589 2
 -76.000   36.000  0.04373 4
 -76.000   37.000  0.04867 5
 -76.000   38.000  0.07766 7
 -76.000   39.000  0.05511 6
 -76.000   40.000  0.05828 2
 -76.000   41.000  0.04765 4
 -76.000   42.000  0.07192 5
 -76.000   43.000  0.07098 2
 -76.000   44.000  0.07729 3
 -76.000   45.000  0.07914 8
 -76.000   46.000  0.07153 7
 -76.000   47.000  0.04358 9
 -76.000   48.000  0.03076 16
 -76.000   49.000  0.02933 3
 -76.000   50.000  0.01783 8
 -75.000   25.000 -0.03936 2
 -75.000   26.000 -0.04508 1
 -75.000   27.000 -0.02806 2
 -75.000   28.000 -0.02949 4
 -75.000   29.000 -0.00049 6
 -75.000   30.000 -0.01359 8
 -75.000   31.000 -0.00644 4
 -75.000   32.000 -0.00113 8
 -75.000   33.000  0.00248 15
 -75.000   34.000 -0.00144 4
 -75.000   35.000  0.01407 5
 -75.000   36.000  0.02958 6
 -75.000   37.000  0.03096 9
 -75.000   38.000  0.05550 2
 -75.000   39.000  0.04812 3
 -75.000   40.000  0.05404 7
 -75.000   41.000  0.04875 3
 -75.000   42.000  0.07264 5
 -75.000   43.000  0.07682 3
 -75.000   44.000  0.07893 1
 -75.000   45.000  0.07856 3
 -75.000   46.000  0.06537 3
 -75.000   47.000  0.03773 13
 -75.000   48.000  0.02113 10
 -75.000   49.000  0.02244 5
 -75.000   50.000  0.01142 6
 -74.000   25.000 -0.00920 0
 -74.000   26.000 -0.02025 0
 -74.000   27.000 -0.00144 6
 -74.000   28.000 -0.01003 9
 -74.000   29.000  0.01531 8
 -74.000   30.000 -0.00028 8
 -74.000   31.000  0.00119 12
 -74.000   32.000 -0.00527 11
 -74.000   33.000 -0.00523 9
 -74.000   34.000 -0.01330 5
 -74.000   35.000 -0.01232 3
 -74.000   36.000  0.00356 4
 -74.000   37.000  0.00404 8
 -74.000   38.000  0.02988 6
 -74.000   39.000  0.03492 3
 -74.000   40.000  0.04009 4
 -74.000   41.000  0.03684 2
 -74.000   42.000  0.06063 4
 -74.000   43.000  0.06322 5
 -74.000   44.000  0.05950 1
 -74.000   45.000  0.05660 2
 -74.000   46.000  0.05040 4
 -74.000   47.000  0.02493 9
 -74.000   48.000  0.00836 10
 -74.000   49.000  0.01386 4
 -74.000   50.000  0.01265 4
 -73.000   25.000  0.00370 0
 -73.000   26.000  0.00027 0
 -73.000   27.000  0.02243 2
 -73.000   28.000  0.01275 2
 -73.000   29.000  0.05137 3
 -73.000   30.000  0.03493 6
 -73.000   31.000  0.01813 1
 -73.000   32.000 -0.02403 2
 -73.000   33.000 -0.03115 6
 -73.000   34.000 -0.07027 5
 -73.000   35.000 -0.06556 7
 -73.000   36.000 -0.04670 10
 -73.000   37.000 -0.01939 7
 -73.000   38.000 -0.00286 3
 -73.000   39.000  0.02277 6
 -73.000   40.000  0.02329 5
 -73.000   41.000  0.03187 6
 -73.000   42.000  0.03883 5
 -73.000   43.000  0.05699 4
 -73.000   44.000  0.05048 3
 -73.000   45.000  0.04990 2
 -73.000   46.000  0.03734 4
 -73.000   47.000  0.02407 1
 -73.000   48.000  0.00010 6
 -73.000   49.000  0.00350 5
 -73.000   50.000 -0.00206 7
 -72.000   25.000  0.01923 0
 -72.000   26.000  0.01665 0
 -72.000   27.000  0.03166 0
 -72.000   28.000  0.02908 2
 -72.000   29.000  0.04509 3
 -72.000   30.000  0.03652 7
 -72.000   31.000  0.01730 7
 -72.000   32.000 -0.03271 4
 -72.000   33.000 -0.03374 0
 -72.000   34.000 -0.09503 0
 -72.000   35.000 -0.09724 7
 -72.000   36.000 -0.08307 16
 -72.000   37.000 -0.04849 6
 -72.000   38.000 -0.03901 6
 -72.000   39.000  0.01674 8
 -72.000   40.000  0.01567 6
 -72.000   41.000  0.02718 4
 -72.000   42.000  0.03605 6
 -72.000   43.000  0.04694 0
 -72.000   44.000  0.03486 0
 -72.000   45.000  0.03648 6
 -72.000   46.000  0.02286 2
 -72.000   47.000  0.00892 4
 -72.000   48.000 -0.00365 6
 -72.000   49.000 -0.00255 2
 -72.000   50.000 -0.00557 5
 -71.000   25.000  0.01694 0
 -71.000   26.000  0.01428 0
 -71.000   27.000  0.02751 0
 -71.000   28.000  0.02513 3
 -71.000   29.000  0.04057 2
 -71.000   30.000  0.00419 4
 -71.000   31.000 -0.01191 1
 -71.000   32.000 -0.05388 5
 -71.000   33.000 -0.05034 3
 -71.000   34.000 -0.12509 3
 -71.000   35.000 -0.09567 1
 -71.000   36.000 -0.08471 17
 -71.000   37.000 -0.05707 11
 -71.000   38.000 -0.05105 4
 -71.000   39.000  0.02108 8
 -71.000   40.000  0.02432 9
 -71.000   41.000  0.03204 3
 -71.000   42.000  0.02720 7
 -71.000   43.000  0.03037 0
 -71.000   44.000  0.01284 0
 -71.000   45.000  0.00616 2
 -71.000   46.000  0.00102 5
 -71.000   47.000  0.00250 5
 -71.000   48.000 -0.00795 4
 -71.000   49.000 -0.00405 5
 -71.000   50.000 -0.00501 11
 -70.000   25.000  0.00000 0
 -70.000   26.000  0.01489 0
 -70.000   27.000  0.01969 0
 -70.000   28.000  0.01844 0
 -70.000   29.000  0.02726 0
 -70.000   30.000 -0.00380 2
 -70.000   31.000 -0.00516 0
 -70.000   32.000 -0.03900 2
 -70.000   33.000 -0.04252 1
 -70.000   34.000 -0.11955 4
 -70.000   35.000 -0.07425 1
 -70.000   36.000 -0.08921 2
 -70.000   37.000 -0.05942 3
 -70.000   38.000 -0.04861 6
 -70.000   39.000  0.02883 9
 -70.000   40.000  0.02884 3
 -70.000   41.000  0.03721 2
 -70.000   42.000  0.03411 4
 -70.000   43.000  0.03252 0
 -70.000   44.000  0.03041 5
 -70.000   45.000  0.02203 1
 -70.000   46.000  0.00116 0
 -70.000   47.000 -0.00204 6
 -70.000   48.000 -0.00518 5
 -70.000   49.000 -0.01538 3
 -70.000   50.000 -0.03030 5
 -69.000   25.000  0.00000 0
 -69.000   26.000  0.00672 0
 -69.000   27.000  0.00842 0
 -69.000   28.000  0.00589 0
 -69.000   29.000  0.01994 0
 -69.000   30.000 -0.01219 0
 -69.000   31.000 -0.00701 0
 -69.000   32.000 -0.01892 1
 -69.000   33.000 -0.01739 1
 -69.000   34.000 -0.09903 2
 -69.000   35.000 -0.05319 2
 -69.000   36.000 -0.06546 1
 -69.000   37.000 -0.04905 7
 -69.000   38.000 -0.03625 6
 -69.000   39.000  0.04353 6
 -69.000   40.000  0.05358 6
 -69.000   41.000  0.05919 1
 -69.000   42.000  0.06038 2
 -69.000   43.000  0.05813 0
 -69.000   44.000  0.05665 1
 -69.000   45.000  0.04950 2
 -69.000   46.000  0.02609 4
 -69.000   47.000  0.01632 2
 -69.000   48.000  0.01671 2
 -69.000   49.000  0.00751 2
 -69.000   50.000 -0.01767 7
 -68.000   25.000  0.00000 0
 -68.000   26.000  0.00000 0
 -68.000   27.000  0.00000 0
 -68.000   28.000 -0.00659 0
 -68.000   29.000 -0.00659 0
 -68.000   30.000 -0.03490 0
 -68.000   31.000 -0.01923 0
 -68.000   32.000 -0.00267 0
 -68.000   33.000  0.00188 1
 -68.000   34.000 -0.05364 0
 -68.000   35.000 -0.00852 0
 -68.000   36.000 -0.02255 1
 -68.000   37.000 -0.02557 6
 -68.000   38.000 -0.00878 6
 -68.000   39.000  0.05265 4
 -68.000   40.000  0.05308 5
 -68.000   41.000  0.05534 8
 -68.000   42.000  0.05384 5
 -68.000   43.000  0.03505 1
 -68.000   44.000  0.03892 3
 -68.000   45.000  0.03158 6
 -68.000   46.000  0.00153 6
 -68.000   47.000 -0.00184 2
 -68.000   48.000  0.01598 1
 -68.000   49.000  0.00774 6
 -68.000   50.000 -0.00618 5
 -67.000   25.000  0.00000 0
 -67.000   26.000  0.00000 0
 -67.000   27.000  0.00000 0
 -67.000   28.000  0.00000 0
 -67.000   29.000  0.00000 0
 -67.000   30.000 -0.02991 0
 -67.000   31.000 -0.01638 0
 -67.000   32.000  0.00368 0
 -67.000   33.000  0.00262 0
 -67.000   34.000 -0.03198 1
 -67.000   35.000  0.01805 2
 -67.000   36.000  0.00885 1
 -67.000   37.000  0.00221 0
 -67.000   38.000  0.01194 1
 -67.000   39.000  0.04540 3
 -67.000   40.000  0.03608 6
 -67.000   41.000  0.01929 3
 -67.000   42.000  0.01775 6
 -67.000   43.000  0.01070 3
 -67.000   44.000  0.02478 1
 -67.000   45.000  0.02301 3
 -67.000   46.000  0.01666 4
 -67.000   47.000  0.01623 3
 -67.000   48.000  0.02729 1
 -67.000   49.000  0.01793 3
 -67.000   50.000  0.00885 7
 -66.000   25.000  0.00000 0
 -66.000   26.000  0.00000 0
 -66.000   27.000  0.00000 0
 -66.000   28.000  0.00000 0
 -66.000   29.000  0.00000 0
 -66.000   30.000  0.00000 0
 -66.000   31.000  0.01456 0
 -66.000   32.000  0.03605 0
 -66.000   33.000  0.03519 0
 -66.000   34.000  0.00928 0
 -66.000   35.000  0.03156 2
 -66.000   36.000  0.02502 0
 -66.000   37.000  0.01427 1
 -66.000   38.000  0.02187 0
 -66.000   39.000  0.04350 2
 -66.000   40.000  0.02923 3
 -66.000   41.000  0.00564 6
 -66.000   42.000  0.01123 7
 -66.000   43.000  0.01306 0
 -66.000   44.000  0.03568 5
 -66.000   45.000  0.04164 1
 -66.000   46.000  0.03098 0
 -66.000   47.000  0.02305 4
 -66.000   48.000  0.03073 3
 -66.000   49.000  0.01549 2
 -66.000   50.000 -0.00261 4
 -65.000   25.000  0.00000 0
 -65.000   26.000  0.00000 0
 -65.000   27.000  0.00000 0
 -65.000   28.000  0.00000 0
 -65.000   29.000  0.00000 0
 -65.000   30.000  0.00000 0
 -65.000   31.000  0.00000 0
 -65.000   32.000  0.02865 0
 -65.000   33.000  0.02751 0
 -65.000   34.000  0.01953 0
 -65.000   35.000  0.03079 0
 -65.000   36.000  0.03639 2
 -65.000   37.000  0.01890 0
 -65.000   38.000  0.03126 0
 -65.000   39.000  0.04242 0
 -65.000   40.000  0.03382 5
 -65.000   41.000  0.00085 0
 -65.000   42.000  0.00870 6
 -65.000   43.000  0.00765 1
 -65.000   44.000  0.01205 0
 -65.000   45.000  0.01614 8
 -65.000   46.000  0.03707 3
 -65.000   47.000  0.03376 1
 -65.000   48.000  0.04184 3
 -65.000   49.000  0.04282 0
 -65.000   50.000  0.04586 4
