-130.000   25.000  0.00000 0
-130.000   26.000  0.00000 0
-130.000   27.000  0.00000 0
-130.000   28.000  0.00000 0
-130.000   29.000  0.00000 0
-130.000   30.000  0.00000 0
-130.000   31.000  0.00000 0
-130.000   32.000  0.00000 0
-130.000   33.000  0.00000 0
-130.000   34.000  0.00000 0
-130.000   35.000  0.00000 0
-130.000   36.000  0.00000 0
-130.000   37.000  0.00000 0
-130.000   38.000  0.00000 0
-130.000   39.000 -0.00345 0
-130.000   40.000 -0.00502 0
-130.000   41.000 -0.00714 0
-130.000   42.000 -0.00643 0
-130.000   43.000 -0.00307 0
-130.000   44.000  0.00343 0
-130.000   45.000  0.00324 0
-130.000   46.000  0.00701 0
-130.000   47.000 -0.00259 0
-130.000   48.000 -0.00165 6
-130.000   49.000 -0.00587 0
-130.000   50.000 -0.00487 4
-129.000   25.000  0.00000 0
-129.000   26.000  0.00000 0
-129.000   27.000  0.00000 0
-129.000   28.000  0.00000 0
-129.000   29.000  0.00000 0
-129.000   30.000  0.00000 0
-129.000   31.000  0.00000 0
-129.000   32.000  0.00000 0
-129.000   33.000  0.00000 0
-129.000   34.000  0.00000 0
-129.000   35.000  0.00978 0
-129.000   36.000  0.01855 0
-129.000   37.000  0.01586 0
-129.000   38.000  0.01688 0
-129.000   39.000  0.01369 0
-129.000   40.000  0.00260 0
-129.000   41.000 -0.00831 0
-129.000   42.000 -0.00588 0
-129.000   43.000 -0.00510 0
-129.000   44.000 -0.00060 0
-129.000   45.000 -0.00006 0
-129.000   46.000  0.00217 0
-129.000   47.000 -0.00338 1
-129.000   48.000 -0.00067 6
-129.000   49.000 -0.00247 4
-129.000   50.000 -0.00203 0
-128.000   25.000  0.00000 0
-128.000   26.000  0.00000 0
-128.000   27.000  0.00000 0
-128.000   28.000  0.00000 0
-128.000   29.000  0.00000 0
-128.000   30.000  0.00000 0
-128.000   31.000  0.00000 0
-128.000   32.000  0.00000 0
-128.000   33.000  0.00000 0
-128.000   34.000 -0.00096 0
-128.000   35.000  0.00851 0
-128.000   36.000  0.01669 0
-128.000   37.000  0.01396 0
-128.000   38.000  0.01486 0
-128.000   39.000  0.01449 0
-128.000   40.000  0.00479 0
-128.000   41.000 -0.00473 2
-128.000   42.000 -0.00159 8
-128.000   43.000 -0.00085 2
-128.000   44.000  0.00137 6
-128.000   45.000  0.00127 19
-128.000   46.000  0.00305 18
-128.000   47.000 -0.00145 20
-128.000   48.000  0.00179 23
-128.000   49.000  0.00112 15
-128.000   50.000  0.00205 13
-127.000   25.000  0.00000 0
-127.000   26.000  0.00000 0
-127.000   27.000  0.00000 0
-127.000   28.000  0.00000 0
-127.000   29.000  0.00000 0
-127.000   30.000  0.00000 0
-127.000   31.000  0.00000 0
-127.000   32.000  0.00227 0
-127.000   33.000  0.00491 0
-127.000   34.000  0.00511 0
-127.000   35.000  0.01640 0
-127.000   36.000  0.02441 0
-127.000   37.000  0.01968 1
-127.000   38.000  0.01694 2
-127.000   39.000  0.01574 6
-127.000   40.000  0.00409 23
-127.000   41.000 -0.00469 52
-127.000   42.000 -0.00245 57
-127.000   43.000  0.00002 51
-127.000   44.000  0.00234 75
-127.000   45.000  0.00267 62
-127.000   46.000  0.00354 74
-127.000   47.000  0.00048 66
-127.000   48.000  0.00130 81
-127.000   49.000 -0.00001 59
-127.000   50.000  0.00004 15
-126.000   25.000  0.00000 0
-126.000   26.000  0.00000 0
-126.000   27.000  0.00000 0
-126.000   28.000  0.00000 0
-126.000   29.000  0.00000 0
-126.000   30.000  0.00000 0
-126.000   31.000  0.00207 0
-126.000   32.000  0.00518 0
-126.000   33.000  0.00757 0
-126.000   34.000  0.00890 0
-126.000   35.000  0.02071 0
-126.000   36.000  0.02712 17
-126.000   37.000  0.02209 18
-126.000   38.000  0.02075 28
-126.000   39.000  0.01766 45
-126.000   40.000  0.00658 78
-126.000   41.000 -0.00208 75
-126.000   42.000 -0.00031 107
-126.000   43.000  0.00091 104
-126.000   44.000  0.00430 90
-126.000   45.000  0.00406 89
-126.000   46.000  0.00307 122
-126.000   47.000  0.00333 110
-126.000   48.000  0.00495 91
-126.000   49.000  0.00415 105
-126.000   50.000  0.00472 56
-125.000   25.000  0.00000 0
-125.000   26.000  0.00000 0
-125.000   27.000  0.00000 0
-125.000   28.000  0.00000 0
-125.000   29.000 -0.00059 0
-125.000   30.000  0.00055 0
-125.000   31.000  0.00239 0
-125.000   32.000  0.00460 0
-125.000   33.000  0.00740 0
-125.000   34.000  0.00965 1
-125.000   35.000  0.02074 7
-125.000   36.000  0.02788 17
-125.000   37.000  0.02338 19
-125.000   38.000  0.02086 46
-125.000   39.000  0.01712 66
-125.000   40.000  0.00752 48
-125.000   41.000  0.00096 58
-125.000   42.000  0.00255 83
-125.000   43.000  0.00129 54
-125.000   44.000  0.00303 55
-125.000   45.000  0.00180 95
-125.000   46.000 -0.00240 105
-125.000   47.000  0.00195 104
-125.000   48.000  0.01021 67
-125.000   49.000  0.01319 54
-125.000   50.000  0.01525 13
-124.000   25.000  0.00000 0
-124.000   26.000  0.00000 0
-124.000   27.000  0.00000 0
-124.000   28.000  0.00000 0
-124.000   29.000 -0.00278 0
-124.000   30.000 -0.00038 0
-124.000   31.000  0.00151 0
-124.000   32.000  0.00365 0
-124.000   33.000  0.00659 1
-124.000   34.000  0.01087 13
-124.000   35.000  0.01249 35
-124.000   36.000  0.01320 21
-124.000   37.000  0.01150 42
-124.000   38.000  0.00709 76
-124.000   39.000  0.00424 65
-124.000   40.000  0.00263 54
-124.000   41.000  0.00289 65
-124.000   42.000  0.00105 58
-124.000   43.000  0.00116 54
-124.000   44.000  0.00191 42
-124.000   45.000 -0.00039 54
-124.000   46.000 -0.00519 53
-124.000   47.000 -0.00107 52
-124.000   48.000  0.00421 32
-124.000   49.000  0.00603 25
-124.000   50.000  0.00785 18
-123.000   25.000  0.00000 0
-123.000   26.000  0.00000 0
-123.000   27.000  0.00000 0
-123.000   28.000  0.00000 0
-123.000   29.000 -0.00177 0
-123.000   30.000  0.00088 0
-123.000   31.000  0.00256 5
-123.000   32.000  0.00454 9
-123.000   33.000  0.00824 27
-123.000   34.000  0.01262 19
-123.000   35.000  0.01231 26
-123.000   36.000  0.01161 115
-123.000   37.000  0.00896 84
-123.000   38.000  0.00264 76
-123.000   39.000 -0.00324 67
-123.000   40.000 -0.00548 51
-123.000   41.000 -0.00431 37
-123.000   42.000 -0.00579 31
-123.000   43.000 -0.00508 34
-123.000   44.000 -0.00327 36
-123.000   45.000 -0.00423 43
-123.000   46.000 -0.01129 57
-123.000   47.000 -0.00830 48
-123.000   48.000 -0.00610 50
-123.000   49.000 -0.00579 23
-123.000   50.000 -0.00629 38
-122.000   25.000  0.00000 0
-122.000   26.000  0.00000 0
-122.000   27.000  0.00000 0
-122.000   28.000  0.00000 0
-122.000   29.000 -0.00102 0
-122.000   30.000  0.00215 0
-122.000   31.000  0.00382 9
-122.000   32.000  0.00256 29
-122.000   33.000  0.00371 53
-122.000   34.000  0.00547 64
-122.000   35.000  0.00288 81
-122.000   36.000  0.00143 120
-122.000   37.000  0.00033 90
-122.000   38.000 -0.00303 52
-122.000   39.000 -0.00743 36
-122.000   40.000 -0.01010 58
-122.000   41.000 -0.00987 62
-122.000   42.000 -0.01018 70
-122.000   43.000 -0.01046 62
-122.000   44.000 -0.00922 61
-122.000   45.000 -0.00879 93
-122.000   46.000 -0.01428 94
-122.000   47.000 -0.01279 71
-122.000   48.000 -0.01339 41
-122.000   49.000 -0.01371 39
-122.000   50.000 -0.01553 13
-121.000   25.000  0.00000 0
-121.000   26.000  0.00000 0
-121.000   27.000  0.00000 0
-121.000   28.000  0.00340 0
-121.000   29.000  0.00342 0
-121.000   30.000  0.00707 0
-121.000   31.000  0.00545 17
-121.000   32.000  0.00357 92
-121.000   33.000  0.00088 110
-121.000   34.000  0.00015 130
-121.000   35.000 -0.00375 190
-121.000   36.000 -0.00289 297
-121.000   37.000 -0.00464 81
-121.000   38.000 -0.01050 117
-121.000   39.000 -0.01165 91
-121.000   40.000 -0.01705 101
-121.000   41.000 -0.01682 102
-121.000   42.000 -0.01748 116
-121.000   43.000 -0.01425 120
-121.000   44.000 -0.01443 103
-121.000   45.000 -0.01070 118
-121.000   46.000 -0.01661 173
-121.000   47.000 -0.01403 88
-121.000   48.000 -0.01833 59
-121.000   49.000 -0.02036 27
-121.000   50.000 -0.02394 20
-120.000   25.000  0.00000 0
-120.000   26.000  0.00000 0
-120.000   27.000  0.00602 0
-120.000   28.000  0.01052 0
-120.000   29.000  0.01103 0
-120.000   30.000  0.01450 0
-120.000   31.000  0.01364 81
-120.000   32.000  0.00592 133
-120.000   33.000  0.00261 99
-120.000   34.000  0.00152 161
-120.000   35.000 -0.00241 250
-120.000   36.000 -0.00300 198
-120.000   37.000 -0.00618 135
-120.000   38.000 -0.01413 128
-120.000   39.000 -0.01359 76
-120.000   40.000 -0.02025 103
-120.000   41.000 -0.02131 41
-120.000   42.000 -0.02137 99
-120.000   43.000 -0.01654 95
-120.000   44.000 -0.01949 126
-120.000   45.000 -0.01452 132
-120.000   46.000 -0.01799 145
-120.000   47.000 -0.01951 86
-120.000   48.000 -0.02634 35
-120.000   49.000 -0.02919 28
-120.000   50.000 -0.03534 10
-119.000   25.000  0.00000 0
-119.000   26.000  0.00000 0
-119.000   27.000  0.00590 0
-119.000   28.000  0.01084 0
-119.000   29.000  0.01325 0
-119.000   30.000  0.01552 2
-119.000   31.000  0.01491 102
-119.000   32.000  0.00725 179
-119.000   33.000  0.00289 143
-119.000   34.000  0.00124 194
-119.000   35.000 -0.00166 274
-119.000   36.000 -0.00379 121
-119.000   37.000 -0.00832 93
-119.000   38.000 -0.01479 73
-119.000   39.000 -0.01494 73
-119.000   40.000 -0.02024 76
-119.000   41.000 -0.01815 60
-119.000   42.000 -0.01551 260
-119.000   43.000 -0.01160 76
-119.000   44.000 -0.01551 76
-119.000   45.000 -0.01206 108
-119.000   46.000 -0.01848 104
-119.000   47.000 -0.02210 51
-119.000   48.000 -0.02971 24
-119.000   49.000 -0.03302 18
-119.000   50.000 -0.03989 13
-118.000   25.000  0.00000 0
-118.000   26.000  0.00000 0
-118.000   27.000  0.00392 0
-118.000   28.000  0.00927 0
-118.000   29.000  0.01066 1
-118.000   30.000  0.01216 27
-118.000   31.000  0.01295 99
-118.000   32.000  0.00745 165
-118.000   33.000  0.00273 85
-118.000   34.000  0.00169 132
-118.000   35.000 -0.00127 118
-118.000   36.000 -0.00403 151
-118.000   37.000 -0.00684 80
-118.000   38.000 -0.01167 77
-118.000   39.000 -0.01164 107
-118.000   40.000 -0.01640 75
-118.000   41.000 -0.01540 54
-118.000   42.000 -0.01455 239
-118.000   43.000 -0.01126 61
-118.000   44.000 -0.01389 59
-118.000   45.000 -0.01084 75
-118.000   46.000 -0.01457 70
-118.000   47.000 -0.01830 55
-118.000   48.000 -0.02584 19
-118.000   49.000 -0.02948 16
-118.000   50.000 -0.03404 15
-117.000   25.000  0.00000 0
-117.000   26.000  0.00000 0
-117.000   27.000  0.00395 0
-117.000   28.000  0.00894 0
-117.000   29.000  0.00958 6
-117.000   30.000  0.01099 69
-117.000   31.000  0.01123 176
-117.000   32.000  0.00680 166
-117.000   33.000  0.00202 156
-117.000   34.000  0.00277 101
-117.000   35.000  0.00131 177
-117.000   36.000  0.00168 134
-117.000   37.000 -0.00167 84
-117.000   38.000 -0.00524 84
-117.000   39.000 -0.00620 38
-117.000   40.000 -0.01118 49
-117.000   41.000 -0.01110 28
-117.000   42.000 -0.00961 99
-117.000   43.000 -0.00872 69
-117.000   44.000 -0.01056 60
-117.000   45.000 -0.00842 78
-117.000   46.000 -0.01244 86
-117.000   47.000 -0.01595 50
-117.000   48.000 -0.02316 27
-117.000   49.000 -0.02720 23
-117.000   50.000 -0.03143 14
-116.000   25.000  0.00000 0
-116.000   26.000  0.00000 0
-116.000   27.000  0.00196 0
-116.000   28.000  0.00420 0
-116.000   29.000  0.00369 11
-116.000   30.000  0.00470 72
-116.000   31.000  0.00591 143
-116.000   32.000  0.00386 288
-116.000   33.000  0.00310 94
-116.000   34.000  0.00597 97
-116.000   35.000  0.00431 122
-116.000   36.000  0.00304 117
-116.000   37.000  0.00116 108
-116.000   38.000 -0.00266 131
-116.000   39.000 -0.00487 35
-116.000   40.000 -0.00915 47
-116.000   41.000 -0.00846 26
-116.000   42.000 -0.00681 90
-116.000   43.000 -0.00815 51
-116.000   44.000 -0.00942 37
-116.000   45.000 -0.00802 42
-116.000   46.000 -0.01274 74
-116.000   47.000 -0.02083 31
-116.000   48.000 -0.02697 13
-116.000   49.000 -0.03231 21
-116.000   50.000 -0.03719 12
-115.000   25.000  0.00000 0
-115.000   26.000  0.00314 0
-115.000   27.000 -0.00218 0
-115.000   28.000 -0.00061 0
-115.000   29.000 -0.00073 6
-115.000   30.000 -0.00066 132
-115.000   31.000 -0.00273 249
-115.000   32.000  0.00240 198
-115.000   33.000  0.00157 121
-115.000   34.000  0.00401 132
-115.000   35.000  0.00215 141
-115.000   36.000  0.00073 106
-115.000   37.000 -0.00064 70
-115.000   38.000 -0.00390 93
-115.000   39.000 -0.00737 44
-115.000   40.000 -0.01247 38
-115.000   41.000 -0.01119 45
-115.000   42.000 -0.01128 79
-115.000   43.000 -0.01128 80
-115.000   44.000 -0.01092 74
-115.000   45.000 -0.00813 40
-115.000   46.000 -0.01246 50
-115.000   47.000 -0.01773 27
-115.000   48.000 -0.02689 11
-115.000   49.000 -0.03261 17
-115.000   50.000 -0.03668 11
-114.000   25.000  0.00000 0
-114.000   26.000  0.00779 0
-114.000   27.000  0.00349 0
-114.000   28.000  0.00452 0
-114.000   29.000  0.00490 3
-114.000   30.000  0.00537 115
-114.000   31.000 -0.00155 212
-114.000   32.000  0.00135 103
-114.000   33.000  0.00185 107
-114.000   34.000  0.00406 87
-114.000   35.000  0.00293 44
-114.000   36.000  0.00282 128
-114.000   37.000  0.00200 70
-114.000   38.000 -0.00016 233
-114.000   39.000 -0.00491 36
-114.000   40.000 -0.01341 35
-114.000   41.000 -0.01634 55
-114.000   42.000 -0.01691 107
-114.000   43.000 -0.01763 74
-114.000   44.000 -0.01645 57
-114.000   45.000 -0.01084 153
-114.000   46.000 -0.00818 74
-114.000   47.000 -0.01387 21
-114.000   48.000 -0.02269 13
-114.000   49.000 -0.02714 15
-114.000   50.000 -0.03027 11
-113.000   25.000  0.00000 0
-113.000   26.000  0.01151 0
-113.000   27.000  0.00594 0
-113.000   28.000  0.00549 1
-113.000   29.000  0.00638 7
-113.000   30.000  0.00731 70
-113.000   31.000 -0.00313 80
-113.000   32.000  0.00053 91
-113.000   33.000  0.00180 69
-113.000   34.000  0.00283 53
-113.000   35.000  0.00161 55
-113.000   36.000  0.00198 64
-113.000   37.000  0.00073 55
-113.000   38.000 -0.00266 179
-113.000   39.000 -0.00576 36
-113.000   40.000 -0.01412 29
-113.000   41.000 -0.01555 98
-113.000   42.000 -0.01734 74
-113.000   43.000 -0.01676 40
-113.000   44.000 -0.01747 50
-113.000   45.000 -0.01110 90
-113.000   46.000 -0.00978 38
-113.000   47.000 -0.01602 21
-113.000   48.000 -0.02515 13
-113.000   49.000 -0.02908 17
-113.000   50.000 -0.03498 14
-112.000   25.000  0.00000 0
-112.000   26.000  0.01634 0
-112.000   27.000  0.01008 0
-112.000   28.000  0.00791 1
-112.000   29.000  0.00932 6
-112.000   30.000  0.00984 41
-112.000   31.000 -0.00533 40
-112.000   32.000 -0.00118 90
-112.000   33.000  0.00220 67
-112.000   34.000  0.00278 54
-112.000   35.000  0.00096 50
-112.000   36.000 -0.00007 78
-112.000   37.000 -0.00223 82
-112.000   38.000 -0.00669 48
-112.000   39.000 -0.01064 44
-112.000   40.000 -0.01636 36
-112.000   41.000 -0.01567 77
-112.000   42.000 -0.01743 70
-112.000   43.000 -0.01299 37
-112.000   44.000 -0.01143 73
-112.000   45.000 -0.00478 41
-112.000   46.000 -0.00268 53
-112.000   47.000 -0.01057 33
-112.000   48.000 -0.02067 13
-112.000   49.000 -0.02534 9
-112.000   50.000 -0.03316 10
-111.000   25.000  0.00000 0
-111.000   26.000  0.02070 0
-111.000   27.000  0.01242 0
-111.000   28.000  0.00800 1
-111.000   29.000  0.00754 29
-111.000   30.000  0.00774 23
-111.000   31.000 -0.01120 50
-111.000   32.000 -0.00734 42
-111.000   33.000 -0.00272 59
-111.000   34.000 -0.00117 63
-111.000   35.000 -0.00184 42
-111.000   36.000 -0.00205 43
-111.000   37.000 -0.00333 47
-111.000   38.000 -0.00647 50
-111.000   39.000 -0.01114 60
-111.000   40.000 -0.01525 37
-111.000   41.000 -0.01512 54
-111.000   42.000 -0.01725 64
-111.000   43.000 -0.01097 58
-111.000   44.000 -0.00790 44
-111.000   45.000 -0.00374 32
-111.000   46.000 -0.00074 44
-111.000   47.000 -0.00832 28
-111.000   48.000 -0.01891 22
-111.000   49.000 -0.02301 9
-111.000   50.000 -0.02998 14
-110.000   25.000  0.00000 0
-110.000   26.000  0.01594 0
-110.000   27.000  0.00706 0
-110.000   28.000  0.00254 4
-110.000   29.000  0.00145 17
-110.000   30.000  0.00078 19
-110.000   31.000 -0.01348 36
-110.000   32.000 -0.00798 65
-110.000   33.000 -0.00350 53
-110.000   34.000 -0.00174 65
-110.000   35.000 -0.00019 36
-110.000   36.000  0.00007 49
-110.000   37.000 -0.00098 37
-110.000   38.000 -0.00177 26
-110.000   39.000 -0.00400 60
-110.000   40.000 -0.00736 57
-110.000   41.000 -0.00746 65
-110.000   42.000 -0.00848 45
-110.000   43.000 -0.00373 80
-110.000   44.000 -0.00226 34
-110.000   45.000  0.00050 35
-110.000   46.000  0.00169 44
-110.000   47.000 -0.00453 17
-110.000   48.000 -0.01318 20
-110.000   49.000 -0.01636 15
-110.000   50.000 -0.02229 11
-109.000   25.000  0.00000 0
-109.000   26.000  0.01211 0
-109.000   27.000  0.00245 0
-109.000   28.000 -0.00094 4
-109.000   29.000 -0.00243 8
-109.000   30.000 -0.00394 15
-109.000   31.000 -0.01431 24
-109.000   32.000 -0.00601 41
-109.000   33.000 -0.00320 46
-109.000   34.000 -0.00317 46
-109.000   35.000  0.00083 71
-109.000   36.000  0.00111 84
-109.000   37.000 -0.00158 49
-109.000   38.000 -0.00326 35
-109.000   39.000 -0.00390 73
-109.000   40.000 -0.00757 59
-109.000   41.000 -0.00627 159
-109.000   42.000 -0.00672 82
-109.000   43.000 -0.00224 57
-109.000   44.000  0.00034 47
-109.000   45.000 -0.00160 42
-109.000   46.000 -0.00280 46
-109.000   47.000 -0.00744 14
-109.000   48.000 -0.01245 26
-109.000   49.000 -0.01615 6
-109.000   50.000 -0.01633 9
-108.000   25.000  0.00243 0
-108.000   26.000  0.00825 0
-108.000   27.000  0.00240 0
-108.000   28.000  0.00124 10
-108.000   29.000 -0.00053 30
-108.000   30.000 -0.00443 44
-108.000   31.000 -0.01152 42
-108.000   32.000 -0.00537 105
-108.000   33.000 -0.00490 41
-108.000   34.000 -0.00457 53
-108.000   35.000  0.00160 61
-108.000   36.000  0.00338 83
-108.000   37.000  0.00070 50
-108.000   38.000  0.00070 49
-108.000   39.000 -0.00035 69
-108.000   40.000 -0.00427 95
-108.000   41.000 -0.00461 91
-108.000   42.000 -0.00439 50
-108.000   43.000 -0.00115 58
-108.000   44.000  0.00325 33
-108.000   45.000  0.00335 25
-108.000   46.000  0.00625 36
-108.000   47.000  0.00624 13
-108.000   48.000  0.00305 15
-108.000   49.000  0.00143 13
-108.000   50.000  0.00206 10
-107.000   25.000  0.00052 0
-107.000   26.000  0.00524 0
-107.000   27.000 -0.00194 0
-107.000   28.000 -0.00206 14
-107.000   29.000 -0.00549 14
-107.000   30.000 -0.00903 35
-107.000   31.000 -0.01295 58
-107.000   32.000 -0.00525 61
-107.000   33.000 -0.00547 65
-107.000   34.000 -0.00356 67
-107.000   35.000  0.00301 67
-107.000   36.000  0.00418 58
-107.000   37.000  0.00346 50
-107.000   38.000  0.00293 47
-107.000   39.000  0.00241 60
-107.000   40.000 -0.00170 49
-107.000   41.000 -0.00509 59
-107.000   42.000 -0.00711 71
-107.000   43.000 -0.00661 66
-107.000   44.000 -0.00383 35
-107.000   45.000 -0.00370 40
-107.000   46.000  0.00092 32
-107.000   47.000  0.00217 16
-107.000   48.000  0.00213 17
-107.000   49.000  0.00175 14
-107.000   50.000  0.00338 24
-106.000   25.000  0.00696 0
-106.000   26.000  0.00734 0
-106.000   27.000  0.00175 2
-106.000   28.000  0.00203 36
-106.000   29.000 -0.00109 40
-106.000   30.000 -0.00521 56
-106.000   31.000 -0.00688 93
-106.000   32.000 -0.00037 57
-106.000   33.000 -0.00037 50
-106.000   34.000 -0.00122 65
-106.000   35.000  0.00566 78
-106.000   36.000  0.00818 57
-106.000   37.000  0.00717 57
-106.000   38.000  0.00657 31
-106.000   39.000  0.00533 38
-106.000   40.000 -0.00036 25
-106.000   41.000 -0.00477 57
-106.000   42.000 -0.00670 139
-106.000   43.000 -0.00902 42
-106.000   44.000 -0.00656 22
-106.000   45.000 -0.00469 43
-106.000   46.000  0.00201 48
-106.000   47.000  0.00644 16
-106.000   48.000  0.00933 24
-106.000   49.000  0.01176 16
-106.000   50.000  0.01494 14
-105.000   25.000  0.00458 0
-105.000   26.000  0.00545 0
-105.000   27.000  0.00202 13
-105.000   28.000  0.00240 11
-105.000   29.000 -0.00009 25
-105.000   30.000 -0.00308 37
-105.000   31.000 -0.00436 98
-105.000   32.000  0.00083 58
-105.000   33.000 -0.00047 81
-105.000   34.000  0.00138 78
-105.000   35.000  0.00769 110
-105.000   36.000  0.00951 76
-105.000   37.000  0.00814 58
-105.000   38.000  0.01010 47
-105.000   39.000  0.00759 51
-105.000   40.000  0.00208 43
-105.000   41.000 -0.00342 71
-105.000   42.000 -0.00684 71
-105.000   43.000 -0.01051 58
-105.000   44.000 -0.00830 27
-105.000   45.000 -0.00758 35
-105.000   46.000  0.00319 35
-105.000   47.000  0.00912 43
-105.000   48.000  0.01291 28
-105.000   49.000  0.01641 21
-105.000   50.000  0.02094 17
-104.000   25.000  0.00640 0
-104.000   26.000  0.00894 14
-104.000   27.000  0.00529 20
-104.000   28.000  0.00327 11
-104.000   29.000  0.00268 36
-104.000   30.000 -0.00243 48
-104.000   31.000 -0.00442 80
-104.000   32.000  0.00011 45
-104.000   33.000  0.00170 33
-104.000   34.000  0.00417 60
-104.000   35.000  0.00960 82
-104.000   36.000  0.01014 63
-104.000   37.000  0.00808 60
-104.000   38.000  0.00810 52
-104.000   39.000  0.00370 59
-104.000   40.000  0.00027 28
-104.000   41.000 -0.00475 43
-104.000   42.000 -0.00668 60
-104.000   43.000 -0.00735 44
-104.000   44.000 -0.00489 41
-104.000   45.000  0.00152 42
-104.000   46.000  0.01186 36
-104.000   47.000  0.01902 24
-104.000   48.000  0.02174 21
-104.000   49.000  0.02680 16
-104.000   50.000  0.02443 15
-103.000   25.000 -0.00099 0
-103.000   26.000  0.00844 10
-103.000   27.000  0.00313 14
-103.000   28.000  0.00075 18
-103.000   29.000 -0.00027 56
-103.000   30.000 -0.00170 48
-103.000   31.000 -0.00644 50
-103.000   32.000 -0.00177 43
-103.000   33.000  0.00267 44
-103.000   34.000  0.00588 63
-103.000   35.000  0.00980 51
-103.000   36.000  0.00798 42
-103.000   37.000  0.00514 32
-103.000   38.000  0.00422 34
-103.000   39.000 -0.00165 54
-103.000   40.000 -0.00473 41
-103.000   41.000 -0.00910 56
-103.000   42.000 -0.00810 34
-103.000   43.000 -0.00946 36
-103.000   44.000 -0.00774 28
-103.000   45.000 -0.00347 43
-103.000   46.000  0.00476 43
-103.000   47.000  0.00790 20
-103.000   48.000  0.01297 19
-103.000   49.000  0.01769 13
-103.000   50.000  0.01592 31
-102.000   25.000 -0.00212 0
-102.000   26.000  0.00610 22
-102.000   27.000  0.00269 14
-102.000   28.000  0.00312 35
-102.000   29.000  0.00245 70
-102.000   30.000  0.00276 81
-102.000   31.000 -0.00174 67
-102.000   32.000  0.00083 85
-102.000   33.000  0.00304 38
-102.000   34.000  0.00524 61
-102.000   35.000  0.00716 53
-102.000   36.000  0.00522 36
-102.000   37.000  0.00218 38
-102.000   38.000  0.00175 32
-102.000   39.000 -0.00259 35
-102.000   40.000 -0.00641 53
-102.000   41.000 -0.00848 78
-102.000   42.000 -0.00612 38
-102.000   43.000 -0.00649 48
-102.000   44.000 -0.00691 30
-102.000   45.000 -0.00116 44
-102.000   46.000  0.00326 51
-102.000   47.000  0.00562 17
-102.000   48.000  0.01070 24
-102.000   49.000  0.01696 20
-102.000   50.000  0.01300 17
-101.000   25.000 -0.01480 1
-101.000   26.000 -0.00926 9
-101.000   27.000 -0.00710 22
-101.000   28.000 -0.00566 28
-101.000   29.000 -0.00507 58
-101.000   30.000 -0.00409 100
-101.000   31.000 -0.00232 97
-101.000   32.000 -0.00377 68
-101.000   33.000 -0.00130 77
-101.000   34.000  0.00243 59
-101.000   35.000  0.00720 55
-101.000   36.000  0.00362 65
-101.000   37.000  0.00086 65
-101.000   38.000  0.00016 59
-101.000   39.000 -0.00365 40
-101.000   40.000 -0.00774 53
-101.000   41.000 -0.01039 52
-101.000   42.000 -0.00666 37
-101.000   43.000 -0.00448 58
-101.000   44.000 -0.00634 53
-101.000   45.000 -0.00274 26
-101.000   46.000  0.00141 61
-101.000   47.000  0.00124 29
-101.000   48.000  0.00349 22
-101.000   49.000  0.00890 19
-101.000   50.000  0.00566 21
-100.000   25.000 -0.01518 4
-100.000   26.000 -0.00593 10
-100.000   27.000 -0.00662 27
-100.000   28.000 -0.00128 46
-100.000   29.000 -0.00230 55
-100.000   30.000 -0.00234 69
-100.000   31.000 -0.00534 76
-100.000   32.000 -0.00403 52
-100.000   33.000 -0.00244 83
-100.000   34.000 -0.00022 47
-100.000   35.000  0.00313 53
-100.000   36.000  0.00143 60
-100.000   37.000 -0.00199 67
-100.000   38.000 -0.00474 41
-100.000   39.000 -0.00619 39
-100.000   40.000 -0.00991 37
-100.000   41.000 -0.01238 42
-100.000   42.000 -0.00745 42
-100.000   43.000 -0.00575 33
-100.000   44.000 -0.00841 36
-100.000   45.000 -0.00176 35
-100.000   46.000 -0.00073 48
-100.000   47.000 -0.00384 11
-100.000   48.000 -0.00301 9
-100.000   49.000  0.00054 23
-100.000   50.000 -0.00644 10
 -99.000   25.000 -0.02289 14
 -99.000   26.000 -0.01492 16
 -99.000   27.000 -0.01366 25
 -99.000   28.000 -0.00929 26
 -99.000   29.000 -0.01221 25
 -99.000   30.000 -0.00863 47
 -99.000   31.000 -0.01244 39
 -99.000   32.000 -0.01147 66
 -99.000   33.000 -0.00790 72
 -99.000   34.000 -0.00469 48
 -99.000   35.000 -0.00509 38
 -99.000   36.000 -0.00382 35
 -99.000   37.000 -0.00468 66
 -99.000   38.000 -0.00594 47
 -99.000   39.000 -0.00645 52
 -99.000   40.000 -0.01030 31
 -99.000   41.000 -0.01199 40
 -99.000   42.000 -0.00997 32
 -99.000   43.000 -0.00765 39
 -99.000   44.000 -0.01051 38
 -99.000   45.000 -0.00415 46
 -99.000   46.000 -0.00429 41
 -99.000   47.000 -0.01025 25
 -99.000   48.000 -0.00731 18
 -99.000   49.000 -0.00452 7
 -99.000   50.000 -0.01001 20
 -98.000   25.000 -0.02242 35
 -98.000   26.000 -0.02037 22
 -98.000   27.000 -0.01412 33
 -98.000   28.000 -0.01148 52
 -98.000   29.000 -0.01544 57
 -98.000   30.000 -0.01445 28
 -98.000   31.000 -0.01585 46
 -98.000   32.000 -0.01759 51
 -98.000   33.000 -0.01412 65
 -98.000   34.000 -0.01109 47
 -98.000   35.000 -0.01130 73
 -98.000   36.000 -0.00823 45
 -98.000   37.000 -0.00914 81
 -98.000   38.000 -0.00831 61
 -98.000   39.000 -0.00728 59
 -98.000   40.000 -0.01100 55
 -98.000   41.000 -0.01113 38
 -98.000   42.000 -0.01249 44
 -98.000   43.000 -0.01047 36
 -98.000   44.000 -0.01379 73
 -98.000   45.000 -0.00674 42
 -98.000   46.000 -0.00896 53
 -98.000   47.000 -0.01201 20
 -98.000   48.000 -0.00874 17
 -98.000   49.000 -0.00626 18
 -98.000   50.000 -0.01118 14
 -97.000   25.000 -0.01975 15
 -97.000   26.000 -0.01904 26
 -97.000   27.000 -0.01580 13
 -97.000   28.000 -0.01599 31
 -97.000   29.000 -0.01736 38
 -97.000   30.000 -0.01520 28
 -97.000   31.000 -0.01741 52
 -97.000   32.000 -0.01872 61
 -97.000   33.000 -0.01883 51
 -97.000   34.000 -0.01554 49
 -97.000   35.000 -0.01732 76
 -97.000   36.000 -0.01281 71
 -97.000   37.000 -0.01119 57
 -97.000   38.000 -0.00999 49
 -97.000   39.000 -0.00864 43
 -97.000   40.000 -0.01205 42
 -97.000   41.000 -0.01270 32
 -97.000   42.000 -0.01457 36
 -97.000   43.000 -0.01396 20
 -97.000   44.000 -0.01713 49
 -97.000   45.000 -0.00920 40
 -97.000   46.000 -0.01036 48
 -97.000   47.000 -0.01177 26
 -97.000   48.000 -0.01135 20
 -97.000   49.000 -0.01007 16
 -97.000   50.000 -0.01522 11
 -96.000   25.000 -0.01051 6
 -96.000   26.000 -0.00685 19
 -96.000   27.000 -0.00533 32
 -96.000   28.000 -0.00353 34
 -96.000   29.000 -0.00930 35
 -96.000   30.000 -0.00782 19
 -96.000   31.000 -0.01718 19
 -96.000   32.000 -0.01786 41
 -96.000   33.000 -0.02095 67
 -96.000   34.000 -0.01666 35
 -96.000   35.000 -0.02143 36
 -96.000   36.000 -0.01464 37
 -96.000   37.000 -0.01363 60
 -96.000   38.000 -0.01248 51
 -96.000   39.000 -0.00856 42
 -96.000   40.000 -0.01123 54
 -96.000   41.000 -0.01181 47
 -96.000   42.000 -0.01561 43
 -96.000   43.000 -0.01779 32
 -96.000   44.000 -0.02113 42
 -96.000   45.000 -0.00959 21
 -96.000   46.000 -0.00977 54
 -96.000   47.000 -0.00821 34
 -96.000   48.000 -0.00536 24
 -96.000   49.000 -0.00324 16
 -96.000   50.000 -0.01092 16
 -95.000   25.000 -0.00399 2
 -95.000   26.000 -0.00415 3
 -95.000   27.000 -0.00126 14
 -95.000   28.000 -0.00835 20
 -95.000   29.000 -0.01186 29
 -95.000   30.000 -0.01683 10
 -95.000   31.000 -0.02271 24
 -95.000   32.000 -0.02926 21
 -95.000   33.000 -0.02454 67
 -95.000   34.000 -0.02440 54
 -95.000   35.000 -0.02411 43
 -95.000   36.000 -0.02035 55
 -95.000   37.000 -0.01526 63
 -95.000   38.000 -0.01470 63
 -95.000   39.000 -0.00979 53
 -95.000   40.000 -0.01266 33
 -95.000   41.000 -0.01192 41
 -95.000   42.000 -0.01625 55
 -95.000   43.000 -0.01928 45
 -95.000   44.000 -0.02108 39
 -95.000   45.000 -0.01059 24
 -95.000   46.000 -0.00821 65
 -95.000   47.000 -0.00683 41
 -95.000   48.000 -0.00438 34
 -95.000   49.000 -0.00307 29
 -95.000   50.000 -0.00982 9
 -94.000   25.000 -0.00228 0
 -94.000   26.000 -0.00529 2
 -94.000   27.000 -0.00348 29
 -94.000   28.000 -0.01258 21
 -94.000   29.000 -0.01669 33
 -94.000   30.000 -0.02140 19
 -94.000   31.000 -0.02505 38
 -94.000   32.000 -0.03058 29
 -94.000   33.000 -0.02464 34
 -94.000   34.000 -0.02442 29
 -94.000   35.000 -0.02042 42
 -94.000   36.000 -0.01685 28
 -94.000   37.000 -0.01190 47
 -94.000   38.000 -0.01285 27
 -94.000   39.000 -0.00713 48
 -94.000   40.000 -0.01119 48
 -94.000   41.000 -0.01243 44
 -94.000   42.000 -0.01661 46
 -94.000   43.000 -0.02104 24
 -94.000   44.000 -0.02273 24
 -94.000   45.000 -0.01355 13
 -94.000   46.000 -0.00658 34
 -94.000   47.000 -0.00219 26
 -94.000   48.000 -0.00303 39
 -94.000   49.000 -0.00246 15
 -94.000   50.000 -0.00710 20
 -93.000   25.000  0.00276 0
 -93.000   26.000  0.00105 0
 -93.000   27.000 -0.00176 5
 -93.000   28.000 -0.01152 28
 -93.000   29.000 -0.01814 29
 -93.000   30.000 -0.02033 15
 -93.000   31.000 -0.02513 24
 -93.000   32.000 -0.02715 21
 -93.000   33.000 -0.02054 44
 -93.000   34.000 -0.01688 30
 -93.000   35.000 -0.01544 36
 -93.000   36.000 -0.01106 31
 -93.000   37.000 -0.00554 27
 -93.000   38.000 -0.00887 26
 -93.000   39.000 -0.00262 46
 -93.000   40.000 -0.00503 64
 -93.000   41.000 -0.00811 30
 -93.000   42.000 -0.01202 37
 -93.000   43.000 -0.01554 28
 -93.000   44.000 -0.01752 39
 -93.000   45.000 -0.01161 27
 -93.000   46.000 -0.00295 38
 -93.000   47.000  0.00279 20
 -93.000   48.000 -0.00011 20
 -93.000   49.000  0.00037 15
 -93.000   50.000 -0.00146 6
 -92.000   25.000  0.00491 0
 -92.000   26.000 -0.00208 0
 -92.000   27.000 -0.00268 4
 -92.000   28.000 -0.01293 5
 -92.000   29.000 -0.01959 13
 -92.000   30.000 -0.02593 15
 -92.000   31.000 -0.02551 27
 -92.000   32.000 -0.02718 25
 -92.000   33.000 -0.01647 47
 -92.000   34.000 -0.01575 53
 -92.000   35.000 -0.01248 40
 -92.000   36.000 -0.00920 44
 -92.000   37.000 -0.00568 33
 -92.000   38.000 -0.00796 40
 -92.000   39.000 -0.00134 48
 -92.000   40.000 -0.00439 52
 -92.000   41.000 -0.00679 57
 -92.000   42.000 -0.01133 43
 -92.000   43.000 -0.01431 32
 -92.000   44.000 -0.01782 56
 -92.000   45.000 -0.01508 31
 -92.000   46.000 -0.00645 16
 -92.000   47.000  0.00461 12
 -92.000   48.000  0.00525 14
 -92.000   49.000  0.00815 8
 -92.000   50.000  0.01418 10
 -91.000   25.000  0.00213 0
 -91.000   26.000 -0.00814 0
 -91.000   27.000 -0.01099 2
 -91.000   28.000 -0.02239 13
 -91.000   29.000 -0.02512 8
 -91.000   30.000 -0.03101 11
 -91.000   31.000 -0.02686 8
 -91.000   32.000 -0.02347 19
 -91.000   33.000 -0.01368 33
 -91.000   34.000 -0.01342 38
 -91.000   35.000 -0.01077 53
 -91.000   36.000 -0.01021 55
 -91.000   37.000 -0.00942 35
 -91.000   38.000 -0.01121 30
 -91.000   39.000 -0.00598 45
 -91.000   40.000 -0.00951 54
 -91.000   41.000 -0.00759 52
 -91.000   42.000 -0.01082 44
 -91.000   43.000 -0.00974 39
 -91.000   44.000 -0.01205 29
 -91.000   45.000 -0.01017 39
 -91.000   46.000 -0.00554 32
 -91.000   47.000  0.00547 15
 -91.000   48.000  0.00415 19
 -91.000   49.000  0.00463 15
 -91.000   50.000  0.01220 0
 -90.000   25.000 -0.00409 0
 -90.000   26.000 -0.01844 0
 -90.000   27.000 -0.02007 1
 -90.000   28.000 -0.02748 11
 -90.000   29.000 -0.03393 20
 -90.000   30.000 -0.03128 12
 -90.000   31.000 -0.02349 6
 -90.000   32.000 -0.01545 9
 -90.000   33.000 -0.01148 32
 -90.000   34.000 -0.00597 33
 -90.000   35.000 -0.00841 73
 -90.000   36.000 -0.00565 32
 -90.000   37.000 -0.00936 60
 -90.000   38.000 -0.00962 60
 -90.000   39.000 -0.00592 56
 -90.000   40.000 -0.00986 70
 -90.000   41.000 -0.00902 43
 -90.000   42.000 -0.01102 33
 -90.000   43.000 -0.00726 37
 -90.000   44.000 -0.00926 45
 -90.000   45.000 -0.00683 23
 -90.000   46.000 -0.00256 22
 -90.000   47.000  0.01144 27
 -90.000   48.000  0.00859 13
 -90.000   49.000  0.00979 3
 -90.000   50.000  0.01931 0
 -89.000   25.000  0.00684 0
 -89.000   26.000 -0.00818 0
 -89.000   27.000 -0.01165 5
 -89.000   28.000 -0.01392 8
 -89.000   29.000 -0.02008 7
 -89.000   30.000 -0.02255 8
 -89.000   31.000 -0.01399 18
 -89.000   32.000 -0.00774 19
 -89.000   33.000 -0.00942 24
 -89.000   34.000 -0.00504 45
 -89.000   35.000 -0.00937 60
 -89.000   36.000 -0.01003 65
 -89.000   37.000 -0.01354 54
 -89.000   38.000 -0.01212 42
 -89.000   39.000 -0.00853 117
 -89.000   40.000 -0.01173 91
 -89.000   41.000 -0.00976 35
 -89.000   42.000 -0.01277 59
 -89.000   43.000 -0.01062 24
 -89.000   44.000 -0.01508 13
 -89.000   45.000 -0.01259 13
 -89.000   46.000 -0.00948 14
 -89.000   47.000  0.00539 10
 -89.000   48.000  0.00601 24
 -89.000   49.000  0.01083 4
 -89.000   50.000  0.02010 4
 -88.000   25.000 -0.00071 0
 -88.000   26.000 -0.01577 0
 -88.000   27.000 -0.01733 1
 -88.000   28.000 -0.01723 7
 -88.000   29.000 -0.02046 15
 -88.000   30.000 -0.01996 17
 -88.000   31.000 -0.00961 15
 -88.000   32.000 -0.00477 23
 -88.000   33.000 -0.01051 56
 -88.000   34.000 -0.00931 56
 -88.000   35.000 -0.01265 77
 -88.000   36.000 -0.01492 80
 -88.000   37.000 -0.01940 65
 -88.000   38.000 -0.01689 43
 -88.000   39.000 -0.01250 86
 -88.000   40.000 -0.01597 55
 -88.000   41.000 -0.01253 44
 -88.000   42.000 -0.01427 20
 -88.000   43.000 -0.01100 30
 -88.000   44.000 -0.01535 31
 -88.000   45.000 -0.01425 16
 -88.000   46.000 -0.01180 16
 -88.000   47.000  0.00151 23
 -88.000   48.000  0.00161 12
 -88.000   49.000  0.00450 2
 -88.000   50.000  0.01540 2
 -87.000   25.000 -0.00424 0
 -87.000   26.000 -0.01751 0
 -87.000   27.000 -0.01776 1
 -87.000   28.000 -0.01790 10
 -87.000   29.000 -0.02222 13
 -87.000   30.000 -0.02050 21
 -87.000   31.000 -0.01052 18
 -87.000   32.000 -0.00764 31
 -87.000   33.000 -0.01181 49
 -87.000   34.000 -0.00956 40
 -87.000   35.000 -0.01192 88
 -87.000   36.000 -0.01515 45
 -87.000   37.000 -0.01911 74
 -87.000   38.000 -0.01664 74
 -87.000   39.000 -0.01331 83
 -87.000   40.000 -0.01551 61
 -87.000   41.000 -0.01167 50
 -87.000   42.000 -0.01183 56
 -87.000   43.000 -0.00969 37
 -87.000   44.000 -0.01485 21
 -87.000   45.000 -0.01392 19
 -87.000   46.000 -0.01366 13
 -87.000   47.000 -0.00610 22
 -87.000   48.000 -0.00599 9
 -87.000   49.000 -0.00260 9
 -87.000   50.000  0.00397 4
 -86.000   25.000  0.00932 0
 -86.000   26.000 -0.00393 0
 -86.000   27.000 -0.00597 4
 -86.000   28.000 -0.00654 15
 -86.000   29.000 -0.01556 12
 -86.000   30.000 -0.01845 20
 -86.000   31.000 -0.01028 34
 -86.000   32.000 -0.01128 41
 -86.000   33.000 -0.01412 50
 -86.000   34.000 -0.01151 64
 -86.000   35.000 -0.01358 92
 -86.000   36.000 -0.01745 72
 -86.000   37.000 -0.01858 80
 -86.000   38.000 -0.01534 69
 -86.000   39.000 -0.01198 66
 -86.000   40.000 -0.01336 50
 -86.000   41.000 -0.01054 31
 -86.000   42.000 -0.00926 39
 -86.000   43.000 -0.01154 43
 -86.000   44.000 -0.01848 26
 -86.000   45.000 -0.01695 11
 -86.000   46.000 -0.01489 14
 -86.000   47.000 -0.01137 6
 -86.000   48.000 -0.01184 13
 -86.000   49.000 -0.00719 8
 -86.000   50.000 -0.00437 0
 -85.000   25.000  0.00424 0
 -85.000   26.000 -0.00139 0
 -85.000   27.000 -0.00658 10
 -85.000   28.000 -0.00428 16
 -85.000   29.000 -0.00914 24
 -85.000   30.000 -0.01779 17
 -85.000   31.000 -0.01419 18
 -85.000   32.000 -0.01476 52
 -85.000   33.000 -0.01677 121
 -85.000   34.000 -0.01384 116
 -85.000   35.000 -0.01659 92
 -85.000   36.000 -0.02145 75
 -85.000   37.000 -0.02010 71
 -85.000   38.000 -0.01839 61
 -85.000   39.000 -0.01422 66
 -85.000   40.000 -0.01339 50
 -85.000   41.000 -0.01124 54
 -85.000   42.000 -0.01064 67
 -85.000   43.000 -0.01541 38
 -85.000   44.000 -0.02158 32
 -85.000   45.000 -0.01959 9
 -85.000   46.000 -0.01859 20
 -85.000   47.000 -0.01870 6
 -85.000   48.000 -0.01947 7
 -85.000   49.000 -0.01751 5
 -85.000   50.000 -0.02109 5
 -84.000   25.000  0.00043 0
 -84.000   26.000 -0.00640 6
 -84.000   27.000 -0.01309 11
 -84.000   28.000 -0.00921 19
 -84.000   29.000 -0.01750 21
 -84.000   30.000 -0.02365 21
 -84.000   31.000 -0.01907 55
 -84.000   32.000 -0.01752 59
 -84.000   33.000 -0.02369 83
 -84.000   34.000 -0.01639 88
 -84.000   35.000 -0.01911 76
 -84.000   36.000 -0.02192 75
 -84.000   37.000 -0.01827 79
 -84.000   38.000 -0.01657 62
 -84.000   39.000 -0.01216 42
 -84.000   40.000 -0.01034 50
 -84.000   41.000 -0.01010 53
 -84.000   42.000 -0.00951 54
 -84.000   43.000 -0.01144 33
 -84.000   44.000 -0.01526 25
 -84.000   45.000 -0.01252 9
 -84.000   46.000 -0.01615 3
 -84.000   47.000 -0.01716 5
 -84.000   48.000 -0.01990 8
 -84.000   49.000 -0.02214 3
 -84.000   50.000 -0.02880 1
 -83.000   25.000 -0.00488 1
 -83.000   26.000 -0.01276 3
 -83.000   27.000 -0.01629 8
 -83.000   28.000 -0.00846 39
 -83.000   29.000 -0.00838 59
 -83.000   30.000 -0.02335 25
 -83.000   31.000 -0.01781 47
 -83.000   32.000 -0.01638 68
 -83.000   33.000 -0.02569 42
 -83.000   34.000 -0.01527 44
 -83.000   35.000 -0.01886 50
 -83.000   36.000 -0.02093 51
 -83.000   37.000 -0.01656 80
 -83.000   38.000 -0.01427 64
 -83.000   39.000 -0.01022 55
 -83.000   40.000 -0.00932 52
 -83.000   41.000 -0.00954 63
 -83.000   42.000 -0.01025 48
 -83.000   43.000 -0.01390 36
 -83.000   44.000 -0.01930 22
 -83.000   45.000 -0.01305 10
 -83.000   46.000 -0.01505 13
 -83.000   47.000 -0.01538 2
 -83.000   48.000 -0.00100 7
 -83.000   49.000  0.00425 2
 -83.000   50.000  0.00199 2
 -82.000   25.000 -0.00312 6
 -82.000   26.000 -0.01599 5
 -82.000   27.000 -0.02727 12
 -82.000   28.000 -0.01722 32
 -82.000   29.000 -0.01932 31
 -82.000   30.000 -0.03517 21
 -82.000   31.000 -0.02680 22
 -82.000   32.000 -0.01598 12
 -82.000   33.000 -0.02766 16
 -82.000   34.000 -0.01658 22
 -82.000   35.000 -0.02089 35
 -82.000   36.000 -0.02302 66
 -82.000   37.000 -0.01952 63
 -82.000   38.000 -0.01744 84
 -82.000   39.000 -0.01262 59
 -82.000   40.000 -0.01082 47
 -82.000   41.000 -0.01098 68
 -82.000   42.000 -0.01200 50
 -82.000   43.000 -0.01534 54
 -82.000   44.000 -0.01744 33
 -82.000   45.000 -0.01442 16
 -82.000   46.000 -0.01074 18
 -82.000   47.000 -0.01137 27
 -82.000   48.000  0.00199 3
 -82.000   49.000  0.00479 4
 -82.000   50.000  0.00748 2
 -81.000   25.000 -0.01003 5
 -81.000   26.000 -0.03264 3
 -81.000   27.000 -0.05056 7
 -81.000   28.000 -0.04295 4
 -81.000   29.000 -0.03928 6
 -81.000   30.000 -0.05256 8
 -81.000   31.000 -0.03628 15
 -81.000   32.000 -0.01381 34
 -81.000   33.000 -0.02352 27
 -81.000   34.000 -0.01387 29
 -81.000   35.000 -0.02110 36
 -81.000   36.000 -0.02077 68
 -81.000   37.000 -0.01851 91
 -81.000   38.000 -0.01765 65
 -81.000   39.000 -0.01412 52
 -81.000   40.000 -0.01017 76
 -81.000   41.000 -0.01366 44
 -81.000   42.000 -0.01625 43
 -81.000   43.000 -0.01619 33
 -81.000   44.000 -0.01765 25
 -81.000   45.000 -0.01521 18
 -81.000   46.000 -0.00940 32
 -81.000   47.000 -0.00318 16
 -81.000   48.000  0.00945 14
 -81.000   49.000  0.01440 10
 -81.000   50.000  0.01868 1
 -80.000   25.000 -0.00251 0
 -80.000   26.000 -0.02519 0
 -80.000   27.000 -0.04044 0
 -80.000   28.000 -0.03658 6
 -80.000   29.000 -0.03094 2
 -80.000   30.000 -0.03975 15
 -80.000   31.000 -0.02473 17
 -80.000   32.000 -0.00456 24
 -80.000   33.000 -0.01269 29
 -80.000   34.000 -0.00925 22
 -80.000   35.000 -0.01593 40
 -80.000   36.000 -0.01587 65
 -80.000   37.000 -0.01672 61
 -80.000   38.000 -0.01644 67
 -80.000   39.000 -0.01578 38
 -80.000   40.000 -0.01453 65
 -80.000   41.000 -0.01610 39
 -80.000   42.000 -0.01706 49
 -80.000   43.000 -0.01458 41
 -80.000   44.000 -0.01760 37
 -80.000   45.000 -0.01527 27
 -80.000   46.000 -0.01103 18
 -80.000   47.000 -0.00007 8
 -80.000   48.000  0.01497 9
 -80.000   49.000  0.02534 13
 -80.000   50.000  0.03633 11
 -79.000   25.000 -0.00544 0
 -79.000   26.000 -0.02460 0
 -79.000   27.000 -0.03192 3
 -79.000   28.000 -0.03042 1
 -79.000   29.000 -0.02086 3
 -79.000   30.000 -0.02903 10
 -79.000   31.000 -0.01921 15
 -79.000   32.000 -0.00483 26
 -79.000   33.000 -0.00747 20
 -79.000   34.000 -0.00823 18
 -79.000   35.000 -0.01582 50
 -79.000   36.000 -0.01187 37
 -79.000   37.000 -0.01613 47
 -79.000   38.000 -0.01758 55
 -79.000   39.000 -0.01744 52
 -79.000   40.000 -0.01588 75
 -79.000   41.000 -0.01706 48
 -79.000   42.000 -0.01737 75
 -79.000   43.000 -0.01532 39
 -79.000   44.000 -0.01724 38
 -79.000   45.000 -0.01472 15
 -79.000   46.000 -0.00721 12
 -79.000   47.000  0.00379 14
 -79.000   48.000  0.02030 14
 -79.000   49.000  0.03130 11
 -79.000   50.000  0.04508 2
 -78.000   25.000  0.00686 0
 -78.000   26.000 -0.01090 0
 -78.000   27.000 -0.02255 0
 -78.000   28.000 -0.02580 4
 -78.000   29.000 -0.02380 0
 -78.000   30.000 -0.02582 8
 -78.000   31.000 -0.02370 5
 -78.000   32.000 -0.00964 10
 -78.000   33.000 -0.00855 7
 -78.000   34.000 -0.01235 23
 -78.000   35.000 -0.01952 38
 -78.000   36.000 -0.01132 31
 -78.000   37.000 -0.01561 57
 -78.000   38.000 -0.02068 56
 -78.000   39.000 -0.02342 46
 -78.000   40.000 -0.02251 59
 -78.000   41.000 -0.02396 44
 -78.000   42.000 -0.02278 66
 -78.000   43.000 -0.01613 51
 -78.000   44.000 -0.01650 41
 -78.000   45.000 -0.01287 35
 -78.000   46.000 -0.00383 15
 -78.000   47.000  0.00745 11
 -78.000   48.000  0.00719 11
 -78.000   49.000  0.01513 14
 -78.000   50.000  0.02107 0
 -77.000   25.000  0.00686 0
 -77.000   26.000 -0.00363 0
 -77.000   27.000 -0.00793 0
 -77.000   28.000 -0.01159 0
 -77.000   29.000 -0.00809 1
 -77.000   30.000 -0.00644 0
 -77.000   31.000 -0.01322 0
 -77.000   32.000 -0.00839 7
 -77.000   33.000 -0.00480 16
 -77.000   34.000 -0.00822 26
 -77.000   35.000 -0.01892 21
 -77.000   36.000 -0.00744 40
 -77.000   37.000 -0.01166 47
 -77.000   38.000 -0.02056 29
 -77.000   39.000 -0.02485 45
 -77.000   40.000 -0.02308 63
 -77.000   41.000 -0.02445 37
 -77.000   42.000 -0.02257 51
 -77.000   43.000 -0.01428 82
 -77.000   44.000 -0.01449 51
 -77.000   45.000 -0.00975 28
 -77.000   46.000 -0.00392 34
 -77.000   47.000  0.00525 31
 -77.000   48.000  0.00921 8
 -77.000   49.000  0.01702 10
 -77.000   50.000  0.02009 4
 -76.000   25.000  0.00000 0
 -76.000   26.000  0.00222 0
 -76.000   27.000  0.00716 0
 -76.000   28.000  0.00570 0
 -76.000   29.000  0.00903 0
 -76.000   30.000  0.01310 0
 -76.000   31.000  0.00408 0
 -76.000   32.000 -0.01259 10
 -76.000   33.000 -0.01430 7
 -76.000   34.000 -0.02073 12
 -76.000   35.000 -0.02887 14
 -76.000   36.000 -0.02329 33
 -76.000   37.000 -0.01765 46
 -76.000   38.000 -0.02231 46
 -76.000   39.000 -0.02407 58
 -76.000   40.000 -0.02367 40
 -76.000   41.000 -0.02405 50
 -76.000   42.000 -0.02036 81
 -76.000   43.000 -0.01448 106
 -76.000   44.000 -0.01333 65
 -76.000   45.000 -0.01031 38
 -76.000   46.000 -0.00494 76
 -76.000   47.000  0.00226 28
 -76.000   48.000  0.01158 15
 -76.000   49.000  0.01911 10
 -76.000   50.000  0.02657 0
 -75.000   25.000  0.00000 0
 -75.000   26.000  0.00000 0
 -75.000   27.000  0.00538 0
 -75.000   28.000  0.00538 0
 -75.000   29.000  0.00538 0
 -75.000   30.000  0.00937 0
 -75.000   31.000  0.00151 0
 -75.000   32.000 -0.01559 1
 -75.000   33.000 -0.01911 1
 -75.000   34.000 -0.02750 12
 -75.000   35.000 -0.03245 12
 -75.000   36.000 -0.02556 27
 -75.000   37.000 -0.01885 35
 -75.000   38.000 -0.02460 40
 -75.000   39.000 -0.02057 32
 -75.000   40.000 -0.02079 38
 -75.000   41.000 -0.02246 47
 -75.000   42.000 -0.01947 77
 -75.000   43.000 -0.01207 95
 -75.000   44.000 -0.00873 49
 -75.000   45.000 -0.00822 52
 -75.000   46.000 -0.00094 49
 -75.000   47.000  0.00142 27
 -75.000   48.000  0.01844 21
 -75.000   49.000  0.02433 7
 -75.000   50.000  0.03353 1
 -74.000   25.000  0.00000 0
 -74.000   26.000  0.00000 0
 -74.000   27.000  0.00000 0
 -74.000   28.000  0.00000 0
 -74.000   29.000  0.00000 0
 -74.000   30.000  0.00460 0
 -74.000   31.000  0.00013 0
 -74.000   32.000 -0.01210 0
 -74.000   33.000 -0.01613 2
 -74.000   34.000 -0.02476 1
 -74.000   35.000 -0.02765 1
 -74.000   36.000 -0.02513 11
 -74.000   37.000 -0.01627 74
 -74.000   38.000 -0.02287 121
 -74.000   39.000 -0.01809 54
 -74.000   40.000 -0.01861 59
 -74.000   41.000 -0.02116 63
 -74.000   42.000 -0.01822 69
 -74.000   43.000 -0.00916 48
 -74.000   44.000 -0.00807 45
 -74.000   45.000 -0.01059 31
 -74.000   46.000 -0.00205 39
 -74.000   47.000 -0.00232 13
 -74.000   48.000  0.01439 17
 -74.000   49.000  0.02144 6
 -74.000   50.000  0.03080 2
 -73.000   25.000  0.00000 0
 -73.000   26.000  0.00000 0
 -73.000   27.000  0.00000 0
 -73.000   28.000  0.00000 0
 -73.000   29.000  0.00000 0
 -73.000   30.000  0.00316 0
 -73.000   31.000  0.00418 0
 -73.000   32.000 -0.00774 0
 -73.000   33.000 -0.01056 0
 -73.000   34.000 -0.01897 0
 -73.000   35.000 -0.02024 0
 -73.000   36.000 -0.02449 2
 -73.000   37.000 -0.01624 8
 -73.000   38.000 -0.01969 36
 -73.000   39.000 -0.01468 52
 -73.000   40.000 -0.01298 44
 -73.000   41.000 -0.01448 44
 -73.000   42.000 -0.01126 47
 -73.000   43.000 -0.00551 51
 -73.000   44.000 -0.00250 51
 -73.000   45.000 -0.00911 33
 -73.000   46.000 -0.00217 45
 -73.000   47.000 -0.00500 25
 -73.000   48.000  0.01068 14
 -73.000   49.000  0.01384 12
 -73.000   50.000  0.02348 1
 -72.000   25.000  0.00000 0
 -72.000   26.000  0.00000 0
 -72.000   27.000  0.00000 0
 -72.000   28.000  0.00000 0
 -72.000   29.000  0.00000 0
 -72.000   30.000  0.00000 0
 -72.000   31.000  0.00495 0
 -72.000   32.000 -0.00602 0
 -72.000   33.000 -0.01025 0
 -72.000   34.000 -0.01851 0
 -72.000   35.000 -0.01575 0
 -72.000   36.000 -0.02306 0
 -72.000   37.000 -0.01371 4
 -72.000   38.000 -0.01278 17
 -72.000   39.000 -0.00938 45
 -72.000   40.000 -0.00940 39
 -72.000   41.000 -0.01414 44
 -72.000   42.000 -0.01439 44
 -72.000   43.000 -0.01037 38
 -72.000   44.000 -0.00565 28
 -72.000   45.000 -0.01008 36
 -72.000   46.000 -0.00022 25
 -72.000   47.000  0.00090 20
 -72.000   48.000  0.01211 21
 -72.000   49.000  0.01531 19
 -72.000   50.000  0.02323 1
 -71.000   25.000  0.00000 0
 -71.000   26.000  0.00000 0
 -71.000   27.000  0.00000 0
 -71.000   28.000  0.00000 0
 -71.000   29.000  0.00000 0
 -71.000   30.000  0.00000 0
 -71.000   31.000  0.00000 0
 -71.000   32.000  0.00000 0
 -71.000   33.000  0.00000 0
 -71.000   34.000 -0.00524 0
 -71.000   35.000 -0.00211 0
 -71.000   36.000 -0.00448 0
 -71.000   37.000 -0.00278 0
 -71.000   38.000 -0.00462 30
 -71.000   39.000 -0.00024 24
 -71.000   40.000 -0.00025 17
 -71.000   41.000 -0.00496 46
 -71.000   42.000 -0.00875 61
 -71.000   43.000 -0.00373 52
 -71.000   44.000 -0.00113 22
 -71.000   45.000 -0.00541 26
 -71.000   46.000  0.00364 21
 -71.000   47.000  0.00542 23
 -71.000   48.000  0.01279 24
 -71.000   49.000  0.01380 12
 -71.000   50.000  0.02034 0
 -70.000   25.000  0.00000 0
 -70.000   26.000  0.00000 0
 -70.000   27.000  0.00000 0
 -70.000   28.000  0.00000 0
 -70.000   29.000  0.00000 0
 -70.000   30.000  0.00000 0
 -70.000   31.000  0.00000 0
 -70.000   32.000  0.00000 0
 -70.000   33.000  0.00000 0
 -70.000   34.000  0.00000 0
 -70.000   35.000  0.00078 0
 -70.000   36.000 -0.00156 0
 -70.000   37.000  0.00130 4
 -70.000   38.000  0.00185 6
 -70.000   39.000  0.00204 13
 -70.000   40.000  0.00528 14
 -70.000   41.000  0.00036 18
 -70.000   42.000 -0.00417 38
 -70.000   43.000 -0.00156 33
 -70.000   44.000  0.00043 19
 -70.000   45.000 -0.00418 20
 -70.000   46.000  0.00570 18
 -70.000   47.000  0.01016 25
 -70.000   48.000  0.00979 31
 -70.000   49.000  0.00950 14
 -70.000   50.000  0.01365 0
 -69.000   25.000  0.00000 0
 -69.000   26.000  0.00000 0
 -69.000   27.000  0.00000 0
 -69.000   28.000  0.00000 0
 -69.000   29.000  0.00000 0
 -69.000   30.000  0.00000 0
 -69.000   31.000  0.00000 0
 -69.000   32.000  0.00000 0
 -69.000   33.000  0.00000 0
 -69.000   34.000  0.00000 0
 -69.000   35.000 -0.00013 0
 -69.000   36.000 -0.00253 0
 -69.000   37.000 -0.00083 0
 -69.000   38.000  0.00493 0
 -69.000   39.000  0.00485 1
 -69.000   40.000  0.00858 5
 -69.000   41.000  0.00654 5
 -69.000   42.000  0.00312 30
 -69.000   43.000  0.00159 47
 -69.000   44.000  0.00636 24
 -69.000   45.000  0.00448 15
 -69.000   46.000  0.01349 16
 -69.000   47.000  0.01809 22
 -69.000   48.000  0.01386 14
 -69.000   49.000  0.01146 8
 -69.000   50.000  0.01241 0
 -68.000   25.000  0.00000 0
 -68.000   26.000  0.00000 0
 -68.000   27.000  0.00000 0
 -68.000   28.000  0.00000 0
 -68.000   29.000  0.00000 0
 -68.000   30.000  0.00000 0
 -68.000   31.000  0.00000 0
 -68.000   32.000  0.00000 0
 -68.000   33.000  0.00000 0
 -68.000   34.000  0.00000 0
 -68.000   35.000 -0.00013 0
 -68.000   36.000 -0.00049 0
 -68.000   37.000  0.00259 0
 -68.000   38.000  0.00810 0
 -68.000   39.000  0.00907 0
 -68.000   40.000  0.01132 2
 -68.000   41.000  0.00454 6
 -68.000   42.000  0.00354 16
 -68.000   43.000  0.00318 32
 -68.000   44.000  0.00744 11
 -68.000   45.000  0.00898 13
 -68.000   46.000  0.02132 21
 -68.000   47.000  0.02790 40
 -68.000   48.000  0.02274 9
 -68.000   49.000  0.02190 4
 -68.000   50.000  0.02309 0
 -67.000   25.000  0.00000 0
 -67.000   26.000  0.00000 0
 -67.000   27.000  0.00000 0
 -67.000   28.000  0.00000 0
 -67.000   29.000  0.00000 0
 -67.000   30.000  0.00000 0
 -67.000   31.000  0.00000 0
 -67.000   32.000  0.00000 0
 -67.000   33.000  0.00000 0
 -67.000   34.000  0.00000 0
 -67.000   35.000  0.00000 0
 -67.000   36.000  0.00000 0
 -67.000   37.000  0.00186 0
 -67.000   38.000  0.00617 0
 -67.000   39.000  0.00904 0
 -67.000   40.000  0.01121 3
 -67.000   41.000  0.00276 3
 -67.000   42.000  0.00250 18
 -67.000   43.000  0.00516 15
 -67.000   44.000  0.00921 11
 -67.000   45.000  0.01350 14
 -67.000   46.000  0.02502 8
 -67.000   47.000  0.03166 8
 -67.000   48.000  0.02469 12
 -67.000   49.000  0.02222 5
 -67.000   50.000  0.01886 0
 -66.000   25.000  0.00000 0
 -66.000   26.000  0.00000 0
 -66.000   27.000  0.00000 0
 -66.000   28.000  0.00000 0
 -66.000   29.000  0.00000 0
 -66.000   30.000  0.00000 0
 -66.000   31.000  0.00000 0
 -66.000   32.000  0.00000 0
 -66.000   33.000  0.00000 0
 -66.000   34.000  0.00000 0
 -66.000   35.000  0.00000 0
 -66.000   36.000  0.00000 0
 -66.000   37.000  0.00000 0
 -66.000   38.000  0.00404 0
 -66.000   39.000  0.00432 0
 -66.000   40.000  0.00680 0
 -66.000   41.000 -0.00331 0
 -66.000   42.000 -0.00102 0
 -66.000   43.000  0.00172 8
 -66.000   44.000  0.00793 6
 -66.000   45.000  0.01335 3
 -66.000   46.000  0.02718 3
 -66.000   47.000  0.03262 18
 -66.000   48.000  0.02585 6
 -66.000   49.000  0.02419 1
 -66.000   50.000  0.01909 0
 -65.000   25.000  0.00000 0
 -65.000   26.000  0.00000 0
 -65.000   27.000  0.00000 0
 -65.000   28.000  0.00000 0
 -65.000   29.000  0.00000 0
 -65.000   30.000  0.00000 0
 -65.000   31.000  0.00000 0
 -65.000   32.000  0.00000 0
 -65.000   33.000  0.00000 0
 -65.000   34.000  0.00000 0
 -65.000   35.000  0.00000 0
 -65.000   36.000  0.00000 0
 -65.000   37.000  0.00000 0
 -65.000   38.000  0.00496 0
 -65.000   39.000  0.00492 0
 -65.000   40.000  0.00609 0
 -65.000   41.000 -0.00569 0
 -65.000   42.000 -0.00291 0
 -65.000   43.000  0.00081 3
 -65.000   44.000  0.00725 6
 -65.000   45.000  0.01550 4
 -65.000   46.000  0.03005 3
 -65.000   47.000  0.03456 7
 -65.000   48.000  0.02589 10
 -65.000   49.000  0.02436 0
 -65.000   50.000  0.01678 0
