-130.000   25.000  0.00000 0
-130.000   26.000  0.00000 0
-130.000   27.000  0.00000 0
-130.000   28.000  0.00000 0
-130.000   29.000  0.00000 0
-130.000   30.000  0.00000 0
-130.000   31.000  0.00000 0
-130.000   32.000  0.00000 0
-130.000   33.000  0.00000 0
-130.000   34.000  0.00000 0
-130.000   35.000  0.00000 0
-130.000   36.000  0.00000 0
-130.000   37.000  0.00000 0
-130.000   38.000  0.00000 0
-130.000   39.000  0.00000 0
-130.000   40.000  0.00000 0
-130.000   41.000  0.00000 0
-130.000   42.000  0.00000 0
-130.000   43.000  0.00000 0
-130.000   44.000  0.00000 0
-130.000   45.000  0.00000 0
-130.000   46.000  0.00000 0
-130.000   47.000 -0.00001 0
-130.000   48.000 -0.00077 0
-130.000   49.000 -0.00096 0
-130.000   50.000 -0.00128 0
-129.000   25.000  0.00000 0
-129.000   26.000  0.00000 0
-129.000   27.000  0.00000 0
-129.000   28.000  0.00000 0
-129.000   29.000  0.00000 0
-129.000   30.000  0.00000 0
-129.000   31.000  0.00000 0
-129.000   32.000  0.00000 0
-129.000   33.000  0.00000 0
-129.000   34.000  0.00000 0
-129.000   35.000  0.00000 0
-129.000   36.000  0.00000 0
-129.000   37.000  0.00000 0
-129.000   38.000  0.00000 0
-129.000   39.000  0.00000 0
-129.000   40.000  0.00000 0
-129.000   41.000  0.00000 0
-129.000   42.000  0.00000 0
-129.000   43.000  0.00000 0
-129.000   44.000  0.00000 0
-129.000   45.000  0.00000 0
-129.000   46.000 -0.00361 0
-129.000   47.000 -0.01391 0
-129.000   48.000 -0.00983 0
-129.000   49.000 -0.01229 0
-129.000   50.000 -0.01638 0
-128.000   25.000  0.00000 0
-128.000   26.000  0.00000 0
-128.000   27.000  0.00000 0
-128.000   28.000  0.00000 0
-128.000   29.000  0.00000 0
-128.000   30.000  0.00000 0
-128.000   31.000  0.00000 0
-128.000   32.000  0.00000 0
-128.000   33.000  0.00000 0
-128.000   34.000  0.00000 0
-128.000   35.000  0.00000 0
-128.000   36.000  0.00000 0
-128.000   37.000  0.00000 0
-128.000   38.000  0.00000 0
-128.000   39.000  0.00000 0
-128.000   40.000 -0.00198 0
-128.000   41.000 -0.00157 0
-128.000   42.000 -0.00157 0
-128.000   43.000 -0.00157 0
-128.000   44.000 -0.00157 0
-128.000   45.000  0.00194 0
-128.000   46.000 -0.00191 0
-128.000   47.000 -0.01436 0
-128.000   48.000 -0.01110 0
-128.000   49.000 -0.01387 11
-128.000   50.000 -0.02103 8
-127.000   25.000  0.00000 0
-127.000   26.000  0.00000 0
-127.000   27.000  0.00000 0
-127.000   28.000  0.00000 0
-127.000   29.000  0.00000 0
-127.000   30.000  0.00000 0
-127.000   31.000  0.00000 0
-127.000   32.000  0.00000 0
-127.000   33.000  0.00000 0
-127.000   34.000  0.00000 0
-127.000   35.000  0.00000 0
-127.000   36.000 -0.00506 0
-127.000   37.000 -0.00605 0
-127.000   38.000 -0.00502 0
-127.000   39.000 -0.00403 0
-127.000   40.000 -0.00496 0
-127.000   41.000  0.00059 0
-127.000   42.000  0.00137 0
-127.000   43.000 -0.00054 0
-127.000   44.000 -0.00299 0
-127.000   45.000 -0.00011 0
-127.000   46.000 -0.00451 0
-127.000   47.000 -0.01536 0
-127.000   48.000 -0.01304 3
-127.000   49.000 -0.01449 3
-127.000   50.000 -0.02256 2
-126.000   25.000  0.00000 0
-126.000   26.000  0.00000 0
-126.000   27.000  0.00000 0
-126.000   28.000  0.00000 0
-126.000   29.000  0.00000 0
-126.000   30.000  0.00000 0
-126.000   31.000  0.00000 0
-126.000   32.000  0.00000 0
-126.000   33.000  0.00000 0
-126.000   34.000  0.00000 0
-126.000   35.000 -0.00231 0
-126.000   36.000 -0.00492 0
-126.000   37.000 -0.00590 0
-126.000   38.000 -0.00612 0
-126.000   39.000 -0.00454 0
-126.000   40.000 -0.00184 0
-126.000   41.000  0.00109 0
-126.000   42.000  0.00168 3
-126.000   43.000  0.00105 1
-126.000   44.000 -0.00422 0
-126.000   45.000 -0.00326 0
-126.000   46.000 -0.00848 0
-126.000   47.000 -0.02076 3
-126.000   48.000 -0.01847 10
-126.000   49.000 -0.01847 6
-126.000   50.000 -0.02689 0
-125.000   25.000  0.00000 0
-125.000   26.000  0.00000 0
-125.000   27.000  0.00000 0
-125.000   28.000  0.00000 0
-125.000   29.000  0.00000 0
-125.000   30.000  0.00000 0
-125.000   31.000  0.00000 0
-125.000   32.000  0.00000 0
-125.000   33.000 -0.00064 0
-125.000   34.000  0.00056 0
-125.000   35.000 -0.00117 0
-125.000   36.000 -0.00266 0
-125.000   37.000 -0.00447 0
-125.000   38.000 -0.00436 1
-125.000   39.000 -0.00518 6
-125.000   40.000 -0.00326 33
-125.000   41.000 -0.00256 49
-125.000   42.000 -0.00247 64
-125.000   43.000 -0.00340 81
-125.000   44.000 -0.00567 76
-125.000   45.000 -0.00385 34
-125.000   46.000 -0.00820 42
-125.000   47.000 -0.01904 78
-125.000   48.000 -0.01567 50
-125.000   49.000 -0.01724 20
-125.000   50.000 -0.02633 9
-124.000   25.000  0.00000 0
-124.000   26.000  0.00000 0
-124.000   27.000  0.00000 0
-124.000   28.000  0.00000 0
-124.000   29.000  0.00000 0
-124.000   30.000  0.00000 0
-124.000   31.000  0.00000 0
-124.000   32.000 -0.00599 0
-124.000   33.000 -0.00669 0
-124.000   34.000 -0.00433 0
-124.000   35.000 -0.00659 0
-124.000   36.000 -0.00804 0
-124.000   37.000 -0.00312 29
-124.000   38.000 -0.00418 35
-124.000   39.000 -0.00601 67
-124.000   40.000 -0.00421 93
-124.000   41.000 -0.00331 112
-124.000   42.000 -0.00401 106
-124.000   43.000 -0.00277 106
-124.000   44.000 -0.00633 110
-124.000   45.000 -0.00617 97
-124.000   46.000 -0.00862 105
-124.000   47.000 -0.01276 162
-124.000   48.000 -0.01406 138
-124.000   49.000 -0.01379 21
-124.000   50.000 -0.01789 3
-123.000   25.000  0.00000 0
-123.000   26.000  0.00000 0
-123.000   27.000  0.00000 0
-123.000   28.000  0.00000 0
-123.000   29.000  0.00000 0
-123.000   30.000  0.00134 0
-123.000   31.000  0.00280 0
-123.000   32.000 -0.00191 0
-123.000   33.000 -0.00148 0
-123.000   34.000  0.00210 0
-123.000   35.000 -0.00295 3
-123.000   36.000 -0.00614 20
-123.000   37.000 -0.00404 33
-123.000   38.000 -0.00602 46
-123.000   39.000 -0.00897 98
-123.000   40.000 -0.00393 96
-123.000   41.000 -0.00171 149
-123.000   42.000  0.00053 142
-123.000   43.000  0.00193 137
-123.000   44.000 -0.00138 118
-123.000   45.000 -0.00368 86
-123.000   46.000 -0.00544 164
-123.000   47.000 -0.00485 180
-123.000   48.000 -0.00562 141
-123.000   49.000 -0.00368 46
-123.000   50.000 -0.00327 0
-122.000   25.000  0.00000 0
-122.000   26.000  0.00000 0
-122.000   27.000  0.00000 0
-122.000   28.000  0.00000 0
-122.000   29.000  0.00000 0
-122.000   30.000  0.00118 0
-122.000   31.000  0.00362 0
-122.000   32.000 -0.00009 0
-122.000   33.000  0.00057 0
-122.000   34.000  0.00321 1
-122.000   35.000 -0.00195 32
-122.000   36.000 -0.00137 65
-122.000   37.000  0.00046 132
-122.000   38.000 -0.00174 90
-122.000   39.000 -0.00412 128
-122.000   40.000 -0.00070 188
-122.000   41.000 -0.00477 83
-122.000   42.000 -0.00475 97
-122.000   43.000 -0.00289 123
-122.000   44.000 -0.00376 161
-122.000   45.000 -0.00571 116
-122.000   46.000 -0.00564 113
-122.000   47.000 -0.00465 170
-122.000   48.000 -0.00716 76
-122.000   49.000 -0.00819 16
-122.000   50.000 -0.00675 0
-121.000   25.000  0.00000 0
-121.000   26.000  0.00000 0
-121.000   27.000  0.00000 0
-121.000   28.000  0.00000 0
-121.000   29.000  0.00000 0
-121.000   30.000  0.00086 0
-121.000   31.000  0.00381 0
-121.000   32.000  0.00040 8
-121.000   33.000 -0.00027 14
-121.000   34.000  0.00145 89
-121.000   35.000 -0.00206 89
-121.000   36.000 -0.00417 91
-121.000   37.000 -0.00554 137
-121.000   38.000 -0.00785 123
-121.000   39.000 -0.01037 84
-121.000   40.000 -0.01059 70
-121.000   41.000 -0.01308 71
-121.000   42.000 -0.01076 80
-121.000   43.000 -0.00960 69
-121.000   44.000 -0.00884 83
-121.000   45.000 -0.00746 54
-121.000   46.000 -0.00498 148
-121.000   47.000 -0.00116 111
-121.000   48.000  0.00711 66
-121.000   49.000  0.00894 32
-121.000   50.000  0.01440 5
-120.000   25.000  0.00000 0
-120.000   26.000  0.00000 0
-120.000   27.000  0.00000 0
-120.000   28.000  0.00000 0
-120.000   29.000  0.00000 0
-120.000   30.000  0.00019 0
-120.000   31.000  0.00299 0
-120.000   32.000 -0.00136 15
-120.000   33.000 -0.00108 52
-120.000   34.000 -0.00014 126
-120.000   35.000 -0.00313 141
-120.000   36.000 -0.00486 112
-120.000   37.000 -0.00458 188
-120.000   38.000 -0.00664 68
-120.000   39.000 -0.00855 57
-120.000   40.000 -0.01030 45
-120.000   41.000 -0.01335 26
-120.000   42.000 -0.01038 75
-120.000   43.000 -0.01040 75
-120.000   44.000 -0.01255 96
-120.000   45.000 -0.00951 74
-120.000   46.000 -0.00755 98
-120.000   47.000 -0.00395 88
-120.000   48.000  0.00432 38
-120.000   49.000  0.00931 26
-120.000   50.000  0.01492 6
-119.000   25.000  0.00000 0
-119.000   26.000  0.00000 0
-119.000   27.000  0.00000 0
-119.000   28.000  0.00000 0
-119.000   29.000 -0.00074 0
-119.000   30.000 -0.00022 0
-119.000   31.000  0.00261 0
-119.000   32.000  0.00471 20
-119.000   33.000  0.00553 240
-119.000   34.000  0.00442 383
-119.000   35.000 -0.00014 282
-119.000   36.000 -0.00096 122
-119.000   37.000 -0.00660 111
-119.000   38.000 -0.01122 91
-119.000   39.000 -0.01034 54
-119.000   40.000 -0.01012 25
-119.000   41.000 -0.01626 40
-119.000   42.000 -0.01397 47
-119.000   43.000 -0.01321 46
-119.000   44.000 -0.01441 69
-119.000   45.000 -0.00924 119
-119.000   46.000 -0.00316 108
-119.000   47.000  0.00058 100
-119.000   48.000  0.01008 72
-119.000   49.000  0.01531 15
-119.000   50.000  0.01817 2
-118.000   25.000  0.00000 0
-118.000   26.000  0.00000 0
-118.000   27.000  0.00000 0
-118.000   28.000  0.00000 0
-118.000   29.000 -0.00150 0
-118.000   30.000 -0.00180 0
-118.000   31.000 -0.00069 0
-118.000   32.000  0.00025 168
-118.000   33.000  0.00010 541
-118.000   34.000 -0.00086 327
-118.000   35.000 -0.00249 225
-118.000   36.000 -0.00037 148
-118.000   37.000 -0.00449 154
-118.000   38.000 -0.01019 46
-118.000   39.000 -0.00773 30
-118.000   40.000 -0.01035 55
-118.000   41.000 -0.02054 61
-118.000   42.000 -0.02140 32
-118.000   43.000 -0.01847 51
-118.000   44.000 -0.02170 95
-118.000   45.000 -0.01767 136
-118.000   46.000 -0.01081 84
-118.000   47.000 -0.00674 82
-118.000   48.000  0.00173 66
-118.000   49.000  0.00621 26
-118.000   50.000  0.00915 0
-117.000   25.000  0.00000 0
-117.000   26.000  0.00000 0
-117.000   27.000  0.00000 0
-117.000   28.000  0.00000 0
-117.000   29.000 -0.00385 0
-117.000   30.000 -0.00380 0
-117.000   31.000 -0.00443 12
-117.000   32.000 -0.00446 235
-117.000   33.000 -0.00392 548
-117.000   34.000 -0.00108 290
-117.000   35.000 -0.00258 199
-117.000   36.000  0.00252 125
-117.000   37.000 -0.00106 71
-117.000   38.000 -0.00725 50
-117.000   39.000 -0.00661 55
-117.000   40.000 -0.00992 94
-117.000   41.000 -0.02197 175
-117.000   42.000 -0.01997 40
-117.000   43.000 -0.01722 68
-117.000   44.000 -0.02182 101
-117.000   45.000 -0.01761 104
-117.000   46.000 -0.00950 59
-117.000   47.000 -0.00796 72
-117.000   48.000  0.00361 27
-117.000   49.000  0.01074 21
-117.000   50.000  0.01524 0
-116.000   25.000  0.00000 0
-116.000   26.000  0.00000 0
-116.000   27.000  0.00000 0
-116.000   28.000  0.00000 0
-116.000   29.000 -0.00106 0
-116.000   30.000  0.00040 0
-116.000   31.000 -0.00197 17
-116.000   32.000 -0.00160 367
-116.000   33.000  0.00136 399
-116.000   34.000  0.00199 275
-116.000   35.000  0.00011 171
-116.000   36.000  0.00717 71
-116.000   37.000  0.00650 60
-116.000   38.000  0.00154 34
-116.000   39.000  0.00251 118
-116.000   40.000 -0.00129 112
-116.000   41.000 -0.01217 282
-116.000   42.000 -0.01323 32
-116.000   43.000 -0.01167 60
-116.000   44.000 -0.01597 89
-116.000   45.000 -0.01277 102
-116.000   46.000 -0.01014 28
-116.000   47.000 -0.00818 67
-116.000   48.000 -0.00680 21
-116.000   49.000 -0.00380 14
-116.000   50.000 -0.00335 0
-115.000   25.000  0.00000 0
-115.000   26.000  0.00000 0
-115.000   27.000  0.00000 0
-115.000   28.000 -0.00506 0
-115.000   29.000 -0.01021 0
-115.000   30.000 -0.00768 0
-115.000   31.000 -0.01062 1
-115.000   32.000 -0.00879 130
-115.000   33.000 -0.00117 181
-115.000   34.000  0.00373 210
-115.000   35.000  0.00034 140
-115.000   36.000  0.00581 44
-115.000   37.000  0.00383 84
-115.000   38.000 -0.00346 31
-115.000   39.000 -0.00168 168
-115.000   40.000 -0.00210 149
-115.000   41.000 -0.00950 39
-115.000   42.000 -0.01155 51
-115.000   43.000 -0.00803 73
-115.000   44.000 -0.01201 96
-115.000   45.000 -0.01531 67
-115.000   46.000 -0.01391 40
-115.000   47.000 -0.01048 67
-115.000   48.000 -0.00049 35
-115.000   49.000  0.00247 16
-115.000   50.000  0.01091 0
-114.000   25.000  0.00000 0
-114.000   26.000  0.00000 0
-114.000   27.000  0.00000 0
-114.000   28.000 -0.00506 0
-114.000   29.000 -0.00799 0
-114.000   30.000 -0.00629 0
-114.000   31.000 -0.00951 25
-114.000   32.000 -0.00930 119
-114.000   33.000 -0.00294 150
-114.000   34.000  0.00222 119
-114.000   35.000  0.00093 57
-114.000   36.000  0.00342 44
-114.000   37.000  0.00161 35
-114.000   38.000 -0.00117 39
-114.000   39.000 -0.00273 109
-114.000   40.000 -0.00486 51
-114.000   41.000 -0.00693 37
-114.000   42.000 -0.00814 40
-114.000   43.000 -0.00622 76
-114.000   44.000 -0.01028 48
-114.000   45.000 -0.01475 51
-114.000   46.000 -0.01553 49
-114.000   47.000 -0.00885 30
-114.000   48.000 -0.00006 16
-114.000   49.000  0.00415 20
-114.000   50.000  0.01589 1
-113.000   25.000  0.00000 0
-113.000   26.000  0.00000 0
-113.000   27.000  0.00000 0
-113.000   28.000 -0.00481 0
-113.000   29.000 -0.00539 0
-113.000   30.000 -0.00379 1
-113.000   31.000 -0.00526 8
-113.000   32.000 -0.00492 46
-113.000   33.000  0.00049 88
-113.000   34.000  0.00260 74
-113.000   35.000  0.00015 35
-113.000   36.000  0.00010 53
-113.000   37.000 -0.00119 55
-113.000   38.000 -0.00193 25
-113.000   39.000 -0.00504 40
-113.000   40.000 -0.00561 43
-113.000   41.000 -0.00488 43
-113.000   42.000 -0.00636 38
-113.000   43.000 -0.00608 69
-113.000   44.000 -0.00865 51
-113.000   45.000 -0.01319 37
-113.000   46.000 -0.01385 57
-113.000   47.000 -0.00265 26
-113.000   48.000  0.00949 31
-113.000   49.000  0.01705 8
-113.000   50.000  0.03265 2
-112.000   25.000  0.00000 0
-112.000   26.000  0.00000 0
-112.000   27.000  0.00000 0
-112.000   28.000 -0.00461 0
-112.000   29.000 -0.00315 0
-112.000   30.000 -0.00146 0
-112.000   31.000 -0.00267 37
-112.000   32.000 -0.00097 52
-112.000   33.000  0.00238 72
-112.000   34.000  0.00120 69
-112.000   35.000 -0.00266 102
-112.000   36.000 -0.00325 72
-112.000   37.000 -0.00637 30
-112.000   38.000 -0.00733 38
-112.000   39.000 -0.00954 61
-112.000   40.000 -0.00769 40
-112.000   41.000 -0.00349 40
-112.000   42.000 -0.00581 51
-112.000   43.000 -0.00445 92
-112.000   44.000 -0.00628 215
-112.000   45.000 -0.01085 39
-112.000   46.000 -0.01385 26
-112.000   47.000  0.00124 28
-112.000   48.000  0.01675 24
-112.000   49.000  0.02564 14
-112.000   50.000  0.04234 1
-111.000   25.000  0.00000 0
-111.000   26.000  0.00000 0
-111.000   27.000  0.00000 0
-111.000   28.000 -0.00386 0
-111.000   29.000 -0.00505 0
-111.000   30.000 -0.00437 1
-111.000   31.000 -0.00520 27
-111.000   32.000 -0.00501 43
-111.000   33.000 -0.00419 71
-111.000   34.000 -0.00570 84
-111.000   35.000 -0.00914 61
-111.000   36.000 -0.01072 38
-111.000   37.000 -0.01424 45
-111.000   38.000 -0.01526 42
-111.000   39.000 -0.01647 50
-111.000   40.000 -0.01249 48
-111.000   41.000 -0.00866 42
-111.000   42.000 -0.00902 80
-111.000   43.000 -0.00629 32
-111.000   44.000 -0.00634 66
-111.000   45.000 -0.01275 44
-111.000   46.000 -0.01203 30
-111.000   47.000  0.00369 24
-111.000   48.000  0.01873 26
-111.000   49.000  0.02838 13
-111.000   50.000  0.04648 1
-110.000   25.000  0.00000 0
-110.000   26.000  0.00000 0
-110.000   27.000  0.00000 0
-110.000   28.000  0.00229 0
-110.000   29.000  0.00508 0
-110.000   30.000  0.00679 7
-110.000   31.000  0.00672 32
-110.000   32.000  0.00385 60
-110.000   33.000 -0.00393 45
-110.000   34.000 -0.01199 51
-110.000   35.000 -0.01737 60
-110.000   36.000 -0.02267 45
-110.000   37.000 -0.02134 34
-110.000   38.000 -0.01692 61
-110.000   39.000 -0.01460 24
-110.000   40.000 -0.00962 23
-110.000   41.000 -0.00208 32
-110.000   42.000 -0.00199 125
-110.000   43.000 -0.00076 211
-110.000   44.000 -0.00165 37
-110.000   45.000 -0.00529 50
-110.000   46.000 -0.00451 32
-110.000   47.000  0.00827 26
-110.000   48.000  0.01398 21
-110.000   49.000  0.02227 12
-110.000   50.000  0.03359 1
-109.000   25.000  0.00000 0
-109.000   26.000  0.00000 0
-109.000   27.000  0.00000 0
-109.000   28.000  0.00229 0
-109.000   29.000  0.00365 0
-109.000   30.000  0.00546 21
-109.000   31.000  0.00439 19
-109.000   32.000 -0.00041 71
-109.000   33.000 -0.00906 70
-109.000   34.000 -0.01809 57
-109.000   35.000 -0.02363 38
-109.000   36.000 -0.02736 34
-109.000   37.000 -0.02305 43
-109.000   38.000 -0.01688 53
-109.000   39.000 -0.01179 50
-109.000   40.000 -0.00680 41
-109.000   41.000  0.00036 52
-109.000   42.000  0.00112 86
-109.000   43.000  0.00219 42
-109.000   44.000  0.00343 71
-109.000   45.000  0.00202 42
-109.000   46.000  0.00251 26
-109.000   47.000  0.01368 33
-109.000   48.000  0.01823 21
-109.000   49.000  0.02446 17
-109.000   50.000  0.03286 0
-108.000   25.000  0.00000 0
-108.000   26.000  0.00000 0
-108.000   27.000  0.00000 0
-108.000   28.000  0.00080 0
-108.000   29.000 -0.00039 0
-108.000   30.000  0.00015 2
-108.000   31.000 -0.00250 25
-108.000   32.000 -0.00912 19
-108.000   33.000 -0.01666 89
-108.000   34.000 -0.02342 96
-108.000   35.000 -0.02809 43
-108.000   36.000 -0.03028 38
-108.000   37.000 -0.02314 57
-108.000   38.000 -0.01547 45
-108.000   39.000 -0.00921 75
-108.000   40.000 -0.00415 42
-108.000   41.000  0.00415 42
-108.000   42.000  0.00692 68
-108.000   43.000  0.00590 71
-108.000   44.000  0.00740 98
-108.000   45.000  0.00837 68
-108.000   46.000  0.00711 26
-108.000   47.000  0.01083 25
-108.000   48.000  0.01330 19
-108.000   49.000  0.01685 13
-108.000   50.000  0.01930 0
-107.000   25.000  0.00000 0
-107.000   26.000  0.00000 0
-107.000   27.000 -0.00204 0
-107.000   28.000 -0.00420 0
-107.000   29.000 -0.00484 0
-107.000   30.000 -0.00452 0
-107.000   31.000 -0.00677 34
-107.000   32.000 -0.01355 27
-107.000   33.000 -0.01745 61
-107.000   34.000 -0.02422 35
-107.000   35.000 -0.02793 24
-107.000   36.000 -0.03159 32
-107.000   37.000 -0.02107 47
-107.000   38.000 -0.01259 30
-107.000   39.000 -0.00440 48
-107.000   40.000  0.00170 49
-107.000   41.000  0.01224 92
-107.000   42.000  0.01363 66
-107.000   43.000  0.01367 153
-107.000   44.000  0.01355 78
-107.000   45.000  0.01415 38
-107.000   46.000  0.01119 31
-107.000   47.000  0.01058 44
-107.000   48.000  0.00811 19
-107.000   49.000  0.00929 13
-107.000   50.000  0.00689 0
-106.000   25.000  0.00000 0
-106.000   26.000 -0.00108 0
-106.000   27.000 -0.00293 0
-106.000   28.000 -0.00596 0
-106.000   29.000 -0.00659 0
-106.000   30.000 -0.00661 5
-106.000   31.000 -0.00875 47
-106.000   32.000 -0.01508 97
-106.000   33.000 -0.01761 132
-106.000   34.000 -0.02251 70
-106.000   35.000 -0.02728 68
-106.000   36.000 -0.02963 23
-106.000   37.000 -0.01880 55
-106.000   38.000 -0.00966 82
-106.000   39.000 -0.00061 56
-106.000   40.000  0.00789 65
-106.000   41.000  0.01943 46
-106.000   42.000  0.02101 71
-106.000   43.000  0.01982 72
-106.000   44.000  0.01957 63
-106.000   45.000  0.02108 46
-106.000   46.000  0.01579 33
-106.000   47.000  0.01225 32
-106.000   48.000  0.00986 21
-106.000   49.000  0.00824 10
-106.000   50.000  0.00227 0
-105.000   25.000  0.00000 0
-105.000   26.000 -0.00012 0
-105.000   27.000 -0.00222 0
-105.000   28.000 -0.00664 0
-105.000   29.000 -0.00881 40
-105.000   30.000 -0.01233 29
-105.000   31.000 -0.01661 38
-105.000   32.000 -0.02073 109
-105.000   33.000 -0.02066 99
-105.000   34.000 -0.02360 80
-105.000   35.000 -0.02369 45
-105.000   36.000 -0.02115 56
-105.000   37.000 -0.01401 76
-105.000   38.000 -0.00563 70
-105.000   39.000  0.00350 52
-105.000   40.000  0.00934 69
-105.000   41.000  0.01752 35
-105.000   42.000  0.01939 44
-105.000   43.000  0.01883 51
-105.000   44.000  0.01866 48
-105.000   45.000  0.02278 41
-105.000   46.000  0.01694 27
-105.000   47.000  0.01363 32
-105.000   48.000  0.01017 24
-105.000   49.000  0.00789 24
-105.000   50.000 -0.00006 0
-104.000   25.000  0.00000 0
-104.000   26.000 -0.00012 0
-104.000   27.000 -0.00165 0
-104.000   28.000 -0.00571 26
-104.000   29.000 -0.00942 15
-104.000   30.000 -0.01283 100
-104.000   31.000 -0.01732 65
-104.000   32.000 -0.01842 90
-104.000   33.000 -0.01811 119
-104.000   34.000 -0.01913 65
-104.000   35.000 -0.01951 59
-104.000   36.000 -0.01411 53
-104.000   37.000 -0.01190 35
-104.000   38.000 -0.00299 52
-104.000   39.000  0.00837 31
-104.000   40.000  0.01507 40
-104.000   41.000  0.02111 30
-104.000   42.000  0.02315 33
-104.000   43.000  0.01980 27
-104.000   44.000  0.01448 55
-104.000   45.000  0.01740 44
-104.000   46.000  0.00891 47
-104.000   47.000  0.00652 43
-104.000   48.000  0.00470 29
-104.000   49.000  0.00427 28
-104.000   50.000 -0.00404 0
-103.000   25.000  0.00000 0
-103.000   26.000  0.00040 0
-103.000   27.000 -0.00316 0
-103.000   28.000 -0.00553 22
-103.000   29.000 -0.00879 6
-103.000   30.000 -0.01219 66
-103.000   31.000 -0.01850 62
-103.000   32.000 -0.01510 83
-103.000   33.000 -0.01544 95
-103.000   34.000 -0.01912 83
-103.000   35.000 -0.01805 39
-103.000   36.000 -0.01038 29
-103.000   37.000 -0.01077 34
-103.000   38.000 -0.00322 35
-103.000   39.000  0.01035 43
-103.000   40.000  0.01675 49
-103.000   41.000  0.02008 55
-103.000   42.000  0.02036 40
-103.000   43.000  0.01863 41
-103.000   44.000  0.01196 29
-103.000   45.000  0.01466 44
-103.000   46.000  0.00901 52
-103.000   47.000  0.00678 57
-103.000   48.000  0.00369 35
-103.000   49.000  0.00464 24
-103.000   50.000 -0.00509 0
-102.000   25.000  0.00016 0
-102.000   26.000  0.00280 0
-102.000   27.000  0.00079 0
-102.000   28.000  0.00202 0
-102.000   29.000 -0.00029 18
-102.000   30.000 -0.00323 45
-102.000   31.000 -0.01178 64
-102.000   32.000 -0.00945 43
-102.000   33.000 -0.01449 63
-102.000   34.000 -0.01933 44
-102.000   35.000 -0.01918 51
-102.000   36.000 -0.00983 38
-102.000   37.000 -0.01076 19
-102.000   38.000 -0.00329 47
-102.000   39.000  0.00699 34
-102.000   40.000  0.01206 45
-102.000   41.000  0.01184 28
-102.000   42.000  0.01013 30
-102.000   43.000  0.00780 55
-102.000   44.000  0.00335 34
-102.000   45.000  0.00567 39
-102.000   46.000 -0.00065 29
-102.000   47.000 -0.00240 54
-102.000   48.000 -0.00373 29
-102.000   49.000 -0.00301 21
-102.000   50.000 -0.01185 0
-101.000   25.000  0.00989 0
-101.000   26.000  0.01069 0
-101.000   27.000  0.00852 0
-101.000   28.000  0.01080 8
-101.000   29.000  0.00479 47
-101.000   30.000  0.00107 49
-101.000   31.000 -0.00588 53
-101.000   32.000 -0.00553 47
-101.000   33.000 -0.01199 28
-101.000   34.000 -0.01581 23
-101.000   35.000 -0.01332 27
-101.000   36.000 -0.00421 32
-101.000   37.000 -0.00420 31
-101.000   38.000  0.00438 42
-101.000   39.000  0.01376 38
-101.000   40.000  0.01308 32
-101.000   41.000  0.00926 31
-101.000   42.000  0.00682 56
-101.000   43.000  0.00329 38
-101.000   44.000 -0.00397 20
-101.000   45.000 -0.00076 39
-101.000   46.000 -0.00637 26
-101.000   47.000 -0.00954 42
-101.000   48.000 -0.01040 41
-101.000   49.000 -0.00818 17
-101.000   50.000 -0.01655 0
-100.000   25.000  0.02420 0
-100.000   26.000  0.01822 0
-100.000   27.000  0.01218 15
-100.000   28.000  0.01675 36
-100.000   29.000  0.00237 77
-100.000   30.000  0.00170 53
-100.000   31.000 -0.00206 93
-100.000   32.000  0.00103 48
-100.000   33.000 -0.00968 78
-100.000   34.000 -0.01400 34
-100.000   35.000 -0.01364 41
-100.000   36.000 -0.00576 42
-100.000   37.000 -0.00669 48
-100.000   38.000  0.00233 87
-100.000   39.000  0.01022 62
-100.000   40.000  0.01034 35
-100.000   41.000  0.00795 26
-100.000   42.000  0.00691 38
-100.000   43.000  0.00465 50
-100.000   44.000 -0.00100 36
-100.000   45.000  0.00079 64
-100.000   46.000 -0.00561 32
-100.000   47.000 -0.01016 62
-100.000   48.000 -0.01084 55
-100.000   49.000 -0.01018 25
-100.000   50.000 -0.01740 0
 -99.000   25.000  0.03172 0
 -99.000   26.000  0.02630 7
 -99.000   27.000  0.01844 58
 -99.000   28.000  0.02259 49
 -99.000   29.000  0.00721 57
 -99.000   30.000  0.00714 59
 -99.000   31.000  0.00195 53
 -99.000   32.000  0.00301 58
 -99.000   33.000 -0.00833 48
 -99.000   34.000 -0.01352 63
 -99.000   35.000 -0.01807 73
 -99.000   36.000 -0.01423 36
 -99.000   37.000 -0.01265 43
 -99.000   38.000 -0.00608 46
 -99.000   39.000 -0.00198 55
 -99.000   40.000 -0.00177 29
 -99.000   41.000  0.00057 42
 -99.000   42.000 -0.00057 40
 -99.000   43.000  0.00041 32
 -99.000   44.000 -0.00185 47
 -99.000   45.000 -0.00220 55
 -99.000   46.000 -0.00823 33
 -99.000   47.000 -0.01453 60
 -99.000   48.000 -0.01498 44
 -99.000   49.000 -0.01494 26
 -99.000   50.000 -0.01741 0
 -98.000   25.000  0.00730 2
 -98.000   26.000  0.00213 4
 -98.000   27.000 -0.00042 19
 -98.000   28.000  0.00589 18
 -98.000   29.000 -0.00891 54
 -98.000   30.000  0.00717 66
 -98.000   31.000  0.00931 93
 -98.000   32.000  0.00785 52
 -98.000   33.000 -0.00706 55
 -98.000   34.000 -0.01253 46
 -98.000   35.000 -0.02109 46
 -98.000   36.000 -0.02250 74
 -98.000   37.000 -0.02083 58
 -98.000   38.000 -0.01414 38
 -98.000   39.000 -0.01130 49
 -98.000   40.000 -0.01156 65
 -98.000   41.000 -0.00561 40
 -98.000   42.000 -0.00476 19
 -98.000   43.000 -0.00392 45
 -98.000   44.000 -0.00700 30
 -98.000   45.000 -0.00918 37
 -98.000   46.000 -0.01865 28
 -98.000   47.000 -0.02641 41
 -98.000   48.000 -0.03055 32
 -98.000   49.000 -0.03221 9
 -98.000   50.000 -0.03237 0
 -97.000   25.000  0.01705 0
 -97.000   26.000  0.00717 2
 -97.000   27.000  0.00835 15
 -97.000   28.000  0.01576 24
 -97.000   29.000  0.00174 46
 -97.000   30.000  0.01082 39
 -97.000   31.000  0.01401 59
 -97.000   32.000  0.00817 49
 -97.000   33.000 -0.00794 46
 -97.000   34.000 -0.01418 32
 -97.000   35.000 -0.02032 76
 -97.000   36.000 -0.02312 61
 -97.000   37.000 -0.02336 58
 -97.000   38.000 -0.01756 45
 -97.000   39.000 -0.01452 41
 -97.000   40.000 -0.01677 34
 -97.000   41.000 -0.01033 42
 -97.000   42.000 -0.00629 34
 -97.000   43.000 -0.00430 24
 -97.000   44.000 -0.00602 26
 -97.000   45.000 -0.00697 36
 -97.000   46.000 -0.01444 43
 -97.000   47.000 -0.02017 18
 -97.000   48.000 -0.02447 28
 -97.000   49.000 -0.02656 32
 -97.000   50.000 -0.02571 0
 -96.000   25.000  0.00732 0
 -96.000   26.000  0.00034 0
 -96.000   27.000 -0.00309 2
 -96.000   28.000  0.00344 4
 -96.000   29.000 -0.00681 34
 -96.000   30.000  0.00454 26
 -96.000   31.000  0.00614 32
 -96.000   32.000  0.00671 49
 -96.000   33.000 -0.00783 43
 -96.000   34.000 -0.01347 76
 -96.000   35.000 -0.02092 66
 -96.000   36.000 -0.02532 76
 -96.000   37.000 -0.02650 62
 -96.000   38.000 -0.02302 41
 -96.000   39.000 -0.02189 36
 -96.000   40.000 -0.02390 30
 -96.000   41.000 -0.01525 43
 -96.000   42.000 -0.01077 23
 -96.000   43.000 -0.00616 26
 -96.000   44.000 -0.00510 22
 -96.000   45.000 -0.00829 44
 -96.000   46.000 -0.01371 31
 -96.000   47.000 -0.01862 25
 -96.000   48.000 -0.02392 15
 -96.000   49.000 -0.02761 21
 -96.000   50.000 -0.02204 2
 -95.000   25.000 -0.00699 0
 -95.000   26.000 -0.00814 0
 -95.000   27.000 -0.00632 1
 -95.000   28.000 -0.00089 0
 -95.000   29.000 -0.00004 23
 -95.000   30.000  0.01049 21
 -95.000   31.000  0.01119 55
 -95.000   32.000  0.00855 42
 -95.000   33.000 -0.00128 31
 -95.000   34.000 -0.00833 44
 -95.000   35.000 -0.01717 93
 -95.000   36.000 -0.02275 38
 -95.000   37.000 -0.02514 46
 -95.000   38.000 -0.02528 28
 -95.000   39.000 -0.02524 47
 -95.000   40.000 -0.02680 33
 -95.000   41.000 -0.01976 32
 -95.000   42.000 -0.01606 34
 -95.000   43.000 -0.01245 26
 -95.000   44.000 -0.01240 28
 -95.000   45.000 -0.01572 28
 -95.000   46.000 -0.02113 34
 -95.000   47.000 -0.02403 34
 -95.000   48.000 -0.02824 19
 -95.000   49.000 -0.03012 20
 -95.000   50.000 -0.02455 0
 -94.000   25.000 -0.01451 0
 -94.000   26.000 -0.01621 0
 -94.000   27.000 -0.01100 0
 -94.000   28.000 -0.00415 0
 -94.000   29.000  0.00080 14
 -94.000   30.000  0.01163 24
 -94.000   31.000  0.01568 33
 -94.000   32.000  0.01401 36
 -94.000   33.000  0.00548 45
 -94.000   34.000 -0.00249 43
 -94.000   35.000 -0.00663 46
 -94.000   36.000 -0.01108 79
 -94.000   37.000 -0.01578 53
 -94.000   38.000 -0.01711 51
 -94.000   39.000 -0.01799 53
 -94.000   40.000 -0.02103 50
 -94.000   41.000 -0.01731 36
 -94.000   42.000 -0.01409 37
 -94.000   43.000 -0.01255 36
 -94.000   44.000 -0.01144 44
 -94.000   45.000 -0.01399 54
 -94.000   46.000 -0.01872 51
 -94.000   47.000 -0.02260 25
 -94.000   48.000 -0.02531 17
 -94.000   49.000 -0.02814 7
 -94.000   50.000 -0.02485 0
 -93.000   25.000  0.00991 0
 -93.000   26.000  0.00743 0
 -93.000   27.000  0.00938 0
 -93.000   28.000  0.01689 0
 -93.000   29.000  0.02416 7
 -93.000   30.000  0.01802 18
 -93.000   31.000  0.01865 18
 -93.000   32.000  0.01564 27
 -93.000   33.000  0.00690 28
 -93.000   34.000  0.00079 39
 -93.000   35.000  0.00076 54
 -93.000   36.000 -0.00317 49
 -93.000   37.000 -0.00648 40
 -93.000   38.000 -0.00638 49
 -93.000   39.000 -0.01083 52
 -93.000   40.000 -0.01293 51
 -93.000   41.000 -0.01241 43
 -93.000   42.000 -0.01019 14
 -93.000   43.000 -0.00847 51
 -93.000   44.000 -0.00405 44
 -93.000   45.000 -0.00783 35
 -93.000   46.000 -0.00838 49
 -93.000   47.000 -0.00616 40
 -93.000   48.000 -0.00683 23
 -93.000   49.000 -0.00996 0
 -93.000   50.000 -0.00311 0
 -92.000   25.000  0.00000 0
 -92.000   26.000  0.00000 0
 -92.000   27.000  0.00225 0
 -92.000   28.000  0.01184 0
 -92.000   29.000  0.01659 2
 -92.000   30.000  0.01815 5
 -92.000   31.000  0.02014 14
 -92.000   32.000  0.01815 23
 -92.000   33.000  0.00909 33
 -92.000   34.000  0.00569 32
 -92.000   35.000  0.00311 37
 -92.000   36.000 -0.00058 26
 -92.000   37.000 -0.00242 64
 -92.000   38.000 -0.00261 75
 -92.000   39.000 -0.00420 34
 -92.000   40.000 -0.00541 32
 -92.000   41.000 -0.00339 31
 -92.000   42.000 -0.00258 31
 -92.000   43.000 -0.00540 36
 -92.000   44.000 -0.00489 52
 -92.000   45.000 -0.01139 32
 -92.000   46.000 -0.01409 34
 -92.000   47.000 -0.01399 46
 -92.000   48.000 -0.01033 42
 -92.000   49.000 -0.01324 2
 -92.000   50.000 -0.00310 2
 -91.000   25.000  0.00000 0
 -91.000   26.000  0.00000 0
 -91.000   27.000  0.00559 0
 -91.000   28.000  0.01880 0
 -91.000   29.000  0.02458 0
 -91.000   30.000  0.02485 9
 -91.000   31.000  0.02807 17
 -91.000   32.000  0.02183 26
 -91.000   33.000  0.00944 26
 -91.000   34.000  0.00587 20
 -91.000   35.000  0.00368 21
 -91.000   36.000 -0.00168 29
 -91.000   37.000 -0.00087 32
 -91.000   38.000  0.00019 23
 -91.000   39.000 -0.00251 34
 -91.000   40.000 -0.00121 17
 -91.000   41.000  0.00196 38
 -91.000   42.000 -0.00166 32
 -91.000   43.000 -0.00859 49
 -91.000   44.000 -0.00842 37
 -91.000   45.000 -0.01343 26
 -91.000   46.000 -0.01918 22
 -91.000   47.000 -0.01968 37
 -91.000   48.000 -0.01169 9
 -91.000   49.000 -0.01421 1
 -91.000   50.000 -0.00956 5
 -90.000   25.000  0.00000 0
 -90.000   26.000  0.00000 0
 -90.000   27.000  0.00445 0
 -90.000   28.000  0.02110 0
 -90.000   29.000  0.02913 6
 -90.000   30.000  0.02760 9
 -90.000   31.000  0.03091 23
 -90.000   32.000  0.02412 31
 -90.000   33.000  0.00743 35
 -90.000   34.000  0.00213 35
 -90.000   35.000  0.00237 41
 -90.000   36.000 -0.00183 25
 -90.000   37.000  0.00445 28
 -90.000   38.000  0.00634 54
 -90.000   39.000  0.00355 63
 -90.000   40.000  0.00550 35
 -90.000   41.000  0.00762 30
 -90.000   42.000 -0.00057 51
 -90.000   43.000 -0.00668 28
 -90.000   44.000 -0.00621 42
 -90.000   45.000 -0.01214 17
 -90.000   46.000 -0.02047 16
 -90.000   47.000 -0.02070 11
 -90.000   48.000 -0.01595 7
 -90.000   49.000 -0.02045 5
 -90.000   50.000 -0.01851 5
 -89.000   25.000  0.00000 0
 -89.000   26.000  0.00000 0
 -89.000   27.000 -0.00041 0
 -89.000   28.000  0.01539 0
 -89.000   29.000  0.02331 3
 -89.000   30.000  0.02094 5
 -89.000   31.000  0.02326 11
 -89.000   32.000  0.01942 27
 -89.000   33.000  0.00250 25
 -89.000   34.000 -0.00214 32
 -89.000   35.000 -0.00009 16
 -89.000   36.000 -0.00279 50
 -89.000   37.000  0.00529 45
 -89.000   38.000  0.00938 85
 -89.000   39.000  0.00891 51
 -89.000   40.000  0.01191 25
 -89.000   41.000  0.01040 39
 -89.000   42.000  0.00170 40
 -89.000   43.000 -0.00526 52
 -89.000   44.000 -0.00688 24
 -89.000   45.000 -0.01434 17
 -89.000   46.000 -0.01989 23
 -89.000   47.000 -0.01779 19
 -89.000   48.000 -0.01228 6
 -89.000   49.000 -0.01684 1
 -89.000   50.000 -0.01447 3
 -88.000   25.000  0.00000 0
 -88.000   26.000  0.00000 0
 -88.000   27.000 -0.00427 0
 -88.000   28.000  0.00933 0
 -88.000   29.000  0.01491 0
 -88.000   30.000  0.01451 5
 -88.000   31.000  0.01299 11
 -88.000   32.000  0.01440 29
 -88.000   33.000  0.00053 31
 -88.000   34.000 -0.00403 24
 -88.000   35.000 -0.00356 63
 -88.000   36.000 -0.00247 72
 -88.000   37.000  0.00518 139
 -88.000   38.000  0.00762 110
 -88.000   39.000  0.01178 72
 -88.000   40.000  0.01276 43
 -88.000   41.000  0.01361 66
 -88.000   42.000  0.00242 12
 -88.000   43.000 -0.00426 30
 -88.000   44.000 -0.00909 28
 -88.000   45.000 -0.01422 22
 -88.000   46.000 -0.02084 23
 -88.000   47.000 -0.02163 18
 -88.000   48.000 -0.02199 3
 -88.000   49.000 -0.02794 1
 -88.000   50.000 -0.03044 1
 -87.000   25.000  0.00000 0
 -87.000   26.000  0.00000 0
 -87.000   27.000 -0.01001 0
 -87.000   28.000  0.00219 0
 -87.000   29.000  0.00965 2
 -87.000   30.000  0.00891 12
 -87.000   31.000  0.00700 22
 -87.000   32.000  0.01559 40
 -87.000   33.000  0.00359 47
 -87.000   34.000 -0.00347 42
 -87.000   35.000 -0.00249 32
 -87.000   36.000 -0.00021 61
 -87.000   37.000  0.00589 125
 -87.000   38.000  0.00769 101
 -87.000   39.000  0.01137 80
 -87.000   40.000  0.01273 18
 -87.000   41.000  0.01173 27
 -87.000   42.000  0.00188 28
 -87.000   43.000 -0.00075 19
 -87.000   44.000 -0.00480 15
 -87.000   45.000 -0.00789 26
 -87.000   46.000 -0.01324 7
 -87.000   47.000 -0.00969 4
 -87.000   48.000 -0.01809 0
 -87.000   49.000 -0.02265 0
 -87.000   50.000 -0.02772 5
 -86.000   25.000  0.00000 0
 -86.000   26.000  0.00000 0
 -86.000   27.000 -0.00711 0
 -86.000   28.000  0.00237 0
 -86.000   29.000  0.00905 8
 -86.000   30.000  0.00758 6
 -86.000   31.000  0.00446 36
 -86.000   32.000  0.01158 27
 -86.000   33.000  0.00110 23
 -86.000   34.000 -0.00689 44
 -86.000   35.000 -0.00373 38
 -86.000   36.000 -0.00003 73
 -86.000   37.000  0.00422 85
 -86.000   38.000  0.00694 61
 -86.000   39.000  0.01343 52
 -86.000   40.000  0.01271 35
 -86.000   41.000  0.01046 48
 -86.000   42.000  0.00206 12
 -86.000   43.000  0.00159 15
 -86.000   44.000 -0.00482 19
 -86.000   45.000 -0.01422 17
 -86.000   46.000 -0.01427 9
 -86.000   47.000 -0.00521 9
 -86.000   48.000 -0.01669 2
 -86.000   49.000 -0.01932 2
 -86.000   50.000 -0.01172 2
 -85.000   25.000  0.00000 0
 -85.000   26.000 -0.00321 0
 -85.000   27.000 -0.00844 0
 -85.000   28.000 -0.00122 0
 -85.000   29.000  0.00241 10
 -85.000   30.000  0.00289 14
 -85.000   31.000  0.00033 31
 -85.000   32.000  0.00744 42
 -85.000   33.000 -0.00033 25
 -85.000   34.000 -0.00549 30
 -85.000   35.000 -0.00254 46
 -85.000   36.000  0.00394 74
 -85.000   37.000  0.00342 81
 -85.000   38.000  0.00526 65
 -85.000   39.000  0.01252 54
 -85.000   40.000  0.00800 42
 -85.000   41.000  0.00516 43
 -85.000   42.000  0.00222 50
 -85.000   43.000  0.00114 11
 -85.000   44.000 -0.00609 34
 -85.000   45.000 -0.01551 35
 -85.000   46.000 -0.01232 10
 -85.000   47.000 -0.00467 19
 -85.000   48.000 -0.01202 10
 -85.000   49.000 -0.01315 1
 -85.000   50.000 -0.00002 3
 -84.000   25.000  0.00155 0
 -84.000   26.000 -0.00275 0
 -84.000   27.000 -0.00346 0
 -84.000   28.000  0.00231 0
 -84.000   29.000  0.00453 12
 -84.000   30.000  0.00271 29
 -84.000   31.000  0.00047 90
 -84.000   32.000  0.00274 100
 -84.000   33.000 -0.00201 67
 -84.000   34.000 -0.00464 83
 -84.000   35.000 -0.00142 78
 -84.000   36.000  0.00438 103
 -84.000   37.000  0.00475 55
 -84.000   38.000  0.00386 53
 -84.000   39.000  0.00977 66
 -84.000   40.000  0.00407 59
 -84.000   41.000  0.00273 46
 -84.000   42.000  0.00002 31
 -84.000   43.000 -0.00091 35
 -84.000   44.000 -0.01248 25
 -84.000   45.000 -0.02228 18
 -84.000   46.000 -0.02020 8
 -84.000   47.000 -0.01345 6
 -84.000   48.000 -0.02139 8
 -84.000   49.000 -0.01836 3
 -84.000   50.000 -0.00357 1
 -83.000   25.000 -0.00065 0
 -83.000   26.000 -0.00153 0
 -83.000   27.000  0.00633 0
 -83.000   28.000  0.01951 11
 -83.000   29.000  0.02334 14
 -83.000   30.000  0.02097 56
 -83.000   31.000  0.01699 63
 -83.000   32.000  0.01084 74
 -83.000   33.000  0.00216 76
 -83.000   34.000 -0.00268 79
 -83.000   35.000 -0.00034 55
 -83.000   36.000  0.00529 52
 -83.000   37.000  0.00420 31
 -83.000   38.000  0.00241 48
 -83.000   39.000  0.00742 62
 -83.000   40.000  0.00317 48
 -83.000   41.000 -0.00145 50
 -83.000   42.000 -0.00132 21
 -83.000   43.000 -0.00175 29
 -83.000   44.000 -0.01303 9
 -83.000   45.000 -0.02694 11
 -83.000   46.000 -0.02636 15
 -83.000   47.000 -0.02690 15
 -83.000   48.000 -0.02629 4
 -83.000   49.000 -0.02352 0
 -83.000   50.000 -0.00565 22
 -82.000   25.000 -0.00875 0
 -82.000   26.000  0.00093 8
 -82.000   27.000  0.01047 18
 -82.000   28.000  0.02737 20
 -82.000   29.000  0.03253 20
 -82.000   30.000  0.02400 36
 -82.000   31.000  0.01588 45
 -82.000   32.000  0.00613 40
 -82.000   33.000  0.00045 26
 -82.000   34.000 -0.00244 28
 -82.000   35.000  0.00278 44
 -82.000   36.000  0.00246 36
 -82.000   37.000  0.00307 48
 -82.000   38.000 -0.00045 43
 -82.000   39.000  0.00225 71
 -82.000   40.000 -0.00421 58
 -82.000   41.000 -0.00435 35
 -82.000   42.000 -0.00617 25
 -82.000   43.000 -0.00703 11
 -82.000   44.000 -0.01539 16
 -82.000   45.000 -0.02858 4
 -82.000   46.000 -0.03004 6
 -82.000   47.000 -0.03306 8
 -82.000   48.000 -0.02778 30
 -82.000   49.000 -0.02695 0
 -82.000   50.000 -0.00917 5
 -81.000   25.000 -0.00875 9
 -81.000   26.000  0.00093 24
 -81.000   27.000  0.00883 23
 -81.000   28.000  0.02478 19
 -81.000   29.000  0.02947 8
 -81.000   30.000  0.01816 5
 -81.000   31.000  0.01120 18
 -81.000   32.000  0.00481 18
 -81.000   33.000 -0.00013 32
 -81.000   34.000 -0.00199 51
 -81.000   35.000  0.00736 27
 -81.000   36.000  0.00598 51
 -81.000   37.000  0.00428 51
 -81.000   38.000 -0.00054 82
 -81.000   39.000 -0.00031 88
 -81.000   40.000 -0.00816 62
 -81.000   41.000 -0.00584 44
 -81.000   42.000 -0.00433 39
 -81.000   43.000 -0.00345 13
 -81.000   44.000 -0.00896 6
 -81.000   45.000 -0.01778 4
 -81.000   46.000 -0.02316 7
 -81.000   47.000 -0.02352 5
 -81.000   48.000 -0.01904 7
 -81.000   49.000 -0.01722 1
 -81.000   50.000 -0.00337 6
 -80.000   25.000 -0.00875 4
 -80.000   26.000  0.00413 5
 -80.000   27.000  0.01016 5
 -80.000   28.000  0.02404 2
 -80.000   29.000  0.02845 0
 -80.000   30.000  0.01684 0
 -80.000   31.000  0.00774 0
 -80.000   32.000  0.00203 17
 -80.000   33.000 -0.00025 20
 -80.000   34.000 -0.00022 50
 -80.000   35.000  0.00854 46
 -80.000   36.000  0.00458 85
 -80.000   37.000  0.00365 49
 -80.000   38.000  0.00035 57
 -80.000   39.000 -0.00086 67
 -80.000   40.000 -0.00642 74
 -80.000   41.000 -0.00464 58
 -80.000   42.000 -0.00456 51
 -80.000   43.000 -0.00308 15
 -80.000   44.000 -0.00508 14
 -80.000   45.000 -0.01494 32
 -80.000   46.000 -0.01067 5
 -80.000   47.000 -0.00739 7
 -80.000   48.000 -0.00623 8
 -80.000   49.000 -0.00581 0
 -80.000   50.000  0.01125 0
 -79.000   25.000 -0.01030 0
 -79.000   26.000  0.00367 0
 -79.000   27.000  0.00788 0
 -79.000   28.000  0.02270 0
 -79.000   29.000  0.02703 0
 -79.000   30.000  0.01794 0
 -79.000   31.000  0.00896 0
 -79.000   32.000  0.00871 2
 -79.000   33.000  0.00424 19
 -79.000   34.000  0.00280 34
 -79.000   35.000  0.00996 30
 -79.000   36.000  0.00664 55
 -79.000   37.000  0.00114 52
 -79.000   38.000 -0.00109 56
 -79.000   39.000 -0.00223 58
 -79.000   40.000 -0.00653 47
 -79.000   41.000 -0.00585 62
 -79.000   42.000 -0.00387 45
 -79.000   43.000 -0.00167 66
 -79.000   44.000  0.00185 21
 -79.000   45.000 -0.00599 21
 -79.000   46.000 -0.00194 16
 -79.000   47.000  0.00163 13
 -79.000   48.000  0.00184 2
 -79.000   49.000 -0.00156 1
 -79.000   50.000  0.01250 0
 -78.000   25.000 -0.00810 0
 -78.000   26.000  0.00245 0
 -78.000   27.000  0.00196 0
 -78.000   28.000  0.00830 0
 -78.000   29.000  0.01093 0
 -78.000   30.000  0.00210 0
 -78.000   31.000 -0.00329 0
 -78.000   32.000  0.00022 0
 -78.000   33.000  0.00219 10
 -78.000   34.000  0.00501 15
 -78.000   35.000  0.01412 33
 -78.000   36.000  0.01037 33
 -78.000   37.000  0.00595 75
 -78.000   38.000  0.00557 72
 -78.000   39.000  0.00216 79
 -78.000   40.000 -0.00174 22
 -78.000   41.000 -0.00057 72
 -78.000   42.000  0.00030 51
 -78.000   43.000  0.00088 36
 -78.000   44.000  0.00549 25
 -78.000   45.000 -0.00115 26
 -78.000   46.000  0.00140 8
 -78.000   47.000  0.01258 35
 -78.000   48.000  0.01042 3
 -78.000   49.000  0.00800 16
 -78.000   50.000  0.02089 0
 -77.000   25.000  0.00000 0
 -77.000   26.000  0.00000 0
 -77.000   27.000  0.00000 0
 -77.000   28.000  0.00000 0
 -77.000   29.000  0.00000 0
 -77.000   30.000 -0.00359 0
 -77.000   31.000 -0.00451 0
 -77.000   32.000  0.00261 0
 -77.000   33.000  0.00440 2
 -77.000   34.000 -0.00260 17
 -77.000   35.000  0.00433 13
 -77.000   36.000  0.00464 35
 -77.000   37.000 -0.00329 46
 -77.000   38.000  0.00036 28
 -77.000   39.000  0.00912 44
 -77.000   40.000  0.00770 56
 -77.000   41.000  0.00588 56
 -77.000   42.000  0.00888 35
 -77.000   43.000  0.00851 44
 -77.000   44.000  0.00869 28
 -77.000   45.000  0.00167 26
 -77.000   46.000  0.00179 14
 -77.000   47.000  0.01074 13
 -77.000   48.000  0.00567 7
 -77.000   49.000  0.00466 4
 -77.000   50.000  0.01473 0
 -76.000   25.000  0.00000 0
 -76.000   26.000  0.00000 0
 -76.000   27.000  0.00000 0
 -76.000   28.000  0.00000 0
 -76.000   29.000  0.00000 0
 -76.000   30.000  0.00000 0
 -76.000   31.000 -0.00139 0
 -76.000   32.000  0.00402 0
 -76.000   33.000  0.00680 0
 -76.000   34.000 -0.00018 3
 -76.000   35.000 -0.00055 10
 -76.000   36.000  0.00228 21
 -76.000   37.000 -0.00508 12
 -76.000   38.000 -0.00125 37
 -76.000   39.000  0.00960 52
 -76.000   40.000  0.01165 61
 -76.000   41.000  0.00640 76
 -76.000   42.000  0.00908 60
 -76.000   43.000  0.00850 65
 -76.000   44.000  0.00592 43
 -76.000   45.000  0.00021 33
 -76.000   46.000  0.00202 29
 -76.000   47.000  0.00489 15
 -76.000   48.000 -0.00115 2
 -76.000   49.000 -0.00304 0
 -76.000   50.000  0.00266 0
 -75.000   25.000  0.00000 0
 -75.000   26.000  0.00000 0
 -75.000   27.000  0.00000 0
 -75.000   28.000  0.00000 0
 -75.000   29.000  0.00000 0
 -75.000   30.000  0.00000 0
 -75.000   31.000 -0.00010 0
 -75.000   32.000  0.00597 0
 -75.000   33.000  0.00828 0
 -75.000   34.000  0.00012 2
 -75.000   35.000 -0.00071 3
 -75.000   36.000  0.00210 1
 -75.000   37.000 -0.00334 17
 -75.000   38.000  0.00021 19
 -75.000   39.000  0.01194 45
 -75.000   40.000  0.01539 45
 -75.000   41.000  0.01123 118
 -75.000   42.000  0.01112 77
 -75.000   43.000  0.00822 78
 -75.000   44.000  0.00080 81
 -75.000   45.000 -0.00562 59
 -75.000   46.000 -0.01138 16
 -75.000   47.000 -0.01076 18
 -75.000   48.000 -0.01372 2
 -75.000   49.000 -0.01233 0
 -75.000   50.000 -0.01013 0
 -74.000   25.000  0.00000 0
 -74.000   26.000  0.00000 0
 -74.000   27.000  0.00000 0
 -74.000   28.000  0.00000 0
 -74.000   29.000  0.00000 0
 -74.000   30.000  0.00000 0
 -74.000   31.000  0.00000 0
 -74.000   32.000  0.00365 0
 -74.000   33.000  0.00607 0
 -74.000   34.000 -0.00234 0
 -74.000   35.000 -0.00299 0
 -74.000   36.000 -0.00113 0
 -74.000   37.000 -0.00117 1
 -74.000   38.000  0.00127 1
 -74.000   39.000  0.01256 78
 -74.000   40.000  0.01494 102
 -74.000   41.000  0.01200 176
 -74.000   42.000  0.00686 99
 -74.000   43.000  0.00601 87
 -74.000   44.000 -0.00052 86
 -74.000   45.000 -0.00543 57
 -74.000   46.000 -0.01106 30
 -74.000   47.000 -0.00953 16
 -74.000   48.000 -0.01353 0
 -74.000   49.000 -0.01236 0
 -74.000   50.000 -0.01118 0
 -73.000   25.000  0.00000 0
 -73.000   26.000  0.00000 0
 -73.000   27.000  0.00000 0
 -73.000   28.000  0.00000 0
 -73.000   29.000  0.00000 0
 -73.000   30.000  0.00000 0
 -73.000   31.000  0.00000 0
 -73.000   32.000  0.00396 0
 -73.000   33.000  0.00494 0
 -73.000   34.000 -0.00509 0
 -73.000   35.000 -0.00662 0
 -73.000   36.000 -0.00569 0
 -73.000   37.000 -0.00588 0
 -73.000   38.000 -0.00290 0
 -73.000   39.000  0.01057 10
 -73.000   40.000  0.01323 45
 -73.000   41.000  0.00915 45
 -73.000   42.000  0.00377 48
 -73.000   43.000  0.00266 58
 -73.000   44.000 -0.00437 64
 -73.000   45.000 -0.00881 39
 -73.000   46.000 -0.01057 11
 -73.000   47.000 -0.00895 12
 -73.000   48.000 -0.01182 4
 -73.000   49.000 -0.01028 0
 -73.000   50.000 -0.00819 0
 -72.000   25.000  0.00000 0
 -72.000   26.000  0.00000 0
 -72.000   27.000  0.00000 0
 -72.000   28.000  0.00000 0
 -72.000   29.000  0.00000 0
 -72.000   30.000  0.00000 0
 -72.000   31.000  0.00000 0
 -72.000   32.000  0.00000 0
 -72.000   33.000  0.00000 0
 -72.000   34.000  0.00000 0
 -72.000   35.000 -0.00126 0
 -72.000   36.000  0.00015 0
 -72.000   37.000  0.00348 0
 -72.000   38.000  0.00335 0
 -72.000   39.000  0.00319 1
 -72.000   40.000  0.00337 21
 -72.000   41.000 -0.00357 53
 -72.000   42.000 -0.01081 46
 -72.000   43.000 -0.00999 69
 -72.000   44.000 -0.01112 41
 -72.000   45.000 -0.01094 53
 -72.000   46.000 -0.00768 20
 -72.000   47.000 -0.00377 12
 -72.000   48.000 -0.00446 0
 -72.000   49.000 -0.00396 0
 -72.000   50.000 -0.00377 0
 -71.000   25.000  0.00000 0
 -71.000   26.000  0.00000 0
 -71.000   27.000  0.00000 0
 -71.000   28.000  0.00000 0
 -71.000   29.000  0.00000 0
 -71.000   30.000  0.00000 0
 -71.000   31.000  0.00000 0
 -71.000   32.000  0.00000 0
 -71.000   33.000  0.00000 0
 -71.000   34.000  0.00000 0
 -71.000   35.000  0.00000 0
 -71.000   36.000  0.00000 0
 -71.000   37.000  0.00464 0
 -71.000   38.000  0.00419 0
 -71.000   39.000  0.00291 0
 -71.000   40.000 -0.00236 8
 -71.000   41.000 -0.00919 12
 -71.000   42.000 -0.01932 44
 -71.000   43.000 -0.02032 37
 -71.000   44.000 -0.01917 45
 -71.000   45.000 -0.01196 21
 -71.000   46.000 -0.01509 36
 -71.000   47.000 -0.00960 17
 -71.000   48.000 -0.00816 11
 -71.000   49.000 -0.01002 0
 -71.000   50.000 -0.01659 0
 -70.000   25.000  0.00000 0
 -70.000   26.000  0.00000 0
 -70.000   27.000  0.00000 0
 -70.000   28.000  0.00000 0
 -70.000   29.000  0.00000 0
 -70.000   30.000  0.00000 0
 -70.000   31.000  0.00000 0
 -70.000   32.000  0.00000 0
 -70.000   33.000  0.00000 0
 -70.000   34.000  0.00000 0
 -70.000   35.000  0.00000 0
 -70.000   36.000  0.00000 0
 -70.000   37.000  0.00272 0
 -70.000   38.000  0.00137 0
 -70.000   39.000 -0.00012 0
 -70.000   40.000 -0.00659 4
 -70.000   41.000 -0.01186 10
 -70.000   42.000 -0.01930 17
 -70.000   43.000 -0.01937 11
 -70.000   44.000 -0.01599 22
 -70.000   45.000 -0.00651 37
 -70.000   46.000 -0.00969 42
 -70.000   47.000 -0.00735 19
 -70.000   48.000 -0.00649 7
 -70.000   49.000 -0.01047 0
 -70.000   50.000 -0.01896 0
 -69.000   25.000  0.00000 0
 -69.000   26.000  0.00000 0
 -69.000   27.000  0.00000 0
 -69.000   28.000  0.00000 0
 -69.000   29.000  0.00000 0
 -69.000   30.000  0.00000 0
 -69.000   31.000  0.00000 0
 -69.000   32.000  0.00000 0
 -69.000   33.000  0.00000 0
 -69.000   34.000  0.00000 0
 -69.000   35.000  0.00000 0
 -69.000   36.000  0.00000 0
 -69.000   37.000  0.00000 0
 -69.000   38.000 -0.00021 0
 -69.000   39.000 -0.00106 0
 -69.000   40.000 -0.00717 0
 -69.000   41.000 -0.00826 0
 -69.000   42.000 -0.01245 1
 -69.000   43.000 -0.01529 5
 -69.000   44.000 -0.01135 26
 -69.000   45.000 -0.00398 33
 -69.000   46.000 -0.01436 50
 -69.000   47.000 -0.01573 32
 -69.000   48.000 -0.01271 3
 -69.000   49.000 -0.01976 0
 -69.000   50.000 -0.02845 0
 -68.000   25.000  0.00000 0
 -68.000   26.000  0.00000 0
 -68.000   27.000  0.00000 0
 -68.000   28.000  0.00000 0
 -68.000   29.000  0.00000 0
 -68.000   30.000  0.00000 0
 -68.000   31.000  0.00000 0
 -68.000   32.000  0.00000 0
 -68.000   33.000  0.00000 0
 -68.000   34.000  0.00000 0
 -68.000   35.000  0.00000 0
 -68.000   36.000  0.00000 0
 -68.000   37.000  0.00000 0
 -68.000   38.000 -0.00176 0
 -68.000   39.000 -0.00370 0
 -68.000   40.000 -0.01017 0
 -68.000   41.000 -0.00901 0
 -68.000   42.000 -0.01275 0
 -68.000   43.000 -0.01774 2
 -68.000   44.000 -0.01260 17
 -68.000   45.000 -0.00405 29
 -68.000   46.000 -0.01666 25
 -68.000   47.000 -0.02796 24
 -68.000   48.000 -0.02222 1
 -68.000   49.000 -0.03177 1
 -68.000   50.000 -0.04581 17
 -67.000   25.000  0.00000 0
 -67.000   26.000  0.00000 0
 -67.000   27.000  0.00000 0
 -67.000   28.000  0.00000 0
 -67.000   29.000  0.00000 0
 -67.000   30.000  0.00000 0
 -67.000   31.000  0.00000 0
 -67.000   32.000  0.00000 0
 -67.000   33.000  0.00000 0
 -67.000   34.000  0.00000 0
 -67.000   35.000  0.00000 0
 -67.000   36.000  0.00000 0
 -67.000   37.000  0.00000 0
 -67.000   38.000  0.00000 0
 -67.000   39.000  0.00000 0
 -67.000   40.000 -0.00440 0
 -67.000   41.000 -0.00117 0
 -67.000   42.000 -0.00355 0
 -67.000   43.000 -0.00965 3
 -67.000   44.000 -0.00711 18
 -67.000   45.000 -0.00319 16
 -67.000   46.000 -0.01529 20
 -67.000   47.000 -0.02795 4
 -67.000   48.000 -0.02286 23
 -67.000   49.000 -0.03174 2
 -67.000   50.000 -0.04154 9
 -66.000   25.000  0.00000 0
 -66.000   26.000  0.00000 0
 -66.000   27.000  0.00000 0
 -66.000   28.000  0.00000 0
 -66.000   29.000  0.00000 0
 -66.000   30.000  0.00000 0
 -66.000   31.000  0.00000 0
 -66.000   32.000  0.00000 0
 -66.000   33.000  0.00000 0
 -66.000   34.000  0.00000 0
 -66.000   35.000  0.00000 0
 -66.000   36.000  0.00000 0
 -66.000   37.000  0.00000 0
 -66.000   38.000  0.00000 0
 -66.000   39.000  0.00000 0
 -66.000   40.000  0.00000 0
 -66.000   41.000  0.00603 0
 -66.000   42.000  0.00548 0
 -66.000   43.000 -0.00055 0
 -66.000   44.000  0.00215 4
 -66.000   45.000 -0.00047 4
 -66.000   46.000 -0.00797 0
 -66.000   47.000 -0.02622 0
 -66.000   48.000 -0.02145 0
 -66.000   49.000 -0.03019 1
 -66.000   50.000 -0.03589 2
 -65.000   25.000  0.00000 0
 -65.000   26.000  0.00000 0
 -65.000   27.000  0.00000 0
 -65.000   28.000  0.00000 0
 -65.000   29.000  0.00000 0
 -65.000   30.000  0.00000 0
 -65.000   31.000  0.00000 0
 -65.000   32.000  0.00000 0
 -65.000   33.000  0.00000 0
 -65.000   34.000  0.00000 0
 -65.000   35.000  0.00000 0
 -65.000   36.000  0.00000 0
 -65.000   37.000  0.00000 0
 -65.000   38.000  0.00000 0
 -65.000   39.000  0.00000 0
 -65.000   40.000  0.00000 0
 -65.000   41.000  0.00585 0
 -65.000   42.000  0.00532 0
 -65.000   43.000 -0.00154 0
 -65.000   44.000  0.00101 0
 -65.000   45.000 -0.00151 0
 -65.000   46.000 -0.01243 0
 -65.000   47.000 -0.03299 0
 -65.000   48.000 -0.02689 0
 -65.000   49.000 -0.03681 0
 -65.000   50.000 -0.04487 0
