-130.000   25.000  0.00000 0
-130.000   26.000  0.00000 0
-130.000   27.000  0.00000 0
-130.000   28.000  0.00000 0
-130.000   29.000  0.00000 0
-130.000   30.000  0.00000 0
-130.000   31.000  0.00000 0
-130.000   32.000  0.00000 0
-130.000   33.000  0.00000 0
-130.000   34.000  0.00000 0
-130.000   35.000  0.00000 0
-130.000   36.000  0.00000 0
-130.000   37.000  0.00000 0
-130.000   38.000  0.00000 0
-130.000   39.000  0.00000 0
-130.000   40.000  0.00000 0
-130.000   41.000  0.00000 0
-130.000   42.000  0.00000 0
-130.000   43.000  0.00000 0
-130.000   44.000  0.00000 0
-130.000   45.000  0.00425 0
-130.000   46.000 -0.00222 0
-130.000   47.000 -0.00418 0
-130.000   48.000 -0.02152 0
-130.000   49.000 -0.02690 4
-130.000   50.000 -0.04294 1
-129.000   25.000  0.00000 0
-129.000   26.000  0.00000 0
-129.000   27.000  0.00000 0
-129.000   28.000  0.00000 0
-129.000   29.000  0.00000 0
-129.000   30.000  0.00000 0
-129.000   31.000  0.00000 0
-129.000   32.000  0.00000 0
-129.000   33.000  0.00000 0
-129.000   34.000  0.00000 0
-129.000   35.000  0.00000 0
-129.000   36.000  0.00000 0
-129.000   37.000  0.00000 0
-129.000   38.000  0.00000 0
-129.000   39.000  0.01257 0
-129.000   40.000  0.01256 0
-129.000   41.000  0.00646 0
-129.000   42.000  0.00116 0
-129.000   43.000  0.00477 0
-129.000   44.000 -0.00727 0
-129.000   45.000 -0.00380 0
-129.000   46.000 -0.00517 0
-129.000   47.000  0.00031 0
-129.000   48.000 -0.01773 8
-129.000   49.000 -0.02282 1
-129.000   50.000 -0.03620 2
-128.000   25.000  0.00000 0
-128.000   26.000  0.00000 0
-128.000   27.000  0.00000 0
-128.000   28.000  0.00000 0
-128.000   29.000  0.00000 0
-128.000   30.000  0.00000 0
-128.000   31.000  0.00000 0
-128.000   32.000  0.00000 0
-128.000   33.000  0.00000 0
-128.000   34.000  0.00000 0
-128.000   35.000  0.00000 0
-128.000   36.000 -0.00063 0
-128.000   37.000 -0.00209 0
-128.000   38.000 -0.00162 0
-128.000   39.000  0.00780 0
-128.000   40.000  0.00761 0
-128.000   41.000  0.00364 0
-128.000   42.000  0.00006 0
-128.000   43.000  0.00205 0
-128.000   44.000 -0.00809 0
-128.000   45.000 -0.00717 0
-128.000   46.000 -0.00959 0
-128.000   47.000 -0.00701 1
-128.000   48.000 -0.02161 2
-128.000   49.000 -0.02611 0
-128.000   50.000 -0.03602 4
-127.000   25.000  0.00000 0
-127.000   26.000  0.00000 0
-127.000   27.000  0.00000 0
-127.000   28.000  0.00000 0
-127.000   29.000  0.00000 0
-127.000   30.000  0.00000 0
-127.000   31.000  0.00000 0
-127.000   32.000  0.00000 0
-127.000   33.000  0.00000 0
-127.000   34.000 -0.00549 0
-127.000   35.000 -0.00581 0
-127.000   36.000 -0.00700 0
-127.000   37.000 -0.01034 0
-127.000   38.000 -0.01030 0
-127.000   39.000  0.00383 0
-127.000   40.000  0.00326 0
-127.000   41.000 -0.00125 1
-127.000   42.000 -0.00348 2
-127.000   43.000 -0.00210 1
-127.000   44.000 -0.01197 1
-127.000   45.000 -0.01161 13
-127.000   46.000 -0.01372 2
-127.000   47.000 -0.00925 5
-127.000   48.000 -0.01982 19
-127.000   49.000 -0.02324 7
-127.000   50.000 -0.03010 12
-126.000   25.000  0.00000 0
-126.000   26.000  0.00000 0
-126.000   27.000  0.00000 0
-126.000   28.000  0.00000 0
-126.000   29.000  0.00000 0
-126.000   30.000  0.00000 0
-126.000   31.000  0.00000 0
-126.000   32.000  0.00000 0
-126.000   33.000 -0.00055 0
-126.000   34.000 -0.00523 0
-126.000   35.000 -0.00443 0
-126.000   36.000 -0.00629 0
-126.000   37.000 -0.01088 0
-126.000   38.000 -0.01144 1
-126.000   39.000  0.00158 9
-126.000   40.000 -0.00037 21
-126.000   41.000 -0.00474 66
-126.000   42.000 -0.00639 55
-126.000   43.000 -0.00386 74
-126.000   44.000 -0.01397 74
-126.000   45.000 -0.01445 66
-126.000   46.000 -0.01478 78
-126.000   47.000 -0.01234 90
-126.000   48.000 -0.01676 81
-126.000   49.000 -0.01875 42
-126.000   50.000 -0.02227 22
-125.000   25.000  0.00000 0
-125.000   26.000  0.00000 0
-125.000   27.000  0.00000 0
-125.000   28.000  0.00000 0
-125.000   29.000  0.00000 0
-125.000   30.000  0.00000 0
-125.000   31.000  0.00000 0
-125.000   32.000 -0.00054 0
-125.000   33.000 -0.00152 0
-125.000   34.000 -0.00577 0
-125.000   35.000 -0.00517 0
-125.000   36.000 -0.00763 2
-125.000   37.000 -0.01187 27
-125.000   38.000 -0.01200 24
-125.000   39.000  0.00052 70
-125.000   40.000 -0.00092 64
-125.000   41.000 -0.00445 94
-125.000   42.000 -0.00674 106
-125.000   43.000 -0.00453 124
-125.000   44.000 -0.01534 78
-125.000   45.000 -0.01713 100
-125.000   46.000 -0.01415 138
-125.000   47.000 -0.01132 136
-125.000   48.000 -0.01242 131
-125.000   49.000 -0.01236 60
-125.000   50.000 -0.01211 12
-124.000   25.000  0.00000 0
-124.000   26.000  0.00000 0
-124.000   27.000  0.00000 0
-124.000   28.000  0.00000 0
-124.000   29.000  0.00000 0
-124.000   30.000  0.00002 0
-124.000   31.000  0.00041 0
-124.000   32.000 -0.00023 0
-124.000   33.000 -0.00172 0
-124.000   34.000 -0.00637 0
-124.000   35.000 -0.00598 6
-124.000   36.000 -0.01002 15
-124.000   37.000 -0.01559 27
-124.000   38.000 -0.01597 28
-124.000   39.000 -0.01450 69
-124.000   40.000 -0.01577 75
-124.000   41.000 -0.01363 88
-124.000   42.000 -0.01081 60
-124.000   43.000 -0.00926 52
-124.000   44.000 -0.00775 82
-124.000   45.000 -0.00924 103
-124.000   46.000 -0.00809 89
-124.000   47.000 -0.00806 115
-124.000   48.000 -0.00718 122
-124.000   49.000 -0.00690 70
-124.000   50.000 -0.00529 17
-123.000   25.000  0.00000 0
-123.000   26.000  0.00000 0
-123.000   27.000  0.00000 0
-123.000   28.000  0.00000 0
-123.000   29.000  0.00000 0
-123.000   30.000  0.00058 0
-123.000   31.000  0.00079 0
-123.000   32.000 -0.00074 0
-123.000   33.000 -0.00305 0
-123.000   34.000 -0.00844 7
-123.000   35.000 -0.00877 32
-123.000   36.000 -0.01319 34
-123.000   37.000 -0.01725 69
-123.000   38.000 -0.01732 81
-123.000   39.000 -0.01638 89
-123.000   40.000 -0.01725 64
-123.000   41.000 -0.01449 90
-123.000   42.000 -0.01049 94
-123.000   43.000 -0.00784 53
-123.000   44.000 -0.00362 57
-123.000   45.000 -0.00336 65
-123.000   46.000  0.00014 67
-123.000   47.000 -0.00119 54
-123.000   48.000 -0.00081 57
-123.000   49.000 -0.00073 30
-123.000   50.000 -0.00038 3
-122.000   25.000  0.00000 0
-122.000   26.000  0.00000 0
-122.000   27.000  0.00000 0
-122.000   28.000  0.00000 0
-122.000   29.000  0.00018 0
-122.000   30.000  0.00023 0
-122.000   31.000  0.00010 0
-122.000   32.000 -0.00091 7
-122.000   33.000 -0.00422 32
-122.000   34.000 -0.00462 47
-122.000   35.000 -0.00528 60
-122.000   36.000 -0.00906 89
-122.000   37.000 -0.01281 128
-122.000   38.000 -0.01291 84
-122.000   39.000 -0.01523 118
-122.000   40.000 -0.01495 67
-122.000   41.000 -0.01229 97
-122.000   42.000 -0.00874 107
-122.000   43.000 -0.00280 94
-122.000   44.000  0.00046 76
-122.000   45.000  0.00049 109
-122.000   46.000  0.00496 122
-122.000   47.000  0.00386 99
-122.000   48.000  0.00336 77
-122.000   49.000  0.00329 43
-122.000   50.000  0.00491 20
-121.000   25.000  0.00000 0
-121.000   26.000  0.00000 0
-121.000   27.000  0.00000 0
-121.000   28.000  0.00000 0
-121.000   29.000 -0.00024 0
-121.000   30.000 -0.00024 0
-121.000   31.000 -0.00056 0
-121.000   32.000 -0.00288 19
-121.000   33.000 -0.00604 52
-121.000   34.000 -0.00745 99
-121.000   35.000 -0.00975 103
-121.000   36.000 -0.01408 146
-121.000   37.000 -0.01644 127
-121.000   38.000 -0.01477 71
-121.000   39.000 -0.01586 145
-121.000   40.000 -0.01370 70
-121.000   41.000 -0.00969 78
-121.000   42.000 -0.00459 96
-121.000   43.000  0.00085 115
-121.000   44.000  0.00567 107
-121.000   45.000  0.00806 123
-121.000   46.000  0.01318 182
-121.000   47.000  0.01227 87
-121.000   48.000  0.00665 64
-121.000   49.000  0.00572 34
-121.000   50.000  0.00389 11
-120.000   25.000  0.00000 0
-120.000   26.000  0.00000 0
-120.000   27.000  0.00000 0
-120.000   28.000  0.00000 0
-120.000   29.000  0.00006 0
-120.000   30.000 -0.00038 0
-120.000   31.000 -0.00104 6
-120.000   32.000 -0.00340 49
-120.000   33.000 -0.00713 180
-120.000   34.000 -0.00962 170
-120.000   35.000 -0.01191 363
-120.000   36.000 -0.01547 160
-120.000   37.000 -0.01692 114
-120.000   38.000 -0.01618 83
-120.000   39.000 -0.01714 78
-120.000   40.000 -0.01586 59
-120.000   41.000 -0.01128 77
-120.000   42.000 -0.00686 81
-120.000   43.000 -0.00073 67
-120.000   44.000  0.00534 111
-120.000   45.000  0.00810 127
-120.000   46.000  0.01235 174
-120.000   47.000  0.01380 106
-120.000   48.000  0.00601 56
-120.000   49.000  0.00417 28
-120.000   50.000  0.00338 6
-119.000   25.000  0.00000 0
-119.000   26.000  0.00000 0
-119.000   27.000  0.00000 0
-119.000   28.000 -0.00456 0
-119.000   29.000 -0.00433 0
-119.000   30.000 -0.00532 0
-119.000   31.000 -0.00697 45
-119.000   32.000 -0.00958 183
-119.000   33.000 -0.00900 167
-119.000   34.000 -0.01083 238
-119.000   35.000 -0.01303 278
-119.000   36.000 -0.01322 187
-119.000   37.000 -0.01577 123
-119.000   38.000 -0.01446 72
-119.000   39.000 -0.01279 69
-119.000   40.000 -0.00866 34
-119.000   41.000 -0.00619 53
-119.000   42.000  0.00128 55
-119.000   43.000  0.00710 55
-119.000   44.000  0.01009 96
-119.000   45.000  0.01019 109
-119.000   46.000  0.01332 115
-119.000   47.000  0.01294 65
-119.000   48.000  0.00392 37
-119.000   49.000  0.00107 27
-119.000   50.000 -0.00031 4
-118.000   25.000  0.00000 0
-118.000   26.000  0.00000 0
-118.000   27.000  0.00000 0
-118.000   28.000 -0.00365 0
-118.000   29.000 -0.00352 0
-118.000   30.000 -0.00692 0
-118.000   31.000 -0.00875 53
-118.000   32.000 -0.01098 273
-118.000   33.000 -0.01078 201
-118.000   34.000 -0.01240 302
-118.000   35.000 -0.01314 190
-118.000   36.000 -0.01221 159
-118.000   37.000 -0.01396 93
-118.000   38.000 -0.01397 64
-118.000   39.000 -0.01012 74
-118.000   40.000 -0.00505 66
-118.000   41.000 -0.00430 122
-118.000   42.000  0.00051 131
-118.000   43.000  0.00832 60
-118.000   44.000  0.01010 68
-118.000   45.000  0.01120 86
-118.000   46.000  0.01586 76
-118.000   47.000  0.01868 65
-118.000   48.000  0.00967 46
-118.000   49.000  0.00692 18
-118.000   50.000  0.00584 11
-117.000   25.000  0.00000 0
-117.000   26.000  0.00000 0
-117.000   27.000  0.00000 0
-117.000   28.000 -0.00300 0
-117.000   29.000 -0.00263 0
-117.000   30.000 -0.00542 7
-117.000   31.000 -0.00688 99
-117.000   32.000 -0.01011 373
-117.000   33.000 -0.00980 211
-117.000   34.000 -0.01132 228
-117.000   35.000 -0.01122 180
-117.000   36.000 -0.01019 181
-117.000   37.000 -0.01037 73
-117.000   38.000 -0.01360 47
-117.000   39.000 -0.01233 111
-117.000   40.000 -0.00808 70
-117.000   41.000 -0.00715 168
-117.000   42.000 -0.00271 119
-117.000   43.000  0.00683 84
-117.000   44.000  0.01156 58
-117.000   45.000  0.01513 82
-117.000   46.000  0.01968 68
-117.000   47.000  0.02157 45
-117.000   48.000  0.01233 23
-117.000   49.000  0.00936 19
-117.000   50.000  0.00392 6
-116.000   25.000  0.00000 0
-116.000   26.000  0.00000 0
-116.000   27.000  0.00000 0
-116.000   28.000  0.00108 0
-116.000   29.000  0.00111 0
-116.000   30.000 -0.00152 10
-116.000   31.000 -0.00271 135
-116.000   32.000 -0.00487 271
-116.000   33.000 -0.00887 197
-116.000   34.000 -0.00806 268
-116.000   35.000 -0.00749 211
-116.000   36.000 -0.00590 134
-116.000   37.000 -0.00599 78
-116.000   38.000 -0.00866 51
-116.000   39.000 -0.00774 108
-116.000   40.000 -0.00364 36
-116.000   41.000 -0.00297 28
-116.000   42.000  0.00071 87
-116.000   43.000  0.00879 98
-116.000   44.000  0.01144 82
-116.000   45.000  0.01300 84
-116.000   46.000  0.01596 64
-116.000   47.000  0.01484 60
-116.000   48.000  0.01089 34
-116.000   49.000  0.00809 20
-116.000   50.000  0.00479 11
-115.000   25.000  0.00000 0
-115.000   26.000  0.00000 0
-115.000   27.000 -0.00228 0
-115.000   28.000 -0.00161 0
-115.000   29.000 -0.00274 0
-115.000   30.000 -0.00356 4
-115.000   31.000 -0.00418 176
-115.000   32.000 -0.00289 353
-115.000   33.000 -0.00506 138
-115.000   34.000 -0.00312 155
-115.000   35.000 -0.00465 147
-115.000   36.000 -0.00476 81
-115.000   37.000 -0.00710 62
-115.000   38.000 -0.00913 58
-115.000   39.000 -0.00707 114
-115.000   40.000 -0.00160 36
-115.000   41.000 -0.00060 44
-115.000   42.000  0.00664 51
-115.000   43.000  0.01469 89
-115.000   44.000  0.01648 38
-115.000   45.000  0.01629 53
-115.000   46.000  0.01647 57
-115.000   47.000  0.01139 39
-115.000   48.000  0.00750 19
-115.000   49.000  0.00355 18
-115.000   50.000 -0.00015 6
-114.000   25.000  0.00000 0
-114.000   26.000  0.00000 0
-114.000   27.000  0.00129 0
-114.000   28.000  0.00307 0
-114.000   29.000  0.00154 0
-114.000   30.000  0.00188 2
-114.000   31.000  0.00204 114
-114.000   32.000  0.00075 126
-114.000   33.000 -0.00190 140
-114.000   34.000  0.00004 82
-114.000   35.000 -0.00268 82
-114.000   36.000 -0.00419 65
-114.000   37.000 -0.00326 83
-114.000   38.000 -0.00580 70
-114.000   39.000 -0.00445 236
-114.000   40.000 -0.00064 34
-114.000   41.000  0.00253 45
-114.000   42.000  0.00374 62
-114.000   43.000  0.01087 64
-114.000   44.000  0.01131 38
-114.000   45.000  0.01212 41
-114.000   46.000  0.01084 32
-114.000   47.000  0.00577 41
-114.000   48.000  0.00533 14
-114.000   49.000  0.00391 13
-114.000   50.000  0.00148 8
-113.000   25.000  0.00000 0
-113.000   26.000  0.00000 0
-113.000   27.000  0.00916 0
-113.000   28.000  0.00964 0
-113.000   29.000  0.00886 1
-113.000   30.000  0.01083 8
-113.000   31.000  0.01133 68
-113.000   32.000  0.00204 83
-113.000   33.000  0.00114 104
-113.000   34.000  0.00153 50
-113.000   35.000 -0.00174 87
-113.000   36.000 -0.00117 63
-113.000   37.000  0.00029 42
-113.000   38.000 -0.00162 58
-113.000   39.000  0.00208 57
-113.000   40.000  0.00673 35
-113.000   41.000  0.00862 30
-113.000   42.000  0.01013 109
-113.000   43.000  0.01467 99
-113.000   44.000  0.01260 91
-113.000   45.000  0.01084 162
-113.000   46.000  0.00751 19
-113.000   47.000  0.00396 32
-113.000   48.000  0.00316 16
-113.000   49.000  0.00241 14
-113.000   50.000  0.00055 6
-112.000   25.000  0.00000 0
-112.000   26.000  0.00000 0
-112.000   27.000  0.01058 0
-112.000   28.000  0.00934 0
-112.000   29.000  0.00981 1
-112.000   30.000  0.01278 23
-112.000   31.000  0.01395 41
-112.000   32.000  0.00302 59
-112.000   33.000  0.00537 72
-112.000   34.000  0.00301 69
-112.000   35.000 -0.00059 62
-112.000   36.000  0.00050 57
-112.000   37.000  0.00295 41
-112.000   38.000  0.00422 62
-112.000   39.000  0.01063 33
-112.000   40.000  0.01552 74
-112.000   41.000  0.01669 25
-112.000   42.000  0.01739 74
-112.000   43.000  0.01667 52
-112.000   44.000  0.01177 73
-112.000   45.000  0.00769 70
-112.000   46.000  0.00251 33
-112.000   47.000  0.00054 36
-112.000   48.000  0.00187 17
-112.000   49.000  0.00281 16
-112.000   50.000  0.00347 9
-111.000   25.000  0.00000 0
-111.000   26.000  0.00000 0
-111.000   27.000  0.00872 0
-111.000   28.000  0.00163 0
-111.000   29.000  0.00091 1
-111.000   30.000  0.00299 28
-111.000   31.000  0.00349 32
-111.000   32.000 -0.00498 52
-111.000   33.000  0.00557 67
-111.000   34.000  0.00341 57
-111.000   35.000  0.00014 72
-111.000   36.000  0.00199 81
-111.000   37.000  0.00331 45
-111.000   38.000  0.00301 44
-111.000   39.000  0.00981 33
-111.000   40.000  0.01671 34
-111.000   41.000  0.01739 34
-111.000   42.000  0.01756 64
-111.000   43.000  0.01646 48
-111.000   44.000  0.01163 88
-111.000   45.000  0.00653 46
-111.000   46.000  0.00115 34
-111.000   47.000  0.00473 29
-111.000   48.000  0.00550 16
-111.000   49.000  0.00802 10
-111.000   50.000  0.00967 7
-110.000   25.000  0.00000 0
-110.000   26.000  0.00000 0
-110.000   27.000  0.00978 0
-110.000   28.000  0.00343 0
-110.000   29.000  0.00384 10
-110.000   30.000  0.00363 10
-110.000   31.000  0.00415 36
-110.000   32.000 -0.00425 68
-110.000   33.000  0.00621 46
-110.000   34.000  0.00423 56
-110.000   35.000  0.00283 39
-110.000   36.000  0.00508 44
-110.000   37.000  0.00571 37
-110.000   38.000  0.00384 39
-110.000   39.000  0.00885 57
-110.000   40.000  0.01657 56
-110.000   41.000  0.01786 88
-110.000   42.000  0.01609 118
-110.000   43.000  0.01621 44
-110.000   44.000  0.01277 55
-110.000   45.000  0.00874 42
-110.000   46.000  0.00558 29
-110.000   47.000  0.01282 37
-110.000   48.000  0.01560 21
-110.000   49.000  0.01949 8
-110.000   50.000  0.02252 10
-109.000   25.000  0.00000 0
-109.000   26.000  0.00000 0
-109.000   27.000  0.00595 0
-109.000   28.000  0.00084 0
-109.000   29.000  0.00206 8
-109.000   30.000  0.00182 12
-109.000   31.000  0.00198 25
-109.000   32.000 -0.00265 30
-109.000   33.000  0.00683 121
-109.000   34.000  0.00382 53
-109.000   35.000  0.00235 63
-109.000   36.000  0.00512 30
-109.000   37.000  0.00413 73
-109.000   38.000  0.00367 36
-109.000   39.000  0.00888 36
-109.000   40.000  0.01682 52
-109.000   41.000  0.01699 63
-109.000   42.000  0.01740 111
-109.000   43.000  0.01701 81
-109.000   44.000  0.01598 55
-109.000   45.000  0.01445 68
-109.000   46.000  0.01326 28
-109.000   47.000  0.02099 19
-109.000   48.000  0.02242 19
-109.000   49.000  0.02504 12
-109.000   50.000  0.02556 7
-108.000   25.000  0.00000 0
-108.000   26.000 -0.00308 0
-108.000   27.000 -0.00307 0
-108.000   28.000 -0.00762 0
-108.000   29.000 -0.00587 25
-108.000   30.000 -0.00541 12
-108.000   31.000 -0.00259 38
-108.000   32.000  0.00064 45
-108.000   33.000  0.00964 72
-108.000   34.000  0.00791 44
-108.000   35.000  0.00558 85
-108.000   36.000  0.00529 49
-108.000   37.000  0.00296 53
-108.000   38.000  0.00252 31
-108.000   39.000  0.00591 66
-108.000   40.000  0.01300 58
-108.000   41.000  0.01622 110
-108.000   42.000  0.01704 93
-108.000   43.000  0.01785 71
-108.000   44.000  0.01747 55
-108.000   45.000  0.01817 50
-108.000   46.000  0.01880 32
-108.000   47.000  0.02519 40
-108.000   48.000  0.02632 21
-108.000   49.000  0.02913 6
-108.000   50.000  0.02897 6
-107.000   25.000  0.00000 0
-107.000   26.000 -0.00264 0
-107.000   27.000 -0.00537 0
-107.000   28.000 -0.00967 0
-107.000   29.000 -0.00894 5
-107.000   30.000 -0.00986 39
-107.000   31.000 -0.00767 51
-107.000   32.000 -0.00005 77
-107.000   33.000  0.00696 78
-107.000   34.000  0.00734 64
-107.000   35.000  0.00463 75
-107.000   36.000  0.00323 42
-107.000   37.000 -0.00066 39
-107.000   38.000  0.00072 75
-107.000   39.000  0.00362 68
-107.000   40.000  0.01318 54
-107.000   41.000  0.01880 59
-107.000   42.000  0.02116 68
-107.000   43.000  0.02278 108
-107.000   44.000  0.02335 28
-107.000   45.000  0.02416 41
-107.000   46.000  0.02630 25
-107.000   47.000  0.03121 30
-107.000   48.000  0.02989 18
-107.000   49.000  0.03165 12
-107.000   50.000  0.03097 8
-106.000   25.000 -0.00016 0
-106.000   26.000 -0.00078 0
-106.000   27.000 -0.00256 0
-106.000   28.000 -0.00755 4
-106.000   29.000 -0.00353 12
-106.000   30.000 -0.00273 30
-106.000   31.000 -0.00164 46
-106.000   32.000  0.00429 111
-106.000   33.000  0.01075 64
-106.000   34.000  0.00739 68
-106.000   35.000  0.00441 68
-106.000   36.000  0.00294 79
-106.000   37.000 -0.00016 49
-106.000   38.000  0.00106 73
-106.000   39.000  0.00495 37
-106.000   40.000  0.01243 37
-106.000   41.000  0.01795 36
-106.000   42.000  0.02018 72
-106.000   43.000  0.02512 141
-106.000   44.000  0.02614 32
-106.000   45.000  0.02827 36
-106.000   46.000  0.03340 22
-106.000   47.000  0.03823 26
-106.000   48.000  0.03533 21
-106.000   49.000  0.03718 23
-106.000   50.000  0.03736 8
-105.000   25.000 -0.00048 0
-105.000   26.000 -0.00313 0
-105.000   27.000 -0.00264 0
-105.000   28.000 -0.00739 26
-105.000   29.000 -0.00352 29
-105.000   30.000 -0.00126 78
-105.000   31.000  0.00262 73
-105.000   32.000  0.00516 92
-105.000   33.000  0.01175 73
-105.000   34.000  0.00799 81
-105.000   35.000  0.00521 74
-105.000   36.000  0.00494 58
-105.000   37.000  0.00317 52
-105.000   38.000  0.00430 55
-105.000   39.000  0.00804 58
-105.000   40.000  0.01342 43
-105.000   41.000  0.01452 55
-105.000   42.000  0.01684 46
-105.000   43.000  0.02165 48
-105.000   44.000  0.02437 37
-105.000   45.000  0.02771 55
-105.000   46.000  0.03472 34
-105.000   47.000  0.03838 41
-105.000   48.000  0.03553 24
-105.000   49.000  0.03619 19
-105.000   50.000  0.03508 12
-104.000   25.000 -0.00319 0
-104.000   26.000 -0.00311 0
-104.000   27.000 -0.00176 28
-104.000   28.000 -0.00539 14
-104.000   29.000 -0.00219 26
-104.000   30.000 -0.00018 57
-104.000   31.000 -0.00002 71
-104.000   32.000  0.00041 104
-104.000   33.000  0.00388 69
-104.000   34.000  0.00081 66
-104.000   35.000  0.00061 88
-104.000   36.000  0.00118 68
-104.000   37.000  0.00078 52
-104.000   38.000  0.00365 37
-104.000   39.000  0.00603 51
-104.000   40.000  0.01109 58
-104.000   41.000  0.01439 45
-104.000   42.000  0.01667 54
-104.000   43.000  0.02246 47
-104.000   44.000  0.02599 25
-104.000   45.000  0.02822 32
-104.000   46.000  0.03569 50
-104.000   47.000  0.03797 42
-104.000   48.000  0.03361 21
-104.000   49.000  0.03446 22
-104.000   50.000  0.03398 12
-103.000   25.000 -0.00156 0
-103.000   26.000 -0.00139 0
-103.000   27.000  0.00009 21
-103.000   28.000 -0.00506 12
-103.000   29.000 -0.00105 26
-103.000   30.000 -0.00081 67
-103.000   31.000 -0.00175 65
-103.000   32.000 -0.00319 83
-103.000   33.000  0.00225 48
-103.000   34.000 -0.00169 56
-103.000   35.000  0.00019 73
-103.000   36.000  0.00270 47
-103.000   37.000  0.00349 39
-103.000   38.000  0.00519 29
-103.000   39.000  0.00624 46
-103.000   40.000  0.00936 31
-103.000   41.000  0.01201 46
-103.000   42.000  0.01252 41
-103.000   43.000  0.01947 40
-103.000   44.000  0.02353 31
-103.000   45.000  0.02713 41
-103.000   46.000  0.03188 37
-103.000   47.000  0.03682 39
-103.000   48.000  0.03296 26
-103.000   49.000  0.03470 17
-103.000   50.000  0.03313 9
-102.000   25.000  0.00213 0
-102.000   26.000  0.00150 0
-102.000   27.000  0.00318 15
-102.000   28.000 -0.00018 13
-102.000   29.000 -0.00006 49
-102.000   30.000  0.00398 81
-102.000   31.000  0.00411 77
-102.000   32.000  0.00235 67
-102.000   33.000  0.00654 41
-102.000   34.000  0.00197 51
-102.000   35.000  0.00253 29
-102.000   36.000  0.00393 50
-102.000   37.000  0.00335 40
-102.000   38.000  0.00431 42
-102.000   39.000  0.00628 46
-102.000   40.000  0.00680 40
-102.000   41.000  0.00850 52
-102.000   42.000  0.00914 37
-102.000   43.000  0.01649 50
-102.000   44.000  0.01961 40
-102.000   45.000  0.02562 40
-102.000   46.000  0.02969 35
-102.000   47.000  0.03610 32
-102.000   48.000  0.03377 19
-102.000   49.000  0.03671 25
-102.000   50.000  0.03455 8
-101.000   25.000  0.00807 0
-101.000   26.000  0.00215 0
-101.000   27.000  0.00426 13
-101.000   28.000  0.00182 33
-101.000   29.000  0.00160 56
-101.000   30.000  0.00411 65
-101.000   31.000  0.00764 81
-101.000   32.000  0.00448 91
-101.000   33.000  0.00420 50
-101.000   34.000 -0.00172 75
-101.000   35.000 -0.00111 41
-101.000   36.000  0.00139 41
-101.000   37.000  0.00265 37
-101.000   38.000  0.00541 45
-101.000   39.000  0.00637 37
-101.000   40.000  0.00782 67
-101.000   41.000  0.00784 34
-101.000   42.000  0.00698 27
-101.000   43.000  0.01381 33
-101.000   44.000  0.01870 44
-101.000   45.000  0.02545 69
-101.000   46.000  0.02826 46
-101.000   47.000  0.03482 40
-101.000   48.000  0.03419 31
-101.000   49.000  0.03694 31
-101.000   50.000  0.03297 15
-100.000   25.000  0.00903 0
-100.000   26.000  0.00530 12
-100.000   27.000  0.00471 13
-100.000   28.000 -0.00052 65
-100.000   29.000  0.00220 60
-100.000   30.000  0.00438 74
-100.000   31.000  0.00561 59
-100.000   32.000  0.00459 60
-100.000   33.000  0.00222 51
-100.000   34.000 -0.00519 67
-100.000   35.000 -0.00156 40
-100.000   36.000  0.00005 63
-100.000   37.000  0.00134 66
-100.000   38.000  0.00694 55
-100.000   39.000  0.00860 54
-100.000   40.000  0.00843 33
-100.000   41.000  0.01162 43
-100.000   42.000  0.01127 47
-100.000   43.000  0.01676 47
-100.000   44.000  0.01962 38
-100.000   45.000  0.02513 59
-100.000   46.000  0.02660 25
-100.000   47.000  0.03160 47
-100.000   48.000  0.02830 25
-100.000   49.000  0.03105 33
-100.000   50.000  0.02732 16
 -99.000   25.000  0.00405 6
 -99.000   26.000 -0.00170 19
 -99.000   27.000 -0.00077 17
 -99.000   28.000 -0.01017 47
 -99.000   29.000 -0.00229 49
 -99.000   30.000  0.00120 85
 -99.000   31.000  0.00864 40
 -99.000   32.000  0.00910 107
 -99.000   33.000  0.01108 74
 -99.000   34.000  0.00460 38
 -99.000   35.000  0.00604 40
 -99.000   36.000  0.00238 49
 -99.000   37.000  0.00341 74
 -99.000   38.000  0.00668 30
 -99.000   39.000  0.00818 45
 -99.000   40.000  0.00687 38
 -99.000   41.000  0.00948 47
 -99.000   42.000  0.00885 37
 -99.000   43.000  0.01212 34
 -99.000   44.000  0.01193 33
 -99.000   45.000  0.01981 42
 -99.000   46.000  0.02178 54
 -99.000   47.000  0.02799 32
 -99.000   48.000  0.02938 22
 -99.000   49.000  0.03524 4
 -99.000   50.000  0.03131 7
 -98.000   25.000  0.00139 4
 -98.000   26.000 -0.00368 40
 -98.000   27.000 -0.00604 27
 -98.000   28.000 -0.01699 33
 -98.000   29.000 -0.01117 39
 -98.000   30.000 -0.00421 49
 -98.000   31.000  0.00346 36
 -98.000   32.000  0.00894 57
 -98.000   33.000  0.00947 47
 -98.000   34.000  0.00725 54
 -98.000   35.000  0.00615 53
 -98.000   36.000  0.00074 60
 -98.000   37.000 -0.00044 56
 -98.000   38.000  0.00324 55
 -98.000   39.000  0.00409 54
 -98.000   40.000  0.00226 36
 -98.000   41.000  0.00490 34
 -98.000   42.000  0.00698 47
 -98.000   43.000  0.00764 37
 -98.000   44.000  0.00717 31
 -98.000   45.000  0.01634 48
 -98.000   46.000  0.01861 40
 -98.000   47.000  0.02346 53
 -98.000   48.000  0.02664 19
 -98.000   49.000  0.03312 25
 -98.000   50.000  0.02891 14
 -97.000   25.000  0.01357 3
 -97.000   26.000  0.00688 16
 -97.000   27.000  0.00012 18
 -97.000   28.000 -0.00868 31
 -97.000   29.000 -0.00865 45
 -97.000   30.000 -0.00912 67
 -97.000   31.000 -0.00249 46
 -97.000   32.000  0.00402 67
 -97.000   33.000  0.00292 52
 -97.000   34.000  0.00543 68
 -97.000   35.000  0.00701 65
 -97.000   36.000  0.00189 71
 -97.000   37.000  0.00287 95
 -97.000   38.000  0.00582 39
 -97.000   39.000  0.00504 69
 -97.000   40.000  0.00256 47
 -97.000   41.000  0.00536 33
 -97.000   42.000  0.00576 42
 -97.000   43.000  0.00615 28
 -97.000   44.000  0.00597 31
 -97.000   45.000  0.01397 37
 -97.000   46.000  0.01431 34
 -97.000   47.000  0.01901 40
 -97.000   48.000  0.02297 17
 -97.000   49.000  0.02962 23
 -97.000   50.000  0.02558 12
 -96.000   25.000  0.00780 1
 -96.000   26.000  0.00570 2
 -96.000   27.000 -0.00039 18
 -96.000   28.000 -0.00715 26
 -96.000   29.000 -0.00801 18
 -96.000   30.000 -0.00844 21
 -96.000   31.000 -0.00313 24
 -96.000   32.000  0.00261 52
 -96.000   33.000  0.00408 47
 -96.000   34.000  0.00836 56
 -96.000   35.000  0.01043 39
 -96.000   36.000  0.00340 45
 -96.000   37.000  0.00425 71
 -96.000   38.000  0.00280 41
 -96.000   39.000  0.00287 39
 -96.000   40.000 -0.00063 32
 -96.000   41.000  0.00300 27
 -96.000   42.000  0.00490 42
 -96.000   43.000  0.00604 25
 -96.000   44.000  0.00434 27
 -96.000   45.000  0.01316 34
 -96.000   46.000  0.01148 33
 -96.000   47.000  0.01370 21
 -96.000   48.000  0.02285 20
 -96.000   49.000  0.03068 13
 -96.000   50.000  0.02786 10
 -95.000   25.000  0.00716 0
 -95.000   26.000  0.00432 1
 -95.000   27.000  0.00278 3
 -95.000   28.000 -0.00493 39
 -95.000   29.000 -0.00794 19
 -95.000   30.000 -0.01097 32
 -95.000   31.000 -0.00391 15
 -95.000   32.000 -0.00401 47
 -95.000   33.000  0.00198 37
 -95.000   34.000  0.00704 75
 -95.000   35.000  0.00836 61
 -95.000   36.000  0.00011 58
 -95.000   37.000  0.00323 53
 -95.000   38.000  0.00040 31
 -95.000   39.000  0.00047 75
 -95.000   40.000  0.00239 35
 -95.000   41.000  0.00395 57
 -95.000   42.000  0.00463 52
 -95.000   43.000  0.00640 34
 -95.000   44.000  0.00599 39
 -95.000   45.000  0.01100 62
 -95.000   46.000  0.00939 55
 -95.000   47.000  0.01206 41
 -95.000   48.000  0.02021 24
 -95.000   49.000  0.02584 16
 -95.000   50.000  0.02205 3
 -94.000   25.000  0.01484 0
 -94.000   26.000  0.00827 0
 -94.000   27.000  0.00629 0
 -94.000   28.000  0.00271 13
 -94.000   29.000 -0.00317 23
 -94.000   30.000 -0.00704 40
 -94.000   31.000  0.00085 19
 -94.000   32.000  0.00024 42
 -94.000   33.000  0.00432 38
 -94.000   34.000  0.00737 51
 -94.000   35.000  0.00857 65
 -94.000   36.000  0.00308 46
 -94.000   37.000  0.00405 58
 -94.000   38.000 -0.00062 36
 -94.000   39.000 -0.00032 48
 -94.000   40.000  0.00255 39
 -94.000   41.000  0.00358 40
 -94.000   42.000  0.00663 29
 -94.000   43.000  0.01028 36
 -94.000   44.000  0.01239 40
 -94.000   45.000  0.01476 42
 -94.000   46.000  0.01191 50
 -94.000   47.000  0.01082 49
 -94.000   48.000  0.01683 28
 -94.000   49.000  0.01781 18
 -94.000   50.000  0.01409 1
 -93.000   25.000  0.01588 0
 -93.000   26.000  0.00495 0
 -93.000   27.000  0.00563 0
 -93.000   28.000  0.00710 7
 -93.000   29.000  0.00145 15
 -93.000   30.000 -0.00277 16
 -93.000   31.000  0.00775 17
 -93.000   32.000  0.00522 40
 -93.000   33.000  0.00578 39
 -93.000   34.000  0.00577 38
 -93.000   35.000  0.00670 32
 -93.000   36.000  0.00311 35
 -93.000   37.000  0.00406 46
 -93.000   38.000  0.00098 33
 -93.000   39.000  0.00168 56
 -93.000   40.000  0.00657 40
 -93.000   41.000  0.00754 41
 -93.000   42.000  0.01060 32
 -93.000   43.000  0.01507 36
 -93.000   44.000  0.01769 33
 -93.000   45.000  0.01688 33
 -93.000   46.000  0.01121 29
 -93.000   47.000  0.00727 35
 -93.000   48.000  0.01188 24
 -93.000   49.000  0.01116 42
 -93.000   50.000  0.00650 0
 -92.000   25.000  0.00000 0
 -92.000   26.000 -0.00948 0
 -92.000   27.000 -0.00432 0
 -92.000   28.000 -0.00622 4
 -92.000   29.000 -0.00280 5
 -92.000   30.000 -0.00201 12
 -92.000   31.000  0.01025 19
 -92.000   32.000  0.00665 36
 -92.000   33.000  0.01024 32
 -92.000   34.000  0.00701 45
 -92.000   35.000  0.00663 43
 -92.000   36.000  0.00464 38
 -92.000   37.000  0.00600 37
 -92.000   38.000  0.00349 28
 -92.000   39.000  0.00515 73
 -92.000   40.000  0.01052 42
 -92.000   41.000  0.01005 31
 -92.000   42.000  0.01134 58
 -92.000   43.000  0.01594 51
 -92.000   44.000  0.01947 54
 -92.000   45.000  0.01645 48
 -92.000   46.000  0.01498 34
 -92.000   47.000  0.00860 18
 -92.000   48.000  0.01187 11
 -92.000   49.000  0.00811 10
 -92.000   50.000  0.00621 2
 -91.000   25.000  0.00000 0
 -91.000   26.000 -0.01226 0
 -91.000   27.000 -0.00794 0
 -91.000   28.000 -0.01003 2
 -91.000   29.000 -0.00680 10
 -91.000   30.000 -0.00314 14
 -91.000   31.000  0.00899 18
 -91.000   32.000  0.00808 24
 -91.000   33.000  0.01146 37
 -91.000   34.000  0.00888 34
 -91.000   35.000  0.00623 45
 -91.000   36.000  0.00551 41
 -91.000   37.000  0.00555 47
 -91.000   38.000  0.00527 31
 -91.000   39.000  0.00752 56
 -91.000   40.000  0.01282 36
 -91.000   41.000  0.01304 43
 -91.000   42.000  0.01461 22
 -91.000   43.000  0.01890 40
 -91.000   44.000  0.02108 43
 -91.000   45.000  0.01741 38
 -91.000   46.000  0.01962 37
 -91.000   47.000  0.00927 16
 -91.000   48.000  0.00879 8
 -91.000   49.000  0.00462 10
 -91.000   50.000  0.00177 0
 -90.000   25.000  0.00000 0
 -90.000   26.000 -0.01138 0
 -90.000   27.000 -0.01124 0
 -90.000   28.000 -0.00821 5
 -90.000   29.000 -0.00710 10
 -90.000   30.000  0.00087 19
 -90.000   31.000  0.01110 8
 -90.000   32.000  0.01813 22
 -90.000   33.000  0.01665 25
 -90.000   34.000  0.01693 38
 -90.000   35.000  0.01063 51
 -90.000   36.000  0.01035 52
 -90.000   37.000  0.00422 28
 -90.000   38.000  0.00460 50
 -90.000   39.000  0.00757 67
 -90.000   40.000  0.00879 55
 -90.000   41.000  0.01172 52
 -90.000   42.000  0.01672 40
 -90.000   43.000  0.02076 25
 -90.000   44.000  0.02073 44
 -90.000   45.000  0.02135 31
 -90.000   46.000  0.02416 21
 -90.000   47.000  0.01224 29
 -90.000   48.000  0.01108 22
 -90.000   49.000  0.00844 1
 -90.000   50.000  0.00539 2
 -89.000   25.000  0.00000 0
 -89.000   26.000 -0.00592 0
 -89.000   27.000 -0.01146 0
 -89.000   28.000 -0.00645 4
 -89.000   29.000 -0.00816 8
 -89.000   30.000 -0.00004 10
 -89.000   31.000  0.00586 12
 -89.000   32.000  0.01815 27
 -89.000   33.000  0.01529 16
 -89.000   34.000  0.01757 48
 -89.000   35.000  0.01153 47
 -89.000   36.000  0.01105 64
 -89.000   37.000  0.00511 103
 -89.000   38.000  0.00551 57
 -89.000   39.000  0.00951 90
 -89.000   40.000  0.01181 46
 -89.000   41.000  0.01526 33
 -89.000   42.000  0.01865 45
 -89.000   43.000  0.02112 38
 -89.000   44.000  0.01939 14
 -89.000   45.000  0.02135 20
 -89.000   46.000  0.02427 24
 -89.000   47.000  0.01379 15
 -89.000   48.000  0.01704 12
 -89.000   49.000  0.01774 3
 -89.000   50.000  0.01309 1
 -88.000   25.000  0.00000 0
 -88.000   26.000 -0.00268 0
 -88.000   27.000 -0.00888 0
 -88.000   28.000 -0.00625 1
 -88.000   29.000 -0.00820 4
 -88.000   30.000  0.00040 15
 -88.000   31.000  0.00613 21
 -88.000   32.000  0.01883 32
 -88.000   33.000  0.02017 39
 -88.000   34.000  0.02362 41
 -88.000   35.000  0.01646 80
 -88.000   36.000  0.01218 99
 -88.000   37.000  0.00782 79
 -88.000   38.000  0.00677 89
 -88.000   39.000  0.01064 92
 -88.000   40.000  0.01186 32
 -88.000   41.000  0.01481 67
 -88.000   42.000  0.01536 34
 -88.000   43.000  0.01779 30
 -88.000   44.000  0.01581 18
 -88.000   45.000  0.01864 33
 -88.000   46.000  0.02469 11
 -88.000   47.000  0.01997 19
 -88.000   48.000  0.02505 6
 -88.000   49.000  0.02708 0
 -88.000   50.000  0.02694 0
 -87.000   25.000  0.00000 0
 -87.000   26.000  0.00106 0
 -87.000   27.000 -0.00673 0
 -87.000   28.000 -0.00467 3
 -87.000   29.000 -0.00576 11
 -87.000   30.000  0.00343 15
 -87.000   31.000  0.00786 24
 -87.000   32.000  0.02201 41
 -87.000   33.000  0.02379 34
 -87.000   34.000  0.02743 51
 -87.000   35.000  0.02038 52
 -87.000   36.000  0.01237 94
 -87.000   37.000  0.00635 64
 -87.000   38.000  0.00636 108
 -87.000   39.000  0.00795 85
 -87.000   40.000  0.00612 45
 -87.000   41.000  0.01030 24
 -87.000   42.000  0.01368 45
 -87.000   43.000  0.01267 29
 -87.000   44.000  0.00982 23
 -87.000   45.000  0.01805 15
 -87.000   46.000  0.02369 14
 -87.000   47.000  0.02459 15
 -87.000   48.000  0.03361 5
 -87.000   49.000  0.04040 2
 -87.000   50.000  0.03961 3
 -86.000   25.000  0.00000 0
 -86.000   26.000  0.00944 0
 -86.000   27.000 -0.00036 0
 -86.000   28.000  0.00232 7
 -86.000   29.000  0.00248 14
 -86.000   30.000  0.00873 16
 -86.000   31.000  0.00632 32
 -86.000   32.000  0.02022 62
 -86.000   33.000  0.02143 53
 -86.000   34.000  0.02454 43
 -86.000   35.000  0.02012 74
 -86.000   36.000  0.01325 97
 -86.000   37.000  0.00813 75
 -86.000   38.000  0.00827 90
 -86.000   39.000  0.00869 64
 -86.000   40.000  0.00608 55
 -86.000   41.000  0.01037 50
 -86.000   42.000  0.01354 42
 -86.000   43.000  0.01002 30
 -86.000   44.000  0.01199 32
 -86.000   45.000  0.02222 17
 -86.000   46.000  0.02895 23
 -86.000   47.000  0.04025 17
 -86.000   48.000  0.04742 11
 -86.000   49.000  0.05219 5
 -86.000   50.000  0.05384 3
 -85.000   25.000  0.00180 0
 -85.000   26.000  0.01133 0
 -85.000   27.000 -0.00022 0
 -85.000   28.000  0.00135 11
 -85.000   29.000  0.00292 11
 -85.000   30.000  0.00657 22
 -85.000   31.000  0.00368 34
 -85.000   32.000  0.01680 61
 -85.000   33.000  0.01923 117
 -85.000   34.000  0.01914 38
 -85.000   35.000  0.01560 63
 -85.000   36.000  0.01003 90
 -85.000   37.000  0.00845 111
 -85.000   38.000  0.00650 71
 -85.000   39.000  0.00886 69
 -85.000   40.000  0.00708 44
 -85.000   41.000  0.00955 38
 -85.000   42.000  0.01083 38
 -85.000   43.000  0.01041 46
 -85.000   44.000  0.01687 25
 -85.000   45.000  0.02729 11
 -85.000   46.000  0.03419 12
 -85.000   47.000  0.04907 11
 -85.000   48.000  0.05562 6
 -85.000   49.000  0.05665 6
 -85.000   50.000  0.05915 1
 -84.000   25.000  0.01737 0
 -84.000   26.000  0.02117 0
 -84.000   27.000  0.01046 0
 -84.000   28.000  0.00607 15
 -84.000   29.000  0.01103 26
 -84.000   30.000  0.01334 44
 -84.000   31.000  0.01096 57
 -84.000   32.000  0.01908 72
 -84.000   33.000  0.01667 114
 -84.000   34.000  0.01617 71
 -84.000   35.000  0.01205 102
 -84.000   36.000  0.00887 68
 -84.000   37.000  0.00939 70
 -84.000   38.000  0.00989 69
 -84.000   39.000  0.00871 53
 -84.000   40.000  0.00531 58
 -84.000   41.000  0.00622 57
 -84.000   42.000  0.00789 52
 -84.000   43.000  0.00893 36
 -84.000   44.000  0.01913 36
 -84.000   45.000  0.02934 22
 -84.000   46.000  0.03818 9
 -84.000   47.000  0.04679 11
 -84.000   48.000  0.04782 6
 -84.000   49.000  0.04364 1
 -84.000   50.000  0.04603 3
 -83.000   25.000  0.02117 0
 -83.000   26.000  0.02713 0
 -83.000   27.000  0.00960 5
 -83.000   28.000  0.00596 19
 -83.000   29.000  0.01167 32
 -83.000   30.000  0.01058 45
 -83.000   31.000  0.00446 36
 -83.000   32.000  0.01781 95
 -83.000   33.000  0.01040 103
 -83.000   34.000  0.01049 65
 -83.000   35.000  0.01069 58
 -83.000   36.000  0.01055 43
 -83.000   37.000  0.00941 73
 -83.000   38.000  0.01063 59
 -83.000   39.000  0.00986 74
 -83.000   40.000  0.00580 71
 -83.000   41.000  0.00703 62
 -83.000   42.000  0.01129 46
 -83.000   43.000  0.01284 16
 -83.000   44.000  0.02392 23
 -83.000   45.000  0.03550 10
 -83.000   46.000  0.04498 6
 -83.000   47.000  0.05419 5
 -83.000   48.000  0.05682 6
 -83.000   49.000  0.05351 5
 -83.000   50.000  0.05614 3
 -82.000   25.000  0.03709 6
 -82.000   26.000  0.03492 4
 -82.000   27.000  0.01780 28
 -82.000   28.000  0.01214 32
 -82.000   29.000  0.01683 35
 -82.000   30.000  0.00778 22
 -82.000   31.000  0.00247 26
 -82.000   32.000  0.01172 15
 -82.000   33.000  0.00213 32
 -82.000   34.000  0.00330 25
 -82.000   35.000  0.00481 44
 -82.000   36.000  0.00757 43
 -82.000   37.000  0.00926 78
 -82.000   38.000  0.00973 60
 -82.000   39.000  0.00875 59
 -82.000   40.000  0.00807 76
 -82.000   41.000  0.01108 44
 -82.000   42.000  0.01340 55
 -82.000   43.000  0.02061 33
 -82.000   44.000  0.03348 12
 -82.000   45.000  0.04398 25
 -82.000   46.000  0.05007 10
 -82.000   47.000  0.05993 37
 -82.000   48.000  0.05598 8
 -82.000   49.000  0.05043 2
 -82.000   50.000  0.05074 0
 -81.000   25.000  0.03861 9
 -81.000   26.000  0.03296 5
 -81.000   27.000  0.01968 4
 -81.000   28.000  0.01310 16
 -81.000   29.000  0.01663 10
 -81.000   30.000  0.00729 7
 -81.000   31.000  0.00609 11
 -81.000   32.000  0.01064 19
 -81.000   33.000  0.00176 37
 -81.000   34.000  0.00433 33
 -81.000   35.000  0.00605 66
 -81.000   36.000  0.00872 48
 -81.000   37.000  0.01104 106
 -81.000   38.000  0.01056 76
 -81.000   39.000  0.00893 55
 -81.000   40.000  0.00664 68
 -81.000   41.000  0.00642 46
 -81.000   42.000  0.00824 51
 -81.000   43.000  0.01789 50
 -81.000   44.000  0.02743 21
 -81.000   45.000  0.03559 16
 -81.000   46.000  0.03964 13
 -81.000   47.000  0.04289 10
 -81.000   48.000  0.03923 9
 -81.000   49.000  0.03415 1
 -81.000   50.000  0.03422 1
 -80.000   25.000  0.03681 2
 -80.000   26.000  0.02098 0
 -80.000   27.000  0.01267 1
 -80.000   28.000  0.00526 3
 -80.000   29.000  0.00943 0
 -80.000   30.000  0.00328 4
 -80.000   31.000  0.01207 16
 -80.000   32.000  0.01395 23
 -80.000   33.000  0.00573 26
 -80.000   34.000  0.01057 36
 -80.000   35.000  0.01174 38
 -80.000   36.000  0.01214 56
 -80.000   37.000  0.01411 95
 -80.000   38.000  0.01454 57
 -80.000   39.000  0.00782 92
 -80.000   40.000  0.00478 87
 -80.000   41.000  0.00452 42
 -80.000   42.000  0.00640 41
 -80.000   43.000  0.01574 30
 -80.000   44.000  0.02040 29
 -80.000   45.000  0.02489 11
 -80.000   46.000  0.03034 28
 -80.000   47.000  0.03469 12
 -80.000   48.000  0.03155 13
 -80.000   49.000  0.03337 2
 -80.000   50.000  0.03795 6
 -79.000   25.000  0.02124 0
 -79.000   26.000  0.00870 0
 -79.000   27.000  0.00356 3
 -79.000   28.000  0.00126 4
 -79.000   29.000  0.00266 1
 -79.000   30.000 -0.00070 0
 -79.000   31.000  0.00801 11
 -79.000   32.000  0.00866 18
 -79.000   33.000  0.00581 18
 -79.000   34.000  0.00919 21
 -79.000   35.000  0.01007 34
 -79.000   36.000  0.01034 70
 -79.000   37.000  0.01348 70
 -79.000   38.000  0.01143 38
 -79.000   39.000  0.00927 105
 -79.000   40.000  0.00551 61
 -79.000   41.000  0.00456 53
 -79.000   42.000  0.00612 71
 -79.000   43.000  0.01447 52
 -79.000   44.000  0.01670 29
 -79.000   45.000  0.02008 22
 -79.000   46.000  0.02401 13
 -79.000   47.000  0.03823 7
 -79.000   48.000  0.03678 17
 -79.000   49.000  0.04184 14
 -79.000   50.000  0.05012 3
 -78.000   25.000  0.01745 0
 -78.000   26.000  0.00617 0
 -78.000   27.000  0.00711 0
 -78.000   28.000  0.00425 1
 -78.000   29.000  0.00498 0
 -78.000   30.000  0.00270 0
 -78.000   31.000  0.01070 5
 -78.000   32.000  0.00677 7
 -78.000   33.000  0.00824 14
 -78.000   34.000  0.01264 19
 -78.000   35.000  0.01344 34
 -78.000   36.000  0.01410 46
 -78.000   37.000  0.01679 57
 -78.000   38.000  0.01326 67
 -78.000   39.000  0.00984 64
 -78.000   40.000  0.00481 69
 -78.000   41.000  0.00323 61
 -78.000   42.000  0.00494 55
 -78.000   43.000  0.01361 40
 -78.000   44.000  0.01413 43
 -78.000   45.000  0.01702 15
 -78.000   46.000  0.02044 24
 -78.000   47.000  0.02823 14
 -78.000   48.000  0.02342 10
 -78.000   49.000  0.02649 4
 -78.000   50.000  0.03127 2
 -77.000   25.000  0.00152 0
 -77.000   26.000 -0.00482 0
 -77.000   27.000 -0.00168 0
 -77.000   28.000 -0.00168 0
 -77.000   29.000 -0.00082 0
 -77.000   30.000  0.00319 0
 -77.000   31.000  0.00983 0
 -77.000   32.000  0.00847 3
 -77.000   33.000  0.00779 7
 -77.000   34.000  0.01175 12
 -77.000   35.000  0.01053 33
 -77.000   36.000  0.01159 38
 -77.000   37.000  0.00951 46
 -77.000   38.000  0.00835 32
 -77.000   39.000  0.00672 71
 -77.000   40.000  0.00252 56
 -77.000   41.000 -0.00032 59
 -77.000   42.000  0.00348 61
 -77.000   43.000  0.00990 52
 -77.000   44.000  0.00763 51
 -77.000   45.000  0.00855 45
 -77.000   46.000  0.01213 19
 -77.000   47.000  0.01063 21
 -77.000   48.000  0.00883 14
 -77.000   49.000  0.00989 3
 -77.000   50.000  0.01247 0
 -76.000   25.000  0.00000 0
 -76.000   26.000 -0.00980 0
 -76.000   27.000 -0.00784 0
 -76.000   28.000 -0.00784 0
 -76.000   29.000 -0.00700 0
 -76.000   30.000 -0.00207 0
 -76.000   31.000  0.00702 0
 -76.000   32.000  0.00956 0
 -76.000   33.000  0.00795 11
 -76.000   34.000  0.01109 7
 -76.000   35.000  0.00830 18
 -76.000   36.000  0.00836 12
 -76.000   37.000  0.00461 28
 -76.000   38.000  0.00367 35
 -76.000   39.000  0.00363 60
 -76.000   40.000  0.00350 65
 -76.000   41.000  0.00284 66
 -76.000   42.000  0.00581 108
 -76.000   43.000  0.01012 62
 -76.000   44.000  0.00542 62
 -76.000   45.000  0.00272 35
 -76.000   46.000  0.00644 46
 -76.000   47.000  0.00572 25
 -76.000   48.000  0.00542 13
 -76.000   49.000  0.00773 2
 -76.000   50.000  0.01146 0
 -75.000   25.000  0.00000 0
 -75.000   26.000  0.00000 0
 -75.000   27.000  0.00000 0
 -75.000   28.000  0.00000 0
 -75.000   29.000  0.00000 0
 -75.000   30.000  0.00242 0
 -75.000   31.000  0.00142 0
 -75.000   32.000  0.00361 0
 -75.000   33.000  0.00167 0
 -75.000   34.000  0.00335 5
 -75.000   35.000  0.00964 1
 -75.000   36.000  0.01168 15
 -75.000   37.000  0.00919 33
 -75.000   38.000  0.00777 42
 -75.000   39.000  0.01215 50
 -75.000   40.000  0.00457 40
 -75.000   41.000  0.00481 36
 -75.000   42.000  0.00611 210
 -75.000   43.000  0.00836 75
 -75.000   44.000  0.00420 71
 -75.000   45.000  0.00550 75
 -75.000   46.000  0.00794 40
 -75.000   47.000  0.00418 23
 -75.000   48.000  0.00530 11
 -75.000   49.000  0.00426 2
 -75.000   50.000  0.00162 0
 -74.000   25.000  0.00000 0
 -74.000   26.000  0.00000 0
 -74.000   27.000  0.00000 0
 -74.000   28.000  0.00000 0
 -74.000   29.000  0.00000 0
 -74.000   30.000  0.00000 0
 -74.000   31.000 -0.00024 0
 -74.000   32.000  0.00322 0
 -74.000   33.000  0.00047 0
 -74.000   34.000  0.00317 0
 -74.000   35.000  0.01119 0
 -74.000   36.000  0.00976 3
 -74.000   37.000  0.00597 6
 -74.000   38.000  0.00658 82
 -74.000   39.000  0.01002 118
 -74.000   40.000  0.00272 43
 -74.000   41.000  0.00706 79
 -74.000   42.000  0.00692 104
 -74.000   43.000  0.00838 78
 -74.000   44.000  0.00305 59
 -74.000   45.000  0.00589 55
 -74.000   46.000  0.00853 21
 -74.000   47.000  0.00553 19
 -74.000   48.000  0.00621 13
 -74.000   49.000  0.00675 0
 -74.000   50.000  0.00306 0
 -73.000   25.000  0.00000 0
 -73.000   26.000  0.00000 0
 -73.000   27.000  0.00000 0
 -73.000   28.000  0.00000 0
 -73.000   29.000  0.00000 0
 -73.000   30.000  0.00000 0
 -73.000   31.000  0.00000 0
 -73.000   32.000  0.00181 0
 -73.000   33.000 -0.00151 0
 -73.000   34.000 -0.00113 0
 -73.000   35.000  0.00517 0
 -73.000   36.000  0.00288 0
 -73.000   37.000  0.00093 1
 -73.000   38.000  0.00347 11
 -73.000   39.000  0.00759 55
 -73.000   40.000  0.00258 35
 -73.000   41.000  0.00756 54
 -73.000   42.000  0.00725 74
 -73.000   43.000  0.00815 54
 -73.000   44.000  0.00555 65
 -73.000   45.000  0.00798 66
 -73.000   46.000  0.01044 22
 -73.000   47.000  0.00898 14
 -73.000   48.000  0.00888 12
 -73.000   49.000  0.00871 0
 -73.000   50.000  0.00542 0
 -72.000   25.000  0.00000 0
 -72.000   26.000  0.00000 0
 -72.000   27.000  0.00000 0
 -72.000   28.000  0.00000 0
 -72.000   29.000  0.00000 0
 -72.000   30.000  0.00000 0
 -72.000   31.000  0.00000 0
 -72.000   32.000  0.00000 0
 -72.000   33.000  0.00000 0
 -72.000   34.000 -0.00027 0
 -72.000   35.000  0.00710 0
 -72.000   36.000  0.00487 0
 -72.000   37.000  0.00556 0
 -72.000   38.000  0.00721 3
 -72.000   39.000  0.01015 21
 -72.000   40.000  0.00352 52
 -72.000   41.000  0.00860 26
 -72.000   42.000  0.00901 83
 -72.000   43.000  0.00947 60
 -72.000   44.000  0.01007 48
 -72.000   45.000  0.01455 38
 -72.000   46.000  0.01906 33
 -72.000   47.000  0.02301 19
 -72.000   48.000  0.02090 16
 -72.000   49.000  0.02203 1
 -72.000   50.000  0.02068 0
 -71.000   25.000  0.00000 0
 -71.000   26.000  0.00000 0
 -71.000   27.000  0.00000 0
 -71.000   28.000  0.00000 0
 -71.000   29.000  0.00000 0
 -71.000   30.000  0.00000 0
 -71.000   31.000  0.00000 0
 -71.000   32.000  0.00000 0
 -71.000   33.000  0.00000 0
 -71.000   34.000  0.00000 0
 -71.000   35.000  0.00783 0
 -71.000   36.000  0.00507 0
 -71.000   37.000  0.00561 0
 -71.000   38.000  0.01059 0
 -71.000   39.000  0.01136 29
 -71.000   40.000  0.00234 25
 -71.000   41.000  0.00758 24
 -71.000   42.000  0.00917 49
 -71.000   43.000  0.00944 47
 -71.000   44.000  0.01418 39
 -71.000   45.000  0.02327 31
 -71.000   46.000  0.02893 32
 -71.000   47.000  0.03185 19
 -71.000   48.000  0.02660 18
 -71.000   49.000  0.02635 7
 -71.000   50.000  0.02197 0
 -70.000   25.000  0.00000 0
 -70.000   26.000  0.00000 0
 -70.000   27.000  0.00000 0
 -70.000   28.000  0.00000 0
 -70.000   29.000  0.00000 0
 -70.000   30.000  0.00000 0
 -70.000   31.000  0.00000 0
 -70.000   32.000  0.00000 0
 -70.000   33.000  0.00000 0
 -70.000   34.000  0.00000 0
 -70.000   35.000  0.00000 0
 -70.000   36.000 -0.00218 0
 -70.000   37.000 -0.00186 0
 -70.000   38.000  0.00257 0
 -70.000   39.000 -0.00585 10
 -70.000   40.000 -0.00816 11
 -70.000   41.000 -0.00450 6
 -70.000   42.000 -0.00231 21
 -70.000   43.000 -0.00170 31
 -70.000   44.000  0.01228 37
 -70.000   45.000  0.02287 42
 -70.000   46.000  0.02837 32
 -70.000   47.000  0.03090 26
 -70.000   48.000  0.03589 29
 -70.000   49.000  0.03790 1
 -70.000   50.000  0.03672 0
 -69.000   25.000  0.00000 0
 -69.000   26.000  0.00000 0
 -69.000   27.000  0.00000 0
 -69.000   28.000  0.00000 0
 -69.000   29.000  0.00000 0
 -69.000   30.000  0.00000 0
 -69.000   31.000  0.00000 0
 -69.000   32.000  0.00000 0
 -69.000   33.000  0.00000 0
 -69.000   34.000  0.00000 0
 -69.000   35.000  0.00000 0
 -69.000   36.000  0.00000 0
 -69.000   37.000 -0.00004 0
 -69.000   38.000  0.00360 0
 -69.000   39.000 -0.00577 0
 -69.000   40.000 -0.00815 4
 -69.000   41.000 -0.00790 1
 -69.000   42.000 -0.00438 10
 -69.000   43.000 -0.00329 36
 -69.000   44.000  0.01079 40
 -69.000   45.000  0.02079 34
 -69.000   46.000  0.02443 23
 -69.000   47.000  0.02318 27
 -69.000   48.000  0.02846 27
 -69.000   49.000  0.02968 0
 -69.000   50.000  0.02688 0
 -68.000   25.000  0.00000 0
 -68.000   26.000  0.00000 0
 -68.000   27.000  0.00000 0
 -68.000   28.000  0.00000 0
 -68.000   29.000  0.00000 0
 -68.000   30.000  0.00000 0
 -68.000   31.000  0.00000 0
 -68.000   32.000  0.00000 0
 -68.000   33.000  0.00000 0
 -68.000   34.000  0.00000 0
 -68.000   35.000  0.00000 0
 -68.000   36.000  0.00000 0
 -68.000   37.000 -0.00032 0
 -68.000   38.000  0.00261 0
 -68.000   39.000 -0.00638 0
 -68.000   40.000 -0.00877 2
 -68.000   41.000 -0.00844 1
 -68.000   42.000 -0.00552 10
 -68.000   43.000 -0.00406 28
 -68.000   44.000  0.00798 24
 -68.000   45.000  0.01792 18
 -68.000   46.000  0.02197 31
 -68.000   47.000  0.02064 32
 -68.000   48.000  0.02626 11
 -68.000   49.000  0.02901 0
 -68.000   50.000  0.02611 2
 -67.000   25.000  0.00000 0
 -67.000   26.000  0.00000 0
 -67.000   27.000  0.00000 0
 -67.000   28.000  0.00000 0
 -67.000   29.000  0.00000 0
 -67.000   30.000  0.00000 0
 -67.000   31.000  0.00000 0
 -67.000   32.000  0.00000 0
 -67.000   33.000  0.00000 0
 -67.000   34.000  0.00000 0
 -67.000   35.000  0.00000 0
 -67.000   36.000  0.00000 0
 -67.000   37.000  0.00000 0
 -67.000   38.000  0.00074 0
 -67.000   39.000 -0.00772 0
 -67.000   40.000 -0.00953 0
 -67.000   41.000 -0.01434 0
 -67.000   42.000 -0.01445 0
 -67.000   43.000 -0.01276 19
 -67.000   44.000 -0.00069 8
 -67.000   45.000  0.00634 10
 -67.000   46.000  0.01590 16
 -67.000   47.000  0.01601 30
 -67.000   48.000  0.02510 7
 -67.000   49.000  0.02687 0
 -67.000   50.000  0.02713 0
 -66.000   25.000  0.00000 0
 -66.000   26.000  0.00000 0
 -66.000   27.000  0.00000 0
 -66.000   28.000  0.00000 0
 -66.000   29.000  0.00000 0
 -66.000   30.000  0.00000 0
 -66.000   31.000  0.00000 0
 -66.000   32.000  0.00000 0
 -66.000   33.000  0.00000 0
 -66.000   34.000  0.00000 0
 -66.000   35.000  0.00000 0
 -66.000   36.000  0.00000 0
 -66.000   37.000  0.00000 0
 -66.000   38.000 -0.00203 0
 -66.000   39.000 -0.01159 0
 -66.000   40.000 -0.01309 0
 -66.000   41.000 -0.01875 0
 -66.000   42.000 -0.01972 0
 -66.000   43.000 -0.01716 1
 -66.000   44.000 -0.00440 6
 -66.000   45.000  0.00263 7
 -66.000   46.000  0.01151 12
 -66.000   47.000  0.01248 9
 -66.000   48.000  0.02637 7
 -66.000   49.000  0.02896 0
 -66.000   50.000  0.02940 0
 -65.000   25.000  0.00000 0
 -65.000   26.000  0.00000 0
 -65.000   27.000  0.00000 0
 -65.000   28.000  0.00000 0
 -65.000   29.000  0.00000 0
 -65.000   30.000  0.00000 0
 -65.000   31.000  0.00000 0
 -65.000   32.000  0.00000 0
 -65.000   33.000  0.00000 0
 -65.000   34.000  0.00000 0
 -65.000   35.000  0.00000 0
 -65.000   36.000  0.00000 0
 -65.000   37.000  0.00000 0
 -65.000   38.000  0.00000 0
 -65.000   39.000  0.00000 0
 -65.000   40.000  0.00000 0
 -65.000   41.000 -0.00614 0
 -65.000   42.000 -0.00773 0
 -65.000   43.000 -0.00695 1
 -65.000   44.000 -0.00527 2
 -65.000   45.000 -0.00156 0
 -65.000   46.000  0.00819 5
 -65.000   47.000  0.00978 2
 -65.000   48.000  0.01154 4
 -65.000   49.000  0.01232 0
 -65.000   50.000  0.01025 1
