-130.000   25.000  0.00000 0
-130.000   26.000  0.00000 0
-130.000   27.000  0.00000 0
-130.000   28.000  0.00000 0
-130.000   29.000  0.00000 0
-130.000   30.000  0.00000 0
-130.000   31.000  0.00000 0
-130.000   32.000  0.00000 0
-130.000   33.000  0.00000 0
-130.000   34.000  0.00000 0
-130.000   35.000  0.00000 0
-130.000   36.000  0.00000 0
-130.000   37.000  0.00000 0
-130.000   38.000  0.00000 0
-130.000   39.000  0.00000 0
-130.000   40.000  0.00000 0
-130.000   41.000 -0.00645 0
-130.000   42.000 -0.00645 0
-130.000   43.000 -0.00645 0
-130.000   44.000 -0.00645 0
-130.000   45.000 -0.00834 0
-130.000   46.000  0.00016 0
-130.000   47.000 -0.00210 0
-130.000   48.000  0.00950 6
-130.000   49.000  0.01188 4
-130.000   50.000  0.01899 0
-129.000   25.000  0.00000 0
-129.000   26.000  0.00000 0
-129.000   27.000  0.00000 0
-129.000   28.000  0.00000 0
-129.000   29.000  0.00000 0
-129.000   30.000  0.00000 0
-129.000   31.000  0.00000 0
-129.000   32.000  0.00000 0
-129.000   33.000  0.00000 0
-129.000   34.000  0.00000 0
-129.000   35.000  0.00000 0
-129.000   36.000 -0.00407 0
-129.000   37.000 -0.00290 0
-129.000   38.000 -0.00464 0
-129.000   39.000 -0.00605 0
-129.000   40.000 -0.00605 0
-129.000   41.000 -0.00578 0
-129.000   42.000 -0.00601 0
-129.000   43.000 -0.00358 0
-129.000   44.000 -0.00179 0
-129.000   45.000 -0.00184 0
-129.000   46.000  0.00515 0
-129.000   47.000  0.00462 0
-129.000   48.000  0.01386 5
-129.000   49.000  0.01685 0
-129.000   50.000  0.02256 4
-128.000   25.000  0.00000 0
-128.000   26.000  0.00000 0
-128.000   27.000  0.00000 0
-128.000   28.000  0.00000 0
-128.000   29.000  0.00000 0
-128.000   30.000  0.00000 0
-128.000   31.000  0.00000 0
-128.000   32.000  0.00000 0
-128.000   33.000  0.00000 0
-128.000   34.000  0.00193 0
-128.000   35.000  0.00147 0
-128.000   36.000 -0.00235 0
-128.000   37.000 -0.00179 0
-128.000   38.000 -0.00567 0
-128.000   39.000 -0.00806 0
-128.000   40.000 -0.00745 0
-128.000   41.000 -0.00538 0
-128.000   42.000 -0.00414 0
-128.000   43.000 -0.00023 1
-128.000   44.000  0.00082 0
-128.000   45.000  0.00044 0
-128.000   46.000  0.00447 0
-128.000   47.000  0.00401 7
-128.000   48.000  0.01110 2
-128.000   49.000  0.01314 7
-128.000   50.000  0.01791 6
-127.000   25.000  0.00000 0
-127.000   26.000  0.00000 0
-127.000   27.000  0.00000 0
-127.000   28.000  0.00000 0
-127.000   29.000  0.00000 0
-127.000   30.000  0.00000 0
-127.000   31.000  0.00000 0
-127.000   32.000  0.00000 0
-127.000   33.000  0.01090 0
-127.000   34.000  0.01256 0
-127.000   35.000  0.01247 0
-127.000   36.000  0.00783 0
-127.000   37.000  0.00780 0
-127.000   38.000 -0.00749 1
-127.000   39.000 -0.00808 4
-127.000   40.000 -0.00694 6
-127.000   41.000 -0.00431 32
-127.000   42.000 -0.00319 34
-127.000   43.000  0.00113 41
-127.000   44.000  0.00012 36
-127.000   45.000 -0.00187 52
-127.000   46.000  0.00003 50
-127.000   47.000  0.00084 66
-127.000   48.000  0.00929 57
-127.000   49.000  0.01155 46
-127.000   50.000  0.01696 17
-126.000   25.000  0.00000 0
-126.000   26.000  0.00000 0
-126.000   27.000  0.00000 0
-126.000   28.000  0.00000 0
-126.000   29.000  0.00000 0
-126.000   30.000  0.00000 0
-126.000   31.000  0.00000 0
-126.000   32.000  0.00062 0
-126.000   33.000  0.01218 0
-126.000   34.000  0.01494 0
-126.000   35.000  0.01338 0
-126.000   36.000  0.00713 9
-126.000   37.000  0.00594 9
-126.000   38.000 -0.00920 11
-126.000   39.000 -0.01128 29
-126.000   40.000 -0.00689 47
-126.000   41.000 -0.00278 78
-126.000   42.000 -0.00248 106
-126.000   43.000  0.00113 107
-126.000   44.000  0.00092 84
-126.000   45.000 -0.00314 92
-126.000   46.000 -0.00122 133
-126.000   47.000 -0.00081 110
-126.000   48.000  0.00208 111
-126.000   49.000  0.00201 55
-126.000   50.000  0.00473 30
-125.000   25.000  0.00000 0
-125.000   26.000  0.00000 0
-125.000   27.000  0.00000 0
-125.000   28.000  0.00000 0
-125.000   29.000  0.00000 0
-125.000   30.000  0.00000 0
-125.000   31.000 -0.00010 0
-125.000   32.000  0.00094 0
-125.000   33.000  0.01311 0
-125.000   34.000  0.01531 0
-125.000   35.000  0.01342 2
-125.000   36.000  0.00677 22
-125.000   37.000  0.00522 15
-125.000   38.000 -0.00899 42
-125.000   39.000 -0.01050 77
-125.000   40.000 -0.00543 72
-125.000   41.000  0.00256 76
-125.000   42.000  0.00166 87
-125.000   43.000  0.00497 80
-125.000   44.000  0.00393 63
-125.000   45.000  0.00008 79
-125.000   46.000 -0.00029 125
-125.000   47.000  0.00060 116
-125.000   48.000  0.00101 76
-125.000   49.000  0.00171 80
-125.000   50.000  0.00338 37
-124.000   25.000  0.00000 0
-124.000   26.000  0.00000 0
-124.000   27.000  0.00000 0
-124.000   28.000  0.00000 0
-124.000   29.000 -0.00033 0
-124.000   30.000 -0.00084 0
-124.000   31.000 -0.00160 0
-124.000   32.000 -0.00094 0
-124.000   33.000  0.01129 0
-124.000   34.000  0.01352 6
-124.000   35.000  0.01233 25
-124.000   36.000  0.00992 23
-124.000   37.000  0.00864 35
-124.000   38.000 -0.00477 69
-124.000   39.000 -0.00457 66
-124.000   40.000  0.00128 60
-124.000   41.000  0.00468 61
-124.000   42.000  0.00246 59
-124.000   43.000  0.00451 61
-124.000   44.000  0.00338 55
-124.000   45.000 -0.00304 95
-124.000   46.000 -0.00506 59
-124.000   47.000 -0.00422 58
-124.000   48.000 -0.00315 53
-124.000   49.000 -0.00517 48
-124.000   50.000 -0.00310 8
-123.000   25.000  0.00000 0
-123.000   26.000  0.00000 0
-123.000   27.000  0.00000 0
-123.000   28.000  0.00000 0
-123.000   29.000 -0.00461 0
-123.000   30.000 -0.00531 0
-123.000   31.000 -0.00541 0
-123.000   32.000 -0.00470 0
-123.000   33.000  0.00760 9
-123.000   34.000  0.01145 21
-123.000   35.000  0.01110 24
-123.000   36.000  0.00845 66
-123.000   37.000  0.00958 75
-123.000   38.000 -0.00114 76
-123.000   39.000  0.00170 82
-123.000   40.000  0.00720 52
-123.000   41.000  0.00792 43
-123.000   42.000  0.00298 57
-123.000   43.000  0.00334 31
-123.000   44.000  0.00214 29
-123.000   45.000 -0.00431 48
-123.000   46.000 -0.00376 37
-123.000   47.000 -0.00357 42
-123.000   48.000  0.00075 49
-123.000   49.000 -0.00016 24
-123.000   50.000  0.00312 26
-122.000   25.000  0.00000 0
-122.000   26.000  0.00000 0
-122.000   27.000  0.00000 0
-122.000   28.000  0.00000 0
-122.000   29.000 -0.00410 0
-122.000   30.000 -0.00467 0
-122.000   31.000 -0.00440 8
-122.000   32.000 -0.00388 22
-122.000   33.000 -0.00252 49
-122.000   34.000  0.00087 58
-122.000   35.000 -0.00039 81
-122.000   36.000 -0.00166 126
-122.000   37.000  0.00127 102
-122.000   38.000  0.00390 69
-122.000   39.000  0.00492 44
-122.000   40.000  0.01130 56
-122.000   41.000  0.01070 92
-122.000   42.000  0.00496 78
-122.000   43.000  0.00210 79
-122.000   44.000  0.00359 45
-122.000   45.000 -0.00194 110
-122.000   46.000 -0.00103 114
-122.000   47.000 -0.00067 74
-122.000   48.000  0.00492 55
-122.000   49.000  0.00389 39
-122.000   50.000  0.00683 18
-121.000   25.000  0.00000 0
-121.000   26.000  0.00000 0
-121.000   27.000  0.00000 0
-121.000   28.000 -0.00350 0
-121.000   29.000 -0.00803 0
-121.000   30.000 -0.00854 0
-121.000   31.000 -0.00663 2
-121.000   32.000 -0.00746 73
-121.000   33.000 -0.00252 116
-121.000   34.000  0.00061 109
-121.000   35.000  0.00193 221
-121.000   36.000  0.00108 202
-121.000   37.000  0.00597 101
-121.000   38.000  0.00835 118
-121.000   39.000  0.01038 129
-121.000   40.000  0.01285 78
-121.000   41.000  0.01031 99
-121.000   42.000  0.00419 114
-121.000   43.000  0.00171 135
-121.000   44.000  0.00359 107
-121.000   45.000  0.00051 131
-121.000   46.000  0.00075 154
-121.000   47.000  0.00405 81
-121.000   48.000  0.01148 67
-121.000   49.000  0.01121 20
-121.000   50.000  0.01462 17
-120.000   25.000  0.00000 0
-120.000   26.000  0.00000 0
-120.000   27.000  0.00000 0
-120.000   28.000 -0.00351 0
-120.000   29.000 -0.00838 0
-120.000   30.000 -0.00916 0
-120.000   31.000 -0.00791 43
-120.000   32.000 -0.00959 107
-120.000   33.000 -0.00418 99
-120.000   34.000 -0.00078 124
-120.000   35.000  0.00197 246
-120.000   36.000  0.00293 209
-120.000   37.000  0.01066 122
-120.000   38.000  0.00962 97
-120.000   39.000  0.01149 85
-120.000   40.000  0.01353 65
-120.000   41.000  0.01100 87
-120.000   42.000  0.00407 87
-120.000   43.000  0.00321 93
-120.000   44.000  0.00584 103
-120.000   45.000  0.00362 150
-120.000   46.000  0.00444 181
-120.000   47.000  0.00851 113
-120.000   48.000  0.01634 32
-120.000   49.000  0.01664 26
-120.000   50.000  0.01919 9
-119.000   25.000  0.00000 0
-119.000   26.000  0.00000 0
-119.000   27.000  0.00427 0
-119.000   28.000  0.00047 0
-119.000   29.000 -0.00385 0
-119.000   30.000 -0.00435 2
-119.000   31.000 -0.00241 75
-119.000   32.000 -0.00743 208
-119.000   33.000 -0.00099 166
-119.000   34.000  0.00302 250
-119.000   35.000  0.00664 335
-119.000   36.000  0.00741 148
-119.000   37.000  0.01150 94
-119.000   38.000  0.01029 91
-119.000   39.000  0.00983 65
-119.000   40.000  0.00913 41
-119.000   41.000  0.00585 64
-119.000   42.000  0.00185 113
-119.000   43.000  0.00239 76
-119.000   44.000  0.00555 80
-119.000   45.000  0.00721 104
-119.000   46.000  0.01065 113
-119.000   47.000  0.01430 52
-119.000   48.000  0.01956 25
-119.000   49.000  0.02145 24
-119.000   50.000  0.02180 12
-118.000   25.000  0.00000 0
-118.000   26.000  0.00000 0
-118.000   27.000  0.00323 0
-118.000   28.000 -0.00102 0
-118.000   29.000 -0.00174 0
-118.000   30.000 -0.00224 13
-118.000   31.000 -0.00078 103
-118.000   32.000 -0.00464 178
-118.000   33.000  0.00351 108
-118.000   34.000  0.00567 192
-118.000   35.000  0.01024 109
-118.000   36.000  0.01082 120
-118.000   37.000  0.01134 90
-118.000   38.000  0.00702 65
-118.000   39.000  0.00341 115
-118.000   40.000  0.00129 80
-118.000   41.000 -0.00017 69
-118.000   42.000 -0.00258 313
-118.000   43.000 -0.00050 62
-118.000   44.000  0.00385 52
-118.000   45.000  0.00735 55
-118.000   46.000  0.01223 91
-118.000   47.000  0.01702 52
-118.000   48.000  0.01798 24
-118.000   49.000  0.01975 11
-118.000   50.000  0.01725 19
-117.000   25.000  0.00000 0
-117.000   26.000  0.00000 0
-117.000   27.000  0.00323 0
-117.000   28.000 -0.00224 0
-117.000   29.000 -0.00335 3
-117.000   30.000 -0.00512 46
-117.000   31.000 -0.00373 193
-117.000   32.000 -0.00722 224
-117.000   33.000  0.00389 152
-117.000   34.000  0.00606 198
-117.000   35.000  0.01305 164
-117.000   36.000  0.01134 156
-117.000   37.000  0.01188 82
-117.000   38.000  0.00485 55
-117.000   39.000  0.00389 55
-117.000   40.000  0.00246 54
-117.000   41.000  0.00600 47
-117.000   42.000  0.00509 93
-117.000   43.000  0.01017 85
-117.000   44.000  0.01213 59
-117.000   45.000  0.01323 84
-117.000   46.000  0.01565 88
-117.000   47.000  0.01810 45
-117.000   48.000  0.01648 33
-117.000   49.000  0.01803 22
-117.000   50.000  0.01589 10
-116.000   25.000  0.00000 0
-116.000   26.000  0.00000 0
-116.000   27.000  0.00433 0
-116.000   28.000  0.00132 0
-116.000   29.000  0.00103 2
-116.000   30.000 -0.00130 40
-116.000   31.000 -0.00181 168
-116.000   32.000 -0.00527 287
-116.000   33.000  0.00263 117
-116.000   34.000  0.00390 140
-116.000   35.000  0.01122 112
-116.000   36.000  0.01215 159
-116.000   37.000  0.01321 74
-116.000   38.000  0.00639 103
-116.000   39.000  0.00519 77
-116.000   40.000  0.00413 38
-116.000   41.000  0.00755 30
-116.000   42.000  0.00719 95
-116.000   43.000  0.01276 56
-116.000   44.000  0.01452 35
-116.000   45.000  0.01406 55
-116.000   46.000  0.01623 73
-116.000   47.000  0.01557 36
-116.000   48.000  0.01027 19
-116.000   49.000  0.01091 17
-116.000   50.000  0.00877 19
-115.000   25.000  0.00000 0
-115.000   26.000  0.00000 0
-115.000   27.000  0.00449 0
-115.000   28.000 -0.00076 0
-115.000   29.000 -0.00174 0
-115.000   30.000 -0.00427 53
-115.000   31.000 -0.00407 362
-115.000   32.000 -0.00772 125
-115.000   33.000  0.00099 153
-115.000   34.000  0.00346 160
-115.000   35.000  0.01100 142
-115.000   36.000  0.01188 97
-115.000   37.000  0.01074 68
-115.000   38.000  0.00825 83
-115.000   39.000  0.00847 70
-115.000   40.000  0.00831 33
-115.000   41.000  0.00989 56
-115.000   42.000  0.01237 77
-115.000   43.000  0.01609 75
-115.000   44.000  0.01635 73
-115.000   45.000  0.01392 43
-115.000   46.000  0.01755 61
-115.000   47.000  0.01674 32
-115.000   48.000  0.01220 14
-115.000   49.000  0.01278 15
-115.000   50.000  0.01301 10
-114.000   25.000  0.00000 0
-114.000   26.000  0.00437 0
-114.000   27.000  0.00386 0
-114.000   28.000  0.00009 0
-114.000   29.000 -0.00136 2
-114.000   30.000 -0.00488 40
-114.000   31.000 -0.00831 220
-114.000   32.000 -0.00755 130
-114.000   33.000 -0.00206 110
-114.000   34.000  0.00107 100
-114.000   35.000  0.00848 62
-114.000   36.000  0.00990 133
-114.000   37.000  0.01248 73
-114.000   38.000  0.01391 194
-114.000   39.000  0.01664 103
-114.000   40.000  0.01899 30
-114.000   41.000  0.02298 56
-114.000   42.000  0.02177 83
-114.000   43.000  0.02209 67
-114.000   44.000  0.01899 48
-114.000   45.000  0.01367 91
-114.000   46.000  0.01374 34
-114.000   47.000  0.01244 24
-114.000   48.000  0.01036 17
-114.000   49.000  0.01132 14
-114.000   50.000  0.01358 11
-113.000   25.000  0.00000 0
-113.000   26.000  0.00437 0
-113.000   27.000  0.00533 0
-113.000   28.000  0.00365 0
-113.000   29.000  0.00196 2
-113.000   30.000 -0.00117 27
-113.000   31.000 -0.00537 109
-113.000   32.000 -0.00656 92
-113.000   33.000 -0.00450 62
-113.000   34.000 -0.00160 50
-113.000   35.000  0.00464 60
-113.000   36.000  0.00749 57
-113.000   37.000  0.01294 53
-113.000   38.000  0.01572 138
-113.000   39.000  0.02092 44
-113.000   40.000  0.02540 46
-113.000   41.000  0.02896 59
-113.000   42.000  0.02698 97
-113.000   43.000  0.02658 51
-113.000   44.000  0.02303 58
-113.000   45.000  0.01692 136
-113.000   46.000  0.01496 51
-113.000   47.000  0.01480 23
-113.000   48.000  0.01808 16
-113.000   49.000  0.01903 17
-113.000   50.000  0.02290 11
-112.000   25.000  0.00000 0
-112.000   26.000  0.00241 0
-112.000   27.000  0.00438 0
-112.000   28.000  0.00596 1
-112.000   29.000  0.00032 5
-112.000   30.000 -0.00138 34
-112.000   31.000 -0.00376 46
-112.000   32.000 -0.00622 63
-112.000   33.000 -0.00941 77
-112.000   34.000 -0.00231 68
-112.000   35.000  0.00368 46
-112.000   36.000  0.00871 81
-112.000   37.000  0.01388 49
-112.000   38.000  0.01932 39
-112.000   39.000  0.02378 33
-112.000   40.000  0.02552 42
-112.000   41.000  0.02426 76
-112.000   42.000  0.02045 70
-112.000   43.000  0.02028 41
-112.000   44.000  0.01854 96
-112.000   45.000  0.01339 67
-112.000   46.000  0.01295 50
-112.000   47.000  0.01548 35
-112.000   48.000  0.02060 11
-112.000   49.000  0.02052 8
-112.000   50.000  0.02588 7
-111.000   25.000  0.00000 0
-111.000   26.000  0.00810 0
-111.000   27.000  0.00441 0
-111.000   28.000  0.00796 0
-111.000   29.000  0.00453 9
-111.000   30.000  0.00405 40
-111.000   31.000 -0.00266 32
-111.000   32.000 -0.00063 50
-111.000   33.000 -0.00507 59
-111.000   34.000  0.00018 68
-111.000   35.000  0.00386 46
-111.000   36.000  0.00663 53
-111.000   37.000  0.01234 51
-111.000   38.000  0.01859 55
-111.000   39.000  0.02442 65
-111.000   40.000  0.02737 38
-111.000   41.000  0.02832 48
-111.000   42.000  0.02417 64
-111.000   43.000  0.02254 43
-111.000   44.000  0.01992 46
-111.000   45.000  0.01537 32
-111.000   46.000  0.01585 49
-111.000   47.000  0.01729 26
-111.000   48.000  0.02467 17
-111.000   49.000  0.02455 14
-111.000   50.000  0.03006 11
-110.000   25.000  0.00000 0
-110.000   26.000  0.00051 0
-110.000   27.000 -0.00028 0
-110.000   28.000  0.00712 2
-110.000   29.000  0.00540 11
-110.000   30.000  0.00557 26
-110.000   31.000  0.00586 31
-110.000   32.000  0.00706 59
-110.000   33.000 -0.00102 73
-110.000   34.000  0.00335 74
-110.000   35.000  0.00590 42
-110.000   36.000  0.00693 42
-110.000   37.000  0.01313 35
-110.000   38.000  0.01826 26
-110.000   39.000  0.02207 54
-110.000   40.000  0.02283 45
-110.000   41.000  0.02555 82
-110.000   42.000  0.01873 49
-110.000   43.000  0.01543 85
-110.000   44.000  0.01383 38
-110.000   45.000  0.01265 35
-110.000   46.000  0.00991 40
-110.000   47.000  0.01206 26
-110.000   48.000  0.02054 17
-110.000   49.000  0.01961 17
-110.000   50.000  0.02231 5
-109.000   25.000  0.00000 0
-109.000   26.000 -0.00386 0
-109.000   27.000 -0.00239 0
-109.000   28.000  0.00573 2
-109.000   29.000  0.00427 7
-109.000   30.000  0.00707 18
-109.000   31.000  0.01235 25
-109.000   32.000  0.01057 32
-109.000   33.000  0.00241 65
-109.000   34.000  0.00631 40
-109.000   35.000  0.00706 90
-109.000   36.000  0.00554 61
-109.000   37.000  0.01221 53
-109.000   38.000  0.01451 29
-109.000   39.000  0.01669 69
-109.000   40.000  0.01718 63
-109.000   41.000  0.01940 141
-109.000   42.000  0.01404 97
-109.000   43.000  0.01195 47
-109.000   44.000  0.01139 63
-109.000   45.000  0.01014 54
-109.000   46.000  0.01066 39
-109.000   47.000  0.01543 20
-109.000   48.000  0.02406 24
-109.000   49.000  0.02500 13
-109.000   50.000  0.02869 6
-108.000   25.000  0.00000 0
-108.000   26.000 -0.00128 0
-108.000   27.000 -0.00310 0
-108.000   28.000  0.00340 1
-108.000   29.000  0.00386 30
-108.000   30.000  0.00854 32
-108.000   31.000  0.01273 39
-108.000   32.000  0.01456 69
-108.000   33.000  0.00860 69
-108.000   34.000  0.01112 48
-108.000   35.000  0.00922 52
-108.000   36.000  0.00852 61
-108.000   37.000  0.01386 54
-108.000   38.000  0.01727 44
-108.000   39.000  0.01807 64
-108.000   40.000  0.01820 88
-108.000   41.000  0.01777 83
-108.000   42.000  0.01454 87
-108.000   43.000  0.01033 55
-108.000   44.000  0.00916 35
-108.000   45.000  0.00718 23
-108.000   46.000  0.00715 43
-108.000   47.000  0.00679 19
-108.000   48.000  0.01218 11
-108.000   49.000  0.01195 13
-108.000   50.000  0.01438 9
-107.000   25.000  0.00748 0
-107.000   26.000  0.00634 0
-107.000   27.000  0.00182 0
-107.000   28.000  0.00794 0
-107.000   29.000  0.01311 20
-107.000   30.000  0.01612 26
-107.000   31.000  0.01928 52
-107.000   32.000  0.02212 64
-107.000   33.000  0.01708 101
-107.000   34.000  0.01649 49
-107.000   35.000  0.00940 80
-107.000   36.000  0.00709 64
-107.000   37.000  0.01147 31
-107.000   38.000  0.01222 63
-107.000   39.000  0.00989 35
-107.000   40.000  0.01141 60
-107.000   41.000  0.01100 50
-107.000   42.000  0.00996 67
-107.000   43.000  0.00653 57
-107.000   44.000  0.00549 55
-107.000   45.000  0.00551 28
-107.000   46.000  0.00652 41
-107.000   47.000  0.00632 17
-107.000   48.000  0.00945 17
-107.000   49.000  0.01029 17
-107.000   50.000  0.01047 19
-106.000   25.000  0.00319 0
-106.000   26.000 -0.00444 0
-106.000   27.000 -0.00191 0
-106.000   28.000  0.00634 30
-106.000   29.000  0.00962 31
-106.000   30.000  0.01468 57
-106.000   31.000  0.02432 90
-106.000   32.000  0.02240 55
-106.000   33.000  0.01481 54
-106.000   34.000  0.01623 64
-106.000   35.000  0.00938 73
-106.000   36.000  0.00741 63
-106.000   37.000  0.00935 49
-106.000   38.000  0.00959 73
-106.000   39.000  0.00716 42
-106.000   40.000  0.00882 37
-106.000   41.000  0.00757 52
-106.000   42.000  0.00904 162
-106.000   43.000  0.00772 41
-106.000   44.000  0.00460 32
-106.000   45.000  0.00592 32
-106.000   46.000  0.00865 29
-106.000   47.000  0.01054 28
-106.000   48.000  0.01133 19
-106.000   49.000  0.01553 22
-106.000   50.000  0.01514 22
-105.000   25.000  0.00608 0
-105.000   26.000  0.00800 0
-105.000   27.000  0.00719 3
-105.000   28.000  0.01450 16
-105.000   29.000  0.01770 21
-105.000   30.000  0.02211 55
-105.000   31.000  0.02258 120
-105.000   32.000  0.02123 56
-105.000   33.000  0.01556 82
-105.000   34.000  0.01584 82
-105.000   35.000  0.00905 131
-105.000   36.000  0.00850 55
-105.000   37.000  0.00870 37
-105.000   38.000  0.00684 68
-105.000   39.000  0.00410 41
-105.000   40.000  0.00656 57
-105.000   41.000  0.00626 39
-105.000   42.000  0.01178 63
-105.000   43.000  0.01319 59
-105.000   44.000  0.00988 39
-105.000   45.000  0.01038 40
-105.000   46.000  0.01221 33
-105.000   47.000  0.01130 41
-105.000   48.000  0.01201 27
-105.000   49.000  0.01742 16
-105.000   50.000  0.01726 19
-104.000   25.000 -0.00415 0
-104.000   26.000  0.00381 8
-104.000   27.000  0.00157 29
-104.000   28.000  0.00777 11
-104.000   29.000  0.01355 38
-104.000   30.000  0.01981 38
-104.000   31.000  0.01571 65
-104.000   32.000  0.01909 55
-104.000   33.000  0.01441 56
-104.000   34.000  0.01449 56
-104.000   35.000  0.00542 74
-104.000   36.000  0.00595 80
-104.000   37.000  0.00137 56
-104.000   38.000  0.00104 51
-104.000   39.000  0.00223 45
-104.000   40.000  0.00637 64
-104.000   41.000  0.00719 29
-104.000   42.000  0.01582 64
-104.000   43.000  0.01671 47
-104.000   44.000  0.01423 37
-104.000   45.000  0.01458 27
-104.000   46.000  0.01460 44
-104.000   47.000  0.00942 32
-104.000   48.000  0.00901 19
-104.000   49.000  0.01028 17
-104.000   50.000  0.00875 14
-103.000   25.000  0.00589 0
-103.000   26.000  0.00941 4
-103.000   27.000  0.00932 11
-103.000   28.000  0.01388 14
-103.000   29.000  0.01569 38
-103.000   30.000  0.01714 51
-103.000   31.000  0.01594 54
-103.000   32.000  0.01576 66
-103.000   33.000  0.01137 41
-103.000   34.000  0.01015 39
-103.000   35.000  0.00358 63
-103.000   36.000 -0.00022 49
-103.000   37.000 -0.00310 25
-103.000   38.000 -0.00232 35
-103.000   39.000  0.00156 30
-103.000   40.000  0.00514 49
-103.000   41.000  0.01094 56
-103.000   42.000  0.01597 34
-103.000   43.000  0.01827 27
-103.000   44.000  0.01549 37
-103.000   45.000  0.01745 45
-103.000   46.000  0.01817 37
-103.000   47.000  0.01805 26
-103.000   48.000  0.01726 17
-103.000   49.000  0.01985 17
-103.000   50.000  0.01935 21
-102.000   25.000 -0.00487 0
-102.000   26.000  0.00233 9
-102.000   27.000  0.00364 29
-102.000   28.000  0.00823 22
-102.000   29.000  0.01418 72
-102.000   30.000  0.01193 70
-102.000   31.000  0.01043 84
-102.000   32.000  0.01138 73
-102.000   33.000  0.00931 46
-102.000   34.000  0.00762 53
-102.000   35.000  0.00554 54
-102.000   36.000  0.00101 36
-102.000   37.000 -0.00342 31
-102.000   38.000 -0.00285 42
-102.000   39.000  0.00302 32
-102.000   40.000  0.00639 57
-102.000   41.000  0.01343 40
-102.000   42.000  0.01887 65
-102.000   43.000  0.01852 28
-102.000   44.000  0.01505 48
-102.000   45.000  0.01619 45
-102.000   46.000  0.02090 30
-102.000   47.000  0.02103 27
-102.000   48.000  0.02430 25
-102.000   49.000  0.02846 26
-102.000   50.000  0.03156 21
-101.000   25.000 -0.00001 0
-101.000   26.000  0.00625 2
-101.000   27.000  0.00447 24
-101.000   28.000  0.00845 36
-101.000   29.000  0.01219 81
-101.000   30.000  0.00914 89
-101.000   31.000  0.00813 95
-101.000   32.000  0.01153 79
-101.000   33.000  0.01351 64
-101.000   34.000  0.01148 79
-101.000   35.000  0.00762 43
-101.000   36.000  0.00350 82
-101.000   37.000 -0.00235 54
-101.000   38.000 -0.00131 78
-101.000   39.000  0.00391 27
-101.000   40.000  0.00649 66
-101.000   41.000  0.01339 39
-101.000   42.000  0.01984 37
-101.000   43.000  0.01684 55
-101.000   44.000  0.01582 48
-101.000   45.000  0.01632 38
-101.000   46.000  0.01817 63
-101.000   47.000  0.01703 40
-101.000   48.000  0.02246 19
-101.000   49.000  0.02301 19
-101.000   50.000  0.02639 26
-100.000   25.000  0.00376 2
-100.000   26.000  0.00698 11
-100.000   27.000  0.00392 19
-100.000   28.000  0.01003 33
-100.000   29.000  0.00746 49
-100.000   30.000  0.00547 53
-100.000   31.000  0.00643 79
-100.000   32.000  0.01149 62
-100.000   33.000  0.01232 67
-100.000   34.000  0.01110 49
-100.000   35.000  0.00738 47
-100.000   36.000  0.00350 63
-100.000   37.000 -0.00133 34
-100.000   38.000  0.00140 50
-100.000   39.000  0.00764 28
-100.000   40.000  0.01054 59
-100.000   41.000  0.01582 29
-100.000   42.000  0.02014 42
-100.000   43.000  0.01649 44
-100.000   44.000  0.01665 33
-100.000   45.000  0.01674 47
-100.000   46.000  0.02046 33
-100.000   47.000  0.02198 29
-100.000   48.000  0.02734 14
-100.000   49.000  0.02690 18
-100.000   50.000  0.03151 16
 -99.000   25.000  0.02394 14
 -99.000   26.000  0.01967 7
 -99.000   27.000  0.01308 37
 -99.000   28.000  0.01350 50
 -99.000   29.000  0.00528 44
 -99.000   30.000  0.00116 36
 -99.000   31.000  0.00379 47
 -99.000   32.000  0.00714 73
 -99.000   33.000  0.01333 60
 -99.000   34.000  0.01028 61
 -99.000   35.000  0.00879 35
 -99.000   36.000  0.00662 66
 -99.000   37.000  0.00449 40
 -99.000   38.000  0.00541 55
 -99.000   39.000  0.00814 37
 -99.000   40.000  0.01032 48
 -99.000   41.000  0.01390 30
 -99.000   42.000  0.01827 37
 -99.000   43.000  0.01625 40
 -99.000   44.000  0.01654 32
 -99.000   45.000  0.01648 48
 -99.000   46.000  0.02049 35
 -99.000   47.000  0.02333 30
 -99.000   48.000  0.02398 11
 -99.000   49.000  0.02496 16
 -99.000   50.000  0.02808 21
 -98.000   25.000  0.01040 23
 -98.000   26.000  0.01000 15
 -98.000   27.000  0.00720 31
 -98.000   28.000  0.00800 40
 -98.000   29.000  0.00353 43
 -98.000   30.000  0.00729 55
 -98.000   31.000  0.00758 57
 -98.000   32.000  0.01049 56
 -98.000   33.000  0.01866 25
 -98.000   34.000  0.01588 60
 -98.000   35.000  0.01120 56
 -98.000   36.000  0.01216 82
 -98.000   37.000  0.00611 41
 -98.000   38.000  0.00523 75
 -98.000   39.000  0.00611 28
 -98.000   40.000  0.00994 54
 -98.000   41.000  0.01208 40
 -98.000   42.000  0.02034 45
 -98.000   43.000  0.01945 52
 -98.000   44.000  0.01977 45
 -98.000   45.000  0.01824 59
 -98.000   46.000  0.02182 35
 -98.000   47.000  0.02087 42
 -98.000   48.000  0.01731 13
 -98.000   49.000  0.01692 16
 -98.000   50.000  0.01877 26
 -97.000   25.000  0.03151 21
 -97.000   26.000  0.02058 26
 -97.000   27.000  0.01675 13
 -97.000   28.000  0.01860 34
 -97.000   29.000  0.00309 20
 -97.000   30.000  0.00730 18
 -97.000   31.000  0.00700 49
 -97.000   32.000  0.00847 79
 -97.000   33.000  0.01317 61
 -97.000   34.000  0.01026 62
 -97.000   35.000  0.00430 48
 -97.000   36.000  0.01133 85
 -97.000   37.000  0.00640 71
 -97.000   38.000  0.00682 65
 -97.000   39.000  0.00705 56
 -97.000   40.000  0.01109 46
 -97.000   41.000  0.01253 30
 -97.000   42.000  0.02117 33
 -97.000   43.000  0.02338 39
 -97.000   44.000  0.02525 26
 -97.000   45.000  0.02625 46
 -97.000   46.000  0.02500 38
 -97.000   47.000  0.02021 44
 -97.000   48.000  0.00458 25
 -97.000   49.000 -0.00032 13
 -97.000   50.000 -0.00721 11
 -96.000   25.000  0.02756 0
 -96.000   26.000  0.02006 13
 -96.000   27.000  0.01490 27
 -96.000   28.000  0.01322 43
 -96.000   29.000 -0.00128 26
 -96.000   30.000  0.00496 36
 -96.000   31.000  0.00077 13
 -96.000   32.000  0.00496 38
 -96.000   33.000  0.01168 50
 -96.000   34.000  0.01114 56
 -96.000   35.000  0.00693 31
 -96.000   36.000  0.01628 47
 -96.000   37.000  0.01228 37
 -96.000   38.000  0.00913 60
 -96.000   39.000  0.00793 48
 -96.000   40.000  0.01073 36
 -96.000   41.000  0.01030 36
 -96.000   42.000  0.01629 35
 -96.000   43.000  0.02125 34
 -96.000   44.000  0.02422 28
 -96.000   45.000  0.02533 39
 -96.000   46.000  0.02555 33
 -96.000   47.000  0.02075 33
 -96.000   48.000  0.00416 10
 -96.000   49.000 -0.00090 13
 -96.000   50.000 -0.00831 17
 -95.000   25.000  0.02814 0
 -95.000   26.000  0.02042 4
 -95.000   27.000  0.01517 17
 -95.000   28.000  0.01477 21
 -95.000   29.000  0.00622 23
 -95.000   30.000  0.00921 24
 -95.000   31.000  0.00513 22
 -95.000   32.000  0.00840 37
 -95.000   33.000  0.01113 63
 -95.000   34.000  0.01307 56
 -95.000   35.000  0.00633 43
 -95.000   36.000  0.01631 71
 -95.000   37.000  0.01320 38
 -95.000   38.000  0.01218 56
 -95.000   39.000  0.00861 44
 -95.000   40.000  0.01292 49
 -95.000   41.000  0.01108 42
 -95.000   42.000  0.01652 34
 -95.000   43.000  0.02050 55
 -95.000   44.000  0.02381 36
 -95.000   45.000  0.02501 45
 -95.000   46.000  0.02412 51
 -95.000   47.000  0.02002 50
 -95.000   48.000 -0.00230 29
 -95.000   49.000 -0.00954 22
 -95.000   50.000 -0.02051 2
 -94.000   25.000  0.00776 0
 -94.000   26.000  0.00376 0
 -94.000   27.000  0.00348 14
 -94.000   28.000  0.01044 35
 -94.000   29.000  0.00571 25
 -94.000   30.000  0.01452 26
 -94.000   31.000  0.01224 13
 -94.000   32.000  0.01606 47
 -94.000   33.000  0.01269 42
 -94.000   34.000  0.01731 32
 -94.000   35.000  0.01125 30
 -94.000   36.000  0.02025 58
 -94.000   37.000  0.01744 41
 -94.000   38.000  0.01786 51
 -94.000   39.000  0.01372 41
 -94.000   40.000  0.01645 48
 -94.000   41.000  0.01425 66
 -94.000   42.000  0.01604 46
 -94.000   43.000  0.01821 27
 -94.000   44.000  0.02010 25
 -94.000   45.000  0.02163 36
 -94.000   46.000  0.01924 31
 -94.000   47.000  0.01459 39
 -94.000   48.000 -0.00300 49
 -94.000   49.000 -0.01022 27
 -94.000   50.000 -0.02050 11
 -93.000   25.000  0.01783 0
 -93.000   26.000  0.01279 0
 -93.000   27.000  0.00645 2
 -93.000   28.000  0.01511 19
 -93.000   29.000  0.00889 19
 -93.000   30.000  0.00980 21
 -93.000   31.000  0.00770 18
 -93.000   32.000  0.01496 31
 -93.000   33.000  0.01078 30
 -93.000   34.000  0.01790 55
 -93.000   35.000  0.01375 31
 -93.000   36.000  0.02338 28
 -93.000   37.000  0.02231 36
 -93.000   38.000  0.02203 39
 -93.000   39.000  0.01815 46
 -93.000   40.000  0.02139 39
 -93.000   41.000  0.01556 39
 -93.000   42.000  0.01491 28
 -93.000   43.000  0.01620 40
 -93.000   44.000  0.01794 26
 -93.000   45.000  0.01609 34
 -93.000   46.000  0.01293 33
 -93.000   47.000  0.01119 21
 -93.000   48.000  0.00659 16
 -93.000   49.000  0.00166 22
 -93.000   50.000 -0.00170 2
 -92.000   25.000  0.00000 0
 -92.000   26.000  0.00857 0
 -92.000   27.000  0.00115 1
 -92.000   28.000  0.00916 6
 -92.000   29.000  0.00852 12
 -92.000   30.000  0.01397 18
 -92.000   31.000  0.00820 24
 -92.000   32.000  0.01789 29
 -92.000   33.000  0.01516 49
 -92.000   34.000  0.02424 34
 -92.000   35.000  0.02143 44
 -92.000   36.000  0.02678 45
 -92.000   37.000  0.02631 28
 -92.000   38.000  0.02673 43
 -92.000   39.000  0.02168 52
 -92.000   40.000  0.02420 49
 -92.000   41.000  0.01782 50
 -92.000   42.000  0.01529 32
 -92.000   43.000  0.01284 49
 -92.000   44.000  0.01401 48
 -92.000   45.000  0.01097 40
 -92.000   46.000  0.00754 9
 -92.000   47.000  0.00767 16
 -92.000   48.000  0.01044 17
 -92.000   49.000  0.00734 8
 -92.000   50.000  0.00626 7
 -91.000   25.000  0.00484 0
 -91.000   26.000  0.01173 0
 -91.000   27.000  0.00384 2
 -91.000   28.000  0.01228 10
 -91.000   29.000  0.01222 5
 -91.000   30.000  0.01270 11
 -91.000   31.000  0.00823 9
 -91.000   32.000  0.01625 19
 -91.000   33.000  0.01116 35
 -91.000   34.000  0.01924 31
 -91.000   35.000  0.01749 55
 -91.000   36.000  0.02104 58
 -91.000   37.000  0.02227 36
 -91.000   38.000  0.02513 32
 -91.000   39.000  0.02142 44
 -91.000   40.000  0.02636 58
 -91.000   41.000  0.02065 43
 -91.000   42.000  0.01844 38
 -91.000   43.000  0.01546 43
 -91.000   44.000  0.01488 38
 -91.000   45.000  0.01071 50
 -91.000   46.000  0.00686 29
 -91.000   47.000  0.00370 7
 -91.000   48.000  0.00711 19
 -91.000   49.000  0.00424 11
 -91.000   50.000  0.00162 1
 -90.000   25.000 -0.00240 0
 -90.000   26.000  0.01159 0
 -90.000   27.000  0.00629 0
 -90.000   28.000  0.01176 11
 -90.000   29.000  0.01003 17
 -90.000   30.000  0.01270 17
 -90.000   31.000  0.00339 6
 -90.000   32.000  0.00845 12
 -90.000   33.000  0.00903 30
 -90.000   34.000  0.01660 42
 -90.000   35.000  0.01648 50
 -90.000   36.000  0.01917 48
 -90.000   37.000  0.02139 35
 -90.000   38.000  0.02026 58
 -90.000   39.000  0.01813 61
 -90.000   40.000  0.02467 62
 -90.000   41.000  0.01858 49
 -90.000   42.000  0.01779 28
 -90.000   43.000  0.01529 34
 -90.000   44.000  0.01497 49
 -90.000   45.000  0.00784 29
 -90.000   46.000  0.00678 24
 -90.000   47.000 -0.00040 30
 -90.000   48.000  0.00799 21
 -90.000   49.000  0.00574 3
 -90.000   50.000  0.00680 1
 -89.000   25.000  0.00803 0
 -89.000   26.000  0.01902 0
 -89.000   27.000  0.01496 3
 -89.000   28.000  0.01852 7
 -89.000   29.000  0.01617 6
 -89.000   30.000  0.01260 7
 -89.000   31.000  0.00388 12
 -89.000   32.000  0.00536 27
 -89.000   33.000  0.00714 29
 -89.000   34.000  0.01427 51
 -89.000   35.000  0.01481 59
 -89.000   36.000  0.01688 68
 -89.000   37.000  0.01873 71
 -89.000   38.000  0.01650 56
 -89.000   39.000  0.01391 116
 -89.000   40.000  0.01908 67
 -89.000   41.000  0.01496 42
 -89.000   42.000  0.01606 53
 -89.000   43.000  0.01712 27
 -89.000   44.000  0.01963 9
 -89.000   45.000  0.01250 10
 -89.000   46.000  0.01126 17
 -89.000   47.000  0.00113 7
 -89.000   48.000  0.00843 22
 -89.000   49.000  0.00467 1
 -89.000   50.000  0.00650 3
 -88.000   25.000  0.00495 0
 -88.000   26.000  0.01294 0
 -88.000   27.000  0.01494 0
 -88.000   28.000  0.01577 3
 -88.000   29.000  0.01310 11
 -88.000   30.000  0.00992 17
 -88.000   31.000  0.00303 16
 -88.000   32.000 -0.00103 24
 -88.000   33.000  0.00112 41
 -88.000   34.000  0.00889 52
 -88.000   35.000  0.01084 71
 -88.000   36.000  0.01265 95
 -88.000   37.000  0.01452 56
 -88.000   38.000  0.01386 59
 -88.000   39.000  0.00964 80
 -88.000   40.000  0.01261 53
 -88.000   41.000  0.00999 44
 -88.000   42.000  0.01211 18
 -88.000   43.000  0.01281 37
 -88.000   44.000  0.01702 32
 -88.000   45.000  0.01151 26
 -88.000   46.000  0.01114 14
 -88.000   47.000  0.00481 18
 -88.000   48.000  0.00278 9
 -88.000   49.000 -0.00290 2
 -88.000   50.000 -0.00251 0
 -87.000   25.000  0.01550 0
 -87.000   26.000  0.01484 0
 -87.000   27.000  0.02015 0
 -87.000   28.000  0.01853 10
 -87.000   29.000  0.01718 7
 -87.000   30.000  0.00916 20
 -87.000   31.000  0.00747 20
 -87.000   32.000  0.00025 41
 -87.000   33.000  0.00397 55
 -87.000   34.000  0.00964 26
 -87.000   35.000  0.01076 80
 -87.000   36.000  0.01272 68
 -87.000   37.000  0.01392 58
 -87.000   38.000  0.01346 89
 -87.000   39.000  0.00983 80
 -87.000   40.000  0.01310 60
 -87.000   41.000  0.01094 46
 -87.000   42.000  0.01322 54
 -87.000   43.000  0.01685 36
 -87.000   44.000  0.02552 14
 -87.000   45.000  0.01852 16
 -87.000   46.000  0.01858 10
 -87.000   47.000  0.00998 18
 -87.000   48.000  0.00292 11
 -87.000   49.000 -0.00805 6
 -87.000   50.000 -0.00852 3
 -86.000   25.000  0.00957 0
 -86.000   26.000  0.00596 0
 -86.000   27.000  0.01826 2
 -86.000   28.000  0.01535 13
 -86.000   29.000  0.01495 10
 -86.000   30.000  0.01154 23
 -86.000   31.000  0.01269 37
 -86.000   32.000  0.00016 32
 -86.000   33.000  0.00632 65
 -86.000   34.000  0.01066 57
 -86.000   35.000  0.01106 85
 -86.000   36.000  0.01471 88
 -86.000   37.000  0.01744 80
 -86.000   38.000  0.01545 84
 -86.000   39.000  0.01204 60
 -86.000   40.000  0.01301 44
 -86.000   41.000  0.01220 45
 -86.000   42.000  0.01276 44
 -86.000   43.000  0.01800 36
 -86.000   44.000  0.02728 30
 -86.000   45.000  0.02219 17
 -86.000   46.000  0.02102 20
 -86.000   47.000  0.01334 10
 -86.000   48.000  0.00480 16
 -86.000   49.000 -0.00628 4
 -86.000   50.000 -0.00605 0
 -85.000   25.000  0.02185 0
 -85.000   26.000  0.00354 0
 -85.000   27.000  0.01672 9
 -85.000   28.000  0.01452 9
 -85.000   29.000  0.01120 20
 -85.000   30.000  0.00559 24
 -85.000   31.000  0.01853 21
 -85.000   32.000  0.00869 53
 -85.000   33.000  0.01410 110
 -85.000   34.000  0.01649 67
 -85.000   35.000  0.01769 73
 -85.000   36.000  0.01963 87
 -85.000   37.000  0.01950 75
 -85.000   38.000  0.01969 75
 -85.000   39.000  0.01596 64
 -85.000   40.000  0.01371 54
 -85.000   41.000  0.01528 43
 -85.000   42.000  0.01599 54
 -85.000   43.000  0.02480 36
 -85.000   44.000  0.03285 26
 -85.000   45.000  0.02815 13
 -85.000   46.000  0.02210 14
 -85.000   47.000  0.01311 7
 -85.000   48.000  0.01193 8
 -85.000   49.000  0.00433 6
 -85.000   50.000  0.00867 1
 -84.000   25.000  0.01873 0
 -84.000   26.000  0.00221 0
 -84.000   27.000  0.01628 12
 -84.000   28.000  0.01597 21
 -84.000   29.000  0.00839 17
 -84.000   30.000  0.00371 21
 -84.000   31.000  0.01500 45
 -84.000   32.000  0.00458 63
 -84.000   33.000  0.01241 113
 -84.000   34.000  0.01697 111
 -84.000   35.000  0.01514 86
 -84.000   36.000  0.01894 72
 -84.000   37.000  0.02031 76
 -84.000   38.000  0.02172 76
 -84.000   39.000  0.01948 44
 -84.000   40.000  0.02107 45
 -84.000   41.000  0.02079 65
 -84.000   42.000  0.02222 51
 -84.000   43.000  0.02640 45
 -84.000   44.000  0.03268 23
 -84.000   45.000  0.02600 17
 -84.000   46.000  0.01873 4
 -84.000   47.000  0.00967 6
 -84.000   48.000  0.01003 9
 -84.000   49.000  0.00279 3
 -84.000   50.000  0.00648 0
 -83.000   25.000  0.00586 1
 -83.000   26.000 -0.00165 2
 -83.000   27.000  0.01490 7
 -83.000   28.000  0.01955 34
 -83.000   29.000  0.01499 53
 -83.000   30.000  0.01669 24
 -83.000   31.000  0.02258 59
 -83.000   32.000  0.01109 62
 -83.000   33.000  0.01613 63
 -83.000   34.000  0.01852 63
 -83.000   35.000  0.01574 45
 -83.000   36.000  0.02054 55
 -83.000   37.000  0.02316 63
 -83.000   38.000  0.02600 68
 -83.000   39.000  0.02486 58
 -83.000   40.000  0.02639 65
 -83.000   41.000  0.02772 74
 -83.000   42.000  0.02791 30
 -83.000   43.000  0.03309 33
 -83.000   44.000  0.03680 21
 -83.000   45.000  0.02962 9
 -83.000   46.000  0.01872 10
 -83.000   47.000  0.00231 7
 -83.000   48.000  0.00042 5
 -83.000   49.000 -0.00759 3
 -83.000   50.000 -0.00767 2
 -82.000   25.000  0.02488 7
 -82.000   26.000  0.03392 6
 -82.000   27.000  0.04671 15
 -82.000   28.000  0.04662 24
 -82.000   29.000  0.04262 43
 -82.000   30.000  0.03303 20
 -82.000   31.000  0.02337 25
 -82.000   32.000  0.00841 10
 -82.000   33.000  0.01904 24
 -82.000   34.000  0.02230 24
 -82.000   35.000  0.01920 37
 -82.000   36.000  0.02325 72
 -82.000   37.000  0.02549 84
 -82.000   38.000  0.02612 74
 -82.000   39.000  0.02399 47
 -82.000   40.000  0.02433 55
 -82.000   41.000  0.02574 74
 -82.000   42.000  0.02656 43
 -82.000   43.000  0.03280 47
 -82.000   44.000  0.03351 19
 -82.000   45.000  0.02792 22
 -82.000   46.000  0.01348 13
 -82.000   47.000 -0.00237 22
 -82.000   48.000  0.00056 6
 -82.000   49.000 -0.00420 8
 -82.000   50.000 -0.00349 1
 -81.000   25.000  0.02947 10
 -81.000   26.000  0.05082 3
 -81.000   27.000  0.06449 5
 -81.000   28.000  0.06394 5
 -81.000   29.000  0.06107 7
 -81.000   30.000  0.04769 9
 -81.000   31.000  0.02748 13
 -81.000   32.000  0.00860 31
 -81.000   33.000  0.01879 26
 -81.000   34.000  0.02240 28
 -81.000   35.000  0.02017 54
 -81.000   36.000  0.02261 57
 -81.000   37.000  0.02286 103
 -81.000   38.000  0.02524 55
 -81.000   39.000  0.02243 51
 -81.000   40.000  0.02228 68
 -81.000   41.000  0.02368 46
 -81.000   42.000  0.02667 37
 -81.000   43.000  0.03099 54
 -81.000   44.000  0.03025 25
 -81.000   45.000  0.02310 23
 -81.000   46.000  0.00843 34
 -81.000   47.000 -0.00570 8
 -81.000   48.000 -0.00312 14
 -81.000   49.000 -0.00798 5
 -81.000   50.000 -0.00483 0
 -80.000   25.000  0.01720 0
 -80.000   26.000  0.04517 0
 -80.000   27.000  0.05747 1
 -80.000   28.000  0.05512 2
 -80.000   29.000  0.05831 6
 -80.000   30.000  0.04559 8
 -80.000   31.000  0.02152 19
 -80.000   32.000  0.00454 26
 -80.000   33.000  0.01636 31
 -80.000   34.000  0.02083 28
 -80.000   35.000  0.02109 22
 -80.000   36.000  0.02404 75
 -80.000   37.000  0.02380 65
 -80.000   38.000  0.02412 75
 -80.000   39.000  0.01973 51
 -80.000   40.000  0.02091 79
 -80.000   41.000  0.02163 41
 -80.000   42.000  0.02507 52
 -80.000   43.000  0.02755 35
 -80.000   44.000  0.02819 35
 -80.000   45.000  0.02391 22
 -80.000   46.000  0.01116 12
 -80.000   47.000  0.00010 12
 -80.000   48.000 -0.00956 17
 -80.000   49.000 -0.01811 3
 -80.000   50.000 -0.02409 4
 -79.000   25.000  0.02032 0
 -79.000   26.000  0.03851 0
 -79.000   27.000  0.04888 3
 -79.000   28.000  0.04408 1
 -79.000   29.000  0.05138 2
 -79.000   30.000  0.03432 1
 -79.000   31.000  0.01724 20
 -79.000   32.000  0.00309 13
 -79.000   33.000  0.01372 25
 -79.000   34.000  0.01702 22
 -79.000   35.000  0.02194 35
 -79.000   36.000  0.02405 63
 -79.000   37.000  0.02289 44
 -79.000   38.000  0.02126 49
 -79.000   39.000  0.01397 73
 -79.000   40.000  0.01340 65
 -79.000   41.000  0.01482 37
 -79.000   42.000  0.01614 70
 -79.000   43.000  0.02247 47
 -79.000   44.000  0.02382 34
 -79.000   45.000  0.02271 17
 -79.000   46.000  0.01112 9
 -79.000   47.000  0.00526 9
 -79.000   48.000 -0.00668 17
 -79.000   49.000 -0.01328 12
 -79.000   50.000 -0.02008 11
 -78.000   25.000  0.02969 0
 -78.000   26.000  0.04090 0
 -78.000   27.000  0.04571 0
 -78.000   28.000  0.03824 3
 -78.000   29.000  0.04354 0
 -78.000   30.000  0.02256 0
 -78.000   31.000  0.00873 12
 -78.000   32.000 -0.00208 6
 -78.000   33.000  0.00839 11
 -78.000   34.000  0.01137 15
 -78.000   35.000  0.01746 48
 -78.000   36.000  0.01821 26
 -78.000   37.000  0.01769 57
 -78.000   38.000  0.01685 58
 -78.000   39.000  0.00860 62
 -78.000   40.000  0.00879 64
 -78.000   41.000  0.01068 56
 -78.000   42.000  0.01284 60
 -78.000   43.000  0.01815 48
 -78.000   44.000  0.02468 36
 -78.000   45.000  0.02551 26
 -78.000   46.000  0.01614 26
 -78.000   47.000  0.01257 9
 -78.000   48.000  0.00137 14
 -78.000   49.000 -0.00650 5
 -78.000   50.000 -0.01523 2
 -77.000   25.000  0.00012 0
 -77.000   26.000 -0.00150 0
 -77.000   27.000  0.00615 0
 -77.000   28.000  0.00377 1
 -77.000   29.000  0.00765 0
 -77.000   30.000  0.00289 0
 -77.000   31.000 -0.00148 0
 -77.000   32.000 -0.01001 5
 -77.000   33.000 -0.00442 12
 -77.000   34.000 -0.00387 20
 -77.000   35.000  0.00237 28
 -77.000   36.000  0.00843 42
 -77.000   37.000  0.01093 50
 -77.000   38.000  0.00981 38
 -77.000   39.000  0.00562 42
 -77.000   40.000  0.00745 52
 -77.000   41.000  0.01043 44
 -77.000   42.000  0.01155 62
 -77.000   43.000  0.01619 85
 -77.000   44.000  0.02028 38
 -77.000   45.000  0.02118 44
 -77.000   46.000  0.01392 22
 -77.000   47.000  0.01347 29
 -77.000   48.000  0.00241 16
 -77.000   49.000 -0.00240 5
 -77.000   50.000 -0.01033 2
 -76.000   25.000  0.00000 0
 -76.000   26.000 -0.01100 0
 -76.000   27.000 -0.00880 0
 -76.000   28.000 -0.00880 0
 -76.000   29.000 -0.00709 0
 -76.000   30.000 -0.01171 0
 -76.000   31.000 -0.00814 0
 -76.000   32.000 -0.00945 3
 -76.000   33.000 -0.00682 12
 -76.000   34.000 -0.00554 11
 -76.000   35.000 -0.00005 18
 -76.000   36.000  0.00583 23
 -76.000   37.000  0.00858 39
 -76.000   38.000  0.00691 35
 -76.000   39.000  0.00216 73
 -76.000   40.000  0.00591 43
 -76.000   41.000  0.00773 45
 -76.000   42.000  0.00815 107
 -76.000   43.000  0.01414 83
 -76.000   44.000  0.02089 74
 -76.000   45.000  0.02266 36
 -76.000   46.000  0.01557 55
 -76.000   47.000  0.01488 24
 -76.000   48.000  0.00504 13
 -76.000   49.000  0.00007 6
 -76.000   50.000 -0.01054 0
 -75.000   25.000  0.00000 0
 -75.000   26.000 -0.00872 0
 -75.000   27.000 -0.00698 0
 -75.000   28.000 -0.00698 0
 -75.000   29.000 -0.00698 0
 -75.000   30.000 -0.00959 0
 -75.000   31.000 -0.00899 0
 -75.000   32.000 -0.01180 0
 -75.000   33.000 -0.01072 2
 -75.000   34.000 -0.00612 7
 -75.000   35.000 -0.00359 10
 -75.000   36.000  0.00319 11
 -75.000   37.000  0.00818 45
 -75.000   38.000  0.00852 37
 -75.000   39.000  0.00342 44
 -75.000   40.000  0.00680 33
 -75.000   41.000  0.01054 41
 -75.000   42.000  0.00887 126
 -75.000   43.000  0.01277 98
 -75.000   44.000  0.01739 38
 -75.000   45.000  0.01840 75
 -75.000   46.000  0.00991 52
 -75.000   47.000  0.00867 27
 -75.000   48.000  0.00370 22
 -75.000   49.000 -0.00051 3
 -75.000   50.000 -0.00789 0
 -74.000   25.000  0.00000 0
 -74.000   26.000  0.00000 0
 -74.000   27.000  0.00000 0
 -74.000   28.000  0.00000 0
 -74.000   29.000  0.00000 0
 -74.000   30.000  0.00009 0
 -74.000   31.000 -0.00552 0
 -74.000   32.000 -0.00829 0
 -74.000   33.000 -0.00769 0
 -74.000   34.000 -0.00512 1
 -74.000   35.000 -0.00677 0
 -74.000   36.000 -0.00078 8
 -74.000   37.000  0.00418 24
 -74.000   38.000  0.00486 156
 -74.000   39.000  0.00324 63
 -74.000   40.000  0.00863 42
 -74.000   41.000  0.01267 71
 -74.000   42.000  0.01072 81
 -74.000   43.000  0.01388 59
 -74.000   44.000  0.01835 49
 -74.000   45.000  0.01792 48
 -74.000   46.000  0.01159 20
 -74.000   47.000  0.01132 14
 -74.000   48.000  0.00207 14
 -74.000   49.000 -0.00419 6
 -74.000   50.000 -0.01124 0
 -73.000   25.000  0.00000 0
 -73.000   26.000  0.00000 0
 -73.000   27.000  0.00000 0
 -73.000   28.000  0.00000 0
 -73.000   29.000  0.00000 0
 -73.000   30.000  0.00000 0
 -73.000   31.000 -0.00436 0
 -73.000   32.000 -0.00616 0
 -73.000   33.000 -0.00498 0
 -73.000   34.000 -0.00214 0
 -73.000   35.000 -0.00416 0
 -73.000   36.000  0.00279 1
 -73.000   37.000  0.00862 6
 -73.000   38.000  0.00757 25
 -73.000   39.000  0.00729 49
 -73.000   40.000  0.01411 44
 -73.000   41.000  0.01655 54
 -73.000   42.000  0.01289 52
 -73.000   43.000  0.01720 59
 -73.000   44.000  0.01829 58
 -73.000   45.000  0.01671 37
 -73.000   46.000  0.01158 40
 -73.000   47.000  0.01264 21
 -73.000   48.000  0.00338 14
 -73.000   49.000 -0.00033 4
 -73.000   50.000 -0.00581 0
 -72.000   25.000  0.00000 0
 -72.000   26.000  0.00000 0
 -72.000   27.000  0.00000 0
 -72.000   28.000  0.00000 0
 -72.000   29.000  0.00000 0
 -72.000   30.000  0.00000 0
 -72.000   31.000  0.00000 0
 -72.000   32.000  0.00051 0
 -72.000   33.000  0.00051 0
 -72.000   34.000  0.00528 0
 -72.000   35.000  0.00328 0
 -72.000   36.000  0.00865 0
 -72.000   37.000  0.01122 1
 -72.000   38.000  0.01124 10
 -72.000   39.000  0.00849 29
 -72.000   40.000  0.01597 51
 -72.000   41.000  0.01696 39
 -72.000   42.000  0.01609 61
 -72.000   43.000  0.02026 44
 -72.000   44.000  0.02455 18
 -72.000   45.000  0.02145 47
 -72.000   46.000  0.01647 31
 -72.000   47.000  0.01627 22
 -72.000   48.000  0.00728 21
 -72.000   49.000  0.00122 11
 -72.000   50.000 -0.00235 1
 -71.000   25.000  0.00000 0
 -71.000   26.000  0.00000 0
 -71.000   27.000  0.00000 0
 -71.000   28.000  0.00000 0
 -71.000   29.000  0.00000 0
 -71.000   30.000  0.00000 0
 -71.000   31.000  0.00000 0
 -71.000   32.000  0.00000 0
 -71.000   33.000  0.00000 0
 -71.000   34.000  0.00391 0
 -71.000   35.000  0.00211 0
 -71.000   36.000  0.00712 0
 -71.000   37.000  0.01218 0
 -71.000   38.000  0.01363 19
 -71.000   39.000  0.01592 26
 -71.000   40.000  0.02263 21
 -71.000   41.000  0.02551 42
 -71.000   42.000  0.02330 50
 -71.000   43.000  0.02767 51
 -71.000   44.000  0.02662 29
 -71.000   45.000  0.02439 33
 -71.000   46.000  0.01990 21
 -71.000   47.000  0.02070 23
 -71.000   48.000  0.01007 27
 -71.000   49.000  0.00615 9
 -71.000   50.000  0.00373 0
 -70.000   25.000  0.00000 0
 -70.000   26.000  0.00000 0
 -70.000   27.000  0.00000 0
 -70.000   28.000  0.00000 0
 -70.000   29.000  0.00000 0
 -70.000   30.000  0.00000 0
 -70.000   31.000  0.00000 0
 -70.000   32.000  0.00000 0
 -70.000   33.000  0.00000 0
 -70.000   34.000  0.00000 0
 -70.000   35.000 -0.00161 0
 -70.000   36.000  0.00263 0
 -70.000   37.000  0.00688 0
 -70.000   38.000  0.00776 7
 -70.000   39.000  0.01325 9
 -70.000   40.000  0.01909 13
 -70.000   41.000  0.02010 12
 -70.000   42.000  0.01726 19
 -70.000   43.000  0.02379 48
 -70.000   44.000  0.02284 23
 -70.000   45.000  0.02137 27
 -70.000   46.000  0.01992 15
 -70.000   47.000  0.02032 29
 -70.000   48.000  0.00810 29
 -70.000   49.000  0.00447 9
 -70.000   50.000  0.00135 0
 -69.000   25.000  0.00000 0
 -69.000   26.000  0.00000 0
 -69.000   27.000  0.00000 0
 -69.000   28.000  0.00000 0
 -69.000   29.000  0.00000 0
 -69.000   30.000  0.00000 0
 -69.000   31.000  0.00000 0
 -69.000   32.000  0.00000 0
 -69.000   33.000  0.00000 0
 -69.000   34.000  0.00000 0
 -69.000   35.000  0.00000 0
 -69.000   36.000  0.00406 0
 -69.000   37.000  0.00817 0
 -69.000   38.000  0.00996 0
 -69.000   39.000  0.01651 1
 -69.000   40.000  0.02023 5
 -69.000   41.000  0.01951 5
 -69.000   42.000  0.01590 22
 -69.000   43.000  0.01939 44
 -69.000   44.000  0.01880 42
 -69.000   45.000  0.01948 15
 -69.000   46.000  0.02015 19
 -69.000   47.000  0.02016 28
 -69.000   48.000  0.01489 15
 -69.000   49.000  0.01115 6
 -69.000   50.000  0.00754 0
 -68.000   25.000  0.00000 0
 -68.000   26.000  0.00000 0
 -68.000   27.000  0.00000 0
 -68.000   28.000  0.00000 0
 -68.000   29.000  0.00000 0
 -68.000   30.000  0.00000 0
 -68.000   31.000  0.00000 0
 -68.000   32.000  0.00000 0
 -68.000   33.000  0.00000 0
 -68.000   34.000  0.00000 0
 -68.000   35.000  0.00000 0
 -68.000   36.000  0.00304 0
 -68.000   37.000  0.00486 0
 -68.000   38.000  0.00641 0
 -68.000   39.000  0.01268 0
 -68.000   40.000  0.01430 0
 -68.000   41.000  0.01369 3
 -68.000   42.000  0.01085 17
 -68.000   43.000  0.01382 25
 -68.000   44.000  0.01527 20
 -68.000   45.000  0.01959 15
 -68.000   46.000  0.02110 23
 -68.000   47.000  0.02127 42
 -68.000   48.000  0.01676 11
 -68.000   49.000  0.01129 2
 -68.000   50.000  0.00515 0
 -67.000   25.000  0.00000 0
 -67.000   26.000  0.00000 0
 -67.000   27.000  0.00000 0
 -67.000   28.000  0.00000 0
 -67.000   29.000  0.00000 0
 -67.000   30.000  0.00000 0
 -67.000   31.000  0.00000 0
 -67.000   32.000  0.00000 0
 -67.000   33.000  0.00000 0
 -67.000   34.000  0.00000 0
 -67.000   35.000  0.00000 0
 -67.000   36.000  0.00000 0
 -67.000   37.000  0.00293 0
 -67.000   38.000  0.00472 0
 -67.000   39.000  0.01086 0
 -67.000   40.000  0.01102 3
 -67.000   41.000  0.01559 1
 -67.000   42.000  0.01299 15
 -67.000   43.000  0.01631 14
 -67.000   44.000  0.01478 7
 -67.000   45.000  0.02483 11
 -67.000   46.000  0.02576 9
 -67.000   47.000  0.02369 10
 -67.000   48.000  0.01859 16
 -67.000   49.000  0.01746 0
 -67.000   50.000  0.00627 0
 -66.000   25.000  0.00000 0
 -66.000   26.000  0.00000 0
 -66.000   27.000  0.00000 0
 -66.000   28.000  0.00000 0
 -66.000   29.000  0.00000 0
 -66.000   30.000  0.00000 0
 -66.000   31.000  0.00000 0
 -66.000   32.000  0.00000 0
 -66.000   33.000  0.00000 0
 -66.000   34.000  0.00000 0
 -66.000   35.000  0.00000 0
 -66.000   36.000  0.00000 0
 -66.000   37.000  0.00000 0
 -66.000   38.000  0.00118 0
 -66.000   39.000  0.00408 0
 -66.000   40.000  0.00452 0
 -66.000   41.000  0.00832 0
 -66.000   42.000  0.00682 0
 -66.000   43.000  0.00895 3
 -66.000   44.000  0.01164 6
 -66.000   45.000  0.02280 7
 -66.000   46.000  0.02474 9
 -66.000   47.000  0.02305 10
 -66.000   48.000  0.01974 9
 -66.000   49.000  0.01768 0
 -66.000   50.000  0.00424 0
 -65.000   25.000  0.00000 0
 -65.000   26.000  0.00000 0
 -65.000   27.000  0.00000 0
 -65.000   28.000  0.00000 0
 -65.000   29.000  0.00000 0
 -65.000   30.000  0.00000 0
 -65.000   31.000  0.00000 0
 -65.000   32.000  0.00000 0
 -65.000   33.000  0.00000 0
 -65.000   34.000  0.00000 0
 -65.000   35.000  0.00000 0
 -65.000   36.000  0.00000 0
 -65.000   37.000  0.00000 0
 -65.000   38.000  0.00157 0
 -65.000   39.000  0.00429 0
 -65.000   40.000  0.00477 0
 -65.000   41.000  0.01112 0
 -65.000   42.000  0.01109 0
 -65.000   43.000  0.01192 3
 -65.000   44.000  0.01692 4
 -65.000   45.000  0.03093 5
 -65.000   46.000  0.03272 5
 -65.000   47.000  0.03275 5
 -65.000   48.000  0.03035 8
 -65.000   49.000  0.02829 0
 -65.000   50.000  0.01357 0
