-130.000   25.000  0.00000 0
-130.000   26.000  0.00000 0
-130.000   27.000  0.00000 0
-130.000   28.000  0.00000 0
-130.000   29.000  0.00000 0
-130.000   30.000  0.00000 0
-130.000   31.000  0.00000 0
-130.000   32.000  0.00000 0
-130.000   33.000  0.00000 0
-130.000   34.000  0.00000 0
-130.000   35.000  0.00000 0
-130.000   36.000  0.00000 0
-130.000   37.000  0.00000 0
-130.000   38.000  0.00000 0
-130.000   39.000  0.00000 0
-130.000   40.000  0.00000 0
-130.000   41.000  0.00000 0
-130.000   42.000  0.00000 0
-130.000   43.000  0.00000 0
-130.000   44.000  0.00000 0
-130.000   45.000  0.00667 0
-130.000   46.000 -0.00105 0
-130.000   47.000  0.00567 0
-130.000   48.000  0.00946 4
-130.000   49.000  0.01183 5
-130.000   50.000  0.00465 1
-129.000   25.000  0.00000 0
-129.000   26.000  0.00000 0
-129.000   27.000  0.00000 0
-129.000   28.000  0.00000 0
-129.000   29.000  0.00000 0
-129.000   30.000  0.00000 0
-129.000   31.000  0.00000 0
-129.000   32.000  0.00000 0
-129.000   33.000  0.00000 0
-129.000   34.000  0.00000 0
-129.000   35.000  0.00000 0
-129.000   36.000  0.00370 0
-129.000   37.000  0.00706 0
-129.000   38.000  0.01031 0
-129.000   39.000  0.01189 0
-129.000   40.000  0.01393 0
-129.000   41.000  0.01436 0
-129.000   42.000  0.01292 0
-129.000   43.000  0.01297 0
-129.000   44.000  0.01272 0
-129.000   45.000  0.01729 0
-129.000   46.000  0.00809 0
-129.000   47.000  0.01188 0
-129.000   48.000  0.01168 4
-129.000   49.000  0.01296 0
-129.000   50.000  0.00624 4
-128.000   25.000  0.00000 0
-128.000   26.000  0.00000 0
-128.000   27.000  0.00000 0
-128.000   28.000  0.00000 0
-128.000   29.000  0.00000 0
-128.000   30.000  0.00000 0
-128.000   31.000  0.00000 0
-128.000   32.000  0.00000 0
-128.000   33.000  0.00000 0
-128.000   34.000  0.00000 0
-128.000   35.000  0.00071 0
-128.000   36.000  0.00360 0
-128.000   37.000  0.00742 0
-128.000   38.000  0.01276 0
-128.000   39.000  0.01447 0
-128.000   40.000  0.01619 0
-128.000   41.000  0.01762 0
-128.000   42.000  0.01653 0
-128.000   43.000  0.01462 0
-128.000   44.000  0.01325 0
-128.000   45.000  0.01715 0
-128.000   46.000  0.00962 0
-128.000   47.000  0.01127 2
-128.000   48.000  0.01181 3
-128.000   49.000  0.01433 4
-128.000   50.000  0.00857 0
-127.000   25.000  0.00000 0
-127.000   26.000  0.00000 0
-127.000   27.000  0.00000 0
-127.000   28.000  0.00000 0
-127.000   29.000  0.00000 0
-127.000   30.000  0.00000 0
-127.000   31.000  0.00000 0
-127.000   32.000  0.00000 0
-127.000   33.000 -0.00106 0
-127.000   34.000 -0.00083 0
-127.000   35.000  0.00001 0
-127.000   36.000  0.00182 0
-127.000   37.000  0.00644 0
-127.000   38.000  0.01291 1
-127.000   39.000  0.01436 1
-127.000   40.000  0.01709 3
-127.000   41.000  0.02058 12
-127.000   42.000  0.01991 14
-127.000   43.000  0.01786 13
-127.000   44.000  0.01656 18
-127.000   45.000  0.01925 23
-127.000   46.000  0.01726 27
-127.000   47.000  0.02159 30
-127.000   48.000  0.02198 35
-127.000   49.000  0.02700 15
-127.000   50.000  0.02554 18
-126.000   25.000  0.00000 0
-126.000   26.000  0.00000 0
-126.000   27.000  0.00000 0
-126.000   28.000  0.00000 0
-126.000   29.000  0.00000 0
-126.000   30.000  0.00000 0
-126.000   31.000  0.00000 0
-126.000   32.000 -0.00170 0
-126.000   33.000 -0.00044 0
-126.000   34.000  0.00190 0
-126.000   35.000  0.00250 0
-126.000   36.000  0.00389 0
-126.000   37.000  0.01048 1
-126.000   38.000  0.01375 4
-126.000   39.000  0.01268 20
-126.000   40.000  0.01728 33
-126.000   41.000  0.02137 70
-126.000   42.000  0.02129 77
-126.000   43.000  0.02001 109
-126.000   44.000  0.01983 89
-126.000   45.000  0.02113 91
-126.000   46.000  0.01771 108
-126.000   47.000  0.02240 102
-126.000   48.000  0.02001 100
-126.000   49.000  0.02364 55
-126.000   50.000  0.02069 17
-125.000   25.000  0.00000 0
-125.000   26.000  0.00000 0
-125.000   27.000  0.00000 0
-125.000   28.000  0.00000 0
-125.000   29.000  0.00000 0
-125.000   30.000  0.00000 0
-125.000   31.000  0.00000 0
-125.000   32.000 -0.00110 0
-125.000   33.000  0.00296 0
-125.000   34.000  0.00391 0
-125.000   35.000  0.00389 1
-125.000   36.000  0.00617 26
-125.000   37.000  0.01217 20
-125.000   38.000  0.01313 34
-125.000   39.000  0.01384 74
-125.000   40.000  0.01827 74
-125.000   41.000  0.02264 101
-125.000   42.000  0.02185 98
-125.000   43.000  0.02129 97
-125.000   44.000  0.02070 70
-125.000   45.000  0.02045 83
-125.000   46.000  0.01568 136
-125.000   47.000  0.01520 105
-125.000   48.000  0.01076 120
-125.000   49.000  0.01210 85
-125.000   50.000  0.00920 35
-124.000   25.000  0.00000 0
-124.000   26.000  0.00000 0
-124.000   27.000  0.00000 0
-124.000   28.000  0.00000 0
-124.000   29.000  0.00000 0
-124.000   30.000 -0.00193 0
-124.000   31.000 -0.00067 0
-124.000   32.000 -0.00088 0
-124.000   33.000  0.00188 0
-124.000   34.000  0.00384 2
-124.000   35.000  0.00586 21
-124.000   36.000  0.00363 21
-124.000   37.000  0.00702 35
-124.000   38.000  0.00681 54
-124.000   39.000  0.00520 75
-124.000   40.000  0.00746 58
-124.000   41.000  0.01147 76
-124.000   42.000  0.00952 62
-124.000   43.000  0.00854 59
-124.000   44.000  0.00765 72
-124.000   45.000  0.00873 109
-124.000   46.000  0.00727 88
-124.000   47.000  0.00956 95
-124.000   48.000  0.00721 70
-124.000   49.000  0.00969 58
-124.000   50.000  0.00721 11
-123.000   25.000  0.00000 0
-123.000   26.000  0.00000 0
-123.000   27.000  0.00000 0
-123.000   28.000  0.00000 0
-123.000   29.000  0.00426 0
-123.000   30.000  0.00301 0
-123.000   31.000  0.00474 0
-123.000   32.000  0.00493 0
-123.000   33.000  0.00678 0
-123.000   34.000  0.00434 15
-123.000   35.000  0.00341 29
-123.000   36.000 -0.00040 55
-123.000   37.000 -0.00000 69
-123.000   38.000 -0.00295 64
-123.000   39.000 -0.00535 103
-123.000   40.000 -0.00190 56
-123.000   41.000  0.00116 56
-123.000   42.000 -0.00034 70
-123.000   43.000  0.00063 35
-123.000   44.000  0.00100 35
-123.000   45.000  0.00183 50
-123.000   46.000  0.00264 50
-123.000   47.000  0.00805 49
-123.000   48.000  0.00432 40
-123.000   49.000  0.00565 23
-123.000   50.000  0.00402 19
-122.000   25.000  0.00000 0
-122.000   26.000  0.00000 0
-122.000   27.000  0.00000 0
-122.000   28.000  0.00000 0
-122.000   29.000  0.00437 0
-122.000   30.000  0.00325 0
-122.000   31.000  0.00531 0
-122.000   32.000  0.00526 19
-122.000   33.000  0.00842 40
-122.000   34.000  0.00517 67
-122.000   35.000  0.00423 59
-122.000   36.000  0.00048 123
-122.000   37.000  0.00006 85
-122.000   38.000 -0.00524 80
-122.000   39.000 -0.00590 59
-122.000   40.000 -0.00315 67
-122.000   41.000 -0.00318 93
-122.000   42.000 -0.00674 107
-122.000   43.000 -0.00630 61
-122.000   44.000 -0.00642 59
-122.000   45.000 -0.00473 106
-122.000   46.000 -0.00225 126
-122.000   47.000  0.00476 65
-122.000   48.000  0.00346 79
-122.000   49.000  0.00389 36
-122.000   50.000  0.00124 21
-121.000   25.000  0.00000 0
-121.000   26.000  0.00000 0
-121.000   27.000  0.00000 0
-121.000   28.000  0.00288 0
-121.000   29.000  0.00847 0
-121.000   30.000  0.00871 0
-121.000   31.000  0.01035 1
-121.000   32.000  0.01297 57
-121.000   33.000  0.01075 88
-121.000   34.000  0.00355 100
-121.000   35.000  0.00067 140
-121.000   36.000 -0.00406 187
-121.000   37.000 -0.00777 113
-121.000   38.000 -0.00881 92
-121.000   39.000 -0.00626 117
-121.000   40.000 -0.00466 101
-121.000   41.000 -0.00385 101
-121.000   42.000 -0.00855 105
-121.000   43.000 -0.01061 118
-121.000   44.000 -0.01333 116
-121.000   45.000 -0.01106 138
-121.000   46.000 -0.00914 162
-121.000   47.000 -0.00153 63
-121.000   48.000 -0.00243 66
-121.000   49.000 -0.00082 28
-121.000   50.000 -0.00314 6
-120.000   25.000  0.00000 0
-120.000   26.000  0.00000 0
-120.000   27.000  0.00000 0
-120.000   28.000  0.00422 0
-120.000   29.000  0.01007 0
-120.000   30.000  0.01134 0
-120.000   31.000  0.01402 24
-120.000   32.000  0.01551 52
-120.000   33.000  0.00877 145
-120.000   34.000  0.00282 136
-120.000   35.000 -0.00156 357
-120.000   36.000 -0.01073 183
-120.000   37.000 -0.01585 121
-120.000   38.000 -0.01405 114
-120.000   39.000 -0.01551 85
-120.000   40.000 -0.01400 72
-120.000   41.000 -0.01153 76
-120.000   42.000 -0.01419 54
-120.000   43.000 -0.01623 99
-120.000   44.000 -0.01572 102
-120.000   45.000 -0.01397 146
-120.000   46.000 -0.00834 162
-120.000   47.000 -0.00163 140
-120.000   48.000 -0.00088 38
-120.000   49.000  0.00021 40
-120.000   50.000  0.00002 5
-119.000   25.000  0.00000 0
-119.000   26.000  0.00000 0
-119.000   27.000  0.00000 0
-119.000   28.000  0.00491 0
-119.000   29.000  0.01134 0
-119.000   30.000  0.01533 1
-119.000   31.000  0.01702 73
-119.000   32.000  0.01609 215
-119.000   33.000  0.00939 197
-119.000   34.000  0.00119 257
-119.000   35.000 -0.00697 304
-119.000   36.000 -0.01460 149
-119.000   37.000 -0.01718 84
-119.000   38.000 -0.01478 78
-119.000   39.000 -0.01518 75
-119.000   40.000 -0.01423 33
-119.000   41.000 -0.01324 61
-119.000   42.000 -0.01620 59
-119.000   43.000 -0.02016 82
-119.000   44.000 -0.01839 74
-119.000   45.000 -0.01702 108
-119.000   46.000 -0.01063 133
-119.000   47.000 -0.00483 50
-119.000   48.000 -0.00272 25
-119.000   49.000 -0.00289 25
-119.000   50.000 -0.00075 11
-118.000   25.000  0.00000 0
-118.000   26.000  0.00000 0
-118.000   27.000  0.00000 0
-118.000   28.000  0.00466 0
-118.000   29.000  0.00749 0
-118.000   30.000  0.01100 1
-118.000   31.000  0.01208 97
-118.000   32.000  0.01126 199
-118.000   33.000  0.00473 129
-118.000   34.000 -0.00107 237
-118.000   35.000 -0.00762 128
-118.000   36.000 -0.01302 139
-118.000   37.000 -0.01271 107
-118.000   38.000 -0.00798 69
-118.000   39.000 -0.00619 109
-118.000   40.000 -0.00607 64
-118.000   41.000 -0.00427 101
-118.000   42.000 -0.00999 254
-118.000   43.000 -0.01602 67
-118.000   44.000 -0.01457 49
-118.000   45.000 -0.01590 78
-118.000   46.000 -0.01301 71
-118.000   47.000 -0.00801 51
-118.000   48.000 -0.00408 37
-118.000   49.000 -0.00544 13
-118.000   50.000 -0.00016 11
-117.000   25.000  0.00000 0
-117.000   26.000  0.00000 0
-117.000   27.000  0.00000 0
-117.000   28.000  0.00590 0
-117.000   29.000  0.00797 0
-117.000   30.000  0.01117 24
-117.000   31.000  0.01206 155
-117.000   32.000  0.01221 295
-117.000   33.000  0.00324 183
-117.000   34.000 -0.00179 240
-117.000   35.000 -0.01109 165
-117.000   36.000 -0.01601 173
-117.000   37.000 -0.01499 72
-117.000   38.000 -0.00848 63
-117.000   39.000 -0.00854 67
-117.000   40.000 -0.00654 50
-117.000   41.000 -0.00495 87
-117.000   42.000 -0.01168 107
-117.000   43.000 -0.01601 102
-117.000   44.000 -0.01351 50
-117.000   45.000 -0.01329 92
-117.000   46.000 -0.00973 80
-117.000   47.000 -0.00550 48
-117.000   48.000 -0.00489 41
-117.000   49.000 -0.00545 27
-117.000   50.000 -0.00082 9
-116.000   25.000  0.00000 0
-116.000   26.000  0.00000 0
-116.000   27.000  0.00000 0
-116.000   28.000  0.00561 0
-116.000   29.000  0.00599 0
-116.000   30.000  0.00758 28
-116.000   31.000  0.00879 159
-116.000   32.000  0.00777 274
-116.000   33.000 -0.00018 146
-116.000   34.000 -0.00318 180
-116.000   35.000 -0.01020 139
-116.000   36.000 -0.01503 156
-116.000   37.000 -0.01377 60
-116.000   38.000 -0.01060 82
-116.000   39.000 -0.01164 81
-116.000   40.000 -0.01128 32
-116.000   41.000 -0.01142 38
-116.000   42.000 -0.01750 83
-116.000   43.000 -0.01816 83
-116.000   44.000 -0.01339 52
-116.000   45.000 -0.01071 59
-116.000   46.000 -0.00311 71
-116.000   47.000  0.00110 37
-116.000   48.000  0.00265 18
-116.000   49.000  0.00191 16
-116.000   50.000  0.00654 13
-115.000   25.000  0.00000 0
-115.000   26.000  0.00000 0
-115.000   27.000 -0.00422 0
-115.000   28.000 -0.00097 0
-115.000   29.000 -0.00138 0
-115.000   30.000 -0.00062 22
-115.000   31.000 -0.00055 280
-115.000   32.000  0.00239 232
-115.000   33.000 -0.00393 177
-115.000   34.000 -0.00608 156
-115.000   35.000 -0.01199 121
-115.000   36.000 -0.01361 111
-115.000   37.000 -0.01022 55
-115.000   38.000 -0.00648 69
-115.000   39.000 -0.00519 85
-115.000   40.000 -0.00516 28
-115.000   41.000 -0.00726 59
-115.000   42.000 -0.01396 54
-115.000   43.000 -0.01671 93
-115.000   44.000 -0.01329 57
-115.000   45.000 -0.01154 49
-115.000   46.000 -0.00651 56
-115.000   47.000 -0.00104 34
-115.000   48.000  0.00090 17
-115.000   49.000 -0.00156 19
-115.000   50.000  0.00353 7
-114.000   25.000  0.00000 0
-114.000   26.000  0.00000 0
-114.000   27.000  0.00119 0
-114.000   28.000  0.00343 0
-114.000   29.000  0.00278 0
-114.000   30.000  0.00362 9
-114.000   31.000  0.00335 170
-114.000   32.000  0.00147 125
-114.000   33.000 -0.00315 134
-114.000   34.000 -0.00564 101
-114.000   35.000 -0.00974 70
-114.000   36.000 -0.01261 87
-114.000   37.000 -0.01321 52
-114.000   38.000 -0.01352 170
-114.000   39.000 -0.01302 173
-114.000   40.000 -0.01464 30
-114.000   41.000 -0.01564 60
-114.000   42.000 -0.01687 66
-114.000   43.000 -0.01538 66
-114.000   44.000 -0.01149 42
-114.000   45.000 -0.00945 47
-114.000   46.000 -0.00398 32
-114.000   47.000 -0.00068 35
-114.000   48.000  0.00144 13
-114.000   49.000  0.00022 17
-114.000   50.000  0.00504 7
-113.000   25.000  0.00000 0
-113.000   26.000  0.00000 0
-113.000   27.000  0.00121 0
-113.000   28.000  0.00494 0
-113.000   29.000  0.00270 2
-113.000   30.000  0.00360 13
-113.000   31.000  0.00372 82
-113.000   32.000  0.00152 91
-113.000   33.000 -0.00570 84
-113.000   34.000 -0.00678 56
-113.000   35.000 -0.01093 71
-113.000   36.000 -0.01462 91
-113.000   37.000 -0.01712 62
-113.000   38.000 -0.01713 98
-113.000   39.000 -0.01853 51
-113.000   40.000 -0.02191 53
-113.000   41.000 -0.02435 39
-113.000   42.000 -0.02436 112
-113.000   43.000 -0.02287 71
-113.000   44.000 -0.01854 56
-113.000   45.000 -0.01327 174
-113.000   46.000 -0.00609 40
-113.000   47.000 -0.00281 22
-113.000   48.000 -0.00139 20
-113.000   49.000 -0.00126 12
-113.000   50.000  0.00058 11
-112.000   25.000  0.00000 0
-112.000   26.000  0.01227 0
-112.000   27.000  0.01168 0
-112.000   28.000  0.01239 0
-112.000   29.000  0.00900 1
-112.000   30.000  0.00996 18
-112.000   31.000 -0.00046 50
-112.000   32.000 -0.00489 79
-112.000   33.000 -0.00969 79
-112.000   34.000 -0.01091 66
-112.000   35.000 -0.01321 43
-112.000   36.000 -0.01772 84
-112.000   37.000 -0.02055 43
-112.000   38.000 -0.01993 41
-112.000   39.000 -0.02033 31
-112.000   40.000 -0.02740 35
-112.000   41.000 -0.02771 56
-112.000   42.000 -0.02523 64
-112.000   43.000 -0.02672 49
-112.000   44.000 -0.02255 111
-112.000   45.000 -0.01631 68
-112.000   46.000 -0.01012 49
-112.000   47.000 -0.00720 36
-112.000   48.000 -0.00276 14
-112.000   49.000 -0.00240 18
-112.000   50.000  0.00043 8
-111.000   25.000  0.00000 0
-111.000   26.000  0.00116 0
-111.000   27.000  0.00471 0
-111.000   28.000  0.00523 0
-111.000   29.000  0.00294 3
-111.000   30.000  0.00387 44
-111.000   31.000  0.00186 24
-111.000   32.000 -0.00470 47
-111.000   33.000 -0.01165 53
-111.000   34.000 -0.01581 64
-111.000   35.000 -0.01829 38
-111.000   36.000 -0.02077 49
-111.000   37.000 -0.02260 44
-111.000   38.000 -0.01835 42
-111.000   39.000 -0.01800 45
-111.000   40.000 -0.02539 32
-111.000   41.000 -0.02639 34
-111.000   42.000 -0.02444 56
-111.000   43.000 -0.02966 52
-111.000   44.000 -0.02542 42
-111.000   45.000 -0.02130 43
-111.000   46.000 -0.01620 40
-111.000   47.000 -0.01498 28
-111.000   48.000 -0.00841 20
-111.000   49.000 -0.00819 13
-111.000   50.000 -0.00287 11
-110.000   25.000  0.00000 0
-110.000   26.000  0.00520 0
-110.000   27.000  0.01171 0
-110.000   28.000  0.01289 1
-110.000   29.000  0.01185 10
-110.000   30.000  0.01275 23
-110.000   31.000  0.00541 33
-110.000   32.000 -0.00587 65
-110.000   33.000 -0.01227 63
-110.000   34.000 -0.01847 63
-110.000   35.000 -0.02099 37
-110.000   36.000 -0.02206 50
-110.000   37.000 -0.02304 43
-110.000   38.000 -0.02078 37
-110.000   39.000 -0.02041 58
-110.000   40.000 -0.02776 57
-110.000   41.000 -0.02892 107
-110.000   42.000 -0.02809 69
-110.000   43.000 -0.03292 62
-110.000   44.000 -0.03102 50
-110.000   45.000 -0.02732 42
-110.000   46.000 -0.02199 34
-110.000   47.000 -0.01961 30
-110.000   48.000 -0.01252 17
-110.000   49.000 -0.00945 15
-110.000   50.000 -0.00379 9
-109.000   25.000  0.00000 0
-109.000   26.000  0.00520 0
-109.000   27.000  0.00498 0
-109.000   28.000  0.00565 2
-109.000   29.000  0.00253 5
-109.000   30.000  0.00127 19
-109.000   31.000 -0.00802 20
-109.000   32.000 -0.01255 47
-109.000   33.000 -0.01807 72
-109.000   34.000 -0.02062 66
-109.000   35.000 -0.02273 93
-109.000   36.000 -0.02236 53
-109.000   37.000 -0.02019 71
-109.000   38.000 -0.01725 35
-109.000   39.000 -0.01703 68
-109.000   40.000 -0.02201 55
-109.000   41.000 -0.02244 117
-109.000   42.000 -0.02671 112
-109.000   43.000 -0.03188 74
-109.000   44.000 -0.03125 60
-109.000   45.000 -0.02841 58
-109.000   46.000 -0.02626 36
-109.000   47.000 -0.02415 21
-109.000   48.000 -0.01915 24
-109.000   49.000 -0.01790 10
-109.000   50.000 -0.01467 6
-108.000   25.000  0.00000 0
-108.000   26.000  0.00290 0
-108.000   27.000  0.00381 0
-108.000   28.000  0.00232 1
-108.000   29.000  0.00008 23
-108.000   30.000 -0.00279 33
-108.000   31.000 -0.01211 32
-108.000   32.000 -0.01829 59
-108.000   33.000 -0.02022 77
-108.000   34.000 -0.02263 44
-108.000   35.000 -0.02390 52
-108.000   36.000 -0.02296 46
-108.000   37.000 -0.02105 58
-108.000   38.000 -0.02047 34
-108.000   39.000 -0.02079 46
-108.000   40.000 -0.02327 60
-108.000   41.000 -0.02200 113
-108.000   42.000 -0.02335 70
-108.000   43.000 -0.02552 75
-108.000   44.000 -0.02445 35
-108.000   45.000 -0.02333 34
-108.000   46.000 -0.02325 46
-108.000   47.000 -0.02284 21
-108.000   48.000 -0.01870 14
-108.000   49.000 -0.01851 12
-108.000   50.000 -0.01550 6
-107.000   25.000 -0.00558 0
-107.000   26.000 -0.01662 0
-107.000   27.000 -0.01113 0
-107.000   28.000 -0.01157 0
-107.000   29.000 -0.01163 10
-107.000   30.000 -0.01138 36
-107.000   31.000 -0.00727 49
-107.000   32.000 -0.01470 72
-107.000   33.000 -0.01656 74
-107.000   34.000 -0.01885 51
-107.000   35.000 -0.01979 83
-107.000   36.000 -0.01904 54
-107.000   37.000 -0.01477 28
-107.000   38.000 -0.01583 52
-107.000   39.000 -0.01795 72
-107.000   40.000 -0.01868 41
-107.000   41.000 -0.01812 50
-107.000   42.000 -0.02049 94
-107.000   43.000 -0.01975 64
-107.000   44.000 -0.02006 48
-107.000   45.000 -0.02219 29
-107.000   46.000 -0.02089 34
-107.000   47.000 -0.02080 27
-107.000   48.000 -0.02111 18
-107.000   49.000 -0.02042 18
-107.000   50.000 -0.01571 20
-106.000   25.000 -0.01374 0
-106.000   26.000 -0.01430 0
-106.000   27.000 -0.01019 0
-106.000   28.000 -0.01334 18
-106.000   29.000 -0.01171 21
-106.000   30.000 -0.00889 52
-106.000   31.000 -0.01003 58
-106.000   32.000 -0.01707 98
-106.000   33.000 -0.01509 66
-106.000   34.000 -0.01394 78
-106.000   35.000 -0.01748 77
-106.000   36.000 -0.02013 60
-106.000   37.000 -0.01533 52
-106.000   38.000 -0.01917 78
-106.000   39.000 -0.02141 38
-106.000   40.000 -0.01992 38
-106.000   41.000 -0.01664 49
-106.000   42.000 -0.01760 94
-106.000   43.000 -0.01478 88
-106.000   44.000 -0.01605 34
-106.000   45.000 -0.01873 34
-106.000   46.000 -0.01972 34
-106.000   47.000 -0.01929 22
-106.000   48.000 -0.02040 28
-106.000   49.000 -0.01984 17
-106.000   50.000 -0.01585 15
-105.000   25.000 -0.01708 0
-105.000   26.000 -0.02173 0
-105.000   27.000 -0.01847 1
-105.000   28.000 -0.02214 21
-105.000   29.000 -0.01670 24
-105.000   30.000 -0.01806 74
-105.000   31.000 -0.01352 78
-105.000   32.000 -0.01643 95
-105.000   33.000 -0.01388 75
-105.000   34.000 -0.01124 66
-105.000   35.000 -0.01273 91
-105.000   36.000 -0.01717 56
-105.000   37.000 -0.01562 55
-105.000   38.000 -0.01985 46
-105.000   39.000 -0.02191 66
-105.000   40.000 -0.02034 60
-105.000   41.000 -0.01563 38
-105.000   42.000 -0.01344 59
-105.000   43.000 -0.00846 62
-105.000   44.000 -0.01025 37
-105.000   45.000 -0.01168 46
-105.000   46.000 -0.01297 36
-105.000   47.000 -0.01633 32
-105.000   48.000 -0.01663 23
-105.000   49.000 -0.01543 10
-105.000   50.000 -0.01317 12
-104.000   25.000 -0.01223 0
-104.000   26.000 -0.02142 7
-104.000   27.000 -0.01407 28
-104.000   28.000 -0.01792 12
-104.000   29.000 -0.00939 37
-104.000   30.000 -0.01262 30
-104.000   31.000 -0.00337 72
-104.000   32.000 -0.01011 69
-104.000   33.000 -0.00699 67
-104.000   34.000 -0.00685 60
-104.000   35.000 -0.00959 109
-104.000   36.000 -0.01531 41
-104.000   37.000 -0.01541 54
-104.000   38.000 -0.02024 41
-104.000   39.000 -0.02305 64
-104.000   40.000 -0.02020 53
-104.000   41.000 -0.01647 49
-104.000   42.000 -0.01151 54
-104.000   43.000 -0.00793 32
-104.000   44.000 -0.00832 35
-104.000   45.000 -0.00965 26
-104.000   46.000 -0.00846 41
-104.000   47.000 -0.01095 38
-104.000   48.000 -0.00901 23
-104.000   49.000 -0.00746 20
-104.000   50.000 -0.00449 22
-103.000   25.000 -0.02158 0
-103.000   26.000 -0.02935 3
-103.000   27.000 -0.02204 13
-103.000   28.000 -0.02267 15
-103.000   29.000 -0.01268 41
-103.000   30.000 -0.01177 61
-103.000   31.000 -0.00174 50
-103.000   32.000 -0.00774 71
-103.000   33.000 -0.00666 53
-103.000   34.000 -0.00492 40
-103.000   35.000 -0.00862 75
-103.000   36.000 -0.01334 38
-103.000   37.000 -0.01157 40
-103.000   38.000 -0.01895 24
-103.000   39.000 -0.02127 36
-103.000   40.000 -0.02105 47
-103.000   41.000 -0.01967 45
-103.000   42.000 -0.01655 44
-103.000   43.000 -0.01318 41
-103.000   44.000 -0.01395 42
-103.000   45.000 -0.01089 43
-103.000   46.000 -0.00749 38
-103.000   47.000 -0.01009 25
-103.000   48.000 -0.00535 21
-103.000   49.000 -0.00277 14
-103.000   50.000 -0.00255 16
-102.000   25.000 -0.01472 0
-102.000   26.000 -0.02225 0
-102.000   27.000 -0.01619 25
-102.000   28.000 -0.01607 21
-102.000   29.000 -0.00338 53
-102.000   30.000 -0.00997 75
-102.000   31.000 -0.00451 75
-102.000   32.000 -0.00996 84
-102.000   33.000 -0.01102 43
-102.000   34.000 -0.01113 37
-102.000   35.000 -0.01282 54
-102.000   36.000 -0.01496 30
-102.000   37.000 -0.01573 49
-102.000   38.000 -0.02307 30
-102.000   39.000 -0.02584 41
-102.000   40.000 -0.02626 38
-102.000   41.000 -0.02431 40
-102.000   42.000 -0.02107 61
-102.000   43.000 -0.01454 32
-102.000   44.000 -0.01107 52
-102.000   45.000 -0.00590 22
-102.000   46.000 -0.00590 42
-102.000   47.000 -0.00770 27
-102.000   48.000 -0.00400 24
-102.000   49.000 -0.00467 29
-102.000   50.000 -0.00820 18
-101.000   25.000 -0.01165 0
-101.000   26.000 -0.01559 1
-101.000   27.000 -0.01199 18
-101.000   28.000 -0.00480 45
-101.000   29.000  0.00238 85
-101.000   30.000 -0.00625 87
-101.000   31.000 -0.00725 95
-101.000   32.000 -0.01069 81
-101.000   33.000 -0.01265 53
-101.000   34.000 -0.01418 71
-101.000   35.000 -0.01498 49
-101.000   36.000 -0.01233 47
-101.000   37.000 -0.01222 82
-101.000   38.000 -0.01847 63
-101.000   39.000 -0.01982 44
-101.000   40.000 -0.02239 59
-101.000   41.000 -0.02314 28
-101.000   42.000 -0.02289 39
-101.000   43.000 -0.01613 38
-101.000   44.000 -0.01218 61
-101.000   45.000 -0.00347 39
-101.000   46.000 -0.00160 62
-101.000   47.000 -0.00111 27
-101.000   48.000  0.00169 21
-101.000   49.000  0.00134 18
-101.000   50.000 -0.00354 24
-100.000   25.000  0.00084 0
-100.000   26.000 -0.00768 12
-100.000   27.000 -0.00315 5
-100.000   28.000  0.00190 51
-100.000   29.000  0.00093 48
-100.000   30.000 -0.00080 47
-100.000   31.000 -0.00123 69
-100.000   32.000 -0.00780 72
-100.000   33.000 -0.01033 72
-100.000   34.000 -0.01417 67
-100.000   35.000 -0.01836 41
-100.000   36.000 -0.01475 56
-100.000   37.000 -0.01231 45
-100.000   38.000 -0.01630 48
-100.000   39.000 -0.01808 38
-100.000   40.000 -0.02130 68
-100.000   41.000 -0.02083 28
-100.000   42.000 -0.02293 35
-100.000   43.000 -0.01750 43
-100.000   44.000 -0.00872 44
-100.000   45.000  0.00087 42
-100.000   46.000  0.00324 47
-100.000   47.000  0.00399 36
-100.000   48.000  0.00694 16
-100.000   49.000  0.00462 19
-100.000   50.000  0.00051 10
 -99.000   25.000 -0.00025 8
 -99.000   26.000 -0.00784 16
 -99.000   27.000 -0.00497 21
 -99.000   28.000  0.00066 61
 -99.000   29.000 -0.00096 58
 -99.000   30.000  0.00364 52
 -99.000   31.000  0.00135 39
 -99.000   32.000 -0.00260 70
 -99.000   33.000 -0.01044 58
 -99.000   34.000 -0.01545 45
 -99.000   35.000 -0.02056 41
 -99.000   36.000 -0.01526 50
 -99.000   37.000 -0.01360 42
 -99.000   38.000 -0.01437 49
 -99.000   39.000 -0.01200 33
 -99.000   40.000 -0.01594 58
 -99.000   41.000 -0.01389 32
 -99.000   42.000 -0.01623 35
 -99.000   43.000 -0.01256 26
 -99.000   44.000 -0.00638 44
 -99.000   45.000  0.00279 47
 -99.000   46.000  0.00557 66
 -99.000   47.000  0.00922 24
 -99.000   48.000  0.01099 21
 -99.000   49.000  0.01071 4
 -99.000   50.000  0.00865 26
 -98.000   25.000  0.00379 5
 -98.000   26.000  0.00100 39
 -98.000   27.000  0.00281 28
 -98.000   28.000  0.01045 20
 -98.000   29.000  0.00826 56
 -98.000   30.000  0.00846 41
 -98.000   31.000  0.00414 71
 -98.000   32.000  0.00021 51
 -98.000   33.000 -0.00952 37
 -98.000   34.000 -0.01743 47
 -98.000   35.000 -0.02145 68
 -98.000   36.000 -0.01733 78
 -98.000   37.000 -0.01612 73
 -98.000   38.000 -0.01128 57
 -98.000   39.000 -0.00768 34
 -98.000   40.000 -0.00912 43
 -98.000   41.000 -0.00631 45
 -98.000   42.000 -0.00702 50
 -98.000   43.000 -0.00433 34
 -98.000   44.000  0.00287 49
 -98.000   45.000  0.01113 38
 -98.000   46.000  0.01504 52
 -98.000   47.000  0.02134 44
 -98.000   48.000  0.02002 20
 -98.000   49.000  0.02092 11
 -98.000   50.000  0.02047 21
 -97.000   25.000  0.00557 8
 -97.000   26.000  0.00759 19
 -97.000   27.000  0.00621 35
 -97.000   28.000  0.01178 26
 -97.000   29.000  0.00531 43
 -97.000   30.000  0.01205 21
 -97.000   31.000  0.00891 49
 -97.000   32.000  0.00584 66
 -97.000   33.000 -0.00066 68
 -97.000   34.000 -0.01065 61
 -97.000   35.000 -0.01605 47
 -97.000   36.000 -0.01719 68
 -97.000   37.000 -0.01442 94
 -97.000   38.000 -0.00820 63
 -97.000   39.000 -0.00178 52
 -97.000   40.000 -0.00409 34
 -97.000   41.000  0.00044 31
 -97.000   42.000  0.00132 42
 -97.000   43.000 -0.00059 33
 -97.000   44.000  0.00421 29
 -97.000   45.000  0.01303 31
 -97.000   46.000  0.02098 50
 -97.000   47.000  0.02872 24
 -97.000   48.000  0.02705 17
 -97.000   49.000  0.02981 10
 -97.000   50.000  0.03220 16
 -96.000   25.000  0.00654 1
 -96.000   26.000  0.00504 7
 -96.000   27.000  0.00345 23
 -96.000   28.000  0.00140 20
 -96.000   29.000  0.00024 41
 -96.000   30.000  0.00799 27
 -96.000   31.000  0.01119 27
 -96.000   32.000  0.00800 32
 -96.000   33.000  0.00143 53
 -96.000   34.000 -0.01025 65
 -96.000   35.000 -0.01311 29
 -96.000   36.000 -0.01879 46
 -96.000   37.000 -0.01643 28
 -96.000   38.000 -0.00747 68
 -96.000   39.000 -0.00225 39
 -96.000   40.000 -0.00396 40
 -96.000   41.000  0.00223 23
 -96.000   42.000  0.00591 35
 -96.000   43.000  0.00271 40
 -96.000   44.000  0.00548 24
 -96.000   45.000  0.01351 40
 -96.000   46.000  0.02240 45
 -96.000   47.000  0.03049 25
 -96.000   48.000  0.03007 21
 -96.000   49.000  0.03576 10
 -96.000   50.000  0.03976 17
 -95.000   25.000 -0.00488 0
 -95.000   26.000 -0.00043 1
 -95.000   27.000  0.00107 17
 -95.000   28.000  0.00179 28
 -95.000   29.000  0.00336 29
 -95.000   30.000  0.00904 16
 -95.000   31.000  0.01050 21
 -95.000   32.000  0.00594 33
 -95.000   33.000 -0.00333 69
 -95.000   34.000 -0.01349 50
 -95.000   35.000 -0.01370 51
 -95.000   36.000 -0.02175 78
 -95.000   37.000 -0.01972 42
 -95.000   38.000 -0.00992 50
 -95.000   39.000 -0.00374 63
 -95.000   40.000 -0.00560 40
 -95.000   41.000  0.00045 47
 -95.000   42.000  0.00423 38
 -95.000   43.000  0.00227 56
 -95.000   44.000  0.00086 30
 -95.000   45.000  0.00812 45
 -95.000   46.000  0.01750 61
 -95.000   47.000  0.02617 45
 -95.000   48.000  0.02714 27
 -95.000   49.000  0.03576 10
 -95.000   50.000  0.04123 3
 -94.000   25.000  0.00828 0
 -94.000   26.000  0.01347 0
 -94.000   27.000  0.00840 7
 -94.000   28.000  0.00933 8
 -94.000   29.000  0.00782 50
 -94.000   30.000  0.00214 21
 -94.000   31.000  0.00077 26
 -94.000   32.000 -0.00024 46
 -94.000   33.000 -0.00716 42
 -94.000   34.000 -0.01555 41
 -94.000   35.000 -0.01738 31
 -94.000   36.000 -0.02551 77
 -94.000   37.000 -0.02436 39
 -94.000   38.000 -0.01617 47
 -94.000   39.000 -0.01185 55
 -94.000   40.000 -0.01177 47
 -94.000   41.000 -0.00607 57
 -94.000   42.000 -0.00088 32
 -94.000   43.000  0.00142 28
 -94.000   44.000  0.00192 43
 -94.000   45.000  0.00847 36
 -94.000   46.000  0.01740 33
 -94.000   47.000  0.02443 56
 -94.000   48.000  0.02902 36
 -94.000   49.000  0.03899 17
 -94.000   50.000  0.04587 3
 -93.000   25.000  0.00462 0
 -93.000   26.000  0.00381 0
 -93.000   27.000 -0.00021 2
 -93.000   28.000 -0.00487 6
 -93.000   29.000 -0.00902 24
 -93.000   30.000 -0.00811 7
 -93.000   31.000 -0.00414 27
 -93.000   32.000 -0.00326 29
 -93.000   33.000 -0.00505 33
 -93.000   34.000 -0.01076 60
 -93.000   35.000 -0.01329 25
 -93.000   36.000 -0.02414 33
 -93.000   37.000 -0.02473 35
 -93.000   38.000 -0.02111 34
 -93.000   39.000 -0.01869 53
 -93.000   40.000 -0.01979 30
 -93.000   41.000 -0.01278 39
 -93.000   42.000 -0.00988 33
 -93.000   43.000 -0.00543 38
 -93.000   44.000 -0.00395 25
 -93.000   45.000  0.00135 31
 -93.000   46.000  0.01114 34
 -93.000   47.000  0.02352 23
 -93.000   48.000  0.03128 20
 -93.000   49.000  0.04145 39
 -93.000   50.000  0.05315 2
 -92.000   25.000  0.00156 0
 -92.000   26.000 -0.00556 0
 -92.000   27.000 -0.00952 1
 -92.000   28.000 -0.01274 4
 -92.000   29.000 -0.01640 10
 -92.000   30.000 -0.01826 13
 -92.000   31.000 -0.01017 16
 -92.000   32.000 -0.00660 31
 -92.000   33.000 -0.00889 43
 -92.000   34.000 -0.01141 34
 -92.000   35.000 -0.01418 38
 -92.000   36.000 -0.02269 44
 -92.000   37.000 -0.02640 29
 -92.000   38.000 -0.02374 43
 -92.000   39.000 -0.02144 53
 -92.000   40.000 -0.02126 43
 -92.000   41.000 -0.01679 39
 -92.000   42.000 -0.01381 55
 -92.000   43.000 -0.00940 47
 -92.000   44.000 -0.00939 57
 -92.000   45.000 -0.00517 40
 -92.000   46.000  0.00232 13
 -92.000   47.000  0.01810 17
 -92.000   48.000  0.02827 18
 -92.000   49.000  0.04018 9
 -92.000   50.000  0.05240 1
 -91.000   25.000  0.00208 0
 -91.000   26.000 -0.00139 0
 -91.000   27.000 -0.00585 2
 -91.000   28.000 -0.00971 3
 -91.000   29.000 -0.01480 10
 -91.000   30.000 -0.01418 7
 -91.000   31.000 -0.01124 17
 -91.000   32.000 -0.00843 29
 -91.000   33.000 -0.00794 28
 -91.000   34.000 -0.01072 45
 -91.000   35.000 -0.01646 38
 -91.000   36.000 -0.02071 64
 -91.000   37.000 -0.02457 37
 -91.000   38.000 -0.02430 34
 -91.000   39.000 -0.02175 53
 -91.000   40.000 -0.02132 41
 -91.000   41.000 -0.01961 35
 -91.000   42.000 -0.01815 28
 -91.000   43.000 -0.01245 43
 -91.000   44.000 -0.01142 44
 -91.000   45.000 -0.00681 38
 -91.000   46.000 -0.00116 36
 -91.000   47.000  0.01395 14
 -91.000   48.000  0.02332 11
 -91.000   49.000  0.03453 4
 -91.000   50.000  0.04409 4
 -90.000   25.000  0.00434 0
 -90.000   26.000  0.00834 0
 -90.000   27.000 -0.00384 0
 -90.000   28.000 -0.00779 5
 -90.000   29.000 -0.01237 21
 -90.000   30.000 -0.01327 15
 -90.000   31.000 -0.01724 10
 -90.000   32.000 -0.00839 17
 -90.000   33.000 -0.00451 23
 -90.000   34.000 -0.00603 41
 -90.000   35.000 -0.01225 44
 -90.000   36.000 -0.01303 48
 -90.000   37.000 -0.01701 32
 -90.000   38.000 -0.02078 53
 -90.000   39.000 -0.02096 62
 -90.000   40.000 -0.02016 72
 -90.000   41.000 -0.02168 50
 -90.000   42.000 -0.02309 34
 -90.000   43.000 -0.01751 25
 -90.000   44.000 -0.01523 43
 -90.000   45.000 -0.01203 35
 -90.000   46.000 -0.00692 20
 -90.000   47.000  0.01740 28
 -90.000   48.000  0.01460 24
 -90.000   49.000  0.02325 2
 -90.000   50.000  0.03188 2
 -89.000   25.000 -0.01258 0
 -89.000   26.000 -0.00865 0
 -89.000   27.000 -0.01463 1
 -89.000   28.000 -0.02289 3
 -89.000   29.000 -0.02523 13
 -89.000   30.000 -0.01688 6
 -89.000   31.000 -0.01754 12
 -89.000   32.000 -0.01118 28
 -89.000   33.000 -0.00170 23
 -89.000   34.000 -0.00290 49
 -89.000   35.000 -0.00705 46
 -89.000   36.000 -0.00783 86
 -89.000   37.000 -0.01044 77
 -89.000   38.000 -0.01440 50
 -89.000   39.000 -0.01700 115
 -89.000   40.000 -0.01923 55
 -89.000   41.000 -0.02126 36
 -89.000   42.000 -0.02584 37
 -89.000   43.000 -0.02327 41
 -89.000   44.000 -0.01975 10
 -89.000   45.000 -0.01584 10
 -89.000   46.000 -0.01279 25
 -89.000   47.000  0.01535 10
 -89.000   48.000  0.00848 24
 -89.000   49.000  0.01388 2
 -89.000   50.000  0.02129 2
 -88.000   25.000 -0.00361 0
 -88.000   26.000  0.00313 0
 -88.000   27.000 -0.00401 0
 -88.000   28.000 -0.00934 3
 -88.000   29.000 -0.01072 4
 -88.000   30.000 -0.00637 18
 -88.000   31.000 -0.01063 17
 -88.000   32.000 -0.00426 35
 -88.000   33.000  0.00309 37
 -88.000   34.000  0.00138 47
 -88.000   35.000 -0.00433 75
 -88.000   36.000 -0.00377 93
 -88.000   37.000 -0.00606 66
 -88.000   38.000 -0.01057 84
 -88.000   39.000 -0.01123 76
 -88.000   40.000 -0.01163 52
 -88.000   41.000 -0.01473 51
 -88.000   42.000 -0.01930 41
 -88.000   43.000 -0.01684 38
 -88.000   44.000 -0.01631 23
 -88.000   45.000 -0.01622 32
 -88.000   46.000 -0.01658 18
 -88.000   47.000  0.00361 15
 -88.000   48.000 -0.00662 9
 -88.000   49.000 -0.00424 1
 -88.000   50.000  0.00074 1
 -87.000   25.000 -0.01314 0
 -87.000   26.000 -0.00478 0
 -87.000   27.000 -0.01051 0
 -87.000   28.000 -0.01415 6
 -87.000   29.000 -0.01408 10
 -87.000   30.000 -0.00243 22
 -87.000   31.000 -0.00587 15
 -87.000   32.000  0.00155 37
 -87.000   33.000  0.00785 51
 -87.000   34.000  0.00578 30
 -87.000   35.000 -0.00259 71
 -87.000   36.000 -0.00238 77
 -87.000   37.000 -0.00457 57
 -87.000   38.000 -0.01238 94
 -87.000   39.000 -0.01347 78
 -87.000   40.000 -0.01062 46
 -87.000   41.000 -0.01573 35
 -87.000   42.000 -0.02027 48
 -87.000   43.000 -0.01595 29
 -87.000   44.000 -0.01515 16
 -87.000   45.000 -0.01741 16
 -87.000   46.000 -0.01854 17
 -87.000   47.000 -0.00424 11
 -87.000   48.000 -0.01498 4
 -87.000   49.000 -0.01587 4
 -87.000   50.000 -0.01447 2
 -86.000   25.000 -0.01296 0
 -86.000   26.000 -0.00041 0
 -86.000   27.000 -0.00560 0
 -86.000   28.000 -0.00933 15
 -86.000   29.000 -0.00880 14
 -86.000   30.000  0.00289 23
 -86.000   31.000 -0.00257 23
 -86.000   32.000  0.00495 51
 -86.000   33.000  0.01145 64
 -86.000   34.000  0.01208 52
 -86.000   35.000  0.00244 76
 -86.000   36.000 -0.00130 91
 -86.000   37.000 -0.00580 79
 -86.000   38.000 -0.01513 85
 -86.000   39.000 -0.01865 84
 -86.000   40.000 -0.01330 36
 -86.000   41.000 -0.01638 61
 -86.000   42.000 -0.01779 36
 -86.000   43.000 -0.01315 34
 -86.000   44.000 -0.01093 33
 -86.000   45.000 -0.01379 10
 -86.000   46.000 -0.01732 29
 -86.000   47.000 -0.00836 11
 -86.000   48.000 -0.01959 18
 -86.000   49.000 -0.02430 6
 -86.000   50.000 -0.02701 0
 -85.000   25.000 -0.02317 0
 -85.000   26.000 -0.01438 0
 -85.000   27.000 -0.00876 3
 -85.000   28.000 -0.01079 12
 -85.000   29.000 -0.00896 11
 -85.000   30.000  0.00848 29
 -85.000   31.000  0.00787 24
 -85.000   32.000  0.00687 67
 -85.000   33.000  0.01163 108
 -85.000   34.000  0.01208 60
 -85.000   35.000  0.00071 64
 -85.000   36.000 -0.00504 89
 -85.000   37.000 -0.00885 100
 -85.000   38.000 -0.01623 81
 -85.000   39.000 -0.01966 64
 -85.000   40.000 -0.01226 45
 -85.000   41.000 -0.01429 53
 -85.000   42.000 -0.01522 41
 -85.000   43.000 -0.00977 43
 -85.000   44.000 -0.00813 24
 -85.000   45.000 -0.01296 9
 -85.000   46.000 -0.01484 15
 -85.000   47.000 -0.01647 10
 -85.000   48.000 -0.01997 7
 -85.000   49.000 -0.02559 7
 -85.000   50.000 -0.02737 1
 -84.000   25.000 -0.02724 0
 -84.000   26.000 -0.01397 0
 -84.000   27.000 -0.00853 8
 -84.000   28.000 -0.00448 14
 -84.000   29.000 -0.00170 19
 -84.000   30.000  0.01563 26
 -84.000   31.000  0.01475 46
 -84.000   32.000  0.01245 64
 -84.000   33.000  0.01396 86
 -84.000   34.000  0.01025 102
 -84.000   35.000 -0.00047 79
 -84.000   36.000 -0.01060 70
 -84.000   37.000 -0.01339 67
 -84.000   38.000 -0.01960 66
 -84.000   39.000 -0.02121 48
 -84.000   40.000 -0.01196 32
 -84.000   41.000 -0.01161 63
 -84.000   42.000 -0.01136 62
 -84.000   43.000 -0.00521 36
 -84.000   44.000 -0.00247 26
 -84.000   45.000 -0.00668 17
 -84.000   46.000 -0.00970 4
 -84.000   47.000 -0.01679 5
 -84.000   48.000 -0.02039 7
 -84.000   49.000 -0.02827 2
 -84.000   50.000 -0.03435 0
 -83.000   25.000 -0.01917 1
 -83.000   26.000 -0.01194 0
 -83.000   27.000 -0.00899 10
 -83.000   28.000 -0.00718 24
 -83.000   29.000 -0.01294 50
 -83.000   30.000  0.00407 47
 -83.000   31.000  0.00463 49
 -83.000   32.000  0.00183 82
 -83.000   33.000  0.00589 90
 -83.000   34.000  0.00432 77
 -83.000   35.000 -0.00485 51
 -83.000   36.000 -0.01475 52
 -83.000   37.000 -0.01527 70
 -83.000   38.000 -0.01921 74
 -83.000   39.000 -0.02219 62
 -83.000   40.000 -0.01486 68
 -83.000   41.000 -0.01362 73
 -83.000   42.000 -0.01366 35
 -83.000   43.000 -0.01131 26
 -83.000   44.000 -0.00729 24
 -83.000   45.000 -0.01005 8
 -83.000   46.000 -0.01158 12
 -83.000   47.000 -0.01738 8
 -83.000   48.000 -0.01771 4
 -83.000   49.000 -0.02569 3
 -83.000   50.000 -0.03181 3
 -82.000   25.000 -0.01941 4
 -82.000   26.000 -0.01317 8
 -82.000   27.000 -0.01044 18
 -82.000   28.000 -0.00556 24
 -82.000   29.000 -0.01061 32
 -82.000   30.000  0.00634 22
 -82.000   31.000  0.00459 29
 -82.000   32.000  0.00252 10
 -82.000   33.000  0.00155 28
 -82.000   34.000 -0.00147 26
 -82.000   35.000 -0.01088 32
 -82.000   36.000 -0.01868 60
 -82.000   37.000 -0.01922 69
 -82.000   38.000 -0.01931 56
 -82.000   39.000 -0.02167 62
 -82.000   40.000 -0.01522 66
 -82.000   41.000 -0.01055 64
 -82.000   42.000 -0.01266 36
 -82.000   43.000 -0.01259 32
 -82.000   44.000 -0.00895 26
 -82.000   45.000 -0.00958 17
 -82.000   46.000 -0.00979 8
 -82.000   47.000 -0.01748 31
 -82.000   48.000 -0.01526 10
 -82.000   49.000 -0.02199 4
 -82.000   50.000 -0.02823 0
 -81.000   25.000 -0.01630 9
 -81.000   26.000 -0.01482 3
 -81.000   27.000 -0.01826 2
 -81.000   28.000 -0.01179 12
 -81.000   29.000 -0.01550 13
 -81.000   30.000 -0.00215 7
 -81.000   31.000 -0.00088 11
 -81.000   32.000  0.00354 27
 -81.000   33.000  0.00052 27
 -81.000   34.000 -0.00537 32
 -81.000   35.000 -0.01230 63
 -81.000   36.000 -0.02096 53
 -81.000   37.000 -0.02073 133
 -81.000   38.000 -0.01886 71
 -81.000   39.000 -0.02016 59
 -81.000   40.000 -0.01355 55
 -81.000   41.000 -0.00641 46
 -81.000   42.000 -0.01087 42
 -81.000   43.000 -0.01420 62
 -81.000   44.000 -0.01104 27
 -81.000   45.000 -0.01276 15
 -81.000   46.000 -0.01193 16
 -81.000   47.000 -0.01434 5
 -81.000   48.000 -0.01278 15
 -81.000   49.000 -0.01770 4
 -81.000   50.000 -0.02218 0
 -80.000   25.000 -0.00609 0
 -80.000   26.000 -0.00727 0
 -80.000   27.000 -0.01618 1
 -80.000   28.000 -0.01108 3
 -80.000   29.000 -0.01392 1
 -80.000   30.000 -0.00557 10
 -80.000   31.000 -0.00065 15
 -80.000   32.000  0.00865 29
 -80.000   33.000  0.00493 26
 -80.000   34.000 -0.00380 36
 -80.000   35.000 -0.00995 19
 -80.000   36.000 -0.02143 56
 -80.000   37.000 -0.02336 89
 -80.000   38.000 -0.02125 60
 -80.000   39.000 -0.02066 70
 -80.000   40.000 -0.01514 82
 -80.000   41.000 -0.00849 62
 -80.000   42.000 -0.01203 35
 -80.000   43.000 -0.01580 29
 -80.000   44.000 -0.01295 38
 -80.000   45.000 -0.01551 19
 -80.000   46.000 -0.01552 28
 -80.000   47.000 -0.01738 11
 -80.000   48.000 -0.02161 15
 -80.000   49.000 -0.02823 2
 -80.000   50.000 -0.03418 3
 -79.000   25.000 -0.00201 0
 -79.000   26.000 -0.00475 0
 -79.000   27.000 -0.01421 3
 -79.000   28.000 -0.01065 4
 -79.000   29.000 -0.01431 1
 -79.000   30.000 -0.00571 0
 -79.000   31.000 -0.00098 13
 -79.000   32.000  0.00813 20
 -79.000   33.000  0.00523 25
 -79.000   34.000 -0.00070 20
 -79.000   35.000 -0.00851 27
 -79.000   36.000 -0.01701 69
 -79.000   37.000 -0.01917 61
 -79.000   38.000 -0.01992 34
 -79.000   39.000 -0.01986 93
 -79.000   40.000 -0.01454 66
 -79.000   41.000 -0.01040 43
 -79.000   42.000 -0.01281 71
 -79.000   43.000 -0.01674 45
 -79.000   44.000 -0.01527 32
 -79.000   45.000 -0.01762 18
 -79.000   46.000 -0.01442 10
 -79.000   47.000 -0.01863 9
 -79.000   48.000 -0.02654 20
 -79.000   49.000 -0.03198 9
 -79.000   50.000 -0.03848 8
 -78.000   25.000 -0.01008 0
 -78.000   26.000 -0.00751 0
 -78.000   27.000 -0.01442 0
 -78.000   28.000 -0.01027 1
 -78.000   29.000 -0.00456 0
 -78.000   30.000  0.00342 0
 -78.000   31.000  0.00870 9
 -78.000   32.000  0.01809 10
 -78.000   33.000  0.01307 12
 -78.000   34.000  0.00611 15
 -78.000   35.000 -0.00160 45
 -78.000   36.000 -0.01193 28
 -78.000   37.000 -0.01736 58
 -78.000   38.000 -0.01904 63
 -78.000   39.000 -0.02035 71
 -78.000   40.000 -0.01391 51
 -78.000   41.000 -0.01094 70
 -78.000   42.000 -0.01211 71
 -78.000   43.000 -0.01482 45
 -78.000   44.000 -0.01440 44
 -78.000   45.000 -0.01512 22
 -78.000   46.000 -0.01118 25
 -78.000   47.000 -0.01477 8
 -78.000   48.000 -0.02349 13
 -78.000   49.000 -0.02670 3
 -78.000   50.000 -0.03547 2
 -77.000   25.000 -0.00031 0
 -77.000   26.000  0.00456 0
 -77.000   27.000 -0.00194 0
 -77.000   28.000 -0.00194 0
 -77.000   29.000  0.00233 0
 -77.000   30.000  0.00377 0
 -77.000   31.000  0.00668 0
 -77.000   32.000  0.01278 4
 -77.000   33.000  0.01248 10
 -77.000   34.000  0.00696 19
 -77.000   35.000  0.00263 26
 -77.000   36.000 -0.00708 43
 -77.000   37.000 -0.01216 48
 -77.000   38.000 -0.01571 28
 -77.000   39.000 -0.01897 52
 -77.000   40.000 -0.01619 45
 -77.000   41.000 -0.01575 61
 -77.000   42.000 -0.01458 50
 -77.000   43.000 -0.01496 70
 -77.000   44.000 -0.01083 41
 -77.000   45.000 -0.01031 37
 -77.000   46.000 -0.00563 28
 -77.000   47.000 -0.00203 31
 -77.000   48.000 -0.01161 21
 -77.000   49.000 -0.01404 4
 -77.000   50.000 -0.01908 1
 -76.000   25.000  0.00000 0
 -76.000   26.000  0.00236 0
 -76.000   27.000  0.00189 0
 -76.000   28.000  0.00189 0
 -76.000   29.000  0.00367 0
 -76.000   30.000  0.00494 0
 -76.000   31.000  0.00904 0
 -76.000   32.000  0.00636 0
 -76.000   33.000  0.00643 12
 -76.000   34.000  0.00272 9
 -76.000   35.000  0.00130 18
 -76.000   36.000 -0.00457 20
 -76.000   37.000 -0.00630 37
 -76.000   38.000 -0.01088 37
 -76.000   39.000 -0.01275 71
 -76.000   40.000 -0.01470 51
 -76.000   41.000 -0.01738 50
 -76.000   42.000 -0.01678 118
 -76.000   43.000 -0.01357 78
 -76.000   44.000 -0.00944 59
 -76.000   45.000 -0.00735 39
 -76.000   46.000 -0.00201 60
 -76.000   47.000  0.00181 12
 -76.000   48.000 -0.00811 10
 -76.000   49.000 -0.01056 2
 -76.000   50.000 -0.01405 0
 -75.000   25.000  0.00000 0
 -75.000   26.000  0.00000 0
 -75.000   27.000  0.00000 0
 -75.000   28.000  0.00000 0
 -75.000   29.000  0.00000 0
 -75.000   30.000  0.00123 0
 -75.000   31.000  0.00466 0
 -75.000   32.000  0.00124 0
 -75.000   33.000  0.00260 1
 -75.000   34.000 -0.00383 4
 -75.000   35.000 -0.00714 7
 -75.000   36.000 -0.00677 12
 -75.000   37.000 -0.00669 26
 -75.000   38.000 -0.01213 51
 -75.000   39.000 -0.00911 30
 -75.000   40.000 -0.00858 31
 -75.000   41.000 -0.01524 45
 -75.000   42.000 -0.01468 139
 -75.000   43.000 -0.01165 97
 -75.000   44.000 -0.00711 59
 -75.000   45.000 -0.00264 65
 -75.000   46.000  0.00208 55
 -75.000   47.000  0.00744 22
 -75.000   48.000  0.00456 20
 -75.000   49.000  0.00427 3
 -75.000   50.000  0.00084 0
 -74.000   25.000  0.00000 0
 -74.000   26.000  0.00000 0
 -74.000   27.000  0.00000 0
 -74.000   28.000  0.00000 0
 -74.000   29.000  0.00000 0
 -74.000   30.000  0.00000 0
 -74.000   31.000  0.00259 0
 -74.000   32.000  0.00044 0
 -74.000   33.000 -0.00032 0
 -74.000   34.000 -0.00589 1
 -74.000   35.000 -0.00433 0
 -74.000   36.000  0.00018 4
 -74.000   37.000 -0.00099 17
 -74.000   38.000 -0.00444 142
 -74.000   39.000 -0.00045 78
 -74.000   40.000 -0.00279 39
 -74.000   41.000 -0.01298 79
 -74.000   42.000 -0.01270 91
 -74.000   43.000 -0.01056 68
 -74.000   44.000 -0.00963 53
 -74.000   45.000 -0.00596 46
 -74.000   46.000 -0.00329 26
 -74.000   47.000  0.00423 11
 -74.000   48.000  0.00630 22
 -74.000   49.000  0.00869 1
 -74.000   50.000  0.00676 0
 -73.000   25.000  0.00000 0
 -73.000   26.000  0.00000 0
 -73.000   27.000  0.00000 0
 -73.000   28.000  0.00000 0
 -73.000   29.000  0.00000 0
 -73.000   30.000  0.00000 0
 -73.000   31.000 -0.00011 0
 -73.000   32.000 -0.00327 0
 -73.000   33.000 -0.00375 0
 -73.000   34.000 -0.01086 0
 -73.000   35.000 -0.00900 0
 -73.000   36.000 -0.00169 1
 -73.000   37.000 -0.00084 1
 -73.000   38.000 -0.00250 24
 -73.000   39.000  0.00490 55
 -73.000   40.000  0.00070 50
 -73.000   41.000 -0.00983 50
 -73.000   42.000 -0.00968 54
 -73.000   43.000 -0.00809 70
 -73.000   44.000 -0.01088 56
 -73.000   45.000 -0.00601 48
 -73.000   46.000 -0.00657 36
 -73.000   47.000 -0.00088 18
 -73.000   48.000 -0.00032 13
 -73.000   49.000  0.00272 0
 -73.000   50.000 -0.00060 0
 -72.000   25.000  0.00000 0
 -72.000   26.000  0.00000 0
 -72.000   27.000  0.00000 0
 -72.000   28.000  0.00000 0
 -72.000   29.000  0.00000 0
 -72.000   30.000  0.00000 0
 -72.000   31.000  0.00000 0
 -72.000   32.000 -0.00300 0
 -72.000   33.000 -0.00300 0
 -72.000   34.000 -0.00917 0
 -72.000   35.000 -0.00772 0
 -72.000   36.000 -0.00732 0
 -72.000   37.000 -0.00268 1
 -72.000   38.000 -0.00106 5
 -72.000   39.000  0.00634 23
 -72.000   40.000  0.00347 46
 -72.000   41.000 -0.00196 40
 -72.000   42.000 -0.00777 67
 -72.000   43.000 -0.01043 44
 -72.000   44.000 -0.01711 35
 -72.000   45.000 -0.01549 47
 -72.000   46.000 -0.01541 33
 -72.000   47.000 -0.01507 21
 -72.000   48.000 -0.01404 23
 -72.000   49.000 -0.01075 4
 -72.000   50.000 -0.01465 0
 -71.000   25.000  0.00000 0
 -71.000   26.000  0.00000 0
 -71.000   27.000  0.00000 0
 -71.000   28.000  0.00000 0
 -71.000   29.000  0.00000 0
 -71.000   30.000  0.00000 0
 -71.000   31.000  0.00000 0
 -71.000   32.000  0.00000 0
 -71.000   33.000  0.00000 0
 -71.000   34.000 -0.00509 0
 -71.000   35.000 -0.00556 0
 -71.000   36.000 -0.00602 0
 -71.000   37.000 -0.00409 0
 -71.000   38.000 -0.00130 13
 -71.000   39.000  0.00503 25
 -71.000   40.000  0.00440 28
 -71.000   41.000  0.00014 33
 -71.000   42.000 -0.00629 59
 -71.000   43.000 -0.01151 50
 -71.000   44.000 -0.01986 33
 -71.000   45.000 -0.02082 25
 -71.000   46.000 -0.02112 27
 -71.000   47.000 -0.01948 16
 -71.000   48.000 -0.01706 27
 -71.000   49.000 -0.01244 12
 -71.000   50.000 -0.01314 0
 -70.000   25.000  0.00000 0
 -70.000   26.000  0.00000 0
 -70.000   27.000  0.00000 0
 -70.000   28.000  0.00000 0
 -70.000   29.000  0.00000 0
 -70.000   30.000  0.00000 0
 -70.000   31.000  0.00000 0
 -70.000   32.000  0.00000 0
 -70.000   33.000  0.00000 0
 -70.000   34.000  0.00000 0
 -70.000   35.000  0.00260 0
 -70.000   36.000 -0.00059 0
 -70.000   37.000  0.00140 0
 -70.000   38.000  0.00528 4
 -70.000   39.000  0.00926 9
 -70.000   40.000  0.00531 11
 -70.000   41.000  0.00466 9
 -70.000   42.000 -0.00196 21
 -70.000   43.000 -0.00877 29
 -70.000   44.000 -0.02083 37
 -70.000   45.000 -0.02167 30
 -70.000   46.000 -0.01932 22
 -70.000   47.000 -0.01756 28
 -70.000   48.000 -0.01464 21
 -70.000   49.000 -0.00819 2
 -70.000   50.000 -0.00727 0
 -69.000   25.000  0.00000 0
 -69.000   26.000  0.00000 0
 -69.000   27.000  0.00000 0
 -69.000   28.000  0.00000 0
 -69.000   29.000  0.00000 0
 -69.000   30.000  0.00000 0
 -69.000   31.000  0.00000 0
 -69.000   32.000  0.00000 0
 -69.000   33.000  0.00000 0
 -69.000   34.000  0.00000 0
 -69.000   35.000  0.00000 0
 -69.000   36.000 -0.00644 0
 -69.000   37.000 -0.00383 0
 -69.000   38.000  0.00025 0
 -69.000   39.000  0.00382 1
 -69.000   40.000  0.00439 3
 -69.000   41.000  0.00792 4
 -69.000   42.000  0.00243 14
 -69.000   43.000 -0.00661 56
 -69.000   44.000 -0.01580 36
 -69.000   45.000 -0.01843 20
 -69.000   46.000 -0.01401 19
 -69.000   47.000 -0.01266 24
 -69.000   48.000 -0.00770 28
 -69.000   49.000 -0.00260 1
 -69.000   50.000 -0.00005 0
 -68.000   25.000  0.00000 0
 -68.000   26.000  0.00000 0
 -68.000   27.000  0.00000 0
 -68.000   28.000  0.00000 0
 -68.000   29.000  0.00000 0
 -68.000   30.000  0.00000 0
 -68.000   31.000  0.00000 0
 -68.000   32.000  0.00000 0
 -68.000   33.000  0.00000 0
 -68.000   34.000  0.00000 0
 -68.000   35.000  0.00000 0
 -68.000   36.000 -0.00643 0
 -68.000   37.000 -0.00370 0
 -68.000   38.000 -0.00095 0
 -68.000   39.000  0.00078 0
 -68.000   40.000  0.00230 2
 -68.000   41.000  0.00715 2
 -68.000   42.000  0.00100 14
 -68.000   43.000 -0.00931 30
 -68.000   44.000 -0.01065 17
 -68.000   45.000 -0.01684 20
 -68.000   46.000 -0.01131 27
 -68.000   47.000 -0.00880 45
 -68.000   48.000 -0.00125 13
 -68.000   49.000 -0.00204 0
 -68.000   50.000  0.00505 0
 -67.000   25.000  0.00000 0
 -67.000   26.000  0.00000 0
 -67.000   27.000  0.00000 0
 -67.000   28.000  0.00000 0
 -67.000   29.000  0.00000 0
 -67.000   30.000  0.00000 0
 -67.000   31.000  0.00000 0
 -67.000   32.000  0.00000 0
 -67.000   33.000  0.00000 0
 -67.000   34.000  0.00000 0
 -67.000   35.000  0.00000 0
 -67.000   36.000  0.00000 0
 -67.000   37.000 -0.00010 0
 -67.000   38.000  0.00066 0
 -67.000   39.000  0.00307 0
 -67.000   40.000  0.00454 0
 -67.000   41.000  0.00683 0
 -67.000   42.000  0.00574 5
 -67.000   43.000 -0.00729 19
 -67.000   44.000 -0.00434 10
 -67.000   45.000 -0.01271 7
 -67.000   46.000 -0.01268 12
 -67.000   47.000 -0.00971 10
 -67.000   48.000  0.00256 12
 -67.000   49.000 -0.00352 0
 -67.000   50.000  0.00683 0
 -66.000   25.000  0.00000 0
 -66.000   26.000  0.00000 0
 -66.000   27.000  0.00000 0
 -66.000   28.000  0.00000 0
 -66.000   29.000  0.00000 0
 -66.000   30.000  0.00000 0
 -66.000   31.000  0.00000 0
 -66.000   32.000  0.00000 0
 -66.000   33.000  0.00000 0
 -66.000   34.000  0.00000 0
 -66.000   35.000  0.00000 0
 -66.000   36.000  0.00000 0
 -66.000   37.000  0.00000 0
 -66.000   38.000  0.00026 0
 -66.000   39.000  0.00355 0
 -66.000   40.000  0.00562 0
 -66.000   41.000  0.00785 0
 -66.000   42.000  0.00789 0
 -66.000   43.000 -0.00647 4
 -66.000   44.000 -0.00106 5
 -66.000   45.000 -0.01081 6
 -66.000   46.000 -0.01040 12
 -66.000   47.000 -0.01044 6
 -66.000   48.000  0.00366 10
 -66.000   49.000 -0.00630 0
 -66.000   50.000  0.00440 0
 -65.000   25.000  0.00000 0
 -65.000   26.000  0.00000 0
 -65.000   27.000  0.00000 0
 -65.000   28.000  0.00000 0
 -65.000   29.000  0.00000 0
 -65.000   30.000  0.00000 0
 -65.000   31.000  0.00000 0
 -65.000   32.000  0.00000 0
 -65.000   33.000  0.00000 0
 -65.000   34.000  0.00000 0
 -65.000   35.000  0.00000 0
 -65.000   36.000  0.00000 0
 -65.000   37.000  0.00000 0
 -65.000   38.000  0.00000 0
 -65.000   39.000  0.00000 0
 -65.000   40.000  0.00402 0
 -65.000   41.000  0.00824 0
 -65.000   42.000  0.01029 0
 -65.000   43.000 -0.00818 2
 -65.000   44.000  0.00516 2
 -65.000   45.000 -0.00821 3
 -65.000   46.000 -0.01350 6
 -65.000   47.000 -0.01554 9
 -65.000   48.000  0.00292 4
 -65.000   49.000 -0.01302 0
 -65.000   50.000 -0.00176 0
