-130.000   25.000  0.00000 0
-130.000   26.000  0.00000 0
-130.000   27.000  0.00000 0
-130.000   28.000  0.00000 0
-130.000   29.000  0.00000 0
-130.000   30.000  0.00000 0
-130.000   31.000  0.00000 0
-130.000   32.000  0.00000 0
-130.000   33.000  0.00000 0
-130.000   34.000  0.00000 0
-130.000   35.000  0.00000 0
-130.000   36.000  0.00000 0
-130.000   37.000  0.00000 0
-130.000   38.000  0.00000 0
-130.000   39.000  0.00000 0
-130.000   40.000  0.00000 0
-130.000   41.000  0.00000 0
-130.000   42.000  0.00000 0
-130.000   43.000  0.00000 0
-130.000   44.000  0.00000 0
-130.000   45.000  0.00000 0
-130.000   46.000  0.00000 0
-130.000   47.000  0.01394 0
-130.000   48.000  0.03890 0
-130.000   49.000  0.04863 0
-130.000   50.000  0.06484 0
-129.000   25.000  0.00000 0
-129.000   26.000  0.00000 0
-129.000   27.000  0.00000 0
-129.000   28.000  0.00000 0
-129.000   29.000  0.00000 0
-129.000   30.000  0.00000 0
-129.000   31.000  0.00000 0
-129.000   32.000  0.00000 0
-129.000   33.000  0.00000 0
-129.000   34.000  0.00000 0
-129.000   35.000  0.00000 0
-129.000   36.000  0.00000 0
-129.000   37.000  0.00000 0
-129.000   38.000  0.00000 0
-129.000   39.000  0.00000 0
-129.000   40.000  0.00000 0
-129.000   41.000  0.00000 0
-129.000   42.000  0.00000 0
-129.000   43.000  0.00000 0
-129.000   44.000  0.00000 0
-129.000   45.000  0.00000 0
-129.000   46.000  0.00000 0
-129.000   47.000  0.01874 0
-129.000   48.000  0.03789 0
-129.000   49.000  0.04736 0
-129.000   50.000  0.06315 0
-128.000   25.000  0.00000 0
-128.000   26.000  0.00000 0
-128.000   27.000  0.00000 0
-128.000   28.000  0.00000 0
-128.000   29.000  0.00000 0
-128.000   30.000  0.00000 0
-128.000   31.000  0.00000 0
-128.000   32.000  0.00000 0
-128.000   33.000  0.00000 0
-128.000   34.000  0.00000 0
-128.000   35.000  0.00000 0
-128.000   36.000  0.00000 0
-128.000   37.000  0.00000 0
-128.000   38.000  0.00000 0
-128.000   39.000  0.00000 0
-128.000   40.000  0.00000 0
-128.000   41.000  0.00000 0
-128.000   42.000  0.00000 0
-128.000   43.000  0.00000 0
-128.000   44.000  0.00000 0
-128.000   45.000  0.00000 0
-128.000   46.000  0.00826 0
-128.000   47.000  0.02853 0
-128.000   48.000  0.04385 0
-128.000   49.000  0.05482 4
-128.000   50.000  0.07309 2
-127.000   25.000  0.00000 0
-127.000   26.000  0.00000 0
-127.000   27.000  0.00000 0
-127.000   28.000  0.00000 0
-127.000   29.000  0.00000 0
-127.000   30.000  0.00000 0
-127.000   31.000  0.00000 0
-127.000   32.000  0.00000 0
-127.000   33.000  0.00000 0
-127.000   34.000  0.00000 0
-127.000   35.000  0.00000 0
-127.000   36.000  0.00000 0
-127.000   37.000  0.00000 0
-127.000   38.000  0.00000 0
-127.000   39.000  0.00000 0
-127.000   40.000 -0.00403 0
-127.000   41.000 -0.00408 0
-127.000   42.000 -0.00628 0
-127.000   43.000 -0.00628 0
-127.000   44.000 -0.00628 0
-127.000   45.000 -0.01212 0
-127.000   46.000 -0.00135 0
-127.000   47.000  0.02667 0
-127.000   48.000  0.04199 0
-127.000   49.000  0.05249 4
-127.000   50.000  0.08643 7
-126.000   25.000  0.00000 0
-126.000   26.000  0.00000 0
-126.000   27.000  0.00000 0
-126.000   28.000  0.00000 0
-126.000   29.000  0.00000 0
-126.000   30.000  0.00000 0
-126.000   31.000  0.00000 0
-126.000   32.000  0.00000 0
-126.000   33.000  0.00000 0
-126.000   34.000  0.00000 0
-126.000   35.000  0.00000 0
-126.000   36.000  0.00000 0
-126.000   37.000 -0.00091 0
-126.000   38.000  0.00047 0
-126.000   39.000  0.00233 0
-126.000   40.000  0.00098 0
-126.000   41.000  0.00230 0
-126.000   42.000  0.00362 0
-126.000   43.000  0.00425 0
-126.000   44.000  0.00455 0
-126.000   45.000 -0.00160 0
-126.000   46.000  0.00998 0
-126.000   47.000  0.03940 0
-126.000   48.000  0.05379 5
-126.000   49.000  0.06453 5
-126.000   50.000  0.09853 0
-125.000   25.000  0.00000 0
-125.000   26.000  0.00000 0
-125.000   27.000  0.00000 0
-125.000   28.000  0.00000 0
-125.000   29.000  0.00000 0
-125.000   30.000  0.00000 0
-125.000   31.000  0.00000 0
-125.000   32.000  0.00000 0
-125.000   33.000  0.00000 0
-125.000   34.000  0.00000 0
-125.000   35.000  0.00171 0
-125.000   36.000  0.00397 0
-125.000   37.000  0.00421 0
-125.000   38.000  0.00723 0
-125.000   39.000  0.01197 0
-125.000   40.000  0.00978 0
-125.000   41.000  0.01130 0
-125.000   42.000  0.01367 6
-125.000   43.000  0.01310 6
-125.000   44.000  0.01154 1
-125.000   45.000  0.00755 0
-125.000   46.000  0.02026 0
-125.000   47.000  0.04157 7
-125.000   48.000  0.04054 15
-125.000   49.000  0.04670 3
-125.000   50.000  0.06971 0
-124.000   25.000  0.00000 0
-124.000   26.000  0.00000 0
-124.000   27.000  0.00000 0
-124.000   28.000  0.00000 0
-124.000   29.000  0.00000 0
-124.000   30.000  0.00000 0
-124.000   31.000  0.00000 0
-124.000   32.000  0.00000 0
-124.000   33.000  0.00000 0
-124.000   34.000  0.00022 0
-124.000   35.000  0.00234 0
-124.000   36.000  0.00468 0
-124.000   37.000  0.00698 0
-124.000   38.000  0.01207 0
-124.000   39.000  0.01989 17
-124.000   40.000  0.01812 46
-124.000   41.000  0.02066 24
-124.000   42.000  0.02325 66
-124.000   43.000  0.02228 117
-124.000   44.000  0.01945 114
-124.000   45.000  0.01551 91
-124.000   46.000  0.02897 54
-124.000   47.000  0.04316 108
-124.000   48.000  0.04010 32
-124.000   49.000  0.04362 48
-124.000   50.000  0.06414 13
-123.000   25.000  0.00000 0
-123.000   26.000  0.00000 0
-123.000   27.000  0.00000 0
-123.000   28.000  0.00000 0
-123.000   29.000  0.00000 0
-123.000   30.000  0.00000 0
-123.000   31.000  0.00000 0
-123.000   32.000  0.00303 0
-123.000   33.000  0.00459 0
-123.000   34.000  0.00697 0
-123.000   35.000  0.01086 0
-123.000   36.000  0.01532 0
-123.000   37.000  0.01539 17
-123.000   38.000  0.02080 76
-123.000   39.000  0.02607 37
-123.000   40.000  0.02128 105
-123.000   41.000  0.02137 118
-123.000   42.000  0.02475 128
-123.000   43.000  0.02280 104
-123.000   44.000  0.02170 117
-123.000   45.000  0.02068 92
-123.000   46.000  0.02836 125
-123.000   47.000  0.03797 205
-123.000   48.000  0.03403 141
-123.000   49.000  0.03434 28
-123.000   50.000  0.04899 0
-122.000   25.000  0.00000 0
-122.000   26.000  0.00000 0
-122.000   27.000  0.00000 0
-122.000   28.000  0.00000 0
-122.000   29.000  0.00000 0
-122.000   30.000  0.00000 0
-122.000   31.000 -0.00158 0
-122.000   32.000  0.00176 0
-122.000   33.000  0.00242 0
-122.000   34.000  0.00532 0
-122.000   35.000  0.01047 0
-122.000   36.000  0.01964 31
-122.000   37.000  0.02073 55
-122.000   38.000  0.02421 23
-122.000   39.000  0.02895 55
-122.000   40.000  0.02817 122
-122.000   41.000  0.02736 62
-122.000   42.000  0.03484 56
-122.000   43.000  0.03658 88
-122.000   44.000  0.03414 68
-122.000   45.000  0.03836 108
-122.000   46.000  0.04062 81
-122.000   47.000  0.04052 170
-122.000   48.000  0.03570 120
-122.000   49.000  0.03814 38
-122.000   50.000  0.03653 0
-121.000   25.000  0.00000 0
-121.000   26.000  0.00000 0
-121.000   27.000  0.00000 0
-121.000   28.000  0.00000 0
-121.000   29.000  0.00000 0
-121.000   30.000  0.00000 0
-121.000   31.000 -0.00522 0
-121.000   32.000  0.00042 0
-121.000   33.000  0.00005 0
-121.000   34.000  0.00532 1
-121.000   35.000  0.01364 44
-121.000   36.000  0.02919 63
-121.000   37.000  0.03010 35
-121.000   38.000  0.03429 105
-121.000   39.000  0.03511 54
-121.000   40.000  0.02902 64
-121.000   41.000  0.02605 40
-121.000   42.000  0.02903 47
-121.000   43.000  0.02834 68
-121.000   44.000  0.02463 66
-121.000   45.000  0.02797 77
-121.000   46.000  0.02722 35
-121.000   47.000  0.02697 74
-121.000   48.000  0.02384 46
-121.000   49.000  0.02682 11
-121.000   50.000  0.02649 0
-120.000   25.000  0.00000 0
-120.000   26.000  0.00000 0
-120.000   27.000  0.00000 0
-120.000   28.000  0.00000 0
-120.000   29.000  0.00000 0
-120.000   30.000  0.00069 0
-120.000   31.000 -0.00458 0
-120.000   32.000  0.00232 0
-120.000   33.000  0.00144 25
-120.000   34.000  0.00775 62
-120.000   35.000  0.01452 76
-120.000   36.000  0.03009 31
-120.000   37.000  0.02905 140
-120.000   38.000  0.03285 80
-120.000   39.000  0.03074 27
-120.000   40.000  0.02679 13
-120.000   41.000  0.02286 23
-120.000   42.000  0.02531 18
-120.000   43.000  0.02641 28
-120.000   44.000  0.02570 28
-120.000   45.000  0.02468 20
-120.000   46.000  0.02325 63
-120.000   47.000  0.02632 31
-120.000   48.000  0.02229 54
-120.000   49.000  0.02349 42
-120.000   50.000  0.02718 0
-119.000   25.000  0.00000 0
-119.000   26.000  0.00000 0
-119.000   27.000  0.00000 0
-119.000   28.000  0.00000 0
-119.000   29.000  0.00000 0
-119.000   30.000  0.00138 0
-119.000   31.000 -0.00381 0
-119.000   32.000  0.00281 0
-119.000   33.000  0.00111 43
-119.000   34.000  0.00821 174
-119.000   35.000  0.01557 87
-119.000   36.000  0.03267 45
-119.000   37.000  0.03010 110
-119.000   38.000  0.03475 73
-119.000   39.000  0.03021 17
-119.000   40.000  0.02647 13
-119.000   41.000  0.02167 25
-119.000   42.000  0.02344 51
-119.000   43.000  0.02462 27
-119.000   44.000  0.02512 66
-119.000   45.000  0.02327 57
-119.000   46.000  0.01999 56
-119.000   47.000  0.02626 62
-119.000   48.000  0.02214 68
-119.000   49.000  0.02383 25
-119.000   50.000  0.02655 0
-118.000   25.000  0.00000 0
-118.000   26.000  0.00000 0
-118.000   27.000  0.00000 0
-118.000   28.000  0.00000 0
-118.000   29.000  0.00000 0
-118.000   30.000  0.00105 0
-118.000   31.000 -0.00474 0
-118.000   32.000 -0.00246 11
-118.000   33.000 -0.00659 155
-118.000   34.000 -0.00158 390
-118.000   35.000  0.00662 90
-118.000   36.000  0.02396 96
-118.000   37.000  0.02562 35
-118.000   38.000  0.03299 54
-118.000   39.000  0.03143 15
-118.000   40.000  0.03016 20
-118.000   41.000  0.02688 26
-118.000   42.000  0.02783 36
-118.000   43.000  0.03008 17
-118.000   44.000  0.03107 79
-118.000   45.000  0.03033 81
-118.000   46.000  0.02718 93
-118.000   47.000  0.03361 58
-118.000   48.000  0.02812 53
-118.000   49.000  0.02960 6
-118.000   50.000  0.02740 0
-117.000   25.000  0.00000 0
-117.000   26.000  0.00000 0
-117.000   27.000  0.00000 0
-117.000   28.000  0.00000 0
-117.000   29.000  0.00000 0
-117.000   30.000  0.00047 0
-117.000   31.000 -0.00467 0
-117.000   32.000 -0.00410 106
-117.000   33.000 -0.00690 459
-117.000   34.000 -0.00116 226
-117.000   35.000  0.00757 113
-117.000   36.000  0.02261 123
-117.000   37.000  0.02661 32
-117.000   38.000  0.03640 28
-117.000   39.000  0.03257 12
-117.000   40.000  0.03059 45
-117.000   41.000  0.02851 18
-117.000   42.000  0.02743 10
-117.000   43.000  0.02680 19
-117.000   44.000  0.03474 72
-117.000   45.000  0.03732 65
-117.000   46.000  0.03965 24
-117.000   47.000  0.05075 14
-117.000   48.000  0.04439 54
-117.000   49.000  0.04317 9
-117.000   50.000  0.04122 0
-116.000   25.000  0.00000 0
-116.000   26.000  0.00000 0
-116.000   27.000  0.00000 0
-116.000   28.000  0.00000 0
-116.000   29.000  0.00000 0
-116.000   30.000 -0.00051 0
-116.000   31.000 -0.00323 0
-116.000   32.000 -0.00512 55
-116.000   33.000 -0.00685 251
-116.000   34.000 -0.00249 133
-116.000   35.000  0.00634 102
-116.000   36.000  0.01571 46
-116.000   37.000  0.02138 14
-116.000   38.000  0.03101 46
-116.000   39.000  0.02787 14
-116.000   40.000  0.02666 129
-116.000   41.000  0.02714 28
-116.000   42.000  0.02885 11
-116.000   43.000  0.02799 38
-116.000   44.000  0.03752 68
-116.000   45.000  0.04398 47
-116.000   46.000  0.05329 20
-116.000   47.000  0.06685 15
-116.000   48.000  0.05981 26
-116.000   49.000  0.06132 10
-116.000   50.000  0.05916 0
-115.000   25.000  0.00000 0
-115.000   26.000  0.00000 0
-115.000   27.000  0.00000 0
-115.000   28.000  0.00000 0
-115.000   29.000 -0.00083 0
-115.000   30.000 -0.00487 0
-115.000   31.000 -0.00854 0
-115.000   32.000 -0.01137 50
-115.000   33.000 -0.01017 129
-115.000   34.000 -0.00560 127
-115.000   35.000  0.00686 62
-115.000   36.000  0.01297 24
-115.000   37.000  0.01851 16
-115.000   38.000  0.02463 32
-115.000   39.000  0.01948 22
-115.000   40.000  0.01392 275
-115.000   41.000  0.01819 25
-115.000   42.000  0.02177 16
-115.000   43.000  0.02047 63
-115.000   44.000  0.03008 63
-115.000   45.000  0.03986 17
-115.000   46.000  0.05221 19
-115.000   47.000  0.06263 19
-115.000   48.000  0.05661 19
-115.000   49.000  0.06053 5
-115.000   50.000  0.05964 0
-114.000   25.000  0.00000 0
-114.000   26.000  0.00000 0
-114.000   27.000  0.00000 0
-114.000   28.000  0.00000 0
-114.000   29.000 -0.00053 0
-114.000   30.000 -0.00636 0
-114.000   31.000 -0.00993 0
-114.000   32.000 -0.01136 27
-114.000   33.000 -0.00728 51
-114.000   34.000 -0.00125 115
-114.000   35.000  0.01620 55
-114.000   36.000  0.01753 24
-114.000   37.000  0.01965 26
-114.000   38.000  0.01925 13
-114.000   39.000  0.01065 20
-114.000   40.000  0.00123 16
-114.000   41.000  0.01046 17
-114.000   42.000  0.01981 14
-114.000   43.000  0.02461 50
-114.000   44.000  0.03113 45
-114.000   45.000  0.03750 21
-114.000   46.000  0.04985 46
-114.000   47.000  0.06302 25
-114.000   48.000  0.05455 16
-114.000   49.000  0.06391 8
-114.000   50.000  0.07092 0
-113.000   25.000  0.00000 0
-113.000   26.000  0.00000 0
-113.000   27.000  0.00000 0
-113.000   28.000  0.00000 0
-113.000   29.000 -0.00021 0
-113.000   30.000 -0.00524 0
-113.000   31.000 -0.00811 8
-113.000   32.000 -0.00334 55
-113.000   33.000  0.00453 72
-113.000   34.000  0.01058 65
-113.000   35.000  0.02504 35
-113.000   36.000  0.02539 21
-113.000   37.000  0.02203 24
-113.000   38.000  0.01285 16
-113.000   39.000  0.00593 12
-113.000   40.000  0.00201 62
-113.000   41.000  0.01069 19
-113.000   42.000  0.02040 9
-113.000   43.000  0.03308 10
-113.000   44.000  0.03738 17
-113.000   45.000  0.03692 24
-113.000   46.000  0.04892 16
-113.000   47.000  0.06388 5
-113.000   48.000  0.05252 11
-113.000   49.000  0.06162 6
-113.000   50.000  0.07374 0
-112.000   25.000  0.00000 0
-112.000   26.000  0.00000 0
-112.000   27.000  0.00000 0
-112.000   28.000  0.00000 0
-112.000   29.000  0.00013 0
-112.000   30.000 -0.00377 0
-112.000   31.000 -0.00590 9
-112.000   32.000  0.00039 32
-112.000   33.000  0.00899 42
-112.000   34.000  0.01463 45
-112.000   35.000  0.02753 46
-112.000   36.000  0.02658 40
-112.000   37.000  0.01994 8
-112.000   38.000  0.00958 8
-112.000   39.000  0.00250 15
-112.000   40.000  0.00012 11
-112.000   41.000  0.00917 27
-112.000   42.000  0.01376 17
-112.000   43.000  0.02883 4
-112.000   44.000  0.03375 5
-112.000   45.000  0.03204 16
-112.000   46.000  0.04414 11
-112.000   47.000  0.06367 5
-112.000   48.000  0.05037 9
-112.000   49.000  0.05844 2
-112.000   50.000  0.06974 0
-111.000   25.000  0.00000 0
-111.000   26.000  0.00000 0
-111.000   27.000  0.00000 0
-111.000   28.000  0.00000 0
-111.000   29.000  0.00030 0
-111.000   30.000 -0.00108 0
-111.000   31.000 -0.00026 6
-111.000   32.000  0.00659 33
-111.000   33.000  0.01641 26
-111.000   34.000  0.02363 25
-111.000   35.000  0.03332 32
-111.000   36.000  0.03278 19
-111.000   37.000  0.02431 13
-111.000   38.000  0.01143 14
-111.000   39.000  0.00052 45
-111.000   40.000  0.00017 3
-111.000   41.000  0.00771 23
-111.000   42.000  0.01565 13
-111.000   43.000  0.03311 160
-111.000   44.000  0.04238 58
-111.000   45.000  0.04199 13
-111.000   46.000  0.04954 9
-111.000   47.000  0.06323 7
-111.000   48.000  0.04883 11
-111.000   49.000  0.05369 3
-111.000   50.000  0.05897 0
-110.000   25.000  0.00000 0
-110.000   26.000  0.00000 0
-110.000   27.000  0.00000 0
-110.000   28.000  0.00000 0
-110.000   29.000  0.00081 0
-110.000   30.000  0.00381 0
-110.000   31.000  0.00675 38
-110.000   32.000  0.01764 54
-110.000   33.000  0.02575 41
-110.000   34.000  0.03475 63
-110.000   35.000  0.04115 54
-110.000   36.000  0.04230 19
-110.000   37.000  0.03201 24
-110.000   38.000  0.02269 19
-110.000   39.000  0.00929 20
-110.000   40.000  0.01176 17
-110.000   41.000  0.01482 12
-110.000   42.000  0.02050 73
-110.000   43.000  0.03797 96
-110.000   44.000  0.05107 21
-110.000   45.000  0.05104 25
-110.000   46.000  0.06024 11
-110.000   47.000  0.07166 9
-110.000   48.000  0.05542 11
-110.000   49.000  0.05739 1
-110.000   50.000  0.05678 0
-109.000   25.000  0.00000 0
-109.000   26.000  0.00000 0
-109.000   27.000  0.00000 0
-109.000   28.000  0.00000 0
-109.000   29.000  0.00191 0
-109.000   30.000  0.00628 0
-109.000   31.000  0.01039 41
-109.000   32.000  0.02115 29
-109.000   33.000  0.02767 37
-109.000   34.000  0.03183 19
-109.000   35.000  0.03546 37
-109.000   36.000  0.03948 19
-109.000   37.000  0.03691 26
-109.000   38.000  0.03298 12
-109.000   39.000  0.02514 15
-109.000   40.000  0.02917 26
-109.000   41.000  0.02956 12
-109.000   42.000  0.02621 43
-109.000   43.000  0.03510 36
-109.000   44.000  0.05072 42
-109.000   45.000  0.05455 51
-109.000   46.000  0.06519 15
-109.000   47.000  0.06978 30
-109.000   48.000  0.05829 27
-109.000   49.000  0.05557 12
-109.000   50.000  0.04763 0
-108.000   25.000  0.00000 0
-108.000   26.000  0.00000 0
-108.000   27.000  0.00000 0
-108.000   28.000  0.00000 0
-108.000   29.000  0.00317 0
-108.000   30.000  0.00826 0
-108.000   31.000  0.01375 5
-108.000   32.000  0.02001 52
-108.000   33.000  0.02504 25
-108.000   34.000  0.02775 20
-108.000   35.000  0.03205 9
-108.000   36.000  0.03508 11
-108.000   37.000  0.03922 19
-108.000   38.000  0.04269 21
-108.000   39.000  0.03642 16
-108.000   40.000  0.03764 39
-108.000   41.000  0.04010 18
-108.000   42.000  0.03652 14
-108.000   43.000  0.03412 40
-108.000   44.000  0.04656 135
-108.000   45.000  0.05128 51
-108.000   46.000  0.05879 32
-108.000   47.000  0.05944 22
-108.000   48.000  0.05333 36
-108.000   49.000  0.05161 3
-108.000   50.000  0.04325 0
-107.000   25.000  0.00000 0
-107.000   26.000  0.00000 0
-107.000   27.000  0.00000 0
-107.000   28.000  0.00122 0
-107.000   29.000  0.00640 0
-107.000   30.000  0.01115 0
-107.000   31.000  0.01774 3
-107.000   32.000  0.02444 28
-107.000   33.000  0.02938 57
-107.000   34.000  0.03112 77
-107.000   35.000  0.03747 20
-107.000   36.000  0.04142 18
-107.000   37.000  0.04750 31
-107.000   38.000  0.05382 26
-107.000   39.000  0.05136 18
-107.000   40.000  0.05347 18
-107.000   41.000  0.05315 22
-107.000   42.000  0.05465 41
-107.000   43.000  0.04261 78
-107.000   44.000  0.04684 109
-107.000   45.000  0.04978 45
-107.000   46.000  0.05626 23
-107.000   47.000  0.04592 16
-107.000   48.000  0.04549 19
-107.000   49.000  0.04599 9
-107.000   50.000  0.03440 0
-106.000   25.000  0.00000 0
-106.000   26.000  0.00000 0
-106.000   27.000  0.00230 0
-106.000   28.000  0.00574 0
-106.000   29.000  0.01241 0
-106.000   30.000  0.01594 0
-106.000   31.000  0.02268 28
-106.000   32.000  0.02872 51
-106.000   33.000  0.02952 49
-106.000   34.000  0.02818 41
-106.000   35.000  0.03453 33
-106.000   36.000  0.03763 17
-106.000   37.000  0.04538 51
-106.000   38.000  0.05605 31
-106.000   39.000  0.05839 51
-106.000   40.000  0.06385 50
-106.000   41.000  0.06511 50
-106.000   42.000  0.06178 26
-106.000   43.000  0.04707 33
-106.000   44.000  0.04795 68
-106.000   45.000  0.04663 57
-106.000   46.000  0.05013 36
-106.000   47.000  0.04004 37
-106.000   48.000  0.03983 23
-106.000   49.000  0.03911 7
-106.000   50.000  0.02878 0
-105.000   25.000  0.00000 0
-105.000   26.000  0.00000 0
-105.000   27.000  0.00619 0
-105.000   28.000  0.00893 0
-105.000   29.000  0.01611 0
-105.000   30.000  0.01796 6
-105.000   31.000  0.02408 42
-105.000   32.000  0.02288 44
-105.000   33.000  0.02342 67
-105.000   34.000  0.02129 54
-105.000   35.000  0.02862 24
-105.000   36.000  0.03355 22
-105.000   37.000  0.04511 45
-105.000   38.000  0.05825 24
-105.000   39.000  0.06491 29
-105.000   40.000  0.06915 23
-105.000   41.000  0.07167 31
-105.000   42.000  0.06737 18
-105.000   43.000  0.05142 25
-105.000   44.000  0.04511 22
-105.000   45.000  0.04279 28
-105.000   46.000  0.04034 14
-105.000   47.000  0.03459 30
-105.000   48.000  0.03412 33
-105.000   49.000  0.03589 5
-105.000   50.000  0.02935 0
-104.000   25.000  0.00000 0
-104.000   26.000  0.00000 0
-104.000   27.000  0.00863 0
-104.000   28.000  0.01136 0
-104.000   29.000  0.01691 119
-104.000   30.000  0.01720 40
-104.000   31.000  0.02247 50
-104.000   32.000  0.01929 65
-104.000   33.000  0.02135 66
-104.000   34.000  0.02437 59
-104.000   35.000  0.03100 20
-104.000   36.000  0.03924 20
-104.000   37.000  0.04774 22
-104.000   38.000  0.06038 15
-104.000   39.000  0.06324 14
-104.000   40.000  0.06853 8
-104.000   41.000  0.06726 17
-104.000   42.000  0.06399 19
-104.000   43.000  0.04792 32
-104.000   44.000  0.04204 27
-104.000   45.000  0.04129 21
-104.000   46.000  0.03704 33
-104.000   47.000  0.03448 18
-104.000   48.000  0.03313 29
-104.000   49.000  0.03446 7
-104.000   50.000  0.02686 0
-103.000   25.000  0.00000 0
-103.000   26.000  0.00000 0
-103.000   27.000  0.00623 0
-103.000   28.000  0.01018 0
-103.000   29.000  0.01656 41
-103.000   30.000  0.01495 32
-103.000   31.000  0.01759 65
-103.000   32.000  0.01644 69
-103.000   33.000  0.01509 70
-103.000   34.000  0.01989 66
-103.000   35.000  0.03020 30
-103.000   36.000  0.04357 19
-103.000   37.000  0.04981 19
-103.000   38.000  0.06311 15
-103.000   39.000  0.06075 27
-103.000   40.000  0.06137 16
-103.000   41.000  0.05794 18
-103.000   42.000  0.05508 13
-103.000   43.000  0.04332 21
-103.000   44.000  0.04171 33
-103.000   45.000  0.04464 32
-103.000   46.000  0.04135 25
-103.000   47.000  0.04134 38
-103.000   48.000  0.03720 34
-103.000   49.000  0.03751 10
-103.000   50.000  0.02958 0
-102.000   25.000 -0.00502 0
-102.000   26.000 -0.00653 0
-102.000   27.000  0.00007 0
-102.000   28.000  0.00393 0
-102.000   29.000  0.00985 6
-102.000   30.000  0.01260 22
-102.000   31.000  0.01704 19
-102.000   32.000  0.01521 25
-102.000   33.000  0.01147 31
-102.000   34.000  0.01900 26
-102.000   35.000  0.02495 27
-102.000   36.000  0.03823 16
-102.000   37.000  0.04671 16
-102.000   38.000  0.06064 20
-102.000   39.000  0.05395 17
-102.000   40.000  0.05507 16
-102.000   41.000  0.05176 17
-102.000   42.000  0.04759 13
-102.000   43.000  0.04029 20
-102.000   44.000  0.04013 13
-102.000   45.000  0.04255 55
-102.000   46.000  0.03921 34
-102.000   47.000  0.04203 21
-102.000   48.000  0.03528 39
-102.000   49.000  0.03584 8
-102.000   50.000  0.03242 0
-101.000   25.000 -0.00011 0
-101.000   26.000  0.00107 0
-101.000   27.000  0.00403 0
-101.000   28.000  0.00754 0
-101.000   29.000  0.01012 10
-101.000   30.000  0.01483 22
-101.000   31.000  0.01596 25
-101.000   32.000  0.01552 22
-101.000   33.000  0.01467 13
-101.000   34.000  0.01973 13
-101.000   35.000  0.02613 11
-101.000   36.000  0.04020 13
-101.000   37.000  0.04859 10
-101.000   38.000  0.05775 12
-101.000   39.000  0.05255 17
-101.000   40.000  0.05246 11
-101.000   41.000  0.04759 10
-101.000   42.000  0.04253 11
-101.000   43.000  0.03878 13
-101.000   44.000  0.03607 20
-101.000   45.000  0.03616 22
-101.000   46.000  0.03397 36
-101.000   47.000  0.04027 27
-101.000   48.000  0.03219 39
-101.000   49.000  0.03514 7
-101.000   50.000  0.03569 0
-100.000   25.000 -0.00668 0
-100.000   26.000 -0.00163 0
-100.000   27.000 -0.00158 4
-100.000   28.000  0.00510 74
-100.000   29.000  0.01161 33
-100.000   30.000  0.02073 85
-100.000   31.000  0.02004 27
-100.000   32.000  0.02278 30
-100.000   33.000  0.02119 38
-100.000   34.000  0.02254 13
-100.000   35.000  0.02495 14
-100.000   36.000  0.03875 10
-100.000   37.000  0.04582 7
-100.000   38.000  0.05018 26
-100.000   39.000  0.04612 37
-100.000   40.000  0.04924 12
-100.000   41.000  0.04743 10
-100.000   42.000  0.04397 9
-100.000   43.000  0.04213 17
-100.000   44.000  0.04175 10
-100.000   45.000  0.04179 26
-100.000   46.000  0.03771 21
-100.000   47.000  0.04352 36
-100.000   48.000  0.03591 47
-100.000   49.000  0.03780 6
-100.000   50.000  0.03634 0
 -99.000   25.000 -0.00661 0
 -99.000   26.000 -0.00841 1
 -99.000   27.000 -0.01059 16
 -99.000   28.000 -0.00669 64
 -99.000   29.000  0.00168 53
 -99.000   30.000  0.01428 48
 -99.000   31.000  0.02320 47
 -99.000   32.000  0.02988 38
 -99.000   33.000  0.02660 23
 -99.000   34.000  0.02762 36
 -99.000   35.000  0.02778 39
 -99.000   36.000  0.03612 46
 -99.000   37.000  0.04361 15
 -99.000   38.000  0.04888 43
 -99.000   39.000  0.04573 17
 -99.000   40.000  0.04639 15
 -99.000   41.000  0.05335 19
 -99.000   42.000  0.04882 14
 -99.000   43.000  0.04987 8
 -99.000   44.000  0.04749 37
 -99.000   45.000  0.04406 17
 -99.000   46.000  0.03120 58
 -99.000   47.000  0.03356 25
 -99.000   48.000  0.02662 39
 -99.000   49.000  0.02565 6
 -99.000   50.000  0.02791 0
 -98.000   25.000 -0.00661 0
 -98.000   26.000 -0.00703 7
 -98.000   27.000 -0.01061 24
 -98.000   28.000 -0.00980 44
 -98.000   29.000 -0.00351 54
 -98.000   30.000  0.01034 43
 -98.000   31.000  0.02050 79
 -98.000   32.000  0.03192 51
 -98.000   33.000  0.03430 37
 -98.000   34.000  0.03602 19
 -98.000   35.000  0.03458 19
 -98.000   36.000  0.03618 32
 -98.000   37.000  0.04206 15
 -98.000   38.000  0.04477 20
 -98.000   39.000  0.04317 15
 -98.000   40.000  0.04563 9
 -98.000   41.000  0.05702 32
 -98.000   42.000  0.05062 12
 -98.000   43.000  0.05235 8
 -98.000   44.000  0.05052 10
 -98.000   45.000  0.04506 14
 -98.000   46.000  0.03082 16
 -98.000   47.000  0.03122 25
 -98.000   48.000  0.02359 30
 -98.000   49.000  0.02095 2
 -98.000   50.000  0.02260 0
 -97.000   25.000 -0.00159 0
 -97.000   26.000 -0.00051 0
 -97.000   27.000 -0.00494 2
 -97.000   28.000 -0.00869 7
 -97.000   29.000 -0.00384 44
 -97.000   30.000  0.00258 34
 -97.000   31.000  0.00865 38
 -97.000   32.000  0.02460 16
 -97.000   33.000  0.03292 29
 -97.000   34.000  0.03295 21
 -97.000   35.000  0.03774 15
 -97.000   36.000  0.04222 27
 -97.000   37.000  0.04341 45
 -97.000   38.000  0.04260 18
 -97.000   39.000  0.04693 20
 -97.000   40.000  0.04670 5
 -97.000   41.000  0.06244 14
 -97.000   42.000  0.05748 15
 -97.000   43.000  0.06240 4
 -97.000   44.000  0.06040 9
 -97.000   45.000  0.05759 12
 -97.000   46.000  0.03969 23
 -97.000   47.000  0.04002 6
 -97.000   48.000  0.03134 10
 -97.000   49.000  0.02735 1
 -97.000   50.000  0.02819 0
 -96.000   25.000 -0.00650 0
 -96.000   26.000 -0.00810 0
 -96.000   27.000 -0.02895 0
 -96.000   28.000 -0.03829 3
 -96.000   29.000 -0.03092 25
 -96.000   30.000 -0.02902 45
 -96.000   31.000 -0.02009 53
 -96.000   32.000  0.01455 38
 -96.000   33.000  0.02821 18
 -96.000   34.000  0.03211 38
 -96.000   35.000  0.04044 70
 -96.000   36.000  0.04473 94
 -96.000   37.000  0.04565 22
 -96.000   38.000  0.04668 33
 -96.000   39.000  0.05025 26
 -96.000   40.000  0.05028 5
 -96.000   41.000  0.07105 24
 -96.000   42.000  0.06716 8
 -96.000   43.000  0.06873 5
 -96.000   44.000  0.06650 9
 -96.000   45.000  0.06395 15
 -96.000   46.000  0.04227 26
 -96.000   47.000  0.03837 10
 -96.000   48.000  0.03146 26
 -96.000   49.000  0.02619 3
 -96.000   50.000  0.02507 0
 -95.000   25.000  0.00007 0
 -95.000   26.000 -0.00540 0
 -95.000   27.000 -0.01934 0
 -95.000   28.000 -0.03319 0
 -95.000   29.000 -0.02956 4
 -95.000   30.000 -0.03327 22
 -95.000   31.000 -0.02271 34
 -95.000   32.000  0.00456 31
 -95.000   33.000  0.02224 48
 -95.000   34.000  0.02895 25
 -95.000   35.000  0.04365 34
 -95.000   36.000  0.04684 55
 -95.000   37.000  0.04879 18
 -95.000   38.000  0.05197 18
 -95.000   39.000  0.05293 15
 -95.000   40.000  0.05076 18
 -95.000   41.000  0.07021 18
 -95.000   42.000  0.06539 8
 -95.000   43.000  0.06647 12
 -95.000   44.000  0.06386 8
 -95.000   45.000  0.05962 14
 -95.000   46.000  0.03817 16
 -95.000   47.000  0.03080 4
 -95.000   48.000  0.02271 8
 -95.000   49.000  0.01753 1
 -95.000   50.000  0.01567 0
 -94.000   25.000  0.00000 0
 -94.000   26.000  0.00138 0
 -94.000   27.000 -0.01702 0
 -94.000   28.000 -0.02807 0
 -94.000   29.000 -0.02557 1
 -94.000   30.000 -0.03270 6
 -94.000   31.000 -0.03181 39
 -94.000   32.000 -0.00132 15
 -94.000   33.000  0.01670 30
 -94.000   34.000  0.02343 61
 -94.000   35.000  0.04123 36
 -94.000   36.000  0.04800 44
 -94.000   37.000  0.04707 28
 -94.000   38.000  0.04930 26
 -94.000   39.000  0.04891 24
 -94.000   40.000  0.05032 37
 -94.000   41.000  0.06571 22
 -94.000   42.000  0.06744 9
 -94.000   43.000  0.06996 6
 -94.000   44.000  0.06899 22
 -94.000   45.000  0.06534 10
 -94.000   46.000  0.05225 30
 -94.000   47.000  0.04251 6
 -94.000   48.000  0.03079 14
 -94.000   49.000  0.02866 0
 -94.000   50.000  0.02417 0
 -93.000   25.000  0.00000 0
 -93.000   26.000  0.00000 0
 -93.000   27.000 -0.01460 0
 -93.000   28.000 -0.02631 0
 -93.000   29.000 -0.02403 2
 -93.000   30.000 -0.03295 12
 -93.000   31.000 -0.03246 30
 -93.000   32.000 -0.00615 15
 -93.000   33.000  0.01061 32
 -93.000   34.000  0.01826 66
 -93.000   35.000  0.03786 37
 -93.000   36.000  0.05001 52
 -93.000   37.000  0.04884 26
 -93.000   38.000  0.05355 51
 -93.000   39.000  0.05429 31
 -93.000   40.000  0.05551 17
 -93.000   41.000  0.06544 28
 -93.000   42.000  0.06828 21
 -93.000   43.000  0.06656 16
 -93.000   44.000  0.06378 30
 -93.000   45.000  0.06138 39
 -93.000   46.000  0.04490 26
 -93.000   47.000  0.03334 15
 -93.000   48.000  0.01880 3
 -93.000   49.000  0.01364 0
 -93.000   50.000  0.00234 0
 -92.000   25.000  0.00000 0
 -92.000   26.000  0.00000 0
 -92.000   27.000 -0.01552 0
 -92.000   28.000 -0.02280 0
 -92.000   29.000 -0.02144 2
 -92.000   30.000 -0.02694 0
 -92.000   31.000 -0.02468 24
 -92.000   32.000 -0.00113 26
 -92.000   33.000  0.01013 29
 -92.000   34.000  0.01667 16
 -92.000   35.000  0.03196 36
 -92.000   36.000  0.04081 25
 -92.000   37.000  0.04340 13
 -92.000   38.000  0.05065 52
 -92.000   39.000  0.05257 44
 -92.000   40.000  0.05723 17
 -92.000   41.000  0.06638 8
 -92.000   42.000  0.06862 14
 -92.000   43.000  0.06698 17
 -92.000   44.000  0.06335 17
 -92.000   45.000  0.06160 19
 -92.000   46.000  0.04201 33
 -92.000   47.000  0.03350 19
 -92.000   48.000  0.01740 24
 -92.000   49.000  0.01401 0
 -92.000   50.000 -0.00249 0
 -91.000   25.000  0.00000 0
 -91.000   26.000  0.00000 0
 -91.000   27.000  0.00223 0
 -91.000   28.000  0.01350 0
 -91.000   29.000  0.01195 0
 -91.000   30.000  0.01090 5
 -91.000   31.000  0.01419 34
 -91.000   32.000  0.02065 31
 -91.000   33.000  0.01148 20
 -91.000   34.000  0.01842 21
 -91.000   35.000  0.02722 15
 -91.000   36.000  0.03440 28
 -91.000   37.000  0.03537 41
 -91.000   38.000  0.04493 57
 -91.000   39.000  0.04974 14
 -91.000   40.000  0.05379 27
 -91.000   41.000  0.05731 27
 -91.000   42.000  0.05701 20
 -91.000   43.000  0.05565 20
 -91.000   44.000  0.05319 28
 -91.000   45.000  0.05480 17
 -91.000   46.000  0.04020 12
 -91.000   47.000  0.03519 19
 -91.000   48.000  0.01837 6
 -91.000   49.000  0.01328 2
 -91.000   50.000 -0.00464 1
 -90.000   25.000  0.00000 0
 -90.000   26.000  0.00000 0
 -90.000   27.000 -0.00565 0
 -90.000   28.000  0.00766 0
 -90.000   29.000  0.00608 1
 -90.000   30.000  0.00829 7
 -90.000   31.000  0.01257 37
 -90.000   32.000  0.02730 12
 -90.000   33.000  0.01605 18
 -90.000   34.000  0.02377 47
 -90.000   35.000  0.02768 17
 -90.000   36.000  0.03400 13
 -90.000   37.000  0.03618 23
 -90.000   38.000  0.04331 40
 -90.000   39.000  0.04992 23
 -90.000   40.000  0.05414 30
 -90.000   41.000  0.05776 14
 -90.000   42.000  0.05282 29
 -90.000   43.000  0.05313 29
 -90.000   44.000  0.04958 9
 -90.000   45.000  0.05309 24
 -90.000   46.000  0.03772 6
 -90.000   47.000  0.03574 3
 -90.000   48.000  0.01973 1
 -90.000   49.000  0.01317 2
 -90.000   50.000 -0.00554 0
 -89.000   25.000  0.00000 0
 -89.000   26.000  0.00000 0
 -89.000   27.000 -0.00142 0
 -89.000   28.000  0.01320 0
 -89.000   29.000  0.01212 0
 -89.000   30.000  0.01921 1
 -89.000   31.000  0.02482 22
 -89.000   32.000  0.03522 32
 -89.000   33.000  0.02538 30
 -89.000   34.000  0.03227 19
 -89.000   35.000  0.02994 25
 -89.000   36.000  0.03469 18
 -89.000   37.000  0.03852 33
 -89.000   38.000  0.04386 88
 -89.000   39.000  0.05273 44
 -89.000   40.000  0.05780 26
 -89.000   41.000  0.05583 14
 -89.000   42.000  0.04602 20
 -89.000   43.000  0.04959 25
 -89.000   44.000  0.04502 25
 -89.000   45.000  0.04805 9
 -89.000   46.000  0.03544 13
 -89.000   47.000  0.03678 9
 -89.000   48.000  0.01657 2
 -89.000   49.000  0.00809 0
 -89.000   50.000 -0.01066 0
 -88.000   25.000  0.00000 0
 -88.000   26.000  0.00000 0
 -88.000   27.000 -0.00142 0
 -88.000   28.000  0.01302 0
 -88.000   29.000  0.01137 0
 -88.000   30.000  0.01979 0
 -88.000   31.000  0.02641 9
 -88.000   32.000  0.03654 12
 -88.000   33.000  0.03103 42
 -88.000   34.000  0.03890 11
 -88.000   35.000  0.03490 23
 -88.000   36.000  0.03776 50
 -88.000   37.000  0.04312 83
 -88.000   38.000  0.04342 149
 -88.000   39.000  0.05188 35
 -88.000   40.000  0.05621 24
 -88.000   41.000  0.05528 43
 -88.000   42.000  0.04408 26
 -88.000   43.000  0.05081 23
 -88.000   44.000  0.04745 26
 -88.000   45.000  0.04855 19
 -88.000   46.000  0.04690 18
 -88.000   47.000  0.04902 3
 -88.000   48.000  0.03307 0
 -88.000   49.000  0.02719 0
 -88.000   50.000  0.01983 0
 -87.000   25.000  0.00000 0
 -87.000   26.000  0.00000 0
 -87.000   27.000  0.00277 0
 -87.000   28.000  0.01439 0
 -87.000   29.000  0.01325 0
 -87.000   30.000  0.02093 8
 -87.000   31.000  0.03186 11
 -87.000   32.000  0.03826 26
 -87.000   33.000  0.03851 32
 -87.000   34.000  0.04941 61
 -87.000   35.000  0.04840 34
 -87.000   36.000  0.04652 52
 -87.000   37.000  0.04855 131
 -87.000   38.000  0.04417 123
 -87.000   39.000  0.04572 17
 -87.000   40.000  0.04605 50
 -87.000   41.000  0.04103 16
 -87.000   42.000  0.03237 5
 -87.000   43.000  0.04072 2
 -87.000   44.000  0.04228 2
 -87.000   45.000  0.04297 3
 -87.000   46.000  0.06548 27
 -87.000   47.000  0.06295 0
 -87.000   48.000  0.04710 0
 -87.000   49.000  0.04280 0
 -87.000   50.000  0.04425 0
 -86.000   25.000  0.00000 0
 -86.000   26.000  0.00000 0
 -86.000   27.000 -0.00115 0
 -86.000   28.000 -0.00480 0
 -86.000   29.000 -0.00367 0
 -86.000   30.000  0.00577 16
 -86.000   31.000  0.01700 33
 -86.000   32.000  0.02659 21
 -86.000   33.000  0.04558 24
 -86.000   34.000  0.05795 18
 -86.000   35.000  0.05762 25
 -86.000   36.000  0.05703 37
 -86.000   37.000  0.06118 76
 -86.000   38.000  0.05316 58
 -86.000   39.000  0.04856 22
 -86.000   40.000  0.04780 19
 -86.000   41.000  0.04127 25
 -86.000   42.000  0.03192 20
 -86.000   43.000  0.04295 18
 -86.000   44.000  0.04361 21
 -86.000   45.000  0.04741 16
 -86.000   46.000  0.06891 7
 -86.000   47.000  0.07768 0
 -86.000   48.000  0.05933 1
 -86.000   49.000  0.06222 0
 -86.000   50.000  0.06269 0
 -85.000   25.000  0.00000 0
 -85.000   26.000  0.00000 0
 -85.000   27.000  0.00016 0
 -85.000   28.000 -0.00199 0
 -85.000   29.000 -0.00213 1
 -85.000   30.000  0.00612 20
 -85.000   31.000  0.01810 30
 -85.000   32.000  0.02886 28
 -85.000   33.000  0.04522 29
 -85.000   34.000  0.05759 26
 -85.000   35.000  0.05857 46
 -85.000   36.000  0.05526 43
 -85.000   37.000  0.05871 78
 -85.000   38.000  0.05506 51
 -85.000   39.000  0.05410 40
 -85.000   40.000  0.05399 41
 -85.000   41.000  0.04808 26
 -85.000   42.000  0.03878 23
 -85.000   43.000  0.04516 29
 -85.000   44.000  0.04283 16
 -85.000   45.000  0.05068 31
 -85.000   46.000  0.07350 5
 -85.000   47.000  0.07849 4
 -85.000   48.000  0.06332 1
 -85.000   49.000  0.06798 0
 -85.000   50.000  0.06236 0
 -84.000   25.000  0.01254 0
 -84.000   26.000  0.01343 0
 -84.000   27.000  0.01253 0
 -84.000   28.000  0.01116 0
 -84.000   29.000  0.00858 6
 -84.000   30.000  0.01036 10
 -84.000   31.000  0.01938 87
 -84.000   32.000  0.02768 129
 -84.000   33.000  0.04062 41
 -84.000   34.000  0.05196 50
 -84.000   35.000  0.05636 92
 -84.000   36.000  0.05294 94
 -84.000   37.000  0.05763 43
 -84.000   38.000  0.05713 48
 -84.000   39.000  0.05726 29
 -84.000   40.000  0.05993 36
 -84.000   41.000  0.05499 32
 -84.000   42.000  0.04917 34
 -84.000   43.000  0.04512 21
 -84.000   44.000  0.04420 19
 -84.000   45.000  0.04857 7
 -84.000   46.000  0.07028 21
 -84.000   47.000  0.07561 2
 -84.000   48.000  0.07038 0
 -84.000   49.000  0.07555 1
 -84.000   50.000  0.06944 0
 -83.000   25.000  0.02224 0
 -83.000   26.000  0.02366 0
 -83.000   27.000  0.01889 0
 -83.000   28.000  0.02244 0
 -83.000   29.000  0.01838 20
 -83.000   30.000  0.01468 5
 -83.000   31.000  0.02295 21
 -83.000   32.000  0.03131 38
 -83.000   33.000  0.04258 40
 -83.000   34.000  0.05267 59
 -83.000   35.000  0.05631 35
 -83.000   36.000  0.04881 38
 -83.000   37.000  0.05414 21
 -83.000   38.000  0.05544 14
 -83.000   39.000  0.05253 45
 -83.000   40.000  0.05830 39
 -83.000   41.000  0.05675 32
 -83.000   42.000  0.04968 8
 -83.000   43.000  0.03887 24
 -83.000   44.000  0.03805 15
 -83.000   45.000  0.03995 4
 -83.000   46.000  0.05307 19
 -83.000   47.000  0.06079 3
 -83.000   48.000  0.06156 0
 -83.000   49.000  0.06743 11
 -83.000   50.000  0.05666 1
 -82.000   25.000  0.02521 0
 -82.000   26.000  0.02589 2
 -82.000   27.000  0.01791 2
 -82.000   28.000  0.02327 4
 -82.000   29.000  0.01506 13
 -82.000   30.000  0.01442 23
 -82.000   31.000  0.01955 75
 -82.000   32.000  0.03189 59
 -82.000   33.000  0.04063 35
 -82.000   34.000  0.05147 27
 -82.000   35.000  0.05646 21
 -82.000   36.000  0.05327 26
 -82.000   37.000  0.05862 14
 -82.000   38.000  0.06049 44
 -82.000   39.000  0.05813 42
 -82.000   40.000  0.06293 56
 -82.000   41.000  0.06100 29
 -82.000   42.000  0.05019 10
 -82.000   43.000  0.03808 2
 -82.000   44.000  0.03528 1
 -82.000   45.000  0.03763 7
 -82.000   46.000  0.03204 12
 -82.000   47.000  0.04227 7
 -82.000   48.000  0.04448 0
 -82.000   49.000  0.04698 25
 -82.000   50.000  0.02678 0
 -81.000   25.000  0.02521 10
 -81.000   26.000  0.02589 18
 -81.000   27.000  0.02183 5
 -81.000   28.000  0.02762 6
 -81.000   29.000  0.01921 5
 -81.000   30.000  0.01460 1
 -81.000   31.000  0.02059 11
 -81.000   32.000  0.02773 12
 -81.000   33.000  0.03359 20
 -81.000   34.000  0.04520 25
 -81.000   35.000  0.05507 30
 -81.000   36.000  0.05052 32
 -81.000   37.000  0.05903 41
 -81.000   38.000  0.06252 45
 -81.000   39.000  0.06081 60
 -81.000   40.000  0.06246 45
 -81.000   41.000  0.05895 41
 -81.000   42.000  0.04994 10
 -81.000   43.000  0.03994 11
 -81.000   44.000  0.03798 7
 -81.000   45.000  0.03826 1
 -81.000   46.000  0.03473 5
 -81.000   47.000  0.02925 6
 -81.000   48.000  0.03018 0
 -81.000   49.000  0.02655 0
 -81.000   50.000  0.00675 0
 -80.000   25.000  0.02521 0
 -80.000   26.000  0.02589 4
 -80.000   27.000  0.02051 7
 -80.000   28.000  0.02481 0
 -80.000   29.000  0.01734 0
 -80.000   30.000  0.01198 0
 -80.000   31.000  0.01689 0
 -80.000   32.000  0.02191 7
 -80.000   33.000  0.03081 48
 -80.000   34.000  0.04174 37
 -80.000   35.000  0.05098 45
 -80.000   36.000  0.05066 39
 -80.000   37.000  0.06131 19
 -80.000   38.000  0.06349 45
 -80.000   39.000  0.05787 56
 -80.000   40.000  0.05952 32
 -80.000   41.000  0.05164 62
 -80.000   42.000  0.04721 36
 -80.000   43.000  0.03887 10
 -80.000   44.000  0.04161 10
 -80.000   45.000  0.03981 12
 -80.000   46.000  0.03846 10
 -80.000   47.000  0.03167 7
 -80.000   48.000  0.02894 0
 -80.000   49.000  0.02368 0
 -80.000   50.000  0.00866 0
 -79.000   25.000  0.01268 0
 -79.000   26.000  0.01246 0
 -79.000   27.000  0.00814 0
 -79.000   28.000  0.01035 0
 -79.000   29.000  0.00432 0
 -79.000   30.000  0.00178 0
 -79.000   31.000  0.00789 0
 -79.000   32.000  0.01353 0
 -79.000   33.000  0.02511 16
 -79.000   34.000  0.03596 25
 -79.000   35.000  0.04502 47
 -79.000   36.000  0.04344 49
 -79.000   37.000  0.05333 26
 -79.000   38.000  0.05137 86
 -79.000   39.000  0.04616 52
 -79.000   40.000  0.04463 37
 -79.000   41.000  0.04198 26
 -79.000   42.000  0.03708 40
 -79.000   43.000  0.03769 28
 -79.000   44.000  0.03850 20
 -79.000   45.000  0.03845 29
 -79.000   46.000  0.03709 20
 -79.000   47.000  0.02830 5
 -79.000   48.000  0.02016 0
 -79.000   49.000  0.01538 0
 -79.000   50.000  0.00483 0
 -78.000   25.000  0.00297 0
 -78.000   26.000  0.00223 0
 -78.000   27.000  0.00178 0
 -78.000   28.000  0.00178 0
 -78.000   29.000 -0.00232 0
 -78.000   30.000  0.00056 0
 -78.000   31.000  0.00673 0
 -78.000   32.000  0.01415 0
 -78.000   33.000  0.02156 12
 -78.000   34.000  0.03223 21
 -78.000   35.000  0.04158 17
 -78.000   36.000  0.04336 30
 -78.000   37.000  0.04882 41
 -78.000   38.000  0.04804 86
 -78.000   39.000  0.04581 30
 -78.000   40.000  0.04193 30
 -78.000   41.000  0.03839 49
 -78.000   42.000  0.03684 32
 -78.000   43.000  0.04547 31
 -78.000   44.000  0.04527 7
 -78.000   45.000  0.04988 15
 -78.000   46.000  0.04837 21
 -78.000   47.000  0.03704 11
 -78.000   48.000  0.02177 20
 -78.000   49.000  0.01692 0
 -78.000   50.000  0.00483 0
 -77.000   25.000  0.00000 0
 -77.000   26.000  0.00000 0
 -77.000   27.000  0.00000 0
 -77.000   28.000  0.00000 0
 -77.000   29.000  0.00000 0
 -77.000   30.000  0.00000 0
 -77.000   31.000  0.00460 0
 -77.000   32.000  0.01014 0
 -77.000   33.000  0.02126 0
 -77.000   34.000  0.02834 0
 -77.000   35.000  0.04094 19
 -77.000   36.000  0.04184 35
 -77.000   37.000  0.04973 24
 -77.000   38.000  0.04596 44
 -77.000   39.000  0.04946 26
 -77.000   40.000  0.04291 31
 -77.000   41.000  0.04309 49
 -77.000   42.000  0.04330 21
 -77.000   43.000  0.05161 36
 -77.000   44.000  0.04973 14
 -77.000   45.000  0.05255 12
 -77.000   46.000  0.04977 26
 -77.000   47.000  0.03613 5
 -77.000   48.000  0.02046 1
 -77.000   49.000  0.01470 0
 -77.000   50.000  0.00483 0
 -76.000   25.000  0.00000 0
 -76.000   26.000  0.00000 0
 -76.000   27.000  0.00000 0
 -76.000   28.000  0.00000 0
 -76.000   29.000  0.00000 0
 -76.000   30.000  0.00000 0
 -76.000   31.000  0.00099 0
 -76.000   32.000  0.00579 0
 -76.000   33.000  0.01613 0
 -76.000   34.000  0.01970 2
 -76.000   35.000  0.02920 6
 -76.000   36.000  0.03095 7
 -76.000   37.000  0.03171 10
 -76.000   38.000  0.02798 19
 -76.000   39.000  0.03450 23
 -76.000   40.000  0.03242 64
 -76.000   41.000  0.03804 67
 -76.000   42.000  0.04414 41
 -76.000   43.000  0.04946 36
 -76.000   44.000  0.04898 33
 -76.000   45.000  0.04923 15
 -76.000   46.000  0.04376 33
 -76.000   47.000  0.03209 7
 -76.000   48.000  0.02017 0
 -76.000   49.000  0.01320 0
 -76.000   50.000  0.00483 0
 -75.000   25.000  0.00000 0
 -75.000   26.000  0.00000 0
 -75.000   27.000  0.00000 0
 -75.000   28.000  0.00000 0
 -75.000   29.000  0.00000 0
 -75.000   30.000  0.00000 0
 -75.000   31.000  0.00000 0
 -75.000   32.000  0.00456 0
 -75.000   33.000  0.01285 0
 -75.000   34.000  0.01497 0
 -75.000   35.000  0.02482 4
 -75.000   36.000  0.02475 0
 -75.000   37.000  0.02209 4
 -75.000   38.000  0.01896 21
 -75.000   39.000  0.02568 21
 -75.000   40.000  0.02289 90
 -75.000   41.000  0.03069 90
 -75.000   42.000  0.03836 23
 -75.000   43.000  0.04507 50
 -75.000   44.000  0.04497 46
 -75.000   45.000  0.04261 38
 -75.000   46.000  0.03684 24
 -75.000   47.000  0.02726 13
 -75.000   48.000  0.01540 0
 -75.000   49.000  0.00831 0
 -75.000   50.000  0.00325 0
 -74.000   25.000  0.00000 0
 -74.000   26.000  0.00000 0
 -74.000   27.000  0.00000 0
 -74.000   28.000  0.00000 0
 -74.000   29.000  0.00000 0
 -74.000   30.000  0.00000 0
 -74.000   31.000  0.00000 0
 -74.000   32.000  0.00456 0
 -74.000   33.000  0.01154 0
 -74.000   34.000  0.01313 0
 -74.000   35.000  0.02260 0
 -74.000   36.000  0.02434 0
 -74.000   37.000  0.02027 0
 -74.000   38.000  0.02185 0
 -74.000   39.000  0.02664 3
 -74.000   40.000  0.02310 65
 -74.000   41.000  0.02640 193
 -74.000   42.000  0.03324 74
 -74.000   43.000  0.03347 96
 -74.000   44.000  0.03427 81
 -74.000   45.000  0.03400 50
 -74.000   46.000  0.02897 29
 -74.000   47.000  0.02164 7
 -74.000   48.000  0.01285 0
 -74.000   49.000  0.00709 0
 -74.000   50.000  0.00000 0
 -73.000   25.000  0.00000 0
 -73.000   26.000  0.00000 0
 -73.000   27.000  0.00000 0
 -73.000   28.000  0.00000 0
 -73.000   29.000  0.00000 0
 -73.000   30.000  0.00000 0
 -73.000   31.000  0.00000 0
 -73.000   32.000  0.00000 0
 -73.000   33.000  0.00606 0
 -73.000   34.000  0.00606 0
 -73.000   35.000  0.01351 0
 -73.000   36.000  0.01370 0
 -73.000   37.000  0.01274 0
 -73.000   38.000  0.01416 0
 -73.000   39.000  0.02124 0
 -73.000   40.000  0.01825 10
 -73.000   41.000  0.01985 36
 -73.000   42.000  0.02532 36
 -73.000   43.000  0.02447 57
 -73.000   44.000  0.02450 45
 -73.000   45.000  0.02384 12
 -73.000   46.000  0.02204 28
 -73.000   47.000  0.01753 7
 -73.000   48.000  0.01090 0
 -73.000   49.000  0.00472 0
 -73.000   50.000  0.00000 0
 -72.000   25.000  0.00000 0
 -72.000   26.000  0.00000 0
 -72.000   27.000  0.00000 0
 -72.000   28.000  0.00000 0
 -72.000   29.000  0.00000 0
 -72.000   30.000  0.00000 0
 -72.000   31.000  0.00000 0
 -72.000   32.000  0.00000 0
 -72.000   33.000  0.00000 0
 -72.000   34.000  0.00000 0
 -72.000   35.000  0.00000 0
 -72.000   36.000  0.00000 0
 -72.000   37.000 -0.00339 0
 -72.000   38.000  0.00329 0
 -72.000   39.000  0.00850 0
 -72.000   40.000  0.01027 2
 -72.000   41.000  0.01173 30
 -72.000   42.000  0.01720 45
 -72.000   43.000  0.01590 50
 -72.000   44.000  0.01831 50
 -72.000   45.000  0.01708 22
 -72.000   46.000  0.01562 16
 -72.000   47.000  0.01354 6
 -72.000   48.000  0.00816 0
 -72.000   49.000  0.00066 0
 -72.000   50.000  0.00000 0
 -71.000   25.000  0.00000 0
 -71.000   26.000  0.00000 0
 -71.000   27.000  0.00000 0
 -71.000   28.000  0.00000 0
 -71.000   29.000  0.00000 0
 -71.000   30.000  0.00000 0
 -71.000   31.000  0.00000 0
 -71.000   32.000  0.00000 0
 -71.000   33.000  0.00000 0
 -71.000   34.000  0.00000 0
 -71.000   35.000  0.00000 0
 -71.000   36.000  0.00000 0
 -71.000   37.000  0.00000 0
 -71.000   38.000  0.00554 0
 -71.000   39.000  0.01000 0
 -71.000   40.000  0.00957 0
 -71.000   41.000  0.00962 40
 -71.000   42.000  0.00991 36
 -71.000   43.000  0.00811 42
 -71.000   44.000  0.00953 68
 -71.000   45.000  0.00965 40
 -71.000   46.000  0.00960 30
 -71.000   47.000  0.00931 11
 -71.000   48.000  0.00558 0
 -71.000   49.000 -0.00039 0
 -71.000   50.000  0.00000 0
 -70.000   25.000  0.00000 0
 -70.000   26.000  0.00000 0
 -70.000   27.000  0.00000 0
 -70.000   28.000  0.00000 0
 -70.000   29.000  0.00000 0
 -70.000   30.000  0.00000 0
 -70.000   31.000  0.00000 0
 -70.000   32.000  0.00000 0
 -70.000   33.000  0.00000 0
 -70.000   34.000  0.00000 0
 -70.000   35.000  0.00000 0
 -70.000   36.000  0.00000 0
 -70.000   37.000  0.00000 0
 -70.000   38.000  0.00321 0
 -70.000   39.000  0.00764 0
 -70.000   40.000  0.00751 0
 -70.000   41.000  0.00750 17
 -70.000   42.000  0.00285 6
 -70.000   43.000  0.00053 7
 -70.000   44.000  0.00197 22
 -70.000   45.000  0.00039 36
 -70.000   46.000  0.00041 35
 -70.000   47.000  0.00404 27
 -70.000   48.000  0.00315 0
 -70.000   49.000 -0.00340 0
 -70.000   50.000 -0.00170 0
 -69.000   25.000  0.00000 0
 -69.000   26.000  0.00000 0
 -69.000   27.000  0.00000 0
 -69.000   28.000  0.00000 0
 -69.000   29.000  0.00000 0
 -69.000   30.000  0.00000 0
 -69.000   31.000  0.00000 0
 -69.000   32.000  0.00000 0
 -69.000   33.000  0.00000 0
 -69.000   34.000  0.00000 0
 -69.000   35.000  0.00000 0
 -69.000   36.000  0.00000 0
 -69.000   37.000  0.00000 0
 -69.000   38.000  0.00000 0
 -69.000   39.000  0.00408 0
 -69.000   40.000  0.00377 0
 -69.000   41.000  0.00426 0
 -69.000   42.000 -0.00251 0
 -69.000   43.000 -0.00115 2
 -69.000   44.000  0.00369 7
 -69.000   45.000  0.00386 47
 -69.000   46.000  0.00337 41
 -69.000   47.000  0.00944 34
 -69.000   48.000  0.00333 0
 -69.000   49.000 -0.00698 0
 -69.000   50.000 -0.00908 0
 -68.000   25.000  0.00000 0
 -68.000   26.000  0.00000 0
 -68.000   27.000  0.00000 0
 -68.000   28.000  0.00000 0
 -68.000   29.000  0.00000 0
 -68.000   30.000  0.00000 0
 -68.000   31.000  0.00000 0
 -68.000   32.000  0.00000 0
 -68.000   33.000  0.00000 0
 -68.000   34.000  0.00000 0
 -68.000   35.000  0.00000 0
 -68.000   36.000  0.00000 0
 -68.000   37.000  0.00000 0
 -68.000   38.000  0.00000 0
 -68.000   39.000  0.00114 0
 -68.000   40.000  0.00117 0
 -68.000   41.000  0.00243 0
 -68.000   42.000 -0.00343 0
 -68.000   43.000 -0.00178 0
 -68.000   44.000  0.00366 6
 -68.000   45.000  0.00297 33
 -68.000   46.000  0.00171 65
 -68.000   47.000  0.00687 12
 -68.000   48.000  0.00047 0
 -68.000   49.000 -0.00763 2
 -68.000   50.000 -0.00908 0
 -67.000   25.000  0.00000 0
 -67.000   26.000  0.00000 0
 -67.000   27.000  0.00000 0
 -67.000   28.000  0.00000 0
 -67.000   29.000  0.00000 0
 -67.000   30.000  0.00000 0
 -67.000   31.000  0.00000 0
 -67.000   32.000  0.00000 0
 -67.000   33.000  0.00000 0
 -67.000   34.000  0.00000 0
 -67.000   35.000  0.00000 0
 -67.000   36.000  0.00000 0
 -67.000   37.000  0.00000 0
 -67.000   38.000  0.00000 0
 -67.000   39.000  0.00000 0
 -67.000   40.000  0.00000 0
 -67.000   41.000  0.00060 0
 -67.000   42.000 -0.00517 0
 -67.000   43.000 -0.00438 0
 -67.000   44.000 -0.00102 9
 -67.000   45.000 -0.00187 39
 -67.000   46.000 -0.00247 1
 -67.000   47.000  0.00261 0
 -67.000   48.000 -0.00294 0
 -67.000   49.000 -0.00786 35
 -67.000   50.000 -0.00908 3
 -66.000   25.000  0.00000 0
 -66.000   26.000  0.00000 0
 -66.000   27.000  0.00000 0
 -66.000   28.000  0.00000 0
 -66.000   29.000  0.00000 0
 -66.000   30.000  0.00000 0
 -66.000   31.000  0.00000 0
 -66.000   32.000  0.00000 0
 -66.000   33.000  0.00000 0
 -66.000   34.000  0.00000 0
 -66.000   35.000  0.00000 0
 -66.000   36.000  0.00000 0
 -66.000   37.000  0.00000 0
 -66.000   38.000  0.00000 0
 -66.000   39.000  0.00000 0
 -66.000   40.000  0.00000 0
 -66.000   41.000  0.00000 0
 -66.000   42.000 -0.00697 0
 -66.000   43.000 -0.00530 0
 -66.000   44.000 -0.00154 0
 -66.000   45.000 -0.00368 1
 -66.000   46.000 -0.00368 0
 -66.000   47.000  0.00242 0
 -66.000   48.000 -0.00518 0
 -66.000   49.000 -0.01118 0
 -66.000   50.000 -0.01135 0
 -65.000   25.000  0.00000 0
 -65.000   26.000  0.00000 0
 -65.000   27.000  0.00000 0
 -65.000   28.000  0.00000 0
 -65.000   29.000  0.00000 0
 -65.000   30.000  0.00000 0
 -65.000   31.000  0.00000 0
 -65.000   32.000  0.00000 0
 -65.000   33.000  0.00000 0
 -65.000   34.000  0.00000 0
 -65.000   35.000  0.00000 0
 -65.000   36.000  0.00000 0
 -65.000   37.000  0.00000 0
 -65.000   38.000  0.00000 0
 -65.000   39.000  0.00000 0
 -65.000   40.000  0.00000 0
 -65.000   41.000  0.00000 0
 -65.000   42.000 -0.00338 0
 -65.000   43.000 -0.00098 0
 -65.000   44.000  0.00262 0
 -65.000   45.000  0.00262 0
 -65.000   46.000  0.00262 0
 -65.000   47.000  0.00653 0
 -65.000   48.000 -0.00378 0
 -65.000   49.000 -0.00923 0
 -65.000   50.000 -0.01231 0
