-130.000   25.000  0.00000 0
-130.000   26.000  0.00000 0
-130.000   27.000  0.00000 0
-130.000   28.000  0.00000 0
-130.000   29.000  0.00000 0
-130.000   30.000  0.00000 0
-130.000   31.000  0.00000 0
-130.000   32.000  0.00000 0
-130.000   33.000  0.00000 0
-130.000   34.000  0.00000 0
-130.000   35.000  0.00000 0
-130.000   36.000  0.00000 0
-130.000   37.000  0.00000 0
-130.000   38.000  0.00000 0
-130.000   39.000  0.00000 0
-130.000   40.000  0.00000 0
-130.000   41.000  0.00000 0
-130.000   42.000  0.00000 0
-130.000   43.000  0.00000 0
-130.000   44.000  0.00000 0
-130.000   45.000  0.00000 0
-130.000   46.000  0.00000 0
-130.000   47.000 -0.01127 0
-130.000   48.000 -0.00895 0
-130.000   49.000 -0.01119 0
-130.000   50.000 -0.01492 0
-129.000   25.000  0.00000 0
-129.000   26.000  0.00000 0
-129.000   27.000  0.00000 0
-129.000   28.000  0.00000 0
-129.000   29.000  0.00000 0
-129.000   30.000  0.00000 0
-129.000   31.000  0.00000 0
-129.000   32.000  0.00000 0
-129.000   33.000  0.00000 0
-129.000   34.000  0.00000 0
-129.000   35.000  0.00000 0
-129.000   36.000  0.00000 0
-129.000   37.000  0.00000 0
-129.000   38.000  0.00000 0
-129.000   39.000  0.00000 0
-129.000   40.000  0.00000 0
-129.000   41.000  0.00000 0
-129.000   42.000  0.00000 0
-129.000   43.000  0.00000 0
-129.000   44.000  0.00000 0
-129.000   45.000  0.00000 0
-129.000   46.000  0.00000 0
-129.000   47.000  0.00778 0
-129.000   48.000  0.01343 0
-129.000   49.000  0.01679 0
-129.000   50.000  0.02239 0
-128.000   25.000  0.00000 0
-128.000   26.000  0.00000 0
-128.000   27.000  0.00000 0
-128.000   28.000  0.00000 0
-128.000   29.000  0.00000 0
-128.000   30.000  0.00000 0
-128.000   31.000  0.00000 0
-128.000   32.000  0.00000 0
-128.000   33.000  0.00000 0
-128.000   34.000  0.00000 0
-128.000   35.000  0.00000 0
-128.000   36.000  0.00000 0
-128.000   37.000  0.00000 0
-128.000   38.000  0.00000 0
-128.000   39.000  0.00000 0
-128.000   40.000  0.00000 0
-128.000   41.000  0.00000 0
-128.000   42.000  0.00000 0
-128.000   43.000  0.00000 0
-128.000   44.000  0.00000 0
-128.000   45.000  0.00000 0
-128.000   46.000 -0.00048 0
-128.000   47.000  0.00664 0
-128.000   48.000  0.01116 0
-128.000   49.000  0.01394 4
-128.000   50.000  0.01859 1
-127.000   25.000  0.00000 0
-127.000   26.000  0.00000 0
-127.000   27.000  0.00000 0
-127.000   28.000  0.00000 0
-127.000   29.000  0.00000 0
-127.000   30.000  0.00000 0
-127.000   31.000  0.00000 0
-127.000   32.000  0.00000 0
-127.000   33.000  0.00000 0
-127.000   34.000  0.00000 0
-127.000   35.000  0.00000 0
-127.000   36.000  0.00000 0
-127.000   37.000  0.00000 0
-127.000   38.000  0.00000 0
-127.000   39.000  0.00000 0
-127.000   40.000 -0.00279 0
-127.000   41.000 -0.01269 0
-127.000   42.000 -0.01269 0
-127.000   43.000 -0.01269 0
-127.000   44.000 -0.01269 0
-127.000   45.000 -0.00808 0
-127.000   46.000 -0.00129 0
-127.000   47.000  0.00590 0
-127.000   48.000  0.01042 0
-127.000   49.000  0.01302 3
-127.000   50.000  0.01433 6
-126.000   25.000  0.00000 0
-126.000   26.000  0.00000 0
-126.000   27.000  0.00000 0
-126.000   28.000  0.00000 0
-126.000   29.000  0.00000 0
-126.000   30.000  0.00000 0
-126.000   31.000  0.00000 0
-126.000   32.000  0.00000 0
-126.000   33.000  0.00000 0
-126.000   34.000  0.00000 0
-126.000   35.000  0.00000 0
-126.000   36.000  0.00000 0
-126.000   37.000  0.00249 0
-126.000   38.000  0.00126 0
-126.000   39.000  0.00108 0
-126.000   40.000  0.00097 0
-126.000   41.000 -0.00754 0
-126.000   42.000 -0.01073 0
-126.000   43.000 -0.00805 0
-126.000   44.000 -0.00737 0
-126.000   45.000 -0.00588 0
-126.000   46.000  0.00374 0
-126.000   47.000  0.01402 0
-126.000   48.000  0.01484 5
-126.000   49.000  0.01793 4
-126.000   50.000  0.02160 0
-125.000   25.000  0.00000 0
-125.000   26.000  0.00000 0
-125.000   27.000  0.00000 0
-125.000   28.000  0.00000 0
-125.000   29.000  0.00000 0
-125.000   30.000  0.00000 0
-125.000   31.000  0.00000 0
-125.000   32.000  0.00000 0
-125.000   33.000  0.00000 0
-125.000   34.000  0.00000 0
-125.000   35.000 -0.00164 0
-125.000   36.000 -0.00277 0
-125.000   37.000  0.00056 0
-125.000   38.000  0.00037 0
-125.000   39.000  0.00335 0
-125.000   40.000  0.00984 0
-125.000   41.000  0.00544 0
-125.000   42.000  0.00399 4
-125.000   43.000  0.00875 1
-125.000   44.000  0.00964 0
-125.000   45.000  0.01088 0
-125.000   46.000  0.02151 0
-125.000   47.000  0.03536 6
-125.000   48.000  0.03167 13
-125.000   49.000  0.03475 1
-125.000   50.000  0.03619 0
-124.000   25.000  0.00000 0
-124.000   26.000  0.00000 0
-124.000   27.000  0.00000 0
-124.000   28.000  0.00000 0
-124.000   29.000  0.00000 0
-124.000   30.000  0.00000 0
-124.000   31.000  0.00000 0
-124.000   32.000  0.00000 0
-124.000   33.000  0.00000 0
-124.000   34.000  0.00121 0
-124.000   35.000 -0.00071 0
-124.000   36.000 -0.00396 0
-124.000   37.000  0.00041 0
-124.000   38.000  0.00059 0
-124.000   39.000  0.00267 8
-124.000   40.000  0.01119 29
-124.000   41.000  0.01042 19
-124.000   42.000  0.00855 49
-124.000   43.000  0.01440 88
-124.000   44.000  0.01592 106
-124.000   45.000  0.01630 64
-124.000   46.000  0.02659 35
-124.000   47.000  0.02897 87
-124.000   48.000  0.02069 25
-124.000   49.000  0.01987 45
-124.000   50.000  0.01484 8
-123.000   25.000  0.00000 0
-123.000   26.000  0.00000 0
-123.000   27.000  0.00000 0
-123.000   28.000  0.00000 0
-123.000   29.000  0.00000 0
-123.000   30.000  0.00000 0
-123.000   31.000  0.00000 0
-123.000   32.000  0.00779 0
-123.000   33.000  0.00951 0
-123.000   34.000  0.00993 0
-123.000   35.000  0.00937 0
-123.000   36.000  0.00693 0
-123.000   37.000  0.00547 6
-123.000   38.000  0.00635 65
-123.000   39.000  0.01128 33
-123.000   40.000  0.01887 79
-123.000   41.000  0.01930 111
-123.000   42.000  0.01769 111
-123.000   43.000  0.02455 90
-123.000   44.000  0.02419 110
-123.000   45.000  0.02524 86
-123.000   46.000  0.03535 97
-123.000   47.000  0.04107 173
-123.000   48.000  0.02937 116
-123.000   49.000  0.03047 19
-123.000   50.000  0.02718 0
-122.000   25.000  0.00000 0
-122.000   26.000  0.00000 0
-122.000   27.000  0.00000 0
-122.000   28.000  0.00000 0
-122.000   29.000  0.00000 0
-122.000   30.000  0.00000 0
-122.000   31.000 -0.00091 0
-122.000   32.000  0.00626 0
-122.000   33.000  0.00734 0
-122.000   34.000  0.00633 0
-122.000   35.000  0.00774 0
-122.000   36.000  0.00920 22
-122.000   37.000  0.01065 48
-122.000   38.000  0.01549 14
-122.000   39.000  0.02510 41
-122.000   40.000  0.03549 97
-122.000   41.000  0.04319 59
-122.000   42.000  0.04180 52
-122.000   43.000  0.04464 78
-122.000   44.000  0.04204 60
-122.000   45.000  0.03763 95
-122.000   46.000  0.03994 69
-122.000   47.000  0.04541 146
-122.000   48.000  0.03441 104
-122.000   49.000  0.03552 32
-122.000   50.000  0.03505 0
-121.000   25.000  0.00000 0
-121.000   26.000  0.00000 0
-121.000   27.000  0.00000 0
-121.000   28.000  0.00000 0
-121.000   29.000  0.00000 0
-121.000   30.000  0.00000 0
-121.000   31.000 -0.00115 0
-121.000   32.000  0.00675 0
-121.000   33.000  0.00964 0
-121.000   34.000  0.01023 1
-121.000   35.000  0.01409 39
-121.000   36.000  0.01723 47
-121.000   37.000  0.01932 24
-121.000   38.000  0.02620 77
-121.000   39.000  0.03766 49
-121.000   40.000  0.04378 62
-121.000   41.000  0.04948 21
-121.000   42.000  0.04833 40
-121.000   43.000  0.04635 75
-121.000   44.000  0.04123 60
-121.000   45.000  0.03791 78
-121.000   46.000  0.03638 33
-121.000   47.000  0.04143 64
-121.000   48.000  0.03365 44
-121.000   49.000  0.03339 7
-121.000   50.000  0.03343 0
-120.000   25.000  0.00000 0
-120.000   26.000  0.00000 0
-120.000   27.000  0.00000 0
-120.000   28.000  0.00000 0
-120.000   29.000  0.00000 0
-120.000   30.000 -0.00205 0
-120.000   31.000 -0.00486 0
-120.000   32.000  0.00392 0
-120.000   33.000  0.00775 22
-120.000   34.000  0.00898 56
-120.000   35.000  0.01891 61
-120.000   36.000  0.02930 22
-120.000   37.000  0.03196 105
-120.000   38.000  0.03733 86
-120.000   39.000  0.04721 22
-120.000   40.000  0.04635 13
-120.000   41.000  0.04417 20
-120.000   42.000  0.03918 13
-120.000   43.000  0.03554 22
-120.000   44.000  0.03034 22
-120.000   45.000  0.02792 15
-120.000   46.000  0.02383 51
-120.000   47.000  0.03537 31
-120.000   48.000  0.02980 42
-120.000   49.000  0.02986 35
-120.000   50.000  0.03215 0
-119.000   25.000  0.00000 0
-119.000   26.000  0.00000 0
-119.000   27.000  0.00000 0
-119.000   28.000  0.00000 0
-119.000   29.000  0.00000 0
-119.000   30.000 -0.00080 0
-119.000   31.000 -0.00431 0
-119.000   32.000  0.00397 0
-119.000   33.000  0.00689 30
-119.000   34.000  0.00725 139
-119.000   35.000  0.01806 65
-119.000   36.000  0.03505 35
-119.000   37.000  0.04000 85
-119.000   38.000  0.04667 63
-119.000   39.000  0.06003 17
-119.000   40.000  0.05803 13
-119.000   41.000  0.04956 25
-119.000   42.000  0.04232 47
-119.000   43.000  0.04020 28
-119.000   44.000  0.03355 57
-119.000   45.000  0.02893 46
-119.000   46.000  0.02566 45
-119.000   47.000  0.03849 51
-119.000   48.000  0.03102 61
-119.000   49.000  0.02994 25
-119.000   50.000  0.03426 0
-118.000   25.000  0.00000 0
-118.000   26.000  0.00000 0
-118.000   27.000  0.00000 0
-118.000   28.000  0.00000 0
-118.000   29.000  0.00000 0
-118.000   30.000  0.00017 0
-118.000   31.000 -0.00323 0
-118.000   32.000 -0.00374 9
-118.000   33.000 -0.00208 101
-118.000   34.000 -0.00043 352
-118.000   35.000  0.00885 70
-118.000   36.000  0.02732 75
-118.000   37.000  0.04332 36
-118.000   38.000  0.04882 54
-118.000   39.000  0.05844 14
-118.000   40.000  0.05583 17
-118.000   41.000  0.04386 28
-118.000   42.000  0.03356 32
-118.000   43.000  0.03309 17
-118.000   44.000  0.03052 79
-118.000   45.000  0.03103 72
-118.000   46.000  0.02979 81
-118.000   47.000  0.03918 47
-118.000   48.000  0.03248 49
-118.000   49.000  0.02973 6
-118.000   50.000  0.02737 0
-117.000   25.000  0.00000 0
-117.000   26.000  0.00000 0
-117.000   27.000  0.00000 0
-117.000   28.000  0.00000 0
-117.000   29.000  0.00000 0
-117.000   30.000  0.00076 0
-117.000   31.000 -0.00333 0
-117.000   32.000 -0.00203 89
-117.000   33.000  0.00012 392
-117.000   34.000  0.00441 186
-117.000   35.000  0.01198 95
-117.000   36.000  0.02802 107
-117.000   37.000  0.04338 27
-117.000   38.000  0.04372 31
-117.000   39.000  0.04834 15
-117.000   40.000  0.04519 44
-117.000   41.000  0.03755 17
-117.000   42.000  0.02297 10
-117.000   43.000  0.02959 18
-117.000   44.000  0.03142 84
-117.000   45.000  0.03651 59
-117.000   46.000  0.03229 30
-117.000   47.000  0.04404 12
-117.000   48.000  0.03491 47
-117.000   49.000  0.03022 6
-117.000   50.000  0.02319 0
-116.000   25.000  0.00000 0
-116.000   26.000  0.00000 0
-116.000   27.000  0.00000 0
-116.000   28.000  0.00000 0
-116.000   29.000  0.00000 0
-116.000   30.000 -0.00227 0
-116.000   31.000 -0.00798 0
-116.000   32.000 -0.00716 54
-116.000   33.000 -0.00723 215
-116.000   34.000 -0.00314 102
-116.000   35.000  0.00760 94
-116.000   36.000  0.02287 42
-116.000   37.000  0.03401 12
-116.000   38.000  0.03290 42
-116.000   39.000  0.03504 12
-116.000   40.000  0.03341 120
-116.000   41.000  0.02797 27
-116.000   42.000  0.01887 11
-116.000   43.000  0.02771 40
-116.000   44.000  0.03335 65
-116.000   45.000  0.03888 45
-116.000   46.000  0.03557 23
-116.000   47.000  0.05002 14
-116.000   48.000  0.04235 23
-116.000   49.000  0.03810 11
-116.000   50.000  0.03016 0
-115.000   25.000  0.00000 0
-115.000   26.000  0.00000 0
-115.000   27.000  0.00000 0
-115.000   28.000  0.00000 0
-115.000   29.000 -0.00014 0
-115.000   30.000 -0.00164 0
-115.000   31.000 -0.00533 0
-115.000   32.000 -0.00460 43
-115.000   33.000 -0.00372 118
-115.000   34.000  0.00074 112
-115.000   35.000  0.01023 55
-115.000   36.000  0.01940 20
-115.000   37.000  0.02553 17
-115.000   38.000  0.02327 22
-115.000   39.000  0.02411 18
-115.000   40.000  0.01874 221
-115.000   41.000  0.02157 28
-115.000   42.000  0.02232 17
-115.000   43.000  0.03150 40
-115.000   44.000  0.03808 58
-115.000   45.000  0.04568 17
-115.000   46.000  0.04066 14
-115.000   47.000  0.04981 19
-115.000   48.000  0.04200 19
-115.000   49.000  0.03783 4
-115.000   50.000  0.03341 0
-114.000   25.000  0.00000 0
-114.000   26.000  0.00000 0
-114.000   27.000  0.00000 0
-114.000   28.000  0.00000 0
-114.000   29.000 -0.00133 0
-114.000   30.000 -0.00606 0
-114.000   31.000 -0.00981 0
-114.000   32.000 -0.00641 17
-114.000   33.000 -0.00187 53
-114.000   34.000  0.00669 116
-114.000   35.000  0.01893 46
-114.000   36.000  0.02413 18
-114.000   37.000  0.02511 21
-114.000   38.000  0.01769 11
-114.000   39.000  0.01401 17
-114.000   40.000  0.00818 14
-114.000   41.000  0.01669 14
-114.000   42.000  0.02593 13
-114.000   43.000  0.03861 42
-114.000   44.000  0.04484 46
-114.000   45.000  0.05674 26
-114.000   46.000  0.05255 35
-114.000   47.000  0.06108 24
-114.000   48.000  0.05129 10
-114.000   49.000  0.05188 12
-114.000   50.000  0.04654 0
-113.000   25.000  0.00000 0
-113.000   26.000  0.00000 0
-113.000   27.000  0.00000 0
-113.000   28.000  0.00000 0
-113.000   29.000 -0.00127 0
-113.000   30.000 -0.00539 0
-113.000   31.000 -0.01051 8
-113.000   32.000 -0.00244 45
-113.000   33.000  0.00431 59
-113.000   34.000  0.01284 62
-113.000   35.000  0.02105 40
-113.000   36.000  0.02855 19
-113.000   37.000  0.02119 21
-113.000   38.000  0.01021 14
-113.000   39.000  0.00828 11
-113.000   40.000  0.01092 51
-113.000   41.000  0.01838 17
-113.000   42.000  0.03016 8
-113.000   43.000  0.04726 7
-113.000   44.000  0.05172 14
-113.000   45.000  0.05625 22
-113.000   46.000  0.05110 13
-113.000   47.000  0.06155 4
-113.000   48.000  0.04868 9
-113.000   49.000  0.04861 5
-113.000   50.000  0.04607 0
-112.000   25.000  0.00000 0
-112.000   26.000  0.00000 0
-112.000   27.000  0.00000 0
-112.000   28.000  0.00000 0
-112.000   29.000  0.00001 0
-112.000   30.000 -0.00401 0
-112.000   31.000 -0.00616 8
-112.000   32.000  0.00171 28
-112.000   33.000  0.00918 40
-112.000   34.000  0.01525 38
-112.000   35.000  0.02000 44
-112.000   36.000  0.02335 34
-112.000   37.000  0.01442 9
-112.000   38.000  0.00531 6
-112.000   39.000 -0.00104 17
-112.000   40.000  0.00234 7
-112.000   41.000  0.01069 29
-112.000   42.000  0.02161 7
-112.000   43.000  0.03545 4
-112.000   44.000  0.04681 5
-112.000   45.000  0.04484 13
-112.000   46.000  0.04637 5
-112.000   47.000  0.05952 2
-112.000   48.000  0.04733 4
-112.000   49.000  0.04529 2
-112.000   50.000  0.05681 0
-111.000   25.000  0.00000 0
-111.000   26.000  0.00000 0
-111.000   27.000  0.00000 0
-111.000   28.000  0.00000 0
-111.000   29.000  0.00181 0
-111.000   30.000  0.00374 0
-111.000   31.000  0.00579 6
-111.000   32.000  0.01361 39
-111.000   33.000  0.02219 25
-111.000   34.000  0.02575 22
-111.000   35.000  0.02268 36
-111.000   36.000  0.02611 27
-111.000   37.000  0.01663 15
-111.000   38.000  0.00928 9
-111.000   39.000 -0.00122 46
-111.000   40.000  0.00096 2
-111.000   41.000  0.00813 18
-111.000   42.000  0.01872 13
-111.000   43.000  0.03232 129
-111.000   44.000  0.04825 45
-111.000   45.000  0.05346 11
-111.000   46.000  0.05548 4
-111.000   47.000  0.06218 5
-111.000   48.000  0.04735 3
-111.000   49.000  0.04568 1
-111.000   50.000  0.05050 0
-110.000   25.000  0.00000 0
-110.000   26.000  0.00000 0
-110.000   27.000  0.00000 0
-110.000   28.000  0.00000 0
-110.000   29.000  0.00355 0
-110.000   30.000  0.00827 0
-110.000   31.000  0.01086 37
-110.000   32.000  0.02010 50
-110.000   33.000  0.02360 38
-110.000   34.000  0.02400 51
-110.000   35.000  0.01730 55
-110.000   36.000  0.02136 25
-110.000   37.000  0.01547 27
-110.000   38.000  0.01414 11
-110.000   39.000  0.00567 25
-110.000   40.000  0.01242 17
-110.000   41.000  0.01167 9
-110.000   42.000  0.01465 59
-110.000   43.000  0.02490 56
-110.000   44.000  0.04048 26
-110.000   45.000  0.04529 17
-110.000   46.000  0.05628 9
-110.000   47.000  0.06770 3
-110.000   48.000  0.05529 5
-110.000   49.000  0.05528 1
-110.000   50.000  0.05772 0
-109.000   25.000  0.00000 0
-109.000   26.000  0.00000 0
-109.000   27.000  0.00000 0
-109.000   28.000  0.00000 0
-109.000   29.000  0.00718 0
-109.000   30.000  0.01610 0
-109.000   31.000  0.01954 39
-109.000   32.000  0.02722 27
-109.000   33.000  0.02586 33
-109.000   34.000  0.01894 22
-109.000   35.000  0.00982 38
-109.000   36.000  0.01784 19
-109.000   37.000  0.01748 28
-109.000   38.000  0.02405 15
-109.000   39.000  0.01919 14
-109.000   40.000  0.02418 20
-109.000   41.000  0.01575 10
-109.000   42.000  0.00855 30
-109.000   43.000  0.00902 24
-109.000   44.000  0.02477 33
-109.000   45.000  0.02772 45
-109.000   46.000  0.04173 18
-109.000   47.000  0.05113 28
-109.000   48.000  0.04546 17
-109.000   49.000  0.04288 7
-109.000   50.000  0.04427 0
-108.000   25.000  0.00000 0
-108.000   26.000  0.00000 0
-108.000   27.000  0.00000 0
-108.000   28.000  0.00000 0
-108.000   29.000  0.00822 0
-108.000   30.000  0.01624 0
-108.000   31.000  0.02186 6
-108.000   32.000  0.02737 47
-108.000   33.000  0.02617 23
-108.000   34.000  0.01746 19
-108.000   35.000  0.01194 9
-108.000   36.000  0.01516 10
-108.000   37.000  0.01909 19
-108.000   38.000  0.02845 24
-108.000   39.000  0.02504 14
-108.000   40.000  0.02428 39
-108.000   41.000  0.02087 16
-108.000   42.000  0.01233 11
-108.000   43.000  0.00566 36
-108.000   44.000  0.01931 109
-108.000   45.000  0.02305 38
-108.000   46.000  0.03489 18
-108.000   47.000  0.04335 26
-108.000   48.000  0.04186 31
-108.000   49.000  0.04013 5
-108.000   50.000  0.04438 0
-107.000   25.000  0.00000 0
-107.000   26.000  0.00000 0
-107.000   27.000  0.00000 0
-107.000   28.000  0.00064 0
-107.000   29.000  0.00873 0
-107.000   30.000  0.01593 0
-107.000   31.000  0.02025 2
-107.000   32.000  0.02504 27
-107.000   33.000  0.02222 50
-107.000   34.000  0.01195 75
-107.000   35.000  0.01099 15
-107.000   36.000  0.01820 11
-107.000   37.000  0.02262 31
-107.000   38.000  0.03324 26
-107.000   39.000  0.03653 19
-107.000   40.000  0.03576 13
-107.000   41.000  0.02834 23
-107.000   42.000  0.02294 35
-107.000   43.000  0.01241 43
-107.000   44.000  0.01786 84
-107.000   45.000  0.02388 34
-107.000   46.000  0.03372 20
-107.000   47.000  0.03750 13
-107.000   48.000  0.03960 19
-107.000   49.000  0.04130 5
-107.000   50.000  0.03592 0
-106.000   25.000  0.00000 0
-106.000   26.000  0.00000 0
-106.000   27.000  0.00167 0
-106.000   28.000  0.00141 0
-106.000   29.000  0.00763 0
-106.000   30.000  0.01090 0
-106.000   31.000  0.01352 24
-106.000   32.000  0.01585 36
-106.000   33.000  0.01161 29
-106.000   34.000  0.00212 21
-106.000   35.000  0.00377 18
-106.000   36.000  0.00965 12
-106.000   37.000  0.01891 30
-106.000   38.000  0.03265 21
-106.000   39.000  0.04524 35
-106.000   40.000  0.04641 34
-106.000   41.000  0.03778 43
-106.000   42.000  0.02864 20
-106.000   43.000  0.01635 22
-106.000   44.000  0.01339 43
-106.000   45.000  0.01496 45
-106.000   46.000  0.02897 28
-106.000   47.000  0.03322 31
-106.000   48.000  0.03626 20
-106.000   49.000  0.03738 6
-106.000   50.000  0.03708 0
-105.000   25.000  0.00000 0
-105.000   26.000  0.00000 0
-105.000   27.000  0.00614 0
-105.000   28.000  0.00352 0
-105.000   29.000  0.00903 0
-105.000   30.000  0.01162 6
-105.000   31.000  0.01316 40
-105.000   32.000  0.00945 36
-105.000   33.000  0.01296 44
-105.000   34.000  0.00788 30
-105.000   35.000  0.00935 16
-105.000   36.000  0.01553 14
-105.000   37.000  0.02678 37
-105.000   38.000  0.03601 24
-105.000   39.000  0.04621 25
-105.000   40.000  0.04594 19
-105.000   41.000  0.03993 18
-105.000   42.000  0.02613 15
-105.000   43.000  0.01556 18
-105.000   44.000  0.00964 15
-105.000   45.000  0.00946 23
-105.000   46.000  0.01761 10
-105.000   47.000  0.02067 25
-105.000   48.000  0.02111 31
-105.000   49.000  0.02051 3
-105.000   50.000  0.02134 0
-104.000   25.000  0.00000 0
-104.000   26.000  0.00000 0
-104.000   27.000  0.00520 0
-104.000   28.000  0.00270 0
-104.000   29.000  0.00507 103
-104.000   30.000  0.00631 30
-104.000   31.000  0.00803 43
-104.000   32.000  0.00625 55
-104.000   33.000  0.01425 38
-104.000   34.000  0.01482 34
-104.000   35.000  0.01597 13
-104.000   36.000  0.01904 11
-104.000   37.000  0.02695 19
-104.000   38.000  0.03249 14
-104.000   39.000  0.03828 13
-104.000   40.000  0.03595 9
-104.000   41.000  0.03370 14
-104.000   42.000  0.02156 16
-104.000   43.000  0.01209 15
-104.000   44.000  0.00730 26
-104.000   45.000  0.01042 13
-104.000   46.000  0.01476 19
-104.000   47.000  0.01876 21
-104.000   48.000  0.01721 24
-104.000   49.000  0.01656 8
-104.000   50.000  0.01680 0
-103.000   25.000  0.00000 0
-103.000   26.000  0.00000 0
-103.000   27.000  0.00130 0
-103.000   28.000 -0.00098 0
-103.000   29.000  0.00441 40
-103.000   30.000  0.00768 24
-103.000   31.000  0.01035 44
-103.000   32.000  0.01041 60
-103.000   33.000  0.01593 61
-103.000   34.000  0.01643 50
-103.000   35.000  0.01798 19
-103.000   36.000  0.01994 17
-103.000   37.000  0.02828 12
-103.000   38.000  0.03323 14
-103.000   39.000  0.03010 25
-103.000   40.000  0.02169 14
-103.000   41.000  0.01664 14
-103.000   42.000  0.00452 17
-103.000   43.000 -0.00191 13
-103.000   44.000  0.00192 14
-103.000   45.000  0.01000 18
-103.000   46.000  0.02041 20
-103.000   47.000  0.02423 33
-103.000   48.000  0.02248 29
-103.000   49.000  0.01985 4
-103.000   50.000  0.01897 0
-102.000   25.000  0.01242 0
-102.000   26.000  0.01113 0
-102.000   27.000  0.01094 0
-102.000   28.000  0.00901 0
-102.000   29.000  0.01581 4
-102.000   30.000  0.01367 15
-102.000   31.000  0.01594 13
-102.000   32.000  0.01571 16
-102.000   33.000  0.02057 20
-102.000   34.000  0.02286 24
-102.000   35.000  0.02220 22
-102.000   36.000  0.02333 16
-102.000   37.000  0.03381 17
-102.000   38.000  0.03990 15
-102.000   39.000  0.03127 12
-102.000   40.000  0.01924 11
-102.000   41.000  0.01052 14
-102.000   42.000 -0.00195 12
-102.000   43.000 -0.00764 16
-102.000   44.000 -0.00263 16
-102.000   45.000  0.00850 31
-102.000   46.000  0.02232 28
-102.000   47.000  0.01861 19
-102.000   48.000  0.01528 36
-102.000   49.000  0.01225 12
-102.000   50.000  0.01011 0
-101.000   25.000  0.00344 0
-101.000   26.000  0.00472 0
-101.000   27.000  0.00549 0
-101.000   28.000  0.00793 0
-101.000   29.000  0.02071 3
-101.000   30.000  0.02046 27
-101.000   31.000  0.02544 27
-101.000   32.000  0.02501 19
-101.000   33.000  0.03014 13
-101.000   34.000  0.03351 13
-101.000   35.000  0.03124 11
-101.000   36.000  0.03167 12
-101.000   37.000  0.04057 12
-101.000   38.000  0.04010 12
-101.000   39.000  0.02760 17
-101.000   40.000  0.01522 6
-101.000   41.000 -0.00006 10
-101.000   42.000 -0.01072 9
-101.000   43.000 -0.01499 12
-101.000   44.000 -0.01207 15
-101.000   45.000 -0.00201 13
-101.000   46.000  0.01148 23
-101.000   47.000  0.00619 30
-101.000   48.000  0.00336 34
-101.000   49.000  0.00177 6
-101.000   50.000 -0.00074 0
-100.000   25.000 -0.00739 0
-100.000   26.000 -0.00541 0
-100.000   27.000 -0.00652 2
-100.000   28.000 -0.00084 47
-100.000   29.000  0.01736 25
-100.000   30.000  0.01852 80
-100.000   31.000  0.02837 29
-100.000   32.000  0.03156 27
-100.000   33.000  0.03128 31
-100.000   34.000  0.02937 12
-100.000   35.000  0.02601 15
-100.000   36.000  0.02576 9
-100.000   37.000  0.03049 7
-100.000   38.000  0.02880 26
-100.000   39.000  0.02066 28
-100.000   40.000  0.01105 11
-100.000   41.000  0.00106 7
-100.000   42.000  0.00079 7
-100.000   43.000  0.00068 13
-100.000   44.000  0.00439 6
-100.000   45.000  0.01448 16
-100.000   46.000  0.02040 18
-100.000   47.000  0.01425 25
-100.000   48.000  0.01065 43
-100.000   49.000  0.01106 6
-100.000   50.000  0.00824 0
 -99.000   25.000 -0.01076 0
 -99.000   26.000 -0.00310 1
 -99.000   27.000 -0.00375 13
 -99.000   28.000 -0.00046 72
 -99.000   29.000  0.02032 44
 -99.000   30.000  0.02310 38
 -99.000   31.000  0.03205 42
 -99.000   32.000  0.03325 27
 -99.000   33.000  0.03254 17
 -99.000   34.000  0.02867 32
 -99.000   35.000  0.02390 23
 -99.000   36.000  0.01976 36
 -99.000   37.000  0.02682 13
 -99.000   38.000  0.02986 38
 -99.000   39.000  0.02064 18
 -99.000   40.000  0.01416 11
 -99.000   41.000  0.01225 16
 -99.000   42.000  0.01333 13
 -99.000   43.000  0.01368 2
 -99.000   44.000  0.01842 30
 -99.000   45.000  0.02706 9
 -99.000   46.000  0.02276 35
 -99.000   47.000  0.01710 24
 -99.000   48.000  0.01113 36
 -99.000   49.000  0.01096 6
 -99.000   50.000  0.00829 0
 -98.000   25.000 -0.01076 0
 -98.000   26.000 -0.00093 6
 -98.000   27.000  0.00235 23
 -98.000   28.000  0.00388 40
 -98.000   29.000  0.01772 47
 -98.000   30.000  0.01629 42
 -98.000   31.000  0.02181 67
 -98.000   32.000  0.02211 56
 -98.000   33.000  0.02450 22
 -98.000   34.000  0.02679 15
 -98.000   35.000  0.02553 12
 -98.000   36.000  0.02327 22
 -98.000   37.000  0.02824 11
 -98.000   38.000  0.03178 17
 -98.000   39.000  0.02869 12
 -98.000   40.000  0.02116 9
 -98.000   41.000  0.02322 25
 -98.000   42.000  0.02683 6
 -98.000   43.000  0.02920 7
 -98.000   44.000  0.02671 7
 -98.000   45.000  0.03876 8
 -98.000   46.000  0.02717 11
 -98.000   47.000  0.01511 12
 -98.000   48.000  0.00528 26
 -98.000   49.000  0.00599 2
 -98.000   50.000 -0.00108 0
 -97.000   25.000 -0.02318 0
 -97.000   26.000  0.00055 0
 -97.000   27.000 -0.00095 1
 -97.000   28.000  0.00073 5
 -97.000   29.000  0.01019 43
 -97.000   30.000  0.01436 34
 -97.000   31.000  0.01081 40
 -97.000   32.000  0.01752 14
 -97.000   33.000  0.02170 23
 -97.000   34.000  0.02725 17
 -97.000   35.000  0.02751 13
 -97.000   36.000  0.02609 19
 -97.000   37.000  0.02612 33
 -97.000   38.000  0.02658 12
 -97.000   39.000  0.02801 14
 -97.000   40.000  0.01998 3
 -97.000   41.000  0.02835 6
 -97.000   42.000  0.03380 10
 -97.000   43.000  0.03993 4
 -97.000   44.000  0.03347 7
 -97.000   45.000  0.04565 6
 -97.000   46.000  0.03172 12
 -97.000   47.000  0.02623 16
 -97.000   48.000  0.01378 10
 -97.000   49.000  0.01732 1
 -97.000   50.000  0.01521 0
 -96.000   25.000 -0.01420 0
 -96.000   26.000  0.00696 0
 -96.000   27.000  0.00282 0
 -96.000   28.000 -0.00233 3
 -96.000   29.000 -0.00165 27
 -96.000   30.000 -0.00154 42
 -96.000   31.000 -0.00900 52
 -96.000   32.000  0.00241 38
 -96.000   33.000  0.01159 15
 -96.000   34.000  0.02060 36
 -96.000   35.000  0.02649 43
 -96.000   36.000  0.02779 72
 -96.000   37.000  0.02544 17
 -96.000   38.000  0.02722 18
 -96.000   39.000  0.02827 20
 -96.000   40.000  0.01931 4
 -96.000   41.000  0.03327 18
 -96.000   42.000  0.03889 6
 -96.000   43.000  0.04261 5
 -96.000   44.000  0.03802 6
 -96.000   45.000  0.04822 9
 -96.000   46.000  0.03047 15
 -96.000   47.000  0.02527 11
 -96.000   48.000  0.01575 21
 -96.000   49.000  0.01879 3
 -96.000   50.000  0.01812 0
 -95.000   25.000 -0.00337 0
 -95.000   26.000  0.01709 0
 -95.000   27.000  0.02428 0
 -95.000   28.000  0.01803 1
 -95.000   29.000  0.01134 4
 -95.000   30.000  0.00570 26
 -95.000   31.000 -0.01221 36
 -95.000   32.000 -0.01547 26
 -95.000   33.000 -0.00414 44
 -95.000   34.000  0.01089 27
 -95.000   35.000  0.02347 23
 -95.000   36.000  0.03038 32
 -95.000   37.000  0.03472 14
 -95.000   38.000  0.03833 13
 -95.000   39.000  0.03470 11
 -95.000   40.000  0.02392 12
 -95.000   41.000  0.03523 8
 -95.000   42.000  0.03177 6
 -95.000   43.000  0.03393 8
 -95.000   44.000  0.02924 9
 -95.000   45.000  0.03504 9
 -95.000   46.000  0.02322 10
 -95.000   47.000  0.01703 1
 -95.000   48.000  0.00618 7
 -95.000   49.000  0.00770 0
 -95.000   50.000  0.01038 0
 -94.000   25.000  0.00000 0
 -94.000   26.000  0.01478 0
 -94.000   27.000  0.02787 0
 -94.000   28.000  0.02390 0
 -94.000   29.000  0.01537 0
 -94.000   30.000  0.00468 6
 -94.000   31.000 -0.01446 45
 -94.000   32.000 -0.02332 13
 -94.000   33.000 -0.01355 25
 -94.000   34.000 -0.00002 45
 -94.000   35.000  0.01606 36
 -94.000   36.000  0.02804 47
 -94.000   37.000  0.03062 16
 -94.000   38.000  0.03112 20
 -94.000   39.000  0.03707 23
 -94.000   40.000  0.02738 25
 -94.000   41.000  0.03389 15
 -94.000   42.000  0.03333 5
 -94.000   43.000  0.03711 3
 -94.000   44.000  0.02576 21
 -94.000   45.000  0.02872 5
 -94.000   46.000  0.02608 19
 -94.000   47.000  0.01542 7
 -94.000   48.000  0.00534 11
 -94.000   49.000  0.00718 0
 -94.000   50.000  0.01181 0
 -93.000   25.000  0.00000 0
 -93.000   26.000  0.01262 0
 -93.000   27.000  0.02567 0
 -93.000   28.000  0.02880 0
 -93.000   29.000  0.02253 1
 -93.000   30.000  0.01158 13
 -93.000   31.000 -0.00779 31
 -93.000   32.000 -0.01639 17
 -93.000   33.000 -0.01748 38
 -93.000   34.000 -0.00736 57
 -93.000   35.000  0.00815 29
 -93.000   36.000  0.02354 42
 -93.000   37.000  0.02771 29
 -93.000   38.000  0.03410 28
 -93.000   39.000  0.04245 23
 -93.000   40.000  0.04080 8
 -93.000   41.000  0.04283 17
 -93.000   42.000  0.03968 14
 -93.000   43.000  0.03562 12
 -93.000   44.000  0.02590 27
 -93.000   45.000  0.01892 31
 -93.000   46.000  0.01694 20
 -93.000   47.000  0.01171 11
 -93.000   48.000  0.01313 1
 -93.000   49.000  0.01330 0
 -93.000   50.000  0.02453 0
 -92.000   25.000  0.00000 0
 -92.000   26.000  0.00000 0
 -92.000   27.000  0.01934 0
 -92.000   28.000  0.02072 0
 -92.000   29.000  0.01453 2
 -92.000   30.000  0.00189 0
 -92.000   31.000 -0.01082 26
 -92.000   32.000 -0.02555 27
 -92.000   33.000 -0.02726 14
 -92.000   34.000 -0.01893 9
 -92.000   35.000 -0.00501 32
 -92.000   36.000  0.01078 16
 -92.000   37.000  0.01813 9
 -92.000   38.000  0.02462 38
 -92.000   39.000  0.03664 33
 -92.000   40.000  0.04354 11
 -92.000   41.000  0.04984 4
 -92.000   42.000  0.04558 12
 -92.000   43.000  0.04507 14
 -92.000   44.000  0.03608 15
 -92.000   45.000  0.02309 16
 -92.000   46.000  0.01439 32
 -92.000   47.000  0.01537 14
 -92.000   48.000  0.01550 24
 -92.000   49.000  0.01291 0
 -92.000   50.000  0.02522 0
 -91.000   25.000  0.00000 0
 -91.000   26.000  0.00000 0
 -91.000   27.000  0.01934 0
 -91.000   28.000  0.02754 0
 -91.000   29.000  0.02234 0
 -91.000   30.000  0.01416 4
 -91.000   31.000  0.00012 35
 -91.000   32.000 -0.01500 30
 -91.000   33.000 -0.02695 32
 -91.000   34.000 -0.02293 18
 -91.000   35.000 -0.01656 14
 -91.000   36.000 -0.00012 21
 -91.000   37.000  0.00677 32
 -91.000   38.000  0.01769 47
 -91.000   39.000  0.03152 8
 -91.000   40.000  0.04171 21
 -91.000   41.000  0.04999 19
 -91.000   42.000  0.04586 17
 -91.000   43.000  0.04901 18
 -91.000   44.000  0.04372 27
 -91.000   45.000  0.03460 17
 -91.000   46.000  0.02638 11
 -91.000   47.000  0.02806 10
 -91.000   48.000  0.02353 5
 -91.000   49.000  0.02022 2
 -91.000   50.000  0.02817 1
 -90.000   25.000  0.00000 0
 -90.000   26.000  0.00000 0
 -90.000   27.000  0.00543 0
 -90.000   28.000  0.01384 0
 -90.000   29.000  0.01019 0
 -90.000   30.000  0.01220 9
 -90.000   31.000  0.00554 36
 -90.000   32.000  0.00688 14
 -90.000   33.000 -0.00641 18
 -90.000   34.000 -0.00398 36
 -90.000   35.000 -0.00992 14
 -90.000   36.000 -0.00133 12
 -90.000   37.000  0.00222 21
 -90.000   38.000  0.01309 24
 -90.000   39.000  0.02713 19
 -90.000   40.000  0.03878 22
 -90.000   41.000  0.04778 6
 -90.000   42.000  0.04424 24
 -90.000   43.000  0.04815 23
 -90.000   44.000  0.04435 11
 -90.000   45.000  0.03228 22
 -90.000   46.000  0.02360 6
 -90.000   47.000  0.02550 1
 -90.000   48.000  0.02139 0
 -90.000   49.000  0.01543 2
 -90.000   50.000  0.02785 0
 -89.000   25.000  0.00000 0
 -89.000   26.000  0.00000 0
 -89.000   27.000  0.00000 0
 -89.000   28.000  0.00680 0
 -89.000   29.000  0.00455 0
 -89.000   30.000  0.01175 1
 -89.000   31.000  0.00846 21
 -89.000   32.000  0.01580 33
 -89.000   33.000  0.00621 31
 -89.000   34.000  0.00870 29
 -89.000   35.000 -0.00262 24
 -89.000   36.000  0.00191 16
 -89.000   37.000  0.00589 36
 -89.000   38.000  0.01379 69
 -89.000   39.000  0.02760 33
 -89.000   40.000  0.03600 17
 -89.000   41.000  0.03730 6
 -89.000   42.000  0.02939 16
 -89.000   43.000  0.03715 25
 -89.000   44.000  0.03429 25
 -89.000   45.000  0.02624 8
 -89.000   46.000  0.02343 12
 -89.000   47.000  0.02867 8
 -89.000   48.000  0.02159 1
 -89.000   49.000  0.01301 0
 -89.000   50.000  0.02361 0
 -88.000   25.000  0.00000 0
 -88.000   26.000  0.00000 0
 -88.000   27.000  0.00000 0
 -88.000   28.000  0.00064 0
 -88.000   29.000 -0.00092 0
 -88.000   30.000  0.01105 0
 -88.000   31.000  0.01137 9
 -88.000   32.000  0.01789 5
 -88.000   33.000  0.02008 55
 -88.000   34.000  0.02122 13
 -88.000   35.000  0.00558 24
 -88.000   36.000  0.00658 46
 -88.000   37.000  0.00973 70
 -88.000   38.000  0.01243 134
 -88.000   39.000  0.02733 24
 -88.000   40.000  0.03445 16
 -88.000   41.000  0.03651 30
 -88.000   42.000  0.02852 24
 -88.000   43.000  0.03768 20
 -88.000   44.000  0.03356 29
 -88.000   45.000  0.02566 17
 -88.000   46.000  0.02612 16
 -88.000   47.000  0.03035 1
 -88.000   48.000  0.01565 0
 -88.000   49.000  0.00662 0
 -88.000   50.000  0.01623 0
 -87.000   25.000  0.00000 0
 -87.000   26.000  0.00000 0
 -87.000   27.000  0.00000 0
 -87.000   28.000  0.00282 0
 -87.000   29.000  0.00353 0
 -87.000   30.000  0.01839 7
 -87.000   31.000  0.02705 9
 -87.000   32.000  0.03577 30
 -87.000   33.000  0.03974 30
 -87.000   34.000  0.04189 55
 -87.000   35.000  0.02625 32
 -87.000   36.000  0.02071 48
 -87.000   37.000  0.01966 126
 -87.000   38.000  0.02086 119
 -87.000   39.000  0.02773 18
 -87.000   40.000  0.03138 43
 -87.000   41.000  0.02817 7
 -87.000   42.000  0.02568 3
 -87.000   43.000  0.03048 1
 -87.000   44.000  0.02946 2
 -87.000   45.000  0.02338 3
 -87.000   46.000  0.03981 23
 -87.000   47.000  0.03463 0
 -87.000   48.000  0.02185 0
 -87.000   49.000  0.01643 0
 -87.000   50.000  0.02723 0
 -86.000   25.000  0.00000 0
 -86.000   26.000  0.00000 0
 -86.000   27.000 -0.00556 0
 -86.000   28.000 -0.00227 0
 -86.000   29.000  0.00177 0
 -86.000   30.000  0.01866 15
 -86.000   31.000  0.03284 26
 -86.000   32.000  0.04852 19
 -86.000   33.000  0.05707 26
 -86.000   34.000  0.06002 22
 -86.000   35.000  0.04702 21
 -86.000   36.000  0.03686 28
 -86.000   37.000  0.03578 72
 -86.000   38.000  0.03185 56
 -86.000   39.000  0.03384 16
 -86.000   40.000  0.03581 17
 -86.000   41.000  0.03226 19
 -86.000   42.000  0.02764 17
 -86.000   43.000  0.03078 18
 -86.000   44.000  0.03074 19
 -86.000   45.000  0.02869 15
 -86.000   46.000  0.04306 7
 -86.000   47.000  0.05369 0
 -86.000   48.000  0.04265 1
 -86.000   49.000  0.04213 0
 -86.000   50.000  0.04982 0
 -85.000   25.000  0.00000 0
 -85.000   26.000  0.00000 0
 -85.000   27.000 -0.00268 0
 -85.000   28.000  0.00917 0
 -85.000   29.000  0.01304 0
 -85.000   30.000  0.02556 18
 -85.000   31.000  0.04086 24
 -85.000   32.000  0.05535 27
 -85.000   33.000  0.05889 26
 -85.000   34.000  0.06128 21
 -85.000   35.000  0.05509 51
 -85.000   36.000  0.04383 39
 -85.000   37.000  0.04083 74
 -85.000   38.000  0.03652 49
 -85.000   39.000  0.03967 42
 -85.000   40.000  0.04011 40
 -85.000   41.000  0.03669 24
 -85.000   42.000  0.03204 19
 -85.000   43.000  0.02726 26
 -85.000   44.000  0.02891 15
 -85.000   45.000  0.03128 27
 -85.000   46.000  0.04551 5
 -85.000   47.000  0.05850 4
 -85.000   48.000  0.05467 1
 -85.000   49.000  0.05451 0
 -85.000   50.000  0.05744 0
 -84.000   25.000 -0.00426 0
 -84.000   26.000  0.00615 0
 -84.000   27.000  0.00457 0
 -84.000   28.000  0.01981 0
 -84.000   29.000  0.03273 6
 -84.000   30.000  0.04231 13
 -84.000   31.000  0.05264 79
 -84.000   32.000  0.06599 126
 -84.000   33.000  0.06601 37
 -84.000   34.000  0.06921 46
 -84.000   35.000  0.06332 93
 -84.000   36.000  0.05096 87
 -84.000   37.000  0.04703 37
 -84.000   38.000  0.04481 44
 -84.000   39.000  0.04080 22
 -84.000   40.000  0.04653 43
 -84.000   41.000  0.05019 26
 -84.000   42.000  0.04425 32
 -84.000   43.000  0.03381 15
 -84.000   44.000  0.04162 18
 -84.000   45.000  0.03783 12
 -84.000   46.000  0.04357 19
 -84.000   47.000  0.06204 2
 -84.000   48.000  0.06189 0
 -84.000   49.000  0.06152 1
 -84.000   50.000  0.06483 0
 -83.000   25.000  0.00145 0
 -83.000   26.000  0.02668 0
 -83.000   27.000  0.02121 0
 -83.000   28.000  0.04513 0
 -83.000   29.000  0.05946 19
 -83.000   30.000  0.06412 3
 -83.000   31.000  0.06178 20
 -83.000   32.000  0.07534 40
 -83.000   33.000  0.06887 30
 -83.000   34.000  0.07397 49
 -83.000   35.000  0.06852 38
 -83.000   36.000  0.05561 31
 -83.000   37.000  0.05255 19
 -83.000   38.000  0.05070 15
 -83.000   39.000  0.04050 40
 -83.000   40.000  0.04648 36
 -83.000   41.000  0.04998 27
 -83.000   42.000  0.04673 7
 -83.000   43.000  0.02955 23
 -83.000   44.000  0.03897 14
 -83.000   45.000  0.03812 4
 -83.000   46.000  0.04188 22
 -83.000   47.000  0.05636 4
 -83.000   48.000  0.06262 0
 -83.000   49.000  0.06269 11
 -83.000   50.000  0.06090 1
 -82.000   25.000 -0.00194 0
 -82.000   26.000  0.02414 1
 -82.000   27.000  0.01918 2
 -82.000   28.000  0.04151 3
 -82.000   29.000  0.05266 10
 -82.000   30.000  0.06374 17
 -82.000   31.000  0.05762 78
 -82.000   32.000  0.06977 55
 -82.000   33.000  0.06589 37
 -82.000   34.000  0.07223 14
 -82.000   35.000  0.06940 19
 -82.000   36.000  0.06253 25
 -82.000   37.000  0.06320 13
 -82.000   38.000  0.06034 44
 -82.000   39.000  0.05431 42
 -82.000   40.000  0.05719 51
 -82.000   41.000  0.05839 28
 -82.000   42.000  0.05046 9
 -82.000   43.000  0.03282 3
 -82.000   44.000  0.04357 2
 -82.000   45.000  0.04525 7
 -82.000   46.000  0.03656 12
 -82.000   47.000  0.05339 8
 -82.000   48.000  0.06012 0
 -82.000   49.000  0.05180 18
 -82.000   50.000  0.04009 0
 -81.000   25.000 -0.00194 10
 -81.000   26.000  0.02414 18
 -81.000   27.000  0.02473 7
 -81.000   28.000  0.04314 2
 -81.000   29.000  0.05287 3
 -81.000   30.000  0.06061 1
 -81.000   31.000  0.05372 11
 -81.000   32.000  0.05813 9
 -81.000   33.000  0.05556 20
 -81.000   34.000  0.06494 29
 -81.000   35.000  0.06639 30
 -81.000   36.000  0.06240 26
 -81.000   37.000  0.06792 32
 -81.000   38.000  0.06859 41
 -81.000   39.000  0.06127 63
 -81.000   40.000  0.05947 36
 -81.000   41.000  0.05777 37
 -81.000   42.000  0.04919 7
 -81.000   43.000  0.03614 12
 -81.000   44.000  0.04898 7
 -81.000   45.000  0.04922 1
 -81.000   46.000  0.04134 6
 -81.000   47.000  0.04109 7
 -81.000   48.000  0.04232 0
 -81.000   49.000  0.02652 0
 -81.000   50.000  0.01501 0
 -80.000   25.000 -0.00194 0
 -80.000   26.000  0.02414 4
 -80.000   27.000  0.02186 5
 -80.000   28.000  0.03171 0
 -80.000   29.000  0.04110 0
 -80.000   30.000  0.04656 0
 -80.000   31.000  0.03598 0
 -80.000   32.000  0.04254 7
 -80.000   33.000  0.04853 44
 -80.000   34.000  0.05834 41
 -80.000   35.000  0.06096 42
 -80.000   36.000  0.06307 28
 -80.000   37.000  0.06925 27
 -80.000   38.000  0.06806 46
 -80.000   39.000  0.05958 46
 -80.000   40.000  0.05689 31
 -80.000   41.000  0.05143 50
 -80.000   42.000  0.04782 32
 -80.000   43.000  0.04215 9
 -80.000   44.000  0.05508 11
 -80.000   45.000  0.06439 11
 -80.000   46.000  0.05788 9
 -80.000   47.000  0.05064 10
 -80.000   48.000  0.04388 0
 -80.000   49.000  0.02968 0
 -80.000   50.000  0.00747 0
 -79.000   25.000  0.00231 0
 -79.000   26.000  0.01799 0
 -79.000   27.000  0.01461 0
 -79.000   28.000  0.02268 0
 -79.000   29.000  0.02157 0
 -79.000   30.000  0.02734 0
 -79.000   31.000  0.02023 0
 -79.000   32.000  0.03862 0
 -79.000   33.000  0.04753 16
 -79.000   34.000  0.06081 25
 -79.000   35.000  0.06760 50
 -79.000   36.000  0.07047 47
 -79.000   37.000  0.06352 24
 -79.000   38.000  0.05671 81
 -79.000   39.000  0.04656 52
 -79.000   40.000  0.04143 35
 -79.000   41.000  0.03787 26
 -79.000   42.000  0.04065 36
 -79.000   43.000  0.04130 24
 -79.000   44.000  0.05517 20
 -79.000   45.000  0.06627 22
 -79.000   46.000  0.06111 20
 -79.000   47.000  0.04667 5
 -79.000   48.000  0.03807 0
 -79.000   49.000  0.02308 0
 -79.000   50.000  0.00008 0
 -78.000   25.000 -0.00339 0
 -78.000   26.000 -0.00254 0
 -78.000   27.000 -0.00203 0
 -78.000   28.000 -0.00203 0
 -78.000   29.000 -0.00468 0
 -78.000   30.000  0.00298 0
 -78.000   31.000  0.00671 0
 -78.000   32.000  0.02786 0
 -78.000   33.000  0.04430 10
 -78.000   34.000  0.06134 20
 -78.000   35.000  0.06555 18
 -78.000   36.000  0.06868 32
 -78.000   37.000  0.05852 39
 -78.000   38.000  0.04795 73
 -78.000   39.000  0.03722 26
 -78.000   40.000  0.03701 30
 -78.000   41.000  0.03592 43
 -78.000   42.000  0.03544 35
 -78.000   43.000  0.04443 27
 -78.000   44.000  0.05490 6
 -78.000   45.000  0.06541 16
 -78.000   46.000  0.05969 19
 -78.000   47.000  0.04917 10
 -78.000   48.000  0.03431 14
 -78.000   49.000  0.02191 0
 -78.000   50.000  0.00008 0
 -77.000   25.000  0.00000 0
 -77.000   26.000  0.00000 0
 -77.000   27.000  0.00000 0
 -77.000   28.000  0.00000 0
 -77.000   29.000  0.00000 0
 -77.000   30.000  0.00000 0
 -77.000   31.000  0.00192 0
 -77.000   32.000  0.02199 0
 -77.000   33.000  0.04144 0
 -77.000   34.000  0.05579 1
 -77.000   35.000  0.06070 23
 -77.000   36.000  0.06548 30
 -77.000   37.000  0.05445 25
 -77.000   38.000  0.04040 44
 -77.000   39.000  0.02985 21
 -77.000   40.000  0.03302 31
 -77.000   41.000  0.03223 51
 -77.000   42.000  0.03422 21
 -77.000   43.000  0.04330 34
 -77.000   44.000  0.05164 13
 -77.000   45.000  0.05901 14
 -77.000   46.000  0.05314 22
 -77.000   47.000  0.04211 7
 -77.000   48.000  0.02763 0
 -77.000   49.000  0.01936 0
 -77.000   50.000  0.00008 0
 -76.000   25.000  0.00000 0
 -76.000   26.000  0.00000 0
 -76.000   27.000  0.00000 0
 -76.000   28.000  0.00000 0
 -76.000   29.000  0.00000 0
 -76.000   30.000  0.00000 0
 -76.000   31.000 -0.00093 0
 -76.000   32.000  0.01807 0
 -76.000   33.000  0.03731 0
 -76.000   34.000  0.04793 2
 -76.000   35.000  0.04903 5
 -76.000   36.000  0.05325 7
 -76.000   37.000  0.04195 6
 -76.000   38.000  0.02812 15
 -76.000   39.000  0.02302 24
 -76.000   40.000  0.03210 58
 -76.000   41.000  0.03692 53
 -76.000   42.000  0.03805 47
 -76.000   43.000  0.04117 39
 -76.000   44.000  0.04422 30
 -76.000   45.000  0.04627 15
 -76.000   46.000  0.03821 31
 -76.000   47.000  0.02937 6
 -76.000   48.000  0.02085 0
 -76.000   49.000  0.01536 0
 -76.000   50.000  0.00008 0
 -75.000   25.000  0.00000 0
 -75.000   26.000  0.00000 0
 -75.000   27.000  0.00000 0
 -75.000   28.000  0.00000 0
 -75.000   29.000  0.00000 0
 -75.000   30.000  0.00000 0
 -75.000   31.000  0.00000 0
 -75.000   32.000  0.01646 0
 -75.000   33.000  0.03221 0
 -75.000   34.000  0.04152 0
 -75.000   35.000  0.04200 4
 -75.000   36.000  0.04318 0
 -75.000   37.000  0.03199 4
 -75.000   38.000  0.02266 21
 -75.000   39.000  0.01863 25
 -75.000   40.000  0.02978 80
 -75.000   41.000  0.03707 83
 -75.000   42.000  0.03571 26
 -75.000   43.000  0.03455 45
 -75.000   44.000  0.03599 46
 -75.000   45.000  0.02909 30
 -75.000   46.000  0.02061 21
 -75.000   47.000  0.01670 12
 -75.000   48.000  0.01144 0
 -75.000   49.000  0.00590 0
 -75.000   50.000  0.00000 0
 -74.000   25.000  0.00000 0
 -74.000   26.000  0.00000 0
 -74.000   27.000  0.00000 0
 -74.000   28.000  0.00000 0
 -74.000   29.000  0.00000 0
 -74.000   30.000  0.00000 0
 -74.000   31.000  0.00000 0
 -74.000   32.000  0.00481 0
 -74.000   33.000  0.01707 0
 -74.000   34.000  0.02277 0
 -74.000   35.000  0.02142 0
 -74.000   36.000  0.02446 0
 -74.000   37.000  0.02596 0
 -74.000   38.000  0.02425 0
 -74.000   39.000  0.02667 3
 -74.000   40.000  0.03681 64
 -74.000   41.000  0.03930 178
 -74.000   42.000  0.03504 69
 -74.000   43.000  0.02584 83
 -74.000   44.000  0.02044 73
 -74.000   45.000  0.01487 40
 -74.000   46.000  0.00933 24
 -74.000   47.000  0.00729 5
 -74.000   48.000  0.00593 0
 -74.000   49.000  0.00401 0
 -74.000   50.000  0.00000 0
 -73.000   25.000  0.00000 0
 -73.000   26.000  0.00000 0
 -73.000   27.000  0.00000 0
 -73.000   28.000  0.00000 0
 -73.000   29.000  0.00000 0
 -73.000   30.000  0.00000 0
 -73.000   31.000  0.00000 0
 -73.000   32.000  0.00000 0
 -73.000   33.000  0.00683 0
 -73.000   34.000  0.00683 0
 -73.000   35.000  0.00924 0
 -73.000   36.000  0.01212 0
 -73.000   37.000  0.01569 0
 -73.000   38.000  0.01800 0
 -73.000   39.000  0.02716 0
 -73.000   40.000  0.03241 9
 -73.000   41.000  0.03205 33
 -73.000   42.000  0.03011 33
 -73.000   43.000  0.02046 53
 -73.000   44.000  0.01292 43
 -73.000   45.000  0.00715 13
 -73.000   46.000  0.00464 23
 -73.000   47.000  0.00302 5
 -73.000   48.000  0.00352 0
 -73.000   49.000  0.00238 0
 -73.000   50.000  0.00000 0
 -72.000   25.000  0.00000 0
 -72.000   26.000  0.00000 0
 -72.000   27.000  0.00000 0
 -72.000   28.000  0.00000 0
 -72.000   29.000  0.00000 0
 -72.000   30.000  0.00000 0
 -72.000   31.000  0.00000 0
 -72.000   32.000  0.00000 0
 -72.000   33.000  0.00000 0
 -72.000   34.000  0.00000 0
 -72.000   35.000  0.00000 0
 -72.000   36.000  0.00000 0
 -72.000   37.000  0.00335 0
 -72.000   38.000  0.01157 0
 -72.000   39.000  0.02130 0
 -72.000   40.000  0.02615 3
 -72.000   41.000  0.02380 27
 -72.000   42.000  0.01934 45
 -72.000   43.000  0.00931 45
 -72.000   44.000 -0.00088 44
 -72.000   45.000 -0.00367 19
 -72.000   46.000 -0.01945 11
 -72.000   47.000 -0.01833 5
 -72.000   48.000 -0.01652 0
 -72.000   49.000 -0.02008 0
 -72.000   50.000 -0.03022 0
 -71.000   25.000  0.00000 0
 -71.000   26.000  0.00000 0
 -71.000   27.000  0.00000 0
 -71.000   28.000  0.00000 0
 -71.000   29.000  0.00000 0
 -71.000   30.000  0.00000 0
 -71.000   31.000  0.00000 0
 -71.000   32.000  0.00000 0
 -71.000   33.000  0.00000 0
 -71.000   34.000  0.00000 0
 -71.000   35.000  0.00000 0
 -71.000   36.000  0.00000 0
 -71.000   37.000  0.00000 0
 -71.000   38.000  0.00619 0
 -71.000   39.000  0.01472 0
 -71.000   40.000  0.01732 0
 -71.000   41.000  0.01219 35
 -71.000   42.000  0.01098 30
 -71.000   43.000  0.00059 41
 -71.000   44.000 -0.00887 60
 -71.000   45.000 -0.00983 39
 -71.000   46.000 -0.02283 27
 -71.000   47.000 -0.02162 8
 -71.000   48.000 -0.01742 0
 -71.000   49.000 -0.02061 0
 -71.000   50.000 -0.03022 0
 -70.000   25.000  0.00000 0
 -70.000   26.000  0.00000 0
 -70.000   27.000  0.00000 0
 -70.000   28.000  0.00000 0
 -70.000   29.000  0.00000 0
 -70.000   30.000  0.00000 0
 -70.000   31.000  0.00000 0
 -70.000   32.000  0.00000 0
 -70.000   33.000  0.00000 0
 -70.000   34.000  0.00000 0
 -70.000   35.000  0.00000 0
 -70.000   36.000  0.00000 0
 -70.000   37.000  0.00000 0
 -70.000   38.000  0.00344 0
 -70.000   39.000  0.01112 0
 -70.000   40.000  0.01266 0
 -70.000   41.000  0.00612 16
 -70.000   42.000  0.00260 5
 -70.000   43.000 -0.00672 3
 -70.000   44.000 -0.01637 22
 -70.000   45.000 -0.01281 33
 -70.000   46.000 -0.02440 34
 -70.000   47.000 -0.02079 21
 -70.000   48.000 -0.01492 1
 -70.000   49.000 -0.01618 0
 -70.000   50.000 -0.03008 0
 -69.000   25.000  0.00000 0
 -69.000   26.000  0.00000 0
 -69.000   27.000  0.00000 0
 -69.000   28.000  0.00000 0
 -69.000   29.000  0.00000 0
 -69.000   30.000  0.00000 0
 -69.000   31.000  0.00000 0
 -69.000   32.000  0.00000 0
 -69.000   33.000  0.00000 0
 -69.000   34.000  0.00000 0
 -69.000   35.000  0.00000 0
 -69.000   36.000  0.00000 0
 -69.000   37.000  0.00000 0
 -69.000   38.000  0.00000 0
 -69.000   39.000  0.00454 0
 -69.000   40.000  0.00664 0
 -69.000   41.000  0.00124 0
 -69.000   42.000 -0.00657 0
 -69.000   43.000 -0.01108 2
 -69.000   44.000 -0.01642 6
 -69.000   45.000 -0.01223 44
 -69.000   46.000 -0.02496 39
 -69.000   47.000 -0.01613 27
 -69.000   48.000 -0.01252 0
 -69.000   49.000 -0.01464 0
 -69.000   50.000 -0.03001 0
 -68.000   25.000  0.00000 0
 -68.000   26.000  0.00000 0
 -68.000   27.000  0.00000 0
 -68.000   28.000  0.00000 0
 -68.000   29.000  0.00000 0
 -68.000   30.000  0.00000 0
 -68.000   31.000  0.00000 0
 -68.000   32.000  0.00000 0
 -68.000   33.000  0.00000 0
 -68.000   34.000  0.00000 0
 -68.000   35.000  0.00000 0
 -68.000   36.000  0.00000 0
 -68.000   37.000  0.00000 0
 -68.000   38.000  0.00000 0
 -68.000   39.000  0.00155 0
 -68.000   40.000  0.00257 0
 -68.000   41.000 -0.00140 0
 -68.000   42.000 -0.00924 0
 -68.000   43.000 -0.01429 0
 -68.000   44.000 -0.01579 4
 -68.000   45.000 -0.01157 32
 -68.000   46.000 -0.02572 61
 -68.000   47.000 -0.01686 9
 -68.000   48.000 -0.01271 0
 -68.000   49.000 -0.01595 2
 -68.000   50.000 -0.03001 0
 -67.000   25.000  0.00000 0
 -67.000   26.000  0.00000 0
 -67.000   27.000  0.00000 0
 -67.000   28.000  0.00000 0
 -67.000   29.000  0.00000 0
 -67.000   30.000  0.00000 0
 -67.000   31.000  0.00000 0
 -67.000   32.000  0.00000 0
 -67.000   33.000  0.00000 0
 -67.000   34.000  0.00000 0
 -67.000   35.000  0.00000 0
 -67.000   36.000  0.00000 0
 -67.000   37.000  0.00000 0
 -67.000   38.000  0.00000 0
 -67.000   39.000  0.00000 0
 -67.000   40.000  0.00000 0
 -67.000   41.000 -0.00021 0
 -67.000   42.000 -0.00743 0
 -67.000   43.000 -0.01137 0
 -67.000   44.000 -0.01130 8
 -67.000   45.000 -0.00796 32
 -67.000   46.000 -0.00775 0
 -67.000   47.000  0.00050 0
 -67.000   48.000  0.00353 0
 -67.000   49.000  0.00433 30
 -67.000   50.000  0.00021 2
 -66.000   25.000  0.00000 0
 -66.000   26.000  0.00000 0
 -66.000   27.000  0.00000 0
 -66.000   28.000  0.00000 0
 -66.000   29.000  0.00000 0
 -66.000   30.000  0.00000 0
 -66.000   31.000  0.00000 0
 -66.000   32.000  0.00000 0
 -66.000   33.000  0.00000 0
 -66.000   34.000  0.00000 0
 -66.000   35.000  0.00000 0
 -66.000   36.000  0.00000 0
 -66.000   37.000  0.00000 0
 -66.000   38.000  0.00000 0
 -66.000   39.000  0.00000 0
 -66.000   40.000  0.00000 0
 -66.000   41.000  0.00000 0
 -66.000   42.000 -0.00924 0
 -66.000   43.000 -0.01086 0
 -66.000   44.000 -0.01095 0
 -66.000   45.000 -0.00809 1
 -66.000   46.000 -0.00809 0
 -66.000   47.000  0.00244 0
 -66.000   48.000  0.00293 0
 -66.000   49.000  0.00377 0
 -66.000   50.000  0.00026 0
 -65.000   25.000  0.00000 0
 -65.000   26.000  0.00000 0
 -65.000   27.000  0.00000 0
 -65.000   28.000  0.00000 0
 -65.000   29.000  0.00000 0
 -65.000   30.000  0.00000 0
 -65.000   31.000  0.00000 0
 -65.000   32.000  0.00000 0
 -65.000   33.000  0.00000 0
 -65.000   34.000  0.00000 0
 -65.000   35.000  0.00000 0
 -65.000   36.000  0.00000 0
 -65.000   37.000  0.00000 0
 -65.000   38.000  0.00000 0
 -65.000   39.000  0.00000 0
 -65.000   40.000  0.00000 0
 -65.000   41.000  0.00000 0
 -65.000   42.000 -0.00820 0
 -65.000   43.000 -0.00825 0
 -65.000   44.000 -0.00825 0
 -65.000   45.000 -0.00825 0
 -65.000   46.000 -0.00825 0
 -65.000   47.000  0.00153 0
 -65.000   48.000  0.00007 0
 -65.000   49.000  0.00009 0
 -65.000   50.000  0.00012 0
