-130.000   25.000  0.00000 0
-130.000   26.000  0.00000 0
-130.000   27.000  0.00000 0
-130.000   28.000  0.00000 0
-130.000   29.000  0.00000 0
-130.000   30.000  0.00000 0
-130.000   31.000  0.00000 0
-130.000   32.000  0.00000 0
-130.000   33.000  0.00000 0
-130.000   34.000  0.00000 0
-130.000   35.000  0.00000 0
-130.000   36.000  0.00000 0
-130.000   37.000  0.00000 0
-130.000   38.000  0.00000 0
-130.000   39.000  0.00000 0
-130.000   40.000  0.00000 0
-130.000   41.000  0.00000 0
-130.000   42.000  0.00000 0
-130.000   43.000  0.00000 0
-130.000   44.000  0.00000 0
-130.000   45.000  0.00000 0
-130.000   46.000  0.00000 0
-130.000   47.000  0.01128 0
-130.000   48.000  0.02147 0
-130.000   49.000  0.02683 0
-130.000   50.000  0.03578 0
-129.000   25.000  0.00000 0
-129.000   26.000  0.00000 0
-129.000   27.000  0.00000 0
-129.000   28.000  0.00000 0
-129.000   29.000  0.00000 0
-129.000   30.000  0.00000 0
-129.000   31.000  0.00000 0
-129.000   32.000  0.00000 0
-129.000   33.000  0.00000 0
-129.000   34.000  0.00000 0
-129.000   35.000  0.00000 0
-129.000   36.000  0.00000 0
-129.000   37.000  0.00000 0
-129.000   38.000  0.00000 0
-129.000   39.000  0.00000 0
-129.000   40.000  0.00000 0
-129.000   41.000  0.00000 0
-129.000   42.000  0.00000 0
-129.000   43.000  0.00000 0
-129.000   44.000  0.00000 0
-129.000   45.000  0.00000 0
-129.000   46.000 -0.00234 0
-129.000   47.000  0.00073 0
-129.000   48.000  0.01368 0
-129.000   49.000  0.01709 2
-129.000   50.000  0.02279 1
-128.000   25.000  0.00000 0
-128.000   26.000  0.00000 0
-128.000   27.000  0.00000 0
-128.000   28.000  0.00000 0
-128.000   29.000  0.00000 0
-128.000   30.000  0.00000 0
-128.000   31.000  0.00000 0
-128.000   32.000  0.00000 0
-128.000   33.000  0.00000 0
-128.000   34.000  0.00000 0
-128.000   35.000  0.00000 0
-128.000   36.000  0.00000 0
-128.000   37.000  0.00000 0
-128.000   38.000  0.00000 0
-128.000   39.000  0.00000 0
-128.000   40.000  0.00276 0
-128.000   41.000  0.00064 0
-128.000   42.000  0.00064 0
-128.000   43.000  0.00064 0
-128.000   44.000  0.00064 0
-128.000   45.000 -0.01058 0
-128.000   46.000 -0.01106 0
-128.000   47.000 -0.01167 0
-128.000   48.000 -0.00131 0
-128.000   49.000 -0.00164 9
-128.000   50.000  0.01192 7
-127.000   25.000  0.00000 0
-127.000   26.000  0.00000 0
-127.000   27.000  0.00000 0
-127.000   28.000  0.00000 0
-127.000   29.000  0.00000 0
-127.000   30.000  0.00000 0
-127.000   31.000  0.00000 0
-127.000   32.000  0.00000 0
-127.000   33.000  0.00000 0
-127.000   34.000  0.00000 0
-127.000   35.000  0.00000 0
-127.000   36.000 -0.00384 0
-127.000   37.000 -0.00389 0
-127.000   38.000 -0.00323 0
-127.000   39.000 -0.00242 0
-127.000   40.000  0.00184 0
-127.000   41.000  0.00290 0
-127.000   42.000  0.00401 0
-127.000   43.000  0.00645 0
-127.000   44.000  0.00679 0
-127.000   45.000 -0.00541 0
-127.000   46.000 -0.00479 0
-127.000   47.000 -0.00783 0
-127.000   48.000 -0.00078 4
-127.000   49.000 -0.00242 2
-127.000   50.000  0.00998 2
-126.000   25.000  0.00000 0
-126.000   26.000  0.00000 0
-126.000   27.000  0.00000 0
-126.000   28.000  0.00000 0
-126.000   29.000  0.00000 0
-126.000   30.000  0.00000 0
-126.000   31.000  0.00000 0
-126.000   32.000  0.00000 0
-126.000   33.000  0.00000 0
-126.000   34.000  0.00000 0
-126.000   35.000 -0.00107 0
-126.000   36.000 -0.00369 0
-126.000   37.000 -0.00401 0
-126.000   38.000 -0.00332 0
-126.000   39.000 -0.00299 0
-126.000   40.000  0.00232 0
-126.000   41.000  0.00282 0
-126.000   42.000  0.00605 3
-126.000   43.000  0.00964 1
-126.000   44.000  0.01117 0
-126.000   45.000 -0.00046 0
-126.000   46.000 -0.00121 0
-126.000   47.000 -0.01304 4
-126.000   48.000 -0.01414 11
-126.000   49.000 -0.01999 6
-126.000   50.000 -0.01434 0
-125.000   25.000  0.00000 0
-125.000   26.000  0.00000 0
-125.000   27.000  0.00000 0
-125.000   28.000  0.00000 0
-125.000   29.000  0.00000 0
-125.000   30.000  0.00000 0
-125.000   31.000  0.00000 0
-125.000   32.000  0.00000 0
-125.000   33.000 -0.00140 0
-125.000   34.000 -0.00153 0
-125.000   35.000 -0.00395 0
-125.000   36.000 -0.00592 0
-125.000   37.000 -0.00643 0
-125.000   38.000 -0.00346 2
-125.000   39.000 -0.00448 7
-125.000   40.000  0.00156 33
-125.000   41.000  0.00158 52
-125.000   42.000  0.00469 67
-125.000   43.000  0.00772 89
-125.000   44.000  0.01066 99
-125.000   45.000 -0.00026 54
-125.000   46.000 -0.00060 57
-125.000   47.000 -0.01232 88
-125.000   48.000 -0.01131 56
-125.000   49.000 -0.01637 21
-125.000   50.000 -0.00968 9
-124.000   25.000  0.00000 0
-124.000   26.000  0.00000 0
-124.000   27.000  0.00000 0
-124.000   28.000  0.00000 0
-124.000   29.000  0.00000 0
-124.000   30.000  0.00000 0
-124.000   31.000  0.00000 0
-124.000   32.000  0.00261 0
-124.000   33.000  0.00002 0
-124.000   34.000  0.00142 0
-124.000   35.000 -0.00056 0
-124.000   36.000 -0.00290 0
-124.000   37.000 -0.00597 30
-124.000   38.000 -0.00327 34
-124.000   39.000 -0.00692 65
-124.000   40.000 -0.00043 96
-124.000   41.000  0.00019 111
-124.000   42.000  0.00381 110
-124.000   43.000  0.00723 107
-124.000   44.000  0.01156 96
-124.000   45.000 -0.00182 83
-124.000   46.000 -0.00092 103
-124.000   47.000 -0.00962 162
-124.000   48.000 -0.01179 141
-124.000   49.000 -0.01733 19
-124.000   50.000 -0.00833 5
-123.000   25.000  0.00000 0
-123.000   26.000  0.00000 0
-123.000   27.000  0.00000 0
-123.000   28.000  0.00000 0
-123.000   29.000  0.00000 0
-123.000   30.000  0.00163 0
-123.000   31.000  0.00137 0
-123.000   32.000  0.00561 0
-123.000   33.000  0.00433 0
-123.000   34.000  0.00588 0
-123.000   35.000  0.00193 3
-123.000   36.000  0.00071 28
-123.000   37.000 -0.00380 37
-123.000   38.000 -0.00318 48
-123.000   39.000 -0.00742 98
-123.000   40.000 -0.00284 95
-123.000   41.000 -0.00121 146
-123.000   42.000  0.00341 136
-123.000   43.000  0.00623 138
-123.000   44.000  0.01084 120
-123.000   45.000  0.00783 105
-123.000   46.000  0.00745 168
-123.000   47.000  0.00216 171
-123.000   48.000  0.00178 142
-123.000   49.000 -0.00016 53
-123.000   50.000  0.00102 0
-122.000   25.000  0.00000 0
-122.000   26.000  0.00000 0
-122.000   27.000  0.00000 0
-122.000   28.000  0.00000 0
-122.000   29.000  0.00000 0
-122.000   30.000 -0.00082 0
-122.000   31.000 -0.00043 0
-122.000   32.000  0.00251 0
-122.000   33.000  0.00207 0
-122.000   34.000  0.00251 3
-122.000   35.000  0.00048 32
-122.000   36.000  0.00218 61
-122.000   37.000 -0.00088 134
-122.000   38.000 -0.00196 92
-122.000   39.000 -0.00648 120
-122.000   40.000 -0.00338 184
-122.000   41.000 -0.00573 85
-122.000   42.000 -0.00288 102
-122.000   43.000 -0.00464 117
-122.000   44.000  0.00062 163
-122.000   45.000 -0.00183 112
-122.000   46.000 -0.00292 112
-122.000   47.000 -0.00645 169
-122.000   48.000 -0.00463 84
-122.000   49.000 -0.00727 15
-122.000   50.000 -0.00603 0
-121.000   25.000  0.00000 0
-121.000   26.000  0.00000 0
-121.000   27.000  0.00000 0
-121.000   28.000  0.00000 0
-121.000   29.000  0.00000 0
-121.000   30.000 -0.00092 0
-121.000   31.000 -0.00027 0
-121.000   32.000  0.00305 8
-121.000   33.000  0.00232 17
-121.000   34.000  0.00330 97
-121.000   35.000  0.00102 94
-121.000   36.000  0.00116 89
-121.000   37.000 -0.00382 135
-121.000   38.000 -0.00564 124
-121.000   39.000 -0.01150 94
-121.000   40.000 -0.00836 67
-121.000   41.000 -0.01106 75
-121.000   42.000 -0.01053 79
-121.000   43.000 -0.01685 73
-121.000   44.000 -0.01266 72
-121.000   45.000 -0.01490 52
-121.000   46.000 -0.01422 154
-121.000   47.000 -0.01186 110
-121.000   48.000  0.00163 79
-121.000   49.000  0.00290 32
-121.000   50.000  0.00769 10
-120.000   25.000  0.00000 0
-120.000   26.000  0.00000 0
-120.000   27.000  0.00000 0
-120.000   28.000  0.00000 0
-120.000   29.000  0.00000 0
-120.000   30.000 -0.00084 0
-120.000   31.000  0.00041 0
-120.000   32.000  0.00325 16
-120.000   33.000  0.00410 61
-120.000   34.000  0.00636 121
-120.000   35.000  0.00673 143
-120.000   36.000  0.00620 117
-120.000   37.000  0.00164 179
-120.000   38.000 -0.00150 65
-120.000   39.000 -0.00667 60
-120.000   40.000 -0.00459 43
-120.000   41.000 -0.00778 30
-120.000   42.000 -0.00783 78
-120.000   43.000 -0.01603 72
-120.000   44.000 -0.01494 107
-120.000   45.000 -0.02010 80
-120.000   46.000 -0.02105 101
-120.000   47.000 -0.01762 105
-120.000   48.000 -0.00251 40
-120.000   49.000 -0.00085 24
-120.000   50.000  0.00477 3
-119.000   25.000  0.00000 0
-119.000   26.000  0.00000 0
-119.000   27.000  0.00000 0
-119.000   28.000  0.00000 0
-119.000   29.000  0.00089 0
-119.000   30.000  0.00048 0
-119.000   31.000  0.00170 0
-119.000   32.000  0.00211 26
-119.000   33.000  0.00472 230
-119.000   34.000  0.00410 382
-119.000   35.000  0.00223 295
-119.000   36.000  0.00171 129
-119.000   37.000 -0.00094 119
-119.000   38.000 -0.00661 94
-119.000   39.000 -0.00939 53
-119.000   40.000 -0.00583 24
-119.000   41.000 -0.01022 40
-119.000   42.000 -0.01156 50
-119.000   43.000 -0.01966 44
-119.000   44.000 -0.02021 72
-119.000   45.000 -0.02311 122
-119.000   46.000 -0.02255 116
-119.000   47.000 -0.01952 90
-119.000   48.000 -0.00374 69
-119.000   49.000 -0.00084 16
-119.000   50.000  0.00155 2
-118.000   25.000  0.00000 0
-118.000   26.000  0.00000 0
-118.000   27.000  0.00000 0
-118.000   28.000  0.00000 0
-118.000   29.000 -0.00029 0
-118.000   30.000 -0.00216 0
-118.000   31.000 -0.00143 0
-118.000   32.000 -0.00237 182
-118.000   33.000 -0.00179 563
-118.000   34.000 -0.00157 335
-118.000   35.000 -0.00148 216
-118.000   36.000 -0.00235 132
-118.000   37.000 -0.00433 153
-118.000   38.000 -0.00877 49
-118.000   39.000 -0.01074 34
-118.000   40.000 -0.00994 54
-118.000   41.000 -0.01364 63
-118.000   42.000 -0.01629 35
-118.000   43.000 -0.02324 53
-118.000   44.000 -0.02444 92
-118.000   45.000 -0.02497 143
-118.000   46.000 -0.02463 76
-118.000   47.000 -0.02326 77
-118.000   48.000 -0.00826 54
-118.000   49.000 -0.00628 34
-118.000   50.000 -0.00585 0
-117.000   25.000  0.00000 0
-117.000   26.000  0.00000 0
-117.000   27.000  0.00000 0
-117.000   28.000  0.00000 0
-117.000   29.000 -0.00523 0
-117.000   30.000 -0.00505 0
-117.000   31.000 -0.00562 16
-117.000   32.000 -0.00554 247
-117.000   33.000 -0.00539 495
-117.000   34.000  0.00193 283
-117.000   35.000  0.00033 218
-117.000   36.000  0.00171 137
-117.000   37.000 -0.00277 72
-117.000   38.000 -0.00642 47
-117.000   39.000 -0.00946 70
-117.000   40.000 -0.00927 97
-117.000   41.000 -0.01538 207
-117.000   42.000 -0.01587 36
-117.000   43.000 -0.02179 72
-117.000   44.000 -0.02539 96
-117.000   45.000 -0.02608 96
-117.000   46.000 -0.02483 52
-117.000   47.000 -0.02362 83
-117.000   48.000 -0.00851 25
-117.000   49.000 -0.00494 22
-117.000   50.000 -0.00339 0
-116.000   25.000  0.00000 0
-116.000   26.000  0.00000 0
-116.000   27.000  0.00000 0
-116.000   28.000  0.00000 0
-116.000   29.000 -0.00731 0
-116.000   30.000 -0.00781 0
-116.000   31.000 -0.00923 22
-116.000   32.000 -0.01002 445
-116.000   33.000 -0.00969 326
-116.000   34.000 -0.00037 286
-116.000   35.000 -0.00174 163
-116.000   36.000  0.00165 70
-116.000   37.000  0.00160 65
-116.000   38.000 -0.00016 37
-116.000   39.000 -0.00071 104
-116.000   40.000 -0.00093 97
-116.000   41.000 -0.00857 247
-116.000   42.000 -0.01118 31
-116.000   43.000 -0.01504 64
-116.000   44.000 -0.02174 94
-116.000   45.000 -0.02249 106
-116.000   46.000 -0.02117 30
-116.000   47.000 -0.02118 59
-116.000   48.000 -0.01860 26
-116.000   49.000 -0.01670 14
-116.000   50.000 -0.01756 0
-115.000   25.000  0.00000 0
-115.000   26.000  0.00000 0
-115.000   27.000  0.00000 0
-115.000   28.000 -0.00636 0
-115.000   29.000 -0.01409 0
-115.000   30.000 -0.01467 0
-115.000   31.000 -0.01596 3
-115.000   32.000 -0.01686 143
-115.000   33.000 -0.01028 185
-115.000   34.000 -0.00060 185
-115.000   35.000 -0.00375 138
-115.000   36.000 -0.00239 51
-115.000   37.000 -0.00128 83
-115.000   38.000 -0.00484 33
-115.000   39.000 -0.00616 180
-115.000   40.000 -0.00452 129
-115.000   41.000 -0.01013 41
-115.000   42.000 -0.01275 53
-115.000   43.000 -0.01601 67
-115.000   44.000 -0.02010 98
-115.000   45.000 -0.02100 67
-115.000   46.000 -0.01817 43
-115.000   47.000 -0.01893 65
-115.000   48.000 -0.01245 35
-115.000   49.000 -0.01125 16
-115.000   50.000 -0.01002 1
-114.000   25.000  0.00000 0
-114.000   26.000  0.00000 0
-114.000   27.000  0.00000 0
-114.000   28.000 -0.00636 0
-114.000   29.000 -0.01659 0
-114.000   30.000 -0.01721 0
-114.000   31.000 -0.01912 25
-114.000   32.000 -0.01935 121
-114.000   33.000 -0.01342 149
-114.000   34.000 -0.00009 118
-114.000   35.000 -0.00145 57
-114.000   36.000  0.00082 46
-114.000   37.000  0.00298 31
-114.000   38.000  0.00128 39
-114.000   39.000 -0.00040 127
-114.000   40.000 -0.00009 65
-114.000   41.000 -0.00451 44
-114.000   42.000 -0.00765 52
-114.000   43.000 -0.00773 78
-114.000   44.000 -0.01208 35
-114.000   45.000 -0.01243 51
-114.000   46.000 -0.00947 51
-114.000   47.000 -0.00781 32
-114.000   48.000 -0.00167 16
-114.000   49.000  0.00157 21
-114.000   50.000  0.00549 1
-113.000   25.000  0.00000 0
-113.000   26.000  0.00000 0
-113.000   27.000  0.00000 0
-113.000   28.000  0.00150 0
-113.000   29.000 -0.00730 0
-113.000   30.000 -0.00690 1
-113.000   31.000 -0.00728 8
-113.000   32.000 -0.00762 49
-113.000   33.000 -0.00890 90
-113.000   34.000  0.00319 79
-113.000   35.000  0.00104 45
-113.000   36.000  0.00240 57
-113.000   37.000  0.00489 56
-113.000   38.000  0.00541 26
-113.000   39.000  0.00303 41
-113.000   40.000  0.00357 37
-113.000   41.000  0.00126 41
-113.000   42.000 -0.00201 61
-113.000   43.000 -0.00405 65
-113.000   44.000 -0.00720 41
-113.000   45.000 -0.00633 33
-113.000   46.000 -0.00556 52
-113.000   47.000 -0.00060 25
-113.000   48.000  0.00968 33
-113.000   49.000  0.01490 9
-113.000   50.000  0.02043 2
-112.000   25.000  0.00000 0
-112.000   26.000  0.00000 0
-112.000   27.000  0.00000 0
-112.000   28.000  0.00065 0
-112.000   29.000 -0.00311 0
-112.000   30.000 -0.00210 0
-112.000   31.000 -0.00227 41
-112.000   32.000 -0.00123 48
-112.000   33.000 -0.00232 77
-112.000   34.000  0.00442 68
-112.000   35.000  0.00172 94
-112.000   36.000  0.00169 70
-112.000   37.000  0.00528 32
-112.000   38.000  0.00501 39
-112.000   39.000  0.00406 59
-112.000   40.000  0.00506 35
-112.000   41.000  0.00708 35
-112.000   42.000  0.00144 30
-112.000   43.000  0.00167 95
-112.000   44.000 -0.00182 212
-112.000   45.000 -0.00014 42
-112.000   46.000 -0.00251 30
-112.000   47.000  0.00223 26
-112.000   48.000  0.01988 25
-112.000   49.000  0.02668 15
-112.000   50.000  0.03391 1
-111.000   25.000  0.00000 0
-111.000   26.000  0.00000 0
-111.000   27.000  0.00000 0
-111.000   28.000  0.00209 0
-111.000   29.000  0.00108 0
-111.000   30.000  0.00412 1
-111.000   31.000  0.00476 28
-111.000   32.000  0.00619 42
-111.000   33.000  0.00419 67
-111.000   34.000  0.00745 85
-111.000   35.000  0.00343 62
-111.000   36.000  0.00092 58
-111.000   37.000  0.00282 38
-111.000   38.000  0.00034 48
-111.000   39.000 -0.00182 39
-111.000   40.000 -0.00198 73
-111.000   41.000  0.00476 28
-111.000   42.000  0.00202 85
-111.000   43.000  0.00322 75
-111.000   44.000  0.00362 70
-111.000   45.000  0.00617 42
-111.000   46.000  0.00065 29
-111.000   47.000  0.00026 26
-111.000   48.000  0.01935 26
-111.000   49.000  0.02358 16
-111.000   50.000  0.02908 1
-110.000   25.000  0.00000 0
-110.000   26.000  0.00000 0
-110.000   27.000  0.00000 0
-110.000   28.000  0.00822 0
-110.000   29.000  0.00799 0
-110.000   30.000  0.01133 9
-110.000   31.000  0.01101 35
-110.000   32.000  0.01134 66
-110.000   33.000  0.00407 45
-110.000   34.000  0.00339 51
-110.000   35.000 -0.00039 44
-110.000   36.000 -0.00096 37
-110.000   37.000  0.00198 34
-110.000   38.000  0.00108 62
-110.000   39.000  0.00386 24
-110.000   40.000  0.00215 25
-110.000   41.000  0.00884 36
-110.000   42.000  0.00647 147
-110.000   43.000  0.00665 148
-110.000   44.000  0.00561 34
-110.000   45.000  0.01087 49
-110.000   46.000  0.00556 34
-110.000   47.000  0.00496 28
-110.000   48.000  0.02004 20
-110.000   49.000  0.02400 13
-110.000   50.000  0.02683 1
-109.000   25.000  0.00000 0
-109.000   26.000  0.00000 0
-109.000   27.000  0.00000 0
-109.000   28.000  0.00822 0
-109.000   29.000  0.01000 0
-109.000   30.000  0.01332 25
-109.000   31.000  0.01350 23
-109.000   32.000  0.01054 72
-109.000   33.000  0.00141 96
-109.000   34.000 -0.00418 60
-109.000   35.000 -0.00962 39
-109.000   36.000 -0.01227 39
-109.000   37.000 -0.00673 37
-109.000   38.000 -0.00660 55
-109.000   39.000 -0.00104 51
-109.000   40.000 -0.00311 38
-109.000   41.000  0.00487 57
-109.000   42.000  0.00370 82
-109.000   43.000  0.00339 45
-109.000   44.000  0.00667 75
-109.000   45.000  0.01412 44
-109.000   46.000  0.00699 27
-109.000   47.000  0.00582 32
-109.000   48.000  0.01818 21
-109.000   49.000  0.01642 15
-109.000   50.000  0.01646 0
-108.000   25.000  0.00000 0
-108.000   26.000  0.00000 0
-108.000   27.000  0.00000 0
-108.000   28.000  0.00079 0
-108.000   29.000  0.00261 0
-108.000   30.000  0.00569 4
-108.000   31.000  0.00521 25
-108.000   32.000  0.00066 24
-108.000   33.000 -0.00171 67
-108.000   34.000 -0.00989 96
-108.000   35.000 -0.01658 35
-108.000   36.000 -0.01979 47
-108.000   37.000 -0.01277 59
-108.000   38.000 -0.01341 44
-108.000   39.000 -0.00515 77
-108.000   40.000 -0.00501 40
-108.000   41.000  0.00282 48
-108.000   42.000  0.00456 68
-108.000   43.000  0.00466 66
-108.000   44.000  0.00784 94
-108.000   45.000  0.01339 63
-108.000   46.000  0.00843 27
-108.000   47.000  0.00300 24
-108.000   48.000  0.01132 20
-108.000   49.000  0.00779 12
-108.000   50.000  0.00693 0
-107.000   25.000  0.00000 0
-107.000   26.000  0.00000 0
-107.000   27.000 -0.00050 0
-107.000   28.000  0.00029 0
-107.000   29.000  0.00330 0
-107.000   30.000  0.00701 0
-107.000   31.000  0.00742 36
-107.000   32.000  0.00209 26
-107.000   33.000 -0.00031 69
-107.000   34.000 -0.01040 33
-107.000   35.000 -0.01864 25
-107.000   36.000 -0.02208 35
-107.000   37.000 -0.01485 48
-107.000   38.000 -0.01371 29
-107.000   39.000 -0.00585 47
-107.000   40.000 -0.00381 53
-107.000   41.000  0.00300 87
-107.000   42.000  0.00529 60
-107.000   43.000  0.00476 159
-107.000   44.000  0.00961 71
-107.000   45.000  0.01549 48
-107.000   46.000  0.01178 31
-107.000   47.000  0.00657 44
-107.000   48.000  0.00757 19
-107.000   49.000  0.00241 14
-107.000   50.000 -0.00242 0
-106.000   25.000  0.00000 0
-106.000   26.000  0.00107 0
-106.000   27.000  0.00132 0
-106.000   28.000  0.00150 0
-106.000   29.000  0.00508 0
-106.000   30.000  0.00714 8
-106.000   31.000  0.00664 44
-106.000   32.000  0.00053 99
-106.000   33.000 -0.00286 132
-106.000   34.000 -0.01391 73
-106.000   35.000 -0.02080 66
-106.000   36.000 -0.02304 30
-106.000   37.000 -0.01772 48
-106.000   38.000 -0.01493 86
-106.000   39.000 -0.00723 57
-106.000   40.000 -0.00242 67
-106.000   41.000  0.00293 65
-106.000   42.000  0.00620 54
-106.000   43.000  0.00700 82
-106.000   44.000  0.01182 57
-106.000   45.000  0.01604 45
-106.000   46.000  0.01208 33
-106.000   47.000  0.00901 32
-106.000   48.000  0.00863 21
-106.000   49.000  0.00448 10
-106.000   50.000 -0.00104 0
-105.000   25.000  0.00000 0
-105.000   26.000  0.00293 0
-105.000   27.000  0.00101 0
-105.000   28.000  0.00202 0
-105.000   29.000  0.00520 41
-105.000   30.000  0.00757 32
-105.000   31.000  0.00582 48
-105.000   32.000  0.00411 94
-105.000   33.000 -0.00125 96
-105.000   34.000 -0.01166 84
-105.000   35.000 -0.01942 46
-105.000   36.000 -0.02230 85
-105.000   37.000 -0.02089 47
-105.000   38.000 -0.01873 76
-105.000   39.000 -0.01261 52
-105.000   40.000 -0.00717 65
-105.000   41.000 -0.00077 35
-105.000   42.000  0.00264 42
-105.000   43.000  0.00673 52
-105.000   44.000  0.01106 47
-105.000   45.000  0.01392 45
-105.000   46.000  0.00781 26
-105.000   47.000  0.00349 31
-105.000   48.000  0.00159 24
-105.000   49.000 -0.00204 24
-105.000   50.000 -0.00755 0
-104.000   25.000  0.00000 0
-104.000   26.000 -0.00246 0
-104.000   27.000 -0.00019 0
-104.000   28.000  0.00174 26
-104.000   29.000  0.00360 17
-104.000   30.000  0.00649 105
-104.000   31.000  0.00912 63
-104.000   32.000  0.00669 97
-104.000   33.000  0.00167 130
-104.000   34.000 -0.00624 73
-104.000   35.000 -0.01433 53
-104.000   36.000 -0.01494 55
-104.000   37.000 -0.01629 38
-104.000   38.000 -0.01372 54
-104.000   39.000 -0.00760 33
-104.000   40.000 -0.00120 37
-104.000   41.000  0.00234 33
-104.000   42.000  0.00630 33
-104.000   43.000  0.00716 26
-104.000   44.000  0.00544 56
-104.000   45.000  0.00634 40
-104.000   46.000 -0.00061 53
-104.000   47.000 -0.00554 42
-104.000   48.000 -0.00588 30
-104.000   49.000 -0.00529 28
-104.000   50.000 -0.01054 0
-103.000   25.000  0.00000 0
-103.000   26.000 -0.00137 0
-103.000   27.000  0.00188 0
-103.000   28.000  0.00431 23
-103.000   29.000  0.00750 8
-103.000   30.000  0.00707 53
-103.000   31.000  0.00901 62
-103.000   32.000  0.00652 78
-103.000   33.000  0.00276 84
-103.000   34.000 -0.00444 77
-103.000   35.000 -0.00781 31
-103.000   36.000 -0.00799 36
-103.000   37.000 -0.00988 32
-103.000   38.000 -0.00790 35
-103.000   39.000 -0.00187 43
-103.000   40.000  0.00427 57
-103.000   41.000  0.00681 61
-103.000   42.000  0.01018 27
-103.000   43.000  0.01100 41
-103.000   44.000  0.00638 27
-103.000   45.000  0.00610 45
-103.000   46.000 -0.00032 47
-103.000   47.000 -0.00720 59
-103.000   48.000 -0.00866 34
-103.000   49.000 -0.00758 23
-103.000   50.000 -0.01356 0
-102.000   25.000 -0.00246 0
-102.000   26.000 -0.00275 0
-102.000   27.000  0.00244 0
-102.000   28.000  0.00552 1
-102.000   29.000  0.00798 18
-102.000   30.000  0.01019 57
-102.000   31.000  0.00962 59
-102.000   32.000  0.00682 42
-102.000   33.000  0.00185 58
-102.000   34.000 -0.00497 60
-102.000   35.000 -0.00883 44
-102.000   36.000 -0.00636 39
-102.000   37.000 -0.00883 22
-102.000   38.000 -0.00669 47
-102.000   39.000 -0.00086 33
-102.000   40.000  0.00478 35
-102.000   41.000  0.00712 45
-102.000   42.000  0.00852 26
-102.000   43.000  0.00770 46
-102.000   44.000  0.00253 33
-102.000   45.000  0.00040 40
-102.000   46.000 -0.00694 28
-102.000   47.000 -0.01387 49
-102.000   48.000 -0.01330 35
-102.000   49.000 -0.01200 22
-102.000   50.000 -0.01663 0
-101.000   25.000 -0.00293 0
-101.000   26.000 -0.00351 0
-101.000   27.000  0.00242 0
-101.000   28.000  0.00632 8
-101.000   29.000  0.00753 49
-101.000   30.000  0.01300 47
-101.000   31.000  0.01324 56
-101.000   32.000  0.01123 48
-101.000   33.000  0.00610 27
-101.000   34.000  0.00095 23
-101.000   35.000 -0.00247 28
-101.000   36.000  0.00121 38
-101.000   37.000 -0.00027 29
-101.000   38.000  0.00228 41
-101.000   39.000  0.00975 38
-101.000   40.000  0.01320 32
-101.000   41.000  0.01419 42
-101.000   42.000  0.01324 43
-101.000   43.000  0.01115 49
-101.000   44.000  0.00535 20
-101.000   45.000  0.00252 39
-101.000   46.000 -0.00350 27
-101.000   47.000 -0.01043 49
-101.000   48.000 -0.00966 58
-101.000   49.000 -0.00980 16
-101.000   50.000 -0.01384 0
-100.000   25.000 -0.00886 0
-100.000   26.000 -0.00750 0
-100.000   27.000 -0.00116 15
-100.000   28.000  0.00636 40
-100.000   29.000  0.00807 77
-100.000   30.000  0.01631 51
-100.000   31.000  0.01768 95
-100.000   32.000  0.01593 50
-100.000   33.000  0.00947 84
-100.000   34.000  0.00723 36
-100.000   35.000  0.00359 43
-100.000   36.000  0.00933 48
-100.000   37.000  0.00864 46
-100.000   38.000  0.01324 87
-100.000   39.000  0.01774 63
-100.000   40.000  0.02195 35
-100.000   41.000  0.01847 26
-100.000   42.000  0.01956 38
-100.000   43.000  0.01643 58
-100.000   44.000  0.01167 41
-100.000   45.000  0.00780 67
-100.000   46.000  0.00437 34
-100.000   47.000  0.00242 50
-100.000   48.000  0.00312 44
-100.000   49.000  0.00354 25
-100.000   50.000  0.00175 0
 -99.000   25.000 -0.00199 0
 -99.000   26.000  0.00918 8
 -99.000   27.000  0.00849 58
 -99.000   28.000  0.01355 46
 -99.000   29.000  0.01682 73
 -99.000   30.000  0.02024 48
 -99.000   31.000  0.01316 56
 -99.000   32.000  0.01486 48
 -99.000   33.000  0.01144 44
 -99.000   34.000  0.00882 66
 -99.000   35.000  0.00643 54
 -99.000   36.000  0.01058 47
 -99.000   37.000  0.00976 45
 -99.000   38.000  0.01331 43
 -99.000   39.000  0.01413 62
 -99.000   40.000  0.01579 28
 -99.000   41.000  0.01336 42
 -99.000   42.000  0.01226 40
 -99.000   43.000  0.00994 24
 -99.000   44.000  0.00832 42
 -99.000   45.000  0.00500 46
 -99.000   46.000  0.00457 33
 -99.000   47.000  0.00487 59
 -99.000   48.000  0.00417 42
 -99.000   49.000  0.00438 28
 -99.000   50.000  0.00486 0
 -98.000   25.000 -0.00245 3
 -98.000   26.000  0.00060 4
 -98.000   27.000 -0.00007 19
 -98.000   28.000  0.00401 17
 -98.000   29.000  0.00333 54
 -98.000   30.000  0.01037 72
 -98.000   31.000  0.01013 90
 -98.000   32.000  0.01222 56
 -98.000   33.000  0.00774 55
 -98.000   34.000  0.01020 49
 -98.000   35.000  0.00393 41
 -98.000   36.000  0.00668 74
 -98.000   37.000  0.00579 55
 -98.000   38.000  0.00950 37
 -98.000   39.000  0.00633 50
 -98.000   40.000  0.00600 63
 -98.000   41.000  0.00435 42
 -98.000   42.000  0.00260 17
 -98.000   43.000  0.00168 48
 -98.000   44.000  0.00062 30
 -98.000   45.000 -0.00136 51
 -98.000   46.000 -0.00260 39
 -98.000   47.000  0.00299 29
 -98.000   48.000 -0.00090 33
 -98.000   49.000  0.00091 6
 -98.000   50.000  0.00219 0
 -97.000   25.000  0.00570 0
 -97.000   26.000  0.00625 3
 -97.000   27.000  0.00536 15
 -97.000   28.000  0.00946 26
 -97.000   29.000  0.00874 47
 -97.000   30.000  0.01026 38
 -97.000   31.000  0.01298 64
 -97.000   32.000  0.01453 45
 -97.000   33.000  0.00986 43
 -97.000   34.000  0.01040 40
 -97.000   35.000  0.00573 58
 -97.000   36.000  0.00437 69
 -97.000   37.000  0.00176 73
 -97.000   38.000  0.00532 48
 -97.000   39.000  0.00283 42
 -97.000   40.000  0.00013 27
 -97.000   41.000 -0.00084 44
 -97.000   42.000  0.00101 32
 -97.000   43.000  0.00117 25
 -97.000   44.000  0.00140 26
 -97.000   45.000  0.00121 34
 -97.000   46.000  0.00003 43
 -97.000   47.000  0.00843 18
 -97.000   48.000  0.00377 29
 -97.000   49.000  0.00675 31
 -97.000   50.000  0.00931 1
 -96.000   25.000  0.00618 0
 -96.000   26.000  0.00594 0
 -96.000   27.000  0.00095 2
 -96.000   28.000  0.00378 5
 -96.000   29.000  0.00183 34
 -96.000   30.000  0.00379 26
 -96.000   31.000  0.00654 31
 -96.000   32.000  0.01045 50
 -96.000   33.000  0.00683 47
 -96.000   34.000  0.00801 73
 -96.000   35.000  0.00060 62
 -96.000   36.000 -0.00360 81
 -96.000   37.000 -0.00507 49
 -96.000   38.000 -0.00208 49
 -96.000   39.000 -0.00526 36
 -96.000   40.000 -0.00916 24
 -96.000   41.000 -0.00909 47
 -96.000   42.000 -0.00597 24
 -96.000   43.000 -0.00410 29
 -96.000   44.000 -0.00369 24
 -96.000   45.000 -0.00204 37
 -96.000   46.000 -0.00007 31
 -96.000   47.000  0.00314 22
 -96.000   48.000 -0.00244 18
 -96.000   49.000  0.00092 26
 -96.000   50.000  0.00306 2
 -95.000   25.000  0.01210 0
 -95.000   26.000  0.00808 0
 -95.000   27.000  0.00469 1
 -95.000   28.000  0.00578 0
 -95.000   29.000  0.00158 23
 -95.000   30.000  0.00181 21
 -95.000   31.000  0.00397 58
 -95.000   32.000  0.00538 42
 -95.000   33.000 -0.00008 32
 -95.000   34.000  0.00257 49
 -95.000   35.000 -0.00429 86
 -95.000   36.000 -0.00872 41
 -95.000   37.000 -0.00892 44
 -95.000   38.000 -0.00724 38
 -95.000   39.000 -0.01052 60
 -95.000   40.000 -0.01774 28
 -95.000   41.000 -0.01463 34
 -95.000   42.000 -0.01481 27
 -95.000   43.000 -0.01100 30
 -95.000   44.000 -0.01041 32
 -95.000   45.000 -0.00499 25
 -95.000   46.000 -0.00590 37
 -95.000   47.000  0.00108 31
 -95.000   48.000 -0.00477 22
 -95.000   49.000 -0.00033 19
 -95.000   50.000  0.00105 0
 -94.000   25.000  0.00523 0
 -94.000   26.000 -0.00322 0
 -94.000   27.000  0.00105 0
 -94.000   28.000  0.00534 0
 -94.000   29.000 -0.00020 14
 -94.000   30.000  0.00203 23
 -94.000   31.000  0.00746 31
 -94.000   32.000  0.00480 37
 -94.000   33.000 -0.00440 45
 -94.000   34.000  0.00065 47
 -94.000   35.000 -0.00307 40
 -94.000   36.000 -0.00564 81
 -94.000   37.000 -0.00703 55
 -94.000   38.000 -0.00325 39
 -94.000   39.000 -0.00587 47
 -94.000   40.000 -0.01284 43
 -94.000   41.000 -0.00838 41
 -94.000   42.000 -0.00730 31
 -94.000   43.000 -0.00706 41
 -94.000   44.000 -0.00756 40
 -94.000   45.000 -0.00362 46
 -94.000   46.000 -0.00510 58
 -94.000   47.000 -0.00054 24
 -94.000   48.000  0.00169 17
 -94.000   49.000  0.00661 3
 -94.000   50.000  0.01115 0
 -93.000   25.000  0.00570 0
 -93.000   26.000  0.00427 0
 -93.000   27.000  0.01815 0
 -93.000   28.000  0.02375 0
 -93.000   29.000  0.01901 7
 -93.000   30.000  0.01981 19
 -93.000   31.000  0.02036 18
 -93.000   32.000  0.00849 27
 -93.000   33.000 -0.00071 28
 -93.000   34.000  0.00263 42
 -93.000   35.000  0.00027 45
 -93.000   36.000 -0.00182 57
 -93.000   37.000 -0.00361 36
 -93.000   38.000 -0.00137 56
 -93.000   39.000 -0.00197 53
 -93.000   40.000 -0.00841 53
 -93.000   41.000 -0.00500 51
 -93.000   42.000 -0.00488 12
 -93.000   43.000 -0.00304 52
 -93.000   44.000 -0.00095 44
 -93.000   45.000  0.00268 32
 -93.000   46.000  0.00447 40
 -93.000   47.000  0.00846 45
 -93.000   48.000  0.01290 23
 -93.000   49.000  0.01601 1
 -93.000   50.000  0.02294 0
 -92.000   25.000  0.00000 0
 -92.000   26.000  0.00000 0
 -92.000   27.000  0.01384 0
 -92.000   28.000  0.02301 0
 -92.000   29.000  0.01303 1
 -92.000   30.000  0.01717 6
 -92.000   31.000  0.01832 15
 -92.000   32.000  0.00615 27
 -92.000   33.000 -0.00494 31
 -92.000   34.000  0.00612 33
 -92.000   35.000  0.00208 35
 -92.000   36.000  0.00069 30
 -92.000   37.000  0.00167 62
 -92.000   38.000  0.00228 71
 -92.000   39.000  0.00163 36
 -92.000   40.000 -0.00334 24
 -92.000   41.000  0.00091 32
 -92.000   42.000 -0.00037 26
 -92.000   43.000  0.00025 43
 -92.000   44.000 -0.00065 49
 -92.000   45.000  0.00269 35
 -92.000   46.000  0.00328 37
 -92.000   47.000  0.00350 40
 -92.000   48.000  0.01170 39
 -92.000   49.000  0.01520 4
 -92.000   50.000  0.02281 2
 -91.000   25.000  0.00000 0
 -91.000   26.000  0.00000 0
 -91.000   27.000  0.01831 0
 -91.000   28.000  0.03108 0
 -91.000   29.000  0.02192 2
 -91.000   30.000  0.02465 9
 -91.000   31.000  0.02733 18
 -91.000   32.000  0.01100 30
 -91.000   33.000 -0.00277 28
 -91.000   34.000  0.00870 19
 -91.000   35.000  0.00706 21
 -91.000   36.000  0.00574 27
 -91.000   37.000  0.00656 32
 -91.000   38.000  0.00620 22
 -91.000   39.000  0.00504 48
 -91.000   40.000 -0.00040 15
 -91.000   41.000  0.00149 41
 -91.000   42.000 -0.00140 30
 -91.000   43.000 -0.00358 49
 -91.000   44.000 -0.00518 37
 -91.000   45.000 -0.00260 28
 -91.000   46.000 -0.00212 24
 -91.000   47.000  0.00507 35
 -91.000   48.000  0.01958 9
 -91.000   49.000  0.02503 1
 -91.000   50.000  0.03631 4
 -90.000   25.000  0.00000 0
 -90.000   26.000  0.00000 0
 -90.000   27.000  0.01846 0
 -90.000   28.000  0.03054 0
 -90.000   29.000  0.02412 6
 -90.000   30.000  0.02417 9
 -90.000   31.000  0.02759 23
 -90.000   32.000  0.00958 27
 -90.000   33.000 -0.00347 36
 -90.000   34.000  0.00269 35
 -90.000   35.000  0.00361 33
 -90.000   36.000  0.00136 36
 -90.000   37.000  0.00473 27
 -90.000   38.000  0.00535 58
 -90.000   39.000  0.00818 56
 -90.000   40.000  0.00466 35
 -90.000   41.000  0.00479 33
 -90.000   42.000  0.00169 48
 -90.000   43.000 -0.00204 31
 -90.000   44.000 -0.00454 41
 -90.000   45.000 -0.00584 19
 -90.000   46.000 -0.00314 11
 -90.000   47.000  0.00404 17
 -90.000   48.000  0.02214 7
 -90.000   49.000  0.02760 5
 -90.000   50.000  0.04321 5
 -89.000   25.000  0.00000 0
 -89.000   26.000  0.00000 0
 -89.000   27.000  0.01822 0
 -89.000   28.000  0.02784 0
 -89.000   29.000  0.02371 3
 -89.000   30.000  0.02479 6
 -89.000   31.000  0.02840 9
 -89.000   32.000  0.00942 31
 -89.000   33.000 -0.00067 20
 -89.000   34.000  0.00140 38
 -89.000   35.000  0.00215 15
 -89.000   36.000 -0.00162 52
 -89.000   37.000  0.00435 54
 -89.000   38.000  0.00469 81
 -89.000   39.000  0.00908 53
 -89.000   40.000  0.00665 25
 -89.000   41.000  0.00560 41
 -89.000   42.000  0.00092 40
 -89.000   43.000 -0.00022 58
 -89.000   44.000 -0.00191 25
 -89.000   45.000 -0.00266 18
 -89.000   46.000  0.00379 23
 -89.000   47.000  0.01236 14
 -89.000   48.000  0.02352 10
 -89.000   49.000  0.02861 2
 -89.000   50.000  0.04040 3
 -88.000   25.000  0.00000 0
 -88.000   26.000  0.00000 0
 -88.000   27.000  0.00526 0
 -88.000   28.000  0.01256 0
 -88.000   29.000  0.00960 0
 -88.000   30.000  0.01107 5
 -88.000   31.000  0.01273 12
 -88.000   32.000  0.00761 36
 -88.000   33.000  0.00022 32
 -88.000   34.000  0.00149 26
 -88.000   35.000  0.00134 63
 -88.000   36.000 -0.00073 79
 -88.000   37.000  0.00426 133
 -88.000   38.000  0.00505 110
 -88.000   39.000  0.01115 77
 -88.000   40.000  0.00956 40
 -88.000   41.000  0.00832 68
 -88.000   42.000  0.00150 15
 -88.000   43.000 -0.00206 21
 -88.000   44.000 -0.00540 28
 -88.000   45.000 -0.00867 20
 -88.000   46.000 -0.00233 26
 -88.000   47.000  0.00724 18
 -88.000   48.000  0.01760 3
 -88.000   49.000  0.02068 1
 -88.000   50.000  0.03347 4
 -87.000   25.000  0.00000 0
 -87.000   26.000  0.00000 0
 -87.000   27.000  0.00444 0
 -87.000   28.000  0.01074 0
 -87.000   29.000  0.01393 2
 -87.000   30.000  0.01433 13
 -87.000   31.000  0.01341 16
 -87.000   32.000  0.01008 37
 -87.000   33.000  0.00201 51
 -87.000   34.000 -0.00250 46
 -87.000   35.000 -0.00024 27
 -87.000   36.000 -0.00039 66
 -87.000   37.000  0.00317 118
 -87.000   38.000  0.00648 100
 -87.000   39.000  0.01144 79
 -87.000   40.000  0.00905 24
 -87.000   41.000  0.00914 25
 -87.000   42.000  0.00234 28
 -87.000   43.000  0.00018 23
 -87.000   44.000 -0.00100 15
 -87.000   45.000 -0.00505 28
 -87.000   46.000  0.00150 8
 -87.000   47.000  0.01592 5
 -87.000   48.000  0.02199 1
 -87.000   49.000  0.02441 0
 -87.000   50.000  0.03884 2
 -86.000   25.000  0.00000 0
 -86.000   26.000  0.00000 0
 -86.000   27.000  0.00461 0
 -86.000   28.000  0.00971 0
 -86.000   29.000  0.01464 8
 -86.000   30.000  0.01390 7
 -86.000   31.000  0.01135 35
 -86.000   32.000  0.00866 34
 -86.000   33.000  0.00158 18
 -86.000   34.000 -0.00471 43
 -86.000   35.000 -0.00052 38
 -86.000   36.000  0.00031 74
 -86.000   37.000  0.00247 82
 -86.000   38.000  0.00756 65
 -86.000   39.000  0.01277 54
 -86.000   40.000  0.00970 35
 -86.000   41.000  0.01163 47
 -86.000   42.000  0.00595 17
 -86.000   43.000  0.00623 15
 -86.000   44.000  0.00570 18
 -86.000   45.000 -0.00232 20
 -86.000   46.000  0.00510 10
 -86.000   47.000  0.02059 9
 -86.000   48.000  0.01920 1
 -86.000   49.000  0.01984 2
 -86.000   50.000  0.03920 2
 -85.000   25.000  0.00000 0
 -85.000   26.000 -0.00541 0
 -85.000   27.000  0.00248 0
 -85.000   28.000  0.00703 0
 -85.000   29.000  0.01186 10
 -85.000   30.000  0.01534 13
 -85.000   31.000  0.01887 43
 -85.000   32.000  0.01576 42
 -85.000   33.000  0.01208 28
 -85.000   34.000  0.00734 39
 -85.000   35.000  0.00887 43
 -85.000   36.000  0.00911 74
 -85.000   37.000  0.00730 76
 -85.000   38.000  0.00896 65
 -85.000   39.000  0.01232 61
 -85.000   40.000  0.00534 34
 -85.000   41.000  0.00810 43
 -85.000   42.000  0.00442 47
 -85.000   43.000  0.00677 13
 -85.000   44.000  0.00822 35
 -85.000   45.000  0.00362 40
 -85.000   46.000  0.00933 10
 -85.000   47.000  0.01629 19
 -85.000   48.000  0.01179 10
 -85.000   49.000  0.00861 1
 -85.000   50.000  0.02243 4
 -84.000   25.000 -0.00220 0
 -84.000   26.000 -0.00759 0
 -84.000   27.000 -0.00338 0
 -84.000   28.000  0.00213 0
 -84.000   29.000  0.01031 14
 -84.000   30.000  0.01501 29
 -84.000   31.000  0.02034 92
 -84.000   32.000  0.02187 105
 -84.000   33.000  0.01881 69
 -84.000   34.000  0.01498 80
 -84.000   35.000  0.01218 75
 -84.000   36.000  0.01120 104
 -84.000   37.000  0.00782 52
 -84.000   38.000  0.00685 58
 -84.000   39.000  0.01010 68
 -84.000   40.000  0.00204 54
 -84.000   41.000  0.00743 47
 -84.000   42.000  0.00675 33
 -84.000   43.000  0.00636 38
 -84.000   44.000  0.00259 21
 -84.000   45.000 -0.00430 24
 -84.000   46.000 -0.00452 8
 -84.000   47.000  0.00048 6
 -84.000   48.000 -0.00356 9
 -84.000   49.000 -0.00533 3
 -84.000   50.000  0.01163 0
 -83.000   25.000 -0.00799 0
 -83.000   26.000 -0.01023 0
 -83.000   27.000  0.00095 0
 -83.000   28.000  0.01309 12
 -83.000   29.000  0.02486 12
 -83.000   30.000  0.03037 59
 -83.000   31.000  0.03600 62
 -83.000   32.000  0.03186 105
 -83.000   33.000  0.02502 86
 -83.000   34.000  0.01914 79
 -83.000   35.000  0.01646 57
 -83.000   36.000  0.01452 55
 -83.000   37.000  0.00935 29
 -83.000   38.000  0.00665 45
 -83.000   39.000  0.00822 60
 -83.000   40.000 -0.00068 46
 -83.000   41.000  0.00367 57
 -83.000   42.000  0.00621 17
 -83.000   43.000  0.01073 31
 -83.000   44.000  0.00536 11
 -83.000   45.000 -0.00251 13
 -83.000   46.000 -0.00666 18
 -83.000   47.000 -0.00558 14
 -83.000   48.000 -0.01296 5
 -83.000   49.000 -0.01317 0
 -83.000   50.000  0.00203 21
 -82.000   25.000 -0.02823 0
 -82.000   26.000 -0.01577 6
 -82.000   27.000 -0.00384 19
 -82.000   28.000  0.00662 20
 -82.000   29.000  0.01978 20
 -82.000   30.000  0.03388 35
 -82.000   31.000  0.03459 42
 -82.000   32.000  0.03045 41
 -82.000   33.000  0.02705 30
 -82.000   34.000  0.02313 28
 -82.000   35.000  0.02155 43
 -82.000   36.000  0.01595 39
 -82.000   37.000  0.01000 54
 -82.000   38.000  0.00455 37
 -82.000   39.000  0.00527 82
 -82.000   40.000 -0.00453 47
 -82.000   41.000 -0.00049 41
 -82.000   42.000  0.00144 26
 -82.000   43.000  0.00828 11
 -82.000   44.000  0.00235 16
 -82.000   45.000 -0.00312 4
 -82.000   46.000 -0.00682 4
 -82.000   47.000 -0.00747 7
 -82.000   48.000 -0.01600 30
 -82.000   49.000 -0.01587 0
 -82.000   50.000 -0.00586 5
 -81.000   25.000 -0.02823 11
 -81.000   26.000 -0.01577 21
 -81.000   27.000 -0.00586 21
 -81.000   28.000  0.00181 22
 -81.000   29.000  0.01365 8
 -81.000   30.000  0.02663 6
 -81.000   31.000  0.02911 17
 -81.000   32.000  0.02850 16
 -81.000   33.000  0.02856 37
 -81.000   34.000  0.02724 48
 -81.000   35.000  0.02690 32
 -81.000   36.000  0.02014 52
 -81.000   37.000  0.01228 50
 -81.000   38.000  0.00549 81
 -81.000   39.000  0.00361 87
 -81.000   40.000 -0.00665 54
 -81.000   41.000 -0.00254 47
 -81.000   42.000  0.00083 40
 -81.000   43.000  0.00608 13
 -81.000   44.000  0.00106 6
 -81.000   45.000 -0.00034 4
 -81.000   46.000 -0.00618 11
 -81.000   47.000 -0.00858 6
 -81.000   48.000 -0.01486 8
 -81.000   49.000 -0.01392 1
 -81.000   50.000 -0.00951 6
 -80.000   25.000 -0.02823 4
 -80.000   26.000 -0.01036 5
 -80.000   27.000 -0.00374 5
 -80.000   28.000  0.00270 2
 -80.000   29.000  0.01367 0
 -80.000   30.000  0.02533 0
 -80.000   31.000  0.02169 0
 -80.000   32.000  0.02256 20
 -80.000   33.000  0.02343 20
 -80.000   34.000  0.02334 53
 -80.000   35.000  0.02367 42
 -80.000   36.000  0.01684 93
 -80.000   37.000  0.01034 43
 -80.000   38.000  0.00511 64
 -80.000   39.000  0.00293 69
 -80.000   40.000 -0.00483 75
 -80.000   41.000 -0.00154 55
 -80.000   42.000  0.00073 49
 -80.000   43.000  0.00335 18
 -80.000   44.000 -0.00209 13
 -80.000   45.000 -0.00447 32
 -80.000   46.000 -0.00817 6
 -80.000   47.000 -0.01031 6
 -80.000   48.000 -0.01653 8
 -80.000   49.000 -0.01557 0
 -80.000   50.000 -0.01313 0
 -79.000   25.000 -0.02603 0
 -79.000   26.000 -0.00818 0
 -79.000   27.000 -0.00246 0
 -79.000   28.000  0.00382 0
 -79.000   29.000  0.00987 0
 -79.000   30.000  0.02122 0
 -79.000   31.000  0.02157 0
 -79.000   32.000  0.02533 5
 -79.000   33.000  0.02521 18
 -79.000   34.000  0.02658 33
 -79.000   35.000  0.02989 44
 -79.000   36.000  0.02160 55
 -79.000   37.000  0.01334 57
 -79.000   38.000  0.00862 43
 -79.000   39.000  0.00655 65
 -79.000   40.000 -0.00169 48
 -79.000   41.000 -0.00320 66
 -79.000   42.000 -0.00162 43
 -79.000   43.000  0.00443 66
 -79.000   44.000  0.00215 22
 -79.000   45.000  0.00307 20
 -79.000   46.000  0.00040 18
 -79.000   47.000 -0.00191 9
 -79.000   48.000 -0.00850 6
 -79.000   49.000 -0.00919 1
 -79.000   50.000 -0.01077 0
 -78.000   25.000 -0.02024 0
 -78.000   26.000 -0.00554 0
 -78.000   27.000 -0.00443 0
 -78.000   28.000 -0.00372 0
 -78.000   29.000 -0.00091 0
 -78.000   30.000  0.00941 0
 -78.000   31.000  0.01005 0
 -78.000   32.000  0.01814 2
 -78.000   33.000  0.02256 8
 -78.000   34.000  0.02690 15
 -78.000   35.000  0.02811 29
 -78.000   36.000  0.02100 48
 -78.000   37.000  0.01328 78
 -78.000   38.000  0.01030 65
 -78.000   39.000  0.00743 81
 -78.000   40.000  0.00291 23
 -78.000   41.000  0.00208 71
 -78.000   42.000  0.00159 46
 -78.000   43.000  0.00186 40
 -78.000   44.000  0.00239 26
 -78.000   45.000  0.00583 24
 -78.000   46.000  0.00263 8
 -78.000   47.000  0.00340 35
 -78.000   48.000  0.00169 3
 -78.000   49.000 -0.00039 15
 -78.000   50.000 -0.00358 0
 -77.000   25.000  0.00000 0
 -77.000   26.000  0.00000 0
 -77.000   27.000  0.00000 0
 -77.000   28.000  0.00000 0
 -77.000   29.000  0.00000 0
 -77.000   30.000  0.00149 0
 -77.000   31.000  0.00812 0
 -77.000   32.000  0.01976 0
 -77.000   33.000  0.02650 2
 -77.000   34.000  0.03590 16
 -77.000   35.000  0.03609 18
 -77.000   36.000  0.03016 37
 -77.000   37.000  0.01849 44
 -77.000   38.000  0.01413 29
 -77.000   39.000  0.00660 43
 -77.000   40.000  0.00380 51
 -77.000   41.000  0.00316 59
 -77.000   42.000  0.00493 36
 -77.000   43.000  0.00456 43
 -77.000   44.000  0.00451 28
 -77.000   45.000  0.00685 25
 -77.000   46.000  0.00396 15
 -77.000   47.000  0.00288 13
 -77.000   48.000  0.00088 6
 -77.000   49.000 -0.00118 5
 -77.000   50.000 -0.00362 0
 -76.000   25.000  0.00000 0
 -76.000   26.000  0.00000 0
 -76.000   27.000  0.00000 0
 -76.000   28.000  0.00000 0
 -76.000   29.000  0.00000 0
 -76.000   30.000  0.00186 0
 -76.000   31.000  0.00667 0
 -76.000   32.000  0.01605 0
 -76.000   33.000  0.02212 0
 -76.000   34.000  0.02989 6
 -76.000   35.000  0.03019 9
 -76.000   36.000  0.02885 23
 -76.000   37.000  0.02084 10
 -76.000   38.000  0.01745 41
 -76.000   39.000  0.01272 51
 -76.000   40.000  0.01127 59
 -76.000   41.000  0.00859 80
 -76.000   42.000  0.00693 57
 -76.000   43.000  0.00765 72
 -76.000   44.000  0.00624 44
 -76.000   45.000  0.00602 36
 -76.000   46.000 -0.00299 30
 -76.000   47.000 -0.00310 17
 -76.000   48.000 -0.00649 3
 -76.000   49.000 -0.01016 0
 -76.000   50.000 -0.01436 0
 -75.000   25.000  0.00000 0
 -75.000   26.000  0.00000 0
 -75.000   27.000  0.00000 0
 -75.000   28.000  0.00000 0
 -75.000   29.000  0.00000 0
 -75.000   30.000  0.00000 0
 -75.000   31.000  0.00505 0
 -75.000   32.000  0.01458 0
 -75.000   33.000  0.01971 0
 -75.000   34.000  0.02740 2
 -75.000   35.000  0.02796 3
 -75.000   36.000  0.02710 1
 -75.000   37.000  0.01762 19
 -75.000   38.000  0.01293 17
 -75.000   39.000  0.00763 43
 -75.000   40.000  0.00943 46
 -75.000   41.000  0.00770 116
 -75.000   42.000  0.00766 83
 -75.000   43.000  0.01074 82
 -75.000   44.000  0.00770 69
 -75.000   45.000  0.00298 60
 -75.000   46.000 -0.00895 21
 -75.000   47.000 -0.00915 14
 -75.000   48.000 -0.01266 5
 -75.000   49.000 -0.01502 0
 -75.000   50.000 -0.01609 0
 -74.000   25.000  0.00000 0
 -74.000   26.000  0.00000 0
 -74.000   27.000  0.00000 0
 -74.000   28.000  0.00000 0
 -74.000   29.000  0.00000 0
 -74.000   30.000  0.00000 0
 -74.000   31.000  0.00000 0
 -74.000   32.000  0.00675 0
 -74.000   33.000  0.01158 0
 -74.000   34.000  0.01910 0
 -74.000   35.000  0.01879 0
 -74.000   36.000  0.02112 0
 -74.000   37.000  0.01145 2
 -74.000   38.000  0.00761 2
 -74.000   39.000  0.00108 93
 -74.000   40.000  0.00459 93
 -74.000   41.000  0.00506 161
 -74.000   42.000  0.00827 102
 -74.000   43.000  0.01082 93
 -74.000   44.000  0.00923 75
 -74.000   45.000  0.00303 62
 -74.000   46.000 -0.00884 30
 -74.000   47.000 -0.00913 15
 -74.000   48.000 -0.01267 1
 -74.000   49.000 -0.01508 0
 -74.000   50.000 -0.01510 0
 -73.000   25.000  0.00000 0
 -73.000   26.000  0.00000 0
 -73.000   27.000  0.00000 0
 -73.000   28.000  0.00000 0
 -73.000   29.000  0.00000 0
 -73.000   30.000  0.00000 0
 -73.000   31.000  0.00000 0
 -73.000   32.000  0.00452 0
 -73.000   33.000  0.00685 0
 -73.000   34.000  0.01300 0
 -73.000   35.000  0.01540 0
 -73.000   36.000  0.01703 0
 -73.000   37.000  0.00954 0
 -73.000   38.000  0.00664 0
 -73.000   39.000 -0.00087 14
 -73.000   40.000  0.00014 44
 -73.000   41.000  0.00018 52
 -73.000   42.000  0.00354 53
 -73.000   43.000  0.00693 59
 -73.000   44.000  0.00559 65
 -73.000   45.000 -0.00212 34
 -73.000   46.000 -0.00991 17
 -73.000   47.000 -0.01030 13
 -73.000   48.000 -0.01313 6
 -73.000   49.000 -0.01302 0
 -73.000   50.000 -0.01021 0
 -72.000   25.000  0.00000 0
 -72.000   26.000  0.00000 0
 -72.000   27.000  0.00000 0
 -72.000   28.000  0.00000 0
 -72.000   29.000  0.00000 0
 -72.000   30.000  0.00000 0
 -72.000   31.000  0.00000 0
 -72.000   32.000  0.00000 0
 -72.000   33.000  0.00000 0
 -72.000   34.000  0.00000 0
 -72.000   35.000  0.00235 0
 -72.000   36.000  0.00557 0
 -72.000   37.000  0.00358 0
 -72.000   38.000  0.00238 0
 -72.000   39.000 -0.00085 3
 -72.000   40.000 -0.00055 22
 -72.000   41.000 -0.00176 53
 -72.000   42.000 -0.00014 45
 -72.000   43.000  0.00299 67
 -72.000   44.000  0.00471 43
 -72.000   45.000 -0.00205 56
 -72.000   46.000 -0.00928 20
 -72.000   47.000 -0.00892 13
 -72.000   48.000 -0.01085 0
 -72.000   49.000 -0.01168 0
 -72.000   50.000 -0.00870 0
 -71.000   25.000  0.00000 0
 -71.000   26.000  0.00000 0
 -71.000   27.000  0.00000 0
 -71.000   28.000  0.00000 0
 -71.000   29.000  0.00000 0
 -71.000   30.000  0.00000 0
 -71.000   31.000  0.00000 0
 -71.000   32.000  0.00000 0
 -71.000   33.000  0.00000 0
 -71.000   34.000  0.00000 0
 -71.000   35.000  0.00000 0
 -71.000   36.000  0.00000 0
 -71.000   37.000 -0.00297 0
 -71.000   38.000 -0.00504 0
 -71.000   39.000 -0.00845 0
 -71.000   40.000 -0.00929 13
 -71.000   41.000 -0.00884 7
 -71.000   42.000 -0.00650 48
 -71.000   43.000 -0.00388 38
 -71.000   44.000 -0.00109 47
 -71.000   45.000 -0.00325 21
 -71.000   46.000 -0.00446 36
 -71.000   47.000 -0.00383 17
 -71.000   48.000 -0.00438 11
 -71.000   49.000 -0.00471 0
 -71.000   50.000 -0.00127 0
 -70.000   25.000  0.00000 0
 -70.000   26.000  0.00000 0
 -70.000   27.000  0.00000 0
 -70.000   28.000  0.00000 0
 -70.000   29.000  0.00000 0
 -70.000   30.000  0.00000 0
 -70.000   31.000  0.00000 0
 -70.000   32.000  0.00000 0
 -70.000   33.000  0.00000 0
 -70.000   34.000  0.00000 0
 -70.000   35.000  0.00000 0
 -70.000   36.000  0.00000 0
 -70.000   37.000 -0.00199 0
 -70.000   38.000 -0.00276 0
 -70.000   39.000 -0.00629 0
 -70.000   40.000 -0.00894 4
 -70.000   41.000 -0.00575 10
 -70.000   42.000 -0.00393 20
 -70.000   43.000 -0.00442 13
 -70.000   44.000 -0.00066 28
 -70.000   45.000  0.00106 30
 -70.000   46.000 -0.00122 51
 -70.000   47.000 -0.00494 19
 -70.000   48.000 -0.00352 8
 -70.000   49.000 -0.00469 0
 -70.000   50.000 -0.00471 0
 -69.000   25.000  0.00000 0
 -69.000   26.000  0.00000 0
 -69.000   27.000  0.00000 0
 -69.000   28.000  0.00000 0
 -69.000   29.000  0.00000 0
 -69.000   30.000  0.00000 0
 -69.000   31.000  0.00000 0
 -69.000   32.000  0.00000 0
 -69.000   33.000  0.00000 0
 -69.000   34.000  0.00000 0
 -69.000   35.000  0.00000 0
 -69.000   36.000  0.00000 0
 -69.000   37.000  0.00000 0
 -69.000   38.000 -0.00076 0
 -69.000   39.000 -0.00380 0
 -69.000   40.000 -0.00657 0
 -69.000   41.000 -0.00192 0
 -69.000   42.000 -0.00221 2
 -69.000   43.000 -0.00331 5
 -69.000   44.000 -0.00070 26
 -69.000   45.000  0.00286 32
 -69.000   46.000 -0.00049 46
 -69.000   47.000 -0.00408 29
 -69.000   48.000 -0.00139 9
 -69.000   49.000 -0.00120 0
 -69.000   50.000 -0.00290 0
 -68.000   25.000  0.00000 0
 -68.000   26.000  0.00000 0
 -68.000   27.000  0.00000 0
 -68.000   28.000  0.00000 0
 -68.000   29.000  0.00000 0
 -68.000   30.000  0.00000 0
 -68.000   31.000  0.00000 0
 -68.000   32.000  0.00000 0
 -68.000   33.000  0.00000 0
 -68.000   34.000  0.00000 0
 -68.000   35.000  0.00000 0
 -68.000   36.000  0.00000 0
 -68.000   37.000  0.00000 0
 -68.000   38.000 -0.00078 0
 -68.000   39.000 -0.00221 0
 -68.000   40.000 -0.00501 0
 -68.000   41.000  0.00036 0
 -68.000   42.000  0.00178 0
 -68.000   43.000 -0.00103 2
 -68.000   44.000 -0.00060 22
 -68.000   45.000  0.00473 24
 -68.000   46.000 -0.00095 26
 -68.000   47.000 -0.00976 20
 -68.000   48.000 -0.00782 1
 -68.000   49.000 -0.00854 1
 -68.000   50.000 -0.01560 18
 -67.000   25.000  0.00000 0
 -67.000   26.000  0.00000 0
 -67.000   27.000  0.00000 0
 -67.000   28.000  0.00000 0
 -67.000   29.000  0.00000 0
 -67.000   30.000  0.00000 0
 -67.000   31.000  0.00000 0
 -67.000   32.000  0.00000 0
 -67.000   33.000  0.00000 0
 -67.000   34.000  0.00000 0
 -67.000   35.000  0.00000 0
 -67.000   36.000  0.00000 0
 -67.000   37.000  0.00000 0
 -67.000   38.000  0.00000 0
 -67.000   39.000  0.00000 0
 -67.000   40.000 -0.00249 0
 -67.000   41.000  0.00152 0
 -67.000   42.000  0.00311 0
 -67.000   43.000 -0.00128 3
 -67.000   44.000 -0.00260 18
 -67.000   45.000  0.00107 12
 -67.000   46.000 -0.00353 27
 -67.000   47.000 -0.01251 4
 -67.000   48.000 -0.00978 25
 -67.000   49.000 -0.01058 0
 -67.000   50.000 -0.01607 8
 -66.000   25.000  0.00000 0
 -66.000   26.000  0.00000 0
 -66.000   27.000  0.00000 0
 -66.000   28.000  0.00000 0
 -66.000   29.000  0.00000 0
 -66.000   30.000  0.00000 0
 -66.000   31.000  0.00000 0
 -66.000   32.000  0.00000 0
 -66.000   33.000  0.00000 0
 -66.000   34.000  0.00000 0
 -66.000   35.000  0.00000 0
 -66.000   36.000  0.00000 0
 -66.000   37.000  0.00000 0
 -66.000   38.000  0.00000 0
 -66.000   39.000  0.00000 0
 -66.000   40.000  0.00000 0
 -66.000   41.000  0.00540 0
 -66.000   42.000  0.00900 0
 -66.000   43.000  0.00349 0
 -66.000   44.000  0.00059 4
 -66.000   45.000  0.00209 3
 -66.000   46.000 -0.00372 1
 -66.000   47.000 -0.01655 0
 -66.000   48.000 -0.01311 0
 -66.000   49.000 -0.01277 1
 -66.000   50.000 -0.01952 2
 -65.000   25.000  0.00000 0
 -65.000   26.000  0.00000 0
 -65.000   27.000  0.00000 0
 -65.000   28.000  0.00000 0
 -65.000   29.000  0.00000 0
 -65.000   30.000  0.00000 0
 -65.000   31.000  0.00000 0
 -65.000   32.000  0.00000 0
 -65.000   33.000  0.00000 0
 -65.000   34.000  0.00000 0
 -65.000   35.000  0.00000 0
 -65.000   36.000  0.00000 0
 -65.000   37.000  0.00000 0
 -65.000   38.000  0.00000 0
 -65.000   39.000  0.00000 0
 -65.000   40.000  0.00000 0
 -65.000   41.000  0.00295 0
 -65.000   42.000  0.00713 0
 -65.000   43.000  0.00233 0
 -65.000   44.000 -0.00184 0
 -65.000   45.000  0.00072 0
 -65.000   46.000 -0.00154 0
 -65.000   47.000 -0.01155 0
 -65.000   48.000 -0.00979 0
 -65.000   49.000 -0.00703 0
 -65.000   50.000 -0.01363 0
