-130.000   25.000  0.00000 0
-130.000   26.000  0.00000 0
-130.000   27.000  0.00000 0
-130.000   28.000  0.00000 0
-130.000   29.000  0.00000 0
-130.000   30.000  0.00000 0
-130.000   31.000  0.00000 0
-130.000   32.000  0.00000 0
-130.000   33.000  0.00000 0
-130.000   34.000  0.00000 0
-130.000   35.000  0.00000 0
-130.000   36.000  0.00000 0
-130.000   37.000  0.00000 0
-130.000   38.000  0.00000 0
-130.000   39.000  0.00000 0
-130.000   40.000  0.00000 0
-130.000   41.000  0.00000 0
-130.000   42.000  0.00000 0
-130.000   43.000  0.00000 0
-130.000   44.000  0.00000 0
-130.000   45.000  0.00000 0
-130.000   46.000  0.00000 0
-130.000   47.000  0.00856 0
-130.000   48.000  0.02920 0
-130.000   49.000  0.03650 0
-130.000   50.000  0.04867 0
-129.000   25.000  0.00000 0
-129.000   26.000  0.00000 0
-129.000   27.000  0.00000 0
-129.000   28.000  0.00000 0
-129.000   29.000  0.00000 0
-129.000   30.000  0.00000 0
-129.000   31.000  0.00000 0
-129.000   32.000  0.00000 0
-129.000   33.000  0.00000 0
-129.000   34.000  0.00000 0
-129.000   35.000  0.00000 0
-129.000   36.000  0.00000 0
-129.000   37.000  0.00000 0
-129.000   38.000  0.00000 0
-129.000   39.000  0.00000 0
-129.000   40.000  0.00000 0
-129.000   41.000  0.00000 0
-129.000   42.000  0.00000 0
-129.000   43.000  0.00000 0
-129.000   44.000  0.00000 0
-129.000   45.000  0.00000 0
-129.000   46.000  0.00155 0
-129.000   47.000  0.01611 0
-129.000   48.000  0.03159 0
-129.000   49.000  0.03949 10
-129.000   50.000  0.05265 7
-128.000   25.000  0.00000 0
-128.000   26.000  0.00000 0
-128.000   27.000  0.00000 0
-128.000   28.000  0.00000 0
-128.000   29.000  0.00000 0
-128.000   30.000  0.00000 0
-128.000   31.000  0.00000 0
-128.000   32.000  0.00000 0
-128.000   33.000  0.00000 0
-128.000   34.000  0.00000 0
-128.000   35.000  0.00000 0
-128.000   36.000  0.00000 0
-128.000   37.000  0.00146 0
-128.000   38.000  0.00395 0
-128.000   39.000  0.00345 0
-128.000   40.000  0.00376 0
-128.000   41.000  0.00490 0
-128.000   42.000  0.00337 0
-128.000   43.000 -0.00048 0
-128.000   44.000  0.00047 0
-128.000   45.000  0.00074 0
-128.000   46.000  0.00161 0
-128.000   47.000  0.01118 0
-128.000   48.000  0.02633 0
-128.000   49.000  0.03236 4
-128.000   50.000  0.04218 2
-127.000   25.000  0.00000 0
-127.000   26.000  0.00000 0
-127.000   27.000  0.00000 0
-127.000   28.000  0.00000 0
-127.000   29.000  0.00000 0
-127.000   30.000  0.00000 0
-127.000   31.000  0.00000 0
-127.000   32.000  0.00000 0
-127.000   33.000  0.00000 0
-127.000   34.000  0.00000 0
-127.000   35.000 -0.00080 0
-127.000   36.000 -0.00015 0
-127.000   37.000  0.00190 0
-127.000   38.000  0.00505 0
-127.000   39.000  0.00389 0
-127.000   40.000  0.00472 0
-127.000   41.000  0.00439 0
-127.000   42.000  0.00225 0
-127.000   43.000 -0.00201 0
-127.000   44.000 -0.00106 0
-127.000   45.000 -0.00042 0
-127.000   46.000  0.00128 0
-127.000   47.000  0.01113 0
-127.000   48.000  0.02508 11
-127.000   49.000  0.03161 3
-127.000   50.000  0.04102 0
-126.000   25.000  0.00000 0
-126.000   26.000  0.00000 0
-126.000   27.000  0.00000 0
-126.000   28.000  0.00000 0
-126.000   29.000  0.00000 0
-126.000   30.000  0.00000 0
-126.000   31.000  0.00000 0
-126.000   32.000  0.00000 0
-126.000   33.000  0.00000 0
-126.000   34.000  0.00375 0
-126.000   35.000  0.00177 0
-126.000   36.000  0.00103 0
-126.000   37.000  0.00331 0
-126.000   38.000  0.00669 0
-126.000   39.000  0.00125 2
-126.000   40.000  0.00244 5
-126.000   41.000  0.00452 16
-126.000   42.000  0.00253 20
-126.000   43.000 -0.00283 21
-126.000   44.000 -0.00162 28
-126.000   45.000  0.00089 21
-126.000   46.000  0.00278 14
-126.000   47.000  0.00785 32
-126.000   48.000  0.02161 32
-126.000   49.000  0.02762 17
-126.000   50.000  0.03397 20
-125.000   25.000  0.00000 0
-125.000   26.000  0.00000 0
-125.000   27.000  0.00000 0
-125.000   28.000  0.00000 0
-125.000   29.000  0.00000 0
-125.000   30.000  0.00000 0
-125.000   31.000  0.00000 0
-125.000   32.000  0.00000 0
-125.000   33.000  0.00177 0
-125.000   34.000  0.00510 0
-125.000   35.000  0.00240 0
-125.000   36.000  0.00207 0
-125.000   37.000  0.00434 2
-125.000   38.000  0.00561 11
-125.000   39.000  0.00047 19
-125.000   40.000  0.00199 43
-125.000   41.000  0.00312 68
-125.000   42.000  0.00118 83
-125.000   43.000 -0.00479 149
-125.000   44.000 -0.00233 112
-125.000   45.000  0.00095 98
-125.000   46.000  0.00449 97
-125.000   47.000  0.00862 146
-125.000   48.000  0.00505 132
-125.000   49.000  0.00551 32
-125.000   50.000  0.00385 10
-124.000   25.000  0.00000 0
-124.000   26.000  0.00000 0
-124.000   27.000  0.00000 0
-124.000   28.000  0.00000 0
-124.000   29.000  0.00000 0
-124.000   30.000  0.00000 0
-124.000   31.000  0.00311 0
-124.000   32.000  0.00341 0
-124.000   33.000  0.00466 0
-124.000   34.000  0.00737 0
-124.000   35.000  0.00448 0
-124.000   36.000  0.00201 5
-124.000   37.000  0.00420 37
-124.000   38.000  0.00548 34
-124.000   39.000  0.00102 84
-124.000   40.000  0.00148 89
-124.000   41.000  0.00138 133
-124.000   42.000 -0.00195 70
-124.000   43.000 -0.00831 86
-124.000   44.000 -0.00818 72
-124.000   45.000 -0.00431 85
-124.000   46.000 -0.00231 114
-124.000   47.000 -0.00176 133
-124.000   48.000 -0.01002 173
-124.000   49.000 -0.01049 51
-124.000   50.000 -0.01640 10
-123.000   25.000  0.00000 0
-123.000   26.000  0.00000 0
-123.000   27.000  0.00000 0
-123.000   28.000  0.00000 0
-123.000   29.000  0.00000 0
-123.000   30.000 -0.00113 0
-123.000   31.000  0.00091 0
-123.000   32.000  0.00082 0
-123.000   33.000  0.00209 0
-123.000   34.000  0.00489 0
-123.000   35.000  0.00403 9
-123.000   36.000  0.00252 49
-123.000   37.000  0.00422 70
-123.000   38.000  0.00443 51
-123.000   39.000  0.00122 99
-123.000   40.000 -0.00004 84
-123.000   41.000 -0.00126 136
-123.000   42.000 -0.00456 85
-123.000   43.000 -0.00984 121
-123.000   44.000 -0.01218 89
-123.000   45.000 -0.00790 100
-123.000   46.000 -0.00507 122
-123.000   47.000 -0.00119 149
-123.000   48.000 -0.00987 115
-123.000   49.000 -0.00889 53
-123.000   50.000 -0.01359 2
-122.000   25.000  0.00000 0
-122.000   26.000  0.00000 0
-122.000   27.000  0.00000 0
-122.000   28.000  0.00000 0
-122.000   29.000  0.00000 0
-122.000   30.000 -0.00175 0
-122.000   31.000  0.00009 0
-122.000   32.000 -0.00061 0
-122.000   33.000  0.00090 1
-122.000   34.000  0.00408 9
-122.000   35.000  0.00530 40
-122.000   36.000  0.00620 49
-122.000   37.000  0.00878 121
-122.000   38.000  0.00632 110
-122.000   39.000  0.00192 135
-122.000   40.000 -0.00345 121
-122.000   41.000 -0.00893 102
-122.000   42.000 -0.01360 114
-122.000   43.000 -0.01745 110
-122.000   44.000 -0.01963 100
-122.000   45.000 -0.01348 117
-122.000   46.000 -0.00827 143
-122.000   47.000 -0.00194 98
-122.000   48.000 -0.00897 61
-122.000   49.000 -0.00697 16
-122.000   50.000 -0.00973 14
-121.000   25.000  0.00000 0
-121.000   26.000  0.00000 0
-121.000   27.000  0.00000 0
-121.000   28.000  0.00000 0
-121.000   29.000 -0.00213 0
-121.000   30.000 -0.00347 0
-121.000   31.000 -0.00148 0
-121.000   32.000 -0.00108 16
-121.000   33.000  0.00066 35
-121.000   34.000  0.00226 96
-121.000   35.000  0.00404 119
-121.000   36.000  0.00499 101
-121.000   37.000  0.00603 140
-121.000   38.000  0.00289 89
-121.000   39.000  0.00208 110
-121.000   40.000 -0.00580 64
-121.000   41.000 -0.01095 101
-121.000   42.000 -0.01394 59
-121.000   43.000 -0.01523 100
-121.000   44.000 -0.01675 66
-121.000   45.000 -0.01135 106
-121.000   46.000 -0.00895 139
-121.000   47.000 -0.00375 127
-121.000   48.000 -0.01640 89
-121.000   49.000 -0.01692 48
-121.000   50.000 -0.01916 7
-120.000   25.000  0.00000 0
-120.000   26.000  0.00000 0
-120.000   27.000  0.00000 0
-120.000   28.000  0.00000 0
-120.000   29.000 -0.00010 0
-120.000   30.000 -0.00148 0
-120.000   31.000  0.00003 0
-120.000   32.000  0.00140 31
-120.000   33.000  0.00161 140
-120.000   34.000  0.00151 209
-120.000   35.000  0.00500 249
-120.000   36.000  0.00563 141
-120.000   37.000  0.00624 147
-120.000   38.000  0.00362 88
-120.000   39.000  0.00320 77
-120.000   40.000 -0.00828 51
-120.000   41.000 -0.01338 57
-120.000   42.000 -0.01609 63
-120.000   43.000 -0.01442 95
-120.000   44.000 -0.01582 95
-120.000   45.000 -0.00889 107
-120.000   46.000 -0.00682 103
-120.000   47.000 -0.00136 109
-120.000   48.000 -0.00991 56
-120.000   49.000 -0.00987 14
-120.000   50.000 -0.00909 5
-119.000   25.000  0.00000 0
-119.000   26.000  0.00000 0
-119.000   27.000  0.00000 0
-119.000   28.000  0.00000 0
-119.000   29.000 -0.00058 0
-119.000   30.000 -0.00236 0
-119.000   31.000 -0.00397 2
-119.000   32.000 -0.00353 90
-119.000   33.000 -0.00315 176
-119.000   34.000 -0.00278 212
-119.000   35.000  0.00045 310
-119.000   36.000  0.00313 138
-119.000   37.000  0.00151 169
-119.000   38.000 -0.00577 63
-119.000   39.000 -0.00881 63
-119.000   40.000 -0.02018 22
-119.000   41.000 -0.02460 59
-119.000   42.000 -0.02227 40
-119.000   43.000 -0.01654 38
-119.000   44.000 -0.01324 77
-119.000   45.000 -0.00423 143
-119.000   46.000 -0.00002 131
-119.000   47.000  0.00089 113
-119.000   48.000 -0.00100 56
-119.000   49.000 -0.00132 33
-119.000   50.000 -0.00023 4
-118.000   25.000  0.00000 0
-118.000   26.000  0.00000 0
-118.000   27.000  0.00000 0
-118.000   28.000  0.00000 0
-118.000   29.000 -0.00171 0
-118.000   30.000 -0.00302 0
-118.000   31.000 -0.00429 4
-118.000   32.000 -0.00369 240
-118.000   33.000 -0.00263 442
-118.000   34.000 -0.00138 490
-118.000   35.000 -0.00012 203
-118.000   36.000  0.00086 152
-118.000   37.000  0.00111 119
-118.000   38.000 -0.00558 56
-118.000   39.000 -0.00800 55
-118.000   40.000 -0.01657 30
-118.000   41.000 -0.01984 71
-118.000   42.000 -0.01984 31
-118.000   43.000 -0.01557 78
-118.000   44.000 -0.01208 67
-118.000   45.000 -0.00346 126
-118.000   46.000 -0.00047 73
-118.000   47.000  0.00057 68
-118.000   48.000 -0.00311 34
-118.000   49.000 -0.00464 23
-118.000   50.000 -0.00621 1
-117.000   25.000  0.00000 0
-117.000   26.000  0.00000 0
-117.000   27.000  0.00000 0
-117.000   28.000  0.00000 0
-117.000   29.000 -0.00306 0
-117.000   30.000 -0.00372 0
-117.000   31.000 -0.00539 57
-117.000   32.000 -0.00378 262
-117.000   33.000 -0.00322 409
-117.000   34.000 -0.00088 259
-117.000   35.000 -0.00044 189
-117.000   36.000 -0.00087 148
-117.000   37.000 -0.00230 90
-117.000   38.000 -0.00759 39
-117.000   39.000 -0.00921 95
-117.000   40.000 -0.01550 96
-117.000   41.000 -0.01517 320
-117.000   42.000 -0.01294 41
-117.000   43.000 -0.00895 90
-117.000   44.000 -0.00363 69
-117.000   45.000  0.00383 75
-117.000   46.000  0.00369 52
-117.000   47.000  0.00002 70
-117.000   48.000 -0.00612 28
-117.000   49.000 -0.01137 19
-117.000   50.000 -0.01675 4
-116.000   25.000  0.00000 0
-116.000   26.000  0.00000 0
-116.000   27.000  0.00000 0
-116.000   28.000  0.00000 0
-116.000   29.000 -0.00132 0
-116.000   30.000 -0.00229 0
-116.000   31.000 -0.00502 113
-116.000   32.000 -0.00451 337
-116.000   33.000 -0.00522 257
-116.000   34.000 -0.00413 339
-116.000   35.000 -0.00282 202
-116.000   36.000 -0.00141 96
-116.000   37.000 -0.00162 79
-116.000   38.000 -0.00571 27
-116.000   39.000 -0.00765 117
-116.000   40.000 -0.01146 45
-116.000   41.000 -0.01207 125
-116.000   42.000 -0.01125 49
-116.000   43.000 -0.00742 85
-116.000   44.000 -0.00191 121
-116.000   45.000  0.00342 113
-116.000   46.000  0.00476 39
-116.000   47.000  0.00266 75
-116.000   48.000 -0.00093 31
-116.000   49.000 -0.00533 17
-116.000   50.000 -0.01022 6
-115.000   25.000  0.00000 0
-115.000   26.000  0.00000 0
-115.000   27.000  0.00000 0
-115.000   28.000  0.00256 0
-115.000   29.000  0.00134 0
-115.000   30.000  0.00103 0
-115.000   31.000 -0.00107 96
-115.000   32.000 -0.00122 229
-115.000   33.000 -0.00506 189
-115.000   34.000 -0.00430 172
-115.000   35.000 -0.00401 125
-115.000   36.000 -0.00352 74
-115.000   37.000 -0.00440 74
-115.000   38.000 -0.00719 34
-115.000   39.000 -0.00881 194
-115.000   40.000 -0.00984 44
-115.000   41.000 -0.00816 37
-115.000   42.000 -0.00738 49
-115.000   43.000 -0.00559 76
-115.000   44.000 -0.00297 61
-115.000   45.000 -0.00142 58
-115.000   46.000 -0.00262 39
-115.000   47.000 -0.00559 42
-115.000   48.000 -0.01133 27
-115.000   49.000 -0.01482 10
-115.000   50.000 -0.02062 5
-114.000   25.000  0.00000 0
-114.000   26.000  0.00000 0
-114.000   27.000  0.00000 0
-114.000   28.000  0.00521 0
-114.000   29.000  0.00782 0
-114.000   30.000  0.00744 0
-114.000   31.000  0.00580 33
-114.000   32.000  0.00634 152
-114.000   33.000  0.00099 178
-114.000   34.000 -0.00196 92
-114.000   35.000  0.00025 95
-114.000   36.000  0.00115 59
-114.000   37.000  0.00217 66
-114.000   38.000  0.00264 50
-114.000   39.000  0.00307 236
-114.000   40.000  0.00261 38
-114.000   41.000  0.00455 63
-114.000   42.000  0.00199 53
-114.000   43.000  0.00181 62
-114.000   44.000  0.00079 38
-114.000   45.000 -0.00054 45
-114.000   46.000 -0.00540 48
-114.000   47.000 -0.00696 22
-114.000   48.000 -0.01960 22
-114.000   49.000 -0.02332 19
-114.000   50.000 -0.03116 4
-113.000   25.000  0.00000 0
-113.000   26.000  0.00000 0
-113.000   27.000  0.00000 0
-113.000   28.000  0.00340 0
-113.000   29.000  0.00789 0
-113.000   30.000  0.00860 7
-113.000   31.000  0.00706 28
-113.000   32.000  0.00675 55
-113.000   33.000  0.00241 110
-113.000   34.000 -0.00200 81
-113.000   35.000  0.00053 99
-113.000   36.000  0.00413 68
-113.000   37.000  0.00397 31
-113.000   38.000  0.00224 26
-113.000   39.000  0.00036 47
-113.000   40.000 -0.00317 23
-113.000   41.000 -0.00393 38
-113.000   42.000 -0.00386 81
-113.000   43.000  0.00091 70
-113.000   44.000  0.00197 51
-113.000   45.000 -0.00140 37
-113.000   46.000 -0.00557 48
-113.000   47.000 -0.00983 23
-113.000   48.000 -0.02430 24
-113.000   49.000 -0.02946 13
-113.000   50.000 -0.03316 3
-112.000   25.000  0.00000 0
-112.000   26.000  0.00000 0
-112.000   27.000  0.00094 0
-112.000   28.000  0.00422 0
-112.000   29.000  0.01032 0
-112.000   30.000  0.01092 27
-112.000   31.000  0.01016 26
-112.000   32.000  0.00896 61
-112.000   33.000  0.00580 48
-112.000   34.000  0.00018 56
-112.000   35.000  0.00392 36
-112.000   36.000  0.00588 52
-112.000   37.000  0.00566 36
-112.000   38.000  0.00553 43
-112.000   39.000  0.00465 44
-112.000   40.000  0.00068 70
-112.000   41.000  0.00080 22
-112.000   42.000  0.00148 35
-112.000   43.000  0.00380 86
-112.000   44.000  0.00288 184
-112.000   45.000 -0.00239 84
-112.000   46.000 -0.00533 25
-112.000   47.000 -0.01186 25
-112.000   48.000 -0.02705 31
-112.000   49.000 -0.03215 11
-112.000   50.000 -0.03472 2
-111.000   25.000  0.00000 0
-111.000   26.000  0.00000 0
-111.000   27.000  0.00257 0
-111.000   28.000  0.00540 0
-111.000   29.000  0.01177 0
-111.000   30.000  0.01211 10
-111.000   31.000  0.01244 38
-111.000   32.000  0.00996 45
-111.000   33.000  0.00887 63
-111.000   34.000  0.00336 91
-111.000   35.000  0.00944 72
-111.000   36.000  0.01113 78
-111.000   37.000  0.00960 32
-111.000   38.000  0.00898 43
-111.000   39.000  0.00672 28
-111.000   40.000 -0.00014 48
-111.000   41.000 -0.00259 32
-111.000   42.000 -0.00095 91
-111.000   43.000  0.00086 90
-111.000   44.000 -0.00246 78
-111.000   45.000 -0.00768 36
-111.000   46.000 -0.00912 41
-111.000   47.000 -0.01816 25
-111.000   48.000 -0.03400 21
-111.000   49.000 -0.03661 24
-111.000   50.000 -0.03938 6
-110.000   25.000  0.00000 0
-110.000   26.000  0.00000 0
-110.000   27.000 -0.00063 0
-110.000   28.000  0.00307 0
-110.000   29.000  0.00884 2
-110.000   30.000  0.00852 21
-110.000   31.000  0.00866 19
-110.000   32.000  0.00814 65
-110.000   33.000  0.00670 65
-110.000   34.000  0.00241 58
-110.000   35.000  0.00935 55
-110.000   36.000  0.01026 57
-110.000   37.000  0.01181 46
-110.000   38.000  0.01201 60
-110.000   39.000  0.00718 58
-110.000   40.000  0.00144 42
-110.000   41.000 -0.00012 85
-110.000   42.000  0.00031 160
-110.000   43.000  0.00162 64
-110.000   44.000  0.00211 49
-110.000   45.000 -0.00208 42
-110.000   46.000 -0.00274 43
-110.000   47.000 -0.01331 25
-110.000   48.000 -0.03346 29
-110.000   49.000 -0.03824 14
-110.000   50.000 -0.04547 3
-109.000   25.000  0.00000 0
-109.000   26.000  0.00000 0
-109.000   27.000 -0.00063 0
-109.000   28.000  0.00456 0
-109.000   29.000  0.00690 2
-109.000   30.000  0.00614 18
-109.000   31.000  0.00557 17
-109.000   32.000  0.00438 61
-109.000   33.000  0.00186 93
-109.000   34.000  0.00434 63
-109.000   35.000  0.01043 32
-109.000   36.000  0.01168 36
-109.000   37.000  0.01484 37
-109.000   38.000  0.01638 54
-109.000   39.000  0.00854 47
-109.000   40.000  0.00490 30
-109.000   41.000  0.00477 106
-109.000   42.000  0.00363 72
-109.000   43.000  0.00254 59
-109.000   44.000  0.00501 66
-109.000   45.000  0.00016 42
-109.000   46.000  0.00093 32
-109.000   47.000 -0.01111 25
-109.000   48.000 -0.02815 27
-109.000   49.000 -0.03450 12
-109.000   50.000 -0.04071 2
-108.000   25.000  0.00000 0
-108.000   26.000  0.00000 0
-108.000   27.000 -0.00362 0
-108.000   28.000  0.00387 0
-108.000   29.000  0.00517 1
-108.000   30.000  0.00364 28
-108.000   31.000  0.00280 30
-108.000   32.000  0.00503 29
-108.000   33.000  0.00109 66
-108.000   34.000  0.00311 61
-108.000   35.000  0.00968 97
-108.000   36.000  0.01010 36
-108.000   37.000  0.01257 47
-108.000   38.000  0.01216 43
-108.000   39.000  0.00617 49
-108.000   40.000  0.00350 40
-108.000   41.000  0.00438 64
-108.000   42.000  0.00326 61
-108.000   43.000  0.00492 97
-108.000   44.000  0.00861 71
-108.000   45.000  0.00491 46
-108.000   46.000  0.00658 39
-108.000   47.000 -0.00289 31
-108.000   48.000 -0.02200 26
-108.000   49.000 -0.02877 9
-108.000   50.000 -0.03615 1
-107.000   25.000  0.00000 0
-107.000   26.000  0.00124 0
-107.000   27.000 -0.00406 0
-107.000   28.000  0.00394 0
-107.000   29.000  0.00430 0
-107.000   30.000  0.00161 2
-107.000   31.000 -0.00108 62
-107.000   32.000  0.00168 59
-107.000   33.000 -0.00343 69
-107.000   34.000 -0.00139 42
-107.000   35.000  0.00487 44
-107.000   36.000  0.00606 43
-107.000   37.000  0.00886 55
-107.000   38.000  0.00785 51
-107.000   39.000  0.00257 85
-107.000   40.000  0.00080 56
-107.000   41.000  0.00300 50
-107.000   42.000  0.00119 100
-107.000   43.000  0.00505 126
-107.000   44.000  0.00835 46
-107.000   45.000  0.00595 28
-107.000   46.000  0.00752 36
-107.000   47.000  0.00040 35
-107.000   48.000 -0.01844 13
-107.000   49.000 -0.02357 15
-107.000   50.000 -0.03042 2
-106.000   25.000  0.00461 0
-106.000   26.000  0.00594 0
-106.000   27.000 -0.00114 0
-106.000   28.000  0.00780 0
-106.000   29.000  0.00833 2
-106.000   30.000  0.00232 14
-106.000   31.000 -0.00252 40
-106.000   32.000  0.00059 161
-106.000   33.000 -0.00569 83
-106.000   34.000 -0.00332 68
-106.000   35.000  0.00125 62
-106.000   36.000  0.00146 81
-106.000   37.000  0.00681 33
-106.000   38.000  0.00564 74
-106.000   39.000  0.00181 47
-106.000   40.000  0.00111 58
-106.000   41.000  0.00546 63
-106.000   42.000  0.00192 71
-106.000   43.000  0.00428 103
-106.000   44.000  0.00865 54
-106.000   45.000  0.00916 28
-106.000   46.000  0.01218 26
-106.000   47.000  0.00603 15
-106.000   48.000 -0.00869 37
-106.000   49.000 -0.01516 22
-106.000   50.000 -0.02212 3
-105.000   25.000  0.00703 0
-105.000   26.000  0.00598 0
-105.000   27.000  0.00249 0
-105.000   28.000  0.00925 12
-105.000   29.000  0.00951 40
-105.000   30.000  0.00176 87
-105.000   31.000 -0.00128 59
-105.000   32.000  0.00013 94
-105.000   33.000 -0.00304 79
-105.000   34.000 -0.00078 82
-105.000   35.000  0.00229 68
-105.000   36.000  0.00369 66
-105.000   37.000  0.00588 49
-105.000   38.000  0.00131 64
-105.000   39.000 -0.00162 62
-105.000   40.000 -0.00202 46
-105.000   41.000  0.00013 47
-105.000   42.000 -0.00296 46
-105.000   43.000  0.00161 54
-105.000   44.000  0.00439 62
-105.000   45.000  0.00480 43
-105.000   46.000  0.00971 34
-105.000   47.000  0.00372 26
-105.000   48.000 -0.00161 36
-105.000   49.000 -0.00496 15
-105.000   50.000 -0.00588 10
-104.000   25.000  0.00703 0
-104.000   26.000  0.00417 0
-104.000   27.000 -0.00030 7
-104.000   28.000  0.00248 29
-104.000   29.000  0.00396 18
-104.000   30.000 -0.00221 57
-104.000   31.000 -0.00317 83
-104.000   32.000  0.00095 122
-104.000   33.000  0.00180 102
-104.000   34.000 -0.00012 76
-104.000   35.000  0.00225 84
-104.000   36.000  0.00022 70
-104.000   37.000  0.00031 55
-104.000   38.000 -0.00524 36
-104.000   39.000 -0.00515 27
-104.000   40.000 -0.00821 53
-104.000   41.000 -0.00557 38
-104.000   42.000 -0.00756 38
-104.000   43.000 -0.00253 32
-104.000   44.000 -0.00008 41
-104.000   45.000  0.00284 39
-104.000   46.000  0.00984 60
-104.000   47.000  0.00696 32
-104.000   48.000  0.00430 28
-104.000   49.000  0.00275 19
-104.000   50.000  0.00321 2
-103.000   25.000  0.00653 0
-103.000   26.000  0.00395 0
-103.000   27.000  0.00392 4
-103.000   28.000  0.00664 32
-103.000   29.000  0.00734 13
-103.000   30.000  0.00017 65
-103.000   31.000  0.00033 64
-103.000   32.000 -0.00055 57
-103.000   33.000 -0.00196 72
-103.000   34.000 -0.00140 44
-103.000   35.000  0.00192 50
-103.000   36.000 -0.00231 46
-103.000   37.000 -0.00393 49
-103.000   38.000 -0.00695 41
-103.000   39.000 -0.00945 38
-103.000   40.000 -0.01310 36
-103.000   41.000 -0.01076 48
-103.000   42.000 -0.00863 36
-103.000   43.000 -0.00549 49
-103.000   44.000 -0.00277 30
-103.000   45.000  0.00263 45
-103.000   46.000  0.01028 40
-103.000   47.000  0.00519 42
-103.000   48.000  0.00636 31
-103.000   49.000  0.00611 19
-103.000   50.000  0.00512 10
-102.000   25.000  0.00144 0
-102.000   26.000 -0.00073 0
-102.000   27.000  0.00030 0
-102.000   28.000  0.00296 3
-102.000   29.000  0.00443 29
-102.000   30.000  0.00056 50
-102.000   31.000  0.00199 78
-102.000   32.000  0.00149 93
-102.000   33.000 -0.00142 37
-102.000   34.000 -0.00298 44
-102.000   35.000 -0.00222 37
-102.000   36.000 -0.00865 28
-102.000   37.000 -0.01148 50
-102.000   38.000 -0.01433 26
-102.000   39.000 -0.01673 50
-102.000   40.000 -0.01840 49
-102.000   41.000 -0.01631 34
-102.000   42.000 -0.01301 34
-102.000   43.000 -0.00949 28
-102.000   44.000 -0.00419 44
-102.000   45.000  0.00310 31
-102.000   46.000  0.01181 42
-102.000   47.000  0.00907 47
-102.000   48.000  0.01241 25
-102.000   49.000  0.01236 17
-102.000   50.000  0.01037 4
-101.000   25.000 -0.03185 0
-101.000   26.000 -0.02901 0
-101.000   27.000 -0.02424 5
-101.000   28.000 -0.00984 39
-101.000   29.000 -0.00467 46
-101.000   30.000 -0.00562 48
-101.000   31.000 -0.00198 72
-101.000   32.000 -0.00027 56
-101.000   33.000 -0.00332 78
-101.000   34.000 -0.00922 52
-101.000   35.000 -0.00795 37
-101.000   36.000 -0.01256 25
-101.000   37.000 -0.01793 32
-101.000   38.000 -0.01832 31
-101.000   39.000 -0.02034 67
-101.000   40.000 -0.02010 44
-101.000   41.000 -0.02013 38
-101.000   42.000 -0.01627 29
-101.000   43.000 -0.01036 53
-101.000   44.000 -0.00284 44
-101.000   45.000  0.00340 35
-101.000   46.000  0.01301 51
-101.000   47.000  0.01199 59
-101.000   48.000  0.01128 24
-101.000   49.000  0.01076 34
-101.000   50.000  0.00756 10
-100.000   25.000 -0.05046 0
-100.000   26.000 -0.04257 1
-100.000   27.000 -0.03470 11
-100.000   28.000 -0.01500 35
-100.000   29.000 -0.00957 77
-100.000   30.000 -0.00743 70
-100.000   31.000 -0.00465 70
-100.000   32.000 -0.00411 53
-100.000   33.000 -0.00944 51
-100.000   34.000 -0.01408 40
-100.000   35.000 -0.01516 58
-100.000   36.000 -0.02130 62
-100.000   37.000 -0.02664 72
-100.000   38.000 -0.02235 66
-100.000   39.000 -0.02343 41
-100.000   40.000 -0.02256 53
-100.000   41.000 -0.02082 36
-100.000   42.000 -0.01593 47
-100.000   43.000 -0.01002 40
-100.000   44.000 -0.00208 37
-100.000   45.000  0.00500 72
-100.000   46.000  0.01509 47
-100.000   47.000  0.01617 53
-100.000   48.000  0.01355 29
-100.000   49.000  0.01363 20
-100.000   50.000  0.01023 9
 -99.000   25.000 -0.03502 1
 -99.000   26.000 -0.03344 19
 -99.000   27.000 -0.02492 46
 -99.000   28.000 -0.01274 56
 -99.000   29.000 -0.01322 72
 -99.000   30.000 -0.01059 52
 -99.000   31.000 -0.00810 70
 -99.000   32.000 -0.01321 61
 -99.000   33.000 -0.02030 83
 -99.000   34.000 -0.02480 22
 -99.000   35.000 -0.02503 54
 -99.000   36.000 -0.02820 52
 -99.000   37.000 -0.03084 56
 -99.000   38.000 -0.02503 41
 -99.000   39.000 -0.02430 44
 -99.000   40.000 -0.02128 44
 -99.000   41.000 -0.02008 33
 -99.000   42.000 -0.01407 45
 -99.000   43.000 -0.00573 22
 -99.000   44.000  0.00247 32
 -99.000   45.000  0.00971 36
 -99.000   46.000  0.01850 56
 -99.000   47.000  0.01824 55
 -99.000   48.000  0.01331 15
 -99.000   49.000  0.01211 15
 -99.000   50.000  0.00590 3
 -98.000   25.000 -0.04527 2
 -98.000   26.000 -0.03950 11
 -98.000   27.000 -0.03418 15
 -98.000   28.000 -0.02218 44
 -98.000   29.000 -0.02418 39
 -98.000   30.000 -0.01510 64
 -98.000   31.000 -0.01504 52
 -98.000   32.000 -0.01402 54
 -98.000   33.000 -0.01979 74
 -98.000   34.000 -0.02573 33
 -98.000   35.000 -0.02685 56
 -98.000   36.000 -0.02834 53
 -98.000   37.000 -0.03161 67
 -98.000   38.000 -0.02686 46
 -98.000   39.000 -0.02133 43
 -98.000   40.000 -0.01591 39
 -98.000   41.000 -0.01443 47
 -98.000   42.000 -0.00983 30
 -98.000   43.000 -0.00053 48
 -98.000   44.000  0.00741 45
 -98.000   45.000  0.01397 43
 -98.000   46.000  0.02402 41
 -98.000   47.000  0.02168 36
 -98.000   48.000  0.01483 22
 -98.000   49.000  0.01205 13
 -98.000   50.000  0.00391 15
 -97.000   25.000 -0.03519 1
 -97.000   26.000 -0.03420 13
 -97.000   27.000 -0.02753 9
 -97.000   28.000 -0.01650 20
 -97.000   29.000 -0.01908 42
 -97.000   30.000 -0.01546 56
 -97.000   31.000 -0.01361 71
 -97.000   32.000 -0.01705 49
 -97.000   33.000 -0.02128 56
 -97.000   34.000 -0.02456 41
 -97.000   35.000 -0.02376 70
 -97.000   36.000 -0.02450 62
 -97.000   37.000 -0.02538 80
 -97.000   38.000 -0.02045 80
 -97.000   39.000 -0.01687 36
 -97.000   40.000 -0.01166 55
 -97.000   41.000 -0.00974 20
 -97.000   42.000 -0.00449 39
 -97.000   43.000  0.00490 44
 -97.000   44.000  0.01335 20
 -97.000   45.000  0.01806 33
 -97.000   46.000  0.02975 29
 -97.000   47.000  0.02755 33
 -97.000   48.000  0.02141 18
 -97.000   49.000  0.01914 27
 -97.000   50.000  0.01306 11
 -96.000   25.000 -0.00651 0
 -96.000   26.000 -0.01637 0
 -96.000   27.000 -0.01117 9
 -96.000   28.000 -0.01432 33
 -96.000   29.000 -0.01955 23
 -96.000   30.000 -0.02005 22
 -96.000   31.000 -0.01305 39
 -96.000   32.000 -0.02142 36
 -96.000   33.000 -0.02263 61
 -96.000   34.000 -0.02358 36
 -96.000   35.000 -0.02044 93
 -96.000   36.000 -0.02236 46
 -96.000   37.000 -0.01866 39
 -96.000   38.000 -0.01699 44
 -96.000   39.000 -0.01309 34
 -96.000   40.000 -0.00700 46
 -96.000   41.000 -0.00578 26
 -96.000   42.000 -0.00162 22
 -96.000   43.000  0.00651 28
 -96.000   44.000  0.01130 30
 -96.000   45.000  0.01804 35
 -96.000   46.000  0.03022 30
 -96.000   47.000  0.03074 49
 -96.000   48.000  0.02492 12
 -96.000   49.000  0.02580 11
 -96.000   50.000  0.01826 2
 -95.000   25.000  0.00968 0
 -95.000   26.000 -0.00510 0
 -95.000   27.000 -0.00258 1
 -95.000   28.000 -0.01223 15
 -95.000   29.000 -0.01986 15
 -95.000   30.000 -0.02163 44
 -95.000   31.000 -0.01314 35
 -95.000   32.000 -0.02182 30
 -95.000   33.000 -0.01908 66
 -95.000   34.000 -0.01966 59
 -95.000   35.000 -0.01125 55
 -95.000   36.000 -0.01139 49
 -95.000   37.000 -0.00569 63
 -95.000   38.000 -0.00541 38
 -95.000   39.000 -0.00091 48
 -95.000   40.000  0.00142 42
 -95.000   41.000  0.00135 42
 -95.000   42.000  0.00461 28
 -95.000   43.000  0.00876 30
 -95.000   44.000  0.01201 29
 -95.000   45.000  0.01944 45
 -95.000   46.000  0.03071 31
 -95.000   47.000  0.03205 38
 -95.000   48.000  0.02899 18
 -95.000   49.000  0.03100 16
 -95.000   50.000  0.02350 1
 -94.000   25.000 -0.00575 0
 -94.000   26.000 -0.01241 0
 -94.000   27.000 -0.01028 0
 -94.000   28.000 -0.01218 5
 -94.000   29.000 -0.01443 14
 -94.000   30.000 -0.01579 29
 -94.000   31.000 -0.00913 44
 -94.000   32.000 -0.01294 28
 -94.000   33.000 -0.01026 54
 -94.000   34.000 -0.00954 39
 -94.000   35.000 -0.00337 90
 -94.000   36.000 -0.00292 63
 -94.000   37.000  0.00007 54
 -94.000   38.000  0.00104 55
 -94.000   39.000  0.00229 31
 -94.000   40.000  0.00486 62
 -94.000   41.000  0.00346 31
 -94.000   42.000  0.00676 42
 -94.000   43.000  0.00809 38
 -94.000   44.000  0.01106 28
 -94.000   45.000  0.01657 65
 -94.000   46.000  0.02930 48
 -94.000   47.000  0.03220 40
 -94.000   48.000  0.03169 22
 -94.000   49.000  0.03624 5
 -94.000   50.000  0.03259 0
 -93.000   25.000  0.00499 0
 -93.000   26.000  0.00602 0
 -93.000   27.000  0.00694 0
 -93.000   28.000  0.00537 3
 -93.000   29.000  0.00518 10
 -93.000   30.000 -0.00041 22
 -93.000   31.000 -0.00060 18
 -93.000   32.000 -0.00880 19
 -93.000   33.000 -0.00599 46
 -93.000   34.000 -0.00449 31
 -93.000   35.000 -0.00078 26
 -93.000   36.000 -0.00307 50
 -93.000   37.000  0.00254 32
 -93.000   38.000  0.00487 64
 -93.000   39.000  0.00245 41
 -93.000   40.000  0.00436 61
 -93.000   41.000  0.00434 39
 -93.000   42.000  0.00504 45
 -93.000   43.000  0.00301 22
 -93.000   44.000  0.00453 36
 -93.000   45.000  0.01365 45
 -93.000   46.000  0.02199 26
 -93.000   47.000  0.03071 77
 -93.000   48.000  0.03487 24
 -93.000   49.000  0.04308 25
 -93.000   50.000  0.03720 0
 -92.000   25.000  0.00000 0
 -92.000   26.000  0.01064 0
 -92.000   27.000  0.00827 0
 -92.000   28.000  0.01020 0
 -92.000   29.000  0.01388 5
 -92.000   30.000  0.01289 8
 -92.000   31.000  0.00728 22
 -92.000   32.000  0.00221 16
 -92.000   33.000  0.00159 40
 -92.000   34.000 -0.00113 20
 -92.000   35.000  0.00060 43
 -92.000   36.000 -0.00258 38
 -92.000   37.000  0.00365 43
 -92.000   38.000  0.00494 52
 -92.000   39.000  0.00420 60
 -92.000   40.000  0.00392 35
 -92.000   41.000  0.00290 39
 -92.000   42.000  0.00234 36
 -92.000   43.000  0.00143 52
 -92.000   44.000 -0.00003 47
 -92.000   45.000  0.01138 62
 -92.000   46.000  0.01837 32
 -92.000   47.000  0.02696 27
 -92.000   48.000  0.03862 13
 -92.000   49.000  0.04982 8
 -92.000   50.000  0.04664 2
 -91.000   25.000  0.00000 0
 -91.000   26.000  0.02093 0
 -91.000   27.000  0.01079 0
 -91.000   28.000  0.01510 2
 -91.000   29.000  0.01809 3
 -91.000   30.000  0.01813 5
 -91.000   31.000  0.00432 38
 -91.000   32.000  0.00805 29
 -91.000   33.000  0.00335 43
 -91.000   34.000  0.00116 26
 -91.000   35.000  0.00295 27
 -91.000   36.000 -0.00137 51
 -91.000   37.000  0.00168 27
 -91.000   38.000  0.00343 37
 -91.000   39.000  0.00187 43
 -91.000   40.000 -0.00057 42
 -91.000   41.000  0.00068 26
 -91.000   42.000  0.00046 29
 -91.000   43.000  0.00071 41
 -91.000   44.000  0.00172 42
 -91.000   45.000  0.01118 36
 -91.000   46.000  0.01159 50
 -91.000   47.000  0.02463 9
 -91.000   48.000  0.04632 2
 -91.000   49.000  0.05760 11
 -91.000   50.000  0.06203 5
 -90.000   25.000  0.00000 0
 -90.000   26.000  0.02318 0
 -90.000   27.000  0.01223 0
 -90.000   28.000  0.01583 1
 -90.000   29.000  0.02020 9
 -90.000   30.000  0.01973 22
 -90.000   31.000  0.00255 9
 -90.000   32.000  0.00681 24
 -90.000   33.000  0.00136 39
 -90.000   34.000 -0.00042 39
 -90.000   35.000 -0.00058 37
 -90.000   36.000 -0.00268 46
 -90.000   37.000 -0.00032 23
 -90.000   38.000  0.00021 56
 -90.000   39.000 -0.00239 54
 -90.000   40.000 -0.00231 49
 -90.000   41.000 -0.00366 46
 -90.000   42.000 -0.00352 34
 -90.000   43.000 -0.00233 29
 -90.000   44.000 -0.00147 35
 -90.000   45.000  0.00757 32
 -90.000   46.000  0.01152 15
 -90.000   47.000  0.02325 24
 -90.000   48.000  0.05038 13
 -90.000   49.000  0.06191 5
 -90.000   50.000  0.06841 1
 -89.000   25.000  0.00000 0
 -89.000   26.000  0.02318 0
 -89.000   27.000  0.01477 0
 -89.000   28.000  0.01664 1
 -89.000   29.000  0.01808 6
 -89.000   30.000  0.01693 7
 -89.000   31.000 -0.00220 12
 -89.000   32.000 -0.00115 23
 -89.000   33.000 -0.00381 35
 -89.000   34.000 -0.00185 37
 -89.000   35.000 -0.00101 24
 -89.000   36.000 -0.00141 63
 -89.000   37.000  0.00201 78
 -89.000   38.000  0.00056 72
 -89.000   39.000 -0.00150 69
 -89.000   40.000 -0.00653 38
 -89.000   41.000 -0.00951 36
 -89.000   42.000 -0.01056 40
 -89.000   43.000 -0.00783 49
 -89.000   44.000 -0.00865 24
 -89.000   45.000  0.00377 39
 -89.000   46.000  0.01157 24
 -89.000   47.000  0.02178 19
 -89.000   48.000  0.04166 6
 -89.000   49.000  0.05143 2
 -89.000   50.000  0.05678 2
 -88.000   25.000  0.00000 0
 -88.000   26.000  0.01102 0
 -88.000   27.000  0.00402 0
 -88.000   28.000  0.00327 0
 -88.000   29.000  0.00360 3
 -88.000   30.000  0.00108 7
 -88.000   31.000 -0.01186 24
 -88.000   32.000 -0.00968 31
 -88.000   33.000 -0.00929 48
 -88.000   34.000 -0.00558 42
 -88.000   35.000 -0.00157 62
 -88.000   36.000  0.00262 84
 -88.000   37.000  0.00489 111
 -88.000   38.000  0.00237 118
 -88.000   39.000 -0.00016 79
 -88.000   40.000 -0.00727 44
 -88.000   41.000 -0.01061 56
 -88.000   42.000 -0.00695 46
 -88.000   43.000 -0.00372 18
 -88.000   44.000 -0.00711 24
 -88.000   45.000  0.00202 27
 -88.000   46.000  0.01390 6
 -88.000   47.000  0.02273 21
 -88.000   48.000  0.04926 3
 -88.000   49.000  0.06392 2
 -88.000   50.000  0.07937 3
 -87.000   25.000  0.00000 0
 -87.000   26.000  0.00457 0
 -87.000   27.000 -0.00418 0
 -87.000   28.000 -0.01010 0
 -87.000   29.000 -0.01417 11
 -87.000   30.000 -0.01899 11
 -87.000   31.000 -0.02832 24
 -87.000   32.000 -0.02372 41
 -87.000   33.000 -0.01491 36
 -87.000   34.000 -0.00530 60
 -87.000   35.000  0.00177 48
 -87.000   36.000  0.00789 83
 -87.000   37.000  0.00987 68
 -87.000   38.000  0.00407 93
 -87.000   39.000  0.00077 93
 -87.000   40.000 -0.00431 33
 -87.000   41.000 -0.00662 21
 -87.000   42.000 -0.00415 26
 -87.000   43.000 -0.00112 44
 -87.000   44.000 -0.00663 17
 -87.000   45.000 -0.00078 28
 -87.000   46.000  0.00877 15
 -87.000   47.000  0.01874 9
 -87.000   48.000  0.03928 4
 -87.000   49.000  0.05318 0
 -87.000   50.000  0.06591 1
 -86.000   25.000  0.00000 0
 -86.000   26.000 -0.00190 0
 -86.000   27.000 -0.00600 0
 -86.000   28.000 -0.01509 0
 -86.000   29.000 -0.02036 10
 -86.000   30.000 -0.02258 15
 -86.000   31.000 -0.02770 36
 -86.000   32.000 -0.02707 46
 -86.000   33.000 -0.01396 33
 -86.000   34.000 -0.00281 38
 -86.000   35.000  0.00270 48
 -86.000   36.000  0.01061 113
 -86.000   37.000  0.01293 60
 -86.000   38.000  0.00726 85
 -86.000   39.000  0.00535 55
 -86.000   40.000  0.00207 56
 -86.000   41.000 -0.00161 40
 -86.000   42.000  0.00125 37
 -86.000   43.000  0.00380 16
 -86.000   44.000 -0.00441 24
 -86.000   45.000 -0.00286 18
 -86.000   46.000  0.00942 19
 -86.000   47.000  0.01230 12
 -86.000   48.000  0.02328 9
 -86.000   49.000  0.03440 2
 -86.000   50.000  0.04328 3
 -85.000   25.000 -0.00858 0
 -85.000   26.000 -0.00884 0
 -85.000   27.000 -0.01076 0
 -85.000   28.000 -0.01941 4
 -85.000   29.000 -0.02572 16
 -85.000   30.000 -0.02404 12
 -85.000   31.000 -0.02920 43
 -85.000   32.000 -0.02833 72
 -85.000   33.000 -0.01463 124
 -85.000   34.000 -0.00333 41
 -85.000   35.000  0.00247 67
 -85.000   36.000  0.00948 107
 -85.000   37.000  0.01189 60
 -85.000   38.000  0.00714 80
 -85.000   39.000  0.00581 66
 -85.000   40.000  0.00477 35
 -85.000   41.000  0.00275 42
 -85.000   42.000  0.00505 31
 -85.000   43.000  0.00741 53
 -85.000   44.000 -0.00351 20
 -85.000   45.000 -0.00445 29
 -85.000   46.000  0.00426 9
 -85.000   47.000  0.00669 17
 -85.000   48.000  0.01211 2
 -85.000   49.000  0.02422 1
 -85.000   50.000  0.03168 4
 -84.000   25.000 -0.01646 0
 -84.000   26.000 -0.01352 0
 -84.000   27.000 -0.01795 0
 -84.000   28.000 -0.02015 9
 -84.000   29.000 -0.02560 14
 -84.000   30.000 -0.02450 51
 -84.000   31.000 -0.02729 67
 -84.000   32.000 -0.02356 65
 -84.000   33.000 -0.01329 68
 -84.000   34.000 -0.00388 73
 -84.000   35.000  0.00206 115
 -84.000   36.000  0.00593 98
 -84.000   37.000  0.00932 61
 -84.000   38.000  0.00534 65
 -84.000   39.000  0.00406 53
 -84.000   40.000  0.00688 63
 -84.000   41.000  0.00412 64
 -84.000   42.000  0.00586 36
 -84.000   43.000  0.00792 47
 -84.000   44.000  0.00009 21
 -84.000   45.000 -0.00069 29
 -84.000   46.000  0.00355 16
 -84.000   47.000  0.00614 13
 -84.000   48.000  0.02208 4
 -84.000   49.000  0.03408 5
 -84.000   50.000  0.03998 8
 -83.000   25.000 -0.02749 0
 -83.000   26.000 -0.02085 0
 -83.000   27.000 -0.02377 2
 -83.000   28.000 -0.02342 13
 -83.000   29.000 -0.02522 21
 -83.000   30.000 -0.01950 55
 -83.000   31.000 -0.01991 52
 -83.000   32.000 -0.01352 125
 -83.000   33.000 -0.00503 103
 -83.000   34.000  0.00101 84
 -83.000   35.000  0.00455 68
 -83.000   36.000  0.00612 63
 -83.000   37.000  0.00893 40
 -83.000   38.000  0.00682 62
 -83.000   39.000  0.00701 50
 -83.000   40.000  0.01270 64
 -83.000   41.000  0.00809 55
 -83.000   42.000  0.00441 36
 -83.000   43.000  0.00545 28
 -83.000   44.000 -0.00035 9
 -83.000   45.000 -0.00310 27
 -83.000   46.000 -0.00160 8
 -83.000   47.000  0.00680 11
 -83.000   48.000  0.00998 11
 -83.000   49.000  0.01541 0
 -83.000   50.000  0.01636 14
 -82.000   25.000 -0.00842 4
 -82.000   26.000 -0.00288 6
 -82.000   27.000 -0.00336 29
 -82.000   28.000 -0.00245 20
 -82.000   29.000 -0.01170 24
 -82.000   30.000 -0.00892 34
 -82.000   31.000 -0.01054 25
 -82.000   32.000 -0.00935 34
 -82.000   33.000 -0.00513 34
 -82.000   34.000  0.00203 37
 -82.000   35.000  0.00328 45
 -82.000   36.000  0.00419 48
 -82.000   37.000  0.00716 48
 -82.000   38.000  0.00823 65
 -82.000   39.000  0.01088 51
 -82.000   40.000  0.01486 75
 -82.000   41.000  0.00799 42
 -82.000   42.000  0.00515 45
 -82.000   43.000  0.00398 12
 -82.000   44.000  0.00008 19
 -82.000   45.000 -0.00225 15
 -82.000   46.000 -0.00120 8
 -82.000   47.000  0.00452 8
 -82.000   48.000  0.00602 33
 -82.000   49.000  0.00715 0
 -82.000   50.000  0.00777 4
 -81.000   25.000 -0.00842 7
 -81.000   26.000 -0.00701 15
 -81.000   27.000 -0.00526 10
 -81.000   28.000 -0.00161 19
 -81.000   29.000 -0.01009 6
 -81.000   30.000 -0.00551 11
 -81.000   31.000 -0.00301 16
 -81.000   32.000 -0.00273 13
 -81.000   33.000 -0.00157 42
 -81.000   34.000  0.00418 47
 -81.000   35.000  0.00111 44
 -81.000   36.000  0.00260 82
 -81.000   37.000  0.00400 61
 -81.000   38.000  0.00517 100
 -81.000   39.000  0.00804 55
 -81.000   40.000  0.01286 83
 -81.000   41.000  0.00447 38
 -81.000   42.000  0.00208 57
 -81.000   43.000 -0.00142 35
 -81.000   44.000 -0.00576 6
 -81.000   45.000 -0.00814 17
 -81.000   46.000 -0.00430 9
 -81.000   47.000  0.00183 7
 -81.000   48.000  0.00469 7
 -81.000   49.000  0.00656 1
 -81.000   50.000  0.00985 7
 -80.000   25.000  0.00015 9
 -80.000   26.000 -0.00007 2
 -80.000   27.000 -0.00052 3
 -80.000   28.000  0.00336 1
 -80.000   29.000 -0.00457 1
 -80.000   30.000  0.00538 0
 -80.000   31.000  0.01022 11
 -80.000   32.000  0.01054 20
 -80.000   33.000  0.01083 29
 -80.000   34.000  0.01641 43
 -80.000   35.000  0.00436 38
 -80.000   36.000  0.00481 78
 -80.000   37.000  0.00586 64
 -80.000   38.000  0.00576 65
 -80.000   39.000  0.00679 79
 -80.000   40.000  0.00900 76
 -80.000   41.000 -0.00025 37
 -80.000   42.000 -0.00211 45
 -80.000   43.000 -0.00498 25
 -80.000   44.000 -0.00973 26
 -80.000   45.000 -0.01301 20
 -80.000   46.000 -0.01325 16
 -80.000   47.000 -0.00590 8
 -80.000   48.000 -0.00165 12
 -80.000   49.000  0.00098 0
 -80.000   50.000  0.00573 0
 -79.000   25.000  0.00803 0
 -79.000   26.000  0.00461 0
 -79.000   27.000  0.00485 0
 -79.000   28.000  0.00361 4
 -79.000   29.000 -0.00287 0
 -79.000   30.000  0.00678 0
 -79.000   31.000  0.01437 0
 -79.000   32.000  0.00848 15
 -79.000   33.000  0.00917 25
 -79.000   34.000  0.01331 22
 -79.000   35.000  0.00333 41
 -79.000   36.000  0.00269 62
 -79.000   37.000  0.00776 77
 -79.000   38.000  0.00908 41
 -79.000   39.000  0.01031 78
 -79.000   40.000  0.01174 74
 -79.000   41.000  0.00356 73
 -79.000   42.000  0.00308 48
 -79.000   43.000  0.00000 63
 -79.000   44.000 -0.00716 34
 -79.000   45.000 -0.01620 23
 -79.000   46.000 -0.01712 11
 -79.000   47.000 -0.00921 7
 -79.000   48.000 -0.01014 8
 -79.000   49.000 -0.00691 15
 -79.000   50.000  0.00203 0
 -78.000   25.000  0.01907 0
 -78.000   26.000  0.01194 0
 -78.000   27.000  0.01224 0
 -78.000   28.000  0.01048 0
 -78.000   29.000  0.00201 0
 -78.000   30.000  0.00753 0
 -78.000   31.000  0.01558 0
 -78.000   32.000  0.00854 9
 -78.000   33.000  0.00940 12
 -78.000   34.000  0.01326 19
 -78.000   35.000  0.00446 24
 -78.000   36.000  0.00403 71
 -78.000   37.000  0.00774 49
 -78.000   38.000  0.00777 78
 -78.000   39.000  0.00900 64
 -78.000   40.000  0.00915 50
 -78.000   41.000  0.00138 74
 -78.000   42.000  0.00316 35
 -78.000   43.000 -0.00044 49
 -78.000   44.000 -0.00707 26
 -78.000   45.000 -0.01792 25
 -78.000   46.000 -0.01907 9
 -78.000   47.000 -0.02120 29
 -78.000   48.000 -0.01850 14
 -78.000   49.000 -0.01638 3
 -78.000   50.000 -0.00697 0
 -77.000   25.000  0.00000 0
 -77.000   26.000 -0.00605 0
 -77.000   27.000 -0.00484 0
 -77.000   28.000 -0.00484 0
 -77.000   29.000 -0.00484 0
 -77.000   30.000  0.00469 0
 -77.000   31.000  0.01439 0
 -77.000   32.000  0.00797 0
 -77.000   33.000  0.00838 5
 -77.000   34.000  0.00894 8
 -77.000   35.000  0.00226 35
 -77.000   36.000  0.00316 34
 -77.000   37.000  0.00877 43
 -77.000   38.000  0.00945 25
 -77.000   39.000  0.00742 49
 -77.000   40.000  0.00560 53
 -77.000   41.000 -0.00097 77
 -77.000   42.000 -0.00096 37
 -77.000   43.000 -0.00483 63
 -77.000   44.000 -0.01030 47
 -77.000   45.000 -0.02133 33
 -77.000   46.000 -0.02379 15
 -77.000   47.000 -0.02396 17
 -77.000   48.000 -0.02120 7
 -77.000   49.000 -0.01782 3
 -77.000   50.000 -0.00709 0
 -76.000   25.000  0.00000 0
 -76.000   26.000  0.00000 0
 -76.000   27.000  0.00000 0
 -76.000   28.000  0.00000 0
 -76.000   29.000  0.00000 0
 -76.000   30.000  0.00879 0
 -76.000   31.000  0.01300 0
 -76.000   32.000  0.00629 0
 -76.000   33.000  0.00680 0
 -76.000   34.000  0.00733 11
 -76.000   35.000 -0.00105 8
 -76.000   36.000  0.00159 21
 -76.000   37.000  0.00891 17
 -76.000   38.000  0.01078 43
 -76.000   39.000  0.00788 44
 -76.000   40.000  0.00735 65
 -76.000   41.000 -0.00046 83
 -76.000   42.000 -0.00050 92
 -76.000   43.000 -0.00373 64
 -76.000   44.000 -0.00666 41
 -76.000   45.000 -0.01521 56
 -76.000   46.000 -0.02013 34
 -76.000   47.000 -0.02118 11
 -76.000   48.000 -0.02033 13
 -76.000   49.000 -0.01879 2
 -76.000   50.000 -0.01060 0
 -75.000   25.000  0.00000 0
 -75.000   26.000  0.00000 0
 -75.000   27.000  0.00000 0
 -75.000   28.000  0.00000 0
 -75.000   29.000  0.00000 0
 -75.000   30.000  0.00000 0
 -75.000   31.000  0.00287 0
 -75.000   32.000 -0.00372 0
 -75.000   33.000 -0.00376 0
 -75.000   34.000 -0.00388 3
 -75.000   35.000 -0.00388 3
 -75.000   36.000  0.00662 15
 -75.000   37.000  0.01521 10
 -75.000   38.000  0.01867 32
 -75.000   39.000  0.01688 43
 -75.000   40.000  0.01608 39
 -75.000   41.000  0.00154 93
 -75.000   42.000 -0.00019 169
 -75.000   43.000 -0.00233 83
 -75.000   44.000 -0.00114 60
 -75.000   45.000 -0.00511 80
 -75.000   46.000 -0.00638 31
 -75.000   47.000 -0.00774 16
 -75.000   48.000 -0.00902 11
 -75.000   49.000 -0.01038 0
 -75.000   50.000 -0.00590 0
 -74.000   25.000  0.00000 0
 -74.000   26.000  0.00000 0
 -74.000   27.000  0.00000 0
 -74.000   28.000  0.00000 0
 -74.000   29.000  0.00000 0
 -74.000   30.000  0.00000 0
 -74.000   31.000  0.00000 0
 -74.000   32.000 -0.00137 0
 -74.000   33.000 -0.00041 0
 -74.000   34.000 -0.00112 0
 -74.000   35.000 -0.00285 0
 -74.000   36.000  0.00940 0
 -74.000   37.000  0.01148 3
 -74.000   38.000  0.01436 9
 -74.000   39.000  0.01200 144
 -74.000   40.000  0.01234 65
 -74.000   41.000 -0.00096 83
 -74.000   42.000 -0.00172 146
 -74.000   43.000 -0.00537 97
 -74.000   44.000 -0.00254 72
 -74.000   45.000 -0.00337 72
 -74.000   46.000 -0.00296 29
 -74.000   47.000 -0.00539 12
 -74.000   48.000 -0.00558 9
 -74.000   49.000 -0.00668 0
 -74.000   50.000 -0.00519 0
 -73.000   25.000  0.00000 0
 -73.000   26.000  0.00000 0
 -73.000   27.000  0.00000 0
 -73.000   28.000  0.00000 0
 -73.000   29.000  0.00000 0
 -73.000   30.000  0.00000 0
 -73.000   31.000  0.00000 0
 -73.000   32.000 -0.00306 0
 -73.000   33.000 -0.00302 0
 -73.000   34.000 -0.00274 0
 -73.000   35.000 -0.00488 0
 -73.000   36.000  0.00700 0
 -73.000   37.000  0.01091 0
 -73.000   38.000  0.01628 2
 -73.000   39.000  0.01366 22
 -73.000   40.000  0.01469 48
 -73.000   41.000  0.00224 48
 -73.000   42.000  0.00091 71
 -73.000   43.000 -0.00442 73
 -73.000   44.000 -0.00320 53
 -73.000   45.000 -0.00083 69
 -73.000   46.000 -0.00094 14
 -73.000   47.000 -0.00542 17
 -73.000   48.000 -0.00550 8
 -73.000   49.000 -0.00548 0
 -73.000   50.000 -0.00940 0
 -72.000   25.000  0.00000 0
 -72.000   26.000  0.00000 0
 -72.000   27.000  0.00000 0
 -72.000   28.000  0.00000 0
 -72.000   29.000  0.00000 0
 -72.000   30.000  0.00000 0
 -72.000   31.000  0.00000 0
 -72.000   32.000  0.00000 0
 -72.000   33.000  0.00000 0
 -72.000   34.000  0.00000 0
 -72.000   35.000 -0.00379 0
 -72.000   36.000  0.00701 0
 -72.000   37.000  0.01169 0
 -72.000   38.000  0.01880 0
 -72.000   39.000  0.02227 5
 -72.000   40.000  0.02816 28
 -72.000   41.000  0.01711 67
 -72.000   42.000  0.01432 65
 -72.000   43.000  0.00789 73
 -72.000   44.000  0.00267 42
 -72.000   45.000  0.00544 57
 -72.000   46.000  0.00647 18
 -72.000   47.000 -0.00037 12
 -72.000   48.000 -0.00106 12
 -72.000   49.000  0.00087 0
 -72.000   50.000 -0.00696 0
 -71.000   25.000  0.00000 0
 -71.000   26.000  0.00000 0
 -71.000   27.000  0.00000 0
 -71.000   28.000  0.00000 0
 -71.000   29.000  0.00000 0
 -71.000   30.000  0.00000 0
 -71.000   31.000  0.00000 0
 -71.000   32.000  0.00000 0
 -71.000   33.000  0.00000 0
 -71.000   34.000  0.00000 0
 -71.000   35.000  0.00000 0
 -71.000   36.000  0.00796 0
 -71.000   37.000  0.01211 0
 -71.000   38.000  0.01805 0
 -71.000   39.000  0.02139 0
 -71.000   40.000  0.02528 20
 -71.000   41.000  0.01876 17
 -71.000   42.000  0.01528 41
 -71.000   43.000  0.00903 63
 -71.000   44.000  0.00578 39
 -71.000   45.000  0.00802 51
 -71.000   46.000  0.00909 26
 -71.000   47.000  0.00346 20
 -71.000   48.000  0.00377 15
 -71.000   49.000  0.00460 1
 -71.000   50.000 -0.00408 0
 -70.000   25.000  0.00000 0
 -70.000   26.000  0.00000 0
 -70.000   27.000  0.00000 0
 -70.000   28.000  0.00000 0
 -70.000   29.000  0.00000 0
 -70.000   30.000  0.00000 0
 -70.000   31.000  0.00000 0
 -70.000   32.000  0.00000 0
 -70.000   33.000  0.00000 0
 -70.000   34.000  0.00000 0
 -70.000   35.000  0.00000 0
 -70.000   36.000  0.00000 0
 -70.000   37.000  0.00299 0
 -70.000   38.000  0.00849 0
 -70.000   39.000  0.01216 3
 -70.000   40.000  0.03162 6
 -70.000   41.000  0.03353 7
 -70.000   42.000  0.03010 22
 -70.000   43.000  0.02338 30
 -70.000   44.000  0.01939 30
 -70.000   45.000  0.00532 49
 -70.000   46.000  0.00812 42
 -70.000   47.000  0.00362 25
 -70.000   48.000  0.00173 19
 -70.000   49.000  0.00258 0
 -70.000   50.000 -0.00555 0
 -69.000   25.000  0.00000 0
 -69.000   26.000  0.00000 0
 -69.000   27.000  0.00000 0
 -69.000   28.000  0.00000 0
 -69.000   29.000  0.00000 0
 -69.000   30.000  0.00000 0
 -69.000   31.000  0.00000 0
 -69.000   32.000  0.00000 0
 -69.000   33.000  0.00000 0
 -69.000   34.000  0.00000 0
 -69.000   35.000  0.00000 0
 -69.000   36.000  0.00000 0
 -69.000   37.000  0.00435 0
 -69.000   38.000  0.00902 0
 -69.000   39.000  0.01378 0
 -69.000   40.000  0.03271 0
 -69.000   41.000  0.03552 3
 -69.000   42.000  0.03210 6
 -69.000   43.000  0.02734 23
 -69.000   44.000  0.02089 35
 -69.000   45.000  0.00526 55
 -69.000   46.000  0.00627 25
 -69.000   47.000  0.00038 36
 -69.000   48.000 -0.00461 15
 -69.000   49.000 -0.00365 0
 -69.000   50.000 -0.01037 0
 -68.000   25.000  0.00000 0
 -68.000   26.000  0.00000 0
 -68.000   27.000  0.00000 0
 -68.000   28.000  0.00000 0
 -68.000   29.000  0.00000 0
 -68.000   30.000  0.00000 0
 -68.000   31.000  0.00000 0
 -68.000   32.000  0.00000 0
 -68.000   33.000  0.00000 0
 -68.000   34.000  0.00000 0
 -68.000   35.000  0.00000 0
 -68.000   36.000  0.00000 0
 -68.000   37.000  0.00435 0
 -68.000   38.000  0.00636 0
 -68.000   39.000  0.01091 0
 -68.000   40.000  0.02921 0
 -68.000   41.000  0.03215 0
 -68.000   42.000  0.03068 1
 -68.000   43.000  0.03153 18
 -68.000   44.000  0.02909 29
 -68.000   45.000  0.01065 31
 -68.000   46.000  0.01228 28
 -68.000   47.000  0.00940 21
 -68.000   48.000  0.00015 10
 -68.000   49.000 -0.00246 0
 -68.000   50.000 -0.00305 15
 -67.000   25.000  0.00000 0
 -67.000   26.000  0.00000 0
 -67.000   27.000  0.00000 0
 -67.000   28.000  0.00000 0
 -67.000   29.000  0.00000 0
 -67.000   30.000  0.00000 0
 -67.000   31.000  0.00000 0
 -67.000   32.000  0.00000 0
 -67.000   33.000  0.00000 0
 -67.000   34.000  0.00000 0
 -67.000   35.000  0.00000 0
 -67.000   36.000  0.00000 0
 -67.000   37.000  0.00000 0
 -67.000   38.000  0.00000 0
 -67.000   39.000 -0.00045 0
 -67.000   40.000  0.01590 0
 -67.000   41.000  0.01818 0
 -67.000   42.000  0.01959 0
 -67.000   43.000  0.02321 17
 -67.000   44.000  0.01569 8
 -67.000   45.000 -0.00291 15
 -67.000   46.000 -0.00087 28
 -67.000   47.000 -0.00228 6
 -67.000   48.000 -0.01643 32
 -67.000   49.000 -0.01057 0
 -67.000   50.000 -0.01036 4
 -66.000   25.000  0.00000 0
 -66.000   26.000  0.00000 0
 -66.000   27.000  0.00000 0
 -66.000   28.000  0.00000 0
 -66.000   29.000  0.00000 0
 -66.000   30.000  0.00000 0
 -66.000   31.000  0.00000 0
 -66.000   32.000  0.00000 0
 -66.000   33.000  0.00000 0
 -66.000   34.000  0.00000 0
 -66.000   35.000  0.00000 0
 -66.000   36.000  0.00000 0
 -66.000   37.000  0.00000 0
 -66.000   38.000  0.00000 0
 -66.000   39.000  0.00000 0
 -66.000   40.000  0.01909 0
 -66.000   41.000  0.02044 0
 -66.000   42.000  0.02271 0
 -66.000   43.000  0.02778 0
 -66.000   44.000  0.01562 5
 -66.000   45.000 -0.00580 8
 -66.000   46.000 -0.00296 12
 -66.000   47.000 -0.00522 5
 -66.000   48.000 -0.02345 4
 -66.000   49.000 -0.01411 0
 -66.000   50.000 -0.01493 4
 -65.000   25.000  0.00000 0
 -65.000   26.000  0.00000 0
 -65.000   27.000  0.00000 0
 -65.000   28.000  0.00000 0
 -65.000   29.000  0.00000 0
 -65.000   30.000  0.00000 0
 -65.000   31.000  0.00000 0
 -65.000   32.000  0.00000 0
 -65.000   33.000  0.00000 0
 -65.000   34.000  0.00000 0
 -65.000   35.000  0.00000 0
 -65.000   36.000  0.00000 0
 -65.000   37.000  0.00000 0
 -65.000   38.000  0.00000 0
 -65.000   39.000  0.00000 0
 -65.000   40.000  0.00000 0
 -65.000   41.000  0.00103 0
 -65.000   42.000  0.00681 0
 -65.000   43.000  0.01349 0
 -65.000   44.000 -0.00219 0
 -65.000   45.000 -0.00651 1
 -65.000   46.000 -0.00652 1
 -65.000   47.000 -0.01229 0
 -65.000   48.000 -0.03137 0
 -65.000   49.000 -0.01961 0
 -65.000   50.000 -0.01894 2
