-130.000   25.000  0.00000 0
-130.000   26.000  0.00000 0
-130.000   27.000  0.00000 0
-130.000   28.000  0.00000 0
-130.000   29.000  0.00000 0
-130.000   30.000  0.00000 0
-130.000   31.000  0.00000 0
-130.000   32.000  0.00000 0
-130.000   33.000  0.00000 0
-130.000   34.000  0.00000 0
-130.000   35.000  0.00000 0
-130.000   36.000  0.00213 0
-130.000   37.000  0.00421 0
-130.000   38.000  0.00665 0
-130.000   39.000  0.01101 0
-130.000   40.000  0.01308 0
-130.000   41.000  0.01799 0
-130.000   42.000  0.01947 0
-130.000   43.000  0.02792 0
-130.000   44.000  0.02716 1
-130.000   45.000  0.01776 2
-130.000   46.000 -0.00140 1
-130.000   47.000 -0.01016 3
-130.000   48.000 -0.02710 8
-130.000   49.000 -0.03837 0
-130.000   50.000 -0.03894 0
-129.000   25.000  0.00000 0
-129.000   26.000  0.00000 0
-129.000   27.000  0.00000 0
-129.000   28.000  0.00000 0
-129.000   29.000  0.00000 0
-129.000   30.000  0.00000 0
-129.000   31.000  0.00000 0
-129.000   32.000  0.00000 0
-129.000   33.000 -0.00427 0
-129.000   34.000  0.00141 0
-129.000   35.000  0.00440 0
-129.000   36.000  0.00800 0
-129.000   37.000  0.01106 0
-129.000   38.000  0.01871 0
-129.000   39.000  0.01656 0
-129.000   40.000  0.01589 0
-129.000   41.000  0.01892 5
-129.000   42.000  0.01565 7
-129.000   43.000  0.02054 7
-129.000   44.000  0.01801 4
-129.000   45.000  0.00834 8
-129.000   46.000 -0.01023 16
-129.000   47.000 -0.01615 10
-129.000   48.000 -0.03396 17
-129.000   49.000 -0.04368 7
-129.000   50.000 -0.04601 7
-128.000   25.000  0.00000 0
-128.000   26.000  0.00000 0
-128.000   27.000  0.00000 0
-128.000   28.000  0.00000 0
-128.000   29.000  0.00000 0
-128.000   30.000  0.00000 0
-128.000   31.000  0.00000 0
-128.000   32.000  0.00055 0
-128.000   33.000 -0.00016 0
-128.000   34.000  0.00558 0
-128.000   35.000  0.01085 0
-128.000   36.000  0.01600 0
-128.000   37.000  0.01842 0
-128.000   38.000  0.02185 3
-128.000   39.000  0.02009 18
-128.000   40.000  0.01757 37
-128.000   41.000  0.01735 35
-128.000   42.000  0.01334 45
-128.000   43.000  0.01634 34
-128.000   44.000  0.01251 61
-128.000   45.000  0.00131 52
-128.000   46.000 -0.01523 54
-128.000   47.000 -0.02037 60
-128.000   48.000 -0.03602 37
-128.000   49.000 -0.04522 27
-128.000   50.000 -0.04620 15
-127.000   25.000  0.00000 0
-127.000   26.000  0.00000 0
-127.000   27.000  0.00000 0
-127.000   28.000  0.00000 0
-127.000   29.000  0.00000 0
-127.000   30.000  0.00000 0
-127.000   31.000  0.00066 0
-127.000   32.000  0.00438 0
-127.000   33.000  0.00663 0
-127.000   34.000  0.01391 0
-127.000   35.000  0.02048 6
-127.000   36.000  0.02649 5
-127.000   37.000  0.02687 20
-127.000   38.000  0.02788 34
-127.000   39.000  0.02488 35
-127.000   40.000  0.02136 53
-127.000   41.000  0.01954 61
-127.000   42.000  0.00677 59
-127.000   43.000  0.00622 32
-127.000   44.000 -0.00207 71
-127.000   45.000 -0.01344 76
-127.000   46.000 -0.03074 79
-127.000   47.000 -0.03022 44
-127.000   48.000 -0.04261 36
-127.000   49.000 -0.04824 54
-127.000   50.000 -0.05047 12
-126.000   25.000  0.00000 0
-126.000   26.000  0.00000 0
-126.000   27.000  0.00000 0
-126.000   28.000  0.00000 0
-126.000   29.000 -0.00016 0
-126.000   30.000  0.00360 0
-126.000   31.000  0.00627 0
-126.000   32.000  0.01213 0
-126.000   33.000  0.01560 0
-126.000   34.000  0.02420 3
-126.000   35.000  0.02976 14
-126.000   36.000  0.03547 16
-126.000   37.000  0.03460 24
-126.000   38.000  0.03451 38
-126.000   39.000  0.02940 55
-126.000   40.000  0.02275 60
-126.000   41.000  0.01359 31
-126.000   42.000  0.00286 49
-126.000   43.000 -0.00153 42
-126.000   44.000 -0.00800 66
-126.000   45.000 -0.01776 61
-126.000   46.000 -0.02733 74
-126.000   47.000 -0.03253 51
-126.000   48.000 -0.04190 28
-126.000   49.000 -0.04843 28
-126.000   50.000 -0.05278 17
-125.000   25.000  0.00000 0
-125.000   26.000  0.00000 0
-125.000   27.000  0.00000 0
-125.000   28.000  0.00122 0
-125.000   29.000  0.00207 0
-125.000   30.000  0.00824 0
-125.000   31.000  0.01137 0
-125.000   32.000  0.01753 0
-125.000   33.000  0.02046 3
-125.000   34.000  0.02923 21
-125.000   35.000  0.03220 23
-125.000   36.000  0.03755 19
-125.000   37.000  0.03268 44
-125.000   38.000  0.03084 64
-125.000   39.000  0.02038 48
-125.000   40.000  0.01051 37
-125.000   41.000 -0.00317 44
-125.000   42.000 -0.00946 39
-125.000   43.000 -0.01344 26
-125.000   44.000 -0.01466 28
-125.000   45.000 -0.02032 47
-125.000   46.000 -0.02314 33
-125.000   47.000 -0.02693 29
-125.000   48.000 -0.03476 18
-125.000   49.000 -0.04088 20
-125.000   50.000 -0.04386 13
-124.000   25.000  0.00000 0
-124.000   26.000  0.00000 0
-124.000   27.000  0.00000 0
-124.000   28.000  0.00122 0
-124.000   29.000  0.00273 0
-124.000   30.000  0.00861 0
-124.000   31.000  0.01177 3
-124.000   32.000  0.01760 13
-124.000   33.000  0.02441 19
-124.000   34.000  0.03053 22
-124.000   35.000  0.03256 49
-124.000   36.000  0.03676 42
-124.000   37.000  0.03011 68
-124.000   38.000  0.02105 45
-124.000   39.000  0.01117 39
-124.000   40.000 -0.00002 29
-124.000   41.000 -0.01498 21
-124.000   42.000 -0.01878 26
-124.000   43.000 -0.02178 29
-124.000   44.000 -0.01962 46
-124.000   45.000 -0.02229 38
-124.000   46.000 -0.02320 36
-124.000   47.000 -0.02795 46
-124.000   48.000 -0.03179 25
-124.000   49.000 -0.03961 7
-124.000   50.000 -0.04293 14
-123.000   25.000  0.00000 0
-123.000   26.000  0.00000 0
-123.000   27.000  0.00000 0
-123.000   28.000  0.00146 0
-123.000   29.000  0.00215 0
-123.000   30.000  0.00780 8
-123.000   31.000  0.00940 9
-123.000   32.000  0.01408 30
-123.000   33.000  0.01767 33
-123.000   34.000  0.02356 30
-123.000   35.000  0.02297 74
-123.000   36.000  0.02615 66
-123.000   37.000  0.01905 64
-123.000   38.000  0.01110 33
-123.000   39.000 -0.00091 29
-123.000   40.000 -0.01236 31
-123.000   41.000 -0.02591 34
-123.000   42.000 -0.02932 39
-123.000   43.000 -0.03286 28
-123.000   44.000 -0.02924 51
-123.000   45.000 -0.02851 39
-123.000   46.000 -0.02931 53
-123.000   47.000 -0.03355 52
-123.000   48.000 -0.03458 29
-123.000   49.000 -0.04095 18
-123.000   50.000 -0.04515 18
-122.000   25.000  0.00000 0
-122.000   26.000  0.00000 0
-122.000   27.000  0.00000 0
-122.000   28.000  0.00058 0
-122.000   29.000  0.00255 0
-122.000   30.000  0.00831 0
-122.000   31.000  0.00885 41
-122.000   32.000  0.00931 46
-122.000   33.000  0.01201 96
-122.000   34.000  0.01561 79
-122.000   35.000  0.01231 99
-122.000   36.000  0.01483 207
-122.000   37.000  0.00988 74
-122.000   38.000  0.00111 49
-122.000   39.000 -0.01145 39
-122.000   40.000 -0.02289 39
-122.000   41.000 -0.03446 41
-122.000   42.000 -0.03534 39
-122.000   43.000 -0.03885 51
-122.000   44.000 -0.03555 77
-122.000   45.000 -0.03244 54
-122.000   46.000 -0.03138 69
-122.000   47.000 -0.03536 41
-122.000   48.000 -0.03492 23
-122.000   49.000 -0.03905 17
-122.000   50.000 -0.04230 20
-121.000   25.000  0.00000 0
-121.000   26.000  0.00000 0
-121.000   27.000  0.00000 0
-121.000   28.000  0.00188 0
-121.000   29.000  0.00596 0
-121.000   30.000  0.00822 23
-121.000   31.000  0.00624 63
-121.000   32.000  0.00345 122
-121.000   33.000  0.00412 85
-121.000   34.000  0.00523 80
-121.000   35.000  0.00215 151
-121.000   36.000  0.00461 199
-121.000   37.000 -0.00006 83
-121.000   38.000 -0.01150 47
-121.000   39.000 -0.02563 53
-121.000   40.000 -0.03657 72
-121.000   41.000 -0.04421 63
-121.000   42.000 -0.04342 77
-121.000   43.000 -0.04377 64
-121.000   44.000 -0.04133 63
-121.000   45.000 -0.03982 75
-121.000   46.000 -0.04712 54
-121.000   47.000 -0.05141 41
-121.000   48.000 -0.04724 29
-121.000   49.000 -0.05091 15
-121.000   50.000 -0.05080 20
-120.000   25.000  0.00000 0
-120.000   26.000  0.00000 0
-120.000   27.000  0.00028 0
-120.000   28.000 -0.00009 0
-120.000   29.000  0.00348 0
-120.000   30.000  0.00393 53
-120.000   31.000  0.00090 120
-120.000   32.000 -0.00231 70
-120.000   33.000 -0.00024 96
-120.000   34.000 -0.00019 85
-120.000   35.000  0.00011 204
-120.000   36.000  0.00224 147
-120.000   37.000  0.00147 121
-120.000   38.000 -0.01080 160
-120.000   39.000 -0.02213 79
-120.000   40.000 -0.03296 91
-120.000   41.000 -0.03636 105
-120.000   42.000 -0.04121 126
-120.000   43.000 -0.03935 206
-120.000   44.000 -0.03968 99
-120.000   45.000 -0.03941 90
-120.000   46.000 -0.05071 46
-120.000   47.000 -0.05244 42
-120.000   48.000 -0.05037 29
-120.000   49.000 -0.05293 15
-120.000   50.000 -0.05421 16
-119.000   25.000  0.00000 0
-119.000   26.000  0.00000 0
-119.000   27.000 -0.00202 0
-119.000   28.000 -0.00241 0
-119.000   29.000  0.00218 0
-119.000   30.000  0.00219 44
-119.000   31.000 -0.00052 106
-119.000   32.000 -0.00117 67
-119.000   33.000 -0.00095 43
-119.000   34.000 -0.00559 78
-119.000   35.000 -0.00775 152
-119.000   36.000 -0.00900 107
-119.000   37.000 -0.00915 100
-119.000   38.000 -0.01812 112
-119.000   39.000 -0.02640 87
-119.000   40.000 -0.03293 95
-119.000   41.000 -0.03356 80
-119.000   42.000 -0.04128 104
-119.000   43.000 -0.03889 93
-119.000   44.000 -0.04072 114
-119.000   45.000 -0.04257 99
-119.000   46.000 -0.05318 74
-119.000   47.000 -0.05264 32
-119.000   48.000 -0.05315 24
-119.000   49.000 -0.05374 15
-119.000   50.000 -0.05413 11
-118.000   25.000  0.00000 0
-118.000   26.000  0.00000 0
-118.000   27.000 -0.00324 0
-118.000   28.000 -0.00456 0
-118.000   29.000  0.00177 21
-118.000   30.000  0.00126 50
-118.000   31.000 -0.00031 72
-118.000   32.000  0.00035 59
-118.000   33.000  0.00149 58
-118.000   34.000 -0.00547 50
-118.000   35.000 -0.00834 102
-118.000   36.000 -0.01186 94
-118.000   37.000 -0.01097 95
-118.000   38.000 -0.01983 56
-118.000   39.000 -0.02732 46
-118.000   40.000 -0.03215 50
-118.000   41.000 -0.03202 69
-118.000   42.000 -0.03753 75
-118.000   43.000 -0.03273 61
-118.000   44.000 -0.03400 99
-118.000   45.000 -0.03746 88
-118.000   46.000 -0.04554 39
-118.000   47.000 -0.04764 28
-118.000   48.000 -0.04980 22
-118.000   49.000 -0.05053 18
-118.000   50.000 -0.04792 14
-117.000   25.000  0.00000 0
-117.000   26.000  0.00000 0
-117.000   27.000 -0.00439 0
-117.000   28.000 -0.00563 0
-117.000   29.000 -0.00060 37
-117.000   30.000  0.00010 92
-117.000   31.000 -0.00127 87
-117.000   32.000  0.00145 93
-117.000   33.000  0.00007 54
-117.000   34.000 -0.00727 47
-117.000   35.000 -0.01107 76
-117.000   36.000 -0.01541 79
-117.000   37.000 -0.01500 63
-117.000   38.000 -0.01922 50
-117.000   39.000 -0.02656 25
-117.000   40.000 -0.02897 49
-117.000   41.000 -0.02910 56
-117.000   42.000 -0.03531 84
-117.000   43.000 -0.03172 62
-117.000   44.000 -0.02774 80
-117.000   45.000 -0.03243 27
-117.000   46.000 -0.04010 43
-117.000   47.000 -0.04322 35
-117.000   48.000 -0.04643 17
-117.000   49.000 -0.05095 12
-117.000   50.000 -0.05092 8
-116.000   25.000  0.00000 0
-116.000   26.000 -0.00200 0
-116.000   27.000 -0.00407 0
-116.000   28.000 -0.00600 0
-116.000   29.000 -0.00544 18
-116.000   30.000 -0.00578 93
-116.000   31.000 -0.00429 161
-116.000   32.000 -0.00217 80
-116.000   33.000 -0.00399 47
-116.000   34.000 -0.00845 94
-116.000   35.000 -0.01105 77
-116.000   36.000 -0.01633 51
-116.000   37.000 -0.01688 94
-116.000   38.000 -0.01671 62
-116.000   39.000 -0.02039 60
-116.000   40.000 -0.02180 34
-116.000   41.000 -0.02473 55
-116.000   42.000 -0.03092 60
-116.000   43.000 -0.02996 35
-116.000   44.000 -0.02533 67
-116.000   45.000 -0.02911 44
-116.000   46.000 -0.02884 51
-116.000   47.000 -0.02984 15
-116.000   48.000 -0.03320 17
-116.000   49.000 -0.03782 13
-116.000   50.000 -0.03688 12
-115.000   25.000  0.00000 0
-115.000   26.000 -0.00317 0
-115.000   27.000 -0.00202 0
-115.000   28.000 -0.00219 0
-115.000   29.000 -0.00344 54
-115.000   30.000 -0.00416 101
-115.000   31.000 -0.00217 170
-115.000   32.000 -0.00199 66
-115.000   33.000 -0.00551 70
-115.000   34.000 -0.00773 64
-115.000   35.000 -0.01101 65
-115.000   36.000 -0.01409 46
-115.000   37.000 -0.01706 91
-115.000   38.000 -0.01626 65
-115.000   39.000 -0.02141 39
-115.000   40.000 -0.01927 37
-115.000   41.000 -0.02336 88
-115.000   42.000 -0.02682 76
-115.000   43.000 -0.02591 48
-115.000   44.000 -0.01848 33
-115.000   45.000 -0.02575 65
-115.000   46.000 -0.02801 104
-115.000   47.000 -0.03086 28
-115.000   48.000 -0.03266 9
-115.000   49.000 -0.03935 12
-115.000   50.000 -0.03723 10
-114.000   25.000  0.00000 0
-114.000   26.000 -0.00590 0
-114.000   27.000 -0.00252 0
-114.000   28.000 -0.00238 1
-114.000   29.000 -0.00763 76
-114.000   30.000 -0.00877 185
-114.000   31.000 -0.00402 82
-114.000   32.000 -0.00596 67
-114.000   33.000 -0.00860 56
-114.000   34.000 -0.00637 54
-114.000   35.000 -0.00751 56
-114.000   36.000 -0.00766 57
-114.000   37.000 -0.00932 74
-114.000   38.000 -0.00946 52
-114.000   39.000 -0.01444 40
-114.000   40.000 -0.01453 17
-114.000   41.000 -0.02009 94
-114.000   42.000 -0.02150 70
-114.000   43.000 -0.01926 62
-114.000   44.000 -0.01090 30
-114.000   45.000 -0.01598 112
-114.000   46.000 -0.01804 31
-114.000   47.000 -0.02315 21
-114.000   48.000 -0.02216 11
-114.000   49.000 -0.02815 8
-114.000   50.000 -0.02513 6
-113.000   25.000  0.00000 0
-113.000   26.000 -0.00528 0
-113.000   27.000  0.00169 0
-113.000   28.000  0.00334 5
-113.000   29.000 -0.00445 69
-113.000   30.000 -0.00655 70
-113.000   31.000 -0.00054 80
-113.000   32.000 -0.00540 42
-113.000   33.000 -0.01034 34
-113.000   34.000 -0.00692 40
-113.000   35.000 -0.00649 80
-113.000   36.000 -0.00575 34
-113.000   37.000 -0.00777 296
-113.000   38.000 -0.00579 67
-113.000   39.000 -0.00852 31
-113.000   40.000 -0.00879 46
-113.000   41.000 -0.01488 73
-113.000   42.000 -0.02017 52
-113.000   43.000 -0.01739 49
-113.000   44.000 -0.00544 32
-113.000   45.000 -0.00679 47
-113.000   46.000 -0.01116 25
-113.000   47.000 -0.01350 26
-113.000   48.000 -0.01231 11
-113.000   49.000 -0.02146 8
-113.000   50.000 -0.02313 7
-112.000   25.000 -0.00407 0
-112.000   26.000 -0.00642 0
-112.000   27.000  0.00080 0
-112.000   28.000  0.00459 3
-112.000   29.000 -0.00306 47
-112.000   30.000 -0.00239 43
-112.000   31.000  0.00144 65
-112.000   32.000 -0.00357 30
-112.000   33.000 -0.01048 30
-112.000   34.000 -0.00740 41
-112.000   35.000 -0.00715 33
-112.000   36.000 -0.00507 36
-112.000   37.000 -0.00555 86
-112.000   38.000 -0.00342 40
-112.000   39.000 -0.00246 35
-112.000   40.000 -0.00357 54
-112.000   41.000 -0.01066 70
-112.000   42.000 -0.01618 60
-112.000   43.000 -0.01389 55
-112.000   44.000 -0.00452 39
-112.000   45.000 -0.00499 30
-112.000   46.000 -0.00950 35
-112.000   47.000 -0.01220 31
-112.000   48.000 -0.00942 20
-112.000   49.000 -0.01897 17
-112.000   50.000 -0.02012 8
-111.000   25.000 -0.00407 0
-111.000   26.000 -0.00219 0
-111.000   27.000  0.00379 0
-111.000   28.000  0.00640 6
-111.000   29.000 -0.00211 21
-111.000   30.000  0.00000 31
-111.000   31.000 -0.00156 32
-111.000   32.000 -0.00677 40
-111.000   33.000 -0.01094 15
-111.000   34.000 -0.00635 22
-111.000   35.000 -0.00728 52
-111.000   36.000 -0.00315 39
-111.000   37.000  0.00110 36
-111.000   38.000  0.00081 27
-111.000   39.000  0.00134 31
-111.000   40.000 -0.00017 58
-111.000   41.000 -0.00462 73
-111.000   42.000 -0.01567 55
-111.000   43.000 -0.01389 53
-111.000   44.000 -0.00574 49
-111.000   45.000 -0.00411 46
-111.000   46.000 -0.00733 42
-111.000   47.000 -0.00889 16
-111.000   48.000 -0.00531 13
-111.000   49.000 -0.01258 20
-111.000   50.000 -0.01486 12
-110.000   25.000  0.00574 0
-110.000   26.000  0.00342 0
-110.000   27.000  0.00561 1
-110.000   28.000  0.00821 24
-110.000   29.000  0.00038 4
-110.000   30.000 -0.00474 16
-110.000   31.000 -0.00345 20
-110.000   32.000 -0.00689 32
-110.000   33.000 -0.01185 27
-110.000   34.000 -0.00780 21
-110.000   35.000 -0.00680 25
-110.000   36.000 -0.00583 76
-110.000   37.000  0.00068 45
-110.000   38.000  0.00234 46
-110.000   39.000  0.00471 54
-110.000   40.000  0.00095 68
-110.000   41.000 -0.00132 32
-110.000   42.000 -0.01547 43
-110.000   43.000 -0.01681 65
-110.000   44.000 -0.01213 33
-110.000   45.000 -0.00864 30
-110.000   46.000 -0.00875 47
-110.000   47.000 -0.00919 18
-110.000   48.000 -0.00473 11
-110.000   49.000 -0.00999 10
-110.000   50.000 -0.01177 7
-109.000   25.000  0.00631 0
-109.000   26.000  0.00647 0
-109.000   27.000  0.00514 0
-109.000   28.000  0.00439 2
-109.000   29.000 -0.00099 13
-109.000   30.000 -0.00568 26
-109.000   31.000 -0.00834 50
-109.000   32.000 -0.00987 42
-109.000   33.000 -0.01226 15
-109.000   34.000 -0.00951 29
-109.000   35.000 -0.00899 33
-109.000   36.000 -0.00707 63
-109.000   37.000 -0.00019 60
-109.000   38.000  0.00209 50
-109.000   39.000  0.00413 46
-109.000   40.000  0.00033 96
-109.000   41.000 -0.00240 52
-109.000   42.000 -0.01644 56
-109.000   43.000 -0.01930 31
-109.000   44.000 -0.01865 36
-109.000   45.000 -0.01671 20
-109.000   46.000 -0.01766 22
-109.000   47.000 -0.01426 20
-109.000   48.000 -0.01083 11
-109.000   49.000 -0.01361 8
-109.000   50.000 -0.01439 14
-108.000   25.000  0.00510 0
-108.000   26.000  0.00187 0
-108.000   27.000 -0.00228 3
-108.000   28.000 -0.00430 12
-108.000   29.000 -0.00684 18
-108.000   30.000 -0.00968 28
-108.000   31.000 -0.01079 69
-108.000   32.000 -0.01140 30
-108.000   33.000 -0.01223 36
-108.000   34.000 -0.01164 56
-108.000   35.000 -0.01220 59
-108.000   36.000 -0.00811 53
-108.000   37.000  0.00259 42
-108.000   38.000  0.00420 29
-108.000   39.000  0.00594 60
-108.000   40.000  0.00216 101
-108.000   41.000 -0.00296 64
-108.000   42.000 -0.01575 29
-108.000   43.000 -0.01931 27
-108.000   44.000 -0.02284 24
-108.000   45.000 -0.02373 19
-108.000   46.000 -0.02108 27
-108.000   47.000 -0.01749 27
-108.000   48.000 -0.01497 16
-108.000   49.000 -0.01403 15
-108.000   50.000 -0.01035 25
-107.000   25.000  0.01361 0
-107.000   26.000  0.00462 0
-107.000   27.000 -0.00257 29
-107.000   28.000 -0.00251 18
-107.000   29.000 -0.00834 32
-107.000   30.000 -0.01534 23
-107.000   31.000 -0.01286 47
-107.000   32.000 -0.01213 45
-107.000   33.000 -0.01412 23
-107.000   34.000 -0.01271 45
-107.000   35.000 -0.00929 59
-107.000   36.000 -0.00523 61
-107.000   37.000  0.00602 58
-107.000   38.000  0.00523 39
-107.000   39.000  0.00438 80
-107.000   40.000 -0.00252 50
-107.000   41.000 -0.00773 54
-107.000   42.000 -0.02268 45
-107.000   43.000 -0.02242 34
-107.000   44.000 -0.02705 39
-107.000   45.000 -0.02602 32
-107.000   46.000 -0.02454 29
-107.000   47.000 -0.01527 23
-107.000   48.000 -0.01657 19
-107.000   49.000 -0.01186 19
-107.000   50.000 -0.00900 12
-106.000   25.000  0.01442 0
-106.000   26.000 -0.00019 0
-106.000   27.000 -0.01062 6
-106.000   28.000 -0.01165 18
-106.000   29.000 -0.01356 31
-106.000   30.000 -0.02187 29
-106.000   31.000 -0.01424 52
-106.000   32.000 -0.00981 56
-106.000   33.000 -0.01212 53
-106.000   34.000 -0.01606 46
-106.000   35.000 -0.01176 57
-106.000   36.000 -0.00832 87
-106.000   37.000  0.00149 52
-106.000   38.000  0.00119 27
-106.000   39.000  0.00034 30
-106.000   40.000 -0.00517 47
-106.000   41.000 -0.01182 90
-106.000   42.000 -0.02456 58
-106.000   43.000 -0.02399 34
-106.000   44.000 -0.02941 39
-106.000   45.000 -0.03036 29
-106.000   46.000 -0.03011 29
-106.000   47.000 -0.02126 24
-106.000   48.000 -0.02238 26
-106.000   49.000 -0.01728 13
-106.000   50.000 -0.01396 18
-105.000   25.000  0.00897 0
-105.000   26.000 -0.00455 16
-105.000   27.000 -0.01759 1
-105.000   28.000 -0.01764 12
-105.000   29.000 -0.02310 14
-105.000   30.000 -0.02528 52
-105.000   31.000 -0.02086 20
-105.000   32.000 -0.01357 31
-105.000   33.000 -0.01459 41
-105.000   34.000 -0.01982 53
-105.000   35.000 -0.01741 43
-105.000   36.000 -0.01160 36
-105.000   37.000 -0.00336 37
-105.000   38.000 -0.00703 33
-105.000   39.000 -0.00617 33
-105.000   40.000 -0.01034 58
-105.000   41.000 -0.01753 138
-105.000   42.000 -0.02716 50
-105.000   43.000 -0.02473 32
-105.000   44.000 -0.02965 37
-105.000   45.000 -0.03031 26
-105.000   46.000 -0.03107 32
-105.000   47.000 -0.02420 24
-105.000   48.000 -0.02589 15
-105.000   49.000 -0.02127 13
-105.000   50.000 -0.01975 18
-104.000   25.000  0.01227 5
-104.000   26.000 -0.00330 9
-104.000   27.000 -0.01713 10
-104.000   28.000 -0.01731 17
-104.000   29.000 -0.02237 30
-104.000   30.000 -0.02333 35
-104.000   31.000 -0.01786 21
-104.000   32.000 -0.00986 22
-104.000   33.000 -0.01368 23
-104.000   34.000 -0.01858 42
-104.000   35.000 -0.01882 36
-104.000   36.000 -0.01434 58
-104.000   37.000 -0.00717 51
-104.000   38.000 -0.01116 51
-104.000   39.000 -0.00994 45
-104.000   40.000 -0.01349 50
-104.000   41.000 -0.01970 62
-104.000   42.000 -0.02754 59
-104.000   43.000 -0.02555 35
-104.000   44.000 -0.03031 35
-104.000   45.000 -0.03030 31
-104.000   46.000 -0.03109 25
-104.000   47.000 -0.02918 17
-104.000   48.000 -0.03137 16
-104.000   49.000 -0.02817 15
-104.000   50.000 -0.02859 28
-103.000   25.000  0.02998 0
-103.000   26.000  0.00708 6
-103.000   27.000 -0.00929 12
-103.000   28.000 -0.01534 24
-103.000   29.000 -0.02160 55
-103.000   30.000 -0.02462 61
-103.000   31.000 -0.01669 27
-103.000   32.000 -0.00734 30
-103.000   33.000 -0.01310 35
-103.000   34.000 -0.01910 43
-103.000   35.000 -0.01963 33
-103.000   36.000 -0.01808 40
-103.000   37.000 -0.01360 41
-103.000   38.000 -0.01843 49
-103.000   39.000 -0.01760 21
-103.000   40.000 -0.01941 45
-103.000   41.000 -0.02312 66
-103.000   42.000 -0.03067 47
-103.000   43.000 -0.03052 28
-103.000   44.000 -0.03446 45
-103.000   45.000 -0.03365 24
-103.000   46.000 -0.03608 29
-103.000   47.000 -0.02822 27
-103.000   48.000 -0.03061 16
-103.000   49.000 -0.02699 6
-103.000   50.000 -0.02872 18
-102.000   25.000  0.03935 8
-102.000   26.000  0.01450 7
-102.000   27.000 -0.00063 21
-102.000   28.000 -0.01441 36
-102.000   29.000 -0.01276 40
-102.000   30.000 -0.02346 103
-102.000   31.000 -0.01861 57
-102.000   32.000 -0.01460 54
-102.000   33.000 -0.01874 80
-102.000   34.000 -0.02553 46
-102.000   35.000 -0.03016 63
-102.000   36.000 -0.02720 29
-102.000   37.000 -0.02184 64
-102.000   38.000 -0.02588 47
-102.000   39.000 -0.02484 49
-102.000   40.000 -0.02127 49
-102.000   41.000 -0.02253 52
-102.000   42.000 -0.02717 36
-102.000   43.000 -0.02932 36
-102.000   44.000 -0.02999 46
-102.000   45.000 -0.03184 32
-102.000   46.000 -0.03409 21
-102.000   47.000 -0.03255 23
-102.000   48.000 -0.03285 22
-102.000   49.000 -0.03352 13
-102.000   50.000 -0.03531 21
-101.000   25.000  0.04004 3
-101.000   26.000  0.01678 6
-101.000   27.000  0.00431 36
-101.000   28.000 -0.01062 39
-101.000   29.000 -0.01299 65
-101.000   30.000 -0.02259 60
-101.000   31.000 -0.01897 32
-101.000   32.000 -0.02010 54
-101.000   33.000 -0.02706 43
-101.000   34.000 -0.03080 60
-101.000   35.000 -0.03701 50
-101.000   36.000 -0.03364 48
-101.000   37.000 -0.02779 65
-101.000   38.000 -0.02778 39
-101.000   39.000 -0.02611 38
-101.000   40.000 -0.02134 42
-101.000   41.000 -0.02074 38
-101.000   42.000 -0.02184 57
-101.000   43.000 -0.02488 42
-101.000   44.000 -0.02354 51
-101.000   45.000 -0.02419 26
-101.000   46.000 -0.02940 32
-101.000   47.000 -0.02798 17
-101.000   48.000 -0.03074 12
-101.000   49.000 -0.03271 3
-101.000   50.000 -0.03701 21
-100.000   25.000  0.04120 6
-100.000   26.000  0.01997 4
-100.000   27.000  0.00876 4
-100.000   28.000 -0.01075 20
-100.000   29.000 -0.01206 33
-100.000   30.000 -0.02164 46
-100.000   31.000 -0.01751 46
-100.000   32.000 -0.02202 43
-100.000   33.000 -0.02879 49
-100.000   34.000 -0.03192 43
-100.000   35.000 -0.03798 50
-100.000   36.000 -0.03557 47
-100.000   37.000 -0.02699 44
-100.000   38.000 -0.02495 56
-100.000   39.000 -0.02510 57
-100.000   40.000 -0.01827 42
-100.000   41.000 -0.01673 45
-100.000   42.000 -0.01922 41
-100.000   43.000 -0.02082 36
-100.000   44.000 -0.01774 55
-100.000   45.000 -0.01904 40
-100.000   46.000 -0.02541 15
-100.000   47.000 -0.02203 15
-100.000   48.000 -0.02550 27
-100.000   49.000 -0.02745 8
-100.000   50.000 -0.03091 16
 -99.000   25.000  0.04112 7
 -99.000   26.000  0.02131 7
 -99.000   27.000  0.01081 15
 -99.000   28.000 -0.01289 23
 -99.000   29.000 -0.01359 12
 -99.000   30.000 -0.02111 31
 -99.000   31.000 -0.01926 32
 -99.000   32.000 -0.02639 54
 -99.000   33.000 -0.03231 52
 -99.000   34.000 -0.03802 56
 -99.000   35.000 -0.04181 39
 -99.000   36.000 -0.03890 35
 -99.000   37.000 -0.02773 44
 -99.000   38.000 -0.02563 64
 -99.000   39.000 -0.02549 63
 -99.000   40.000 -0.01830 59
 -99.000   41.000 -0.01395 44
 -99.000   42.000 -0.01658 24
 -99.000   43.000 -0.01771 38
 -99.000   44.000 -0.01288 44
 -99.000   45.000 -0.01447 57
 -99.000   46.000 -0.02146 24
 -99.000   47.000 -0.01860 16
 -99.000   48.000 -0.02229 20
 -99.000   49.000 -0.02473 12
 -99.000   50.000 -0.02744 12
 -98.000   25.000  0.02144 2
 -98.000   26.000  0.01299 11
 -98.000   27.000  0.00605 11
 -98.000   28.000 -0.01131 17
 -98.000   29.000 -0.00830 14
 -98.000   30.000 -0.01830 31
 -98.000   31.000 -0.02317 18
 -98.000   32.000 -0.02954 46
 -98.000   33.000 -0.03350 52
 -98.000   34.000 -0.03781 58
 -98.000   35.000 -0.03927 62
 -98.000   36.000 -0.03680 45
 -98.000   37.000 -0.02990 48
 -98.000   38.000 -0.02581 44
 -98.000   39.000 -0.02597 47
 -98.000   40.000 -0.01849 47
 -98.000   41.000 -0.01105 49
 -98.000   42.000 -0.01193 33
 -98.000   43.000 -0.01204 44
 -98.000   44.000 -0.00827 43
 -98.000   45.000 -0.01114 38
 -98.000   46.000 -0.02027 19
 -98.000   47.000 -0.02334 17
 -98.000   48.000 -0.02671 24
 -98.000   49.000 -0.03023 12
 -98.000   50.000 -0.03440 13
 -97.000   25.000  0.00308 2
 -97.000   26.000 -0.00215 8
 -97.000   27.000 -0.00553 9
 -97.000   28.000 -0.02107 11
 -97.000   29.000 -0.02042 15
 -97.000   30.000 -0.02224 36
 -97.000   31.000 -0.02556 28
 -97.000   32.000 -0.02923 33
 -97.000   33.000 -0.02901 61
 -97.000   34.000 -0.03241 56
 -97.000   35.000 -0.03257 36
 -97.000   36.000 -0.03011 39
 -97.000   37.000 -0.02608 64
 -97.000   38.000 -0.02140 39
 -97.000   39.000 -0.02043 48
 -97.000   40.000 -0.01466 30
 -97.000   41.000 -0.00775 64
 -97.000   42.000 -0.00808 41
 -97.000   43.000 -0.00891 53
 -97.000   44.000 -0.01296 46
 -97.000   45.000 -0.01863 51
 -97.000   46.000 -0.02857 26
 -97.000   47.000 -0.02953 21
 -97.000   48.000 -0.03475 22
 -97.000   49.000 -0.03324 17
 -97.000   50.000 -0.03402 17
 -96.000   25.000  0.00157 1
 -96.000   26.000 -0.00357 3
 -96.000   27.000 -0.00791 16
 -96.000   28.000 -0.01833 26
 -96.000   29.000 -0.01677 15
 -96.000   30.000 -0.01745 25
 -96.000   31.000 -0.02382 18
 -96.000   32.000 -0.02245 29
 -96.000   33.000 -0.02445 38
 -96.000   34.000 -0.02889 33
 -96.000   35.000 -0.03099 43
 -96.000   36.000 -0.02848 23
 -96.000   37.000 -0.02769 74
 -96.000   38.000 -0.02395 40
 -96.000   39.000 -0.02169 48
 -96.000   40.000 -0.01903 31
 -96.000   41.000 -0.01049 43
 -96.000   42.000 -0.01161 42
 -96.000   43.000 -0.01257 43
 -96.000   44.000 -0.01789 30
 -96.000   45.000 -0.02369 32
 -96.000   46.000 -0.03564 31
 -96.000   47.000 -0.04023 26
 -96.000   48.000 -0.04553 28
 -96.000   49.000 -0.04617 28
 -96.000   50.000 -0.04512 20
 -95.000   25.000 -0.02218 1
 -95.000   26.000 -0.01734 2
 -95.000   27.000 -0.01973 6
 -95.000   28.000 -0.01479 4
 -95.000   29.000 -0.01257 9
 -95.000   30.000 -0.01497 17
 -95.000   31.000 -0.02598 31
 -95.000   32.000 -0.02230 16
 -95.000   33.000 -0.02516 35
 -95.000   34.000 -0.03063 19
 -95.000   35.000 -0.03189 39
 -95.000   36.000 -0.02907 16
 -95.000   37.000 -0.03063 54
 -95.000   38.000 -0.02645 33
 -95.000   39.000 -0.02096 38
 -95.000   40.000 -0.02167 33
 -95.000   41.000 -0.01346 42
 -95.000   42.000 -0.01437 46
 -95.000   43.000 -0.01758 38
 -95.000   44.000 -0.02686 16
 -95.000   45.000 -0.03549 17
 -95.000   46.000 -0.04441 11
 -95.000   47.000 -0.04955 22
 -95.000   48.000 -0.05816 13
 -95.000   49.000 -0.05800 25
 -95.000   50.000 -0.05231 23
 -94.000   25.000 -0.02929 0
 -94.000   26.000 -0.02440 4
 -94.000   27.000 -0.02177 14
 -94.000   28.000 -0.01424 11
 -94.000   29.000 -0.01432 8
 -94.000   30.000 -0.01756 21
 -94.000   31.000 -0.02579 26
 -94.000   32.000 -0.02395 35
 -94.000   33.000 -0.02245 22
 -94.000   34.000 -0.02567 21
 -94.000   35.000 -0.02724 47
 -94.000   36.000 -0.02477 20
 -94.000   37.000 -0.02945 30
 -94.000   38.000 -0.02567 17
 -94.000   39.000 -0.02019 38
 -94.000   40.000 -0.01976 37
 -94.000   41.000 -0.01500 35
 -94.000   42.000 -0.01594 28
 -94.000   43.000 -0.01939 39
 -94.000   44.000 -0.02821 25
 -94.000   45.000 -0.03858 27
 -94.000   46.000 -0.04627 19
 -94.000   47.000 -0.05138 13
 -94.000   48.000 -0.06115 10
 -94.000   49.000 -0.06325 8
 -94.000   50.000 -0.05883 15
 -93.000   25.000 -0.02656 1
 -93.000   26.000 -0.02773 1
 -93.000   27.000 -0.02503 7
 -93.000   28.000 -0.01935 10
 -93.000   29.000 -0.02138 18
 -93.000   30.000 -0.01817 17
 -93.000   31.000 -0.02330 17
 -93.000   32.000 -0.02382 17
 -93.000   33.000 -0.02153 33
 -93.000   34.000 -0.02614 45
 -93.000   35.000 -0.03406 29
 -93.000   36.000 -0.02795 21
 -93.000   37.000 -0.02922 33
 -93.000   38.000 -0.02601 21
 -93.000   39.000 -0.01920 26
 -93.000   40.000 -0.01752 33
 -93.000   41.000 -0.01414 31
 -93.000   42.000 -0.01500 14
 -93.000   43.000 -0.01856 25
 -93.000   44.000 -0.02991 24
 -93.000   45.000 -0.03928 33
 -93.000   46.000 -0.04911 13
 -93.000   47.000 -0.05555 9
 -93.000   48.000 -0.06412 13
 -93.000   49.000 -0.06391 15
 -93.000   50.000 -0.06151 6
 -92.000   25.000 -0.03850 0
 -92.000   26.000 -0.03994 4
 -92.000   27.000 -0.03592 6
 -92.000   28.000 -0.03069 7
 -92.000   29.000 -0.02824 10
 -92.000   30.000 -0.01897 8
 -92.000   31.000 -0.01989 19
 -92.000   32.000 -0.02125 10
 -92.000   33.000 -0.02056 35
 -92.000   34.000 -0.03031 26
 -92.000   35.000 -0.03864 39
 -92.000   36.000 -0.03506 33
 -92.000   37.000 -0.03368 47
 -92.000   38.000 -0.02958 24
 -92.000   39.000 -0.02214 25
 -92.000   40.000 -0.02007 54
 -92.000   41.000 -0.01667 53
 -92.000   42.000 -0.01824 42
 -92.000   43.000 -0.02246 26
 -92.000   44.000 -0.02476 15
 -92.000   45.000 -0.03213 20
 -92.000   46.000 -0.04108 22
 -92.000   47.000 -0.04887 9
 -92.000   48.000 -0.05430 8
 -92.000   49.000 -0.06171 14
 -92.000   50.000 -0.06083 14
 -91.000   25.000 -0.03853 0
 -91.000   26.000 -0.04514 0
 -91.000   27.000 -0.03636 3
 -91.000   28.000 -0.03362 7
 -91.000   29.000 -0.02761 7
 -91.000   30.000 -0.02315 8
 -91.000   31.000 -0.01878 12
 -91.000   32.000 -0.02511 20
 -91.000   33.000 -0.02137 16
 -91.000   34.000 -0.03151 33
 -91.000   35.000 -0.03444 47
 -91.000   36.000 -0.03021 45
 -91.000   37.000 -0.02687 36
 -91.000   38.000 -0.02479 36
 -91.000   39.000 -0.01854 41
 -91.000   40.000 -0.01504 44
 -91.000   41.000 -0.01285 70
 -91.000   42.000 -0.01628 27
 -91.000   43.000 -0.01927 35
 -91.000   44.000 -0.02170 22
 -91.000   45.000 -0.03041 25
 -91.000   46.000 -0.03584 10
 -91.000   47.000 -0.04107 17
 -91.000   48.000 -0.04663 15
 -91.000   49.000 -0.05279 6
 -91.000   50.000 -0.05222 1
 -90.000   25.000 -0.01114 0
 -90.000   26.000 -0.02896 1
 -90.000   27.000 -0.02388 2
 -90.000   28.000 -0.03581 4
 -90.000   29.000 -0.03326 4
 -90.000   30.000 -0.02892 7
 -90.000   31.000 -0.01990 4
 -90.000   32.000 -0.02683 13
 -90.000   33.000 -0.01969 18
 -90.000   34.000 -0.02641 27
 -90.000   35.000 -0.02929 39
 -90.000   36.000 -0.02569 45
 -90.000   37.000 -0.02127 41
 -90.000   38.000 -0.02070 36
 -90.000   39.000 -0.01938 38
 -90.000   40.000 -0.01581 97
 -90.000   41.000 -0.01555 43
 -90.000   42.000 -0.01702 33
 -90.000   43.000 -0.01967 44
 -90.000   44.000 -0.02175 32
 -90.000   45.000 -0.02691 9
 -90.000   46.000 -0.03016 4
 -90.000   47.000 -0.03380 10
 -90.000   48.000 -0.03494 6
 -90.000   49.000 -0.03674 15
 -90.000   50.000 -0.03864 1
 -89.000   25.000 -0.00514 0
 -89.000   26.000 -0.02515 2
 -89.000   27.000 -0.02291 2
 -89.000   28.000 -0.03283 5
 -89.000   29.000 -0.03313 5
 -89.000   30.000 -0.02852 6
 -89.000   31.000 -0.01945 13
 -89.000   32.000 -0.02432 8
 -89.000   33.000 -0.01908 21
 -89.000   34.000 -0.02764 45
 -89.000   35.000 -0.03233 46
 -89.000   36.000 -0.02803 36
 -89.000   37.000 -0.02335 55
 -89.000   38.000 -0.02313 44
 -89.000   39.000 -0.02129 64
 -89.000   40.000 -0.01671 69
 -89.000   41.000 -0.01575 40
 -89.000   42.000 -0.01664 19
 -89.000   43.000 -0.01821 13
 -89.000   44.000 -0.01785 22
 -89.000   45.000 -0.02377 7
 -89.000   46.000 -0.02498 20
 -89.000   47.000 -0.02712 15
 -89.000   48.000 -0.02968 14
 -89.000   49.000 -0.03239 8
 -89.000   50.000 -0.03086 2
 -88.000   25.000 -0.01801 0
 -88.000   26.000 -0.03060 1
 -88.000   27.000 -0.03021 1
 -88.000   28.000 -0.03960 6
 -88.000   29.000 -0.04125 8
 -88.000   30.000 -0.03244 14
 -88.000   31.000 -0.02539 14
 -88.000   32.000 -0.02819 18
 -88.000   33.000 -0.02375 27
 -88.000   34.000 -0.02964 46
 -88.000   35.000 -0.03109 43
 -88.000   36.000 -0.02885 20
 -88.000   37.000 -0.02353 31
 -88.000   38.000 -0.02274 30
 -88.000   39.000 -0.02219 53
 -88.000   40.000 -0.01907 60
 -88.000   41.000 -0.01919 33
 -88.000   42.000 -0.02132 40
 -88.000   43.000 -0.02467 32
 -88.000   44.000 -0.02366 16
 -88.000   45.000 -0.03093 10
 -88.000   46.000 -0.02739 13
 -88.000   47.000 -0.02804 9
 -88.000   48.000 -0.02826 15
 -88.000   49.000 -0.03006 4
 -88.000   50.000 -0.02446 9
 -87.000   25.000 -0.02766 0
 -87.000   26.000 -0.03358 3
 -87.000   27.000 -0.03793 6
 -87.000   28.000 -0.04755 6
 -87.000   29.000 -0.04817 6
 -87.000   30.000 -0.03744 19
 -87.000   31.000 -0.03512 15
 -87.000   32.000 -0.03209 18
 -87.000   33.000 -0.02556 34
 -87.000   34.000 -0.02794 53
 -87.000   35.000 -0.02763 24
 -87.000   36.000 -0.02190 34
 -87.000   37.000 -0.01782 38
 -87.000   38.000 -0.02132 49
 -87.000   39.000 -0.02104 62
 -87.000   40.000 -0.01936 46
 -87.000   41.000 -0.02148 43
 -87.000   42.000 -0.02258 38
 -87.000   43.000 -0.02247 36
 -87.000   44.000 -0.02718 23
 -87.000   45.000 -0.03270 12
 -87.000   46.000 -0.02815 10
 -87.000   47.000 -0.02925 16
 -87.000   48.000 -0.03226 6
 -87.000   49.000 -0.02898 20
 -87.000   50.000 -0.02574 4
 -86.000   25.000 -0.04927 0
 -86.000   26.000 -0.04486 3
 -86.000   27.000 -0.04978 5
 -86.000   28.000 -0.05483 12
 -86.000   29.000 -0.05576 7
 -86.000   30.000 -0.03642 11
 -86.000   31.000 -0.03673 10
 -86.000   32.000 -0.03045 32
 -86.000   33.000 -0.02325 42
 -86.000   34.000 -0.02425 103
 -86.000   35.000 -0.02722 59
 -86.000   36.000 -0.02338 54
 -86.000   37.000 -0.02142 36
 -86.000   38.000 -0.02671 56
 -86.000   39.000 -0.02614 48
 -86.000   40.000 -0.02384 47
 -86.000   41.000 -0.02583 22
 -86.000   42.000 -0.02370 35
 -86.000   43.000 -0.02178 28
 -86.000   44.000 -0.03114 22
 -86.000   45.000 -0.03145 15
 -86.000   46.000 -0.02824 12
 -86.000   47.000 -0.03099 9
 -86.000   48.000 -0.03355 4
 -86.000   49.000 -0.02385 5
 -86.000   50.000 -0.02711 2
 -85.000   25.000 -0.06169 0
 -85.000   26.000 -0.05625 6
 -85.000   27.000 -0.05664 4
 -85.000   28.000 -0.05990 17
 -85.000   29.000 -0.05968 11
 -85.000   30.000 -0.03212 12
 -85.000   31.000 -0.03345 19
 -85.000   32.000 -0.02944 28
 -85.000   33.000 -0.02521 44
 -85.000   34.000 -0.03152 61
 -85.000   35.000 -0.03737 64
 -85.000   36.000 -0.03143 50
 -85.000   37.000 -0.02958 49
 -85.000   38.000 -0.03313 34
 -85.000   39.000 -0.03101 35
 -85.000   40.000 -0.02523 34
 -85.000   41.000 -0.02536 24
 -85.000   42.000 -0.02418 48
 -85.000   43.000 -0.02161 30
 -85.000   44.000 -0.02641 16
 -85.000   45.000 -0.02744 13
 -85.000   46.000 -0.03030 10
 -85.000   47.000 -0.03461 2
 -85.000   48.000 -0.04016 2
 -85.000   49.000 -0.03698 3
 -85.000   50.000 -0.04470 6
 -84.000   25.000 -0.03073 2
 -84.000   26.000 -0.04217 12
 -84.000   27.000 -0.04081 8
 -84.000   28.000 -0.04686 18
 -84.000   29.000 -0.06138 20
 -84.000   30.000 -0.03701 24
 -84.000   31.000 -0.02945 33
 -84.000   32.000 -0.02970 34
 -84.000   33.000 -0.02493 43
 -84.000   34.000 -0.02964 50
 -84.000   35.000 -0.03820 37
 -84.000   36.000 -0.03629 38
 -84.000   37.000 -0.03708 43
 -84.000   38.000 -0.03927 43
 -84.000   39.000 -0.03598 32
 -84.000   40.000 -0.03165 37
 -84.000   41.000 -0.02805 43
 -84.000   42.000 -0.02430 47
 -84.000   43.000 -0.02274 21
 -84.000   44.000 -0.02933 26
 -84.000   45.000 -0.02688 9
 -84.000   46.000 -0.03295 6
 -84.000   47.000 -0.04153 3
 -84.000   48.000 -0.04657 1
 -84.000   49.000 -0.04301 4
 -84.000   50.000 -0.05582 1
 -83.000   25.000  0.00116 2
 -83.000   26.000 -0.02457 6
 -83.000   27.000 -0.01405 7
 -83.000   28.000 -0.02127 16
 -83.000   29.000 -0.04881 17
 -83.000   30.000 -0.02559 36
 -83.000   31.000 -0.01197 23
 -83.000   32.000 -0.02140 25
 -83.000   33.000 -0.01628 25
 -83.000   34.000 -0.02337 36
 -83.000   35.000 -0.03554 38
 -83.000   36.000 -0.03602 49
 -83.000   37.000 -0.03820 45
 -83.000   38.000 -0.04137 45
 -83.000   39.000 -0.03831 30
 -83.000   40.000 -0.03467 33
 -83.000   41.000 -0.02911 31
 -83.000   42.000 -0.02448 38
 -83.000   43.000 -0.02097 35
 -83.000   44.000 -0.02285 23
 -83.000   45.000 -0.01748 6
 -83.000   46.000 -0.02566 5
 -83.000   47.000 -0.03639 2
 -83.000   48.000 -0.03834 6
 -83.000   49.000 -0.03679 4
 -83.000   50.000 -0.05158 3
 -82.000   25.000  0.02731 4
 -82.000   26.000  0.00255 6
 -82.000   27.000  0.01877 9
 -82.000   28.000  0.01225 10
 -82.000   29.000 -0.02358 18
 -82.000   30.000 -0.00794 16
 -82.000   31.000  0.00250 9
 -82.000   32.000 -0.01581 8
 -82.000   33.000 -0.01228 12
 -82.000   34.000 -0.01690 6
 -82.000   35.000 -0.03137 38
 -82.000   36.000 -0.03746 43
 -82.000   37.000 -0.04177 36
 -82.000   38.000 -0.04339 46
 -82.000   39.000 -0.04359 57
 -82.000   40.000 -0.04153 32
 -82.000   41.000 -0.03451 35
 -82.000   42.000 -0.03104 26
 -82.000   43.000 -0.02769 29
 -82.000   44.000 -0.02512 47
 -82.000   45.000 -0.02112 16
 -82.000   46.000 -0.02598 22
 -82.000   47.000 -0.03227 21
 -82.000   48.000 -0.03548 8
 -82.000   49.000 -0.03571 4
 -82.000   50.000 -0.04385 1
 -81.000   25.000  0.03875 0
 -81.000   26.000  0.02158 3
 -81.000   27.000  0.03597 2
 -81.000   28.000  0.02381 5
 -81.000   29.000 -0.01516 5
 -81.000   30.000 -0.00079 14
 -81.000   31.000  0.00322 12
 -81.000   32.000 -0.01843 22
 -81.000   33.000 -0.01365 14
 -81.000   34.000 -0.01741 16
 -81.000   35.000 -0.03097 28
 -81.000   36.000 -0.03710 30
 -81.000   37.000 -0.04008 41
 -81.000   38.000 -0.04174 44
 -81.000   39.000 -0.04372 36
 -81.000   40.000 -0.04273 33
 -81.000   41.000 -0.03751 52
 -81.000   42.000 -0.03621 34
 -81.000   43.000 -0.03481 32
 -81.000   44.000 -0.02668 20
 -81.000   45.000 -0.02416 28
 -81.000   46.000 -0.02664 14
 -81.000   47.000 -0.02903 17
 -81.000   48.000 -0.03183 9
 -81.000   49.000 -0.03705 7
 -81.000   50.000 -0.03913 3
 -80.000   25.000  0.04200 0
 -80.000   26.000  0.02804 0
 -80.000   27.000  0.04193 0
 -80.000   28.000  0.03076 4
 -80.000   29.000 -0.00529 2
 -80.000   30.000  0.00006 4
 -80.000   31.000  0.00591 6
 -80.000   32.000 -0.01564 14
 -80.000   33.000 -0.01499 9
 -80.000   34.000 -0.01446 26
 -80.000   35.000 -0.02330 23
 -80.000   36.000 -0.03593 32
 -80.000   37.000 -0.03956 37
 -80.000   38.000 -0.04086 43
 -80.000   39.000 -0.04372 29
 -80.000   40.000 -0.04505 52
 -80.000   41.000 -0.03962 41
 -80.000   42.000 -0.03874 28
 -80.000   43.000 -0.03606 33
 -80.000   44.000 -0.02969 27
 -80.000   45.000 -0.02764 17
 -80.000   46.000 -0.02825 14
 -80.000   47.000 -0.02921 9
 -80.000   48.000 -0.02832 6
 -80.000   49.000 -0.03199 11
 -80.000   50.000 -0.03008 5
 -79.000   25.000  0.00836 0
 -79.000   26.000  0.01430 0
 -79.000   27.000  0.02746 1
 -79.000   28.000  0.02183 1
 -79.000   29.000  0.00005 4
 -79.000   30.000  0.00265 5
 -79.000   31.000 -0.00091 14
 -79.000   32.000 -0.01723 16
 -79.000   33.000 -0.02049 16
 -79.000   34.000 -0.01554 27
 -79.000   35.000 -0.01613 20
 -79.000   36.000 -0.02681 29
 -79.000   37.000 -0.02925 26
 -79.000   38.000 -0.03199 28
 -79.000   39.000 -0.03809 39
 -79.000   40.000 -0.03934 36
 -79.000   41.000 -0.03718 37
 -79.000   42.000 -0.03972 30
 -79.000   43.000 -0.03783 35
 -79.000   44.000 -0.03180 35
 -79.000   45.000 -0.03376 32
 -79.000   46.000 -0.03271 15
 -79.000   47.000 -0.03024 17
 -79.000   48.000 -0.02409 5
 -79.000   49.000 -0.02531 8
 -79.000   50.000 -0.01834 4
 -78.000   25.000 -0.01020 0
 -78.000   26.000  0.00741 0
 -78.000   27.000  0.01261 0
 -78.000   28.000  0.00946 3
 -78.000   29.000 -0.00082 3
 -78.000   30.000 -0.00639 5
 -78.000   31.000 -0.01844 6
 -78.000   32.000 -0.02866 10
 -78.000   33.000 -0.03447 16
 -78.000   34.000 -0.02585 21
 -78.000   35.000 -0.01861 13
 -78.000   36.000 -0.02359 38
 -78.000   37.000 -0.02294 21
 -78.000   38.000 -0.02288 39
 -78.000   39.000 -0.02990 31
 -78.000   40.000 -0.02804 25
 -78.000   41.000 -0.03074 33
 -78.000   42.000 -0.03604 26
 -78.000   43.000 -0.03618 41
 -78.000   44.000 -0.03261 33
 -78.000   45.000 -0.04065 27
 -78.000   46.000 -0.03601 24
 -78.000   47.000 -0.02941 19
 -78.000   48.000 -0.02809 24
 -78.000   49.000 -0.02873 11
 -78.000   50.000 -0.02057 9
 -77.000   25.000 -0.01020 0
 -77.000   26.000  0.00159 0
 -77.000   27.000  0.00365 0
 -77.000   28.000  0.00296 0
 -77.000   29.000 -0.00550 3
 -77.000   30.000 -0.01273 0
 -77.000   31.000 -0.02256 6
 -77.000   32.000 -0.03141 5
 -77.000   33.000 -0.03842 8
 -77.000   34.000 -0.03055 20
 -77.000   35.000 -0.02000 15
 -77.000   36.000 -0.01978 31
 -77.000   37.000 -0.01635 28
 -77.000   38.000 -0.01708 32
 -77.000   39.000 -0.02260 22
 -77.000   40.000 -0.02003 38
 -77.000   41.000 -0.02643 40
 -77.000   42.000 -0.03159 27
 -77.000   43.000 -0.03225 50
 -77.000   44.000 -0.03276 70
 -77.000   45.000 -0.04129 25
 -77.000   46.000 -0.03663 31
 -77.000   47.000 -0.03323 36
 -77.000   48.000 -0.02963 22
 -77.000   49.000 -0.02875 9
 -77.000   50.000 -0.02373 7
 -76.000   25.000  0.00000 0
 -76.000   26.000  0.00076 0
 -76.000   27.000  0.00094 0
 -76.000   28.000  0.00148 0
 -76.000   29.000 -0.00453 0
 -76.000   30.000 -0.01172 0
 -76.000   31.000 -0.01815 2
 -76.000   32.000 -0.02942 5
 -76.000   33.000 -0.04032 4
 -76.000   34.000 -0.03372 10
 -76.000   35.000 -0.02772 18
 -76.000   36.000 -0.02595 30
 -76.000   37.000 -0.01782 26
 -76.000   38.000 -0.01409 43
 -76.000   39.000 -0.02016 29
 -76.000   40.000 -0.01696 42
 -76.000   41.000 -0.02115 15
 -76.000   42.000 -0.02627 20
 -76.000   43.000 -0.02897 98
 -76.000   44.000 -0.02948 64
 -76.000   45.000 -0.04043 35
 -76.000   46.000 -0.03850 39
 -76.000   47.000 -0.03472 48
 -76.000   48.000 -0.02844 21
 -76.000   49.000 -0.02805 18
 -76.000   50.000 -0.02251 3
 -75.000   25.000  0.00000 0
 -75.000   26.000  0.00000 0
 -75.000   27.000 -0.00049 0
 -75.000   28.000 -0.00049 0
 -75.000   29.000 -0.00466 0
 -75.000   30.000 -0.00834 0
 -75.000   31.000 -0.01566 1
 -75.000   32.000 -0.02567 5
 -75.000   33.000 -0.03760 6
 -75.000   34.000 -0.03549 10
 -75.000   35.000 -0.03307 9
 -75.000   36.000 -0.02758 17
 -75.000   37.000 -0.01907 34
 -75.000   38.000 -0.01197 29
 -75.000   39.000 -0.01651 35
 -75.000   40.000 -0.01312 33
 -75.000   41.000 -0.01828 21
 -75.000   42.000 -0.02308 19
 -75.000   43.000 -0.02608 26
 -75.000   44.000 -0.02621 33
 -75.000   45.000 -0.03483 20
 -75.000   46.000 -0.03140 37
 -75.000   47.000 -0.02925 22
 -75.000   48.000 -0.02506 10
 -75.000   49.000 -0.02291 14
 -75.000   50.000 -0.01971 5
 -74.000   25.000  0.00000 0
 -74.000   26.000  0.00000 0
 -74.000   27.000  0.00000 0
 -74.000   28.000  0.00000 0
 -74.000   29.000  0.00031 0
 -74.000   30.000  0.00058 0
 -74.000   31.000 -0.00697 0
 -74.000   32.000 -0.01979 3
 -74.000   33.000 -0.03093 3
 -74.000   34.000 -0.03902 2
 -74.000   35.000 -0.04008 6
 -74.000   36.000 -0.03288 86
 -74.000   37.000 -0.02291 72
 -74.000   38.000 -0.01579 29
 -74.000   39.000 -0.01325 46
 -74.000   40.000 -0.01238 47
 -74.000   41.000 -0.01784 40
 -74.000   42.000 -0.02271 18
 -74.000   43.000 -0.02403 23
 -74.000   44.000 -0.02077 27
 -74.000   45.000 -0.02367 26
 -74.000   46.000 -0.02192 29
 -74.000   47.000 -0.01734 32
 -74.000   48.000 -0.01451 17
 -74.000   49.000 -0.01567 13
 -74.000   50.000 -0.01618 7
 -73.000   25.000  0.00000 0
 -73.000   26.000  0.00000 0
 -73.000   27.000  0.00000 0
 -73.000   28.000  0.00000 0
 -73.000   29.000  0.00139 0
 -73.000   30.000  0.00474 0
 -73.000   31.000  0.00041 0
 -73.000   32.000 -0.00990 0
 -73.000   33.000 -0.02735 0
 -73.000   34.000 -0.03599 0
 -73.000   35.000 -0.04183 2
 -73.000   36.000 -0.04035 12
 -73.000   37.000 -0.03535 19
 -73.000   38.000 -0.02233 25
 -73.000   39.000 -0.01973 23
 -73.000   40.000 -0.02194 36
 -73.000   41.000 -0.02277 19
 -73.000   42.000 -0.02380 28
 -73.000   43.000 -0.01923 16
 -73.000   44.000 -0.01285 32
 -73.000   45.000 -0.01159 35
 -73.000   46.000 -0.01352 30
 -73.000   47.000 -0.01240 24
 -73.000   48.000 -0.01514 19
 -73.000   49.000 -0.02110 15
 -73.000   50.000 -0.02241 6
 -72.000   25.000  0.00000 0
 -72.000   26.000  0.00000 0
 -72.000   27.000  0.00000 0
 -72.000   28.000  0.00000 0
 -72.000   29.000  0.00000 0
 -72.000   30.000  0.00413 0
 -72.000   31.000  0.00162 0
 -72.000   32.000 -0.00571 0
 -72.000   33.000 -0.02310 0
 -72.000   34.000 -0.03129 1
 -72.000   35.000 -0.03759 0
 -72.000   36.000 -0.03799 3
 -72.000   37.000 -0.03508 15
 -72.000   38.000 -0.01925 50
 -72.000   39.000 -0.01551 29
 -72.000   40.000 -0.01989 27
 -72.000   41.000 -0.02110 18
 -72.000   42.000 -0.02161 19
 -72.000   43.000 -0.01625 14
 -72.000   44.000 -0.00603 23
 -72.000   45.000 -0.00063 12
 -72.000   46.000 -0.00277 12
 -72.000   47.000 -0.00151 19
 -72.000   48.000 -0.00829 19
 -72.000   49.000 -0.01758 15
 -72.000   50.000 -0.02150 15
 -71.000   25.000  0.00000 0
 -71.000   26.000  0.00000 0
 -71.000   27.000  0.00000 0
 -71.000   28.000  0.00000 0
 -71.000   29.000  0.00000 0
 -71.000   30.000  0.00000 0
 -71.000   31.000  0.00000 0
 -71.000   32.000 -0.00153 0
 -71.000   33.000 -0.01614 0
 -71.000   34.000 -0.02477 0
 -71.000   35.000 -0.02617 1
 -71.000   36.000 -0.03347 0
 -71.000   37.000 -0.03571 12
 -71.000   38.000 -0.02551 7
 -71.000   39.000 -0.02034 21
 -71.000   40.000 -0.02643 23
 -71.000   41.000 -0.02558 19
 -71.000   42.000 -0.02696 16
 -71.000   43.000 -0.01179 22
 -71.000   44.000 -0.00227 21
 -71.000   45.000  0.00537 5
 -71.000   46.000  0.00514 16
 -71.000   47.000  0.00553 17
 -71.000   48.000 -0.00947 22
 -71.000   49.000 -0.01942 16
 -71.000   50.000 -0.02616 10
 -70.000   25.000  0.00000 0
 -70.000   26.000  0.00000 0
 -70.000   27.000  0.00000 0
 -70.000   28.000  0.00000 0
 -70.000   29.000  0.00000 0
 -70.000   30.000  0.00000 0
 -70.000   31.000  0.00000 0
 -70.000   32.000 -0.00153 0
 -70.000   33.000 -0.01040 0
 -70.000   34.000 -0.01605 0
 -70.000   35.000 -0.01687 0
 -70.000   36.000 -0.02424 0
 -70.000   37.000 -0.02426 4
 -70.000   38.000 -0.02711 5
 -70.000   39.000 -0.02253 4
 -70.000   40.000 -0.03255 13
 -70.000   41.000 -0.03569 23
 -70.000   42.000 -0.03802 24
 -70.000   43.000 -0.01488 20
 -70.000   44.000 -0.00493 11
 -70.000   45.000  0.00697 5
 -70.000   46.000  0.00991 4
 -70.000   47.000  0.01090 9
 -70.000   48.000 -0.00560 17
 -70.000   49.000 -0.01811 28
 -70.000   50.000 -0.02590 7
 -69.000   25.000  0.00000 0
 -69.000   26.000  0.00000 0
 -69.000   27.000  0.00000 0
 -69.000   28.000  0.00000 0
 -69.000   29.000  0.00000 0
 -69.000   30.000  0.00000 0
 -69.000   31.000  0.00000 0
 -69.000   32.000  0.00000 0
 -69.000   33.000 -0.00887 0
 -69.000   34.000 -0.00887 0
 -69.000   35.000 -0.00990 0
 -69.000   36.000 -0.01735 0
 -69.000   37.000 -0.01776 0
 -69.000   38.000 -0.02459 1
 -69.000   39.000 -0.02658 9
 -69.000   40.000 -0.03726 5
 -69.000   41.000 -0.04621 18
 -69.000   42.000 -0.04971 17
 -69.000   43.000 -0.02253 26
 -69.000   44.000 -0.01330 9
 -69.000   45.000  0.00419 8
 -69.000   46.000  0.01453 7
 -69.000   47.000  0.01729 15
 -69.000   48.000 -0.00051 17
 -69.000   49.000 -0.00967 10
 -69.000   50.000 -0.02252 1
 -68.000   25.000  0.00000 0
 -68.000   26.000  0.00000 0
 -68.000   27.000  0.00000 0
 -68.000   28.000  0.00000 0
 -68.000   29.000  0.00000 0
 -68.000   30.000  0.00000 0
 -68.000   31.000  0.00000 0
 -68.000   32.000  0.00000 0
 -68.000   33.000  0.00000 0
 -68.000   34.000  0.00000 0
 -68.000   35.000  0.00055 0
 -68.000   36.000 -0.00474 0
 -68.000   37.000 -0.00297 0
 -68.000   38.000 -0.01868 0
 -68.000   39.000 -0.02424 2
 -68.000   40.000 -0.03888 1
 -68.000   41.000 -0.04920 13
 -68.000   42.000 -0.05627 8
 -68.000   43.000 -0.02309 5
 -68.000   44.000 -0.00830 7
 -68.000   45.000  0.01545 12
 -68.000   46.000  0.02753 13
 -68.000   47.000  0.03133 9
 -68.000   48.000  0.00374 9
 -68.000   49.000 -0.00686 5
 -68.000   50.000 -0.02525 1
 -67.000   25.000  0.00000 0
 -67.000   26.000  0.00000 0
 -67.000   27.000  0.00000 0
 -67.000   28.000  0.00000 0
 -67.000   29.000  0.00000 0
 -67.000   30.000  0.00000 0
 -67.000   31.000  0.00000 0
 -67.000   32.000  0.00000 0
 -67.000   33.000  0.00000 0
 -67.000   34.000  0.00000 0
 -67.000   35.000  0.00000 0
 -67.000   36.000 -0.00606 0
 -67.000   37.000 -0.00400 0
 -67.000   38.000 -0.02039 0
 -67.000   39.000 -0.02652 0
 -67.000   40.000 -0.04055 1
 -67.000   41.000 -0.04720 14
 -67.000   42.000 -0.06253 5
 -67.000   43.000 -0.03134 8
 -67.000   44.000 -0.01958 7
 -67.000   45.000  0.00668 1
 -67.000   46.000  0.01617 1
 -67.000   47.000  0.03609 7
 -67.000   48.000  0.01298 9
 -67.000   49.000  0.00918 6
 -67.000   50.000 -0.00814 3
 -66.000   25.000  0.00000 0
 -66.000   26.000  0.00000 0
 -66.000   27.000  0.00000 0
 -66.000   28.000  0.00000 0
 -66.000   29.000  0.00000 0
 -66.000   30.000  0.00000 0
 -66.000   31.000  0.00000 0
 -66.000   32.000  0.00000 0
 -66.000   33.000  0.00000 0
 -66.000   34.000  0.00000 0
 -66.000   35.000  0.00000 0
 -66.000   36.000  0.00000 0
 -66.000   37.000  0.00343 0
 -66.000   38.000 -0.01306 0
 -66.000   39.000 -0.02057 0
 -66.000   40.000 -0.03604 0
 -66.000   41.000 -0.04847 1
 -66.000   42.000 -0.06531 7
 -66.000   43.000 -0.03617 5
 -66.000   44.000 -0.02140 6
 -66.000   45.000  0.00850 2
 -66.000   46.000  0.01952 2
 -66.000   47.000  0.04290 7
 -66.000   48.000  0.02049 8
 -66.000   49.000  0.01654 7
 -66.000   50.000 -0.00200 2
 -65.000   25.000  0.00000 0
 -65.000   26.000  0.00000 0
 -65.000   27.000  0.00000 0
 -65.000   28.000  0.00000 0
 -65.000   29.000  0.00000 0
 -65.000   30.000  0.00000 0
 -65.000   31.000  0.00000 0
 -65.000   32.000  0.00000 0
 -65.000   33.000  0.00000 0
 -65.000   34.000  0.00000 0
 -65.000   35.000  0.00000 0
 -65.000   36.000  0.00000 0
 -65.000   37.000  0.00000 0
 -65.000   38.000 -0.00771 0
 -65.000   39.000 -0.01777 0
 -65.000   40.000 -0.03163 0
 -65.000   41.000 -0.04074 0
 -65.000   42.000 -0.06080 4
 -65.000   43.000 -0.03608 0
 -65.000   44.000 -0.01773 1
 -65.000   45.000  0.01355 0
 -65.000   46.000  0.02354 0
 -65.000   47.000  0.05469 3
 -65.000   48.000  0.02883 8
 -65.000   49.000  0.02568 3
 -65.000   50.000  0.00521 0
