-130.000   25.000 -0.06679 0
-130.000   26.000 -0.05469 2
-130.000   27.000 -0.07836 8
-130.000   28.000 -0.07146 0
-130.000   29.000 -0.05159 1
-130.000   30.000 -0.04158 0
-130.000   31.000 -0.04549 3
-130.000   32.000 -0.01088 0
-130.000   33.000 -0.01088 0
-130.000   34.000 -0.00464 0
-130.000   35.000 -0.00062 0
-130.000   36.000  0.00529 0
-130.000   37.000  0.03818 0
-130.000   38.000  0.03035 0
-130.000   39.000  0.02961 1
-130.000   40.000  0.02962 10
-130.000   41.000  0.03559 17
-130.000   42.000  0.01620 12
-130.000   43.000  0.03978 5
-130.000   44.000  0.01009 1
-130.000   45.000 -0.00573 2
-130.000   46.000 -0.00829 4
-130.000   47.000 -0.03280 7
-130.000   48.000 -0.06243 1
-130.000   49.000 -0.04370 1
-130.000   50.000 -0.03862 2
-129.000   25.000 -0.03380 5
-129.000   26.000 -0.01887 10
-129.000   27.000 -0.04105 0
-129.000   28.000 -0.03588 0
-129.000   29.000 -0.02058 5
-129.000   30.000 -0.02324 0
-129.000   31.000 -0.03411 0
-129.000   32.000 -0.00816 0
-129.000   33.000 -0.00816 2
-129.000   34.000 -0.00348 0
-129.000   35.000 -0.00233 0
-129.000   36.000 -0.00490 0
-129.000   37.000  0.02345 1
-129.000   38.000  0.02248 1
-129.000   39.000  0.02662 2
-129.000   40.000  0.03288 42
-129.000   41.000  0.04726 8
-129.000   42.000  0.02616 12
-129.000   43.000  0.04233 7
-129.000   44.000  0.01537 0
-129.000   45.000  0.01171 9
-129.000   46.000  0.00569 3
-129.000   47.000 -0.00093 11
-129.000   48.000 -0.02743 1
-129.000   49.000 -0.00853 4
-129.000   50.000 -0.01763 3
-128.000   25.000 -0.02336 3
-128.000   26.000 -0.00129 1
-128.000   27.000 -0.02180 0
-128.000   28.000 -0.01766 3
-128.000   29.000 -0.01048 2
-128.000   30.000 -0.01306 0
-128.000   31.000 -0.03060 1
-128.000   32.000 -0.00983 0
-128.000   33.000 -0.00983 0
-128.000   34.000 -0.00609 0
-128.000   35.000 -0.00790 0
-128.000   36.000 -0.00952 2
-128.000   37.000  0.01316 1
-128.000   38.000  0.01237 3
-128.000   39.000  0.01813 2
-128.000   40.000  0.03882 9
-128.000   41.000  0.03851 10
-128.000   42.000  0.02132 10
-128.000   43.000  0.03748 0
-128.000   44.000  0.01972 4
-128.000   45.000  0.00423 1
-128.000   46.000  0.01242 1
-128.000   47.000  0.00680 0
-128.000   48.000 -0.01824 4
-128.000   49.000 -0.01000 2
-128.000   50.000 -0.01348 3
-127.000   25.000 -0.00960 0
-127.000   26.000  0.00903 1
-127.000   27.000  0.00503 1
-127.000   28.000  0.00740 1
-127.000   29.000  0.01889 0
-127.000   30.000  0.00576 0
-127.000   31.000 -0.01524 0
-127.000   32.000 -0.01304 0
-127.000   33.000 -0.00142 0
-127.000   34.000  0.01090 0
-127.000   35.000  0.01101 0
-127.000   36.000  0.01184 0
-127.000   37.000  0.02310 1
-127.000   38.000  0.00988 1
-127.000   39.000 -0.00741 2
-127.000   40.000  0.00709 2
-127.000   41.000  0.00677 2
-127.000   42.000 -0.00681 4
-127.000   43.000  0.00248 1
-127.000   44.000  0.00142 2
-127.000   45.000 -0.01519 1
-127.000   46.000 -0.01126 0
-127.000   47.000 -0.00299 1
-127.000   48.000 -0.01396 1
-127.000   49.000 -0.00806 2
-127.000   50.000 -0.00254 3
-126.000   25.000  0.00135 0
-126.000   26.000  0.01724 3
-126.000   27.000  0.00617 2
-126.000   28.000  0.00510 1
-126.000   29.000  0.01347 0
-126.000   30.000  0.00452 0
-126.000   31.000 -0.01080 0
-126.000   32.000  0.00445 1
-126.000   33.000  0.02075 0
-126.000   34.000  0.03768 0
-126.000   35.000  0.03436 0
-126.000   36.000  0.02969 0
-126.000   37.000  0.02460 2
-126.000   38.000  0.00641 5
-126.000   39.000 -0.01762 0
-126.000   40.000 -0.00553 0
-126.000   41.000 -0.00722 3
-126.000   42.000 -0.00988 4
-126.000   43.000 -0.00269 1
-126.000   44.000 -0.00344 1
-126.000   45.000 -0.01336 1
-126.000   46.000 -0.01004 2
-126.000   47.000  0.00347 2
-126.000   48.000 -0.00981 6
-126.000   49.000 -0.00063 3
-126.000   50.000 -0.00103 24
-125.000   25.000  0.00092 2
-125.000   26.000  0.01968 1
-125.000   27.000  0.01294 1
-125.000   28.000  0.01580 0
-125.000   29.000  0.03386 0
-125.000   30.000  0.02460 1
-125.000   31.000  0.01019 1
-125.000   32.000  0.02536 2
-125.000   33.000  0.04336 2
-125.000   34.000  0.04914 0
-125.000   35.000  0.04304 4
-125.000   36.000  0.03735 1
-125.000   37.000  0.02993 4
-125.000   38.000  0.01311 5
-125.000   39.000 -0.00780 3
-125.000   40.000  0.00877 1
-125.000   41.000  0.00763 3
-125.000   42.000  0.00941 6
-125.000   43.000  0.01376 4
-125.000   44.000  0.02148 6
-125.000   45.000  0.00703 2
-125.000   46.000  0.00546 0
-125.000   47.000  0.01357 1
-125.000   48.000 -0.00469 8
-125.000   49.000 -0.00718 6
-125.000   50.000 -0.00452 12
-124.000   25.000 -0.01211 1
-124.000   26.000  0.00273 0
-124.000   27.000  0.00026 0
-124.000   28.000  0.00710 0
-124.000   29.000  0.02653 1
-124.000   30.000  0.03047 0
-124.000   31.000  0.02539 0
-124.000   32.000  0.04207 4
-124.000   33.000  0.05672 8
-124.000   34.000  0.06301 11
-124.000   35.000  0.05651 6
-124.000   36.000  0.05530 9
-124.000   37.000  0.04941 24
-124.000   38.000  0.02943 9
-124.000   39.000  0.00634 12
-124.000   40.000  0.01742 11
-124.000   41.000  0.00514 13
-124.000   42.000  0.00609 13
-124.000   43.000  0.01310 8
-124.000   44.000  0.01846 1
-124.000   45.000 -0.00084 1
-124.000   46.000 -0.00339 3
-124.000   47.000 -0.02371 1
-124.000   48.000 -0.03859 4
-124.000   49.000 -0.04662 2
-124.000   50.000 -0.04766 4
-123.000   25.000 -0.01579 0
-123.000   26.000 -0.01425 0
-123.000   27.000 -0.01273 0
-123.000   28.000  0.00058 0
-123.000   29.000  0.02885 1
-123.000   30.000  0.03759 2
-123.000   31.000  0.04587 2
-123.000   32.000  0.06512 6
-123.000   33.000  0.07899 8
-123.000   34.000  0.08015 10
-123.000   35.000  0.07656 8
-123.000   36.000  0.07785 14
-123.000   37.000  0.07713 10
-123.000   38.000  0.05527 13
-123.000   39.000  0.02628 13
-123.000   40.000  0.01171 18
-123.000   41.000  0.00671 12
-123.000   42.000 -0.00483 9
-123.000   43.000 -0.00191 7
-123.000   44.000  0.00448 3
-123.000   45.000  0.00099 2
-123.000   46.000 -0.00904 8
-123.000   47.000 -0.01986 5
-123.000   48.000 -0.03866 5
-123.000   49.000 -0.03893 2
-123.000   50.000 -0.03862 2
-122.000   25.000 -0.00199 0
-122.000   26.000 -0.00390 0
-122.000   27.000 -0.00396 0
-122.000   28.000  0.00103 6
-122.000   29.000  0.01415 13
-122.000   30.000  0.03231 3
-122.000   31.000  0.04209 7
-122.000   32.000  0.06810 13
-122.000   33.000  0.08522 4
-122.000   34.000  0.07915 7
-122.000   35.000  0.06996 7
-122.000   36.000  0.07301 13
-122.000   37.000  0.06538 6
-122.000   38.000  0.05646 6
-122.000   39.000  0.04639 11
-122.000   40.000  0.03741 5
-122.000   41.000  0.03073 11
-122.000   42.000  0.01237 13
-122.000   43.000  0.00797 6
-122.000   44.000  0.00348 6
-122.000   45.000 -0.00197 4
-122.000   46.000 -0.00900 2
-122.000   47.000 -0.01868 5
-122.000   48.000 -0.03856 3
-122.000   49.000 -0.03882 1
-122.000   50.000 -0.04263 2
-121.000   25.000 -0.01355 0
-121.000   26.000 -0.01640 0
-121.000   27.000 -0.01090 0
-121.000   28.000 -0.00932 4
-121.000   29.000  0.00615 8
-121.000   30.000  0.03006 2
-121.000   31.000  0.04620 5
-121.000   32.000  0.06222 8
-121.000   33.000  0.08066 1
-121.000   34.000  0.06592 9
-121.000   35.000  0.06473 4
-121.000   36.000  0.06981 6
-121.000   37.000  0.07672 9
-121.000   38.000  0.06724 8
-121.000   39.000  0.06270 14
-121.000   40.000  0.05226 6
-121.000   41.000  0.03928 8
-121.000   42.000  0.01153 5
-121.000   43.000  0.00395 3
-121.000   44.000  0.01125 7
-121.000   45.000  0.00038 3
-121.000   46.000 -0.00389 2
-121.000   47.000 -0.02259 5
-121.000   48.000 -0.04193 2
-121.000   49.000 -0.05678 2
-121.000   50.000 -0.06450 3
-120.000   25.000 -0.02387 0
-120.000   26.000 -0.02209 0
-120.000   27.000 -0.01719 0
-120.000   28.000 -0.02856 0
-120.000   29.000 -0.01700 3
-120.000   30.000  0.01857 1
-120.000   31.000  0.03079 6
-120.000   32.000  0.04625 7
-120.000   33.000  0.07290 4
-120.000   34.000  0.06578 2
-120.000   35.000  0.06302 7
-120.000   36.000  0.07156 13
-120.000   37.000  0.07931 17
-120.000   38.000  0.06616 12
-120.000   39.000  0.05414 12
-120.000   40.000  0.04213 7
-120.000   41.000  0.01994 10
-120.000   42.000 -0.01228 14
-120.000   43.000 -0.01473 14
-120.000   44.000 -0.00257 9
-120.000   45.000 -0.00616 5
-120.000   46.000  0.00011 0
-120.000   47.000 -0.01836 1
-120.000   48.000 -0.02839 2
-120.000   49.000 -0.04121 5
-120.000   50.000 -0.05370 5
-119.000   25.000 -0.01932 0
-119.000   26.000 -0.02371 0
-119.000   27.000 -0.01830 1
-119.000   28.000 -0.03340 1
-119.000   29.000 -0.02284 2
-119.000   30.000  0.00805 1
-119.000   31.000  0.01925 4
-119.000   32.000  0.03727 8
-119.000   33.000  0.06965 1
-119.000   34.000  0.06255 8
-119.000   35.000  0.05918 3
-119.000   36.000  0.07446 9
-119.000   37.000  0.07289 9
-119.000   38.000  0.05430 9
-119.000   39.000  0.04206 21
-119.000   40.000  0.03582 11
-119.000   41.000  0.00862 15
-119.000   42.000 -0.01718 21
-119.000   43.000 -0.01161 13
-119.000   44.000  0.00411 17
-119.000   45.000 -0.00248 0
-119.000   46.000  0.01250 1
-119.000   47.000  0.01223 0
-119.000   48.000  0.00081 2
-119.000   49.000 -0.00765 2
-119.000   50.000 -0.00931 2
-118.000   25.000 -0.01171 1
-118.000   26.000 -0.01521 0
-118.000   27.000 -0.01280 1
-118.000   28.000 -0.02971 3
-118.000   29.000 -0.02754 3
-118.000   30.000  0.00333 3
-118.000   31.000  0.01551 6
-118.000   32.000  0.03471 5
-118.000   33.000  0.06823 3
-118.000   34.000  0.06680 5
-118.000   35.000  0.06208 10
-118.000   36.000  0.07335 9
-118.000   37.000  0.06551 7
-118.000   38.000  0.04686 11
-118.000   39.000  0.03483 23
-118.000   40.000  0.03391 16
-118.000   41.000  0.00448 18
-118.000   42.000 -0.01721 15
-118.000   43.000 -0.00042 14
-118.000   44.000  0.01321 9
-118.000   45.000  0.01095 2
-118.000   46.000  0.02556 0
-118.000   47.000  0.02026 10
-118.000   48.000  0.00148 3
-118.000   49.000 -0.00678 2
-118.000   50.000 -0.02194 2
-117.000   25.000 -0.01419 0
-117.000   26.000 -0.02396 0
-117.000   27.000 -0.02959 1
-117.000   28.000 -0.03997 2
-117.000   29.000 -0.03848 3
-117.000   30.000 -0.01219 2
-117.000   31.000  0.00746 7
-117.000   32.000  0.03285 3
-117.000   33.000  0.06211 3
-117.000   34.000  0.06867 20
-117.000   35.000  0.07300 22
-117.000   36.000  0.08058 7
-117.000   37.000  0.07709 7
-117.000   38.000  0.05265 16
-117.000   39.000  0.03423 23
-117.000   40.000  0.02694 11
-117.000   41.000 -0.00040 7
-117.000   42.000 -0.02239 5
-117.000   43.000  0.00973 8
-117.000   44.000  0.02669 12
-117.000   45.000  0.03676 9
-117.000   46.000  0.04900 0
-117.000   47.000  0.05347 13
-117.000   48.000  0.02483 11
-117.000   49.000  0.01711 1
-117.000   50.000 -0.00755 2
-116.000   25.000 -0.00069 0
-116.000   26.000 -0.00823 1
-116.000   27.000 -0.02705 0
-116.000   28.000 -0.03306 3
-116.000   29.000 -0.03126 3
-116.000   30.000 -0.01588 2
-116.000   31.000 -0.00606 5
-116.000   32.000  0.03040 4
-116.000   33.000  0.06260 2
-116.000   34.000  0.07510 19
-116.000   35.000  0.07324 6
-116.000   36.000  0.08003 7
-116.000   37.000  0.07042 8
-116.000   38.000  0.04707 15
-116.000   39.000  0.02642 14
-116.000   40.000  0.02243 6
-116.000   41.000  0.00666 12
-116.000   42.000 -0.01022 12
-116.000   43.000  0.01181 11
-116.000   44.000  0.02628 3
-116.000   45.000  0.04357 3
-116.000   46.000  0.04957 0
-116.000   47.000  0.06095 3
-116.000   48.000  0.04488 6
-116.000   49.000  0.04024 5
-116.000   50.000  0.01393 3
-115.000   25.000  0.02804 2
-115.000   26.000  0.00194 0
-115.000   27.000 -0.03833 2
-115.000   28.000 -0.05814 3
-115.000   29.000 -0.07086 5
-115.000   30.000 -0.07160 3
-115.000   31.000 -0.05895 4
-115.000   32.000 -0.00162 2
-115.000   33.000  0.04671 0
-115.000   34.000  0.06265 8
-115.000   35.000  0.06935 2
-115.000   36.000  0.07844 1
-115.000   37.000  0.06666 6
-115.000   38.000  0.05020 18
-115.000   39.000  0.03166 19
-115.000   40.000  0.02827 6
-115.000   41.000  0.02638 17
-115.000   42.000  0.01047 14
-115.000   43.000  0.02417 8
-115.000   44.000  0.03979 4
-115.000   45.000  0.05696 5
-115.000   46.000  0.05253 6
-115.000   47.000  0.06910 2
-115.000   48.000  0.05698 9
-115.000   49.000  0.05148 6
-115.000   50.000  0.02432 5
-114.000   25.000  0.02349 1
-114.000   26.000 -0.01494 0
-114.000   27.000 -0.06013 2
-114.000   28.000 -0.08338 5
-114.000   29.000 -0.09612 2
-114.000   30.000 -0.09726 2
-114.000   31.000 -0.07213 1
-114.000   32.000 -0.01428 1
-114.000   33.000  0.03806 3
-114.000   34.000  0.05392 8
-114.000   35.000  0.06707 4
-114.000   36.000  0.07054 7
-114.000   37.000  0.06467 4
-114.000   38.000  0.04907 6
-114.000   39.000  0.03174 13
-114.000   40.000  0.01939 10
-114.000   41.000  0.03283 5
-114.000   42.000  0.02491 8
-114.000   43.000  0.02912 13
-114.000   44.000  0.03738 5
-114.000   45.000  0.05142 6
-114.000   46.000  0.03465 2
-114.000   47.000  0.04505 2
-114.000   48.000  0.03406 11
-114.000   49.000  0.03063 2
-114.000   50.000  0.01116 4
-113.000   25.000  0.00591 1
-113.000   26.000 -0.02725 1
-113.000   27.000 -0.07679 0
-113.000   28.000 -0.10538 4
-113.000   29.000 -0.09692 2
-113.000   30.000 -0.10577 1
-113.000   31.000 -0.08323 0
-113.000   32.000 -0.01827 1
-113.000   33.000  0.03747 1
-113.000   34.000  0.04877 8
-113.000   35.000  0.06317 4
-113.000   36.000  0.06983 3
-113.000   37.000  0.06282 8
-113.000   38.000  0.04732 20
-113.000   39.000  0.03052 7
-113.000   40.000  0.01748 13
-113.000   41.000  0.03753 11
-113.000   42.000  0.04476 7
-113.000   43.000  0.03903 6
-113.000   44.000  0.04649 6
-113.000   45.000  0.05162 4
-113.000   46.000  0.02301 4
-113.000   47.000  0.01678 3
-113.000   48.000  0.00830 10
-113.000   49.000 -0.00213 2
-113.000   50.000 -0.01470 2
-112.000   25.000  0.00623 0
-112.000   26.000 -0.01546 0
-112.000   27.000 -0.06280 0
-112.000   28.000 -0.07153 3
-112.000   29.000 -0.06333 6
-112.000   30.000 -0.07025 3
-112.000   31.000 -0.05455 2
-112.000   32.000  0.00550 0
-112.000   33.000  0.03730 3
-112.000   34.000  0.04463 2
-112.000   35.000  0.05955 5
-112.000   36.000  0.05973 6
-112.000   37.000  0.05081 20
-112.000   38.000  0.03205 18
-112.000   39.000  0.01501 7
-112.000   40.000  0.00421 9
-112.000   41.000  0.02292 4
-112.000   42.000  0.02593 6
-112.000   43.000  0.02071 3
-112.000   44.000  0.03024 7
-112.000   45.000  0.02520 9
-112.000   46.000  0.00456 8
-112.000   47.000  0.00056 4
-112.000   48.000 -0.00259 7
-112.000   49.000 -0.01389 10
-112.000   50.000 -0.01751 4
-111.000   25.000 -0.03423 0
-111.000   26.000 -0.04483 1
-111.000   27.000 -0.07200 3
-111.000   28.000 -0.07885 3
-111.000   29.000 -0.06282 1
-111.000   30.000 -0.06843 1
-111.000   31.000 -0.04658 3
-111.000   32.000  0.00211 2
-111.000   33.000  0.03479 1
-111.000   34.000  0.05106 3
-111.000   35.000  0.07313 3
-111.000   36.000  0.06897 7
-111.000   37.000  0.05948 15
-111.000   38.000  0.03845 9
-111.000   39.000  0.03340 9
-111.000   40.000  0.02061 8
-111.000   41.000  0.03182 12
-111.000   42.000  0.03366 4
-111.000   43.000  0.03829 5
-111.000   44.000  0.02406 4
-111.000   45.000  0.00801 5
-111.000   46.000 -0.01539 5
-111.000   47.000 -0.02143 3
-111.000   48.000 -0.03244 5
-111.000   49.000 -0.03558 6
-111.000   50.000 -0.03150 1
-110.000   25.000 -0.07182 0
-110.000   26.000 -0.06369 2
-110.000   27.000 -0.06165 9
-110.000   28.000 -0.05083 5
-110.000   29.000  0.00360 8
-110.000   30.000  0.00096 1
-110.000   31.000  0.01324 3
-110.000   32.000  0.03650 0
-110.000   33.000  0.04833 5
-110.000   34.000  0.06317 4
-110.000   35.000  0.08566 8
-110.000   36.000  0.08898 7
-110.000   37.000  0.07841 8
-110.000   38.000  0.04690 9
-110.000   39.000  0.03369 6
-110.000   40.000  0.01217 4
-110.000   41.000  0.01656 8
-110.000   42.000  0.01972 3
-110.000   43.000  0.02880 2
-110.000   44.000  0.01411 4
-110.000   45.000 -0.00016 8
-110.000   46.000 -0.02217 3
-110.000   47.000 -0.03475 6
-110.000   48.000 -0.04803 7
-110.000   49.000 -0.04907 5
-110.000   50.000 -0.04356 4
-109.000   25.000 -0.07307 9
-109.000   26.000 -0.04690 1
-109.000   27.000 -0.04054 2
-109.000   28.000 -0.04122 6
-109.000   29.000  0.00745 2
-109.000   30.000  0.01915 3
-109.000   31.000  0.02218 2
-109.000   32.000  0.04014 0
-109.000   33.000  0.06293 1
-109.000   34.000  0.08941 7
-109.000   35.000  0.09860 5
-109.000   36.000  0.10167 9
-109.000   37.000  0.09355 8
-109.000   38.000  0.05805 9
-109.000   39.000  0.03193 9
-109.000   40.000  0.01367 7
-109.000   41.000  0.00391 6
-109.000   42.000 -0.00647 6
-109.000   43.000  0.01133 1
-109.000   44.000  0.01048 3
-109.000   45.000 -0.00600 5
-109.000   46.000 -0.01944 9
-109.000   47.000 -0.02489 8
-109.000   48.000 -0.04732 4
-109.000   49.000 -0.05587 7
-109.000   50.000 -0.05609 6
-108.000   25.000 -0.13518 5
-108.000   26.000 -0.08296 1
-108.000   27.000 -0.06190 0
-108.000   28.000 -0.06440 0
-108.000   29.000  0.01734 3
-108.000   30.000  0.03912 2
-108.000   31.000  0.03139 1
-108.000   32.000  0.04243 6
-108.000   33.000  0.06372 4
-108.000   34.000  0.09678 14
-108.000   35.000  0.09671 15
-108.000   36.000  0.09909 7
-108.000   37.000  0.09371 10
-108.000   38.000  0.06157 8
-108.000   39.000  0.03447 4
-108.000   40.000  0.02752 4
-108.000   41.000  0.01485 5
-108.000   42.000 -0.00582 2
-108.000   43.000  0.00545 3
-108.000   44.000  0.00146 5
-108.000   45.000 -0.01500 10
-108.000   46.000 -0.02766 9
-108.000   47.000 -0.02155 4
-108.000   48.000 -0.03911 7
-108.000   49.000 -0.04233 5
-108.000   50.000 -0.05541 5
-107.000   25.000 -0.17563 2
-107.000   26.000 -0.13050 3
-107.000   27.000 -0.09518 0
-107.000   28.000 -0.10947 0
-107.000   29.000 -0.00226 4
-107.000   30.000  0.01824 2
-107.000   31.000  0.01861 2
-107.000   32.000  0.02476 1
-107.000   33.000  0.05804 6
-107.000   34.000  0.09044 6
-107.000   35.000  0.08217 15
-107.000   36.000  0.09332 11
-107.000   37.000  0.08940 13
-107.000   38.000  0.07129 6
-107.000   39.000  0.04891 7
-107.000   40.000  0.05069 7
-107.000   41.000  0.04263 6
-107.000   42.000  0.03135 4
-107.000   43.000  0.02890 6
-107.000   44.000  0.02189 8
-107.000   45.000  0.01437 5
-107.000   46.000 -0.01043 8
-107.000   47.000 -0.01690 7
-107.000   48.000 -0.03841 3
-107.000   49.000 -0.04378 4
-107.000   50.000 -0.07161 1
-106.000   25.000 -0.12501 1
-106.000   26.000 -0.09529 1
-106.000   27.000 -0.07154 2
-106.000   28.000 -0.09592 1
-106.000   29.000  0.00372 0
-106.000   30.000  0.01397 5
-106.000   31.000  0.00445 4
-106.000   32.000  0.00720 5
-106.000   33.000  0.02758 4
-106.000   34.000  0.04298 3
-106.000   35.000  0.04033 9
-106.000   36.000  0.05714 6
-106.000   37.000  0.06352 7
-106.000   38.000  0.05780 11
-106.000   39.000  0.03216 5
-106.000   40.000  0.04706 5
-106.000   41.000  0.04497 4
-106.000   42.000  0.02707 4
-106.000   43.000  0.02783 4
-106.000   44.000  0.04292 4
-106.000   45.000  0.02541 9
-106.000   46.000  0.01091 7
-106.000   47.000  0.00573 3
-106.000   48.000 -0.01930 2
-106.000   49.000 -0.03460 4
-106.000   50.000 -0.05745 3
-105.000   25.000 -0.09503 0
-105.000   26.000 -0.06622 1
-105.000   27.000 -0.04626 3
-105.000   28.000 -0.06975 1
-105.000   29.000  0.00241 0
-105.000   30.000  0.01230 3
-105.000   31.000  0.00689 7
-105.000   32.000  0.00272 3
-105.000   33.000  0.01150 6
-105.000   34.000  0.02400 4
-105.000   35.000  0.00774 13
-105.000   36.000  0.01207 4
-105.000   37.000  0.02227 8
-105.000   38.000  0.02594 13
-105.000   39.000  0.01254 1
-105.000   40.000  0.04513 5
-105.000   41.000  0.04909 2
-105.000   42.000  0.04150 5
-105.000   43.000  0.05799 6
-105.000   44.000  0.08046 6
-105.000   45.000  0.05413 6
-105.000   46.000  0.03738 6
-105.000   47.000  0.02662 4
-105.000   48.000 -0.00794 1
-105.000   49.000 -0.03473 1
-105.000   50.000 -0.05425 3
-104.000   25.000 -0.09885 2
-104.000   26.000 -0.06909 0
-104.000   27.000 -0.04964 0
-104.000   28.000 -0.04863 0
-104.000   29.000  0.02400 3
-104.000   30.000  0.02404 0
-104.000   31.000  0.01287 6
-104.000   32.000  0.01456 4
-104.000   33.000 -0.00910 4
-104.000   34.000 -0.00849 2
-104.000   35.000 -0.01692 8
-104.000   36.000 -0.01573 1
-104.000   37.000 -0.00988 1
-104.000   38.000  0.00589 4
-104.000   39.000 -0.00206 7
-104.000   40.000  0.04222 8
-104.000   41.000  0.06298 9
-104.000   42.000  0.05497 4
-104.000   43.000  0.06621 10
-104.000   44.000  0.09698 3
-104.000   45.000  0.06610 6
-104.000   46.000  0.04289 5
-104.000   47.000  0.03394 3
-104.000   48.000  0.00634 3
-104.000   49.000 -0.02061 1
-104.000   50.000 -0.03890 3
-103.000   25.000 -0.00658 2
-103.000   26.000 -0.01089 0
-103.000   27.000 -0.00153 2
-103.000   28.000  0.00150 1
-103.000   29.000  0.01078 3
-103.000   30.000  0.00846 3
-103.000   31.000  0.00180 0
-103.000   32.000 -0.00510 5
-103.000   33.000 -0.02794 5
-103.000   34.000 -0.03222 3
-103.000   35.000 -0.03670 5
-103.000   36.000 -0.04001 7
-103.000   37.000 -0.03308 5
-103.000   38.000 -0.02065 6
-103.000   39.000 -0.00404 7
-103.000   40.000  0.03907 7
-103.000   41.000  0.07008 3
-103.000   42.000  0.06218 4
-103.000   43.000  0.08475 6
-103.000   44.000  0.10207 9
-103.000   45.000  0.07053 6
-103.000   46.000  0.05247 3
-103.000   47.000  0.04968 0
-103.000   48.000  0.02020 2
-103.000   49.000 -0.01130 1
-103.000   50.000 -0.01680 0
-102.000   25.000  0.04001 0
-102.000   26.000  0.03659 0
-102.000   27.000  0.03646 4
-102.000   28.000  0.02765 0
-102.000   29.000  0.01716 3
-102.000   30.000  0.01616 1
-102.000   31.000  0.00722 1
-102.000   32.000  0.00080 7
-102.000   33.000 -0.01871 15
-102.000   34.000 -0.02156 5
-102.000   35.000 -0.02624 6
-102.000   36.000 -0.03545 5
-102.000   37.000 -0.03392 5
-102.000   38.000 -0.03245 4
-102.000   39.000 -0.01787 5
-102.000   40.000  0.01752 3
-102.000   41.000  0.04109 2
-102.000   42.000  0.03414 11
-102.000   43.000  0.06820 5
-102.000   44.000  0.08416 7
-102.000   45.000  0.04274 5
-102.000   46.000  0.03241 6
-102.000   47.000  0.03570 0
-102.000   48.000  0.01472 0
-102.000   49.000 -0.01454 0
-102.000   50.000  0.00332 0
-101.000   25.000  0.02990 0
-101.000   26.000  0.02901 1
-101.000   27.000  0.03431 1
-101.000   28.000  0.03191 0
-101.000   29.000  0.02147 3
-101.000   30.000  0.03067 3
-101.000   31.000  0.03020 2
-101.000   32.000  0.02421 8
-101.000   33.000  0.00692 10
-101.000   34.000  0.00743 7
-101.000   35.000 -0.00563 6
-101.000   36.000 -0.01466 4
-101.000   37.000 -0.02060 8
-101.000   38.000 -0.01997 3
-101.000   39.000 -0.00887 4
-101.000   40.000  0.01670 6
-101.000   41.000  0.02732 5
-101.000   42.000  0.02464 8
-101.000   43.000  0.05172 6
-101.000   44.000  0.06104 8
-101.000   45.000  0.03171 2
-101.000   46.000  0.02452 3
-101.000   47.000  0.02714 0
-101.000   48.000  0.01035 0
-101.000   49.000 -0.01162 0
-101.000   50.000  0.00041 1
-100.000   25.000 -0.02621 3
-100.000   26.000 -0.01853 1
-100.000   27.000 -0.00773 0
-100.000   28.000  0.02441 0
-100.000   29.000  0.01078 0
-100.000   30.000  0.02343 0
-100.000   31.000  0.02547 0
-100.000   32.000  0.02609 6
-100.000   33.000  0.00971 2
-100.000   34.000  0.01932 5
-100.000   35.000  0.01505 5
-100.000   36.000  0.00975 2
-100.000   37.000 -0.01399 3
-100.000   38.000 -0.01622 3
-100.000   39.000 -0.00178 7
-100.000   40.000  0.00759 5
-100.000   41.000  0.00675 6
-100.000   42.000  0.00978 6
-100.000   43.000  0.03025 7
-100.000   44.000  0.02084 5
-100.000   45.000 -0.00279 4
-100.000   46.000  0.00041 9
-100.000   47.000  0.01173 1
-100.000   48.000 -0.01919 0
-100.000   49.000 -0.03151 0
-100.000   50.000 -0.02272 1
 -99.000   25.000 -0.03043 0
 -99.000   26.000 -0.02169 0
 -99.000   27.000 -0.00549 0
 -99.000   28.000  0.01919 0
 -99.000   29.000  0.01698 2
 -99.000   30.000  0.02630 8
 -99.000   31.000  0.02375 5
 -99.000   32.000  0.00361 6
 -99.000   33.000  0.00164 4
 -99.000   34.000  0.00453 1
 -99.000   35.000  0.00077 4
 -99.000   36.000  0.00712 3
 -99.000   37.000 -0.00084 2
 -99.000   38.000 -0.00744 5
 -99.000   39.000  0.01794 4
 -99.000   40.000  0.02158 3
 -99.000   41.000  0.01851 6
 -99.000   42.000  0.03100 3
 -99.000   43.000  0.05044 3
 -99.000   44.000  0.03909 2
 -99.000   45.000  0.01434 1
 -99.000   46.000  0.01272 6
 -99.000   47.000  0.01148 3
 -99.000   48.000 -0.02006 0
 -99.000   49.000 -0.04276 1
 -99.000   50.000 -0.02669 0
 -98.000   25.000 -0.05062 1
 -98.000   26.000 -0.03251 2
 -98.000   27.000 -0.01961 1
 -98.000   28.000  0.01542 4
 -98.000   29.000  0.02949 6
 -98.000   30.000  0.03202 3
 -98.000   31.000  0.02722 2
 -98.000   32.000  0.01267 3
 -98.000   33.000 -0.00561 0
 -98.000   34.000 -0.00305 2
 -98.000   35.000  0.00244 11
 -98.000   36.000  0.01180 3
 -98.000   37.000  0.00361 3
 -98.000   38.000  0.00333 1
 -98.000   39.000  0.00965 1
 -98.000   40.000 -0.00021 2
 -98.000   41.000 -0.00420 2
 -98.000   42.000  0.01836 2
 -98.000   43.000  0.04351 3
 -98.000   44.000  0.04131 3
 -98.000   45.000  0.01800 2
 -98.000   46.000  0.01688 6
 -98.000   47.000  0.00020 2
 -98.000   48.000 -0.03477 0
 -98.000   49.000 -0.05109 1
 -98.000   50.000 -0.02506 1
 -97.000   25.000 -0.06201 0
 -97.000   26.000 -0.04105 2
 -97.000   27.000 -0.02268 0
 -97.000   28.000  0.03064 0
 -97.000   29.000  0.04114 2
 -97.000   30.000  0.03810 4
 -97.000   31.000  0.02568 1
 -97.000   32.000  0.00834 2
 -97.000   33.000 -0.01804 1
 -97.000   34.000 -0.02142 2
 -97.000   35.000 -0.00806 5
 -97.000   36.000  0.00956 4
 -97.000   37.000  0.00310 8
 -97.000   38.000  0.00865 2
 -97.000   39.000  0.01042 2
 -97.000   40.000 -0.00293 5
 -97.000   41.000 -0.00689 6
 -97.000   42.000  0.01598 5
 -97.000   43.000  0.03897 2
 -97.000   44.000  0.04185 3
 -97.000   45.000  0.02423 2
 -97.000   46.000  0.01922 2
 -97.000   47.000  0.00657 2
 -97.000   48.000 -0.03608 0
 -97.000   49.000 -0.04766 1
 -97.000   50.000 -0.02800 1
 -96.000   25.000 -0.06108 0
 -96.000   26.000 -0.04048 0
 -96.000   27.000 -0.01752 0
 -96.000   28.000  0.04086 3
 -96.000   29.000  0.04264 6
 -96.000   30.000  0.02986 3
 -96.000   31.000  0.01148 4
 -96.000   32.000 -0.01452 6
 -96.000   33.000 -0.04170 2
 -96.000   34.000 -0.03295 2
 -96.000   35.000 -0.01416 7
 -96.000   36.000  0.00732 10
 -96.000   37.000  0.00405 10
 -96.000   38.000 -0.00186 3
 -96.000   39.000 -0.00440 5
 -96.000   40.000 -0.02490 4
 -96.000   41.000 -0.02324 1
 -96.000   42.000  0.00374 2
 -96.000   43.000  0.02793 3
 -96.000   44.000  0.03136 4
 -96.000   45.000  0.01264 2
 -96.000   46.000  0.00148 1
 -96.000   47.000 -0.01717 2
 -96.000   48.000 -0.05766 2
 -96.000   49.000 -0.06912 4
 -96.000   50.000 -0.04406 2
 -95.000   25.000 -0.00694 3
 -95.000   26.000 -0.00101 0
 -95.000   27.000  0.01266 0
 -95.000   28.000  0.03387 0
 -95.000   29.000  0.02989 4
 -95.000   30.000  0.01791 1
 -95.000   31.000  0.00981 4
 -95.000   32.000 -0.02168 1
 -95.000   33.000 -0.04462 4
 -95.000   34.000 -0.03677 4
 -95.000   35.000 -0.02061 14
 -95.000   36.000 -0.00680 9
 -95.000   37.000  0.01267 18
 -95.000   38.000  0.00531 9
 -95.000   39.000  0.00113 10
 -95.000   40.000 -0.00995 4
 -95.000   41.000 -0.01583 3
 -95.000   42.000 -0.00337 6
 -95.000   43.000  0.01150 5
 -95.000   44.000  0.01580 3
 -95.000   45.000 -0.01197 4
 -95.000   46.000 -0.02634 1
 -95.000   47.000 -0.04510 3
 -95.000   48.000 -0.06350 2
 -95.000   49.000 -0.07231 3
 -95.000   50.000 -0.04422 0
 -94.000   25.000 -0.00362 2
 -94.000   26.000  0.00981 7
 -94.000   27.000  0.02082 1
 -94.000   28.000  0.04629 1
 -94.000   29.000  0.02817 3
 -94.000   30.000  0.01691 2
 -94.000   31.000  0.00619 5
 -94.000   32.000 -0.00636 2
 -94.000   33.000 -0.02536 7
 -94.000   34.000 -0.00542 2
 -94.000   35.000  0.00692 15
 -94.000   36.000  0.01756 20
 -94.000   37.000  0.01673 10
 -94.000   38.000  0.00321 17
 -94.000   39.000 -0.01249 8
 -94.000   40.000 -0.02810 7
 -94.000   41.000 -0.04293 1
 -94.000   42.000 -0.03590 4
 -94.000   43.000 -0.02139 1
 -94.000   44.000 -0.02108 5
 -94.000   45.000 -0.03961 3
 -94.000   46.000 -0.04885 2
 -94.000   47.000 -0.05120 5
 -94.000   48.000 -0.06818 1
 -94.000   49.000 -0.06569 2
 -94.000   50.000 -0.04262 3
 -93.000   25.000 -0.02002 2
 -93.000   26.000 -0.00669 0
 -93.000   27.000  0.00995 5
 -93.000   28.000  0.03013 0
 -93.000   29.000  0.02725 0
 -93.000   30.000  0.01078 3
 -93.000   31.000  0.01342 4
 -93.000   32.000  0.00229 8
 -93.000   33.000  0.00114 1
 -93.000   34.000  0.02060 4
 -93.000   35.000  0.02477 11
 -93.000   36.000  0.02783 21
 -93.000   37.000  0.02649 12
 -93.000   38.000  0.00718 16
 -93.000   39.000 -0.01171 5
 -93.000   40.000 -0.01063 3
 -93.000   41.000 -0.03091 6
 -93.000   42.000 -0.03237 4
 -93.000   43.000 -0.02943 1
 -93.000   44.000 -0.02544 2
 -93.000   45.000 -0.04683 3
 -93.000   46.000 -0.05166 3
 -93.000   47.000 -0.04440 4
 -93.000   48.000 -0.04242 1
 -93.000   49.000 -0.03389 2
 -93.000   50.000 -0.01711 2
 -92.000   25.000 -0.00777 2
 -92.000   26.000  0.00529 1
 -92.000   27.000  0.02059 2
 -92.000   28.000  0.03630 3
 -92.000   29.000  0.03116 7
 -92.000   30.000  0.01568 3
 -92.000   31.000  0.02474 6
 -92.000   32.000  0.01149 3
 -92.000   33.000  0.01705 4
 -92.000   34.000  0.03529 8
 -92.000   35.000  0.02898 9
 -92.000   36.000  0.02209 16
 -92.000   37.000  0.02537 10
 -92.000   38.000  0.00753 11
 -92.000   39.000 -0.00245 11
 -92.000   40.000  0.00338 7
 -92.000   41.000 -0.01148 6
 -92.000   42.000 -0.02675 14
 -92.000   43.000 -0.02886 5
 -92.000   44.000 -0.03116 0
 -92.000   45.000 -0.04915 2
 -92.000   46.000 -0.05286 4
 -92.000   47.000 -0.04261 5
 -92.000   48.000 -0.03682 2
 -92.000   49.000 -0.02987 1
 -92.000   50.000 -0.02047 1
 -91.000   25.000 -0.00791 2
 -91.000   26.000  0.00771 1
 -91.000   27.000  0.01190 2
 -91.000   28.000  0.02724 4
 -91.000   29.000  0.03355 1
 -91.000   30.000  0.02021 0
 -91.000   31.000  0.02915 8
 -91.000   32.000  0.02975 4
 -91.000   33.000  0.03737 6
 -91.000   34.000  0.03871 9
 -91.000   35.000  0.03655 6
 -91.000   36.000  0.02336 12
 -91.000   37.000  0.02478 9
 -91.000   38.000  0.01379 12
 -91.000   39.000  0.00607 11
 -91.000   40.000  0.00788 8
 -91.000   41.000 -0.00331 9
 -91.000   42.000 -0.01952 14
 -91.000   43.000 -0.02260 2
 -91.000   44.000 -0.02766 1
 -91.000   45.000 -0.04055 4
 -91.000   46.000 -0.04081 4
 -91.000   47.000 -0.03036 2
 -91.000   48.000 -0.00782 3
 -91.000   49.000  0.00589 3
 -91.000   50.000  0.01858 1
 -90.000   25.000  0.00843 2
 -90.000   26.000  0.03347 1
 -90.000   27.000  0.03067 2
 -90.000   28.000  0.05066 3
 -90.000   29.000  0.06228 7
 -90.000   30.000  0.03012 9
 -90.000   31.000  0.02152 9
 -90.000   32.000  0.02827 7
 -90.000   33.000  0.04085 9
 -90.000   34.000  0.02699 5
 -90.000   35.000  0.03349 14
 -90.000   36.000  0.02220 4
 -90.000   37.000  0.02338 7
 -90.000   38.000  0.01317 3
 -90.000   39.000  0.00573 2
 -90.000   40.000  0.00674 12
 -90.000   41.000  0.00227 9
 -90.000   42.000 -0.01973 24
 -90.000   43.000 -0.02117 4
 -90.000   44.000 -0.01954 1
 -90.000   45.000 -0.02159 1
 -90.000   46.000 -0.02095 3
 -90.000   47.000 -0.01192 2
 -90.000   48.000  0.01050 3
 -90.000   49.000  0.02272 1
 -90.000   50.000  0.02828 0
 -89.000   25.000  0.01893 2
 -89.000   26.000  0.03353 2
 -89.000   27.000  0.02695 3
 -89.000   28.000  0.04283 6
 -89.000   29.000  0.06348 1
 -89.000   30.000  0.03165 3
 -89.000   31.000  0.03471 5
 -89.000   32.000  0.03919 3
 -89.000   33.000  0.04905 10
 -89.000   34.000  0.02258 4
 -89.000   35.000  0.02919 8
 -89.000   36.000  0.00971 7
 -89.000   37.000  0.01460 10
 -89.000   38.000  0.01101 9
 -89.000   39.000  0.00968 10
 -89.000   40.000  0.01276 12
 -89.000   41.000  0.01575 11
 -89.000   42.000 -0.00571 10
 -89.000   43.000 -0.01267 4
 -89.000   44.000 -0.01762 2
 -89.000   45.000 -0.01713 3
 -89.000   46.000 -0.01825 1
 -89.000   47.000 -0.01649 2
 -89.000   48.000  0.00587 0
 -89.000   49.000  0.01967 1
 -89.000   50.000  0.02042 1
 -88.000   25.000  0.03931 2
 -88.000   26.000  0.04711 1
 -88.000   27.000  0.03971 3
 -88.000   28.000  0.05105 2
 -88.000   29.000  0.05675 5
 -88.000   30.000  0.02963 3
 -88.000   31.000  0.02366 1
 -88.000   32.000  0.02661 5
 -88.000   33.000  0.02981 6
 -88.000   34.000  0.00266 6
 -88.000   35.000  0.00888 17
 -88.000   36.000  0.00192 40
 -88.000   37.000  0.00599 50
 -88.000   38.000  0.01095 18
 -88.000   39.000  0.01726 12
 -88.000   40.000  0.01617 10
 -88.000   41.000  0.01604 14
 -88.000   42.000 -0.00137 4
 -88.000   43.000 -0.00975 3
 -88.000   44.000 -0.01545 9
 -88.000   45.000 -0.01610 6
 -88.000   46.000 -0.02159 1
 -88.000   47.000 -0.02079 4
 -88.000   48.000  0.00132 2
 -88.000   49.000  0.00930 3
 -88.000   50.000  0.01869 0
 -87.000   25.000  0.01919 2
 -87.000   26.000  0.02137 2
 -87.000   27.000  0.01429 0
 -87.000   28.000  0.04294 3
 -87.000   29.000  0.05525 1
 -87.000   30.000  0.03031 7
 -87.000   31.000  0.01567 4
 -87.000   32.000  0.02099 4
 -87.000   33.000 -0.00077 9
 -87.000   34.000 -0.02687 4
 -87.000   35.000 -0.01962 8
 -87.000   36.000 -0.01098 16
 -87.000   37.000 -0.00704 16
 -87.000   38.000  0.00496 7
 -87.000   39.000  0.01100 12
 -87.000   40.000  0.01517 6
 -87.000   41.000  0.01317 7
 -87.000   42.000  0.00826 8
 -87.000   43.000  0.00007 12
 -87.000   44.000  0.00277 5
 -87.000   45.000  0.00192 5
 -87.000   46.000 -0.00615 2
 -87.000   47.000 -0.00848 0
 -87.000   48.000  0.01512 0
 -87.000   49.000  0.01744 2
 -87.000   50.000  0.02671 1
 -86.000   25.000  0.02893 2
 -86.000   26.000  0.02626 5
 -86.000   27.000  0.01401 1
 -86.000   28.000  0.03463 3
 -86.000   29.000  0.03852 2
 -86.000   30.000  0.02439 5
 -86.000   31.000  0.00859 5
 -86.000   32.000  0.01164 5
 -86.000   33.000 -0.00966 5
 -86.000   34.000 -0.03435 12
 -86.000   35.000 -0.04990 13
 -86.000   36.000 -0.03715 8
 -86.000   37.000 -0.02634 7
 -86.000   38.000 -0.01075 7
 -86.000   39.000  0.00600 6
 -86.000   40.000  0.02214 11
 -86.000   41.000  0.02006 7
 -86.000   42.000  0.01193 18
 -86.000   43.000  0.00553 12
 -86.000   44.000  0.00928 6
 -86.000   45.000  0.00601 5
 -86.000   46.000 -0.00217 5
 -86.000   47.000  0.00192 2
 -86.000   48.000 -0.00081 1
 -86.000   49.000 -0.00775 1
 -86.000   50.000 -0.00569 2
 -85.000   25.000 -0.00590 6
 -85.000   26.000 -0.04366 8
 -85.000   27.000 -0.03497 0
 -85.000   28.000 -0.01327 3
 -85.000   29.000 -0.01142 0
 -85.000   30.000  0.01007 2
 -85.000   31.000  0.03018 2
 -85.000   32.000  0.01425 3
 -85.000   33.000 -0.01632 11
 -85.000   34.000 -0.04804 15
 -85.000   35.000 -0.07522 12
 -85.000   36.000 -0.06181 6
 -85.000   37.000 -0.04360 11
 -85.000   38.000 -0.01628 7
 -85.000   39.000  0.01443 4
 -85.000   40.000  0.02677 10
 -85.000   41.000  0.03082 10
 -85.000   42.000  0.03034 21
 -85.000   43.000  0.02248 2
 -85.000   44.000  0.02346 7
 -85.000   45.000  0.01811 8
 -85.000   46.000  0.00760 3
 -85.000   47.000  0.00653 4
 -85.000   48.000 -0.00100 1
 -85.000   49.000 -0.00803 3
 -85.000   50.000 -0.00422 1
 -84.000   25.000 -0.00026 0
 -84.000   26.000 -0.05083 3
 -84.000   27.000 -0.04616 1
 -84.000   28.000 -0.02655 0
 -84.000   29.000 -0.02903 1
 -84.000   30.000 -0.00311 10
 -84.000   31.000  0.03064 5
 -84.000   32.000  0.01731 9
 -84.000   33.000 -0.01680 19
 -84.000   34.000 -0.04078 6
 -84.000   35.000 -0.07107 9
 -84.000   36.000 -0.05964 4
 -84.000   37.000 -0.04104 7
 -84.000   38.000 -0.01034 12
 -84.000   39.000  0.01993 10
 -84.000   40.000  0.02932 13
 -84.000   41.000  0.02359 11
 -84.000   42.000  0.02780 17
 -84.000   43.000  0.02109 10
 -84.000   44.000  0.01615 6
 -84.000   45.000  0.01202 5
 -84.000   46.000  0.00656 2
 -84.000   47.000  0.01439 4
 -84.000   48.000  0.00969 1
 -84.000   49.000  0.01050 0
 -84.000   50.000  0.01549 6
 -83.000   25.000  0.02708 2
 -83.000   26.000 -0.04681 1
 -83.000   27.000 -0.05091 3
 -83.000   28.000 -0.02771 1
 -83.000   29.000 -0.06257 6
 -83.000   30.000 -0.02650 0
 -83.000   31.000  0.03222 0
 -83.000   32.000  0.01770 14
 -83.000   33.000 -0.02814 12
 -83.000   34.000 -0.03395 2
 -83.000   35.000 -0.06853 3
 -83.000   36.000 -0.07782 1
 -83.000   37.000 -0.05221 3
 -83.000   38.000 -0.01524 7
 -83.000   39.000  0.00581 7
 -83.000   40.000  0.01160 16
 -83.000   41.000  0.01359 12
 -83.000   42.000  0.01532 8
 -83.000   43.000  0.00724 17
 -83.000   44.000  0.00824 13
 -83.000   45.000  0.01179 8
 -83.000   46.000  0.01032 7
 -83.000   47.000  0.02077 6
 -83.000   48.000  0.01045 1
 -83.000   49.000  0.00636 1
 -83.000   50.000 -0.00044 2
 -82.000   25.000  0.03626 0
 -82.000   26.000 -0.01891 2
 -82.000   27.000 -0.04139 2
 -82.000   28.000 -0.04254 3
 -82.000   29.000 -0.09025 1
 -82.000   30.000 -0.05788 5
 -82.000   31.000 -0.00047 0
 -82.000   32.000 -0.00578 11
 -82.000   33.000 -0.02401 8
 -82.000   34.000 -0.01327 6
 -82.000   35.000 -0.03312 8
 -82.000   36.000 -0.06143 8
 -82.000   37.000 -0.02520 3
 -82.000   38.000  0.00192 5
 -82.000   39.000  0.01482 8
 -82.000   40.000  0.01246 10
 -82.000   41.000  0.01823 6
 -82.000   42.000  0.01179 12
 -82.000   43.000  0.00491 21
 -82.000   44.000 -0.00188 13
 -82.000   45.000  0.00150 3
 -82.000   46.000  0.00454 5
 -82.000   47.000  0.01166 7
 -82.000   48.000 -0.00816 3
 -82.000   49.000 -0.00813 1
 -82.000   50.000 -0.01821 0
 -81.000   25.000  0.00835 0
 -81.000   26.000 -0.03217 2
 -81.000   27.000 -0.05240 1
 -81.000   28.000 -0.01779 1
 -81.000   29.000 -0.06589 3
 -81.000   30.000 -0.04220 3
 -81.000   31.000  0.01178 9
 -81.000   32.000  0.00981 4
 -81.000   33.000 -0.03063 9
 -81.000   34.000 -0.01228 6
 -81.000   35.000 -0.02364 7
 -81.000   36.000 -0.04717 6
 -81.000   37.000 -0.01787 6
 -81.000   38.000  0.00499 3
 -81.000   39.000  0.01286 7
 -81.000   40.000  0.01485 14
 -81.000   41.000  0.01606 8
 -81.000   42.000  0.01282 11
 -81.000   43.000  0.00659 10
 -81.000   44.000 -0.00121 5
 -81.000   45.000  0.00823 8
 -81.000   46.000  0.00656 6
 -81.000   47.000  0.01478 5
 -81.000   48.000  0.00261 5
 -81.000   49.000  0.00616 1
 -81.000   50.000 -0.00899 0
 -80.000   25.000  0.00607 0
 -80.000   26.000  0.00180 0
 -80.000   27.000 -0.04269 7
 -80.000   28.000 -0.00847 1
 -80.000   29.000 -0.04791 1
 -80.000   30.000 -0.04432 3
 -80.000   31.000 -0.02278 2
 -80.000   32.000  0.00184 1
 -80.000   33.000 -0.03529 1
 -80.000   34.000 -0.01152 1
 -80.000   35.000 -0.01070 6
 -80.000   36.000 -0.02727 2
 -80.000   37.000 -0.00572 7
 -80.000   38.000  0.01383 5
 -80.000   39.000  0.01217 2
 -80.000   40.000  0.01458 6
 -80.000   41.000  0.00773 11
 -80.000   42.000  0.00137 5
 -80.000   43.000 -0.00813 6
 -80.000   44.000 -0.01246 7
 -80.000   45.000 -0.00324 6
 -80.000   46.000  0.00197 7
 -80.000   47.000  0.01614 9
 -80.000   48.000  0.01499 4
 -80.000   49.000  0.01856 3
 -80.000   50.000  0.01065 1
 -79.000   25.000 -0.00958 2
 -79.000   26.000 -0.00462 6
 -79.000   27.000 -0.04226 2
 -79.000   28.000 -0.02850 1
 -79.000   29.000 -0.06053 5
 -79.000   30.000 -0.05751 1
 -79.000   31.000 -0.04594 2
 -79.000   32.000 -0.02372 4
 -79.000   33.000 -0.04592 2
 -79.000   34.000 -0.03418 9
 -79.000   35.000 -0.02501 8
 -79.000   36.000 -0.03933 5
 -79.000   37.000 -0.02078 2
 -79.000   38.000 -0.00460 6
 -79.000   39.000  0.00018 2
 -79.000   40.000  0.00551 8
 -79.000   41.000 -0.00495 3
 -79.000   42.000 -0.01468 3
 -79.000   43.000 -0.01918 3
 -79.000   44.000 -0.01165 6
 -79.000   45.000 -0.00509 8
 -79.000   46.000  0.00553 23
 -79.000   47.000  0.01385 5
 -79.000   48.000  0.01094 10
 -79.000   49.000 -0.00028 3
 -79.000   50.000 -0.00716 1
 -78.000   25.000 -0.01971 0
 -78.000   26.000  0.00939 5
 -78.000   27.000 -0.01954 2
 -78.000   28.000 -0.01621 6
 -78.000   29.000 -0.01818 1
 -78.000   30.000 -0.03261 4
 -78.000   31.000 -0.05556 5
 -78.000   32.000 -0.02932 2
 -78.000   33.000 -0.03925 8
 -78.000   34.000 -0.03661 4
 -78.000   35.000 -0.02172 12
 -78.000   36.000 -0.01268 4
 -78.000   37.000 -0.01181 4
 -78.000   38.000 -0.00008 8
 -78.000   39.000 -0.00012 6
 -78.000   40.000  0.00269 12
 -78.000   41.000 -0.01569 2
 -78.000   42.000 -0.00446 5
 -78.000   43.000 -0.00002 4
 -78.000   44.000  0.00898 4
 -78.000   45.000  0.01479 2
 -78.000   46.000  0.02388 31
 -78.000   47.000  0.01573 11
 -78.000   48.000  0.00851 5
 -78.000   49.000 -0.00143 9
 -78.000   50.000 -0.00546 9
 -77.000   25.000 -0.01362 1
 -77.000   26.000 -0.00158 0
 -77.000   27.000 -0.01042 2
 -77.000   28.000 -0.00738 4
 -77.000   29.000  0.00062 7
 -77.000   30.000 -0.01136 6
 -77.000   31.000 -0.03078 8
 -77.000   32.000 -0.01066 1
 -77.000   33.000 -0.02579 5
 -77.000   34.000 -0.04222 5
 -77.000   35.000 -0.03768 6
 -77.000   36.000 -0.01879 4
 -77.000   37.000 -0.03821 6
 -77.000   38.000 -0.02243 3
 -77.000   39.000 -0.01737 6
 -77.000   40.000 -0.01234 5
 -77.000   41.000 -0.03595 4
 -77.000   42.000 -0.01533 2
 -77.000   43.000 -0.00690 3
 -77.000   44.000  0.00532 3
 -77.000   45.000  0.00789 3
 -77.000   46.000  0.01823 9
 -77.000   47.000  0.00513 6
 -77.000   48.000  0.00685 6
 -77.000   49.000 -0.00253 6
 -77.000   50.000  0.00187 0
 -76.000   25.000 -0.00452 0
 -76.000   26.000 -0.00862 0
 -76.000   27.000 -0.01034 1
 -76.000   28.000 -0.03911 2
 -76.000   29.000 -0.02506 6
 -76.000   30.000 -0.02336 2
 -76.000   31.000 -0.03648 11
 -76.000   32.000 -0.01180 6
 -76.000   33.000 -0.00691 7
 -76.000   34.000 -0.03487 10
 -76.000   35.000 -0.02820 4
 -76.000   36.000 -0.00875 2
 -76.000   37.000 -0.03097 4
 -76.000   38.000 -0.01635 9
 -76.000   39.000 -0.00934 5
 -76.000   40.000 -0.02103 3
 -76.000   41.000 -0.05197 4
 -76.000   42.000 -0.04928 3
 -76.000   43.000 -0.03379 4
 -76.000   44.000 -0.02456 3
 -76.000   45.000 -0.01848 4
 -76.000   46.000  0.00449 4
 -76.000   47.000  0.00343 7
 -76.000   48.000  0.00728 15
 -76.000   49.000  0.00604 4
 -76.000   50.000  0.01765 6
 -75.000   25.000  0.01042 0
 -75.000   26.000 -0.00695 0
 -75.000   27.000  0.00334 0
 -75.000   28.000 -0.01258 3
 -75.000   29.000 -0.00524 2
 -75.000   30.000  0.00755 5
 -75.000   31.000 -0.00091 7
 -75.000   32.000  0.00936 5
 -75.000   33.000  0.01087 15
 -75.000   34.000 -0.02150 3
 -75.000   35.000 -0.04058 5
 -75.000   36.000 -0.01549 6
 -75.000   37.000 -0.03844 9
 -75.000   38.000 -0.03617 3
 -75.000   39.000 -0.01680 6
 -75.000   40.000 -0.03222 5
 -75.000   41.000 -0.06834 3
 -75.000   42.000 -0.06664 5
 -75.000   43.000 -0.03937 4
 -75.000   44.000 -0.03255 1
 -75.000   45.000 -0.01220 1
 -75.000   46.000  0.00989 4
 -75.000   47.000  0.00948 6
 -75.000   48.000  0.00413 4
 -75.000   49.000  0.00373 6
 -75.000   50.000  0.00628 5
 -74.000   25.000  0.01591 0
 -74.000   26.000  0.00274 0
 -74.000   27.000  0.01113 1
 -74.000   28.000  0.00867 1
 -74.000   29.000  0.00801 3
 -74.000   30.000  0.01473 7
 -74.000   31.000  0.00081 6
 -74.000   32.000  0.02309 7
 -74.000   33.000  0.02828 8
 -74.000   34.000  0.00037 2
 -74.000   35.000 -0.02543 4
 -74.000   36.000  0.00062 10
 -74.000   37.000 -0.03601 2
 -74.000   38.000 -0.04249 6
 -74.000   39.000 -0.02275 1
 -74.000   40.000 -0.03375 3
 -74.000   41.000 -0.06272 3
 -74.000   42.000 -0.05433 6
 -74.000   43.000 -0.02982 2
 -74.000   44.000 -0.02980 1
 -74.000   45.000 -0.00056 1
 -74.000   46.000  0.01976 2
 -74.000   47.000  0.01097 6
 -74.000   48.000  0.00734 6
 -74.000   49.000  0.02020 5
 -74.000   50.000  0.01240 3
 -73.000   25.000 -0.00528 0
 -73.000   26.000 -0.01670 0
 -73.000   27.000 -0.00828 1
 -73.000   28.000  0.00757 2
 -73.000   29.000  0.00635 0
 -73.000   30.000  0.02332 3
 -73.000   31.000  0.02385 1
 -73.000   32.000  0.04246 3
 -73.000   33.000  0.05178 3
 -73.000   34.000  0.01400 4
 -73.000   35.000 -0.00741 13
 -73.000   36.000  0.00503 4
 -73.000   37.000 -0.02400 7
 -73.000   38.000 -0.05367 3
 -73.000   39.000 -0.02177 8
 -73.000   40.000 -0.03316 3
 -73.000   41.000 -0.05710 4
 -73.000   42.000 -0.06606 2
 -73.000   43.000 -0.04707 1
 -73.000   44.000 -0.04890 1
 -73.000   45.000 -0.01791 2
 -73.000   46.000  0.00176 6
 -73.000   47.000  0.00898 2
 -73.000   48.000  0.01332 4
 -73.000   49.000  0.02782 7
 -73.000   50.000  0.01710 4
 -72.000   25.000 -0.00528 0
 -72.000   26.000 -0.01431 0
 -72.000   27.000 -0.01146 0
 -72.000   28.000  0.00520 0
 -72.000   29.000  0.00118 0
 -72.000   30.000  0.01954 2
 -72.000   31.000  0.02738 2
 -72.000   32.000  0.04926 0
 -72.000   33.000  0.06055 1
 -72.000   34.000  0.02675 1
 -72.000   35.000  0.01465 8
 -72.000   36.000  0.02441 14
 -72.000   37.000  0.00200 2
 -72.000   38.000 -0.02960 9
 -72.000   39.000  0.00403 4
 -72.000   40.000 -0.01619 6
 -72.000   41.000 -0.04244 7
 -72.000   42.000 -0.05671 3
 -72.000   43.000 -0.04158 0
 -72.000   44.000 -0.04587 1
 -72.000   45.000 -0.01375 2
 -72.000   46.000  0.00175 4
 -72.000   47.000  0.01507 3
 -72.000   48.000  0.01913 4
 -72.000   49.000  0.03451 3
 -72.000   50.000  0.02103 4
 -71.000   25.000  0.00300 0
 -71.000   26.000 -0.00191 0
 -71.000   27.000 -0.00152 0
 -71.000   28.000  0.01421 0
 -71.000   29.000  0.00723 0
 -71.000   30.000  0.01708 2
 -71.000   31.000  0.02139 0
 -71.000   32.000  0.03990 0
 -71.000   33.000  0.05251 2
 -71.000   34.000  0.01436 0
 -71.000   35.000 -0.01310 1
 -71.000   36.000 -0.00829 19
 -71.000   37.000 -0.02903 9
 -71.000   38.000 -0.05768 3
 -71.000   39.000 -0.01800 7
 -71.000   40.000 -0.01433 7
 -71.000   41.000 -0.02744 4
 -71.000   42.000 -0.02823 4
 -71.000   43.000 -0.01592 0
 -71.000   44.000 -0.01596 0
 -71.000   45.000  0.00379 0
 -71.000   46.000  0.00733 6
 -71.000   47.000  0.00925 2
 -71.000   48.000  0.00702 3
 -71.000   49.000  0.01565 5
 -71.000   50.000  0.00817 7
 -70.000   25.000  0.00000 0
 -70.000   26.000  0.00000 0
 -70.000   27.000  0.00000 0
 -70.000   28.000  0.00493 0
 -70.000   29.000  0.00170 0
 -70.000   30.000  0.00170 0
 -70.000   31.000  0.00601 0
 -70.000   32.000  0.03046 0
 -70.000   33.000  0.04870 1
 -70.000   34.000  0.00777 1
 -70.000   35.000 -0.01499 0
 -70.000   36.000 -0.02519 4
 -70.000   37.000 -0.05143 4
 -70.000   38.000 -0.07441 6
 -70.000   39.000 -0.04181 8
 -70.000   40.000 -0.02125 2
 -70.000   41.000 -0.00650 3
 -70.000   42.000  0.00129 2
 -70.000   43.000  0.01734 0
 -70.000   44.000  0.02453 0
 -70.000   45.000  0.02466 0
 -70.000   46.000  0.01816 0
 -70.000   47.000  0.01919 2
 -70.000   48.000  0.01393 6
 -70.000   49.000  0.02289 3
 -70.000   50.000  0.03397 4
 -69.000   25.000  0.00000 0
 -69.000   26.000  0.00000 0
 -69.000   27.000  0.00000 0
 -69.000   28.000  0.01150 0
 -69.000   29.000  0.01150 0
 -69.000   30.000  0.01150 0
 -69.000   31.000  0.01374 0
 -69.000   32.000  0.02491 0
 -69.000   33.000  0.02755 2
 -69.000   34.000 -0.00653 2
 -69.000   35.000 -0.02939 0
 -69.000   36.000 -0.03774 3
 -69.000   37.000 -0.04904 4
 -69.000   38.000 -0.06537 5
 -69.000   39.000 -0.03860 5
 -69.000   40.000 -0.02024 5
 -69.000   41.000 -0.00528 1
 -69.000   42.000  0.00045 1
 -69.000   43.000  0.01633 0
 -69.000   44.000  0.02414 0
 -69.000   45.000  0.01847 1
 -69.000   46.000  0.01050 4
 -69.000   47.000  0.01218 2
 -69.000   48.000  0.02274 2
 -69.000   49.000  0.02780 2
 -69.000   50.000  0.05405 3
 -68.000   25.000  0.00000 0
 -68.000   26.000  0.00000 0
 -68.000   27.000  0.00000 0
 -68.000   28.000  0.00000 0
 -68.000   29.000  0.00000 0
 -68.000   30.000  0.00000 0
 -68.000   31.000 -0.00136 0
 -68.000   32.000  0.00981 0
 -68.000   33.000  0.00981 0
 -68.000   34.000 -0.01965 0
 -68.000   35.000 -0.04379 0
 -68.000   36.000 -0.04603 1
 -68.000   37.000 -0.05431 4
 -68.000   38.000 -0.05275 4
 -68.000   39.000 -0.02780 5
 -68.000   40.000 -0.00438 5
 -68.000   41.000  0.00762 3
 -68.000   42.000  0.00773 2
 -68.000   43.000  0.02394 1
 -68.000   44.000  0.02933 3
 -68.000   45.000  0.01706 1
 -68.000   46.000  0.00797 0
 -68.000   47.000  0.02094 3
 -68.000   48.000  0.01940 2
 -68.000   49.000  0.02315 2
 -68.000   50.000  0.05252 3
 -67.000   25.000  0.00000 0
 -67.000   26.000  0.00000 0
 -67.000   27.000  0.00000 0
 -67.000   28.000  0.00000 0
 -67.000   29.000  0.00000 0
 -67.000   30.000  0.00000 0
 -67.000   31.000 -0.00552 0
 -67.000   32.000 -0.00181 0
 -67.000   33.000 -0.00181 0
 -67.000   34.000 -0.03227 0
 -67.000   35.000 -0.06604 0
 -67.000   36.000 -0.06727 0
 -67.000   37.000 -0.07271 1
 -67.000   38.000 -0.07406 0
 -67.000   39.000 -0.04976 2
 -67.000   40.000 -0.01328 3
 -67.000   41.000  0.00187 4
 -67.000   42.000  0.00661 8
 -67.000   43.000  0.02042 0
 -67.000   44.000  0.02746 2
 -67.000   45.000  0.01385 3
 -67.000   46.000  0.00694 2
 -67.000   47.000  0.01631 0
 -67.000   48.000  0.02174 0
 -67.000   49.000  0.02608 2
 -67.000   50.000  0.05291 1
 -66.000   25.000  0.00000 0
 -66.000   26.000  0.00000 0
 -66.000   27.000  0.00000 0
 -66.000   28.000  0.00000 0
 -66.000   29.000  0.00000 0
 -66.000   30.000  0.00000 0
 -66.000   31.000  0.00000 0
 -66.000   32.000  0.00000 0
 -66.000   33.000  0.00000 0
 -66.000   34.000 -0.02005 0
 -66.000   35.000 -0.03988 0
 -66.000   36.000 -0.04622 0
 -66.000   37.000 -0.05237 0
 -66.000   38.000 -0.05537 0
 -66.000   39.000 -0.03926 0
 -66.000   40.000 -0.01364 5
 -66.000   41.000  0.00320 10
 -66.000   42.000  0.01311 9
 -66.000   43.000  0.02412 1
 -66.000   44.000  0.03277 1
 -66.000   45.000  0.02284 1
 -66.000   46.000  0.01700 1
 -66.000   47.000  0.02588 0
 -66.000   48.000  0.04019 0
 -66.000   49.000  0.04435 2
 -66.000   50.000  0.06604 2
 -65.000   25.000  0.00000 0
 -65.000   26.000  0.00000 0
 -65.000   27.000  0.00000 0
 -65.000   28.000  0.00000 0
 -65.000   29.000  0.00000 0
 -65.000   30.000  0.00000 0
 -65.000   31.000  0.00000 0
 -65.000   32.000  0.00000 0
 -65.000   33.000  0.00000 0
 -65.000   34.000  0.00000 0
 -65.000   35.000 -0.01055 0
 -65.000   36.000 -0.01055 0
 -65.000   37.000 -0.01558 0
 -65.000   38.000 -0.01892 0
 -65.000   39.000 -0.01675 0
 -65.000   40.000  0.00274 5
 -65.000   41.000  0.00196 2
 -65.000   42.000  0.00586 1
 -65.000   43.000  0.00392 0
 -65.000   44.000  0.00803 0
 -65.000   45.000  0.00109 2
 -65.000   46.000  0.00187 0
 -65.000   47.000  0.01144 1
 -65.000   48.000  0.03932 0
 -65.000   49.000  0.04131 0
 -65.000   50.000  0.05174 2
