-130.000   25.000  0.00000 0
-130.000   26.000  0.00000 0
-130.000   27.000  0.00000 0
-130.000   28.000  0.00000 0
-130.000   29.000  0.00000 0
-130.000   30.000  0.00000 0
-130.000   31.000  0.00000 0
-130.000   32.000  0.00000 0
-130.000   33.000  0.00000 0
-130.000   34.000  0.00000 0
-130.000   35.000  0.00000 0
-130.000   36.000  0.00000 0
-130.000   37.000  0.00000 0
-130.000   38.000  0.00000 0
-130.000   39.000  0.00000 0
-130.000   40.000  0.00000 0
-130.000   41.000  0.00000 0
-130.000   42.000  0.00000 0
-130.000   43.000  0.00000 0
-130.000   44.000  0.00000 0
-130.000   45.000  0.00000 0
-130.000   46.000  0.01085 0
-130.000   47.000  0.01742 0
-130.000   48.000  0.02114 0
-130.000   49.000  0.02642 0
-130.000   50.000  0.03523 0
-129.000   25.000  0.00000 0
-129.000   26.000  0.00000 0
-129.000   27.000  0.00000 0
-129.000   28.000  0.00000 0
-129.000   29.000  0.00000 0
-129.000   30.000  0.00000 0
-129.000   31.000  0.00000 0
-129.000   32.000  0.00000 0
-129.000   33.000  0.00000 0
-129.000   34.000  0.00000 0
-129.000   35.000  0.00000 0
-129.000   36.000  0.00000 0
-129.000   37.000  0.00000 0
-129.000   38.000  0.00000 0
-129.000   39.000  0.00000 0
-129.000   40.000  0.00000 0
-129.000   41.000  0.00380 0
-129.000   42.000  0.00380 0
-129.000   43.000  0.00380 0
-129.000   44.000  0.00380 0
-129.000   45.000 -0.00064 0
-129.000   46.000  0.00273 0
-129.000   47.000  0.00722 0
-129.000   48.000  0.01001 3
-129.000   49.000  0.01251 9
-129.000   50.000  0.02409 4
-128.000   25.000  0.00000 0
-128.000   26.000  0.00000 0
-128.000   27.000  0.00000 0
-128.000   28.000  0.00000 0
-128.000   29.000  0.00000 0
-128.000   30.000  0.00000 0
-128.000   31.000  0.00000 0
-128.000   32.000  0.00000 0
-128.000   33.000  0.00000 0
-128.000   34.000  0.00000 0
-128.000   35.000  0.00000 0
-128.000   36.000  0.00000 0
-128.000   37.000 -0.00295 0
-128.000   38.000 -0.00256 0
-128.000   39.000 -0.00258 0
-128.000   40.000 -0.00249 0
-128.000   41.000  0.00329 0
-128.000   42.000  0.00713 0
-128.000   43.000  0.00683 0
-128.000   44.000  0.00532 0
-128.000   45.000  0.00178 0
-128.000   46.000  0.00301 0
-128.000   47.000  0.00731 0
-128.000   48.000  0.00706 2
-128.000   49.000  0.01073 1
-128.000   50.000  0.02007 4
-127.000   25.000  0.00000 0
-127.000   26.000  0.00000 0
-127.000   27.000  0.00000 0
-127.000   28.000  0.00000 0
-127.000   29.000  0.00000 0
-127.000   30.000  0.00000 0
-127.000   31.000  0.00000 0
-127.000   32.000  0.00000 0
-127.000   33.000  0.00000 0
-127.000   34.000  0.00235 0
-127.000   35.000  0.00295 0
-127.000   36.000  0.00426 0
-127.000   37.000  0.00118 0
-127.000   38.000  0.00136 0
-127.000   39.000  0.00002 0
-127.000   40.000  0.00061 0
-127.000   41.000  0.00640 0
-127.000   42.000  0.01074 0
-127.000   43.000  0.01042 1
-127.000   44.000  0.00690 0
-127.000   45.000  0.00204 0
-127.000   46.000  0.00116 0
-127.000   47.000  0.00266 1
-127.000   48.000 -0.00148 11
-127.000   49.000  0.00129 4
-127.000   50.000  0.00785 0
-126.000   25.000  0.00000 0
-126.000   26.000  0.00000 0
-126.000   27.000  0.00000 0
-126.000   28.000  0.00000 0
-126.000   29.000  0.00000 0
-126.000   30.000  0.00000 0
-126.000   31.000  0.00000 0
-126.000   32.000  0.00000 0
-126.000   33.000  0.00000 0
-126.000   34.000  0.00601 0
-126.000   35.000  0.00730 0
-126.000   36.000  0.00989 0
-126.000   37.000  0.00836 0
-126.000   38.000  0.00948 0
-126.000   39.000  0.00408 3
-126.000   40.000  0.00455 13
-126.000   41.000  0.00832 39
-126.000   42.000  0.00957 31
-126.000   43.000  0.00710 58
-126.000   44.000  0.00229 40
-126.000   45.000 -0.00445 44
-126.000   46.000 -0.00835 33
-126.000   47.000 -0.00632 54
-126.000   48.000 -0.01391 48
-126.000   49.000 -0.01213 21
-126.000   50.000 -0.00788 28
-125.000   25.000  0.00000 0
-125.000   26.000  0.00000 0
-125.000   27.000  0.00000 0
-125.000   28.000  0.00000 0
-125.000   29.000  0.00000 0
-125.000   30.000  0.00000 0
-125.000   31.000  0.00000 0
-125.000   32.000  0.00000 0
-125.000   33.000  0.00073 0
-125.000   34.000  0.00711 0
-125.000   35.000  0.00877 0
-125.000   36.000  0.01225 1
-125.000   37.000  0.01231 20
-125.000   38.000  0.01385 21
-125.000   39.000  0.00889 46
-125.000   40.000  0.00943 65
-125.000   41.000  0.01288 94
-125.000   42.000  0.01240 108
-125.000   43.000  0.00804 118
-125.000   44.000  0.00143 95
-125.000   45.000 -0.00611 100
-125.000   46.000 -0.01453 134
-125.000   47.000 -0.01599 169
-125.000   48.000 -0.02330 149
-125.000   49.000 -0.02265 38
-125.000   50.000 -0.02131 6
-124.000   25.000  0.00000 0
-124.000   26.000  0.00000 0
-124.000   27.000  0.00000 0
-124.000   28.000  0.00000 0
-124.000   29.000  0.00000 0
-124.000   30.000  0.00000 0
-124.000   31.000  0.00181 0
-124.000   32.000  0.00077 0
-124.000   33.000  0.00166 0
-124.000   34.000  0.00885 0
-124.000   35.000  0.01202 0
-124.000   36.000  0.01482 9
-124.000   37.000  0.01777 21
-124.000   38.000  0.02101 30
-124.000   39.000  0.01669 77
-124.000   40.000  0.01471 76
-124.000   41.000  0.01340 119
-124.000   42.000  0.01169 59
-124.000   43.000  0.00371 90
-124.000   44.000 -0.00527 59
-124.000   45.000 -0.00717 107
-124.000   46.000 -0.01317 96
-124.000   47.000 -0.01459 123
-124.000   48.000 -0.01778 141
-124.000   49.000 -0.01458 81
-124.000   50.000 -0.01828 19
-123.000   25.000  0.00000 0
-123.000   26.000  0.00000 0
-123.000   27.000  0.00000 0
-123.000   28.000  0.00000 0
-123.000   29.000  0.00000 0
-123.000   30.000 -0.00051 0
-123.000   31.000  0.00094 0
-123.000   32.000  0.00035 0
-123.000   33.000  0.00191 0
-123.000   34.000  0.01005 0
-123.000   35.000  0.01397 31
-123.000   36.000  0.01803 34
-123.000   37.000  0.02392 61
-123.000   38.000  0.02613 67
-123.000   39.000  0.02069 96
-123.000   40.000  0.01819 76
-123.000   41.000  0.01284 81
-123.000   42.000  0.00819 91
-123.000   43.000  0.00028 79
-123.000   44.000 -0.00772 68
-123.000   45.000 -0.00995 101
-123.000   46.000 -0.01454 97
-123.000   47.000 -0.01701 87
-123.000   48.000 -0.01734 82
-123.000   49.000 -0.01505 32
-123.000   50.000 -0.01785 1
-122.000   25.000  0.00000 0
-122.000   26.000  0.00000 0
-122.000   27.000  0.00000 0
-122.000   28.000  0.00000 0
-122.000   29.000  0.00000 0
-122.000   30.000 -0.00085 0
-122.000   31.000  0.00106 0
-122.000   32.000  0.00033 0
-122.000   33.000  0.00174 3
-122.000   34.000  0.00878 29
-122.000   35.000  0.01415 44
-122.000   36.000  0.01685 66
-122.000   37.000  0.02263 128
-122.000   38.000  0.02496 101
-122.000   39.000  0.02178 133
-122.000   40.000  0.01723 106
-122.000   41.000  0.01258 127
-122.000   42.000  0.00834 108
-122.000   43.000  0.00133 105
-122.000   44.000 -0.00720 92
-122.000   45.000 -0.00708 117
-122.000   46.000 -0.01004 127
-122.000   47.000 -0.00885 95
-122.000   48.000 -0.00742 63
-122.000   49.000 -0.00343 43
-122.000   50.000 -0.00472 17
-121.000   25.000  0.00000 0
-121.000   26.000  0.00000 0
-121.000   27.000  0.00000 0
-121.000   28.000  0.00000 0
-121.000   29.000 -0.00033 0
-121.000   30.000 -0.00091 0
-121.000   31.000  0.00121 0
-121.000   32.000  0.00093 17
-121.000   33.000  0.00192 47
-121.000   34.000  0.00714 99
-121.000   35.000  0.01158 123
-121.000   36.000  0.01517 124
-121.000   37.000  0.01900 137
-121.000   38.000  0.01921 89
-121.000   39.000  0.01831 113
-121.000   40.000  0.01412 87
-121.000   41.000  0.00961 77
-121.000   42.000  0.00798 84
-121.000   43.000  0.00315 87
-121.000   44.000 -0.00525 70
-121.000   45.000 -0.00483 137
-121.000   46.000 -0.01068 147
-121.000   47.000 -0.01020 103
-121.000   48.000 -0.00666 70
-121.000   49.000 -0.00282 25
-121.000   50.000 -0.00390 10
-120.000   25.000  0.00000 0
-120.000   26.000  0.00000 0
-120.000   27.000  0.00000 0
-120.000   28.000  0.00000 0
-120.000   29.000  0.00063 0
-120.000   30.000 -0.00027 0
-120.000   31.000  0.00243 0
-120.000   32.000  0.00340 46
-120.000   33.000  0.00399 142
-120.000   34.000  0.00899 204
-120.000   35.000  0.01403 350
-120.000   36.000  0.01718 161
-120.000   37.000  0.01847 124
-120.000   38.000  0.02002 81
-120.000   39.000  0.01908 75
-120.000   40.000  0.01580 53
-120.000   41.000  0.01205 57
-120.000   42.000  0.01177 91
-120.000   43.000  0.00681 85
-120.000   44.000 -0.00267 111
-120.000   45.000 -0.00296 128
-120.000   46.000 -0.00882 123
-120.000   47.000 -0.00857 115
-120.000   48.000 -0.00333 65
-120.000   49.000  0.00182 22
-120.000   50.000  0.00147 6
-119.000   25.000  0.00000 0
-119.000   26.000  0.00000 0
-119.000   27.000  0.00000 0
-119.000   28.000  0.00000 0
-119.000   29.000  0.00089 0
-119.000   30.000  0.00078 0
-119.000   31.000  0.00169 2
-119.000   32.000  0.00443 158
-119.000   33.000  0.00625 172
-119.000   34.000  0.01064 251
-119.000   35.000  0.01326 260
-119.000   36.000  0.01812 132
-119.000   37.000  0.01549 153
-119.000   38.000  0.01565 61
-119.000   39.000  0.01456 69
-119.000   40.000  0.01289 29
-119.000   41.000  0.00892 53
-119.000   42.000  0.00957 42
-119.000   43.000  0.00795 47
-119.000   44.000  0.00037 87
-119.000   45.000 -0.00095 114
-119.000   46.000 -0.00446 143
-119.000   47.000 -0.00350 90
-119.000   48.000 -0.00404 40
-119.000   49.000 -0.00082 37
-119.000   50.000 -0.00029 3
-118.000   25.000  0.00000 0
-118.000   26.000  0.00000 0
-118.000   27.000  0.00000 0
-118.000   28.000  0.00203 0
-118.000   29.000  0.00313 0
-118.000   30.000  0.00371 0
-118.000   31.000  0.00604 33
-118.000   32.000  0.00823 304
-118.000   33.000  0.00761 306
-118.000   34.000  0.01090 383
-118.000   35.000  0.01392 162
-118.000   36.000  0.01785 162
-118.000   37.000  0.01270 113
-118.000   38.000  0.01119 54
-118.000   39.000  0.01058 56
-118.000   40.000  0.00851 39
-118.000   41.000  0.00416 84
-118.000   42.000  0.00617 54
-118.000   43.000  0.00642 74
-118.000   44.000 -0.00031 68
-118.000   45.000 -0.00297 94
-118.000   46.000 -0.00790 80
-118.000   47.000 -0.00535 70
-118.000   48.000 -0.00434 50
-118.000   49.000 -0.00173 28
-118.000   50.000 -0.00046 8
-117.000   25.000  0.00000 0
-117.000   26.000  0.00000 0
-117.000   27.000  0.00000 0
-117.000   28.000  0.00203 0
-117.000   29.000  0.00305 0
-117.000   30.000  0.00463 0
-117.000   31.000  0.00596 87
-117.000   32.000  0.00873 290
-117.000   33.000  0.00773 335
-117.000   34.000  0.01012 250
-117.000   35.000  0.01129 167
-117.000   36.000  0.01803 173
-117.000   37.000  0.01240 92
-117.000   38.000  0.01453 38
-117.000   39.000  0.01372 116
-117.000   40.000  0.01184 91
-117.000   41.000  0.00400 289
-117.000   42.000  0.00600 95
-117.000   43.000  0.00339 86
-117.000   44.000 -0.00043 52
-117.000   45.000 -0.00347 70
-117.000   46.000 -0.00793 89
-117.000   47.000 -0.00518 32
-117.000   48.000 -0.00300 26
-117.000   49.000 -0.00224 15
-117.000   50.000  0.00064 4
-116.000   25.000  0.00000 0
-116.000   26.000  0.00000 0
-116.000   27.000  0.00000 0
-116.000   28.000  0.00047 0
-116.000   29.000  0.00174 0
-116.000   30.000  0.00216 2
-116.000   31.000  0.00332 140
-116.000   32.000  0.00606 261
-116.000   33.000  0.00744 233
-116.000   34.000  0.00849 355
-116.000   35.000  0.01116 241
-116.000   36.000  0.01536 90
-116.000   37.000  0.00907 87
-116.000   38.000  0.01197 33
-116.000   39.000  0.01214 123
-116.000   40.000  0.01071 39
-116.000   41.000  0.00399 63
-116.000   42.000  0.00783 70
-116.000   43.000  0.00527 104
-116.000   44.000  0.00335 98
-116.000   45.000 -0.00013 108
-116.000   46.000 -0.00064 48
-116.000   47.000  0.00024 65
-116.000   48.000  0.00092 41
-116.000   49.000  0.00046 16
-116.000   50.000  0.00363 7
-115.000   25.000  0.00000 0
-115.000   26.000  0.00000 0
-115.000   27.000  0.00000 0
-115.000   28.000  0.00236 0
-115.000   29.000 -0.00064 0
-115.000   30.000 -0.00066 0
-115.000   31.000 -0.00001 142
-115.000   32.000  0.00202 284
-115.000   33.000  0.00181 152
-115.000   34.000  0.00755 173
-115.000   35.000  0.01014 103
-115.000   36.000  0.01701 91
-115.000   37.000  0.01261 70
-115.000   38.000  0.01452 41
-115.000   39.000  0.01220 160
-115.000   40.000  0.00910 26
-115.000   41.000 -0.00092 28
-115.000   42.000  0.00219 47
-115.000   43.000  0.00054 68
-115.000   44.000  0.00249 59
-115.000   45.000  0.00189 52
-115.000   46.000  0.00245 35
-115.000   47.000  0.00463 47
-115.000   48.000  0.00462 19
-115.000   49.000  0.00282 24
-115.000   50.000  0.00564 8
-114.000   25.000  0.00000 0
-114.000   26.000  0.00000 0
-114.000   27.000  0.00000 0
-114.000   28.000  0.00128 0
-114.000   29.000 -0.00102 0
-114.000   30.000 -0.00243 2
-114.000   31.000 -0.00236 109
-114.000   32.000  0.00021 103
-114.000   33.000  0.00208 176
-114.000   34.000  0.00761 89
-114.000   35.000  0.01259 102
-114.000   36.000  0.02005 63
-114.000   37.000  0.01705 83
-114.000   38.000  0.01699 28
-114.000   39.000  0.01473 274
-114.000   40.000  0.01122 29
-114.000   41.000  0.00199 63
-114.000   42.000  0.00348 58
-114.000   43.000  0.00002 56
-114.000   44.000  0.00065 32
-114.000   45.000  0.00155 45
-114.000   46.000  0.00219 51
-114.000   47.000  0.00508 30
-114.000   48.000  0.00870 14
-114.000   49.000  0.00888 16
-114.000   50.000  0.01023 6
-113.000   25.000  0.00000 0
-113.000   26.000  0.00000 0
-113.000   27.000  0.00000 0
-113.000   28.000 -0.00182 0
-113.000   29.000 -0.00492 0
-113.000   30.000 -0.00578 8
-113.000   31.000 -0.00712 48
-113.000   32.000 -0.00304 59
-113.000   33.000  0.00294 123
-113.000   34.000  0.00937 63
-113.000   35.000  0.01284 87
-113.000   36.000  0.02073 59
-113.000   37.000  0.02061 44
-113.000   38.000  0.02187 28
-113.000   39.000  0.02038 53
-113.000   40.000  0.01697 30
-113.000   41.000  0.00873 40
-113.000   42.000  0.00709 107
-113.000   43.000  0.00155 78
-113.000   44.000  0.00141 102
-113.000   45.000  0.00400 70
-113.000   46.000  0.00769 35
-113.000   47.000  0.01064 29
-113.000   48.000  0.01616 26
-113.000   49.000  0.01809 13
-113.000   50.000  0.02112 5
-112.000   25.000  0.00000 0
-112.000   26.000  0.00000 0
-112.000   27.000 -0.00011 0
-112.000   28.000 -0.00142 0
-112.000   29.000 -0.00607 0
-112.000   30.000 -0.00837 28
-112.000   31.000 -0.00882 22
-112.000   32.000 -0.00392 62
-112.000   33.000  0.00227 66
-112.000   34.000  0.01089 74
-112.000   35.000  0.01498 44
-112.000   36.000  0.02015 50
-112.000   37.000  0.02049 41
-112.000   38.000  0.01623 44
-112.000   39.000  0.01433 42
-112.000   40.000  0.01170 81
-112.000   41.000  0.00547 27
-112.000   42.000  0.00088 43
-112.000   43.000 -0.00049 63
-112.000   44.000 -0.00149 121
-112.000   45.000  0.00156 97
-112.000   46.000  0.00741 25
-112.000   47.000  0.01277 29
-112.000   48.000  0.01939 22
-112.000   49.000  0.02292 17
-112.000   50.000  0.02685 7
-111.000   25.000  0.00000 0
-111.000   26.000  0.00000 0
-111.000   27.000 -0.00149 0
-111.000   28.000  0.00060 0
-111.000   29.000 -0.00286 0
-111.000   30.000 -0.00477 19
-111.000   31.000 -0.00467 29
-111.000   32.000  0.00081 65
-111.000   33.000  0.00102 63
-111.000   34.000  0.00744 65
-111.000   35.000  0.01066 96
-111.000   36.000  0.01566 72
-111.000   37.000  0.01870 45
-111.000   38.000  0.01717 38
-111.000   39.000  0.01758 47
-111.000   40.000  0.01414 40
-111.000   41.000  0.00888 34
-111.000   42.000  0.00101 92
-111.000   43.000  0.00030 39
-111.000   44.000 -0.00018 110
-111.000   45.000  0.00731 41
-111.000   46.000  0.01255 45
-111.000   47.000  0.02233 30
-111.000   48.000  0.02641 8
-111.000   49.000  0.02939 10
-111.000   50.000  0.03026 5
-110.000   25.000  0.00000 0
-110.000   26.000  0.00000 0
-110.000   27.000 -0.00969 0
-110.000   28.000 -0.00953 0
-110.000   29.000 -0.00846 2
-110.000   30.000 -0.00979 19
-110.000   31.000 -0.00989 21
-110.000   32.000  0.00294 45
-110.000   33.000  0.00519 73
-110.000   34.000  0.00480 58
-110.000   35.000  0.00711 38
-110.000   36.000  0.00999 44
-110.000   37.000  0.01157 54
-110.000   38.000  0.00962 40
-110.000   39.000  0.01341 53
-110.000   40.000  0.01158 41
-110.000   41.000  0.00883 84
-110.000   42.000  0.00314 154
-110.000   43.000  0.00222 40
-110.000   44.000  0.00104 63
-110.000   45.000  0.00726 43
-110.000   46.000  0.01366 34
-110.000   47.000  0.02215 32
-110.000   48.000  0.02949 22
-110.000   49.000  0.03276 9
-110.000   50.000  0.03471 7
-109.000   25.000  0.00000 0
-109.000   26.000  0.00000 0
-109.000   27.000 -0.00969 0
-109.000   28.000 -0.00961 0
-109.000   29.000 -0.00793 3
-109.000   30.000 -0.00881 19
-109.000   31.000 -0.00769 28
-109.000   32.000  0.00444 58
-109.000   33.000  0.00349 130
-109.000   34.000  0.00070 35
-109.000   35.000  0.00191 45
-109.000   36.000  0.00248 28
-109.000   37.000  0.00303 66
-109.000   38.000  0.00352 31
-109.000   39.000  0.00730 46
-109.000   40.000  0.00721 40
-109.000   41.000  0.00572 83
-109.000   42.000  0.00494 84
-109.000   43.000  0.00759 79
-109.000   44.000  0.00940 59
-109.000   45.000  0.01396 48
-109.000   46.000  0.02083 36
-109.000   47.000  0.02670 25
-109.000   48.000  0.03161 19
-109.000   49.000  0.03390 12
-109.000   50.000  0.03722 3
-108.000   25.000  0.00000 0
-108.000   26.000  0.00000 0
-108.000   27.000 -0.01092 0
-108.000   28.000 -0.00997 0
-108.000   29.000 -0.00742 1
-108.000   30.000 -0.00996 31
-108.000   31.000 -0.00863 28
-108.000   32.000  0.00332 32
-108.000   33.000  0.00084 75
-108.000   34.000 -0.00255 54
-108.000   35.000 -0.00086 109
-108.000   36.000 -0.00130 33
-108.000   37.000 -0.00109 46
-108.000   38.000  0.00100 29
-108.000   39.000  0.00330 67
-108.000   40.000  0.00455 53
-108.000   41.000  0.00467 62
-108.000   42.000  0.00588 82
-108.000   43.000  0.00824 76
-108.000   44.000  0.01334 82
-108.000   45.000  0.01791 39
-108.000   46.000  0.02272 44
-108.000   47.000  0.02465 38
-108.000   48.000  0.02497 25
-108.000   49.000  0.02300 6
-108.000   50.000  0.02238 6
-107.000   25.000  0.00000 0
-107.000   26.000  0.00736 0
-107.000   27.000 -0.00438 0
-107.000   28.000 -0.00355 0
-107.000   29.000  0.00006 0
-107.000   30.000 -0.00112 12
-107.000   31.000 -0.00600 64
-107.000   32.000  0.00515 87
-107.000   33.000  0.00291 56
-107.000   34.000 -0.00306 56
-107.000   35.000 -0.00266 64
-107.000   36.000 -0.00369 42
-107.000   37.000 -0.00414 51
-107.000   38.000 -0.00019 72
-107.000   39.000  0.00198 75
-107.000   40.000  0.00429 51
-107.000   41.000  0.00542 61
-107.000   42.000  0.00914 94
-107.000   43.000  0.01037 101
-107.000   44.000  0.01764 42
-107.000   45.000  0.02126 34
-107.000   46.000  0.02541 35
-107.000   47.000  0.02331 30
-107.000   48.000  0.02267 16
-107.000   49.000  0.01949 9
-107.000   50.000  0.01739 7
-106.000   25.000  0.00019 0
-106.000   26.000  0.00818 0
-106.000   27.000 -0.00259 0
-106.000   28.000 -0.00254 0
-106.000   29.000  0.00020 5
-106.000   30.000 -0.00188 20
-106.000   31.000 -0.00757 43
-106.000   32.000  0.00222 129
-106.000   33.000  0.00215 73
-106.000   34.000 -0.00269 74
-106.000   35.000 -0.00053 64
-106.000   36.000 -0.00164 70
-106.000   37.000 -0.00204 51
-106.000   38.000  0.00039 81
-106.000   39.000  0.00095 42
-106.000   40.000  0.00317 49
-106.000   41.000  0.00421 53
-106.000   42.000  0.00838 84
-106.000   43.000  0.01012 114
-106.000   44.000  0.01631 45
-106.000   45.000  0.01716 28
-106.000   46.000  0.02104 21
-106.000   47.000  0.01530 25
-106.000   48.000  0.01398 31
-106.000   49.000  0.01166 21
-106.000   50.000  0.01009 5
-105.000   25.000 -0.00010 0
-105.000   26.000  0.00949 0
-105.000   27.000  0.00649 0
-105.000   28.000  0.00694 24
-105.000   29.000  0.00791 33
-105.000   30.000  0.00573 85
-105.000   31.000 -0.00290 66
-105.000   32.000 -0.00080 98
-105.000   33.000 -0.00312 79
-105.000   34.000 -0.00618 73
-105.000   35.000 -0.00523 70
-105.000   36.000 -0.00624 62
-105.000   37.000 -0.00626 46
-105.000   38.000 -0.00124 51
-105.000   39.000 -0.00108 50
-105.000   40.000  0.00232 47
-105.000   41.000  0.00558 46
-105.000   42.000  0.00885 48
-105.000   43.000  0.00951 52
-105.000   44.000  0.01645 58
-105.000   45.000  0.01769 43
-105.000   46.000  0.02023 34
-105.000   47.000  0.01531 40
-105.000   48.000  0.00789 19
-105.000   49.000  0.00361 18
-105.000   50.000 -0.00079 11
-104.000   25.000 -0.00195 0
-104.000   26.000  0.00947 0
-104.000   27.000  0.00595 13
-104.000   28.000  0.00722 28
-104.000   29.000  0.00663 22
-104.000   30.000  0.00615 67
-104.000   31.000 -0.00434 74
-104.000   32.000 -0.00355 97
-104.000   33.000 -0.00600 91
-104.000   34.000 -0.00731 79
-104.000   35.000 -0.00577 112
-104.000   36.000 -0.00745 59
-104.000   37.000 -0.00572 49
-104.000   38.000 -0.00190 40
-104.000   39.000 -0.00168 27
-104.000   40.000  0.00010 64
-104.000   41.000  0.00527 33
-104.000   42.000  0.00748 43
-104.000   43.000  0.00750 38
-104.000   44.000  0.01365 40
-104.000   45.000  0.01352 48
-104.000   46.000  0.01257 51
-104.000   47.000  0.00740 41
-104.000   48.000  0.00089 23
-104.000   49.000 -0.00448 20
-104.000   50.000 -0.00854 12
-103.000   25.000  0.00245 0
-103.000   26.000  0.01451 0
-103.000   27.000  0.01042 26
-103.000   28.000  0.01407 10
-103.000   29.000  0.01453 25
-103.000   30.000  0.01300 67
-103.000   31.000  0.00092 76
-103.000   32.000  0.00113 82
-103.000   33.000 -0.00571 62
-103.000   34.000 -0.00958 51
-103.000   35.000 -0.00935 61
-103.000   36.000 -0.00993 56
-103.000   37.000 -0.00824 41
-103.000   38.000 -0.00373 41
-103.000   39.000 -0.00238 28
-103.000   40.000 -0.00047 40
-103.000   41.000  0.00240 34
-103.000   42.000  0.00422 50
-103.000   43.000  0.00428 36
-103.000   44.000  0.00972 47
-103.000   45.000  0.01071 47
-103.000   46.000  0.01167 31
-103.000   47.000  0.00873 32
-103.000   48.000  0.00383 26
-103.000   49.000  0.00056 18
-103.000   50.000 -0.00437 8
-102.000   25.000  0.00944 0
-102.000   26.000  0.01044 0
-102.000   27.000  0.00687 7
-102.000   28.000  0.00830 9
-102.000   29.000  0.00728 32
-102.000   30.000  0.00021 68
-102.000   31.000 -0.00510 76
-102.000   32.000 -0.00612 81
-102.000   33.000 -0.01269 43
-102.000   34.000 -0.01526 47
-102.000   35.000 -0.01307 28
-102.000   36.000 -0.01152 35
-102.000   37.000 -0.00826 43
-102.000   38.000 -0.00309 44
-102.000   39.000 -0.00229 42
-102.000   40.000 -0.00120 54
-102.000   41.000  0.00002 29
-102.000   42.000  0.00007 44
-102.000   43.000  0.00166 24
-102.000   44.000  0.00499 41
-102.000   45.000  0.00757 45
-102.000   46.000  0.00511 39
-102.000   47.000  0.00395 46
-102.000   48.000 -0.00142 17
-102.000   49.000 -0.00400 24
-102.000   50.000 -0.01068 7
-101.000   25.000  0.00560 0
-101.000   26.000  0.00727 0
-101.000   27.000  0.00398 11
-101.000   28.000  0.00390 29
-101.000   29.000  0.00259 53
-101.000   30.000 -0.00229 59
-101.000   31.000 -0.00832 82
-101.000   32.000 -0.00840 65
-101.000   33.000 -0.01253 80
-101.000   34.000 -0.01304 50
-101.000   35.000 -0.01247 33
-101.000   36.000 -0.01006 38
-101.000   37.000 -0.00909 34
-101.000   38.000 -0.00470 36
-101.000   39.000 -0.00445 44
-101.000   40.000 -0.00152 68
-101.000   41.000 -0.00019 45
-101.000   42.000  0.00233 31
-101.000   43.000  0.00176 36
-101.000   44.000  0.00688 51
-101.000   45.000  0.00945 42
-101.000   46.000  0.00766 49
-101.000   47.000  0.00788 47
-101.000   48.000  0.00793 20
-101.000   49.000  0.00572 35
-101.000   50.000  0.00083 11
-100.000   25.000  0.01365 0
-100.000   26.000  0.01290 5
-100.000   27.000  0.00832 16
-100.000   28.000  0.00949 49
-100.000   29.000  0.00410 90
-100.000   30.000 -0.00086 55
-100.000   31.000 -0.00448 79
-100.000   32.000 -0.00367 46
-100.000   33.000 -0.00691 50
-100.000   34.000 -0.00606 39
-100.000   35.000 -0.00381 72
-100.000   36.000 -0.00135 73
-100.000   37.000 -0.00057 59
-100.000   38.000  0.00062 65
-100.000   39.000  0.00018 36
-100.000   40.000  0.00017 44
-100.000   41.000 -0.00140 29
-100.000   42.000  0.00079 63
-100.000   43.000  0.00310 44
-100.000   44.000  0.00652 24
-100.000   45.000  0.00854 72
-100.000   46.000  0.00550 44
-100.000   47.000  0.00581 66
-100.000   48.000  0.01180 21
-100.000   49.000  0.01221 23
-100.000   50.000  0.01092 12
 -99.000   25.000  0.00481 6
 -99.000   26.000  0.00478 27
 -99.000   27.000  0.00192 26
 -99.000   28.000  0.00684 56
 -99.000   29.000  0.00478 57
 -99.000   30.000  0.00028 57
 -99.000   31.000 -0.00304 88
 -99.000   32.000 -0.00162 84
 -99.000   33.000 -0.00615 78
 -99.000   34.000 -0.00475 37
 -99.000   35.000 -0.00427 34
 -99.000   36.000  0.00004 52
 -99.000   37.000  0.00062 72
 -99.000   38.000  0.00139 67
 -99.000   39.000  0.00323 25
 -99.000   40.000  0.00325 43
 -99.000   41.000 -0.00002 20
 -99.000   42.000 -0.00086 57
 -99.000   43.000  0.00054 40
 -99.000   44.000 -0.00003 23
 -99.000   45.000  0.00204 49
 -99.000   46.000  0.00138 40
 -99.000   47.000  0.00560 43
 -99.000   48.000  0.01275 12
 -99.000   49.000  0.01576 18
 -99.000   50.000  0.01691 8
 -98.000   25.000  0.00003 0
 -98.000   26.000 -0.00004 18
 -98.000   27.000 -0.00183 42
 -98.000   28.000  0.00074 22
 -98.000   29.000 -0.00287 50
 -98.000   30.000 -0.00537 37
 -98.000   31.000 -0.00778 35
 -98.000   32.000 -0.00587 46
 -98.000   33.000 -0.00635 79
 -98.000   34.000 -0.00103 52
 -98.000   35.000  0.00166 38
 -98.000   36.000  0.00646 39
 -98.000   37.000  0.00639 53
 -98.000   38.000  0.00639 72
 -98.000   39.000  0.00598 35
 -98.000   40.000  0.00600 46
 -98.000   41.000  0.00351 28
 -98.000   42.000  0.00271 35
 -98.000   43.000  0.00383 63
 -98.000   44.000  0.00224 29
 -98.000   45.000  0.00157 49
 -98.000   46.000 -0.00283 37
 -98.000   47.000  0.00120 61
 -98.000   48.000  0.00951 18
 -98.000   49.000  0.01284 14
 -98.000   50.000  0.01531 12
 -97.000   25.000 -0.02473 4
 -97.000   26.000 -0.02239 10
 -97.000   27.000 -0.01624 18
 -97.000   28.000 -0.01583 13
 -97.000   29.000 -0.01818 58
 -97.000   30.000 -0.00417 56
 -97.000   31.000 -0.00346 87
 -97.000   32.000 -0.00366 38
 -97.000   33.000 -0.00195 65
 -97.000   34.000  0.00397 45
 -97.000   35.000  0.00429 79
 -97.000   36.000  0.00818 66
 -97.000   37.000  0.00782 81
 -97.000   38.000  0.00890 56
 -97.000   39.000  0.00779 52
 -97.000   40.000  0.00738 71
 -97.000   41.000  0.00640 16
 -97.000   42.000  0.00619 41
 -97.000   43.000  0.00510 38
 -97.000   44.000  0.00350 23
 -97.000   45.000  0.00212 32
 -97.000   46.000 -0.00079 26
 -97.000   47.000  0.00026 35
 -97.000   48.000  0.01034 16
 -97.000   49.000  0.01399 30
 -97.000   50.000  0.01787 12
 -96.000   25.000 -0.02107 0
 -96.000   26.000 -0.02181 0
 -96.000   27.000 -0.01254 19
 -96.000   28.000 -0.01108 24
 -96.000   29.000 -0.01262 23
 -96.000   30.000  0.00174 19
 -96.000   31.000  0.00493 34
 -96.000   32.000  0.00155 43
 -96.000   33.000  0.00193 62
 -96.000   34.000  0.00587 51
 -96.000   35.000  0.00484 65
 -96.000   36.000  0.00830 48
 -96.000   37.000  0.00930 41
 -96.000   38.000  0.01054 38
 -96.000   39.000  0.00940 29
 -96.000   40.000  0.00650 46
 -96.000   41.000  0.00529 24
 -96.000   42.000  0.00393 32
 -96.000   43.000  0.00311 30
 -96.000   44.000 -0.00060 39
 -96.000   45.000 -0.00164 39
 -96.000   46.000 -0.00606 25
 -96.000   47.000 -0.00856 35
 -96.000   48.000  0.00029 8
 -96.000   49.000  0.00375 15
 -96.000   50.000  0.00711 2
 -95.000   25.000 -0.02884 0
 -95.000   26.000 -0.02622 0
 -95.000   27.000 -0.01438 1
 -95.000   28.000 -0.01043 16
 -95.000   29.000 -0.00712 37
 -95.000   30.000  0.00783 24
 -95.000   31.000  0.00873 30
 -95.000   32.000  0.00427 33
 -95.000   33.000  0.00157 59
 -95.000   34.000  0.00550 63
 -95.000   35.000  0.00446 61
 -95.000   36.000  0.00930 51
 -95.000   37.000  0.00981 72
 -95.000   38.000  0.00893 47
 -95.000   39.000  0.00590 43
 -95.000   40.000  0.00154 58
 -95.000   41.000 -0.00130 44
 -95.000   42.000 -0.00315 33
 -95.000   43.000 -0.00224 27
 -95.000   44.000 -0.00615 35
 -95.000   45.000 -0.00543 74
 -95.000   46.000 -0.00746 30
 -95.000   47.000 -0.01074 43
 -95.000   48.000 -0.00532 20
 -95.000   49.000 -0.00195 22
 -95.000   50.000 -0.00053 3
 -94.000   25.000 -0.01814 0
 -94.000   26.000 -0.01810 0
 -94.000   27.000 -0.01064 0
 -94.000   28.000 -0.00917 6
 -94.000   29.000 -0.00966 22
 -94.000   30.000  0.00438 30
 -94.000   31.000  0.00628 47
 -94.000   32.000  0.00454 26
 -94.000   33.000  0.00423 48
 -94.000   34.000  0.00948 58
 -94.000   35.000  0.00932 67
 -94.000   36.000  0.01433 51
 -94.000   37.000  0.01469 54
 -94.000   38.000  0.01288 73
 -94.000   39.000  0.00734 32
 -94.000   40.000  0.00306 40
 -94.000   41.000 -0.00019 27
 -94.000   42.000 -0.00121 63
 -94.000   43.000  0.00000 43
 -94.000   44.000 -0.00076 30
 -94.000   45.000 -0.00141 63
 -94.000   46.000 -0.00602 46
 -94.000   47.000 -0.01027 39
 -94.000   48.000 -0.00871 17
 -94.000   49.000 -0.00894 17
 -94.000   50.000 -0.00870 1
 -93.000   25.000 -0.01776 0
 -93.000   26.000 -0.01553 0
 -93.000   27.000 -0.00426 0
 -93.000   28.000 -0.00203 3
 -93.000   29.000 -0.00115 21
 -93.000   30.000  0.01275 12
 -93.000   31.000  0.01373 19
 -93.000   32.000  0.00594 30
 -93.000   33.000  0.00397 41
 -93.000   34.000  0.00625 31
 -93.000   35.000  0.00482 26
 -93.000   36.000  0.00833 51
 -93.000   37.000  0.01055 36
 -93.000   38.000  0.00928 46
 -93.000   39.000  0.00694 39
 -93.000   40.000  0.00319 57
 -93.000   41.000  0.00080 33
 -93.000   42.000 -0.00083 35
 -93.000   43.000  0.00106 25
 -93.000   44.000 -0.00162 28
 -93.000   45.000 -0.00276 40
 -93.000   46.000 -0.00263 22
 -93.000   47.000 -0.00458 65
 -93.000   48.000 -0.00664 26
 -93.000   49.000 -0.00597 35
 -93.000   50.000 -0.00283 0
 -92.000   25.000  0.00000 0
 -92.000   26.000  0.00639 0
 -92.000   27.000  0.01120 0
 -92.000   28.000  0.01768 0
 -92.000   29.000  0.02023 10
 -92.000   30.000  0.02197 7
 -92.000   31.000  0.01774 28
 -92.000   32.000  0.01144 29
 -92.000   33.000  0.00724 44
 -92.000   34.000  0.00630 34
 -92.000   35.000  0.00753 30
 -92.000   36.000  0.01043 53
 -92.000   37.000  0.01117 35
 -92.000   38.000  0.00798 39
 -92.000   39.000  0.00717 74
 -92.000   40.000  0.00378 40
 -92.000   41.000  0.00002 32
 -92.000   42.000  0.00274 49
 -92.000   43.000  0.00333 69
 -92.000   44.000  0.00092 38
 -92.000   45.000 -0.00262 60
 -92.000   46.000 -0.00235 28
 -92.000   47.000 -0.00416 24
 -92.000   48.000 -0.00331 8
 -92.000   49.000 -0.00213 9
 -92.000   50.000  0.00376 2
 -91.000   25.000  0.00000 0
 -91.000   26.000  0.01448 0
 -91.000   27.000  0.01497 0
 -91.000   28.000  0.01879 2
 -91.000   29.000  0.02558 4
 -91.000   30.000  0.02425 9
 -91.000   31.000  0.01447 32
 -91.000   32.000  0.01146 16
 -91.000   33.000  0.00935 46
 -91.000   34.000  0.00437 31
 -91.000   35.000  0.00791 28
 -91.000   36.000  0.01032 46
 -91.000   37.000  0.00960 35
 -91.000   38.000  0.00653 46
 -91.000   39.000  0.00581 51
 -91.000   40.000  0.00555 44
 -91.000   41.000  0.00219 31
 -91.000   42.000  0.00592 25
 -91.000   43.000  0.00677 39
 -91.000   44.000  0.00384 51
 -91.000   45.000 -0.00125 36
 -91.000   46.000 -0.00128 49
 -91.000   47.000 -0.00370 14
 -91.000   48.000  0.00082 2
 -91.000   49.000  0.00333 14
 -91.000   50.000  0.00969 2
 -90.000   25.000  0.00000 0
 -90.000   26.000  0.01196 0
 -90.000   27.000  0.00934 0
 -90.000   28.000  0.01081 1
 -90.000   29.000  0.01791 16
 -90.000   30.000  0.01470 15
 -90.000   31.000  0.00922 10
 -90.000   32.000  0.00674 24
 -90.000   33.000  0.00683 31
 -90.000   34.000  0.00034 31
 -90.000   35.000  0.00505 44
 -90.000   36.000  0.00406 52
 -90.000   37.000  0.00555 22
 -90.000   38.000  0.00556 61
 -90.000   39.000  0.00677 57
 -90.000   40.000  0.00900 42
 -90.000   41.000  0.00792 46
 -90.000   42.000  0.01523 41
 -90.000   43.000  0.01199 28
 -90.000   44.000  0.00847 26
 -90.000   45.000  0.00314 42
 -90.000   46.000  0.00406 19
 -90.000   47.000 -0.00005 28
 -90.000   48.000  0.00183 16
 -90.000   49.000  0.00442 3
 -90.000   50.000  0.00858 1
 -89.000   25.000  0.00000 0
 -89.000   26.000  0.01196 0
 -89.000   27.000  0.01383 0
 -89.000   28.000  0.01193 2
 -89.000   29.000  0.02114 8
 -89.000   30.000  0.01643 7
 -89.000   31.000  0.01301 11
 -89.000   32.000  0.00733 32
 -89.000   33.000  0.00906 28
 -89.000   34.000  0.00046 37
 -89.000   35.000  0.00557 32
 -89.000   36.000  0.00176 82
 -89.000   37.000  0.00190 92
 -89.000   38.000  0.00235 67
 -89.000   39.000  0.00208 83
 -89.000   40.000  0.00557 43
 -89.000   41.000  0.00594 34
 -89.000   42.000  0.01507 41
 -89.000   43.000  0.01275 39
 -89.000   44.000  0.01096 27
 -89.000   45.000  0.00739 23
 -89.000   46.000  0.01065 25
 -89.000   47.000  0.00157 28
 -89.000   48.000  0.00609 9
 -89.000   49.000  0.00943 3
 -89.000   50.000  0.01201 1
 -88.000   25.000  0.00000 0
 -88.000   26.000  0.00719 0
 -88.000   27.000  0.00704 0
 -88.000   28.000  0.00453 0
 -88.000   29.000  0.01356 5
 -88.000   30.000  0.00738 10
 -88.000   31.000  0.00797 18
 -88.000   32.000  0.00743 37
 -88.000   33.000  0.01134 43
 -88.000   34.000  0.00412 48
 -88.000   35.000  0.01224 58
 -88.000   36.000  0.00938 86
 -88.000   37.000  0.00584 82
 -88.000   38.000  0.00481 131
 -88.000   39.000  0.00300 83
 -88.000   40.000  0.00515 31
 -88.000   41.000  0.00326 58
 -88.000   42.000  0.01639 42
 -88.000   43.000  0.01333 25
 -88.000   44.000  0.01264 18
 -88.000   45.000  0.00836 34
 -88.000   46.000  0.01061 8
 -88.000   47.000 -0.00326 19
 -88.000   48.000  0.00091 3
 -88.000   49.000  0.00199 0
 -88.000   50.000  0.00297 1
 -87.000   25.000  0.00000 0
 -87.000   26.000  0.00595 0
 -87.000   27.000  0.00564 0
 -87.000   28.000  0.00856 0
 -87.000   29.000  0.01802 13
 -87.000   30.000  0.01241 10
 -87.000   31.000  0.01354 25
 -87.000   32.000  0.01052 52
 -87.000   33.000  0.00834 21
 -87.000   34.000  0.00179 48
 -87.000   35.000  0.00935 63
 -87.000   36.000  0.00739 98
 -87.000   37.000  0.00858 55
 -87.000   38.000  0.00921 123
 -87.000   39.000  0.00514 76
 -87.000   40.000  0.00815 38
 -87.000   41.000  0.00449 29
 -87.000   42.000  0.01394 38
 -87.000   43.000  0.00911 34
 -87.000   44.000  0.00999 19
 -87.000   45.000  0.00343 25
 -87.000   46.000  0.00926 12
 -87.000   47.000 -0.00381 10
 -87.000   48.000 -0.00090 6
 -87.000   49.000 -0.00077 2
 -87.000   50.000  0.00164 1
 -86.000   25.000  0.00000 0
 -86.000   26.000 -0.00256 0
 -86.000   27.000 -0.00032 0
 -86.000   28.000  0.00820 3
 -86.000   29.000  0.01256 12
 -86.000   30.000  0.00947 16
 -86.000   31.000  0.01658 33
 -86.000   32.000  0.01161 45
 -86.000   33.000  0.00406 42
 -86.000   34.000  0.00326 37
 -86.000   35.000  0.00980 54
 -86.000   36.000  0.00948 122
 -86.000   37.000  0.01200 54
 -86.000   38.000  0.01341 96
 -86.000   39.000  0.00905 65
 -86.000   40.000  0.00719 65
 -86.000   41.000  0.00230 49
 -86.000   42.000  0.01113 31
 -86.000   43.000  0.00517 17
 -86.000   44.000  0.00629 35
 -86.000   45.000  0.00013 15
 -86.000   46.000  0.00304 21
 -86.000   47.000 -0.01301 16
 -86.000   48.000 -0.01639 8
 -86.000   49.000 -0.02088 5
 -86.000   50.000 -0.02024 4
 -85.000   25.000  0.00583 0
 -85.000   26.000 -0.00084 0
 -85.000   27.000  0.00363 0
 -85.000   28.000  0.01043 10
 -85.000   29.000  0.01294 14
 -85.000   30.000  0.00847 12
 -85.000   31.000  0.01673 51
 -85.000   32.000  0.01189 69
 -85.000   33.000  0.00590 132
 -85.000   34.000  0.00745 53
 -85.000   35.000  0.01351 65
 -85.000   36.000  0.01472 120
 -85.000   37.000  0.01450 78
 -85.000   38.000  0.01522 70
 -85.000   39.000  0.00974 68
 -85.000   40.000  0.00690 48
 -85.000   41.000  0.00118 34
 -85.000   42.000  0.00740 45
 -85.000   43.000  0.00237 52
 -85.000   44.000  0.00014 26
 -85.000   45.000 -0.00986 17
 -85.000   46.000 -0.00747 10
 -85.000   47.000 -0.01841 19
 -85.000   48.000 -0.01284 5
 -85.000   49.000 -0.01147 1
 -85.000   50.000 -0.00237 3
 -84.000   25.000  0.01157 0
 -84.000   26.000  0.00165 0
 -84.000   27.000  0.00754 0
 -84.000   28.000  0.01933 11
 -84.000   29.000  0.01401 24
 -84.000   30.000  0.00697 47
 -84.000   31.000  0.01314 49
 -84.000   32.000  0.00505 55
 -84.000   33.000 -0.00188 71
 -84.000   34.000  0.00071 74
 -84.000   35.000  0.00734 97
 -84.000   36.000  0.01270 77
 -84.000   37.000  0.01381 81
 -84.000   38.000  0.01423 72
 -84.000   39.000  0.00966 54
 -84.000   40.000  0.00599 61
 -84.000   41.000 -0.00155 57
 -84.000   42.000  0.00089 51
 -84.000   43.000 -0.00681 37
 -84.000   44.000 -0.01307 30
 -84.000   45.000 -0.02375 27
 -84.000   46.000 -0.02112 15
 -84.000   47.000 -0.01257 11
 -84.000   48.000 -0.00385 4
 -84.000   49.000  0.00534 4
 -84.000   50.000  0.02202 18
 -83.000   25.000  0.02583 0
 -83.000   26.000  0.01436 0
 -83.000   27.000  0.02202 4
 -83.000   28.000  0.03380 14
 -83.000   29.000  0.02358 36
 -83.000   30.000  0.01592 49
 -83.000   31.000  0.02158 53
 -83.000   32.000  0.00775 109
 -83.000   33.000 -0.00062 114
 -83.000   34.000  0.00187 84
 -83.000   35.000  0.00451 62
 -83.000   36.000  0.00737 61
 -83.000   37.000  0.01157 51
 -83.000   38.000  0.01259 71
 -83.000   39.000  0.00727 59
 -83.000   40.000  0.00419 76
 -83.000   41.000 -0.00161 68
 -83.000   42.000 -0.00407 40
 -83.000   43.000 -0.01454 23
 -83.000   44.000 -0.02178 16
 -83.000   45.000 -0.03367 20
 -83.000   46.000 -0.03267 5
 -83.000   47.000 -0.02187 7
 -83.000   48.000 -0.00674 12
 -83.000   49.000  0.00384 3
 -83.000   50.000  0.02453 2
 -82.000   25.000  0.03849 5
 -82.000   26.000  0.02255 5
 -82.000   27.000  0.02350 31
 -82.000   28.000  0.01758 28
 -82.000   29.000  0.01182 25
 -82.000   30.000  0.00388 29
 -82.000   31.000  0.01082 20
 -82.000   32.000  0.00507 29
 -82.000   33.000  0.00702 42
 -82.000   34.000  0.00408 34
 -82.000   35.000  0.00562 40
 -82.000   36.000  0.00603 46
 -82.000   37.000  0.00547 55
 -82.000   38.000  0.00538 62
 -82.000   39.000  0.00183 60
 -82.000   40.000 -0.00138 75
 -82.000   41.000 -0.00468 42
 -82.000   42.000 -0.00672 55
 -82.000   43.000 -0.01446 15
 -82.000   44.000 -0.02411 20
 -82.000   45.000 -0.03560 17
 -82.000   46.000 -0.03640 8
 -82.000   47.000 -0.02433 16
 -82.000   48.000 -0.01036 25
 -82.000   49.000  0.00119 1
 -82.000   50.000  0.02308 3
 -81.000   25.000  0.04733 8
 -81.000   26.000  0.03348 6
 -81.000   27.000  0.03146 9
 -81.000   28.000  0.02199 14
 -81.000   29.000  0.02006 7
 -81.000   30.000  0.00844 8
 -81.000   31.000  0.01231 17
 -81.000   32.000  0.00850 14
 -81.000   33.000  0.01583 38
 -81.000   34.000  0.00808 44
 -81.000   35.000  0.00826 55
 -81.000   36.000  0.00674 71
 -81.000   37.000  0.00461 93
 -81.000   38.000  0.00258 90
 -81.000   39.000  0.00033 57
 -81.000   40.000 -0.00115 86
 -81.000   41.000 -0.00244 38
 -81.000   42.000 -0.00461 68
 -81.000   43.000 -0.01164 36
 -81.000   44.000 -0.02212 15
 -81.000   45.000 -0.03331 20
 -81.000   46.000 -0.03214 3
 -81.000   47.000 -0.01503 10
 -81.000   48.000  0.00030 9
 -81.000   49.000  0.01514 2
 -81.000   50.000  0.03786 4
 -80.000   25.000  0.04150 5
 -80.000   26.000  0.03176 1
 -80.000   27.000  0.02973 2
 -80.000   28.000  0.02026 2
 -80.000   29.000  0.01964 1
 -80.000   30.000  0.01689 1
 -80.000   31.000  0.01616 14
 -80.000   32.000  0.01199 17
 -80.000   33.000  0.01927 29
 -80.000   34.000  0.01070 39
 -80.000   35.000  0.00491 40
 -80.000   36.000  0.00510 53
 -80.000   37.000  0.00544 84
 -80.000   38.000  0.00422 61
 -80.000   39.000  0.00280 102
 -80.000   40.000  0.00113 78
 -80.000   41.000 -0.00002 38
 -80.000   42.000 -0.00468 44
 -80.000   43.000 -0.01176 22
 -80.000   44.000 -0.01738 28
 -80.000   45.000 -0.02632 6
 -80.000   46.000 -0.02582 32
 -80.000   47.000 -0.01031 13
 -80.000   48.000 -0.00092 12
 -80.000   49.000  0.00589 0
 -80.000   50.000  0.02309 3
 -79.000   25.000  0.03576 0
 -79.000   26.000  0.02927 0
 -79.000   27.000  0.02453 1
 -79.000   28.000  0.01252 4
 -79.000   29.000  0.01808 0
 -79.000   30.000  0.01829 0
 -79.000   31.000  0.01808 1
 -79.000   32.000  0.01790 24
 -79.000   33.000  0.02549 18
 -79.000   34.000  0.01531 20
 -79.000   35.000  0.00772 32
 -79.000   36.000  0.00532 77
 -79.000   37.000  0.00551 57
 -79.000   38.000  0.00385 43
 -79.000   39.000  0.00332 99
 -79.000   40.000  0.00317 61
 -79.000   41.000  0.00228 59
 -79.000   42.000 -0.00149 51
 -79.000   43.000 -0.00592 60
 -79.000   44.000 -0.01125 40
 -79.000   45.000 -0.01952 26
 -79.000   46.000 -0.01878 8
 -79.000   47.000 -0.02166 7
 -79.000   48.000 -0.01711 16
 -79.000   49.000 -0.01474 15
 -79.000   50.000 -0.00612 0
 -78.000   25.000  0.02150 0
 -78.000   26.000  0.01856 0
 -78.000   27.000  0.01099 0
 -78.000   28.000 -0.00101 0
 -78.000   29.000  0.00849 0
 -78.000   30.000  0.01091 0
 -78.000   31.000  0.00537 0
 -78.000   32.000  0.01043 10
 -78.000   33.000  0.02003 12
 -78.000   34.000  0.01099 24
 -78.000   35.000  0.00719 21
 -78.000   36.000  0.01071 74
 -78.000   37.000  0.01223 56
 -78.000   38.000  0.01045 64
 -78.000   39.000  0.01104 72
 -78.000   40.000  0.00850 69
 -78.000   41.000  0.00589 64
 -78.000   42.000  0.00022 48
 -78.000   43.000 -0.00286 47
 -78.000   44.000 -0.00765 32
 -78.000   45.000 -0.01347 27
 -78.000   46.000 -0.01106 21
 -78.000   47.000 -0.00740 14
 -78.000   48.000 -0.00644 14
 -78.000   49.000 -0.00353 3
 -78.000   50.000  0.00291 0
 -77.000   25.000  0.00884 0
 -77.000   26.000  0.00873 0
 -77.000   27.000  0.00698 0
 -77.000   28.000  0.00698 0
 -77.000   29.000  0.01071 0
 -77.000   30.000  0.01345 0
 -77.000   31.000  0.00728 0
 -77.000   32.000  0.00601 0
 -77.000   33.000  0.01054 6
 -77.000   34.000  0.01080 7
 -77.000   35.000  0.00864 34
 -77.000   36.000  0.01402 37
 -77.000   37.000  0.01983 42
 -77.000   38.000  0.01844 34
 -77.000   39.000  0.01467 61
 -77.000   40.000  0.01105 65
 -77.000   41.000  0.00888 70
 -77.000   42.000  0.00172 66
 -77.000   43.000 -0.00174 52
 -77.000   44.000 -0.00307 49
 -77.000   45.000 -0.00688 38
 -77.000   46.000 -0.00723 14
 -77.000   47.000 -0.00391 19
 -77.000   48.000 -0.00358 7
 -77.000   49.000 -0.00309 2
 -77.000   50.000 -0.00155 0
 -76.000   25.000  0.00000 0
 -76.000   26.000  0.00000 0
 -76.000   27.000  0.00000 0
 -76.000   28.000  0.00000 0
 -76.000   29.000  0.00000 0
 -76.000   30.000  0.00585 0
 -76.000   31.000  0.00075 0
 -76.000   32.000 -0.00120 0
 -76.000   33.000  0.00198 3
 -76.000   34.000  0.01058 14
 -76.000   35.000  0.01254 10
 -76.000   36.000  0.01915 15
 -76.000   37.000  0.02495 20
 -76.000   38.000  0.02370 48
 -76.000   39.000  0.01596 59
 -76.000   40.000  0.01069 69
 -76.000   41.000  0.00789 78
 -76.000   42.000  0.00203 107
 -76.000   43.000 -0.00077 48
 -76.000   44.000 -0.00226 58
 -76.000   45.000 -0.00549 54
 -76.000   46.000 -0.00697 27
 -76.000   47.000 -0.00347 30
 -76.000   48.000 -0.00259 16
 -76.000   49.000 -0.00246 3
 -76.000   50.000 -0.00212 0
 -75.000   25.000  0.00000 0
 -75.000   26.000  0.00000 0
 -75.000   27.000  0.00000 0
 -75.000   28.000  0.00000 0
 -75.000   29.000  0.00000 0
 -75.000   30.000  0.00000 0
 -75.000   31.000 -0.00299 0
 -75.000   32.000 -0.00524 0
 -75.000   33.000 -0.00212 0
 -75.000   34.000  0.00531 3
 -75.000   35.000  0.00675 3
 -75.000   36.000  0.00417 12
 -75.000   37.000  0.00885 19
 -75.000   38.000  0.00548 41
 -75.000   39.000 -0.00196 43
 -75.000   40.000 -0.00035 44
 -75.000   41.000  0.00376 61
 -75.000   42.000  0.00065 194
 -75.000   43.000  0.00002 91
 -75.000   44.000 -0.00298 64
 -75.000   45.000 -0.00949 82
 -75.000   46.000 -0.01313 27
 -75.000   47.000 -0.01110 19
 -75.000   48.000 -0.01022 8
 -75.000   49.000 -0.00901 0
 -75.000   50.000 -0.00625 0
 -74.000   25.000  0.00000 0
 -74.000   26.000  0.00000 0
 -74.000   27.000  0.00000 0
 -74.000   28.000  0.00000 0
 -74.000   29.000  0.00000 0
 -74.000   30.000  0.00000 0
 -74.000   31.000 -0.00359 0
 -74.000   32.000 -0.00596 0
 -74.000   33.000 -0.00509 0
 -74.000   34.000  0.00381 0
 -74.000   35.000  0.00601 0
 -74.000   36.000  0.00402 1
 -74.000   37.000  0.00640 3
 -74.000   38.000  0.00558 32
 -74.000   39.000 -0.00245 148
 -74.000   40.000 -0.00148 58
 -74.000   41.000  0.00315 87
 -74.000   42.000  0.00291 113
 -74.000   43.000 -0.00092 88
 -74.000   44.000 -0.00186 70
 -74.000   45.000 -0.00875 63
 -74.000   46.000 -0.01502 33
 -74.000   47.000 -0.00866 19
 -74.000   48.000 -0.00488 8
 -74.000   49.000 -0.00600 0
 -74.000   50.000 -0.00180 0
 -73.000   25.000  0.00000 0
 -73.000   26.000  0.00000 0
 -73.000   27.000  0.00000 0
 -73.000   28.000  0.00000 0
 -73.000   29.000  0.00000 0
 -73.000   30.000  0.00000 0
 -73.000   31.000  0.00000 0
 -73.000   32.000 -0.00213 0
 -73.000   33.000 -0.00281 0
 -73.000   34.000  0.00513 0
 -73.000   35.000  0.00476 0
 -73.000   36.000 -0.00145 0
 -73.000   37.000  0.00138 1
 -73.000   38.000 -0.00081 2
 -73.000   39.000 -0.00672 42
 -73.000   40.000 -0.00472 46
 -73.000   41.000  0.00235 48
 -73.000   42.000  0.00135 71
 -73.000   43.000  0.00028 74
 -73.000   44.000 -0.00362 63
 -73.000   45.000 -0.00983 62
 -73.000   46.000 -0.02051 19
 -73.000   47.000 -0.01866 15
 -73.000   48.000 -0.01471 11
 -73.000   49.000 -0.01605 0
 -73.000   50.000 -0.01377 0
 -72.000   25.000  0.00000 0
 -72.000   26.000  0.00000 0
 -72.000   27.000  0.00000 0
 -72.000   28.000  0.00000 0
 -72.000   29.000  0.00000 0
 -72.000   30.000  0.00000 0
 -72.000   31.000  0.00000 0
 -72.000   32.000  0.00000 0
 -72.000   33.000  0.00000 0
 -72.000   34.000  0.00476 0
 -72.000   35.000  0.00264 0
 -72.000   36.000 -0.00395 0
 -72.000   37.000 -0.00400 0
 -72.000   38.000 -0.01127 0
 -72.000   39.000 -0.01381 14
 -72.000   40.000 -0.01255 36
 -72.000   41.000 -0.00663 53
 -72.000   42.000 -0.00671 74
 -72.000   43.000 -0.00245 76
 -72.000   44.000 -0.00924 43
 -72.000   45.000 -0.01242 57
 -72.000   46.000 -0.02092 25
 -72.000   47.000 -0.01923 14
 -72.000   48.000 -0.01622 11
 -72.000   49.000 -0.01457 1
 -72.000   50.000 -0.01270 0
 -71.000   25.000  0.00000 0
 -71.000   26.000  0.00000 0
 -71.000   27.000  0.00000 0
 -71.000   28.000  0.00000 0
 -71.000   29.000  0.00000 0
 -71.000   30.000  0.00000 0
 -71.000   31.000  0.00000 0
 -71.000   32.000  0.00000 0
 -71.000   33.000  0.00000 0
 -71.000   34.000  0.00000 0
 -71.000   35.000 -0.00536 0
 -71.000   36.000 -0.01219 0
 -71.000   37.000 -0.01129 0
 -71.000   38.000 -0.01279 0
 -71.000   39.000 -0.01025 15
 -71.000   40.000 -0.00724 26
 -71.000   41.000 -0.00246 19
 -71.000   42.000 -0.00424 49
 -71.000   43.000 -0.00556 43
 -71.000   44.000 -0.01462 32
 -71.000   45.000 -0.01873 48
 -71.000   46.000 -0.02291 27
 -71.000   47.000 -0.02047 24
 -71.000   48.000 -0.01765 17
 -71.000   49.000 -0.01391 1
 -71.000   50.000 -0.00778 0
 -70.000   25.000  0.00000 0
 -70.000   26.000  0.00000 0
 -70.000   27.000  0.00000 0
 -70.000   28.000  0.00000 0
 -70.000   29.000  0.00000 0
 -70.000   30.000  0.00000 0
 -70.000   31.000  0.00000 0
 -70.000   32.000  0.00000 0
 -70.000   33.000  0.00000 0
 -70.000   34.000  0.00000 0
 -70.000   35.000  0.00000 0
 -70.000   36.000  0.00000 0
 -70.000   37.000  0.00090 0
 -70.000   38.000  0.00069 0
 -70.000   39.000  0.00562 6
 -70.000   40.000  0.00151 11
 -70.000   41.000  0.00166 9
 -70.000   42.000  0.00082 19
 -70.000   43.000 -0.00106 33
 -70.000   44.000 -0.01310 36
 -70.000   45.000 -0.01160 43
 -70.000   46.000 -0.01708 36
 -70.000   47.000 -0.01558 25
 -70.000   48.000 -0.01334 25
 -70.000   49.000 -0.00779 0
 -70.000   50.000 -0.00604 0
 -69.000   25.000  0.00000 0
 -69.000   26.000  0.00000 0
 -69.000   27.000  0.00000 0
 -69.000   28.000  0.00000 0
 -69.000   29.000  0.00000 0
 -69.000   30.000  0.00000 0
 -69.000   31.000  0.00000 0
 -69.000   32.000  0.00000 0
 -69.000   33.000  0.00000 0
 -69.000   34.000  0.00000 0
 -69.000   35.000  0.00000 0
 -69.000   36.000  0.00000 0
 -69.000   37.000  0.00261 0
 -69.000   38.000  0.00195 0
 -69.000   39.000  0.00676 0
 -69.000   40.000  0.00242 1
 -69.000   41.000  0.00275 3
 -69.000   42.000  0.00336 8
 -69.000   43.000  0.00447 37
 -69.000   44.000 -0.00583 29
 -69.000   45.000 -0.00450 50
 -69.000   46.000 -0.00896 26
 -69.000   47.000 -0.01202 37
 -69.000   48.000 -0.01212 18
 -69.000   49.000 -0.00829 0
 -69.000   50.000 -0.00603 0
 -68.000   25.000  0.00000 0
 -68.000   26.000  0.00000 0
 -68.000   27.000  0.00000 0
 -68.000   28.000  0.00000 0
 -68.000   29.000  0.00000 0
 -68.000   30.000  0.00000 0
 -68.000   31.000  0.00000 0
 -68.000   32.000  0.00000 0
 -68.000   33.000  0.00000 0
 -68.000   34.000  0.00000 0
 -68.000   35.000  0.00000 0
 -68.000   36.000  0.00000 0
 -68.000   37.000  0.00027 0
 -68.000   38.000  0.00091 0
 -68.000   39.000  0.00404 0
 -68.000   40.000  0.00055 0
 -68.000   41.000 -0.00430 1
 -68.000   42.000 -0.00360 3
 -68.000   43.000 -0.00471 22
 -68.000   44.000 -0.01262 27
 -68.000   45.000 -0.00867 26
 -68.000   46.000 -0.00918 27
 -68.000   47.000 -0.01015 25
 -68.000   48.000 -0.00440 7
 -68.000   49.000  0.00047 0
 -68.000   50.000 -0.00015 13
 -67.000   25.000  0.00000 0
 -67.000   26.000  0.00000 0
 -67.000   27.000  0.00000 0
 -67.000   28.000  0.00000 0
 -67.000   29.000  0.00000 0
 -67.000   30.000  0.00000 0
 -67.000   31.000  0.00000 0
 -67.000   32.000  0.00000 0
 -67.000   33.000  0.00000 0
 -67.000   34.000  0.00000 0
 -67.000   35.000  0.00000 0
 -67.000   36.000  0.00000 0
 -67.000   37.000  0.00000 0
 -67.000   38.000  0.00506 0
 -67.000   39.000  0.00922 0
 -67.000   40.000  0.00722 0
 -67.000   41.000  0.00363 0
 -67.000   42.000  0.00163 0
 -67.000   43.000  0.00601 20
 -67.000   44.000 -0.00264 6
 -67.000   45.000 -0.00451 11
 -67.000   46.000 -0.00960 26
 -67.000   47.000 -0.00760 16
 -67.000   48.000 -0.00787 26
 -67.000   49.000 -0.00421 0
 -67.000   50.000  0.00083 4
 -66.000   25.000  0.00000 0
 -66.000   26.000  0.00000 0
 -66.000   27.000  0.00000 0
 -66.000   28.000  0.00000 0
 -66.000   29.000  0.00000 0
 -66.000   30.000  0.00000 0
 -66.000   31.000  0.00000 0
 -66.000   32.000  0.00000 0
 -66.000   33.000  0.00000 0
 -66.000   34.000  0.00000 0
 -66.000   35.000  0.00000 0
 -66.000   36.000  0.00000 0
 -66.000   37.000  0.00000 0
 -66.000   38.000  0.00000 0
 -66.000   39.000  0.00330 0
 -66.000   40.000  0.00176 0
 -66.000   41.000 -0.00200 0
 -66.000   42.000 -0.00414 0
 -66.000   43.000  0.00850 1
 -66.000   44.000  0.00226 3
 -66.000   45.000  0.00147 9
 -66.000   46.000 -0.00767 8
 -66.000   47.000 -0.00553 10
 -66.000   48.000 -0.00669 5
 -66.000   49.000 -0.00470 0
 -66.000   50.000 -0.00236 3
 -65.000   25.000  0.00000 0
 -65.000   26.000  0.00000 0
 -65.000   27.000  0.00000 0
 -65.000   28.000  0.00000 0
 -65.000   29.000  0.00000 0
 -65.000   30.000  0.00000 0
 -65.000   31.000  0.00000 0
 -65.000   32.000  0.00000 0
 -65.000   33.000  0.00000 0
 -65.000   34.000  0.00000 0
 -65.000   35.000  0.00000 0
 -65.000   36.000  0.00000 0
 -65.000   37.000  0.00000 0
 -65.000   38.000  0.00000 0
 -65.000   39.000  0.00000 0
 -65.000   40.000  0.00000 0
 -65.000   41.000 -0.00702 0
 -65.000   42.000 -0.01241 0
 -65.000   43.000  0.00343 0
 -65.000   44.000  0.00251 2
 -65.000   45.000 -0.00226 1
 -65.000   46.000 -0.00831 4
 -65.000   47.000 -0.00292 1
 -65.000   48.000 -0.00369 1
 -65.000   49.000 -0.00346 0
 -65.000   50.000  0.00334 4
