-130.000   25.000 -0.00642 10
-130.000   26.000 -0.02143 3
-130.000   27.000 -0.01535 8
-130.000   28.000 -0.01246 8
-130.000   29.000 -0.03119 7
-130.000   30.000 -0.02483 3
-130.000   31.000 -0.01154 3
-130.000   32.000 -0.02021 1
-130.000   33.000 -0.02076 0
-130.000   34.000  0.00279 0
-130.000   35.000 -0.00482 0
-130.000   36.000  0.00950 0
-130.000   37.000  0.00856 0
-130.000   38.000 -0.00024 0
-130.000   39.000 -0.01035 8
-130.000   40.000 -0.00636 28
-130.000   41.000 -0.02605 31
-130.000   42.000 -0.01967 9
-130.000   43.000 -0.01571 14
-130.000   44.000 -0.01602 4
-130.000   45.000 -0.01312 3
-130.000   46.000 -0.00132 5
-130.000   47.000  0.00197 16
-130.000   48.000  0.00801 5
-130.000   49.000  0.01509 1
-130.000   50.000  0.02428 0
-129.000   25.000 -0.01270 4
-129.000   26.000 -0.02794 10
-129.000   27.000 -0.02186 18
-129.000   28.000 -0.01989 18
-129.000   29.000 -0.03086 4
-129.000   30.000 -0.02444 6
-129.000   31.000 -0.00970 7
-129.000   32.000 -0.01709 3
-129.000   33.000 -0.01392 0
-129.000   34.000  0.00312 0
-129.000   35.000 -0.00259 1
-129.000   36.000  0.01000 0
-129.000   37.000  0.01088 1
-129.000   38.000  0.00348 1
-129.000   39.000 -0.00265 20
-129.000   40.000  0.00009 73
-129.000   41.000 -0.01777 20
-129.000   42.000 -0.01275 25
-129.000   43.000 -0.01309 13
-129.000   44.000 -0.01451 4
-129.000   45.000 -0.00761 7
-129.000   46.000  0.00221 49
-129.000   47.000  0.00266 30
-129.000   48.000  0.01371 4
-129.000   49.000  0.02139 4
-129.000   50.000  0.02419 6
-128.000   25.000 -0.00129 0
-128.000   26.000 -0.01708 16
-128.000   27.000 -0.01401 26
-128.000   28.000 -0.01870 14
-128.000   29.000 -0.03090 9
-128.000   30.000 -0.02694 4
-128.000   31.000 -0.01025 5
-128.000   32.000 -0.01542 2
-128.000   33.000 -0.00661 0
-128.000   34.000  0.00552 2
-128.000   35.000  0.00145 1
-128.000   36.000  0.00876 3
-128.000   37.000  0.00649 2
-128.000   38.000  0.00130 3
-128.000   39.000 -0.00317 12
-128.000   40.000  0.00130 29
-128.000   41.000 -0.01137 20
-128.000   42.000 -0.00507 12
-128.000   43.000 -0.00673 6
-128.000   44.000 -0.00579 6
-128.000   45.000 -0.00541 8
-128.000   46.000  0.00147 91
-128.000   47.000  0.00664 7
-128.000   48.000  0.01952 4
-128.000   49.000  0.02655 5
-128.000   50.000  0.03466 2
-127.000   25.000 -0.01195 0
-127.000   26.000 -0.02043 5
-127.000   27.000 -0.01810 7
-127.000   28.000 -0.02168 7
-127.000   29.000 -0.02100 6
-127.000   30.000 -0.01804 10
-127.000   31.000 -0.00030 0
-127.000   32.000  0.00161 0
-127.000   33.000  0.01309 0
-127.000   34.000  0.01220 1
-127.000   35.000  0.02055 3
-127.000   36.000  0.02090 1
-127.000   37.000  0.01367 0
-127.000   38.000  0.00937 5
-127.000   39.000  0.00831 52
-127.000   40.000 -0.00072 18
-127.000   41.000 -0.00655 21
-127.000   42.000 -0.00113 9
-127.000   43.000 -0.00818 5
-127.000   44.000 -0.01058 12
-127.000   45.000 -0.00238 3
-127.000   46.000  0.00032 37
-127.000   47.000  0.00206 8
-127.000   48.000  0.01408 6
-127.000   49.000  0.02125 5
-127.000   50.000  0.02742 6
-126.000   25.000 -0.01435 0
-126.000   26.000 -0.02059 6
-126.000   27.000 -0.01783 3
-126.000   28.000 -0.02169 3
-126.000   29.000 -0.02006 4
-126.000   30.000 -0.01937 1
-126.000   31.000  0.00049 0
-126.000   32.000  0.00639 3
-126.000   33.000  0.01673 6
-126.000   34.000  0.01717 0
-126.000   35.000  0.03176 0
-126.000   36.000  0.02940 2
-126.000   37.000  0.02161 2
-126.000   38.000  0.02475 5
-126.000   39.000  0.02030 2
-126.000   40.000  0.00160 6
-126.000   41.000 -0.00673 13
-126.000   42.000 -0.00368 3
-126.000   43.000 -0.01384 2
-126.000   44.000 -0.01371 4
-126.000   45.000  0.00134 5
-126.000   46.000  0.00023 7
-126.000   47.000  0.00179 5
-126.000   48.000  0.01157 4
-126.000   49.000  0.01768 8
-126.000   50.000  0.01800 5
-125.000   25.000 -0.02048 0
-125.000   26.000 -0.02981 0
-125.000   27.000 -0.02597 4
-125.000   28.000 -0.02897 4
-125.000   29.000 -0.01609 2
-125.000   30.000 -0.00490 0
-125.000   31.000  0.01805 1
-125.000   32.000  0.03245 0
-125.000   33.000  0.04374 8
-125.000   34.000  0.03250 7
-125.000   35.000  0.04971 7
-125.000   36.000  0.04607 5
-125.000   37.000  0.03260 8
-125.000   38.000  0.03655 3
-125.000   39.000  0.03571 6
-125.000   40.000  0.00456 6
-125.000   41.000 -0.00143 7
-125.000   42.000  0.00182 3
-125.000   43.000 -0.01000 4
-125.000   44.000 -0.00582 8
-125.000   45.000  0.01275 4
-125.000   46.000  0.00577 9
-125.000   47.000  0.00215 3
-125.000   48.000  0.00874 9
-125.000   49.000  0.00582 9
-125.000   50.000  0.00039 27
-124.000   25.000 -0.01418 0
-124.000   26.000 -0.02196 1
-124.000   27.000 -0.01518 3
-124.000   28.000 -0.01502 2
-124.000   29.000 -0.00139 1
-124.000   30.000  0.01092 2
-124.000   31.000  0.03615 0
-124.000   32.000  0.04678 10
-124.000   33.000  0.05442 29
-124.000   34.000  0.04388 9
-124.000   35.000  0.06432 12
-124.000   36.000  0.05978 9
-124.000   37.000  0.04479 27
-124.000   38.000  0.05089 9
-124.000   39.000  0.04091 10
-124.000   40.000  0.00219 10
-124.000   41.000 -0.00849 13
-124.000   42.000  0.00011 20
-124.000   43.000 -0.01357 10
-124.000   44.000 -0.00103 8
-124.000   45.000  0.01827 4
-124.000   46.000  0.01523 6
-124.000   47.000  0.00816 6
-124.000   48.000  0.01377 12
-124.000   49.000  0.00819 16
-124.000   50.000  0.00550 22
-123.000   25.000 -0.02305 0
-123.000   26.000 -0.02182 3
-123.000   27.000 -0.00865 1
-123.000   28.000 -0.00473 2
-123.000   29.000  0.01717 0
-123.000   30.000  0.03270 5
-123.000   31.000  0.05401 4
-123.000   32.000  0.06535 6
-123.000   33.000  0.07184 14
-123.000   34.000  0.05948 20
-123.000   35.000  0.08033 11
-123.000   36.000  0.07485 13
-123.000   37.000  0.05618 23
-123.000   38.000  0.05601 9
-123.000   39.000  0.04465 13
-123.000   40.000  0.00001 24
-123.000   41.000 -0.01623 14
-123.000   42.000 -0.01114 11
-123.000   43.000 -0.02110 14
-123.000   44.000 -0.01023 5
-123.000   45.000  0.01331 5
-123.000   46.000  0.01201 1
-123.000   47.000 -0.00046 16
-123.000   48.000  0.00445 11
-123.000   49.000 -0.00342 38
-123.000   50.000 -0.01006 15
-122.000   25.000 -0.02052 0
-122.000   26.000 -0.01939 0
-122.000   27.000  0.00258 0
-122.000   28.000  0.00976 3
-122.000   29.000  0.02784 11
-122.000   30.000  0.04409 11
-122.000   31.000  0.06726 10
-122.000   32.000  0.07202 20
-122.000   33.000  0.07152 12
-122.000   34.000  0.06458 9
-122.000   35.000  0.08051 11
-122.000   36.000  0.07513 13
-122.000   37.000  0.05634 10
-122.000   38.000  0.05136 9
-122.000   39.000  0.03873 12
-122.000   40.000  0.00425 16
-122.000   41.000 -0.01660 14
-122.000   42.000 -0.01511 19
-122.000   43.000 -0.01345 19
-122.000   44.000  0.00070 12
-122.000   45.000  0.01322 12
-122.000   46.000  0.01310 10
-122.000   47.000  0.00429 8
-122.000   48.000  0.00108 6
-122.000   49.000 -0.01216 15
-122.000   50.000 -0.01566 4
-121.000   25.000  0.00323 0
-121.000   26.000 -0.00367 0
-121.000   27.000  0.01598 0
-121.000   28.000  0.02303 3
-121.000   29.000  0.03941 23
-121.000   30.000  0.05658 2
-121.000   31.000  0.08436 17
-121.000   32.000  0.08311 11
-121.000   33.000  0.07277 14
-121.000   34.000  0.06424 18
-121.000   35.000  0.07650 5
-121.000   36.000  0.06864 13
-121.000   37.000  0.05050 14
-121.000   38.000  0.04111 17
-121.000   39.000  0.02691 9
-121.000   40.000 -0.00429 13
-121.000   41.000 -0.02275 16
-121.000   42.000 -0.01612 8
-121.000   43.000 -0.00237 10
-121.000   44.000  0.01124 12
-121.000   45.000  0.01960 11
-121.000   46.000  0.01746 4
-121.000   47.000  0.00675 8
-121.000   48.000 -0.00201 12
-121.000   49.000 -0.01505 3
-121.000   50.000 -0.01750 7
-120.000   25.000  0.00069 1
-120.000   26.000  0.00597 0
-120.000   27.000  0.01793 1
-120.000   28.000  0.02125 1
-120.000   29.000  0.03812 7
-120.000   30.000  0.05499 4
-120.000   31.000  0.07931 10
-120.000   32.000  0.08198 11
-120.000   33.000  0.07578 12
-120.000   34.000  0.07198 7
-120.000   35.000  0.07653 9
-120.000   36.000  0.05847 11
-120.000   37.000  0.04129 27
-120.000   38.000  0.03074 17
-120.000   39.000  0.01321 23
-120.000   40.000 -0.00863 16
-120.000   41.000 -0.02136 11
-120.000   42.000 -0.01263 17
-120.000   43.000  0.00369 18
-120.000   44.000  0.01554 14
-120.000   45.000  0.01801 7
-120.000   46.000  0.01886 2
-120.000   47.000  0.00862 5
-120.000   48.000 -0.00375 6
-120.000   49.000 -0.01199 3
-120.000   50.000 -0.01050 1
-119.000   25.000 -0.00846 1
-119.000   26.000 -0.00214 2
-119.000   27.000  0.01203 2
-119.000   28.000  0.01266 2
-119.000   29.000  0.02324 4
-119.000   30.000  0.04977 6
-119.000   31.000  0.07217 5
-119.000   32.000  0.08225 6
-119.000   33.000  0.07976 6
-119.000   34.000  0.07868 4
-119.000   35.000  0.07466 11
-119.000   36.000  0.05549 12
-119.000   37.000  0.03055 20
-119.000   38.000  0.01528 12
-119.000   39.000  0.00576 21
-119.000   40.000 -0.00618 15
-119.000   41.000 -0.01238 11
-119.000   42.000 -0.00612 24
-119.000   43.000  0.01366 22
-119.000   44.000  0.01587 18
-119.000   45.000  0.00825 6
-119.000   46.000 -0.00228 4
-119.000   47.000 -0.01099 3
-119.000   48.000 -0.02925 6
-119.000   49.000 -0.04029 5
-119.000   50.000 -0.03775 4
-118.000   25.000 -0.00557 0
-118.000   26.000 -0.00599 6
-118.000   27.000  0.00089 2
-118.000   28.000  0.01064 2
-118.000   29.000  0.01235 2
-118.000   30.000  0.02815 5
-118.000   31.000  0.05317 6
-118.000   32.000  0.07128 6
-118.000   33.000  0.06662 6
-118.000   34.000  0.07205 6
-118.000   35.000  0.06886 11
-118.000   36.000  0.05103 13
-118.000   37.000  0.02755 11
-118.000   38.000  0.01564 15
-118.000   39.000  0.00694 20
-118.000   40.000 -0.00172 23
-118.000   41.000 -0.00182 35
-118.000   42.000  0.00732 31
-118.000   43.000  0.02252 34
-118.000   44.000  0.02450 11
-118.000   45.000  0.01960 4
-118.000   46.000  0.00492 3
-118.000   47.000 -0.00933 8
-118.000   48.000 -0.02867 5
-118.000   49.000 -0.03836 8
-118.000   50.000 -0.04116 3
-117.000   25.000  0.00989 1
-117.000   26.000 -0.00617 3
-117.000   27.000 -0.00877 1
-117.000   28.000 -0.00100 3
-117.000   29.000 -0.00340 5
-117.000   30.000 -0.00075 4
-117.000   31.000  0.02932 6
-117.000   32.000  0.05548 7
-117.000   33.000  0.05410 9
-117.000   34.000  0.04539 19
-117.000   35.000  0.04519 42
-117.000   36.000  0.03059 16
-117.000   37.000  0.00576 11
-117.000   38.000 -0.00705 14
-117.000   39.000  0.00263 26
-117.000   40.000 -0.00233 24
-117.000   41.000  0.00221 6
-117.000   42.000  0.02017 14
-117.000   43.000  0.03247 20
-117.000   44.000  0.03130 13
-117.000   45.000  0.03199 6
-117.000   46.000  0.00789 0
-117.000   47.000 -0.01313 23
-117.000   48.000 -0.02592 9
-117.000   49.000 -0.02991 5
-117.000   50.000 -0.04374 2
-116.000   25.000 -0.02326 1
-116.000   26.000 -0.03522 1
-116.000   27.000 -0.03448 1
-116.000   28.000 -0.01492 4
-116.000   29.000 -0.01313 4
-116.000   30.000 -0.01080 6
-116.000   31.000  0.02229 11
-116.000   32.000  0.05738 8
-116.000   33.000  0.05593 10
-116.000   34.000  0.04980 24
-116.000   35.000  0.05022 22
-116.000   36.000  0.02892 5
-116.000   37.000 -0.00190 8
-116.000   38.000 -0.01284 23
-116.000   39.000  0.00303 26
-116.000   40.000  0.00650 12
-116.000   41.000  0.01572 12
-116.000   42.000  0.03621 17
-116.000   43.000  0.03939 14
-116.000   44.000  0.03214 2
-116.000   45.000  0.02433 4
-116.000   46.000  0.00330 0
-116.000   47.000 -0.03059 5
-116.000   48.000 -0.04587 8
-116.000   49.000 -0.05488 7
-116.000   50.000 -0.06985 1
-115.000   25.000 -0.00550 2
-115.000   26.000 -0.02909 4
-115.000   27.000 -0.02346 3
-115.000   28.000 -0.00611 3
-115.000   29.000 -0.01121 4
-115.000   30.000 -0.01374 6
-115.000   31.000  0.02492 4
-115.000   32.000  0.04997 2
-115.000   33.000  0.04888 6
-115.000   34.000  0.04064 3
-115.000   35.000  0.03988 8
-115.000   36.000  0.02090 5
-115.000   37.000 -0.00438 8
-115.000   38.000 -0.01554 21
-115.000   39.000  0.00468 27
-115.000   40.000  0.01207 8
-115.000   41.000  0.01630 3
-115.000   42.000  0.02976 18
-115.000   43.000  0.02524 12
-115.000   44.000  0.01974 15
-115.000   45.000  0.01269 4
-115.000   46.000 -0.00388 2
-115.000   47.000 -0.03488 5
-115.000   48.000 -0.04240 8
-115.000   49.000 -0.05600 8
-115.000   50.000 -0.07179 4
-114.000   25.000  0.00572 5
-114.000   26.000 -0.01965 3
-114.000   27.000 -0.02252 4
-114.000   28.000 -0.00584 4
-114.000   29.000 -0.01033 4
-114.000   30.000 -0.02568 3
-114.000   31.000  0.01425 6
-114.000   32.000  0.03964 4
-114.000   33.000  0.03978 3
-114.000   34.000  0.03917 9
-114.000   35.000  0.04595 6
-114.000   36.000  0.02078 6
-114.000   37.000  0.00101 8
-114.000   38.000 -0.00963 12
-114.000   39.000  0.00112 7
-114.000   40.000  0.00749 17
-114.000   41.000  0.01256 9
-114.000   42.000  0.02744 11
-114.000   43.000  0.03008 17
-114.000   44.000  0.02555 6
-114.000   45.000  0.02087 10
-114.000   46.000  0.01081 3
-114.000   47.000 -0.02031 4
-114.000   48.000 -0.03178 9
-114.000   49.000 -0.04033 5
-114.000   50.000 -0.05615 1
-113.000   25.000  0.01061 3
-113.000   26.000 -0.01552 1
-113.000   27.000 -0.01651 0
-113.000   28.000 -0.00788 8
-113.000   29.000 -0.00643 4
-113.000   30.000 -0.01632 2
-113.000   31.000  0.01639 1
-113.000   32.000  0.03104 2
-113.000   33.000  0.02887 3
-113.000   34.000  0.02325 10
-113.000   35.000  0.02806 4
-113.000   36.000  0.00472 11
-113.000   37.000 -0.00815 10
-113.000   38.000 -0.01911 26
-113.000   39.000 -0.00748 19
-113.000   40.000  0.00245 17
-113.000   41.000  0.00897 10
-113.000   42.000  0.02087 5
-113.000   43.000  0.02670 11
-113.000   44.000  0.01894 7
-113.000   45.000  0.01349 9
-113.000   46.000  0.01039 4
-113.000   47.000 -0.01250 7
-113.000   48.000 -0.02988 9
-113.000   49.000 -0.03760 7
-113.000   50.000 -0.05167 3
-112.000   25.000 -0.00473 2
-112.000   26.000 -0.01898 1
-112.000   27.000 -0.01586 2
-112.000   28.000 -0.00503 6
-112.000   29.000 -0.00126 5
-112.000   30.000 -0.00570 5
-112.000   31.000  0.01654 1
-112.000   32.000  0.02475 2
-112.000   33.000  0.02468 8
-112.000   34.000  0.03228 11
-112.000   35.000  0.03216 5
-112.000   36.000  0.00987 8
-112.000   37.000 -0.00342 15
-112.000   38.000 -0.01544 26
-112.000   39.000 -0.01845 16
-112.000   40.000 -0.00742 9
-112.000   41.000 -0.00391 10
-112.000   42.000  0.00692 8
-112.000   43.000  0.01331 9
-112.000   44.000  0.00768 8
-112.000   45.000  0.00226 7
-112.000   46.000  0.01422 7
-112.000   47.000 -0.00257 7
-112.000   48.000 -0.02114 11
-112.000   49.000 -0.03116 10
-112.000   50.000 -0.03645 4
-111.000   25.000  0.00726 4
-111.000   26.000 -0.00196 7
-111.000   27.000 -0.00009 3
-111.000   28.000  0.00476 7
-111.000   29.000  0.00865 10
-111.000   30.000  0.00573 4
-111.000   31.000  0.02582 4
-111.000   32.000  0.01922 8
-111.000   33.000  0.02644 6
-111.000   34.000  0.02835 6
-111.000   35.000  0.02398 6
-111.000   36.000  0.00032 7
-111.000   37.000  0.00486 19
-111.000   38.000 -0.01202 17
-111.000   39.000 -0.01567 13
-111.000   40.000 -0.00736 9
-111.000   41.000 -0.00366 14
-111.000   42.000  0.00041 5
-111.000   43.000  0.00992 6
-111.000   44.000  0.01004 11
-111.000   45.000  0.00941 10
-111.000   46.000  0.01576 11
-111.000   47.000  0.01391 6
-111.000   48.000  0.00182 4
-111.000   49.000 -0.00635 7
-111.000   50.000 -0.00737 2
-110.000   25.000  0.00569 15
-110.000   26.000 -0.00286 20
-110.000   27.000 -0.00003 9
-110.000   28.000  0.00465 14
-110.000   29.000  0.01501 3
-110.000   30.000  0.02193 9
-110.000   31.000  0.04008 6
-110.000   32.000  0.04352 3
-110.000   33.000  0.05073 7
-110.000   34.000  0.04849 8
-110.000   35.000  0.03487 4
-110.000   36.000  0.01112 12
-110.000   37.000  0.00629 10
-110.000   38.000 -0.00691 18
-110.000   39.000 -0.01533 9
-110.000   40.000 -0.00351 7
-110.000   41.000  0.01024 16
-110.000   42.000  0.01694 6
-110.000   43.000  0.02556 4
-110.000   44.000  0.02232 5
-110.000   45.000  0.01451 8
-110.000   46.000  0.00667 7
-110.000   47.000  0.00181 8
-110.000   48.000 -0.01234 8
-110.000   49.000 -0.01550 4
-110.000   50.000 -0.01432 3
-109.000   25.000  0.00207 29
-109.000   26.000 -0.00395 14
-109.000   27.000  0.00371 8
-109.000   28.000  0.00883 7
-109.000   29.000  0.02626 11
-109.000   30.000  0.03584 13
-109.000   31.000  0.04980 8
-109.000   32.000  0.05311 8
-109.000   33.000  0.06509 4
-109.000   34.000  0.05141 7
-109.000   35.000  0.03286 7
-109.000   36.000  0.01353 14
-109.000   37.000  0.00823 6
-109.000   38.000 -0.00669 12
-109.000   39.000 -0.00937 11
-109.000   40.000  0.00183 13
-109.000   41.000  0.01994 12
-109.000   42.000  0.02224 6
-109.000   43.000  0.02150 3
-109.000   44.000  0.01769 7
-109.000   45.000  0.01019 9
-109.000   46.000 -0.00427 11
-109.000   47.000 -0.00644 6
-109.000   48.000 -0.01439 5
-109.000   49.000 -0.01863 3
-109.000   50.000 -0.01497 10
-108.000   25.000 -0.00541 6
-108.000   26.000 -0.01036 12
-108.000   27.000 -0.00098 11
-108.000   28.000  0.00981 4
-108.000   29.000  0.03265 9
-108.000   30.000  0.04832 12
-108.000   31.000  0.06830 8
-108.000   32.000  0.08383 7
-108.000   33.000  0.09587 7
-108.000   34.000  0.08166 14
-108.000   35.000  0.06271 17
-108.000   36.000  0.04772 9
-108.000   37.000  0.02753 14
-108.000   38.000  0.01384 14
-108.000   39.000  0.00722 11
-108.000   40.000  0.01579 3
-108.000   41.000  0.03280 11
-108.000   42.000  0.03438 6
-108.000   43.000  0.02892 5
-108.000   44.000  0.02293 8
-108.000   45.000  0.00282 14
-108.000   46.000 -0.02493 9
-108.000   47.000 -0.02719 6
-108.000   48.000 -0.02821 7
-108.000   49.000 -0.03166 6
-108.000   50.000 -0.01753 8
-107.000   25.000 -0.00177 8
-107.000   26.000 -0.00123 7
-107.000   27.000  0.00431 5
-107.000   28.000  0.01230 10
-107.000   29.000  0.03943 5
-107.000   30.000  0.05895 3
-107.000   31.000  0.07561 10
-107.000   32.000  0.09100 10
-107.000   33.000  0.10000 6
-107.000   34.000  0.08603 11
-107.000   35.000  0.06550 21
-107.000   36.000  0.05347 14
-107.000   37.000  0.04179 16
-107.000   38.000  0.03646 9
-107.000   39.000  0.02456 11
-107.000   40.000  0.03320 15
-107.000   41.000  0.05041 3
-107.000   42.000  0.04043 3
-107.000   43.000  0.02856 9
-107.000   44.000  0.02243 9
-107.000   45.000 -0.01084 8
-107.000   46.000 -0.04277 13
-107.000   47.000 -0.03865 8
-107.000   48.000 -0.03570 9
-107.000   49.000 -0.03810 5
-107.000   50.000 -0.01039 4
-106.000   25.000 -0.00476 10
-106.000   26.000 -0.00222 12
-106.000   27.000  0.00124 5
-106.000   28.000  0.00966 7
-106.000   29.000  0.03542 5
-106.000   30.000  0.05402 7
-106.000   31.000  0.06098 10
-106.000   32.000  0.08746 11
-106.000   33.000  0.09334 5
-106.000   34.000  0.07859 3
-106.000   35.000  0.06611 8
-106.000   36.000  0.06215 13
-106.000   37.000  0.04792 11
-106.000   38.000  0.04909 23
-106.000   39.000  0.04204 13
-106.000   40.000  0.04810 9
-106.000   41.000  0.06013 5
-106.000   42.000  0.04303 4
-106.000   43.000  0.02502 5
-106.000   44.000  0.02340 10
-106.000   45.000 -0.00429 8
-106.000   46.000 -0.03570 11
-106.000   47.000 -0.04051 4
-106.000   48.000 -0.03812 4
-106.000   49.000 -0.05035 4
-106.000   50.000 -0.04082 5
-105.000   25.000 -0.00695 6
-105.000   26.000  0.00074 2
-105.000   27.000  0.00807 8
-105.000   28.000  0.01136 6
-105.000   29.000  0.03898 7
-105.000   30.000  0.04511 6
-105.000   31.000  0.04594 4
-105.000   32.000  0.05634 8
-105.000   33.000  0.06733 15
-105.000   34.000  0.04636 10
-105.000   35.000  0.04654 14
-105.000   36.000  0.05138 15
-105.000   37.000  0.04841 12
-105.000   38.000  0.05452 19
-105.000   39.000  0.05982 10
-105.000   40.000  0.06706 9
-105.000   41.000  0.07671 3
-105.000   42.000  0.06782 8
-105.000   43.000  0.04511 11
-105.000   44.000  0.03633 5
-105.000   45.000  0.00875 11
-105.000   46.000 -0.02433 8
-105.000   47.000 -0.03065 3
-105.000   48.000 -0.01690 1
-105.000   49.000 -0.02129 4
-105.000   50.000 -0.00752 5
-104.000   25.000 -0.00857 9
-104.000   26.000  0.00106 7
-104.000   27.000  0.00597 5
-104.000   28.000  0.00006 3
-104.000   29.000  0.02692 4
-104.000   30.000  0.03602 6
-104.000   31.000  0.03387 10
-104.000   32.000  0.04170 12
-104.000   33.000  0.04538 16
-104.000   34.000  0.02054 15
-104.000   35.000  0.02352 8
-104.000   36.000  0.03436 6
-104.000   37.000  0.03253 6
-104.000   38.000  0.04952 6
-104.000   39.000  0.06406 9
-104.000   40.000  0.07761 8
-104.000   41.000  0.08230 4
-104.000   42.000  0.07465 8
-104.000   43.000  0.05131 4
-104.000   44.000  0.04463 9
-104.000   45.000  0.00871 4
-104.000   46.000 -0.02021 7
-104.000   47.000 -0.02785 6
-104.000   48.000 -0.01229 3
-104.000   49.000 -0.02155 1
-104.000   50.000 -0.00496 2
-103.000   25.000 -0.01998 4
-103.000   26.000 -0.00622 4
-103.000   27.000 -0.00005 5
-103.000   28.000 -0.00578 6
-103.000   29.000  0.01695 3
-103.000   30.000  0.02601 8
-103.000   31.000  0.01996 5
-103.000   32.000  0.01406 14
-103.000   33.000  0.01671 19
-103.000   34.000 -0.00642 13
-103.000   35.000  0.00581 17
-103.000   36.000  0.02040 10
-103.000   37.000  0.03003 14
-103.000   38.000  0.05743 9
-103.000   39.000  0.07357 5
-103.000   40.000  0.07478 7
-103.000   41.000  0.07073 7
-103.000   42.000  0.06776 9
-103.000   43.000  0.04245 8
-103.000   44.000  0.04143 8
-103.000   45.000  0.01542 6
-103.000   46.000 -0.00317 6
-103.000   47.000 -0.01353 3
-103.000   48.000 -0.00608 2
-103.000   49.000 -0.01764 3
-103.000   50.000 -0.00722 3
-102.000   25.000 -0.01712 1
-102.000   26.000 -0.00911 5
-102.000   27.000 -0.00487 2
-102.000   28.000 -0.00490 2
-102.000   29.000  0.01238 4
-102.000   30.000  0.01835 2
-102.000   31.000  0.01599 6
-102.000   32.000  0.01426 14
-102.000   33.000  0.01114 25
-102.000   34.000 -0.00727 19
-102.000   35.000  0.00821 16
-102.000   36.000  0.02653 8
-102.000   37.000  0.03774 11
-102.000   38.000  0.06720 7
-102.000   39.000  0.10489 11
-102.000   40.000  0.10427 8
-102.000   41.000  0.09734 5
-102.000   42.000  0.09815 7
-102.000   43.000  0.06992 11
-102.000   44.000  0.04746 3
-102.000   45.000  0.02643 10
-102.000   46.000  0.00397 6
-102.000   47.000 -0.01306 2
-102.000   48.000 -0.01364 0
-102.000   49.000 -0.02659 2
-102.000   50.000 -0.02572 2
-101.000   25.000 -0.01304 5
-101.000   26.000 -0.01010 2
-101.000   27.000 -0.00479 7
-101.000   28.000 -0.01006 8
-101.000   29.000  0.00648 9
-101.000   30.000  0.00811 7
-101.000   31.000  0.00570 9
-101.000   32.000  0.00127 9
-101.000   33.000  0.00423 26
-101.000   34.000 -0.00928 21
-101.000   35.000 -0.00169 11
-101.000   36.000  0.01949 13
-101.000   37.000  0.01796 5
-101.000   38.000  0.04524 10
-101.000   39.000  0.08277 4
-101.000   40.000  0.08614 1
-101.000   41.000  0.08309 7
-101.000   42.000  0.09467 14
-101.000   43.000  0.06903 11
-101.000   44.000  0.03642 10
-101.000   45.000  0.01563 6
-101.000   46.000  0.00445 6
-101.000   47.000 -0.00122 1
-101.000   48.000 -0.00045 2
-101.000   49.000  0.00227 1
-101.000   50.000  0.01565 2
-100.000   25.000 -0.01526 7
-100.000   26.000 -0.00168 1
-100.000   27.000 -0.00342 5
-100.000   28.000 -0.00530 4
-100.000   29.000  0.00875 3
-100.000   30.000  0.01604 6
-100.000   31.000  0.00734 3
-100.000   32.000  0.00404 13
-100.000   33.000  0.00536 11
-100.000   34.000 -0.00094 15
-100.000   35.000  0.00280 12
-100.000   36.000  0.01313 16
-100.000   37.000  0.02056 10
-100.000   38.000  0.03749 7
-100.000   39.000  0.07303 12
-100.000   40.000  0.07061 12
-100.000   41.000  0.06506 6
-100.000   42.000  0.06115 5
-100.000   43.000  0.04163 10
-100.000   44.000  0.00860 7
-100.000   45.000 -0.01240 5
-100.000   46.000 -0.00864 5
-100.000   47.000 -0.00961 3
-100.000   48.000 -0.01766 0
-100.000   49.000 -0.01868 2
-100.000   50.000 -0.00631 2
 -99.000   25.000 -0.01310 5
 -99.000   26.000 -0.00148 1
 -99.000   27.000 -0.00468 4
 -99.000   28.000  0.00618 3
 -99.000   29.000  0.02721 7
 -99.000   30.000  0.02376 5
 -99.000   31.000  0.01780 6
 -99.000   32.000  0.03022 7
 -99.000   33.000  0.02957 5
 -99.000   34.000  0.01135 0
 -99.000   35.000  0.02224 9
 -99.000   36.000  0.02835 16
 -99.000   37.000  0.02666 9
 -99.000   38.000  0.03699 11
 -99.000   39.000  0.07155 4
 -99.000   40.000  0.06282 3
 -99.000   41.000  0.05679 9
 -99.000   42.000  0.04897 7
 -99.000   43.000  0.02728 3
 -99.000   44.000 -0.00343 2
 -99.000   45.000 -0.00383 7
 -99.000   46.000  0.00495 14
 -99.000   47.000 -0.00039 3
 -99.000   48.000 -0.00471 1
 -99.000   49.000  0.00195 2
 -99.000   50.000 -0.00514 5
 -98.000   25.000 -0.03137 8
 -98.000   26.000 -0.01802 4
 -98.000   27.000 -0.01034 3
 -98.000   28.000 -0.00104 2
 -98.000   29.000  0.03512 7
 -98.000   30.000  0.04518 16
 -98.000   31.000  0.04932 6
 -98.000   32.000  0.08001 6
 -98.000   33.000  0.07793 3
 -98.000   34.000  0.04828 3
 -98.000   35.000  0.04956 13
 -98.000   36.000  0.03804 15
 -98.000   37.000  0.01725 10
 -98.000   38.000  0.01948 8
 -98.000   39.000  0.04966 8
 -98.000   40.000  0.05372 6
 -98.000   41.000  0.06460 1
 -98.000   42.000  0.05022 6
 -98.000   43.000  0.03130 4
 -98.000   44.000  0.00573 2
 -98.000   45.000  0.00573 5
 -98.000   46.000  0.00683 10
 -98.000   47.000  0.00616 2
 -98.000   48.000  0.01049 3
 -98.000   49.000  0.01678 4
 -98.000   50.000  0.00788 3
 -97.000   25.000 -0.03349 4
 -97.000   26.000 -0.01490 1
 -97.000   27.000  0.00333 0
 -97.000   28.000  0.01661 5
 -97.000   29.000  0.05096 3
 -97.000   30.000  0.06060 3
 -97.000   31.000  0.06167 4
 -97.000   32.000  0.08280 2
 -97.000   33.000  0.08139 2
 -97.000   34.000  0.05490 2
 -97.000   35.000  0.05567 5
 -97.000   36.000  0.04009 10
 -97.000   37.000  0.01336 11
 -97.000   38.000  0.01085 7
 -97.000   39.000  0.02226 2
 -97.000   40.000  0.03097 9
 -97.000   41.000  0.04479 7
 -97.000   42.000  0.03086 5
 -97.000   43.000  0.01783 6
 -97.000   44.000  0.01199 3
 -97.000   45.000  0.01254 7
 -97.000   46.000  0.01348 4
 -97.000   47.000  0.01698 1
 -97.000   48.000  0.01983 2
 -97.000   49.000  0.02613 2
 -97.000   50.000  0.01294 1
 -96.000   25.000 -0.02971 6
 -96.000   26.000 -0.00975 6
 -96.000   27.000  0.00631 1
 -96.000   28.000  0.02182 5
 -96.000   29.000  0.05752 7
 -96.000   30.000  0.07872 4
 -96.000   31.000  0.07967 4
 -96.000   32.000  0.10139 9
 -96.000   33.000  0.09741 4
 -96.000   34.000  0.06645 1
 -96.000   35.000  0.06244 9
 -96.000   36.000  0.04625 8
 -96.000   37.000  0.02291 17
 -96.000   38.000  0.02237 6
 -96.000   39.000  0.02663 7
 -96.000   40.000  0.03078 8
 -96.000   41.000  0.04136 5
 -96.000   42.000  0.03224 4
 -96.000   43.000  0.01941 5
 -96.000   44.000  0.01958 5
 -96.000   45.000  0.01184 9
 -96.000   46.000  0.01178 3
 -96.000   47.000  0.01192 5
 -96.000   48.000  0.01832 2
 -96.000   49.000  0.02315 2
 -96.000   50.000  0.02550 4
 -95.000   25.000 -0.03686 12
 -95.000   26.000 -0.02393 9
 -95.000   27.000 -0.00527 5
 -95.000   28.000  0.01460 3
 -95.000   29.000  0.05254 5
 -95.000   30.000  0.07311 2
 -95.000   31.000  0.07644 6
 -95.000   32.000  0.10630 6
 -95.000   33.000  0.09420 5
 -95.000   34.000  0.06002 9
 -95.000   35.000  0.05621 18
 -95.000   36.000  0.04830 20
 -95.000   37.000  0.01093 29
 -95.000   38.000  0.01753 9
 -95.000   39.000  0.01906 10
 -95.000   40.000  0.02230 13
 -95.000   41.000  0.02636 6
 -95.000   42.000  0.02539 7
 -95.000   43.000  0.01372 6
 -95.000   44.000  0.02049 5
 -95.000   45.000  0.01596 4
 -95.000   46.000  0.01959 4
 -95.000   47.000  0.01573 8
 -95.000   48.000  0.02251 1
 -95.000   49.000  0.02306 4
 -95.000   50.000  0.02714 3
 -94.000   25.000 -0.03658 16
 -94.000   26.000 -0.01925 9
 -94.000   27.000  0.00489 3
 -94.000   28.000  0.02133 6
 -94.000   29.000  0.04979 3
 -94.000   30.000  0.07366 3
 -94.000   31.000  0.07105 4
 -94.000   32.000  0.08255 2
 -94.000   33.000  0.07377 11
 -94.000   34.000  0.05659 5
 -94.000   35.000  0.04396 12
 -94.000   36.000  0.04201 18
 -94.000   37.000  0.01351 15
 -94.000   38.000  0.01895 24
 -94.000   39.000  0.01585 23
 -94.000   40.000  0.02007 12
 -94.000   41.000  0.01877 5
 -94.000   42.000  0.01992 10
 -94.000   43.000  0.01401 10
 -94.000   44.000  0.02348 3
 -94.000   45.000  0.01332 6
 -94.000   46.000  0.01720 7
 -94.000   47.000  0.02121 14
 -94.000   48.000  0.02693 7
 -94.000   49.000  0.02106 2
 -94.000   50.000  0.03636 3
 -93.000   25.000 -0.00380 11
 -93.000   26.000  0.00807 5
 -93.000   27.000  0.02009 4
 -93.000   28.000  0.04468 3
 -93.000   29.000  0.05757 0
 -93.000   30.000  0.05632 2
 -93.000   31.000  0.04621 9
 -93.000   32.000  0.04429 8
 -93.000   33.000  0.02624 4
 -93.000   34.000  0.01506 5
 -93.000   35.000  0.00471 10
 -93.000   36.000  0.01262 30
 -93.000   37.000 -0.00010 13
 -93.000   38.000  0.00597 18
 -93.000   39.000  0.01421 12
 -93.000   40.000  0.02006 5
 -93.000   41.000  0.00679 7
 -93.000   42.000  0.01049 14
 -93.000   43.000  0.01205 13
 -93.000   44.000  0.01737 4
 -93.000   45.000  0.00698 4
 -93.000   46.000  0.01737 6
 -93.000   47.000  0.02158 3
 -93.000   48.000  0.02061 7
 -93.000   49.000  0.01304 1
 -93.000   50.000  0.02822 3
 -92.000   25.000 -0.00469 16
 -92.000   26.000  0.00016 10
 -92.000   27.000  0.00428 4
 -92.000   28.000  0.02248 4
 -92.000   29.000  0.03772 3
 -92.000   30.000  0.04051 7
 -92.000   31.000  0.03452 5
 -92.000   32.000  0.03858 4
 -92.000   33.000  0.02257 6
 -92.000   34.000  0.00718 6
 -92.000   35.000 -0.00720 17
 -92.000   36.000  0.00100 19
 -92.000   37.000 -0.00885 12
 -92.000   38.000  0.00100 11
 -92.000   39.000  0.01090 17
 -92.000   40.000  0.01261 7
 -92.000   41.000  0.00201 13
 -92.000   42.000  0.00991 15
 -92.000   43.000  0.00585 14
 -92.000   44.000  0.01262 7
 -92.000   45.000  0.00640 4
 -92.000   46.000  0.01383 6
 -92.000   47.000  0.00738 4
 -92.000   48.000  0.01467 5
 -92.000   49.000  0.00345 10
 -92.000   50.000  0.01693 1
 -91.000   25.000 -0.00656 11
 -91.000   26.000  0.00101 11
 -91.000   27.000  0.00636 2
 -91.000   28.000  0.02467 5
 -91.000   29.000  0.03225 4
 -91.000   30.000  0.02604 3
 -91.000   31.000  0.01643 11
 -91.000   32.000  0.02164 4
 -91.000   33.000  0.00418 7
 -91.000   34.000 -0.00696 6
 -91.000   35.000 -0.00894 9
 -91.000   36.000  0.00502 11
 -91.000   37.000 -0.00465 13
 -91.000   38.000  0.00580 16
 -91.000   39.000  0.01628 12
 -91.000   40.000  0.01766 16
 -91.000   41.000  0.00667 16
 -91.000   42.000  0.00609 22
 -91.000   43.000  0.00400 12
 -91.000   44.000  0.01002 10
 -91.000   45.000  0.00759 7
 -91.000   46.000  0.00393 2
 -91.000   47.000  0.00252 7
 -91.000   48.000  0.01150 5
 -91.000   49.000  0.00038 1
 -91.000   50.000  0.00469 0
 -90.000   25.000  0.00214 6
 -90.000   26.000  0.00065 6
 -90.000   27.000  0.01066 9
 -90.000   28.000  0.03437 2
 -90.000   29.000  0.03523 7
 -90.000   30.000  0.02505 7
 -90.000   31.000  0.02519 11
 -90.000   32.000  0.02541 10
 -90.000   33.000  0.00543 12
 -90.000   34.000 -0.00221 14
 -90.000   35.000 -0.00038 13
 -90.000   36.000  0.01115 13
 -90.000   37.000  0.00264 6
 -90.000   38.000  0.01021 7
 -90.000   39.000  0.02050 11
 -90.000   40.000  0.02225 13
 -90.000   41.000  0.01737 15
 -90.000   42.000  0.01671 28
 -90.000   43.000  0.01213 5
 -90.000   44.000  0.01575 9
 -90.000   45.000  0.01149 5
 -90.000   46.000  0.00808 4
 -90.000   47.000  0.00686 4
 -90.000   48.000  0.02051 7
 -90.000   49.000  0.01371 4
 -90.000   50.000  0.02172 2
 -89.000   25.000  0.00438 8
 -89.000   26.000 -0.00303 5
 -89.000   27.000  0.00585 5
 -89.000   28.000  0.03267 7
 -89.000   29.000  0.02670 7
 -89.000   30.000  0.02061 8
 -89.000   31.000  0.02556 6
 -89.000   32.000  0.02428 6
 -89.000   33.000 -0.00248 18
 -89.000   34.000 -0.01008 16
 -89.000   35.000 -0.01057 15
 -89.000   36.000 -0.00169 7
 -89.000   37.000 -0.00521 9
 -89.000   38.000  0.00807 7
 -89.000   39.000  0.02226 10
 -89.000   40.000  0.02691 19
 -89.000   41.000  0.02506 22
 -89.000   42.000  0.02290 24
 -89.000   43.000  0.01360 6
 -89.000   44.000  0.00837 3
 -89.000   45.000  0.00191 8
 -89.000   46.000  0.00045 6
 -89.000   47.000 -0.00367 4
 -89.000   48.000  0.00788 5
 -89.000   49.000  0.00823 3
 -89.000   50.000  0.01478 3
 -88.000   25.000  0.00743 3
 -88.000   26.000 -0.00745 4
 -88.000   27.000  0.00370 7
 -88.000   28.000  0.02470 5
 -88.000   29.000  0.01279 8
 -88.000   30.000  0.01637 4
 -88.000   31.000  0.02388 1
 -88.000   32.000  0.01609 6
 -88.000   33.000 -0.00451 9
 -88.000   34.000 -0.00949 8
 -88.000   35.000 -0.01417 18
 -88.000   36.000 -0.00196 49
 -88.000   37.000 -0.00104 38
 -88.000   38.000  0.01587 17
 -88.000   39.000  0.02989 16
 -88.000   40.000  0.03799 25
 -88.000   41.000  0.03886 14
 -88.000   42.000  0.04200 9
 -88.000   43.000  0.02581 9
 -88.000   44.000  0.01292 8
 -88.000   45.000  0.00418 13
 -88.000   46.000 -0.00458 5
 -88.000   47.000 -0.01942 3
 -88.000   48.000 -0.00468 2
 -88.000   49.000 -0.00101 7
 -88.000   50.000 -0.00009 2
 -87.000   25.000  0.01455 6
 -87.000   26.000  0.00213 1
 -87.000   27.000  0.01526 6
 -87.000   28.000  0.03269 3
 -87.000   29.000  0.01314 3
 -87.000   30.000  0.01036 8
 -87.000   31.000  0.01223 7
 -87.000   32.000  0.00081 3
 -87.000   33.000 -0.01873 10
 -87.000   34.000 -0.01898 12
 -87.000   35.000 -0.01563 11
 -87.000   36.000 -0.00283 16
 -87.000   37.000 -0.00209 12
 -87.000   38.000  0.01533 10
 -87.000   39.000  0.02861 13
 -87.000   40.000  0.03661 11
 -87.000   41.000  0.03635 8
 -87.000   42.000  0.03754 8
 -87.000   43.000  0.02185 12
 -87.000   44.000  0.00619 7
 -87.000   45.000 -0.00355 11
 -87.000   46.000 -0.00653 8
 -87.000   47.000 -0.01211 2
 -87.000   48.000  0.00622 3
 -87.000   49.000  0.01676 5
 -87.000   50.000  0.02230 0
 -86.000   25.000  0.01261 4
 -86.000   26.000 -0.00077 4
 -86.000   27.000  0.01095 8
 -86.000   28.000  0.03072 14
 -86.000   29.000  0.01819 4
 -86.000   30.000  0.01595 5
 -86.000   31.000  0.01731 9
 -86.000   32.000  0.00736 13
 -86.000   33.000 -0.01844 12
 -86.000   34.000 -0.02087 13
 -86.000   35.000 -0.02228 19
 -86.000   36.000 -0.01289 18
 -86.000   37.000 -0.01416 8
 -86.000   38.000  0.00785 7
 -86.000   39.000  0.02281 11
 -86.000   40.000  0.03286 11
 -86.000   41.000  0.03528 17
 -86.000   42.000  0.03869 21
 -86.000   43.000  0.02016 16
 -86.000   44.000  0.00214 10
 -86.000   45.000 -0.00648 6
 -86.000   46.000 -0.00293 8
 -86.000   47.000 -0.01190 3
 -86.000   48.000  0.00079 3
 -86.000   49.000  0.00942 1
 -86.000   50.000  0.01342 1
 -85.000   25.000  0.02210 13
 -85.000   26.000  0.01556 7
 -85.000   27.000  0.02022 15
 -85.000   28.000  0.03434 6
 -85.000   29.000  0.02257 5
 -85.000   30.000  0.01556 3
 -85.000   31.000 -0.00125 5
 -85.000   32.000 -0.01490 6
 -85.000   33.000 -0.03828 10
 -85.000   34.000 -0.04852 20
 -85.000   35.000 -0.04828 11
 -85.000   36.000 -0.02774 10
 -85.000   37.000 -0.02233 9
 -85.000   38.000  0.00457 9
 -85.000   39.000  0.02580 4
 -85.000   40.000  0.03779 12
 -85.000   41.000  0.03742 14
 -85.000   42.000  0.04297 22
 -85.000   43.000  0.02528 11
 -85.000   44.000  0.00612 13
 -85.000   45.000 -0.00243 5
 -85.000   46.000 -0.00887 12
 -85.000   47.000 -0.01556 12
 -85.000   48.000 -0.00871 1
 -85.000   49.000 -0.00248 11
 -85.000   50.000 -0.00473 0
 -84.000   25.000  0.02607 0
 -84.000   26.000  0.01796 5
 -84.000   27.000  0.02157 7
 -84.000   28.000  0.03584 7
 -84.000   29.000  0.02737 3
 -84.000   30.000  0.02058 13
 -84.000   31.000 -0.00142 6
 -84.000   32.000 -0.00874 8
 -84.000   33.000 -0.03622 24
 -84.000   34.000 -0.04144 12
 -84.000   35.000 -0.04834 10
 -84.000   36.000 -0.01932 5
 -84.000   37.000 -0.01914 9
 -84.000   38.000  0.00611 8
 -84.000   39.000  0.02107 12
 -84.000   40.000  0.03583 13
 -84.000   41.000  0.03507 15
 -84.000   42.000  0.04036 13
 -84.000   43.000  0.03034 15
 -84.000   44.000  0.01288 27
 -84.000   45.000  0.00234 4
 -84.000   46.000 -0.00969 6
 -84.000   47.000 -0.01592 7
 -84.000   48.000 -0.01271 9
 -84.000   49.000 -0.00947 2
 -84.000   50.000 -0.00770 3
 -83.000   25.000  0.02107 7
 -83.000   26.000  0.01951 5
 -83.000   27.000  0.02474 8
 -83.000   28.000  0.03662 2
 -83.000   29.000  0.02085 9
 -83.000   30.000  0.01131 2
 -83.000   31.000 -0.01429 2
 -83.000   32.000 -0.01682 10
 -83.000   33.000 -0.04491 19
 -83.000   34.000 -0.03141 5
 -83.000   35.000 -0.03313 2
 -83.000   36.000 -0.00321 7
 -83.000   37.000 -0.00966 7
 -83.000   38.000  0.01099 8
 -83.000   39.000  0.01970 10
 -83.000   40.000  0.02843 22
 -83.000   41.000  0.02579 12
 -83.000   42.000  0.03089 9
 -83.000   43.000  0.02450 23
 -83.000   44.000  0.01188 15
 -83.000   45.000  0.00160 18
 -83.000   46.000 -0.00713 10
 -83.000   47.000 -0.00421 9
 -83.000   48.000 -0.00146 7
 -83.000   49.000  0.00107 5
 -83.000   50.000  0.00943 2
 -82.000   25.000  0.04617 10
 -82.000   26.000  0.03627 8
 -82.000   27.000  0.03040 6
 -82.000   28.000  0.03889 7
 -82.000   29.000  0.01251 3
 -82.000   30.000 -0.00059 5
 -82.000   31.000 -0.01954 6
 -82.000   32.000 -0.00338 10
 -82.000   33.000 -0.02507 12
 -82.000   34.000 -0.00491 8
 -82.000   35.000 -0.00872 9
 -82.000   36.000  0.02453 5
 -82.000   37.000  0.00767 1
 -82.000   38.000  0.01931 6
 -82.000   39.000  0.03378 12
 -82.000   40.000  0.04041 4
 -82.000   41.000  0.03062 9
 -82.000   42.000  0.03681 12
 -82.000   43.000  0.03272 26
 -82.000   44.000  0.02272 8
 -82.000   45.000  0.01145 16
 -82.000   46.000  0.00116 6
 -82.000   47.000  0.00075 4
 -82.000   48.000 -0.00203 6
 -82.000   49.000 -0.00400 10
 -82.000   50.000  0.00074 4
 -81.000   25.000  0.07236 2
 -81.000   26.000  0.05812 2
 -81.000   27.000  0.04714 2
 -81.000   28.000  0.04727 3
 -81.000   29.000  0.00591 8
 -81.000   30.000 -0.01793 3
 -81.000   31.000 -0.03502 10
 -81.000   32.000 -0.01947 5
 -81.000   33.000 -0.03064 9
 -81.000   34.000  0.00688 8
 -81.000   35.000  0.00814 2
 -81.000   36.000  0.03757 8
 -81.000   37.000  0.02982 10
 -81.000   38.000  0.03205 5
 -81.000   39.000  0.04412 8
 -81.000   40.000  0.04966 13
 -81.000   41.000  0.04179 10
 -81.000   42.000  0.03717 8
 -81.000   43.000  0.03416 19
 -81.000   44.000  0.02926 4
 -81.000   45.000  0.01718 13
 -81.000   46.000  0.00420 9
 -81.000   47.000  0.01018 7
 -81.000   48.000  0.00599 7
 -81.000   49.000  0.00172 1
 -81.000   50.000  0.00513 2
 -80.000   25.000  0.05370 4
 -80.000   26.000  0.03721 6
 -80.000   27.000  0.02578 6
 -80.000   28.000  0.03227 7
 -80.000   29.000 -0.00982 9
 -80.000   30.000 -0.02642 3
 -80.000   31.000 -0.02583 6
 -80.000   32.000  0.00319 3
 -80.000   33.000 -0.00618 1
 -80.000   34.000  0.04753 1
 -80.000   35.000  0.04929 7
 -80.000   36.000  0.06635 5
 -80.000   37.000  0.05328 5
 -80.000   38.000  0.04494 8
 -80.000   39.000  0.03871 3
 -80.000   40.000  0.03824 8
 -80.000   41.000  0.02769 18
 -80.000   42.000  0.01981 7
 -80.000   43.000  0.02516 4
 -80.000   44.000  0.02820 4
 -80.000   45.000  0.02660 13
 -80.000   46.000  0.01758 18
 -80.000   47.000  0.02271 12
 -80.000   48.000  0.01532 6
 -80.000   49.000  0.01007 4
 -80.000   50.000  0.00708 3
 -79.000   25.000  0.05151 5
 -79.000   26.000  0.03842 7
 -79.000   27.000  0.02027 1
 -79.000   28.000  0.02509 6
 -79.000   29.000 -0.01513 7
 -79.000   30.000 -0.03418 6
 -79.000   31.000 -0.02433 1
 -79.000   32.000  0.00704 4
 -79.000   33.000  0.00591 4
 -79.000   34.000  0.05941 10
 -79.000   35.000  0.07803 8
 -79.000   36.000  0.08628 7
 -79.000   37.000  0.07662 2
 -79.000   38.000  0.06480 1
 -79.000   39.000  0.05934 5
 -79.000   40.000  0.05090 6
 -79.000   41.000  0.04227 4
 -79.000   42.000  0.03815 4
 -79.000   43.000  0.03987 8
 -79.000   44.000  0.04485 9
 -79.000   45.000  0.04302 17
 -79.000   46.000  0.02933 35
 -79.000   47.000  0.03232 6
 -79.000   48.000  0.02364 14
 -79.000   49.000  0.01517 8
 -79.000   50.000  0.00851 9
 -78.000   25.000  0.05291 1
 -78.000   26.000  0.03758 6
 -78.000   27.000  0.01200 12
 -78.000   28.000  0.01189 8
 -78.000   29.000 -0.02113 9
 -78.000   30.000 -0.04184 9
 -78.000   31.000 -0.01861 5
 -78.000   32.000  0.01861 4
 -78.000   33.000  0.02090 6
 -78.000   34.000  0.06608 7
 -78.000   35.000  0.08870 6
 -78.000   36.000  0.08687 9
 -78.000   37.000  0.08471 5
 -78.000   38.000  0.08607 7
 -78.000   39.000  0.07293 7
 -78.000   40.000  0.06770 11
 -78.000   41.000  0.05093 6
 -78.000   42.000  0.05050 2
 -78.000   43.000  0.04107 5
 -78.000   44.000  0.05142 3
 -78.000   45.000  0.04986 10
 -78.000   46.000  0.04438 59
 -78.000   47.000  0.03550 20
 -78.000   48.000  0.02730 10
 -78.000   49.000  0.01650 9
 -78.000   50.000  0.00769 10
 -77.000   25.000  0.02771 3
 -77.000   26.000  0.02260 8
 -77.000   27.000  0.00862 5
 -77.000   28.000  0.01219 7
 -77.000   29.000 -0.00683 14
 -77.000   30.000 -0.02636 8
 -77.000   31.000 -0.00540 10
 -77.000   32.000  0.01908 5
 -77.000   33.000  0.00652 4
 -77.000   34.000  0.04848 8
 -77.000   35.000  0.07224 4
 -77.000   36.000  0.06566 4
 -77.000   37.000  0.07021 6
 -77.000   38.000  0.09075 5
 -77.000   39.000  0.06787 8
 -77.000   40.000  0.06917 7
 -77.000   41.000  0.05668 3
 -77.000   42.000  0.05373 4
 -77.000   43.000  0.04545 4
 -77.000   44.000  0.05283 2
 -77.000   45.000  0.05236 3
 -77.000   46.000  0.04417 13
 -77.000   47.000  0.03489 11
 -77.000   48.000  0.02897 11
 -77.000   49.000  0.02208 4
 -77.000   50.000  0.01203 4
 -76.000   25.000  0.00757 1
 -76.000   26.000  0.00851 2
 -76.000   27.000 -0.00046 2
 -76.000   28.000  0.00740 3
 -76.000   29.000 -0.00397 8
 -76.000   30.000 -0.01702 5
 -76.000   31.000  0.00402 10
 -76.000   32.000  0.03156 7
 -76.000   33.000  0.01875 9
 -76.000   34.000  0.04428 13
 -76.000   35.000  0.07247 2
 -76.000   36.000  0.06375 5
 -76.000   37.000  0.06205 4
 -76.000   38.000  0.08656 8
 -76.000   39.000  0.07106 6
 -76.000   40.000  0.06565 4
 -76.000   41.000  0.05552 3
 -76.000   42.000  0.05663 6
 -76.000   43.000  0.04658 1
 -76.000   44.000  0.05254 4
 -76.000   45.000  0.05401 9
 -76.000   46.000  0.04510 8
 -76.000   47.000  0.02796 15
 -76.000   48.000  0.02384 16
 -76.000   49.000  0.01484 8
 -76.000   50.000  0.00500 5
 -75.000   25.000  0.00234 0
 -75.000   26.000  0.00602 5
 -75.000   27.000  0.00122 6
 -75.000   28.000 -0.00168 2
 -75.000   29.000 -0.00932 7
 -75.000   30.000 -0.02493 6
 -75.000   31.000 -0.01708 7
 -75.000   32.000  0.01033 4
 -75.000   33.000  0.00347 18
 -75.000   34.000  0.01536 6
 -75.000   35.000  0.05071 3
 -75.000   36.000  0.05334 8
 -75.000   37.000  0.04690 7
 -75.000   38.000  0.07285 4
 -75.000   39.000  0.06947 2
 -75.000   40.000  0.06817 7
 -75.000   41.000  0.05619 3
 -75.000   42.000  0.05572 6
 -75.000   43.000  0.04643 3
 -75.000   44.000  0.05251 1
 -75.000   45.000  0.04603 2
 -75.000   46.000  0.03787 4
 -75.000   47.000  0.02217 14
 -75.000   48.000  0.01742 12
 -75.000   49.000  0.00521 7
 -75.000   50.000 -0.00213 7
 -74.000   25.000  0.00252 0
 -74.000   26.000  0.00822 4
 -74.000   27.000  0.00784 6
 -74.000   28.000  0.00080 3
 -74.000   29.000 -0.00525 20
 -74.000   30.000 -0.01711 10
 -74.000   31.000 -0.01669 14
 -74.000   32.000  0.00095 8
 -74.000   33.000 -0.00661 13
 -74.000   34.000 -0.00508 8
 -74.000   35.000  0.02170 3
 -74.000   36.000  0.02263 4
 -74.000   37.000  0.02221 8
 -74.000   38.000  0.05554 6
 -74.000   39.000  0.06319 4
 -74.000   40.000  0.06152 4
 -74.000   41.000  0.06135 2
 -74.000   42.000  0.05588 5
 -74.000   43.000  0.04707 5
 -74.000   44.000  0.04841 2
 -74.000   45.000  0.04155 4
 -74.000   46.000  0.03034 4
 -74.000   47.000  0.01927 11
 -74.000   48.000  0.01185 8
 -74.000   49.000  0.00154 6
 -74.000   50.000 -0.00178 7
 -73.000   25.000  0.00828 0
 -73.000   26.000  0.01139 0
 -73.000   27.000  0.01808 2
 -73.000   28.000  0.01146 0
 -73.000   29.000  0.00304 3
 -73.000   30.000 -0.00942 7
 -73.000   31.000 -0.01889 3
 -73.000   32.000 -0.01056 1
 -73.000   33.000 -0.01431 6
 -73.000   34.000 -0.02180 6
 -73.000   35.000  0.00125 8
 -73.000   36.000  0.00791 10
 -73.000   37.000  0.00534 7
 -73.000   38.000  0.02370 2
 -73.000   39.000  0.05237 7
 -73.000   40.000  0.04723 5
 -73.000   41.000  0.06667 6
 -73.000   42.000  0.05411 5
 -73.000   43.000  0.05627 4
 -73.000   44.000  0.04814 3
 -73.000   45.000  0.04489 4
 -73.000   46.000  0.01876 3
 -73.000   47.000  0.01444 3
 -73.000   48.000  0.00842 6
 -73.000   49.000  0.00219 7
 -73.000   50.000 -0.00564 8
 -72.000   25.000  0.00634 0
 -72.000   26.000  0.00655 0
 -72.000   27.000  0.01068 1
 -72.000   28.000  0.00338 1
 -72.000   29.000  0.00478 6
 -72.000   30.000 -0.00377 5
 -72.000   31.000 -0.01330 8
 -72.000   32.000 -0.01000 7
 -72.000   33.000 -0.00265 3
 -72.000   34.000 -0.03192 1
 -72.000   35.000 -0.01539 8
 -72.000   36.000 -0.01145 16
 -72.000   37.000 -0.00977 8
 -72.000   38.000 -0.00207 7
 -72.000   39.000  0.04065 7
 -72.000   40.000  0.03776 6
 -72.000   41.000  0.06603 4
 -72.000   42.000  0.06006 5
 -72.000   43.000  0.06148 1
 -72.000   44.000  0.05258 0
 -72.000   45.000  0.05457 7
 -72.000   46.000  0.02769 6
 -72.000   47.000  0.02362 4
 -72.000   48.000  0.01879 4
 -72.000   49.000  0.01311 5
 -72.000   50.000  0.00327 9
 -71.000   25.000  0.00051 0
 -71.000   26.000 -0.00050 0
 -71.000   27.000  0.00536 1
 -71.000   28.000 -0.00100 1
 -71.000   29.000  0.00502 3
 -71.000   30.000  0.00018 4
 -71.000   31.000 -0.00827 2
 -71.000   32.000 -0.00402 5
 -71.000   33.000 -0.00044 5
 -71.000   34.000 -0.03352 4
 -71.000   35.000 -0.02148 0
 -71.000   36.000 -0.01246 16
 -71.000   37.000 -0.01542 10
 -71.000   38.000 -0.00542 4
 -71.000   39.000  0.03936 10
 -71.000   40.000  0.04698 9
 -71.000   41.000  0.07454 3
 -71.000   42.000  0.07710 7
 -71.000   43.000  0.07882 1
 -71.000   44.000  0.06312 2
 -71.000   45.000  0.06097 0
 -71.000   46.000  0.03266 4
 -71.000   47.000  0.02892 5
 -71.000   48.000  0.02504 4
 -71.000   49.000  0.02877 5
 -71.000   50.000  0.01673 12
 -70.000   25.000  0.01207 0
 -70.000   26.000  0.00817 0
 -70.000   27.000  0.01246 0
 -70.000   28.000  0.00838 0
 -70.000   29.000  0.01199 0
 -70.000   30.000  0.01025 0
 -70.000   31.000  0.01035 1
 -70.000   32.000  0.00541 1
 -70.000   33.000  0.00660 0
 -70.000   34.000 -0.02364 0
 -70.000   35.000 -0.01731 4
 -70.000   36.000 -0.01769 4
 -70.000   37.000 -0.01382 4
 -70.000   38.000 -0.00270 7
 -70.000   39.000  0.04777 8
 -70.000   40.000  0.05307 4
 -70.000   41.000  0.08486 2
 -70.000   42.000  0.08666 6
 -70.000   43.000  0.07924 3
 -70.000   44.000  0.05488 2
 -70.000   45.000  0.05960 2
 -70.000   46.000  0.01363 2
 -70.000   47.000  0.01282 6
 -70.000   48.000  0.02192 4
 -70.000   49.000  0.02806 4
 -70.000   50.000  0.00101 8
 -69.000   25.000  0.00860 0
 -69.000   26.000  0.00222 0
 -69.000   27.000  0.00673 0
 -69.000   28.000  0.00497 0
 -69.000   29.000  0.00735 0
 -69.000   30.000  0.00250 0
 -69.000   31.000  0.00607 0
 -69.000   32.000  0.00579 0
 -69.000   33.000  0.00573 0
 -69.000   34.000 -0.01338 1
 -69.000   35.000 -0.00039 3
 -69.000   36.000  0.00251 3
 -69.000   37.000  0.00605 7
 -69.000   38.000  0.01629 7
 -69.000   39.000  0.04791 6
 -69.000   40.000  0.05140 6
 -69.000   41.000  0.07001 6
 -69.000   42.000  0.06827 1
 -69.000   43.000  0.05790 3
 -69.000   44.000  0.03892 2
 -69.000   45.000  0.03879 6
 -69.000   46.000  0.00108 3
 -69.000   47.000  0.00414 2
 -69.000   48.000  0.02399 1
 -69.000   49.000  0.03511 5
 -69.000   50.000  0.01904 6
 -68.000   25.000  0.00000 0
 -68.000   26.000  0.00000 0
 -68.000   27.000  0.00000 0
 -68.000   28.000  0.00000 0
 -68.000   29.000  0.00798 0
 -68.000   30.000  0.00732 0
 -68.000   31.000  0.00291 0
 -68.000   32.000  0.00575 0
 -68.000   33.000  0.00393 0
 -68.000   34.000 -0.01359 2
 -68.000   35.000  0.00201 0
 -68.000   36.000  0.01302 3
 -68.000   37.000  0.02586 5
 -68.000   38.000  0.03738 4
 -68.000   39.000  0.05175 6
 -68.000   40.000  0.05001 7
 -68.000   41.000  0.05425 6
 -68.000   42.000  0.04672 4
 -68.000   43.000  0.03593 2
 -68.000   44.000  0.02789 1
 -68.000   45.000  0.02610 7
 -68.000   46.000 -0.00314 6
 -68.000   47.000  0.00695 2
 -68.000   48.000  0.02867 1
 -68.000   49.000  0.03985 4
 -68.000   50.000  0.03412 5
 -67.000   25.000  0.00000 0
 -67.000   26.000  0.00000 0
 -67.000   27.000  0.00000 0
 -67.000   28.000  0.00000 0
 -67.000   29.000  0.00000 0
 -67.000   30.000  0.00000 0
 -67.000   31.000 -0.00441 0
 -67.000   32.000 -0.00157 0
 -67.000   33.000 -0.00351 0
 -67.000   34.000 -0.00594 0
 -67.000   35.000  0.01307 1
 -67.000   36.000  0.02937 1
 -67.000   37.000  0.04262 3
 -67.000   38.000  0.04888 2
 -67.000   39.000  0.05154 2
 -67.000   40.000  0.04175 3
 -67.000   41.000  0.03332 4
 -67.000   42.000  0.02043 6
 -67.000   43.000  0.01935 3
 -67.000   44.000  0.01368 2
 -67.000   45.000  0.00977 4
 -67.000   46.000 -0.01633 2
 -67.000   47.000  0.00049 4
 -67.000   48.000  0.01726 3
 -67.000   49.000  0.02836 3
 -67.000   50.000  0.02897 4
 -66.000   25.000  0.00000 0
 -66.000   26.000  0.00000 0
 -66.000   27.000  0.00000 0
 -66.000   28.000  0.00000 0
 -66.000   29.000  0.00000 0
 -66.000   30.000  0.00000 0
 -66.000   31.000 -0.00551 0
 -66.000   32.000 -0.01028 0
 -66.000   33.000 -0.01232 1
 -66.000   34.000 -0.00954 0
 -66.000   35.000  0.01012 0
 -66.000   36.000  0.02731 1
 -66.000   37.000  0.05008 1
 -66.000   38.000  0.05386 2
 -66.000   39.000  0.04658 1
 -66.000   40.000  0.02926 4
 -66.000   41.000  0.01509 4
 -66.000   42.000 -0.00517 9
 -66.000   43.000 -0.00362 0
 -66.000   44.000 -0.00242 1
 -66.000   45.000 -0.00430 7
 -66.000   46.000 -0.03156 0
 -66.000   47.000 -0.00977 3
 -66.000   48.000  0.00953 1
 -66.000   49.000  0.01603 2
 -66.000   50.000  0.02060 5
 -65.000   25.000  0.00000 0
 -65.000   26.000  0.00000 0
 -65.000   27.000  0.00000 0
 -65.000   28.000  0.00000 0
 -65.000   29.000  0.00000 0
 -65.000   30.000  0.00000 0
 -65.000   31.000 -0.00734 0
 -65.000   32.000 -0.00734 0
 -65.000   33.000 -0.01007 0
 -65.000   34.000 -0.00096 0
 -65.000   35.000  0.01416 0
 -65.000   36.000  0.03727 0
 -65.000   37.000  0.06093 0
 -65.000   38.000  0.06799 1
 -65.000   39.000  0.04479 0
 -65.000   40.000  0.02687 5
 -65.000   41.000  0.00936 3
 -65.000   42.000 -0.01178 3
 -65.000   43.000 -0.00406 4
 -65.000   44.000  0.00377 10
 -65.000   45.000 -0.00446 4
 -65.000   46.000 -0.01244 1
 -65.000   47.000  0.01130 0
 -65.000   48.000  0.02094 3
 -65.000   49.000  0.03399 2
 -65.000   50.000  0.06370 3
