-130.000   25.000  0.00000 0
-130.000   26.000  0.00000 0
-130.000   27.000  0.00000 0
-130.000   28.000  0.00000 0
-130.000   29.000  0.00000 0
-130.000   30.000  0.00000 0
-130.000   31.000  0.00000 0
-130.000   32.000  0.00000 0
-130.000   33.000  0.00000 0
-130.000   34.000  0.00000 0
-130.000   35.000  0.00000 0
-130.000   36.000 -0.00052 0
-130.000   37.000  0.00570 0
-130.000   38.000  0.00572 0
-130.000   39.000 -0.00165 0
-130.000   40.000 -0.00157 0
-130.000   41.000  0.00023 0
-130.000   42.000 -0.00910 0
-130.000   43.000 -0.01023 0
-130.000   44.000 -0.00580 0
-130.000   45.000 -0.00090 0
-130.000   46.000 -0.00094 0
-130.000   47.000  0.00088 2
-130.000   48.000 -0.00143 3
-130.000   49.000  0.00189 1
-130.000   50.000 -0.00577 0
-129.000   25.000  0.00000 0
-129.000   26.000  0.00000 0
-129.000   27.000  0.00000 0
-129.000   28.000  0.00000 0
-129.000   29.000  0.00000 0
-129.000   30.000  0.00000 0
-129.000   31.000  0.00000 0
-129.000   32.000  0.00000 0
-129.000   33.000  0.00505 0
-129.000   34.000  0.00995 0
-129.000   35.000  0.01025 0
-129.000   36.000  0.00885 0
-129.000   37.000  0.01308 0
-129.000   38.000  0.00817 0
-129.000   39.000 -0.00334 0
-129.000   40.000 -0.00344 0
-129.000   41.000 -0.00201 1
-129.000   42.000 -0.00872 2
-129.000   43.000 -0.01125 1
-129.000   44.000 -0.00667 4
-129.000   45.000 -0.00358 7
-129.000   46.000 -0.00170 4
-129.000   47.000 -0.00189 5
-129.000   48.000 -0.00361 15
-129.000   49.000 -0.00197 2
-129.000   50.000 -0.00812 3
-128.000   25.000  0.00000 0
-128.000   26.000  0.00000 0
-128.000   27.000  0.00000 0
-128.000   28.000  0.00000 0
-128.000   29.000  0.00000 0
-128.000   30.000  0.00000 0
-128.000   31.000  0.00000 0
-128.000   32.000  0.00000 0
-128.000   33.000  0.00548 0
-128.000   34.000  0.01043 0
-128.000   35.000  0.00914 0
-128.000   36.000  0.00843 0
-128.000   37.000  0.01213 0
-128.000   38.000  0.00643 3
-128.000   39.000 -0.00405 6
-128.000   40.000 -0.00387 19
-128.000   41.000 -0.00429 35
-128.000   42.000 -0.01022 34
-128.000   43.000 -0.01225 25
-128.000   44.000 -0.00769 26
-128.000   45.000 -0.00365 29
-128.000   46.000 -0.00139 33
-128.000   47.000 -0.00185 44
-128.000   48.000 -0.00270 28
-128.000   49.000 -0.00216 22
-128.000   50.000 -0.00777 3
-127.000   25.000  0.00000 0
-127.000   26.000  0.00000 0
-127.000   27.000  0.00000 0
-127.000   28.000  0.00000 0
-127.000   29.000  0.00000 0
-127.000   30.000  0.00000 0
-127.000   31.000  0.00286 0
-127.000   32.000  0.00600 0
-127.000   33.000  0.01186 0
-127.000   34.000  0.01596 0
-127.000   35.000  0.01481 4
-127.000   36.000  0.01246 5
-127.000   37.000  0.01301 8
-127.000   38.000  0.00703 23
-127.000   39.000 -0.00257 30
-127.000   40.000 -0.00210 58
-127.000   41.000 -0.00381 61
-127.000   42.000 -0.01044 77
-127.000   43.000 -0.01304 63
-127.000   44.000 -0.00800 85
-127.000   45.000 -0.00564 85
-127.000   46.000 -0.00450 83
-127.000   47.000 -0.00236 68
-127.000   48.000 -0.00107 46
-127.000   49.000 -0.00077 62
-127.000   50.000 -0.00383 20
-126.000   25.000  0.00000 0
-126.000   26.000  0.00000 0
-126.000   27.000  0.00000 0
-126.000   28.000  0.00000 0
-126.000   29.000  0.00000 0
-126.000   30.000 -0.00245 0
-126.000   31.000  0.00072 0
-126.000   32.000  0.00575 0
-126.000   33.000  0.01344 0
-126.000   34.000  0.01663 0
-126.000   35.000  0.01758 10
-126.000   36.000  0.01473 17
-126.000   37.000  0.01272 19
-126.000   38.000  0.00453 46
-126.000   39.000 -0.00053 59
-126.000   40.000 -0.00316 67
-126.000   41.000 -0.00649 46
-126.000   42.000 -0.01040 74
-126.000   43.000 -0.01234 48
-126.000   44.000 -0.01055 61
-126.000   45.000 -0.00595 84
-126.000   46.000 -0.00289 95
-126.000   47.000 -0.00324 69
-126.000   48.000 -0.00093 47
-126.000   49.000 -0.00106 35
-126.000   50.000 -0.00220 22
-125.000   25.000  0.00000 0
-125.000   26.000  0.00000 0
-125.000   27.000  0.00000 0
-125.000   28.000  0.00000 0
-125.000   29.000  0.00009 0
-125.000   30.000 -0.00165 0
-125.000   31.000  0.00322 0
-125.000   32.000  0.00863 0
-125.000   33.000  0.01633 1
-125.000   34.000  0.01909 17
-125.000   35.000  0.01980 15
-125.000   36.000  0.01599 19
-125.000   37.000  0.01034 32
-125.000   38.000  0.00089 62
-125.000   39.000 -0.00390 79
-125.000   40.000 -0.00579 43
-125.000   41.000 -0.00723 54
-125.000   42.000 -0.00728 44
-125.000   43.000 -0.00850 56
-125.000   44.000 -0.00591 61
-125.000   45.000 -0.00072 49
-125.000   46.000  0.00013 48
-125.000   47.000 -0.00224 44
-125.000   48.000  0.00355 30
-125.000   49.000  0.00363 21
-125.000   50.000  0.00107 23
-124.000   25.000  0.00000 0
-124.000   26.000  0.00000 0
-124.000   27.000  0.00000 0
-124.000   28.000  0.00392 0
-124.000   29.000  0.00368 0
-124.000   30.000  0.00316 0
-124.000   31.000  0.00858 0
-124.000   32.000  0.01523 6
-124.000   33.000  0.01507 13
-124.000   34.000  0.01290 21
-124.000   35.000  0.01128 34
-124.000   36.000  0.00833 49
-124.000   37.000  0.00044 66
-124.000   38.000 -0.00421 64
-124.000   39.000 -0.00197 38
-124.000   40.000 -0.00292 54
-124.000   41.000 -0.00459 36
-124.000   42.000 -0.00325 29
-124.000   43.000 -0.00290 27
-124.000   44.000 -0.00250 39
-124.000   45.000  0.00311 38
-124.000   46.000  0.00139 32
-124.000   47.000  0.00200 38
-124.000   48.000  0.00640 23
-124.000   49.000  0.00771 19
-124.000   50.000  0.00609 19
-123.000   25.000  0.00000 0
-123.000   26.000  0.00000 0
-123.000   27.000  0.00000 0
-123.000   28.000  0.00302 0
-123.000   29.000  0.00311 0
-123.000   30.000  0.00257 0
-123.000   31.000  0.00846 12
-123.000   32.000  0.01616 37
-123.000   33.000  0.01584 35
-123.000   34.000  0.01230 31
-123.000   35.000  0.01154 71
-123.000   36.000  0.00585 101
-123.000   37.000 -0.00302 75
-123.000   38.000 -0.00560 63
-123.000   39.000 -0.00073 41
-123.000   40.000 -0.00108 38
-123.000   41.000  0.00034 23
-123.000   42.000  0.00300 40
-123.000   43.000  0.00292 23
-123.000   44.000  0.00241 41
-123.000   45.000  0.00648 55
-123.000   46.000  0.00638 52
-123.000   47.000  0.00671 47
-123.000   48.000  0.01084 35
-123.000   49.000  0.01240 13
-123.000   50.000  0.01250 25
-122.000   25.000  0.00000 0
-122.000   26.000  0.00000 0
-122.000   27.000  0.00000 0
-122.000   28.000  0.00345 0
-122.000   29.000  0.00260 0
-122.000   30.000  0.00161 1
-122.000   31.000  0.00541 36
-122.000   32.000  0.01162 80
-122.000   33.000  0.01022 99
-122.000   34.000  0.00969 63
-122.000   35.000  0.00938 116
-122.000   36.000  0.00414 258
-122.000   37.000 -0.00332 103
-122.000   38.000 -0.00520 52
-122.000   39.000 -0.00279 37
-122.000   40.000 -0.00244 62
-122.000   41.000  0.00015 57
-122.000   42.000  0.00303 62
-122.000   43.000  0.00325 30
-122.000   44.000  0.00453 69
-122.000   45.000  0.00744 53
-122.000   46.000  0.00754 74
-122.000   47.000  0.00643 91
-122.000   48.000  0.00997 43
-122.000   49.000  0.00957 27
-122.000   50.000  0.00948 17
-121.000   25.000  0.00000 0
-121.000   26.000  0.00000 0
-121.000   27.000 -0.01073 0
-121.000   28.000 -0.00649 0
-121.000   29.000 -0.00720 0
-121.000   30.000 -0.00674 14
-121.000   31.000 -0.00307 67
-121.000   32.000  0.01415 106
-121.000   33.000  0.01006 74
-121.000   34.000  0.01063 105
-121.000   35.000  0.00905 163
-121.000   36.000  0.00320 158
-121.000   37.000 -0.00496 72
-121.000   38.000 -0.00398 90
-121.000   39.000 -0.00080 59
-121.000   40.000  0.00426 92
-121.000   41.000  0.00715 79
-121.000   42.000  0.01201 75
-121.000   43.000  0.01104 70
-121.000   44.000  0.01145 91
-121.000   45.000  0.01169 108
-121.000   46.000  0.01212 106
-121.000   47.000  0.00877 63
-121.000   48.000  0.01084 36
-121.000   49.000  0.00923 12
-121.000   50.000  0.00535 25
-120.000   25.000  0.00000 0
-120.000   26.000  0.00000 0
-120.000   27.000 -0.00265 0
-120.000   28.000  0.00320 0
-120.000   29.000  0.00292 0
-120.000   30.000  0.00171 29
-120.000   31.000  0.00364 134
-120.000   32.000  0.01361 86
-120.000   33.000  0.00774 129
-120.000   34.000  0.00870 115
-120.000   35.000  0.00777 309
-120.000   36.000  0.00198 162
-120.000   37.000 -0.00600 134
-120.000   38.000 -0.00381 131
-120.000   39.000 -0.00034 71
-120.000   40.000  0.00622 74
-120.000   41.000  0.00938 99
-120.000   42.000  0.01318 151
-120.000   43.000  0.01287 178
-120.000   44.000  0.01301 111
-120.000   45.000  0.01184 122
-120.000   46.000  0.01727 79
-120.000   47.000  0.01532 84
-120.000   48.000  0.01734 32
-120.000   49.000  0.01631 19
-120.000   50.000  0.01633 15
-119.000   25.000  0.00000 0
-119.000   26.000  0.00000 0
-119.000   27.000 -0.00343 0
-119.000   28.000 -0.00007 0
-119.000   29.000 -0.00125 1
-119.000   30.000 -0.00415 19
-119.000   31.000 -0.00320 152
-119.000   32.000  0.00703 75
-119.000   33.000  0.00504 55
-119.000   34.000  0.00825 93
-119.000   35.000  0.01015 159
-119.000   36.000  0.00510 91
-119.000   37.000 -0.00288 105
-119.000   38.000 -0.00338 117
-119.000   39.000 -0.00204 102
-119.000   40.000  0.00564 107
-119.000   41.000  0.01089 79
-119.000   42.000  0.01571 213
-119.000   43.000  0.01703 169
-119.000   44.000  0.01834 85
-119.000   45.000  0.01645 113
-119.000   46.000  0.02236 88
-119.000   47.000  0.01818 35
-119.000   48.000  0.02201 19
-119.000   49.000  0.02166 24
-119.000   50.000  0.02088 16
-118.000   25.000  0.00000 0
-118.000   26.000  0.00257 0
-118.000   27.000 -0.00141 0
-118.000   28.000  0.00382 0
-118.000   29.000  0.00291 3
-118.000   30.000  0.00001 55
-118.000   31.000 -0.00102 95
-118.000   32.000  0.00715 96
-118.000   33.000  0.00125 71
-118.000   34.000  0.00302 54
-118.000   35.000  0.00577 185
-118.000   36.000  0.00256 87
-118.000   37.000 -0.00352 70
-118.000   38.000 -0.00298 66
-118.000   39.000 -0.00099 54
-118.000   40.000  0.00756 44
-118.000   41.000  0.01379 71
-118.000   42.000  0.02078 67
-118.000   43.000  0.02339 82
-118.000   44.000  0.02459 63
-118.000   45.000  0.02333 95
-118.000   46.000  0.02683 75
-118.000   47.000  0.02165 43
-118.000   48.000  0.02694 25
-118.000   49.000  0.02860 22
-118.000   50.000  0.02623 15
-117.000   25.000  0.00000 0
-117.000   26.000  0.00257 0
-117.000   27.000 -0.00197 0
-117.000   28.000  0.00324 0
-117.000   29.000  0.00430 15
-117.000   30.000  0.00187 121
-117.000   31.000  0.00041 104
-117.000   32.000  0.00738 98
-117.000   33.000  0.00256 92
-117.000   34.000  0.00168 53
-117.000   35.000  0.00505 100
-117.000   36.000  0.00303 83
-117.000   37.000 -0.00160 78
-117.000   38.000 -0.00358 58
-117.000   39.000 -0.00188 35
-117.000   40.000  0.00497 30
-117.000   41.000  0.01090 54
-117.000   42.000  0.01953 83
-117.000   43.000  0.02513 88
-117.000   44.000  0.02741 66
-117.000   45.000  0.02675 54
-117.000   46.000  0.03206 53
-117.000   47.000  0.02603 45
-117.000   48.000  0.03003 18
-117.000   49.000  0.03234 17
-117.000   50.000  0.03124 15
-116.000   25.000  0.00000 0
-116.000   26.000  0.00476 0
-116.000   27.000  0.01155 0
-116.000   28.000  0.01530 1
-116.000   29.000  0.01627 18
-116.000   30.000  0.01542 81
-116.000   31.000  0.01255 211
-116.000   32.000  0.00678 111
-116.000   33.000  0.00489 79
-116.000   34.000  0.00478 81
-116.000   35.000  0.00690 86
-116.000   36.000  0.00527 81
-116.000   37.000  0.00235 71
-116.000   38.000 -0.00063 113
-116.000   39.000  0.00142 40
-116.000   40.000  0.00657 40
-116.000   41.000  0.01164 44
-116.000   42.000  0.01890 65
-116.000   43.000  0.02410 50
-116.000   44.000  0.02590 46
-116.000   45.000  0.02625 46
-116.000   46.000  0.03244 40
-116.000   47.000  0.02983 27
-116.000   48.000  0.03409 20
-116.000   49.000  0.03673 12
-116.000   50.000  0.03766 18
-115.000   25.000  0.00000 0
-115.000   26.000  0.00791 0
-115.000   27.000  0.00744 0
-115.000   28.000  0.00889 0
-115.000   29.000  0.00925 16
-115.000   30.000  0.01095 181
-115.000   31.000  0.00658 211
-115.000   32.000  0.00717 128
-115.000   33.000  0.00824 108
-115.000   34.000  0.00734 74
-115.000   35.000  0.00830 92
-115.000   36.000  0.00584 71
-115.000   37.000  0.00306 66
-115.000   38.000  0.00148 66
-115.000   39.000  0.00712 33
-115.000   40.000  0.01171 41
-115.000   41.000  0.01696 53
-115.000   42.000  0.02472 92
-115.000   43.000  0.02794 49
-115.000   44.000  0.02514 57
-115.000   45.000  0.02470 87
-115.000   46.000  0.02961 135
-115.000   47.000  0.02693 16
-115.000   48.000  0.02952 12
-115.000   49.000  0.03402 11
-115.000   50.000  0.03402 14
-114.000   25.000  0.00000 0
-114.000   26.000  0.00791 0
-114.000   27.000  0.01011 0
-114.000   28.000  0.00994 1
-114.000   29.000  0.01101 41
-114.000   30.000  0.01341 211
-114.000   31.000  0.00847 97
-114.000   32.000  0.00517 92
-114.000   33.000  0.00660 78
-114.000   34.000  0.00461 71
-114.000   35.000  0.00485 73
-114.000   36.000  0.00194 47
-114.000   37.000  0.00192 81
-114.000   38.000  0.00183 93
-114.000   39.000  0.00946 30
-114.000   40.000  0.01139 30
-114.000   41.000  0.01601 85
-114.000   42.000  0.02323 109
-114.000   43.000  0.02452 72
-114.000   44.000  0.02092 41
-114.000   45.000  0.02366 72
-114.000   46.000  0.02782 30
-114.000   47.000  0.02483 20
-114.000   48.000  0.03031 12
-114.000   49.000  0.03400 16
-114.000   50.000  0.03317 18
-113.000   25.000  0.00000 0
-113.000   26.000  0.01047 0
-113.000   27.000  0.01326 0
-113.000   28.000  0.01278 2
-113.000   29.000  0.01128 19
-113.000   30.000  0.01258 149
-113.000   31.000  0.00400 76
-113.000   32.000 -0.00013 61
-113.000   33.000  0.00527 62
-113.000   34.000  0.00749 47
-113.000   35.000  0.00779 71
-113.000   36.000  0.00546 55
-113.000   37.000  0.00648 180
-113.000   38.000  0.00524 150
-113.000   39.000  0.01008 29
-113.000   40.000  0.01250 42
-113.000   41.000  0.01634 75
-113.000   42.000  0.01845 51
-113.000   43.000  0.01798 47
-113.000   44.000  0.01478 30
-113.000   45.000  0.01773 93
-113.000   46.000  0.02079 37
-113.000   47.000  0.02074 28
-113.000   48.000  0.02291 13
-113.000   49.000  0.02569 6
-113.000   50.000  0.02262 8
-112.000   25.000  0.00000 0
-112.000   26.000  0.01100 0
-112.000   27.000  0.01592 0
-112.000   28.000  0.01528 0
-112.000   29.000  0.01179 24
-112.000   30.000  0.01405 32
-112.000   31.000  0.00684 65
-112.000   32.000  0.00119 65
-112.000   33.000  0.00620 63
-112.000   34.000  0.00991 39
-112.000   35.000  0.00803 49
-112.000   36.000  0.00337 44
-112.000   37.000  0.00408 41
-112.000   38.000  0.00621 65
-112.000   39.000  0.01220 43
-112.000   40.000  0.01646 37
-112.000   41.000  0.02168 89
-112.000   42.000  0.02271 64
-112.000   43.000  0.01763 41
-112.000   44.000  0.01166 41
-112.000   45.000  0.01489 34
-112.000   46.000  0.01539 51
-112.000   47.000  0.01452 35
-112.000   48.000  0.01554 8
-112.000   49.000  0.01914 17
-112.000   50.000  0.01240 12
-111.000   25.000  0.00000 0
-111.000   26.000  0.00950 0
-111.000   27.000  0.01480 0
-111.000   28.000  0.01568 4
-111.000   29.000  0.01049 32
-111.000   30.000  0.01250 26
-111.000   31.000  0.00626 54
-111.000   32.000 -0.00222 35
-111.000   33.000 -0.00012 38
-111.000   34.000  0.00383 49
-111.000   35.000  0.00318 49
-111.000   36.000 -0.00038 48
-111.000   37.000  0.00317 40
-111.000   38.000  0.00552 34
-111.000   39.000  0.01012 26
-111.000   40.000  0.01325 46
-111.000   41.000  0.01873 56
-111.000   42.000  0.02027 58
-111.000   43.000  0.01695 75
-111.000   44.000  0.01397 44
-111.000   45.000  0.01600 35
-111.000   46.000  0.01246 49
-111.000   47.000  0.00741 29
-111.000   48.000  0.00744 18
-111.000   49.000  0.00884 22
-111.000   50.000  0.00090 13
-110.000   25.000  0.00000 0
-110.000   26.000  0.00954 0
-110.000   27.000  0.01380 0
-110.000   28.000  0.01577 8
-110.000   29.000  0.01121 16
-110.000   30.000  0.01219 12
-110.000   31.000  0.00480 24
-110.000   32.000 -0.00329 48
-110.000   33.000 -0.00275 39
-110.000   34.000  0.00225 35
-110.000   35.000  0.00249 38
-110.000   36.000  0.00148 78
-110.000   37.000  0.00390 36
-110.000   38.000  0.00529 44
-110.000   39.000  0.00455 43
-110.000   40.000  0.00541 75
-110.000   41.000  0.00961 44
-110.000   42.000  0.01273 54
-110.000   43.000  0.01015 53
-110.000   44.000  0.01224 27
-110.000   45.000  0.01680 55
-110.000   46.000  0.01004 40
-110.000   47.000  0.00320 17
-110.000   48.000  0.00282 12
-110.000   49.000  0.00131 19
-110.000   50.000 -0.00932 6
-109.000   25.000  0.00000 0
-109.000   26.000  0.01063 0
-109.000   27.000  0.01147 0
-109.000   28.000  0.01521 3
-109.000   29.000  0.01324 15
-109.000   30.000  0.01505 21
-109.000   31.000  0.00727 54
-109.000   32.000  0.00226 46
-109.000   33.000  0.00081 26
-109.000   34.000  0.00484 31
-109.000   35.000  0.00529 33
-109.000   36.000  0.00476 68
-109.000   37.000  0.00876 39
-109.000   38.000  0.00974 53
-109.000   39.000  0.00732 51
-109.000   40.000  0.00782 102
-109.000   41.000  0.01169 84
-109.000   42.000  0.01388 54
-109.000   43.000  0.01220 72
-109.000   44.000  0.01424 26
-109.000   45.000  0.01689 35
-109.000   46.000  0.01026 27
-109.000   47.000  0.00218 21
-109.000   48.000  0.00017 6
-109.000   49.000 -0.00187 12
-109.000   50.000 -0.01154 8
-108.000   25.000 -0.00086 0
-108.000   26.000  0.00405 0
-108.000   27.000  0.00499 0
-108.000   28.000  0.01003 8
-108.000   29.000  0.01019 18
-108.000   30.000  0.01324 34
-108.000   31.000  0.01112 74
-108.000   32.000  0.00893 72
-108.000   33.000  0.00556 42
-108.000   34.000  0.00812 65
-108.000   35.000  0.00884 55
-108.000   36.000  0.00847 84
-108.000   37.000  0.01013 33
-108.000   38.000  0.01066 43
-108.000   39.000  0.00836 33
-108.000   40.000  0.00755 104
-108.000   41.000  0.01039 67
-108.000   42.000  0.01594 45
-108.000   43.000  0.01372 25
-108.000   44.000  0.01357 26
-108.000   45.000  0.01553 25
-108.000   46.000  0.00898 24
-108.000   47.000 -0.00208 19
-108.000   48.000 -0.00169 11
-108.000   49.000 -0.00246 20
-108.000   50.000 -0.01060 12
-107.000   25.000 -0.00070 0
-107.000   26.000  0.00286 0
-107.000   27.000  0.00287 0
-107.000   28.000  0.00800 38
-107.000   29.000  0.01203 15
-107.000   30.000  0.01397 27
-107.000   31.000  0.01168 35
-107.000   32.000  0.01249 59
-107.000   33.000  0.00979 36
-107.000   34.000  0.01013 60
-107.000   35.000  0.01206 70
-107.000   36.000  0.01367 62
-107.000   37.000  0.01384 58
-107.000   38.000  0.01344 40
-107.000   39.000  0.01193 68
-107.000   40.000  0.00848 56
-107.000   41.000  0.01115 42
-107.000   42.000  0.01871 62
-107.000   43.000  0.01776 49
-107.000   44.000  0.01690 34
-107.000   45.000  0.01801 37
-107.000   46.000  0.01279 34
-107.000   47.000  0.00149 24
-107.000   48.000  0.00384 13
-107.000   49.000  0.00431 23
-107.000   50.000  0.00120 20
-106.000   25.000 -0.00516 0
-106.000   26.000  0.00281 0
-106.000   27.000 -0.00057 3
-106.000   28.000  0.00566 27
-106.000   29.000  0.01064 48
-106.000   30.000  0.01525 32
-106.000   31.000  0.01163 87
-106.000   32.000  0.01935 54
-106.000   33.000  0.01637 49
-106.000   34.000  0.01581 61
-106.000   35.000  0.01806 69
-106.000   36.000  0.01930 62
-106.000   37.000  0.01606 70
-106.000   38.000  0.01475 29
-106.000   39.000  0.01347 34
-106.000   40.000  0.01107 46
-106.000   41.000  0.01316 91
-106.000   42.000  0.02066 74
-106.000   43.000  0.01913 32
-106.000   44.000  0.01542 31
-106.000   45.000  0.01682 29
-106.000   46.000  0.01148 32
-106.000   47.000  0.00336 37
-106.000   48.000  0.00588 22
-106.000   49.000  0.00904 22
-106.000   50.000  0.00615 16
-105.000   25.000  0.00570 0
-105.000   26.000  0.00798 15
-105.000   27.000  0.00566 3
-105.000   28.000  0.01042 6
-105.000   29.000  0.01049 20
-105.000   30.000  0.01082 53
-105.000   31.000  0.00959 35
-105.000   32.000  0.01698 43
-105.000   33.000  0.01726 64
-105.000   34.000  0.01875 72
-105.000   35.000  0.02155 49
-105.000   36.000  0.02480 75
-105.000   37.000  0.02002 56
-105.000   38.000  0.01641 44
-105.000   39.000  0.01515 58
-105.000   40.000  0.01416 44
-105.000   41.000  0.01350 111
-105.000   42.000  0.01970 89
-105.000   43.000  0.01828 35
-105.000   44.000  0.01447 28
-105.000   45.000  0.01438 34
-105.000   46.000  0.01088 31
-105.000   47.000  0.00469 20
-105.000   48.000  0.00756 11
-105.000   49.000  0.01092 16
-105.000   50.000  0.00934 13
-104.000   25.000  0.01595 0
-104.000   26.000  0.01466 12
-104.000   27.000  0.00980 4
-104.000   28.000  0.01424 15
-104.000   29.000  0.00912 30
-104.000   30.000  0.00555 53
-104.000   31.000  0.00511 35
-104.000   32.000  0.01521 31
-104.000   33.000  0.01416 30
-104.000   34.000  0.01651 64
-104.000   35.000  0.02004 47
-104.000   36.000  0.02311 56
-104.000   37.000  0.01662 58
-104.000   38.000  0.01371 62
-104.000   39.000  0.01301 36
-104.000   40.000  0.01202 34
-104.000   41.000  0.01198 60
-104.000   42.000  0.01578 50
-104.000   43.000  0.01287 48
-104.000   44.000  0.00915 42
-104.000   45.000  0.00829 30
-104.000   46.000  0.00350 26
-104.000   47.000  0.00102 26
-104.000   48.000  0.00252 10
-104.000   49.000  0.00680 19
-104.000   50.000  0.00603 11
-103.000   25.000  0.01346 0
-103.000   26.000  0.01286 3
-103.000   27.000  0.01042 19
-103.000   28.000  0.01697 36
-103.000   29.000  0.00892 45
-103.000   30.000  0.00579 51
-103.000   31.000  0.00689 35
-103.000   32.000  0.01458 34
-103.000   33.000  0.01625 26
-103.000   34.000  0.01698 58
-103.000   35.000  0.01954 40
-103.000   36.000  0.02194 46
-103.000   37.000  0.01648 48
-103.000   38.000  0.01295 26
-103.000   39.000  0.01457 37
-103.000   40.000  0.01389 31
-103.000   41.000  0.01179 49
-103.000   42.000  0.01198 45
-103.000   43.000  0.00901 41
-103.000   44.000  0.00660 46
-103.000   45.000  0.00318 44
-103.000   46.000  0.00007 24
-103.000   47.000  0.00014 17
-103.000   48.000  0.00029 16
-103.000   49.000  0.00234 17
-103.000   50.000  0.00472 26
-102.000   25.000  0.00334 11
-102.000   26.000  0.00380 8
-102.000   27.000  0.00422 16
-102.000   28.000  0.01568 54
-102.000   29.000  0.00573 57
-102.000   30.000 -0.00092 84
-102.000   31.000  0.00073 61
-102.000   32.000  0.00426 50
-102.000   33.000  0.00945 40
-102.000   34.000  0.01105 61
-102.000   35.000  0.01500 60
-102.000   36.000  0.01701 38
-102.000   37.000  0.01425 60
-102.000   38.000  0.00828 61
-102.000   39.000  0.01101 47
-102.000   40.000  0.01104 33
-102.000   41.000  0.00852 65
-102.000   42.000  0.00770 27
-102.000   43.000  0.00639 51
-102.000   44.000  0.00341 40
-102.000   45.000  0.00015 37
-102.000   46.000 -0.00271 28
-102.000   47.000 -0.00036 40
-102.000   48.000 -0.00371 19
-102.000   49.000 -0.00369 16
-102.000   50.000 -0.00260 15
-101.000   25.000  0.00859 6
-101.000   26.000  0.00120 5
-101.000   27.000  0.00360 35
-101.000   28.000  0.01204 45
-101.000   29.000  0.00274 79
-101.000   30.000 -0.00515 94
-101.000   31.000 -0.00085 72
-101.000   32.000  0.00132 51
-101.000   33.000  0.00980 69
-101.000   34.000  0.01043 46
-101.000   35.000  0.01199 51
-101.000   36.000  0.01513 37
-101.000   37.000  0.01259 68
-101.000   38.000  0.00642 41
-101.000   39.000  0.00950 49
-101.000   40.000  0.00813 51
-101.000   41.000  0.00684 55
-101.000   42.000  0.00426 26
-101.000   43.000  0.00354 44
-101.000   44.000  0.00218 32
-101.000   45.000  0.00033 42
-101.000   46.000 -0.00176 36
-101.000   47.000 -0.00035 19
-101.000   48.000 -0.00475 8
-101.000   49.000 -0.00664 28
-101.000   50.000 -0.00638 13
-100.000   25.000 -0.01611 9
-100.000   26.000 -0.01850 19
-100.000   27.000 -0.01449 17
-100.000   28.000 -0.00432 25
-100.000   29.000 -0.00210 44
-100.000   30.000 -0.00279 32
-100.000   31.000  0.00358 49
-100.000   32.000  0.00612 42
-100.000   33.000  0.01162 79
-100.000   34.000  0.00697 71
-100.000   35.000  0.00775 49
-100.000   36.000  0.00700 49
-100.000   37.000  0.00719 51
-100.000   38.000  0.00211 38
-100.000   39.000  0.00798 50
-100.000   40.000  0.00515 48
-100.000   41.000  0.00703 61
-100.000   42.000  0.00287 31
-100.000   43.000  0.00226 45
-100.000   44.000  0.00010 32
-100.000   45.000 -0.00188 59
-100.000   46.000 -0.00499 33
-100.000   47.000 -0.00164 18
-100.000   48.000 -0.00535 17
-100.000   49.000 -0.00673 7
-100.000   50.000 -0.00468 6
 -99.000   25.000 -0.02613 8
 -99.000   26.000 -0.02556 14
 -99.000   27.000 -0.01896 30
 -99.000   28.000 -0.00077 23
 -99.000   29.000  0.00463 44
 -99.000   30.000  0.00718 29
 -99.000   31.000  0.01494 42
 -99.000   32.000  0.01469 20
 -99.000   33.000  0.01553 49
 -99.000   34.000  0.00945 34
 -99.000   35.000  0.00931 65
 -99.000   36.000  0.00569 50
 -99.000   37.000  0.00616 62
 -99.000   38.000  0.00007 39
 -99.000   39.000  0.00378 51
 -99.000   40.000  0.00312 38
 -99.000   41.000  0.00566 57
 -99.000   42.000  0.00326 24
 -99.000   43.000  0.00317 39
 -99.000   44.000  0.00425 42
 -99.000   45.000 -0.00009 47
 -99.000   46.000 -0.00230 23
 -99.000   47.000 -0.00243 25
 -99.000   48.000 -0.00849 13
 -99.000   49.000 -0.01224 24
 -99.000   50.000 -0.01137 21
 -98.000   25.000 -0.02128 18
 -98.000   26.000 -0.01853 26
 -98.000   27.000 -0.01532 30
 -98.000   28.000 -0.00192 18
 -98.000   29.000  0.00613 36
 -98.000   30.000  0.01131 18
 -98.000   31.000  0.01631 49
 -98.000   32.000  0.01859 49
 -98.000   33.000  0.01497 57
 -98.000   34.000  0.00824 49
 -98.000   35.000  0.00768 54
 -98.000   36.000  0.00332 36
 -98.000   37.000  0.00233 52
 -98.000   38.000 -0.00196 95
 -98.000   39.000  0.00073 30
 -98.000   40.000 -0.00239 42
 -98.000   41.000  0.00301 26
 -98.000   42.000  0.00325 42
 -98.000   43.000  0.00703 67
 -98.000   44.000  0.00641 34
 -98.000   45.000  0.00456 48
 -98.000   46.000  0.00118 29
 -98.000   47.000 -0.00180 26
 -98.000   48.000 -0.01120 17
 -98.000   49.000 -0.01363 16
 -98.000   50.000 -0.01454 8
 -97.000   25.000 -0.01052 20
 -97.000   26.000 -0.00650 21
 -97.000   27.000 -0.00683 51
 -97.000   28.000  0.00154 28
 -97.000   29.000  0.01120 30
 -97.000   30.000  0.01999 12
 -97.000   31.000  0.02475 35
 -97.000   32.000  0.03009 22
 -97.000   33.000  0.01805 89
 -97.000   34.000  0.01057 55
 -97.000   35.000  0.00816 58
 -97.000   36.000  0.00163 25
 -97.000   37.000 -0.00036 55
 -97.000   38.000 -0.00178 66
 -97.000   39.000 -0.00036 57
 -97.000   40.000 -0.00272 32
 -97.000   41.000  0.00152 42
 -97.000   42.000  0.00099 30
 -97.000   43.000  0.00469 49
 -97.000   44.000  0.00518 50
 -97.000   45.000  0.00535 35
 -97.000   46.000  0.00046 36
 -97.000   47.000 -0.00491 18
 -97.000   48.000 -0.01329 20
 -97.000   49.000 -0.01527 12
 -97.000   50.000 -0.01902 10
 -96.000   25.000 -0.00566 14
 -96.000   26.000  0.00009 16
 -96.000   27.000  0.00119 26
 -96.000   28.000  0.01122 25
 -96.000   29.000  0.01877 39
 -96.000   30.000  0.02424 25
 -96.000   31.000  0.02977 28
 -96.000   32.000  0.03040 24
 -96.000   33.000  0.01595 39
 -96.000   34.000  0.00824 35
 -96.000   35.000  0.00730 48
 -96.000   36.000 -0.00249 56
 -96.000   37.000 -0.00276 42
 -96.000   38.000 -0.00265 49
 -96.000   39.000 -0.00109 37
 -96.000   40.000 -0.00174 66
 -96.000   41.000  0.00199 35
 -96.000   42.000  0.00290 43
 -96.000   43.000  0.00769 42
 -96.000   44.000  0.00911 40
 -96.000   45.000  0.00877 37
 -96.000   46.000  0.00606 37
 -96.000   47.000 -0.00110 31
 -96.000   48.000 -0.00996 21
 -96.000   49.000 -0.01230 37
 -96.000   50.000 -0.01502 13
 -95.000   25.000  0.01349 9
 -95.000   26.000  0.01530 11
 -95.000   27.000  0.01424 31
 -95.000   28.000  0.02605 8
 -95.000   29.000  0.02450 10
 -95.000   30.000  0.02603 15
 -95.000   31.000  0.03073 24
 -95.000   32.000  0.03147 27
 -95.000   33.000  0.01329 34
 -95.000   34.000  0.00852 32
 -95.000   35.000  0.00510 33
 -95.000   36.000 -0.00409 55
 -95.000   37.000 -0.00660 42
 -95.000   38.000 -0.00392 51
 -95.000   39.000 -0.00154 28
 -95.000   40.000  0.00049 52
 -95.000   41.000  0.00333 44
 -95.000   42.000  0.00700 45
 -95.000   43.000  0.01227 21
 -95.000   44.000  0.01329 20
 -95.000   45.000  0.01357 29
 -95.000   46.000  0.01065 24
 -95.000   47.000  0.00282 22
 -95.000   48.000 -0.00712 29
 -95.000   49.000 -0.00988 30
 -95.000   50.000 -0.01442 27
 -94.000   25.000  0.00755 0
 -94.000   26.000  0.01114 10
 -94.000   27.000  0.01005 25
 -94.000   28.000  0.01448 35
 -94.000   29.000  0.01687 30
 -94.000   30.000  0.01933 20
 -94.000   31.000  0.02544 27
 -94.000   32.000  0.02857 43
 -94.000   33.000  0.01714 31
 -94.000   34.000  0.01311 33
 -94.000   35.000  0.00751 24
 -94.000   36.000 -0.00286 25
 -94.000   37.000 -0.00574 43
 -94.000   38.000 -0.00328 27
 -94.000   39.000  0.00064 25
 -94.000   40.000  0.00157 47
 -94.000   41.000  0.00281 49
 -94.000   42.000  0.00553 38
 -94.000   43.000  0.01190 25
 -94.000   44.000  0.01116 33
 -94.000   45.000  0.01368 17
 -94.000   46.000  0.01230 18
 -94.000   47.000  0.00685 14
 -94.000   48.000 -0.00067 16
 -94.000   49.000 -0.00096 6
 -94.000   50.000 -0.00440 12
 -93.000   25.000  0.01715 0
 -93.000   26.000  0.01475 7
 -93.000   27.000  0.01367 27
 -93.000   28.000  0.02135 21
 -93.000   29.000  0.02344 20
 -93.000   30.000  0.01688 25
 -93.000   31.000  0.02419 19
 -93.000   32.000  0.02569 23
 -93.000   33.000  0.01507 26
 -93.000   34.000  0.01031 51
 -93.000   35.000  0.00627 25
 -93.000   36.000 -0.00201 27
 -93.000   37.000 -0.00387 20
 -93.000   38.000 -0.00400 30
 -93.000   39.000 -0.00075 33
 -93.000   40.000  0.00166 38
 -93.000   41.000  0.00014 31
 -93.000   42.000  0.00251 36
 -93.000   43.000  0.00698 27
 -93.000   44.000  0.00964 25
 -93.000   45.000  0.01222 33
 -93.000   46.000  0.01113 23
 -93.000   47.000  0.00596 13
 -93.000   48.000  0.00257 15
 -93.000   49.000  0.00016 14
 -93.000   50.000 -0.00407 15
 -92.000   25.000  0.02340 0
 -92.000   26.000  0.02017 1
 -92.000   27.000  0.01885 7
 -92.000   28.000  0.02517 10
 -92.000   29.000  0.01905 13
 -92.000   30.000  0.01442 16
 -92.000   31.000  0.01772 24
 -92.000   32.000  0.01786 25
 -92.000   33.000  0.01358 28
 -92.000   34.000  0.01148 55
 -92.000   35.000  0.00751 31
 -92.000   36.000  0.00219 50
 -92.000   37.000  0.00027 28
 -92.000   38.000 -0.00165 39
 -92.000   39.000 -0.00031 30
 -92.000   40.000  0.00118 53
 -92.000   41.000 -0.00005 43
 -92.000   42.000  0.00197 57
 -92.000   43.000  0.00612 26
 -92.000   44.000  0.00964 28
 -92.000   45.000  0.01068 27
 -92.000   46.000  0.01209 19
 -92.000   47.000  0.00913 11
 -92.000   48.000  0.00652 10
 -92.000   49.000  0.00427 19
 -92.000   50.000  0.00318 5
 -91.000   25.000  0.01791 0
 -91.000   26.000  0.01506 2
 -91.000   27.000  0.01327 3
 -91.000   28.000  0.02001 2
 -91.000   29.000  0.01416 11
 -91.000   30.000  0.01326 11
 -91.000   31.000  0.01676 16
 -91.000   32.000  0.01856 15
 -91.000   33.000  0.01267 24
 -91.000   34.000  0.01102 39
 -91.000   35.000  0.00853 48
 -91.000   36.000  0.00367 55
 -91.000   37.000  0.00064 41
 -91.000   38.000 -0.00150 26
 -91.000   39.000 -0.00108 33
 -91.000   40.000 -0.00209 62
 -91.000   41.000 -0.00364 58
 -91.000   42.000 -0.00070 44
 -91.000   43.000  0.00475 31
 -91.000   44.000  0.00796 23
 -91.000   45.000  0.00789 20
 -91.000   46.000  0.00703 13
 -91.000   47.000  0.00854 13
 -91.000   48.000  0.00883 15
 -91.000   49.000  0.00802 10
 -91.000   50.000  0.01067 0
 -90.000   25.000  0.01424 0
 -90.000   26.000  0.00749 1
 -90.000   27.000  0.00647 6
 -90.000   28.000  0.01224 9
 -90.000   29.000  0.00929 5
 -90.000   30.000  0.00751 9
 -90.000   31.000  0.01347 4
 -90.000   32.000  0.01470 20
 -90.000   33.000  0.01421 30
 -90.000   34.000  0.01259 48
 -90.000   35.000  0.01252 42
 -90.000   36.000  0.00919 39
 -90.000   37.000  0.00646 47
 -90.000   38.000 -0.00144 50
 -90.000   39.000 -0.00484 44
 -90.000   40.000 -0.00658 92
 -90.000   41.000 -0.00975 40
 -90.000   42.000 -0.00757 27
 -90.000   43.000 -0.00123 34
 -90.000   44.000  0.00336 38
 -90.000   45.000  0.00438 15
 -90.000   46.000  0.00633 14
 -90.000   47.000  0.00912 21
 -90.000   48.000  0.01397 5
 -90.000   49.000  0.01508 15
 -90.000   50.000  0.01894 0
 -89.000   25.000  0.02317 0
 -89.000   26.000  0.01514 4
 -89.000   27.000  0.01554 4
 -89.000   28.000  0.02072 11
 -89.000   29.000  0.01592 5
 -89.000   30.000  0.01145 5
 -89.000   31.000  0.01421 13
 -89.000   32.000  0.01343 10
 -89.000   33.000  0.01366 38
 -89.000   34.000  0.01164 47
 -89.000   35.000  0.01275 44
 -89.000   36.000  0.01294 53
 -89.000   37.000  0.00795 44
 -89.000   38.000  0.00092 50
 -89.000   39.000 -0.00573 82
 -89.000   40.000 -0.00743 80
 -89.000   41.000 -0.01091 35
 -89.000   42.000 -0.00732 47
 -89.000   43.000 -0.00259 20
 -89.000   44.000  0.00461 28
 -89.000   45.000  0.00755 9
 -89.000   46.000  0.00868 22
 -89.000   47.000  0.00975 12
 -89.000   48.000  0.01166 11
 -89.000   49.000  0.00988 8
 -89.000   50.000  0.01023 3
 -88.000   25.000  0.00939 0
 -88.000   26.000  0.00701 0
 -88.000   27.000  0.00952 4
 -88.000   28.000  0.01224 6
 -88.000   29.000  0.01018 13
 -88.000   30.000  0.01429 22
 -88.000   31.000  0.01688 21
 -88.000   32.000  0.01633 18
 -88.000   33.000  0.01932 40
 -88.000   34.000  0.01711 57
 -88.000   35.000  0.01426 56
 -88.000   36.000  0.01150 46
 -88.000   37.000  0.00480 33
 -88.000   38.000 -0.00226 37
 -88.000   39.000 -0.01118 68
 -88.000   40.000 -0.01304 66
 -88.000   41.000 -0.01494 34
 -88.000   42.000 -0.01022 31
 -88.000   43.000 -0.00420 33
 -88.000   44.000  0.00583 21
 -88.000   45.000  0.01010 8
 -88.000   46.000  0.01131 12
 -88.000   47.000  0.01462 21
 -88.000   48.000  0.02039 9
 -88.000   49.000  0.01942 12
 -88.000   50.000  0.02374 5
 -87.000   25.000  0.00933 0
 -87.000   26.000  0.00478 0
 -87.000   27.000  0.00757 8
 -87.000   28.000  0.00855 8
 -87.000   29.000  0.01222 14
 -87.000   30.000  0.01203 14
 -87.000   31.000  0.01652 19
 -87.000   32.000  0.01766 25
 -87.000   33.000  0.02339 53
 -87.000   34.000  0.01629 70
 -87.000   35.000  0.01156 53
 -87.000   36.000  0.00766 39
 -87.000   37.000 -0.00053 48
 -87.000   38.000 -0.00723 39
 -87.000   39.000 -0.01273 75
 -87.000   40.000 -0.01325 51
 -87.000   41.000 -0.01436 45
 -87.000   42.000 -0.00955 39
 -87.000   43.000 -0.00582 35
 -87.000   44.000  0.00350 24
 -87.000   45.000  0.00908 19
 -87.000   46.000  0.01349 16
 -87.000   47.000  0.01831 23
 -87.000   48.000  0.02704 10
 -87.000   49.000  0.02825 13
 -87.000   50.000  0.03485 3
 -86.000   25.000  0.01417 0
 -86.000   26.000  0.01711 0
 -86.000   27.000  0.02035 12
 -86.000   28.000  0.02012 5
 -86.000   29.000  0.02522 23
 -86.000   30.000  0.02201 18
 -86.000   31.000  0.01733 15
 -86.000   32.000  0.01590 36
 -86.000   33.000  0.02340 49
 -86.000   34.000  0.01409 138
 -86.000   35.000  0.00673 55
 -86.000   36.000  0.00573 61
 -86.000   37.000 -0.00173 60
 -86.000   38.000 -0.00913 59
 -86.000   39.000 -0.01348 63
 -86.000   40.000 -0.01123 51
 -86.000   41.000 -0.01268 23
 -86.000   42.000 -0.01170 40
 -86.000   43.000 -0.01035 34
 -86.000   44.000 -0.00300 30
 -86.000   45.000  0.00446 12
 -86.000   46.000  0.01013 7
 -86.000   47.000  0.01579 10
 -86.000   48.000  0.02575 3
 -86.000   49.000  0.02917 8
 -86.000   50.000  0.03315 5
 -85.000   25.000  0.03821 0
 -85.000   26.000  0.03899 4
 -85.000   27.000  0.03787 8
 -85.000   28.000  0.02513 6
 -85.000   29.000  0.02715 26
 -85.000   30.000  0.02176 17
 -85.000   31.000  0.01465 25
 -85.000   32.000  0.01334 47
 -85.000   33.000  0.02093 63
 -85.000   34.000  0.00887 88
 -85.000   35.000  0.00334 76
 -85.000   36.000  0.00051 48
 -85.000   37.000 -0.00553 53
 -85.000   38.000 -0.00788 57
 -85.000   39.000 -0.01181 37
 -85.000   40.000 -0.01120 36
 -85.000   41.000 -0.01112 39
 -85.000   42.000 -0.01128 48
 -85.000   43.000 -0.01198 26
 -85.000   44.000 -0.00361 20
 -85.000   45.000  0.00255 17
 -85.000   46.000  0.00869 13
 -85.000   47.000  0.01000 0
 -85.000   48.000  0.01801 3
 -85.000   49.000  0.01856 5
 -85.000   50.000  0.02253 4
 -84.000   25.000  0.05682 1
 -84.000   26.000  0.05059 8
 -84.000   27.000  0.04616 15
 -84.000   28.000  0.02374 9
 -84.000   29.000  0.01739 28
 -84.000   30.000  0.01416 23
 -84.000   31.000  0.01172 43
 -84.000   32.000  0.00896 39
 -84.000   33.000  0.02160 79
 -84.000   34.000  0.00564 64
 -84.000   35.000  0.00147 70
 -84.000   36.000 -0.00519 57
 -84.000   37.000 -0.00691 49
 -84.000   38.000 -0.01150 50
 -84.000   39.000 -0.01254 45
 -84.000   40.000 -0.01236 34
 -84.000   41.000 -0.01193 43
 -84.000   42.000 -0.01448 53
 -84.000   43.000 -0.01417 28
 -84.000   44.000 -0.00676 12
 -84.000   45.000 -0.00215 6
 -84.000   46.000  0.00509 8
 -84.000   47.000  0.00884 1
 -84.000   48.000  0.02023 5
 -84.000   49.000  0.02226 4
 -84.000   50.000  0.03035 1
 -83.000   25.000  0.10246 2
 -83.000   26.000  0.08887 3
 -83.000   27.000  0.07641 20
 -83.000   28.000  0.04411 43
 -83.000   29.000  0.02043 30
 -83.000   30.000  0.01009 34
 -83.000   31.000  0.00331 57
 -83.000   32.000 -0.00075 39
 -83.000   33.000  0.01362 31
 -83.000   34.000 -0.00082 33
 -83.000   35.000  0.00392 43
 -83.000   36.000 -0.00073 52
 -83.000   37.000 -0.00085 53
 -83.000   38.000 -0.00657 44
 -83.000   39.000 -0.00675 34
 -83.000   40.000 -0.00814 36
 -83.000   41.000 -0.00816 46
 -83.000   42.000 -0.01010 39
 -83.000   43.000 -0.01102 38
 -83.000   44.000 -0.00876 29
 -83.000   45.000 -0.00500 14
 -83.000   46.000  0.00282 8
 -83.000   47.000  0.00316 0
 -83.000   48.000  0.00911 7
 -83.000   49.000  0.01198 2
 -83.000   50.000  0.01561 2
 -82.000   25.000  0.09548 3
 -82.000   26.000  0.08339 3
 -82.000   27.000  0.07451 10
 -82.000   28.000  0.04608 18
 -82.000   29.000  0.02360 24
 -82.000   30.000  0.01424 24
 -82.000   31.000  0.00815 9
 -82.000   32.000 -0.00223 8
 -82.000   33.000  0.00728 15
 -82.000   34.000 -0.00557 10
 -82.000   35.000  0.00249 48
 -82.000   36.000 -0.00150 52
 -82.000   37.000  0.00115 61
 -82.000   38.000 -0.00562 48
 -82.000   39.000 -0.00624 47
 -82.000   40.000 -0.00784 39
 -82.000   41.000 -0.00729 26
 -82.000   42.000 -0.00784 40
 -82.000   43.000 -0.00649 34
 -82.000   44.000 -0.00635 47
 -82.000   45.000 -0.00636 9
 -82.000   46.000 -0.00561 32
 -82.000   47.000 -0.00648 9
 -82.000   48.000 -0.00317 8
 -82.000   49.000 -0.00184 9
 -82.000   50.000  0.00119 0
 -81.000   25.000  0.10523 3
 -81.000   26.000  0.08762 1
 -81.000   27.000  0.07546 5
 -81.000   28.000  0.04486 4
 -81.000   29.000  0.02395 9
 -81.000   30.000  0.00485 8
 -81.000   31.000  0.00201 30
 -81.000   32.000 -0.00574 21
 -81.000   33.000  0.00588 21
 -81.000   34.000 -0.00518 18
 -81.000   35.000  0.00596 37
 -81.000   36.000 -0.00044 45
 -81.000   37.000  0.00204 47
 -81.000   38.000 -0.00345 55
 -81.000   39.000 -0.00389 42
 -81.000   40.000 -0.00663 43
 -81.000   41.000 -0.00303 54
 -81.000   42.000 -0.00136 26
 -81.000   43.000 -0.00155 28
 -81.000   44.000 -0.00084 26
 -81.000   45.000 -0.00277 37
 -81.000   46.000 -0.00376 10
 -81.000   47.000 -0.00862 33
 -81.000   48.000 -0.00336 8
 -81.000   49.000 -0.00451 4
 -81.000   50.000 -0.00048 3
 -80.000   25.000  0.07956 0
 -80.000   26.000  0.06897 0
 -80.000   27.000  0.06269 0
 -80.000   28.000  0.04128 0
 -80.000   29.000  0.02177 11
 -80.000   30.000  0.00604 6
 -80.000   31.000  0.00338 18
 -80.000   32.000 -0.00473 16
 -80.000   33.000  0.00612 19
 -80.000   34.000 -0.00330 22
 -80.000   35.000  0.00681 45
 -80.000   36.000  0.00242 42
 -80.000   37.000  0.00330 46
 -80.000   38.000 -0.00416 39
 -80.000   39.000 -0.00178 35
 -80.000   40.000 -0.00319 60
 -80.000   41.000 -0.00183 37
 -80.000   42.000  0.00124 37
 -80.000   43.000  0.00285 35
 -80.000   44.000  0.00159 16
 -80.000   45.000 -0.00269 19
 -80.000   46.000 -0.00411 11
 -80.000   47.000 -0.00746 14
 -80.000   48.000 -0.00189 15
 -80.000   49.000 -0.00110 14
 -80.000   50.000  0.00545 11
 -79.000   25.000  0.05774 0
 -79.000   26.000  0.05317 0
 -79.000   27.000  0.05518 1
 -79.000   28.000  0.04217 1
 -79.000   29.000  0.02790 4
 -79.000   30.000  0.01215 7
 -79.000   31.000  0.00463 8
 -79.000   32.000 -0.01015 25
 -79.000   33.000 -0.00419 24
 -79.000   34.000 -0.00703 38
 -79.000   35.000  0.00277 39
 -79.000   36.000  0.00406 26
 -79.000   37.000  0.00446 44
 -79.000   38.000 -0.00068 36
 -79.000   39.000  0.00199 31
 -79.000   40.000 -0.00008 37
 -79.000   41.000 -0.00035 60
 -79.000   42.000  0.00478 38
 -79.000   43.000  0.00742 41
 -79.000   44.000  0.00179 33
 -79.000   45.000 -0.00310 30
 -79.000   46.000 -0.00451 15
 -79.000   47.000 -0.00708 10
 -79.000   48.000 -0.00651 12
 -79.000   49.000 -0.00459 14
 -79.000   50.000  0.00123 2
 -78.000   25.000  0.01475 0
 -78.000   26.000  0.01563 0
 -78.000   27.000  0.02439 0
 -78.000   28.000  0.02115 3
 -78.000   29.000  0.02220 5
 -78.000   30.000  0.00948 7
 -78.000   31.000  0.00667 10
 -78.000   32.000 -0.00929 7
 -78.000   33.000 -0.00577 20
 -78.000   34.000 -0.00833 37
 -78.000   35.000 -0.00379 23
 -78.000   36.000 -0.00440 29
 -78.000   37.000  0.00019 32
 -78.000   38.000 -0.00247 41
 -78.000   39.000  0.00233 33
 -78.000   40.000  0.00367 38
 -78.000   41.000  0.00543 33
 -78.000   42.000  0.00687 32
 -78.000   43.000  0.00824 49
 -78.000   44.000  0.00359 45
 -78.000   45.000 -0.00333 30
 -78.000   46.000 -0.00424 24
 -78.000   47.000 -0.00407 8
 -78.000   48.000 -0.00296 21
 -78.000   49.000 -0.00199 12
 -78.000   50.000  0.00551 1
 -77.000   25.000  0.01475 0
 -77.000   26.000  0.01563 0
 -77.000   27.000  0.02079 0
 -77.000   28.000  0.01655 0
 -77.000   29.000  0.01626 3
 -77.000   30.000  0.00136 0
 -77.000   31.000 -0.00193 5
 -77.000   32.000 -0.01450 12
 -77.000   33.000 -0.01354 19
 -77.000   34.000 -0.01514 22
 -77.000   35.000 -0.00816 10
 -77.000   36.000 -0.00752 29
 -77.000   37.000  0.00063 31
 -77.000   38.000  0.00455 34
 -77.000   39.000  0.00982 30
 -77.000   40.000  0.01172 32
 -77.000   41.000  0.01326 46
 -77.000   42.000  0.01103 35
 -77.000   43.000  0.00985 56
 -77.000   44.000  0.00511 41
 -77.000   45.000  0.00055 35
 -77.000   46.000  0.00194 26
 -77.000   47.000  0.00329 35
 -77.000   48.000  0.00598 26
 -77.000   49.000  0.00920 22
 -77.000   50.000  0.01513 2
 -76.000   25.000  0.00000 0
 -76.000   26.000 -0.00046 0
 -76.000   27.000  0.00701 0
 -76.000   28.000  0.00517 0
 -76.000   29.000  0.00374 0
 -76.000   30.000 -0.00057 0
 -76.000   31.000  0.00177 5
 -76.000   32.000 -0.00878 4
 -76.000   33.000 -0.00998 15
 -76.000   34.000 -0.01267 10
 -76.000   35.000 -0.00789 12
 -76.000   36.000 -0.00670 27
 -76.000   37.000 -0.00060 43
 -76.000   38.000  0.00356 49
 -76.000   39.000  0.01021 36
 -76.000   40.000  0.01216 38
 -76.000   41.000  0.01123 33
 -76.000   42.000  0.00968 29
 -76.000   43.000  0.00914 138
 -76.000   44.000  0.00462 62
 -76.000   45.000  0.00112 40
 -76.000   46.000  0.00361 51
 -76.000   47.000  0.00646 44
 -76.000   48.000  0.00448 15
 -76.000   49.000  0.00806 12
 -76.000   50.000  0.01255 2
 -75.000   25.000  0.00000 0
 -75.000   26.000  0.00000 0
 -75.000   27.000  0.00490 0
 -75.000   28.000  0.00490 0
 -75.000   29.000  0.00420 0
 -75.000   30.000  0.00007 0
 -75.000   31.000  0.00125 0
 -75.000   32.000 -0.01068 4
 -75.000   33.000 -0.01378 10
 -75.000   34.000 -0.01500 11
 -75.000   35.000 -0.01066 18
 -75.000   36.000 -0.00756 37
 -75.000   37.000  0.00303 21
 -75.000   38.000  0.01045 24
 -75.000   39.000  0.01695 17
 -75.000   40.000  0.02017 35
 -75.000   41.000  0.01974 35
 -75.000   42.000  0.01874 23
 -75.000   43.000  0.01557 51
 -75.000   44.000  0.00976 34
 -75.000   45.000  0.00514 34
 -75.000   46.000  0.00537 36
 -75.000   47.000  0.00786 32
 -75.000   48.000  0.00414 16
 -75.000   49.000  0.00672 20
 -75.000   50.000  0.01094 2
 -74.000   25.000  0.00000 0
 -74.000   26.000  0.00000 0
 -74.000   27.000  0.00000 0
 -74.000   28.000  0.00000 0
 -74.000   29.000  0.00027 0
 -74.000   30.000 -0.00466 0
 -74.000   31.000 -0.00228 0
 -74.000   32.000 -0.00707 0
 -74.000   33.000 -0.01025 4
 -74.000   34.000 -0.00843 1
 -74.000   35.000 -0.00430 4
 -74.000   36.000 -0.00302 38
 -74.000   37.000  0.00624 114
 -74.000   38.000  0.01565 48
 -74.000   39.000  0.01724 39
 -74.000   40.000  0.02323 59
 -74.000   41.000  0.02567 56
 -74.000   42.000  0.02469 33
 -74.000   43.000  0.01818 34
 -74.000   44.000  0.01329 35
 -74.000   45.000  0.00699 36
 -74.000   46.000  0.00564 30
 -74.000   47.000  0.00508 36
 -74.000   48.000  0.00387 14
 -74.000   49.000  0.00636 11
 -74.000   50.000  0.01031 0
 -73.000   25.000  0.00000 0
 -73.000   26.000  0.00000 0
 -73.000   27.000  0.00000 0
 -73.000   28.000  0.00000 0
 -73.000   29.000  0.00000 0
 -73.000   30.000 -0.00363 0
 -73.000   31.000 -0.00191 0
 -73.000   32.000 -0.00395 0
 -73.000   33.000 -0.00765 0
 -73.000   34.000 -0.00539 1
 -73.000   35.000 -0.00095 2
 -73.000   36.000  0.00266 4
 -73.000   37.000  0.00779 25
 -73.000   38.000  0.01665 35
 -73.000   39.000  0.01909 39
 -73.000   40.000  0.02458 29
 -73.000   41.000  0.02471 33
 -73.000   42.000  0.02609 23
 -73.000   43.000  0.02102 33
 -73.000   44.000  0.01592 36
 -73.000   45.000  0.01002 42
 -73.000   46.000  0.00793 31
 -73.000   47.000  0.00619 24
 -73.000   48.000  0.00323 21
 -73.000   49.000  0.00454 16
 -73.000   50.000  0.00539 3
 -72.000   25.000  0.00000 0
 -72.000   26.000  0.00000 0
 -72.000   27.000  0.00000 0
 -72.000   28.000  0.00000 0
 -72.000   29.000  0.00000 0
 -72.000   30.000  0.00000 0
 -72.000   31.000  0.00173 0
 -72.000   32.000  0.00150 0
 -72.000   33.000  0.00038 0
 -72.000   34.000  0.00339 0
 -72.000   35.000  0.00231 0
 -72.000   36.000  0.00326 1
 -72.000   37.000  0.00510 14
 -72.000   38.000  0.01056 23
 -72.000   39.000  0.00855 44
 -72.000   40.000  0.01538 34
 -72.000   41.000  0.01860 23
 -72.000   42.000  0.02233 28
 -72.000   43.000  0.01947 18
 -72.000   44.000  0.02101 26
 -72.000   45.000  0.01523 21
 -72.000   46.000  0.01207 18
 -72.000   47.000  0.00803 21
 -72.000   48.000  0.00525 19
 -72.000   49.000  0.00339 15
 -72.000   50.000  0.00457 11
 -71.000   25.000  0.00000 0
 -71.000   26.000  0.00000 0
 -71.000   27.000  0.00000 0
 -71.000   28.000  0.00000 0
 -71.000   29.000  0.00000 0
 -71.000   30.000  0.00000 0
 -71.000   31.000  0.00000 0
 -71.000   32.000 -0.00216 0
 -71.000   33.000 -0.00315 0
 -71.000   34.000  0.00185 0
 -71.000   35.000  0.00081 0
 -71.000   36.000  0.00238 0
 -71.000   37.000  0.00344 3
 -71.000   38.000  0.00639 18
 -71.000   39.000  0.00102 13
 -71.000   40.000  0.00703 30
 -71.000   41.000  0.01284 25
 -71.000   42.000  0.02057 35
 -71.000   43.000  0.02014 32
 -71.000   44.000  0.02525 21
 -71.000   45.000  0.01938 13
 -71.000   46.000  0.01500 21
 -71.000   47.000  0.01116 23
 -71.000   48.000  0.00833 16
 -71.000   49.000  0.00449 26
 -71.000   50.000  0.00748 3
 -70.000   25.000  0.00000 0
 -70.000   26.000  0.00000 0
 -70.000   27.000  0.00000 0
 -70.000   28.000  0.00000 0
 -70.000   29.000  0.00000 0
 -70.000   30.000  0.00000 0
 -70.000   31.000  0.00000 0
 -70.000   32.000  0.00000 0
 -70.000   33.000  0.00000 0
 -70.000   34.000  0.00468 0
 -70.000   35.000  0.00345 0
 -70.000   36.000  0.00217 0
 -70.000   37.000 -0.01174 4
 -70.000   38.000 -0.01107 4
 -70.000   39.000 -0.01828 7
 -70.000   40.000 -0.01476 8
 -70.000   41.000 -0.00532 18
 -70.000   42.000  0.01525 32
 -70.000   43.000  0.01715 39
 -70.000   44.000  0.02459 21
 -70.000   45.000  0.02207 12
 -70.000   46.000  0.01201 6
 -70.000   47.000  0.00924 17
 -70.000   48.000  0.00519 23
 -70.000   49.000  0.00035 25
 -70.000   50.000  0.00087 1
 -69.000   25.000  0.00000 0
 -69.000   26.000  0.00000 0
 -69.000   27.000  0.00000 0
 -69.000   28.000  0.00000 0
 -69.000   29.000  0.00000 0
 -69.000   30.000  0.00000 0
 -69.000   31.000  0.00000 0
 -69.000   32.000  0.00000 0
 -69.000   33.000  0.00000 0
 -69.000   34.000  0.00000 0
 -69.000   35.000 -0.00112 0
 -69.000   36.000 -0.00251 0
 -69.000   37.000 -0.01718 0
 -69.000   38.000 -0.02552 0
 -69.000   39.000 -0.02861 9
 -69.000   40.000 -0.02799 2
 -69.000   41.000 -0.02021 8
 -69.000   42.000  0.00208 28
 -69.000   43.000  0.01746 38
 -69.000   44.000  0.02648 11
 -69.000   45.000  0.02520 10
 -69.000   46.000  0.01601 13
 -69.000   47.000  0.00953 17
 -69.000   48.000  0.00293 14
 -69.000   49.000 -0.00376 13
 -69.000   50.000 -0.00203 0
 -68.000   25.000  0.00000 0
 -68.000   26.000  0.00000 0
 -68.000   27.000  0.00000 0
 -68.000   28.000  0.00000 0
 -68.000   29.000  0.00000 0
 -68.000   30.000  0.00000 0
 -68.000   31.000  0.00000 0
 -68.000   32.000  0.00000 0
 -68.000   33.000  0.00000 0
 -68.000   34.000  0.00000 0
 -68.000   35.000 -0.00179 0
 -68.000   36.000 -0.00364 0
 -68.000   37.000 -0.01939 0
 -68.000   38.000 -0.02096 0
 -68.000   39.000 -0.02561 1
 -68.000   40.000 -0.03279 3
 -68.000   41.000 -0.02651 12
 -68.000   42.000 -0.00383 7
 -68.000   43.000  0.00443 14
 -68.000   44.000  0.01417 9
 -68.000   45.000  0.01991 14
 -68.000   46.000  0.01196 27
 -68.000   47.000  0.00716 20
 -68.000   48.000  0.00373 8
 -68.000   49.000 -0.00169 10
 -68.000   50.000  0.00312 0
 -67.000   25.000  0.00000 0
 -67.000   26.000  0.00000 0
 -67.000   27.000  0.00000 0
 -67.000   28.000  0.00000 0
 -67.000   29.000  0.00000 0
 -67.000   30.000  0.00000 0
 -67.000   31.000  0.00000 0
 -67.000   32.000  0.00000 0
 -67.000   33.000  0.00000 0
 -67.000   34.000  0.00000 0
 -67.000   35.000  0.00000 0
 -67.000   36.000  0.00000 0
 -67.000   37.000 -0.01682 0
 -67.000   38.000 -0.01988 0
 -67.000   39.000 -0.02154 1
 -67.000   40.000 -0.02979 1
 -67.000   41.000 -0.02610 11
 -67.000   42.000 -0.00209 8
 -67.000   43.000  0.00234 14
 -67.000   44.000  0.00215 10
 -67.000   45.000  0.00844 5
 -67.000   46.000 -0.00267 6
 -67.000   47.000 -0.01158 8
 -67.000   48.000 -0.01294 11
 -67.000   49.000 -0.01387 7
 -67.000   50.000 -0.01522 0
 -66.000   25.000  0.00000 0
 -66.000   26.000  0.00000 0
 -66.000   27.000  0.00000 0
 -66.000   28.000  0.00000 0
 -66.000   29.000  0.00000 0
 -66.000   30.000  0.00000 0
 -66.000   31.000  0.00000 0
 -66.000   32.000  0.00000 0
 -66.000   33.000  0.00000 0
 -66.000   34.000  0.00000 0
 -66.000   35.000  0.00000 0
 -66.000   36.000  0.00000 0
 -66.000   37.000 -0.01658 0
 -66.000   38.000 -0.01839 0
 -66.000   39.000 -0.01907 1
 -66.000   40.000 -0.02829 1
 -66.000   41.000 -0.02653 0
 -66.000   42.000 -0.00316 4
 -66.000   43.000 -0.00002 9
 -66.000   44.000 -0.00383 7
 -66.000   45.000  0.00380 3
 -66.000   46.000 -0.00805 3
 -66.000   47.000 -0.01994 11
 -66.000   48.000 -0.02127 7
 -66.000   49.000 -0.02098 6
 -66.000   50.000 -0.02530 0
 -65.000   25.000  0.00000 0
 -65.000   26.000  0.00000 0
 -65.000   27.000  0.00000 0
 -65.000   28.000  0.00000 0
 -65.000   29.000  0.00000 0
 -65.000   30.000  0.00000 0
 -65.000   31.000  0.00000 0
 -65.000   32.000  0.00000 0
 -65.000   33.000  0.00000 0
 -65.000   34.000  0.00000 0
 -65.000   35.000  0.00000 0
 -65.000   36.000  0.00000 0
 -65.000   37.000 -0.00197 0
 -65.000   38.000 -0.00443 0
 -65.000   39.000 -0.00525 0
 -65.000   40.000 -0.01623 0
 -65.000   41.000 -0.01714 0
 -65.000   42.000 -0.00960 3
 -65.000   43.000 -0.00705 3
 -65.000   44.000 -0.01402 2
 -65.000   45.000 -0.00470 1
 -65.000   46.000 -0.01034 3
 -65.000   47.000 -0.02464 4
 -65.000   48.000 -0.02473 5
 -65.000   49.000 -0.02118 2
 -65.000   50.000 -0.02547 0
