-130.000   25.000  0.00000 0
-130.000   26.000  0.00000 0
-130.000   27.000  0.00000 0
-130.000   28.000  0.00000 0
-130.000   29.000  0.00000 0
-130.000   30.000  0.00000 0
-130.000   31.000  0.00000 0
-130.000   32.000  0.00000 0
-130.000   33.000 -0.00215 0
-130.000   34.000 -0.00351 0
-130.000   35.000  0.00897 0
-130.000   36.000  0.01411 0
-130.000   37.000  0.02239 0
-130.000   38.000  0.03113 5
-130.000   39.000  0.04041 5
-130.000   40.000  0.04030 8
-130.000   41.000  0.04879 16
-130.000   42.000  0.04810 18
-130.000   43.000  0.05123 16
-130.000   44.000  0.05443 18
-130.000   45.000  0.05350 26
-130.000   46.000  0.04659 45
-130.000   47.000  0.04219 25
-130.000   48.000  0.04741 19
-130.000   49.000  0.04537 5
-130.000   50.000  0.04143 20
-129.000   25.000  0.00000 0
-129.000   26.000  0.00000 0
-129.000   27.000  0.00000 0
-129.000   28.000  0.00000 0
-129.000   29.000  0.00000 0
-129.000   30.000  0.00000 0
-129.000   31.000  0.00000 0
-129.000   32.000  0.00039 0
-129.000   33.000 -0.00094 0
-129.000   34.000  0.00063 0
-129.000   35.000  0.01113 0
-129.000   36.000  0.01773 3
-129.000   37.000  0.02551 11
-129.000   38.000  0.03359 11
-129.000   39.000  0.03991 17
-129.000   40.000  0.04089 33
-129.000   41.000  0.04588 17
-129.000   42.000  0.04734 10
-129.000   43.000  0.04627 16
-129.000   44.000  0.04910 25
-129.000   45.000  0.05123 37
-129.000   46.000  0.04889 55
-129.000   47.000  0.04622 40
-129.000   48.000  0.05070 27
-129.000   49.000  0.04998 8
-129.000   50.000  0.04397 15
-128.000   25.000  0.00000 0
-128.000   26.000  0.00000 0
-128.000   27.000  0.00000 0
-128.000   28.000  0.00000 0
-128.000   29.000  0.00000 0
-128.000   30.000 -0.00045 0
-128.000   31.000 -0.00071 0
-128.000   32.000 -0.00031 0
-128.000   33.000  0.00217 0
-128.000   34.000  0.00416 0
-128.000   35.000  0.01248 6
-128.000   36.000  0.01957 12
-128.000   37.000  0.02939 16
-128.000   38.000  0.03428 28
-128.000   39.000  0.04101 21
-128.000   40.000  0.04501 28
-128.000   41.000  0.05245 24
-128.000   42.000  0.05222 23
-128.000   43.000  0.05076 35
-128.000   44.000  0.05325 41
-128.000   45.000  0.05355 26
-128.000   46.000  0.05174 29
-128.000   47.000  0.04737 18
-128.000   48.000  0.04735 13
-128.000   49.000  0.04518 7
-128.000   50.000  0.03994 8
-127.000   25.000  0.00000 0
-127.000   26.000  0.00000 0
-127.000   27.000  0.00000 0
-127.000   28.000  0.00000 0
-127.000   29.000  0.00047 0
-127.000   30.000 -0.00432 0
-127.000   31.000 -0.00351 0
-127.000   32.000 -0.00159 0
-127.000   33.000  0.00228 0
-127.000   34.000  0.00445 3
-127.000   35.000  0.01950 14
-127.000   36.000  0.03063 10
-127.000   37.000  0.03817 34
-127.000   38.000  0.04219 27
-127.000   39.000  0.04896 27
-127.000   40.000  0.05417 22
-127.000   41.000  0.05572 16
-127.000   42.000  0.05779 15
-127.000   43.000  0.05115 17
-127.000   44.000  0.05043 22
-127.000   45.000  0.04280 18
-127.000   46.000  0.04393 17
-127.000   47.000  0.04084 16
-127.000   48.000  0.03595 17
-127.000   49.000  0.03407 1
-127.000   50.000  0.03237 7
-126.000   25.000  0.00000 0
-126.000   26.000  0.00000 0
-126.000   27.000 -0.00033 0
-126.000   28.000 -0.00097 0
-126.000   29.000 -0.00312 0
-126.000   30.000 -0.01167 0
-126.000   31.000 -0.01229 0
-126.000   32.000 -0.01116 1
-126.000   33.000 -0.00830 6
-126.000   34.000 -0.00515 12
-126.000   35.000  0.01021 12
-126.000   36.000  0.01957 28
-126.000   37.000  0.02826 33
-126.000   38.000  0.03524 19
-126.000   39.000  0.04644 20
-126.000   40.000  0.05253 18
-126.000   41.000  0.05218 15
-126.000   42.000  0.05429 15
-126.000   43.000  0.04519 18
-126.000   44.000  0.03918 19
-126.000   45.000  0.03380 16
-126.000   46.000  0.03944 20
-126.000   47.000  0.03528 18
-126.000   48.000  0.03227 11
-126.000   49.000  0.03259 15
-126.000   50.000  0.03092 3
-125.000   25.000  0.00000 0
-125.000   26.000  0.00000 0
-125.000   27.000 -0.00033 0
-125.000   28.000 -0.00287 0
-125.000   29.000 -0.00538 0
-125.000   30.000 -0.01617 0
-125.000   31.000 -0.01874 1
-125.000   32.000 -0.01877 3
-125.000   33.000 -0.01268 6
-125.000   34.000 -0.01026 13
-125.000   35.000  0.00145 19
-125.000   36.000  0.01277 22
-125.000   37.000  0.02069 24
-125.000   38.000  0.02681 11
-125.000   39.000  0.03627 14
-125.000   40.000  0.04631 20
-125.000   41.000  0.04661 13
-125.000   42.000  0.05017 15
-125.000   43.000  0.04110 21
-125.000   44.000  0.03826 13
-125.000   45.000  0.03493 14
-125.000   46.000  0.03824 26
-125.000   47.000  0.03285 21
-125.000   48.000  0.03322 13
-125.000   49.000  0.03336 9
-125.000   50.000  0.03177 10
-124.000   25.000  0.00000 0
-124.000   26.000  0.00000 0
-124.000   27.000  0.00268 0
-124.000   28.000  0.00230 0
-124.000   29.000 -0.00004 2
-124.000   30.000 -0.01095 1
-124.000   31.000 -0.01639 5
-124.000   32.000 -0.01964 11
-124.000   33.000 -0.01743 33
-124.000   34.000 -0.01901 33
-124.000   35.000 -0.00914 29
-124.000   36.000  0.00193 21
-124.000   37.000  0.00977 28
-124.000   38.000  0.01528 22
-124.000   39.000  0.02534 17
-124.000   40.000  0.03574 21
-124.000   41.000  0.03964 21
-124.000   42.000  0.03964 16
-124.000   43.000  0.03364 31
-124.000   44.000  0.03535 32
-124.000   45.000  0.02814 42
-124.000   46.000  0.02505 27
-124.000   47.000  0.01666 22
-124.000   48.000  0.00972 12
-124.000   49.000  0.00234 9
-124.000   50.000 -0.00046 9
-123.000   25.000  0.00000 0
-123.000   26.000  0.00744 0
-123.000   27.000  0.01129 0
-123.000   28.000  0.01196 0
-123.000   29.000  0.00907 0
-123.000   30.000 -0.00297 13
-123.000   31.000 -0.01384 13
-123.000   32.000 -0.02004 25
-123.000   33.000 -0.02297 39
-123.000   34.000 -0.02550 30
-123.000   35.000 -0.01627 28
-123.000   36.000 -0.00743 43
-123.000   37.000 -0.00401 40
-123.000   38.000  0.00057 17
-123.000   39.000  0.00839 15
-123.000   40.000  0.01662 15
-123.000   41.000  0.01690 17
-123.000   42.000  0.01874 21
-123.000   43.000  0.01661 29
-123.000   44.000  0.01911 32
-123.000   45.000  0.01466 15
-123.000   46.000  0.01288 16
-123.000   47.000  0.00684 16
-123.000   48.000 -0.00001 16
-123.000   49.000 -0.00614 12
-123.000   50.000 -0.00980 6
-122.000   25.000  0.00000 0
-122.000   26.000  0.01222 0
-122.000   27.000  0.02089 0
-122.000   28.000  0.02351 0
-122.000   29.000  0.01768 4
-122.000   30.000  0.00857 13
-122.000   31.000 -0.00763 33
-122.000   32.000 -0.02295 35
-122.000   33.000 -0.03120 51
-122.000   34.000 -0.03216 32
-122.000   35.000 -0.02948 33
-122.000   36.000 -0.02238 32
-122.000   37.000 -0.01831 35
-122.000   38.000 -0.00966 29
-122.000   39.000 -0.00419 18
-122.000   40.000  0.00444 20
-122.000   41.000  0.00479 15
-122.000   42.000  0.00652 29
-122.000   43.000  0.00478 31
-122.000   44.000  0.01077 14
-122.000   45.000  0.00723 14
-122.000   46.000  0.00299 10
-122.000   47.000 -0.00326 11
-122.000   48.000 -0.01351 9
-122.000   49.000 -0.02271 6
-122.000   50.000 -0.02808 2
-121.000   25.000  0.00000 0
-121.000   26.000  0.01462 0
-121.000   27.000  0.02701 0
-121.000   28.000  0.03110 4
-121.000   29.000  0.02838 23
-121.000   30.000  0.02354 35
-121.000   31.000  0.00548 24
-121.000   32.000 -0.01414 43
-121.000   33.000 -0.02176 56
-121.000   34.000 -0.02519 20
-121.000   35.000 -0.02749 22
-121.000   36.000 -0.02252 37
-121.000   37.000 -0.01821 13
-121.000   38.000 -0.01604 48
-121.000   39.000 -0.01606 29
-121.000   40.000 -0.01071 35
-121.000   41.000 -0.01053 19
-121.000   42.000 -0.01126 28
-121.000   43.000 -0.00826 26
-121.000   44.000 -0.00078 18
-121.000   45.000 -0.00578 16
-121.000   46.000 -0.00924 13
-121.000   47.000 -0.01554 19
-121.000   48.000 -0.02640 12
-121.000   49.000 -0.03464 9
-121.000   50.000 -0.03486 6
-120.000   25.000  0.00650 0
-120.000   26.000  0.02320 0
-120.000   27.000  0.03796 0
-120.000   28.000  0.04681 8
-120.000   29.000  0.04470 19
-120.000   30.000  0.03854 38
-120.000   31.000  0.02020 15
-120.000   32.000 -0.00749 24
-120.000   33.000 -0.02121 46
-120.000   34.000 -0.02818 24
-120.000   35.000 -0.03522 21
-120.000   36.000 -0.03580 28
-120.000   37.000 -0.02733 27
-120.000   38.000 -0.02559 61
-120.000   39.000 -0.02115 33
-120.000   40.000 -0.01598 43
-120.000   41.000 -0.01531 28
-120.000   42.000 -0.01791 30
-120.000   43.000 -0.01110 37
-120.000   44.000 -0.00972 26
-120.000   45.000 -0.01361 25
-120.000   46.000 -0.01292 19
-120.000   47.000 -0.01471 16
-120.000   48.000 -0.03402 4
-120.000   49.000 -0.03846 8
-120.000   50.000 -0.03878 8
-119.000   25.000  0.01259 0
-119.000   26.000  0.03030 0
-119.000   27.000  0.04326 0
-119.000   28.000  0.05160 12
-119.000   29.000  0.05042 57
-119.000   30.000  0.04077 21
-119.000   31.000  0.02072 27
-119.000   32.000 -0.00682 18
-119.000   33.000 -0.02617 30
-119.000   34.000 -0.03593 20
-119.000   35.000 -0.04221 27
-119.000   36.000 -0.04280 52
-119.000   37.000 -0.03598 37
-119.000   38.000 -0.02732 48
-119.000   39.000 -0.01957 43
-119.000   40.000 -0.01381 48
-119.000   41.000 -0.01661 44
-119.000   42.000 -0.01564 49
-119.000   43.000 -0.01118 36
-119.000   44.000 -0.01045 55
-119.000   45.000 -0.01323 23
-119.000   46.000 -0.00093 13
-119.000   47.000  0.00089 11
-119.000   48.000 -0.01737 2
-119.000   49.000 -0.01863 10
-119.000   50.000 -0.01478 2
-118.000   25.000  0.01391 1
-118.000   26.000  0.02668 0
-118.000   27.000  0.03830 11
-118.000   28.000  0.04699 47
-118.000   29.000  0.04737 40
-118.000   30.000  0.03701 15
-118.000   31.000  0.01717 29
-118.000   32.000 -0.01150 23
-118.000   33.000 -0.03596 36
-118.000   34.000 -0.05086 11
-118.000   35.000 -0.05773 21
-118.000   36.000 -0.05220 24
-118.000   37.000 -0.04212 42
-118.000   38.000 -0.02887 36
-118.000   39.000 -0.01704 42
-118.000   40.000 -0.00962 52
-118.000   41.000 -0.01390 42
-118.000   42.000 -0.01148 28
-118.000   43.000 -0.00579 48
-118.000   44.000 -0.00784 36
-118.000   45.000 -0.01223 20
-118.000   46.000 -0.00082 2
-118.000   47.000  0.00028 5
-118.000   48.000 -0.01796 4
-118.000   49.000 -0.01652 6
-118.000   50.000 -0.01120 3
-117.000   25.000  0.01871 2
-117.000   26.000  0.02619 0
-117.000   27.000  0.03169 17
-117.000   28.000  0.03908 30
-117.000   29.000  0.04087 33
-117.000   30.000  0.02842 18
-117.000   31.000  0.00860 29
-117.000   32.000 -0.00926 23
-117.000   33.000 -0.03258 25
-117.000   34.000 -0.04982 15
-117.000   35.000 -0.05854 14
-117.000   36.000 -0.04954 48
-117.000   37.000 -0.04212 23
-117.000   38.000 -0.03062 14
-117.000   39.000 -0.01810 36
-117.000   40.000 -0.00740 39
-117.000   41.000 -0.00932 51
-117.000   42.000 -0.00824 36
-117.000   43.000 -0.00143 34
-117.000   44.000 -0.00464 24
-117.000   45.000 -0.00888 10
-117.000   46.000 -0.00447 3
-117.000   47.000 -0.00237 0
-117.000   48.000 -0.01553 3
-117.000   49.000 -0.01174 2
-117.000   50.000 -0.00876 1
-116.000   25.000  0.02773 0
-116.000   26.000  0.03032 0
-116.000   27.000  0.03237 4
-116.000   28.000  0.03980 18
-116.000   29.000  0.03445 30
-116.000   30.000  0.02113 20
-116.000   31.000  0.00508 19
-116.000   32.000 -0.00778 14
-116.000   33.000 -0.03289 21
-116.000   34.000 -0.05036 17
-116.000   35.000 -0.05736 25
-116.000   36.000 -0.04660 54
-116.000   37.000 -0.03957 24
-116.000   38.000 -0.02596 17
-116.000   39.000 -0.00670 32
-116.000   40.000  0.00821 45
-116.000   41.000  0.00609 29
-116.000   42.000  0.00512 20
-116.000   43.000  0.00841 15
-116.000   44.000 -0.00019 23
-116.000   45.000 -0.00847 20
-116.000   46.000 -0.01056 26
-116.000   47.000 -0.00697 11
-116.000   48.000 -0.02120 3
-116.000   49.000 -0.01866 4
-116.000   50.000 -0.01890 5
-115.000   25.000  0.03517 0
-115.000   26.000  0.02959 0
-115.000   27.000  0.03170 5
-115.000   28.000  0.03346 11
-115.000   29.000  0.02327 25
-115.000   30.000  0.01255 16
-115.000   31.000  0.00080 20
-115.000   32.000 -0.01005 19
-115.000   33.000 -0.03365 17
-115.000   34.000 -0.04557 14
-115.000   35.000 -0.04954 19
-115.000   36.000 -0.03545 25
-115.000   37.000 -0.02939 18
-115.000   38.000 -0.01383 30
-115.000   39.000  0.00075 22
-115.000   40.000  0.01689 43
-115.000   41.000  0.01370 26
-115.000   42.000  0.01041 22
-115.000   43.000  0.01054 29
-115.000   44.000 -0.00270 29
-115.000   45.000 -0.01676 22
-115.000   46.000 -0.02752 21
-115.000   47.000 -0.02259 15
-115.000   48.000 -0.03354 4
-115.000   49.000 -0.02804 5
-115.000   50.000 -0.02843 4
-114.000   25.000  0.03094 0
-114.000   26.000  0.02261 3
-114.000   27.000  0.02490 3
-114.000   28.000  0.02279 8
-114.000   29.000  0.01079 17
-114.000   30.000  0.00197 16
-114.000   31.000 -0.00285 16
-114.000   32.000 -0.01372 17
-114.000   33.000 -0.02818 12
-114.000   34.000 -0.03736 10
-114.000   35.000 -0.04015 17
-114.000   36.000 -0.02873 18
-114.000   37.000 -0.02002 31
-114.000   38.000 -0.01113 23
-114.000   39.000  0.00293 18
-114.000   40.000  0.01480 48
-114.000   41.000  0.00906 30
-114.000   42.000  0.00220 28
-114.000   43.000  0.00713 34
-114.000   44.000 -0.01277 17
-114.000   45.000 -0.02462 13
-114.000   46.000 -0.04258 8
-114.000   47.000 -0.04380 11
-114.000   48.000 -0.04709 11
-114.000   49.000 -0.03772 10
-114.000   50.000 -0.04006 9
-113.000   25.000  0.03851 1
-113.000   26.000  0.02931 2
-113.000   27.000  0.03069 4
-113.000   28.000  0.02391 4
-113.000   29.000  0.00639 14
-113.000   30.000 -0.00421 14
-113.000   31.000 -0.01145 16
-113.000   32.000 -0.02637 7
-113.000   33.000 -0.03060 8
-113.000   34.000 -0.03414 6
-113.000   35.000 -0.03470 17
-113.000   36.000 -0.02452 16
-113.000   37.000 -0.01149 29
-113.000   38.000 -0.00342 18
-113.000   39.000  0.00427 19
-113.000   40.000  0.01783 49
-113.000   41.000  0.01362 38
-113.000   42.000  0.00468 29
-113.000   43.000  0.00213 19
-113.000   44.000 -0.01161 19
-113.000   45.000 -0.02613 15
-113.000   46.000 -0.04427 9
-113.000   47.000 -0.04037 22
-113.000   48.000 -0.03464 5
-113.000   49.000 -0.02541 9
-113.000   50.000 -0.02583 12
-112.000   25.000  0.04532 0
-112.000   26.000  0.03271 3
-112.000   27.000  0.03401 4
-112.000   28.000  0.02946 5
-112.000   29.000  0.00842 13
-112.000   30.000 -0.00092 6
-112.000   31.000 -0.00018 14
-112.000   32.000 -0.01835 9
-112.000   33.000 -0.02480 13
-112.000   34.000 -0.02513 24
-112.000   35.000 -0.02340 22
-112.000   36.000 -0.01896 42
-112.000   37.000 -0.00414 36
-112.000   38.000  0.00253 17
-112.000   39.000  0.00864 52
-112.000   40.000  0.01914 41
-112.000   41.000  0.01558 18
-112.000   42.000  0.00900 19
-112.000   43.000  0.00459 22
-112.000   44.000 -0.00600 17
-112.000   45.000 -0.01408 13
-112.000   46.000 -0.02659 8
-112.000   47.000 -0.01907 24
-112.000   48.000 -0.00659 12
-112.000   49.000  0.00232 3
-112.000   50.000  0.00048 6
-111.000   25.000  0.04331 0
-111.000   26.000  0.03251 5
-111.000   27.000  0.03240 1
-111.000   28.000  0.02913 4
-111.000   29.000  0.01396 7
-111.000   30.000  0.00233 10
-111.000   31.000  0.00110 6
-111.000   32.000 -0.01913 8
-111.000   33.000 -0.02483 8
-111.000   34.000 -0.02130 5
-111.000   35.000 -0.01467 13
-111.000   36.000 -0.00880 16
-111.000   37.000  0.00568 22
-111.000   38.000  0.01149 36
-111.000   39.000  0.00474 49
-111.000   40.000  0.00545 28
-111.000   41.000  0.00274 15
-111.000   42.000  0.00150 24
-111.000   43.000 -0.00002 28
-111.000   44.000  0.00565 24
-111.000   45.000  0.00650 10
-111.000   46.000 -0.00263 8
-111.000   47.000  0.00515 16
-111.000   48.000  0.01827 10
-111.000   49.000  0.02253 7
-111.000   50.000  0.01952 4
-110.000   25.000  0.03135 0
-110.000   26.000  0.02757 5
-110.000   27.000  0.02405 3
-110.000   28.000  0.02139 7
-110.000   29.000  0.00845 10
-110.000   30.000 -0.00579 13
-110.000   31.000 -0.00859 12
-110.000   32.000 -0.02044 7
-110.000   33.000 -0.02443 5
-110.000   34.000 -0.02013 10
-110.000   35.000 -0.01067 29
-110.000   36.000 -0.00802 18
-110.000   37.000  0.00263 21
-110.000   38.000  0.00961 22
-110.000   39.000  0.00309 26
-110.000   40.000 -0.00020 18
-110.000   41.000  0.00128 15
-110.000   42.000  0.00378 37
-110.000   43.000  0.00634 26
-110.000   44.000  0.02258 20
-110.000   45.000  0.03208 20
-110.000   46.000  0.03083 7
-110.000   47.000  0.03769 7
-110.000   48.000  0.04797 10
-110.000   49.000  0.04641 7
-110.000   50.000  0.04484 6
-109.000   25.000  0.02564 4
-109.000   26.000  0.02087 14
-109.000   27.000  0.01722 12
-109.000   28.000  0.01502 10
-109.000   29.000  0.00408 16
-109.000   30.000 -0.00609 16
-109.000   31.000 -0.00726 18
-109.000   32.000 -0.01712 10
-109.000   33.000 -0.02181 10
-109.000   34.000 -0.01641 14
-109.000   35.000 -0.00762 15
-109.000   36.000 -0.00552 20
-109.000   37.000  0.00200 24
-109.000   38.000  0.01136 21
-109.000   39.000  0.00368 12
-109.000   40.000  0.00105 21
-109.000   41.000  0.00816 16
-109.000   42.000  0.01489 14
-109.000   43.000  0.01891 25
-109.000   44.000  0.03530 17
-109.000   45.000  0.04185 13
-109.000   46.000  0.04097 15
-109.000   47.000  0.05231 10
-109.000   48.000  0.04896 8
-109.000   49.000  0.04706 4
-109.000   50.000  0.04687 7
-108.000   25.000  0.01811 0
-108.000   26.000  0.01451 17
-108.000   27.000  0.01099 9
-108.000   28.000  0.01302 9
-108.000   29.000  0.00485 24
-108.000   30.000 -0.00711 9
-108.000   31.000 -0.00313 12
-108.000   32.000 -0.00263 20
-108.000   33.000 -0.00806 41
-108.000   34.000  0.00034 17
-108.000   35.000  0.01247 22
-108.000   36.000  0.01109 33
-108.000   37.000  0.00982 42
-108.000   38.000  0.01448 38
-108.000   39.000  0.00907 22
-108.000   40.000  0.00265 15
-108.000   41.000  0.01350 20
-108.000   42.000  0.02480 14
-108.000   43.000  0.03618 18
-108.000   44.000  0.04455 12
-108.000   45.000  0.05507 14
-108.000   46.000  0.05107 13
-108.000   47.000  0.05143 10
-108.000   48.000  0.04021 4
-108.000   49.000  0.03832 8
-108.000   50.000  0.03432 5
-107.000   25.000  0.00959 0
-107.000   26.000  0.01029 6
-107.000   27.000  0.00930 10
-107.000   28.000  0.00901 8
-107.000   29.000  0.00331 13
-107.000   30.000 -0.00462 9
-107.000   31.000 -0.00342 10
-107.000   32.000 -0.00335 17
-107.000   33.000 -0.00574 17
-107.000   34.000  0.00112 29
-107.000   35.000 -0.21961 22
-107.000   36.000 -0.21933 36
-107.000   37.000 -0.22184 18
-107.000   38.000 -0.22075 54
-107.000   39.000 -0.22491 48
-107.000   40.000  0.00119 18
-107.000   41.000  0.01278 10
-107.000   42.000  0.02689 10
-107.000   43.000  0.05154 20
-107.000   44.000  0.05637 7
-107.000   45.000  0.06306 17
-107.000   46.000  0.06601 11
-107.000   47.000  0.06877 10
-107.000   48.000  0.04072 9
-107.000   49.000  0.04419 9
-107.000   50.000  0.04963 4
-106.000   25.000  0.01184 1
-106.000   26.000  0.01039 6
-106.000   27.000  0.00651 5
-106.000   28.000  0.00133 8
-106.000   29.000 -0.00381 9
-106.000   30.000 -0.01144 6
-106.000   31.000 -0.00610 8
-106.000   32.000 -0.00048 9
-106.000   33.000 -0.00262 14
-106.000   34.000 -0.00001 20
-106.000   35.000 -0.22628 25
-106.000   36.000 -0.23068 20
-106.000   37.000 -0.23593 29
-106.000   38.000 -0.23466 24
-106.000   39.000 -0.22934 29
-106.000   40.000  0.00720 32
-106.000   41.000  0.01678 21
-106.000   42.000  0.02928 19
-106.000   43.000  0.05678 20
-106.000   44.000  0.04876 18
-106.000   45.000  0.04855 19
-106.000   46.000  0.04978 13
-106.000   47.000  0.05019 13
-106.000   48.000  0.02039 8
-106.000   49.000  0.02686 7
-106.000   50.000  0.02985 5
-105.000   25.000  0.01094 5
-105.000   26.000  0.00726 11
-105.000   27.000  0.00496 8
-105.000   28.000  0.00308 15
-105.000   29.000  0.00252 17
-105.000   30.000  0.00024 8
-105.000   31.000  0.00544 11
-105.000   32.000  0.00928 9
-105.000   33.000  0.00384 18
-105.000   34.000  0.00492 18
-105.000   35.000 -0.22377 21
-105.000   36.000 -0.22456 25
-105.000   37.000 -0.22839 17
-105.000   38.000 -0.23248 31
-105.000   39.000 -0.23057 60
-105.000   40.000  0.00815 36
-105.000   41.000  0.01405 36
-105.000   42.000  0.02764 29
-105.000   43.000  0.05310 24
-105.000   44.000  0.03387 23
-105.000   45.000  0.02949 5
-105.000   46.000  0.02958 8
-105.000   47.000  0.02307 13
-105.000   48.000  0.00105 4
-105.000   49.000  0.01805 2
-105.000   50.000  0.01987 2
-104.000   25.000  0.01275 7
-104.000   26.000  0.00637 7
-104.000   27.000  0.00126 7
-104.000   28.000  0.00154 18
-104.000   29.000  0.00126 21
-104.000   30.000 -0.00820 12
-104.000   31.000 -0.00405 17
-104.000   32.000  0.00164 20
-104.000   33.000 -0.00348 19
-104.000   34.000 -0.00125 37
-104.000   35.000 -0.22811 20
-104.000   36.000 -0.22601 51
-104.000   37.000 -0.22656 21
-104.000   38.000 -0.23446 55
-104.000   39.000 -0.23387 102
-104.000   40.000  0.00903 46
-104.000   41.000  0.01416 25
-104.000   42.000  0.02595 26
-104.000   43.000  0.04858 28
-104.000   44.000  0.03130 21
-104.000   45.000  0.02588 19
-104.000   46.000  0.02277 15
-104.000   47.000  0.01959 4
-104.000   48.000  0.00887 2
-104.000   49.000  0.02712 6
-104.000   50.000  0.03115 4
-103.000   25.000  0.01226 5
-103.000   26.000  0.00641 11
-103.000   27.000 -0.00170 8
-103.000   28.000 -0.00386 11
-103.000   29.000 -0.00209 10
-103.000   30.000 -0.00954 12
-103.000   31.000 -0.00532 31
-103.000   32.000  0.00053 40
-103.000   33.000 -0.00788 38
-103.000   34.000 -0.01000 34
-103.000   35.000 -0.23879 26
-103.000   36.000 -0.23776 26
-103.000   37.000 -0.23617 32
-103.000   38.000 -0.23736 34
-103.000   39.000 -0.23543 57
-103.000   40.000  0.00599 52
-103.000   41.000  0.00707 38
-103.000   42.000  0.01461 29
-103.000   43.000  0.03438 30
-103.000   44.000  0.01931 19
-103.000   45.000  0.01119 9
-103.000   46.000  0.02605 2
-103.000   47.000  0.03625 10
-103.000   48.000  0.02489 6
-103.000   49.000  0.04764 4
-103.000   50.000  0.06368 7
-102.000   25.000  0.01246 8
-102.000   26.000  0.00601 5
-102.000   27.000 -0.00742 10
-102.000   28.000 -0.01113 14
-102.000   29.000 -0.01023 8
-102.000   30.000 -0.02206 19
-102.000   31.000 -0.02091 25
-102.000   32.000 -0.01244 28
-102.000   33.000 -0.02226 27
-102.000   34.000 -0.02371 42
-102.000   35.000 -0.01743 38
-102.000   36.000 -0.01325 38
-102.000   37.000 -0.00968 29
-102.000   38.000 -0.00348 35
-102.000   39.000 -0.00169 33
-102.000   40.000  0.00432 41
-102.000   41.000  0.00336 38
-102.000   42.000  0.00816 29
-102.000   43.000  0.02025 27
-102.000   44.000  0.00689 23
-102.000   45.000 -0.00497 12
-102.000   46.000  0.00689 8
-102.000   47.000  0.00746 5
-102.000   48.000  0.00094 1
-102.000   49.000  0.01668 4
-102.000   50.000  0.03195 2
-101.000   25.000  0.01297 5
-101.000   26.000  0.01853 5
-101.000   27.000  0.00341 7
-101.000   28.000 -0.00146 9
-101.000   29.000 -0.00444 4
-101.000   30.000 -0.01086 13
-101.000   31.000 -0.02316 5
-101.000   32.000 -0.01741 16
-101.000   33.000 -0.02539 24
-101.000   34.000 -0.02697 32
-101.000   35.000 -0.02023 33
-101.000   36.000 -0.01117 16
-101.000   37.000 -0.00348 25
-101.000   38.000  0.00370 39
-101.000   39.000  0.00695 46
-101.000   40.000  0.00847 48
-101.000   41.000  0.00722 49
-101.000   42.000  0.01063 46
-101.000   43.000  0.01828 30
-101.000   44.000  0.00507 21
-101.000   45.000  0.00216 16
-101.000   46.000  0.02206 3
-101.000   47.000  0.02617 6
-101.000   48.000  0.02230 1
-101.000   49.000  0.04203 4
-101.000   50.000  0.05700 3
-100.000   25.000  0.00026 0
-100.000   26.000  0.01004 4
-100.000   27.000 -0.00805 4
-100.000   28.000 -0.01919 1
-100.000   29.000 -0.02287 3
-100.000   30.000 -0.03833 9
-100.000   31.000 -0.05103 13
-100.000   32.000 -0.04310 10
-100.000   33.000 -0.03970 26
-100.000   34.000 -0.03728 26
-100.000   35.000 -0.02536 25
-100.000   36.000 -0.01888 24
-100.000   37.000 -0.00908 22
-100.000   38.000 -0.00008 37
-100.000   39.000  0.00374 50
-100.000   40.000  0.00480 75
-100.000   41.000  0.00444 44
-100.000   42.000  0.00557 60
-100.000   43.000  0.01250 36
-100.000   44.000  0.00953 28
-100.000   45.000  0.00739 14
-100.000   46.000  0.03193 10
-100.000   47.000  0.04259 4
-100.000   48.000  0.04226 2
-100.000   49.000  0.05492 3
-100.000   50.000  0.07606 1
 -99.000   25.000  0.00021 5
 -99.000   26.000  0.01888 2
 -99.000   27.000  0.01114 3
 -99.000   28.000 -0.00730 2
 -99.000   29.000 -0.00910 2
 -99.000   30.000 -0.02215 2
 -99.000   31.000 -0.04229 4
 -99.000   32.000 -0.04549 14
 -99.000   33.000 -0.04140 13
 -99.000   34.000 -0.03552 22
 -99.000   35.000 -0.02697 17
 -99.000   36.000 -0.02121 22
 -99.000   37.000 -0.01197 24
 -99.000   38.000 -0.00054 30
 -99.000   39.000  0.00538 34
 -99.000   40.000  0.00595 55
 -99.000   41.000  0.00532 42
 -99.000   42.000  0.00549 45
 -99.000   43.000  0.01200 39
 -99.000   44.000  0.00776 42
 -99.000   45.000  0.00986 12
 -99.000   46.000  0.03420 12
 -99.000   47.000  0.04182 6
 -99.000   48.000  0.03866 4
 -99.000   49.000  0.05012 3
 -99.000   50.000  0.06369 3
 -98.000   25.000  0.01327 4
 -98.000   26.000  0.02512 1
 -98.000   27.000  0.01525 2
 -98.000   28.000 -0.00720 0
 -98.000   29.000 -0.00632 3
 -98.000   30.000 -0.02197 4
 -98.000   31.000 -0.04467 6
 -98.000   32.000 -0.04741 7
 -98.000   33.000 -0.04398 14
 -98.000   34.000 -0.03906 14
 -98.000   35.000 -0.03016 32
 -98.000   36.000 -0.02014 14
 -98.000   37.000 -0.00826 14
 -98.000   38.000  0.00136 40
 -98.000   39.000  0.00692 44
 -98.000   40.000  0.00900 38
 -98.000   41.000  0.00977 57
 -98.000   42.000  0.00941 61
 -98.000   43.000  0.01398 58
 -98.000   44.000  0.01136 46
 -98.000   45.000  0.01807 23
 -98.000   46.000  0.02477 18
 -98.000   47.000  0.02363 9
 -98.000   48.000  0.02447 2
 -98.000   49.000  0.02877 3
 -98.000   50.000  0.02667 1
 -97.000   25.000  0.00132 3
 -97.000   26.000  0.00516 1
 -97.000   27.000  0.00049 3
 -97.000   28.000 -0.02264 1
 -97.000   29.000 -0.01359 4
 -97.000   30.000 -0.02940 8
 -97.000   31.000 -0.04482 9
 -97.000   32.000 -0.04734 4
 -97.000   33.000 -0.04010 10
 -97.000   34.000 -0.03785 11
 -97.000   35.000 -0.02895 18
 -97.000   36.000 -0.02033 22
 -97.000   37.000 -0.01004 29
 -97.000   38.000 -0.00305 41
 -97.000   39.000  0.00348 36
 -97.000   40.000  0.00749 43
 -97.000   41.000  0.00981 44
 -97.000   42.000  0.01095 56
 -97.000   43.000  0.01453 54
 -97.000   44.000  0.01097 40
 -97.000   45.000  0.02321 15
 -97.000   46.000  0.02673 11
 -97.000   47.000  0.02953 6
 -97.000   48.000  0.03537 2
 -97.000   49.000  0.04230 0
 -97.000   50.000  0.03443 5
 -96.000   25.000  0.01369 1
 -96.000   26.000 -0.00046 2
 -96.000   27.000 -0.00056 1
 -96.000   28.000 -0.03513 0
 -96.000   29.000 -0.02650 2
 -96.000   30.000 -0.04468 5
 -96.000   31.000 -0.04565 7
 -96.000   32.000 -0.05035 4
 -96.000   33.000 -0.03696 2
 -96.000   34.000 -0.03199 5
 -96.000   35.000 -0.02695 9
 -96.000   36.000 -0.02340 16
 -96.000   37.000 -0.01629 13
 -96.000   38.000 -0.01000 7
 -96.000   39.000 -0.00734 31
 -96.000   40.000 -0.00078 23
 -96.000   41.000  0.00309 32
 -96.000   42.000  0.00629 51
 -96.000   43.000  0.01069 29
 -96.000   44.000  0.01266 29
 -96.000   45.000  0.01822 10
 -96.000   46.000  0.02180 10
 -96.000   47.000  0.02319 6
 -96.000   48.000  0.02740 4
 -96.000   49.000  0.02931 3
 -96.000   50.000  0.02687 1
 -95.000   25.000  0.03015 2
 -95.000   26.000  0.00799 4
 -95.000   27.000  0.00802 6
 -95.000   28.000 -0.02181 1
 -95.000   29.000 -0.01687 3
 -95.000   30.000 -0.03118 7
 -95.000   31.000 -0.02883 2
 -95.000   32.000 -0.03386 6
 -95.000   33.000 -0.02682 6
 -95.000   34.000 -0.02591 6
 -95.000   35.000 -0.02393 9
 -95.000   36.000 -0.01974 14
 -95.000   37.000 -0.01479 9
 -95.000   38.000 -0.00805 19
 -95.000   39.000 -0.00281 21
 -95.000   40.000  0.00273 17
 -95.000   41.000  0.00572 36
 -95.000   42.000  0.00925 31
 -95.000   43.000  0.01081 23
 -95.000   44.000  0.01036 18
 -95.000   45.000  0.01575 8
 -95.000   46.000  0.01432 13
 -95.000   47.000  0.01454 14
 -95.000   48.000  0.01288 2
 -95.000   49.000  0.01227 4
 -95.000   50.000  0.00514 6
 -94.000   25.000  0.04885 1
 -94.000   26.000  0.01646 3
 -94.000   27.000  0.00678 2
 -94.000   28.000 -0.02132 2
 -94.000   29.000 -0.01961 3
 -94.000   30.000 -0.03195 5
 -94.000   31.000 -0.02335 8
 -94.000   32.000 -0.01479 3
 -94.000   33.000 -0.00807 5
 -94.000   34.000 -0.01490 17
 -94.000   35.000 -0.01008 26
 -94.000   36.000 -0.00774 19
 -94.000   37.000 -0.00550 8
 -94.000   38.000 -0.00121 10
 -94.000   39.000  0.00440 20
 -94.000   40.000  0.00430 21
 -94.000   41.000  0.00694 31
 -94.000   42.000  0.00926 25
 -94.000   43.000  0.01085 32
 -94.000   44.000  0.01161 23
 -94.000   45.000  0.01356 8
 -94.000   46.000  0.01747 16
 -94.000   47.000  0.01668 6
 -94.000   48.000  0.01490 5
 -94.000   49.000  0.01410 2
 -94.000   50.000  0.01442 1
 -93.000   25.000  0.03702 0
 -93.000   26.000  0.00538 3
 -93.000   27.000 -0.00559 2
 -93.000   28.000 -0.02755 4
 -93.000   29.000 -0.03098 1
 -93.000   30.000 -0.03858 1
 -93.000   31.000 -0.02861 4
 -93.000   32.000 -0.01502 5
 -93.000   33.000 -0.00815 9
 -93.000   34.000 -0.01303 17
 -93.000   35.000 -0.01144 25
 -93.000   36.000 -0.00634 19
 -93.000   37.000 -0.00632 23
 -93.000   38.000 -0.00278 21
 -93.000   39.000  0.00349 17
 -93.000   40.000  0.00431 18
 -93.000   41.000  0.00300 33
 -93.000   42.000  0.00278 28
 -93.000   43.000  0.00371 33
 -93.000   44.000  0.00658 18
 -93.000   45.000  0.00225 13
 -93.000   46.000  0.01021 17
 -93.000   47.000  0.01433 12
 -93.000   48.000  0.00744 10
 -93.000   49.000  0.00270 2
 -93.000   50.000  0.01178 5
 -92.000   25.000  0.05708 1
 -92.000   26.000  0.02951 2
 -92.000   27.000  0.01346 3
 -92.000   28.000 -0.01182 1
 -92.000   29.000 -0.02836 2
 -92.000   30.000 -0.03749 2
 -92.000   31.000 -0.03018 5
 -92.000   32.000 -0.01816 3
 -92.000   33.000 -0.00620 10
 -92.000   34.000 -0.01072 8
 -92.000   35.000 -0.00757 18
 -92.000   36.000 -0.00382 28
 -92.000   37.000 -0.00079 25
 -92.000   38.000  0.00041 7
 -92.000   39.000  0.00801 19
 -92.000   40.000  0.00855 19
 -92.000   41.000  0.00359 31
 -92.000   42.000  0.00218 48
 -92.000   43.000  0.00232 17
 -92.000   44.000  0.00634 8
 -92.000   45.000  0.00107 14
 -92.000   46.000  0.01064 12
 -92.000   47.000  0.01137 10
 -92.000   48.000  0.00005 8
 -92.000   49.000 -0.00745 6
 -92.000   50.000 -0.00056 7
 -91.000   25.000  0.01948 0
 -91.000   26.000 -0.00085 4
 -91.000   27.000 -0.00878 0
 -91.000   28.000 -0.02176 3
 -91.000   29.000 -0.03900 1
 -91.000   30.000 -0.04197 3
 -91.000   31.000 -0.03261 3
 -91.000   32.000 -0.02314 8
 -91.000   33.000 -0.01571 2
 -91.000   34.000 -0.01650 10
 -91.000   35.000 -0.00725 30
 -91.000   36.000 -0.00195 26
 -91.000   37.000  0.00134 20
 -91.000   38.000  0.00272 17
 -91.000   39.000  0.01123 24
 -91.000   40.000  0.01073 23
 -91.000   41.000  0.00391 60
 -91.000   42.000  0.00186 49
 -91.000   43.000  0.00078 13
 -91.000   44.000  0.00233 31
 -91.000   45.000 -0.00434 11
 -91.000   46.000  0.00008 21
 -91.000   47.000 -0.00114 5
 -91.000   48.000 -0.01407 14
 -91.000   49.000 -0.02196 6
 -91.000   50.000 -0.01803 2
 -90.000   25.000  0.00382 0
 -90.000   26.000 -0.00477 1
 -90.000   27.000 -0.01459 2
 -90.000   28.000 -0.02654 1
 -90.000   29.000 -0.04070 6
 -90.000   30.000 -0.04045 4
 -90.000   31.000 -0.03698 6
 -90.000   32.000 -0.02369 14
 -90.000   33.000 -0.01657 13
 -90.000   34.000 -0.01453 13
 -90.000   35.000 -0.00188 17
 -90.000   36.000  0.00276 15
 -90.000   37.000  0.00559 28
 -90.000   38.000  0.00603 19
 -90.000   39.000  0.01281 19
 -90.000   40.000  0.01035 20
 -90.000   41.000  0.00353 58
 -90.000   42.000 -0.00131 40
 -90.000   43.000 -0.00459 6
 -90.000   44.000 -0.00270 8
 -90.000   45.000 -0.00960 16
 -90.000   46.000 -0.00527 19
 -90.000   47.000  0.00261 4
 -90.000   48.000 -0.00817 7
 -90.000   49.000 -0.01370 8
 -90.000   50.000 -0.00746 4
 -89.000   25.000 -0.03925 0
 -89.000   26.000 -0.03612 0
 -89.000   27.000 -0.03888 1
 -89.000   28.000 -0.05276 3
 -89.000   29.000 -0.06181 8
 -89.000   30.000 -0.05476 10
 -89.000   31.000 -0.05215 4
 -89.000   32.000 -0.04418 11
 -89.000   33.000 -0.03040 10
 -89.000   34.000 -0.01938 19
 -89.000   35.000 -0.00696 19
 -89.000   36.000 -0.00044 18
 -89.000   37.000  0.00355 12
 -89.000   38.000  0.00889 13
 -89.000   39.000  0.01152 17
 -89.000   40.000  0.01078 21
 -89.000   41.000  0.00140 37
 -89.000   42.000 -0.00077 15
 -89.000   43.000 -0.00795 18
 -89.000   44.000 -0.00527 15
 -89.000   45.000 -0.01164 10
 -89.000   46.000 -0.01211 15
 -89.000   47.000 -0.00379 15
 -89.000   48.000 -0.01283 6
 -89.000   49.000 -0.02060 16
 -89.000   50.000 -0.01486 5
 -88.000   25.000 -0.04969 0
 -88.000   26.000 -0.02957 3
 -88.000   27.000 -0.02437 1
 -88.000   28.000 -0.04608 5
 -88.000   29.000 -0.04820 3
 -88.000   30.000 -0.03923 7
 -88.000   31.000 -0.04245 13
 -88.000   32.000 -0.04398 3
 -88.000   33.000 -0.02717 5
 -88.000   34.000 -0.01546 10
 -88.000   35.000 -0.00017 19
 -88.000   36.000  0.00004 19
 -88.000   37.000  0.00353 16
 -88.000   38.000  0.00553 26
 -88.000   39.000  0.00987 11
 -88.000   40.000  0.00862 23
 -88.000   41.000  0.00072 30
 -88.000   42.000  0.00161 17
 -88.000   43.000 -0.00312 11
 -88.000   44.000 -0.00353 21
 -88.000   45.000 -0.00704 17
 -88.000   46.000 -0.00355 19
 -88.000   47.000  0.00296 6
 -88.000   48.000 -0.00242 6
 -88.000   49.000 -0.00375 2
 -88.000   50.000  0.00035 3
 -87.000   25.000 -0.04734 0
 -87.000   26.000 -0.02038 2
 -87.000   27.000 -0.01185 4
 -87.000   28.000 -0.02939 8
 -87.000   29.000 -0.02106 6
 -87.000   30.000 -0.01748 6
 -87.000   31.000 -0.02420 4
 -87.000   32.000 -0.03262 5
 -87.000   33.000 -0.01929 13
 -87.000   34.000 -0.01104 24
 -87.000   35.000 -0.00199 60
 -87.000   36.000 -0.00521 44
 -87.000   37.000 -0.00034 22
 -87.000   38.000  0.00436 24
 -87.000   39.000  0.00782 34
 -87.000   40.000  0.00768 16
 -87.000   41.000  0.00162 27
 -87.000   42.000  0.00152 10
 -87.000   43.000 -0.00535 23
 -87.000   44.000 -0.00772 19
 -87.000   45.000 -0.01592 10
 -87.000   46.000 -0.01203 9
 -87.000   47.000 -0.00403 11
 -87.000   48.000 -0.00421 8
 -87.000   49.000 -0.00231 3
 -87.000   50.000  0.01014 3
 -86.000   25.000 -0.01178 1
 -86.000   26.000  0.01740 5
 -86.000   27.000  0.01352 14
 -86.000   28.000 -0.00109 2
 -86.000   29.000  0.01169 5
 -86.000   30.000 -0.00679 8
 -86.000   31.000 -0.01938 8
 -86.000   32.000 -0.02221 7
 -86.000   33.000 -0.01211 20
 -86.000   34.000 -0.01178 22
 -86.000   35.000  0.00084 30
 -86.000   36.000 -0.00618 17
 -86.000   37.000 -0.00101 22
 -86.000   38.000  0.00665 18
 -86.000   39.000  0.01259 12
 -86.000   40.000  0.00941 12
 -86.000   41.000  0.00447 20
 -86.000   42.000  0.00277 13
 -86.000   43.000 -0.00648 19
 -86.000   44.000 -0.00906 18
 -86.000   45.000 -0.01306 15
 -86.000   46.000 -0.00724 4
 -86.000   47.000  0.00546 2
 -86.000   48.000  0.00846 5
 -86.000   49.000  0.01239 1
 -86.000   50.000  0.02657 3
 -85.000   25.000 -0.01028 2
 -85.000   26.000  0.01805 3
 -85.000   27.000  0.02060 2
 -85.000   28.000  0.00831 6
 -85.000   29.000  0.02174 9
 -85.000   30.000  0.00904 3
 -85.000   31.000  0.00251 13
 -85.000   32.000 -0.00320 12
 -85.000   33.000  0.00251 15
 -85.000   34.000 -0.00091 29
 -85.000   35.000  0.00558 26
 -85.000   36.000 -0.00867 24
 -85.000   37.000 -0.00738 16
 -85.000   38.000  0.00016 14
 -85.000   39.000  0.00566 10
 -85.000   40.000  0.00486 16
 -85.000   41.000  0.00051 16
 -85.000   42.000 -0.00209 23
 -85.000   43.000 -0.00801 16
 -85.000   44.000 -0.00879 17
 -85.000   45.000 -0.01111 13
 -85.000   46.000 -0.00158 7
 -85.000   47.000  0.00400 2
 -85.000   48.000  0.00696 6
 -85.000   49.000  0.00874 0
 -85.000   50.000  0.01927 1
 -84.000   25.000  0.01618 0
 -84.000   26.000  0.03274 10
 -84.000   27.000  0.02682 4
 -84.000   28.000  0.02095 8
 -84.000   29.000  0.02816 6
 -84.000   30.000  0.00359 13
 -84.000   31.000  0.00862 12
 -84.000   32.000  0.01205 9
 -84.000   33.000  0.01167 15
 -84.000   34.000  0.00357 20
 -84.000   35.000  0.01334 7
 -84.000   36.000 -0.01042 13
 -84.000   37.000 -0.01493 9
 -84.000   38.000 -0.00999 12
 -84.000   39.000 -0.00436 24
 -84.000   40.000 -0.00210 17
 -84.000   41.000 -0.00311 24
 -84.000   42.000 -0.00377 19
 -84.000   43.000 -0.00805 24
 -84.000   44.000 -0.00715 17
 -84.000   45.000 -0.00837 26
 -84.000   46.000  0.00379 19
 -84.000   47.000  0.01127 2
 -84.000   48.000  0.01574 1
 -84.000   49.000  0.02045 1
 -84.000   50.000  0.03000 2
 -83.000   25.000  0.02453 0
 -83.000   26.000  0.02666 0
 -83.000   27.000  0.01766 4
 -83.000   28.000  0.01681 6
 -83.000   29.000  0.01804 11
 -83.000   30.000 -0.00495 7
 -83.000   31.000  0.00993 10
 -83.000   32.000  0.01910 0
 -83.000   33.000  0.01635 18
 -83.000   34.000  0.01069 13
 -83.000   35.000  0.01717 7
 -83.000   36.000 -0.01022 18
 -83.000   37.000 -0.01663 26
 -83.000   38.000 -0.00867 18
 -83.000   39.000 -0.00819 21
 -83.000   40.000 -0.00829 14
 -83.000   41.000 -0.00433 14
 -83.000   42.000 -0.00611 26
 -83.000   43.000 -0.01027 23
 -83.000   44.000 -0.00588 11
 -83.000   45.000 -0.00449 20
 -83.000   46.000  0.00246 6
 -83.000   47.000  0.01429 6
 -83.000   48.000  0.02340 1
 -83.000   49.000  0.02644 26
 -83.000   50.000  0.03578 2
 -82.000   25.000 -0.00168 0
 -82.000   26.000 -0.01119 0
 -82.000   27.000 -0.01724 0
 -82.000   28.000 -0.02003 2
 -82.000   29.000 -0.02220 6
 -82.000   30.000 -0.02487 15
 -82.000   31.000  0.00048 8
 -82.000   32.000  0.01916 6
 -82.000   33.000  0.01912 12
 -82.000   34.000  0.01310 10
 -82.000   35.000  0.02054 11
 -82.000   36.000 -0.00492 14
 -82.000   37.000 -0.01799 14
 -82.000   38.000 -0.01652 14
 -82.000   39.000 -0.01845 22
 -82.000   40.000 -0.02087 25
 -82.000   41.000 -0.01560 15
 -82.000   42.000 -0.01605 29
 -82.000   43.000 -0.01809 20
 -82.000   44.000 -0.00967 29
 -82.000   45.000  0.00104 17
 -82.000   46.000  0.00826 19
 -82.000   47.000  0.01884 13
 -82.000   48.000  0.03305 3
 -82.000   49.000  0.03518 4
 -82.000   50.000  0.03784 4
 -81.000   25.000 -0.02178 0
 -81.000   26.000 -0.03720 0
 -81.000   27.000 -0.03280 0
 -81.000   28.000 -0.03698 1
 -81.000   29.000 -0.03216 3
 -81.000   30.000 -0.02038 9
 -81.000   31.000  0.00738 10
 -81.000   32.000  0.02062 8
 -81.000   33.000  0.02247 0
 -81.000   34.000  0.01100 10
 -81.000   35.000  0.01341 6
 -81.000   36.000 -0.00111 10
 -81.000   37.000 -0.01842 10
 -81.000   38.000 -0.02094 17
 -81.000   39.000 -0.02147 12
 -81.000   40.000 -0.02128 15
 -81.000   41.000 -0.02132 13
 -81.000   42.000 -0.01684 36
 -81.000   43.000 -0.01569 13
 -81.000   44.000 -0.00783 13
 -81.000   45.000  0.00072 13
 -81.000   46.000  0.00605 11
 -81.000   47.000  0.01406 10
 -81.000   48.000  0.02832 3
 -81.000   49.000  0.02895 2
 -81.000   50.000  0.02962 2
 -80.000   25.000 -0.01245 0
 -80.000   26.000 -0.04689 1
 -80.000   27.000 -0.03802 1
 -80.000   28.000 -0.04719 2
 -80.000   29.000 -0.04783 3
 -80.000   30.000 -0.03588 8
 -80.000   31.000 -0.00218 6
 -80.000   32.000  0.01246 3
 -80.000   33.000  0.01934 7
 -80.000   34.000  0.01385 3
 -80.000   35.000  0.01408 11
 -80.000   36.000  0.00898 8
 -80.000   37.000 -0.01264 7
 -80.000   38.000 -0.01405 10
 -80.000   39.000 -0.01460 13
 -80.000   40.000 -0.01696 16
 -80.000   41.000 -0.01462 16
 -80.000   42.000 -0.00796 20
 -80.000   43.000 -0.00597 13
 -80.000   44.000  0.00188 16
 -80.000   45.000  0.00962 15
 -80.000   46.000  0.00888 14
 -80.000   47.000  0.01619 13
 -80.000   48.000  0.03011 6
 -80.000   49.000  0.03056 1
 -80.000   50.000  0.03143 3
 -79.000   25.000 -0.01245 0
 -79.000   26.000 -0.04006 0
 -79.000   27.000 -0.03188 0
 -79.000   28.000 -0.03919 3
 -79.000   29.000 -0.03961 2
 -79.000   30.000 -0.01661 4
 -79.000   31.000 -0.00045 5
 -79.000   32.000  0.00645 5
 -79.000   33.000  0.00986 5
 -79.000   34.000  0.00530 9
 -79.000   35.000 -0.00433 5
 -79.000   36.000  0.00572 12
 -79.000   37.000 -0.00656 8
 -79.000   38.000 -0.00658 7
 -79.000   39.000 -0.00696 10
 -79.000   40.000 -0.01158 12
 -79.000   41.000 -0.01394 13
 -79.000   42.000 -0.01231 10
 -79.000   43.000 -0.01045 8
 -79.000   44.000 -0.00296 19
 -79.000   45.000  0.00766 25
 -79.000   46.000  0.00839 22
 -79.000   47.000  0.01609 15
 -79.000   48.000  0.03195 18
 -79.000   49.000  0.03163 12
 -79.000   50.000  0.02985 20
 -78.000   25.000 -0.01245 0
 -78.000   26.000 -0.03989 0
 -78.000   27.000 -0.03416 0
 -78.000   28.000 -0.03542 1
 -78.000   29.000 -0.03367 5
 -78.000   30.000 -0.00603 10
 -78.000   31.000  0.00999 8
 -78.000   32.000  0.02177 4
 -78.000   33.000  0.02733 3
 -78.000   34.000  0.02041 6
 -78.000   35.000  0.00529 7
 -78.000   36.000  0.02071 7
 -78.000   37.000  0.00385 14
 -78.000   38.000 -0.00313 13
 -78.000   39.000 -0.00300 20
 -78.000   40.000 -0.00988 8
 -78.000   41.000 -0.01771 7
 -78.000   42.000 -0.01067 13
 -78.000   43.000 -0.00926 11
 -78.000   44.000 -0.00303 29
 -78.000   45.000  0.01117 44
 -78.000   46.000  0.01138 15
 -78.000   47.000  0.01129 23
 -78.000   48.000  0.02364 28
 -78.000   49.000  0.02245 23
 -78.000   50.000  0.01681 7
 -77.000   25.000  0.00000 0
 -77.000   26.000 -0.01574 0
 -77.000   27.000 -0.00806 0
 -77.000   28.000  0.00193 0
 -77.000   29.000  0.00499 1
 -77.000   30.000  0.02021 7
 -77.000   31.000  0.02142 15
 -77.000   32.000  0.02437 8
 -77.000   33.000  0.01549 8
 -77.000   34.000  0.01287 5
 -77.000   35.000 -0.00090 10
 -77.000   36.000  0.01888 7
 -77.000   37.000  0.00385 5
 -77.000   38.000  0.00186 6
 -77.000   39.000  0.00220 8
 -77.000   40.000 -0.00522 9
 -77.000   41.000 -0.00917 7
 -77.000   42.000 -0.00683 12
 -77.000   43.000 -0.00558 7
 -77.000   44.000 -0.00169 21
 -77.000   45.000  0.01068 71
 -77.000   46.000  0.00475 31
 -77.000   47.000  0.01186 16
 -77.000   48.000  0.01657 20
 -77.000   49.000  0.01488 25
 -77.000   50.000  0.00919 11
 -76.000   25.000  0.00000 0
 -76.000   26.000 -0.01049 0
 -76.000   27.000 -0.00748 0
 -76.000   28.000  0.00491 0
 -76.000   29.000 -0.00025 1
 -76.000   30.000  0.01370 7
 -76.000   31.000  0.01268 15
 -76.000   32.000  0.01765 9
 -76.000   33.000  0.00403 2
 -76.000   34.000  0.01167 19
 -76.000   35.000 -0.00107 6
 -76.000   36.000  0.01316 6
 -76.000   37.000  0.00387 5
 -76.000   38.000  0.00215 9
 -76.000   39.000  0.00126 9
 -76.000   40.000 -0.00701 8
 -76.000   41.000 -0.00269 6
 -76.000   42.000 -0.00409 4
 -76.000   43.000 -0.00010 4
 -76.000   44.000  0.00348 11
 -76.000   45.000  0.01577 22
 -76.000   46.000  0.00723 15
 -76.000   47.000  0.01273 19
 -76.000   48.000  0.01691 16
 -76.000   49.000  0.01468 9
 -76.000   50.000  0.01086 8
 -75.000   25.000  0.00000 0
 -75.000   26.000  0.00274 0
 -75.000   27.000 -0.00102 0
 -75.000   28.000  0.00995 3
 -75.000   29.000  0.00917 2
 -75.000   30.000  0.01729 2
 -75.000   31.000  0.00688 11
 -75.000   32.000  0.00336 1
 -75.000   33.000 -0.01111 10
 -75.000   34.000 -0.00702 8
 -75.000   35.000 -0.02002 10
 -75.000   36.000 -0.00992 7
 -75.000   37.000 -0.00574 11
 -75.000   38.000 -0.00587 11
 -75.000   39.000  0.00204 9
 -75.000   40.000  0.00415 5
 -75.000   41.000  0.01450 3
 -75.000   42.000  0.01618 5
 -75.000   43.000  0.02113 4
 -75.000   44.000  0.01387 3
 -75.000   45.000  0.02156 14
 -75.000   46.000  0.01061 18
 -75.000   47.000  0.01235 26
 -75.000   48.000  0.01559 18
 -75.000   49.000  0.01454 10
 -75.000   50.000  0.01119 8
 -74.000   25.000  0.00000 0
 -74.000   26.000  0.00274 0
 -74.000   27.000  0.00197 0
 -74.000   28.000  0.01176 0
 -74.000   29.000  0.01300 0
 -74.000   30.000  0.02090 1
 -74.000   31.000  0.01557 6
 -74.000   32.000  0.01245 10
 -74.000   33.000  0.00105 0
 -74.000   34.000  0.00587 7
 -74.000   35.000 -0.00937 6
 -74.000   36.000 -0.00876 7
 -74.000   37.000 -0.00647 9
 -74.000   38.000 -0.00897 14
 -74.000   39.000  0.00021 9
 -74.000   40.000  0.00374 5
 -74.000   41.000  0.02015 10
 -74.000   42.000  0.02840 5
 -74.000   43.000  0.03322 5
 -74.000   44.000  0.02306 5
 -74.000   45.000  0.03270 7
 -74.000   46.000  0.02271 23
 -74.000   47.000  0.01613 16
 -74.000   48.000  0.01941 19
 -74.000   49.000  0.01790 13
 -74.000   50.000  0.01416 13
 -73.000   25.000  0.00000 0
 -73.000   26.000  0.00274 0
 -73.000   27.000  0.00690 0
 -73.000   28.000  0.00958 0
 -73.000   29.000  0.01478 0
 -73.000   30.000  0.01595 3
 -73.000   31.000  0.01062 5
 -73.000   32.000 -0.01109 5
 -73.000   33.000 -0.02107 0
 -73.000   34.000 -0.02885 3
 -73.000   35.000 -0.03562 3
 -73.000   36.000 -0.04034 13
 -73.000   37.000 -0.02230 6
 -73.000   38.000 -0.02376 6
 -73.000   39.000 -0.00110 7
 -73.000   40.000  0.00766 8
 -73.000   41.000  0.02849 6
 -73.000   42.000  0.03566 5
 -73.000   43.000  0.04575 5
 -73.000   44.000  0.03606 6
 -73.000   45.000  0.04248 9
 -73.000   46.000  0.03368 13
 -73.000   47.000  0.02488 9
 -73.000   48.000  0.02618 10
 -73.000   49.000  0.01975 16
 -73.000   50.000  0.01036 14
 -72.000   25.000  0.00000 0
 -72.000   26.000  0.00000 0
 -72.000   27.000  0.00000 0
 -72.000   28.000 -0.00965 0
 -72.000   29.000 -0.00491 0
 -72.000   30.000 -0.00196 0
 -72.000   31.000 -0.00196 5
 -72.000   32.000 -0.01826 3
 -72.000   33.000 -0.01470 0
 -72.000   34.000 -0.02653 0
 -72.000   35.000 -0.03083 0
 -72.000   36.000 -0.03418 2
 -72.000   37.000 -0.01810 26
 -72.000   38.000 -0.02455 8
 -72.000   39.000  0.00251 6
 -72.000   40.000  0.01199 10
 -72.000   41.000  0.02882 7
 -72.000   42.000  0.04405 3
 -72.000   43.000  0.05938 7
 -72.000   44.000  0.05283 4
 -72.000   45.000  0.05281 6
 -72.000   46.000  0.04188 12
 -72.000   47.000  0.02431 4
 -72.000   48.000  0.02631 10
 -72.000   49.000  0.01611 19
 -72.000   50.000  0.00798 13
 -71.000   25.000  0.00000 0
 -71.000   26.000  0.00000 0
 -71.000   27.000  0.00000 0
 -71.000   28.000 -0.01055 0
 -71.000   29.000 -0.00378 0
 -71.000   30.000  0.00115 1
 -71.000   31.000  0.00115 2
 -71.000   32.000 -0.01326 4
 -71.000   33.000 -0.00592 0
 -71.000   34.000 -0.01929 2
 -71.000   35.000 -0.01583 0
 -71.000   36.000 -0.02221 1
 -71.000   37.000 -0.01583 4
 -71.000   38.000 -0.02962 9
 -71.000   39.000 -0.00336 5
 -71.000   40.000 -0.00038 9
 -71.000   41.000  0.01495 7
 -71.000   42.000  0.03699 7
 -71.000   43.000  0.05415 8
 -71.000   44.000  0.04839 5
 -71.000   45.000  0.04652 4
 -71.000   46.000  0.03906 5
 -71.000   47.000  0.02192 5
 -71.000   48.000  0.02770 5
 -71.000   49.000  0.01724 12
 -71.000   50.000  0.00715 16
 -70.000   25.000  0.00000 0
 -70.000   26.000  0.00000 0
 -70.000   27.000  0.00000 0
 -70.000   28.000 -0.00707 0
 -70.000   29.000 -0.00080 0
 -70.000   30.000  0.00421 1
 -70.000   31.000  0.00421 0
 -70.000   32.000 -0.00528 0
 -70.000   33.000  0.00179 0
 -70.000   34.000 -0.01230 0
 -70.000   35.000 -0.00160 0
 -70.000   36.000 -0.00973 1
 -70.000   37.000 -0.01126 5
 -70.000   38.000 -0.03292 2
 -70.000   39.000 -0.01640 8
 -70.000   40.000 -0.02044 4
 -70.000   41.000 -0.01152 5
 -70.000   42.000  0.00810 3
 -70.000   43.000  0.02511 4
 -70.000   44.000  0.03578 6
 -70.000   45.000  0.02918 5
 -70.000   46.000  0.02792 3
 -70.000   47.000  0.01267 4
 -70.000   48.000  0.01292 3
 -70.000   49.000 -0.00807 17
 -70.000   50.000 -0.01920 7
 -69.000   25.000  0.00000 0
 -69.000   26.000  0.00000 0
 -69.000   27.000  0.00000 0
 -69.000   28.000 -0.00707 0
 -69.000   29.000 -0.00214 0
 -69.000   30.000 -0.00244 0
 -69.000   31.000 -0.00244 0
 -69.000   32.000 -0.01193 0
 -69.000   33.000 -0.00486 0
 -69.000   34.000 -0.02091 0
 -69.000   35.000  0.00296 0
 -69.000   36.000  0.00085 0
 -69.000   37.000 -0.00218 1
 -69.000   38.000 -0.03612 6
 -69.000   39.000 -0.02138 8
 -69.000   40.000 -0.03304 6
 -69.000   41.000 -0.03350 5
 -69.000   42.000 -0.01865 1
 -69.000   43.000  0.00196 1
 -69.000   44.000  0.01218 4
 -69.000   45.000 -0.00284 5
 -69.000   46.000 -0.00563 3
 -69.000   47.000 -0.01757 4
 -69.000   48.000 -0.01621 7
 -69.000   49.000 -0.03755 5
 -69.000   50.000 -0.04490 4
 -68.000   25.000  0.00000 0
 -68.000   26.000  0.00000 0
 -68.000   27.000  0.00000 0
 -68.000   28.000 -0.00385 0
 -68.000   29.000 -0.00385 0
 -68.000   30.000 -0.00385 0
 -68.000   31.000 -0.00385 0
 -68.000   32.000 -0.00385 0
 -68.000   33.000  0.00000 0
 -68.000   34.000 -0.00412 0
 -68.000   35.000  0.01772 0
 -68.000   36.000  0.01861 0
 -68.000   37.000  0.00626 2
 -68.000   38.000 -0.02213 1
 -68.000   39.000 -0.02117 2
 -68.000   40.000 -0.03760 5
 -68.000   41.000 -0.04180 3
 -68.000   42.000 -0.03028 1
 -68.000   43.000 -0.01815 4
 -68.000   44.000 -0.00709 8
 -68.000   45.000 -0.02697 2
 -68.000   46.000 -0.03356 1
 -68.000   47.000 -0.04178 4
 -68.000   48.000 -0.03982 4
 -68.000   49.000 -0.05965 8
 -68.000   50.000 -0.05541 5
 -67.000   25.000  0.00000 0
 -67.000   26.000  0.00000 0
 -67.000   27.000  0.00000 0
 -67.000   28.000  0.00000 0
 -67.000   29.000  0.00000 0
 -67.000   30.000  0.00000 0
 -67.000   31.000  0.00000 0
 -67.000   32.000  0.00000 0
 -67.000   33.000  0.00000 0
 -67.000   34.000  0.00000 0
 -67.000   35.000  0.01892 0
 -67.000   36.000  0.01597 0
 -67.000   37.000  0.00689 1
 -67.000   38.000 -0.02007 2
 -67.000   39.000 -0.02516 3
 -67.000   40.000 -0.04070 1
 -67.000   41.000 -0.04504 5
 -67.000   42.000 -0.04117 2
 -67.000   43.000 -0.03073 6
 -67.000   44.000 -0.02482 0
 -67.000   45.000 -0.04407 2
 -67.000   46.000 -0.04888 1
 -67.000   47.000 -0.05626 2
 -67.000   48.000 -0.05702 6
 -67.000   49.000 -0.07231 6
 -67.000   50.000 -0.06996 3
 -66.000   25.000  0.00000 0
 -66.000   26.000  0.00000 0
 -66.000   27.000  0.00000 0
 -66.000   28.000  0.00000 0
 -66.000   29.000  0.00000 0
 -66.000   30.000  0.00000 0
 -66.000   31.000  0.00000 0
 -66.000   32.000  0.00000 0
 -66.000   33.000  0.00000 0
 -66.000   34.000  0.00000 0
 -66.000   35.000  0.01269 0
 -66.000   36.000  0.01114 0
 -66.000   37.000  0.00903 0
 -66.000   38.000 -0.01476 0
 -66.000   39.000 -0.02399 0
 -66.000   40.000 -0.03571 0
 -66.000   41.000 -0.04283 3
 -66.000   42.000 -0.04635 8
 -66.000   43.000 -0.03961 3
 -66.000   44.000 -0.03156 0
 -66.000   45.000 -0.05306 2
 -66.000   46.000 -0.05911 1
 -66.000   47.000 -0.06795 2
 -66.000   48.000 -0.07487 3
 -66.000   49.000 -0.09211 5
 -66.000   50.000 -0.08859 6
 -65.000   25.000  0.00000 0
 -65.000   26.000  0.00000 0
 -65.000   27.000  0.00000 0
 -65.000   28.000  0.00000 0
 -65.000   29.000  0.00000 0
 -65.000   30.000  0.00000 0
 -65.000   31.000  0.00000 0
 -65.000   32.000  0.00000 0
 -65.000   33.000  0.00000 0
 -65.000   34.000  0.00000 0
 -65.000   35.000  0.00961 0
 -65.000   36.000  0.01477 0
 -65.000   37.000  0.01536 0
 -65.000   38.000 -0.00799 0
 -65.000   39.000 -0.01812 0
 -65.000   40.000 -0.03571 1
 -65.000   41.000 -0.04874 7
 -65.000   42.000 -0.05331 0
 -65.000   43.000 -0.04713 0
 -65.000   44.000 -0.04731 1
 -65.000   45.000 -0.06139 1
 -65.000   46.000 -0.07218 3
 -65.000   47.000 -0.08335 3
 -65.000   48.000 -0.08335 1
 -65.000   49.000 -0.09130 4
 -65.000   50.000 -0.08497 4
