-130.000   25.000  0.00000 0
-130.000   26.000  0.00000 0
-130.000   27.000  0.00000 0
-130.000   28.000  0.00000 0
-130.000   29.000  0.00000 0
-130.000   30.000  0.00000 0
-130.000   31.000  0.00000 0
-130.000   32.000  0.00000 0
-130.000   33.000  0.00000 0
-130.000   34.000  0.00000 0
-130.000   35.000  0.00000 0
-130.000   36.000 -0.00038 0
-130.000   37.000  0.00244 0
-130.000   38.000  0.00317 0
-130.000   39.000 -0.00505 0
-130.000   40.000 -0.00564 0
-130.000   41.000 -0.00486 0
-130.000   42.000 -0.00910 0
-130.000   43.000 -0.01048 0
-130.000   44.000 -0.00501 0
-130.000   45.000 -0.00147 0
-130.000   46.000 -0.00173 0
-130.000   47.000  0.00202 2
-130.000   48.000  0.01411 3
-130.000   49.000  0.02107 1
-130.000   50.000  0.02317 0
-129.000   25.000  0.00000 0
-129.000   26.000  0.00000 0
-129.000   27.000  0.00000 0
-129.000   28.000  0.00000 0
-129.000   29.000  0.00000 0
-129.000   30.000  0.00000 0
-129.000   31.000  0.00000 0
-129.000   32.000  0.00000 0
-129.000   33.000  0.00522 0
-129.000   34.000  0.00924 0
-129.000   35.000  0.01016 0
-129.000   36.000  0.00822 0
-129.000   37.000  0.00880 0
-129.000   38.000  0.00334 0
-129.000   39.000 -0.00757 0
-129.000   40.000 -0.00881 0
-129.000   41.000 -0.00736 1
-129.000   42.000 -0.00992 2
-129.000   43.000 -0.01238 1
-129.000   44.000 -0.00837 4
-129.000   45.000 -0.00646 7
-129.000   46.000 -0.00525 4
-129.000   47.000 -0.00410 4
-129.000   48.000  0.00581 17
-129.000   49.000  0.01086 2
-129.000   50.000  0.01184 3
-128.000   25.000  0.00000 0
-128.000   26.000  0.00000 0
-128.000   27.000  0.00000 0
-128.000   28.000  0.00000 0
-128.000   29.000  0.00000 0
-128.000   30.000  0.00000 0
-128.000   31.000  0.00000 0
-128.000   32.000  0.00000 0
-128.000   33.000  0.00545 0
-128.000   34.000  0.00913 0
-128.000   35.000  0.00787 0
-128.000   36.000  0.00643 0
-128.000   37.000  0.00642 0
-128.000   38.000 -0.00030 5
-128.000   39.000 -0.00993 8
-128.000   40.000 -0.01084 22
-128.000   41.000 -0.01174 37
-128.000   42.000 -0.01413 31
-128.000   43.000 -0.01573 26
-128.000   44.000 -0.01200 29
-128.000   45.000 -0.00886 31
-128.000   46.000 -0.00555 35
-128.000   47.000 -0.00450 45
-128.000   48.000  0.00403 26
-128.000   49.000  0.00780 26
-128.000   50.000  0.00879 4
-127.000   25.000  0.00000 0
-127.000   26.000  0.00000 0
-127.000   27.000  0.00000 0
-127.000   28.000  0.00000 0
-127.000   29.000  0.00000 0
-127.000   30.000  0.00000 0
-127.000   31.000  0.00242 0
-127.000   32.000  0.00465 0
-127.000   33.000  0.00976 0
-127.000   34.000  0.01257 0
-127.000   35.000  0.01119 6
-127.000   36.000  0.00858 4
-127.000   37.000  0.00572 10
-127.000   38.000 -0.00115 21
-127.000   39.000 -0.01082 25
-127.000   40.000 -0.01103 58
-127.000   41.000 -0.01372 64
-127.000   42.000 -0.01613 78
-127.000   43.000 -0.01856 61
-127.000   44.000 -0.01349 84
-127.000   45.000 -0.01290 84
-127.000   46.000 -0.00947 89
-127.000   47.000 -0.00868 66
-127.000   48.000  0.00310 50
-127.000   49.000  0.00611 59
-127.000   50.000  0.00983 19
-126.000   25.000  0.00000 0
-126.000   26.000  0.00000 0
-126.000   27.000  0.00000 0
-126.000   28.000  0.00000 0
-126.000   29.000 -0.00127 0
-126.000   30.000 -0.00349 0
-126.000   31.000 -0.00066 0
-126.000   32.000  0.00232 0
-126.000   33.000  0.00892 0
-126.000   34.000  0.01157 0
-126.000   35.000  0.01194 11
-126.000   36.000  0.00919 15
-126.000   37.000  0.00469 21
-126.000   38.000 -0.00452 47
-126.000   39.000 -0.00930 62
-126.000   40.000 -0.01224 64
-126.000   41.000 -0.01817 45
-126.000   42.000 -0.01838 67
-126.000   43.000 -0.02030 46
-126.000   44.000 -0.01868 56
-126.000   45.000 -0.01549 84
-126.000   46.000 -0.00784 87
-126.000   47.000 -0.01104 67
-126.000   48.000 -0.00326 45
-126.000   49.000 -0.00186 33
-126.000   50.000  0.00021 18
-125.000   25.000  0.00000 0
-125.000   26.000  0.00000 0
-125.000   27.000  0.00000 0
-125.000   28.000  0.00000 0
-125.000   29.000 -0.00250 0
-125.000   30.000 -0.00497 0
-125.000   31.000 -0.00145 0
-125.000   32.000  0.00170 0
-125.000   33.000  0.00821 1
-125.000   34.000  0.01123 18
-125.000   35.000  0.01214 18
-125.000   36.000  0.00917 18
-125.000   37.000  0.00248 32
-125.000   38.000 -0.00848 63
-125.000   39.000 -0.01192 74
-125.000   40.000 -0.01426 45
-125.000   41.000 -0.01764 52
-125.000   42.000 -0.01601 41
-125.000   43.000 -0.01656 56
-125.000   44.000 -0.01499 60
-125.000   45.000 -0.01101 50
-125.000   46.000 -0.00546 45
-125.000   47.000 -0.00927 44
-125.000   48.000 -0.00147 28
-125.000   49.000 -0.00014 21
-125.000   50.000 -0.00032 24
-124.000   25.000  0.00000 0
-124.000   26.000  0.00000 0
-124.000   27.000  0.00000 0
-124.000   28.000  0.00200 0
-124.000   29.000 -0.00205 0
-124.000   30.000 -0.00446 0
-124.000   31.000 -0.00060 1
-124.000   32.000  0.00363 8
-124.000   33.000  0.00350 16
-124.000   34.000  0.00307 22
-124.000   35.000  0.00247 32
-124.000   36.000  0.00037 44
-124.000   37.000 -0.00738 75
-124.000   38.000 -0.01248 63
-124.000   39.000 -0.00881 44
-124.000   40.000 -0.00980 48
-124.000   41.000 -0.01438 35
-124.000   42.000 -0.01207 30
-124.000   43.000 -0.01135 30
-124.000   44.000 -0.01130 40
-124.000   45.000 -0.00678 39
-124.000   46.000 -0.00248 31
-124.000   47.000 -0.00300 41
-124.000   48.000  0.00418 24
-124.000   49.000  0.00618 17
-124.000   50.000  0.00737 19
-123.000   25.000  0.00000 0
-123.000   26.000  0.00000 0
-123.000   27.000  0.00000 0
-123.000   28.000 -0.00105 0
-123.000   29.000 -0.00589 0
-123.000   30.000 -0.00874 0
-123.000   31.000 -0.00415 14
-123.000   32.000  0.00073 34
-123.000   33.000  0.00180 35
-123.000   34.000  0.00178 27
-123.000   35.000  0.00245 69
-123.000   36.000 -0.00247 99
-123.000   37.000 -0.01060 79
-123.000   38.000 -0.01190 62
-123.000   39.000 -0.00571 35
-123.000   40.000 -0.00502 38
-123.000   41.000 -0.00558 23
-123.000   42.000 -0.00222 39
-123.000   43.000 -0.00240 22
-123.000   44.000 -0.00303 42
-123.000   45.000 -0.00093 55
-123.000   46.000  0.00289 50
-123.000   47.000  0.00246 48
-123.000   48.000  0.00977 30
-123.000   49.000  0.01133 13
-123.000   50.000  0.01410 24
-122.000   25.000  0.00000 0
-122.000   26.000  0.00000 0
-122.000   27.000  0.00000 0
-122.000   28.000 -0.00233 0
-122.000   29.000 -0.00819 0
-122.000   30.000 -0.01128 1
-122.000   31.000 -0.00880 37
-122.000   32.000 -0.00511 80
-122.000   33.000 -0.00309 99
-122.000   34.000 -0.00095 71
-122.000   35.000 -0.00006 112
-122.000   36.000 -0.00421 264
-122.000   37.000 -0.01035 95
-122.000   38.000 -0.01071 47
-122.000   39.000 -0.00463 42
-122.000   40.000 -0.00374 57
-122.000   41.000 -0.00366 59
-122.000   42.000 -0.00105 59
-122.000   43.000 -0.00130 32
-122.000   44.000 -0.00185 64
-122.000   45.000  0.00013 54
-122.000   46.000  0.00410 71
-122.000   47.000  0.00354 84
-122.000   48.000  0.00987 37
-122.000   49.000  0.01007 26
-122.000   50.000  0.01231 15
-121.000   25.000  0.00000 0
-121.000   26.000  0.00000 0
-121.000   27.000 -0.00750 0
-121.000   28.000 -0.00927 0
-121.000   29.000 -0.01383 0
-121.000   30.000 -0.01573 16
-121.000   31.000 -0.01342 62
-121.000   32.000 -0.00161 107
-121.000   33.000 -0.00201 75
-121.000   34.000  0.00021 94
-121.000   35.000  0.00043 163
-121.000   36.000 -0.00477 158
-121.000   37.000 -0.01159 81
-121.000   38.000 -0.00854 96
-121.000   39.000 -0.00176 54
-121.000   40.000  0.00332 91
-121.000   41.000  0.00530 78
-121.000   42.000  0.00946 83
-121.000   43.000  0.00753 69
-121.000   44.000  0.00581 90
-121.000   45.000  0.00398 111
-121.000   46.000  0.00701 94
-121.000   47.000  0.00401 65
-121.000   48.000  0.01121 35
-121.000   49.000  0.01061 13
-121.000   50.000  0.01152 28
-120.000   25.000  0.00000 0
-120.000   26.000  0.00000 0
-120.000   27.000 -0.00115 0
-120.000   28.000 -0.00202 0
-120.000   29.000 -0.00471 0
-120.000   30.000 -0.00727 31
-120.000   31.000 -0.00601 124
-120.000   32.000  0.00023 87
-120.000   33.000 -0.00204 131
-120.000   34.000 -0.00040 108
-120.000   35.000 -0.00085 296
-120.000   36.000 -0.00589 170
-120.000   37.000 -0.01200 126
-120.000   38.000 -0.00663 122
-120.000   39.000  0.00016 69
-120.000   40.000  0.00735 76
-120.000   41.000  0.00913 103
-120.000   42.000  0.01245 162
-120.000   43.000  0.01077 190
-120.000   44.000  0.00872 111
-120.000   45.000  0.00648 119
-120.000   46.000  0.01393 81
-120.000   47.000  0.01237 82
-120.000   48.000  0.01721 32
-120.000   49.000  0.01692 15
-120.000   50.000  0.01932 14
-119.000   25.000  0.00000 0
-119.000   26.000  0.00000 0
-119.000   27.000 -0.00282 0
-119.000   28.000 -0.00489 0
-119.000   29.000 -0.00708 1
-119.000   30.000 -0.01038 22
-119.000   31.000 -0.01046 144
-119.000   32.000 -0.00187 75
-119.000   33.000 -0.00157 52
-119.000   34.000  0.00120 91
-119.000   35.000  0.00209 163
-119.000   36.000 -0.00163 100
-119.000   37.000 -0.00810 105
-119.000   38.000 -0.00425 119
-119.000   39.000 -0.00100 100
-119.000   40.000  0.00738 110
-119.000   41.000  0.01165 76
-119.000   42.000  0.01583 187
-119.000   43.000  0.01542 169
-119.000   44.000  0.01529 83
-119.000   45.000  0.01273 116
-119.000   46.000  0.02057 89
-119.000   47.000  0.01538 38
-119.000   48.000  0.01999 19
-119.000   49.000  0.02035 25
-119.000   50.000  0.02144 18
-118.000   25.000  0.00000 0
-118.000   26.000  0.00314 0
-118.000   27.000 -0.00074 0
-118.000   28.000  0.00122 0
-118.000   29.000  0.00043 4
-118.000   30.000 -0.00257 55
-118.000   31.000 -0.00567 93
-118.000   32.000  0.00149 96
-118.000   33.000 -0.00275 69
-118.000   34.000 -0.00299 55
-118.000   35.000 -0.00193 179
-118.000   36.000 -0.00347 81
-118.000   37.000 -0.00754 72
-118.000   38.000 -0.00542 69
-118.000   39.000 -0.00217 54
-118.000   40.000  0.00713 46
-118.000   41.000  0.01277 71
-118.000   42.000  0.01849 64
-118.000   43.000  0.02094 85
-118.000   44.000  0.02146 63
-118.000   45.000  0.01998 96
-118.000   46.000  0.02585 67
-118.000   47.000  0.01924 45
-118.000   48.000  0.02408 23
-118.000   49.000  0.02669 21
-118.000   50.000  0.02577 12
-117.000   25.000  0.00000 0
-117.000   26.000  0.00318 0
-117.000   27.000 -0.00178 0
-117.000   28.000  0.00125 0
-117.000   29.000  0.00226 15
-117.000   30.000 -0.00088 124
-117.000   31.000 -0.00398 100
-117.000   32.000  0.00322 93
-117.000   33.000 -0.00108 87
-117.000   34.000 -0.00341 52
-117.000   35.000 -0.00128 91
-117.000   36.000 -0.00207 74
-117.000   37.000 -0.00625 75
-117.000   38.000 -0.00613 57
-117.000   39.000 -0.00497 32
-117.000   40.000  0.00320 32
-117.000   41.000  0.00952 55
-117.000   42.000  0.01782 87
-117.000   43.000  0.02283 89
-117.000   44.000  0.02577 63
-117.000   45.000  0.02525 55
-117.000   46.000  0.03100 50
-117.000   47.000  0.02406 46
-117.000   48.000  0.02690 19
-117.000   49.000  0.03013 17
-117.000   50.000  0.02910 15
-116.000   25.000  0.00000 0
-116.000   26.000  0.00579 0
-116.000   27.000  0.00878 0
-116.000   28.000  0.01019 3
-116.000   29.000  0.01121 17
-116.000   30.000  0.00946 80
-116.000   31.000  0.00446 208
-116.000   32.000  0.00254 110
-116.000   33.000  0.00211 76
-116.000   34.000  0.00159 80
-116.000   35.000  0.00165 93
-116.000   36.000  0.00128 81
-116.000   37.000 -0.00197 78
-116.000   38.000 -0.00490 107
-116.000   39.000 -0.00527 41
-116.000   40.000  0.00310 42
-116.000   41.000  0.00881 44
-116.000   42.000  0.01703 63
-116.000   43.000  0.02300 46
-116.000   44.000  0.02587 53
-116.000   45.000  0.02677 43
-116.000   46.000  0.03341 42
-116.000   47.000  0.03053 25
-116.000   48.000  0.03147 21
-116.000   49.000  0.03559 13
-116.000   50.000  0.03483 17
-115.000   25.000  0.00000 0
-115.000   26.000  0.00292 0
-115.000   27.000  0.00230 0
-115.000   28.000  0.00254 1
-115.000   29.000  0.00292 16
-115.000   30.000  0.00354 185
-115.000   31.000  0.00216 193
-115.000   32.000  0.00423 120
-115.000   33.000  0.00658 108
-115.000   34.000  0.00530 73
-115.000   35.000  0.00495 86
-115.000   36.000  0.00352 71
-115.000   37.000  0.00087 71
-115.000   38.000 -0.00209 63
-115.000   39.000  0.00163 33
-115.000   40.000  0.00958 36
-115.000   41.000  0.01535 48
-115.000   42.000  0.02297 88
-115.000   43.000  0.02749 50
-115.000   44.000  0.02609 55
-115.000   45.000  0.02393 78
-115.000   46.000  0.02884 145
-115.000   47.000  0.02761 19
-115.000   48.000  0.03013 15
-115.000   49.000  0.03591 10
-115.000   50.000  0.03777 14
-114.000   25.000  0.00000 0
-114.000   26.000  0.00292 0
-114.000   27.000  0.00540 0
-114.000   28.000  0.00454 1
-114.000   29.000  0.00597 47
-114.000   30.000  0.00759 218
-114.000   31.000  0.00656 86
-114.000   32.000  0.00359 93
-114.000   33.000  0.00672 76
-114.000   34.000  0.00388 71
-114.000   35.000  0.00227 72
-114.000   36.000 -0.00045 47
-114.000   37.000 -0.00087 80
-114.000   38.000 -0.00478 87
-114.000   39.000  0.00087 29
-114.000   40.000  0.00621 35
-114.000   41.000  0.01282 94
-114.000   42.000  0.02090 108
-114.000   43.000  0.02429 68
-114.000   44.000  0.02233 39
-114.000   45.000  0.02263 76
-114.000   46.000  0.02522 24
-114.000   47.000  0.02494 17
-114.000   48.000  0.03241 11
-114.000   49.000  0.03764 17
-114.000   50.000  0.04077 19
-113.000   25.000  0.00000 0
-113.000   26.000  0.00420 0
-113.000   27.000  0.00726 0
-113.000   28.000  0.00543 1
-113.000   29.000  0.00480 18
-113.000   30.000  0.00584 145
-113.000   31.000  0.00339 78
-113.000   32.000 -0.00059 59
-113.000   33.000  0.00618 58
-113.000   34.000  0.00696 50
-113.000   35.000  0.00587 69
-113.000   36.000  0.00303 54
-113.000   37.000  0.00406 193
-113.000   38.000 -0.00000 141
-113.000   39.000  0.00363 25
-113.000   40.000  0.00854 40
-113.000   41.000  0.01345 77
-113.000   42.000  0.01701 55
-113.000   43.000  0.01874 47
-113.000   44.000  0.01628 36
-113.000   45.000  0.01640 90
-113.000   46.000  0.01791 37
-113.000   47.000  0.02150 27
-113.000   48.000  0.02654 12
-113.000   49.000  0.03150 6
-113.000   50.000  0.03371 8
-112.000   25.000  0.00000 0
-112.000   26.000  0.00492 0
-112.000   27.000  0.00988 0
-112.000   28.000  0.00921 0
-112.000   29.000  0.00601 24
-112.000   30.000  0.00738 38
-112.000   31.000  0.00606 66
-112.000   32.000  0.00084 58
-112.000   33.000  0.00629 62
-112.000   34.000  0.00961 37
-112.000   35.000  0.00697 46
-112.000   36.000  0.00132 46
-112.000   37.000  0.00297 49
-112.000   38.000  0.00156 67
-112.000   39.000  0.00689 43
-112.000   40.000  0.01389 37
-112.000   41.000  0.02048 80
-112.000   42.000  0.02158 62
-112.000   43.000  0.01974 47
-112.000   44.000  0.01321 37
-112.000   45.000  0.01159 32
-112.000   46.000  0.01240 50
-112.000   47.000  0.01420 38
-112.000   48.000  0.01720 9
-112.000   49.000  0.02283 17
-112.000   50.000  0.02360 11
-111.000   25.000  0.00000 0
-111.000   26.000  0.00052 0
-111.000   27.000  0.00594 0
-111.000   28.000  0.00604 5
-111.000   29.000  0.00178 25
-111.000   30.000  0.00267 27
-111.000   31.000  0.00440 51
-111.000   32.000 -0.00300 36
-111.000   33.000  0.00011 37
-111.000   34.000  0.00238 47
-111.000   35.000  0.00217 50
-111.000   36.000 -0.00241 45
-111.000   37.000  0.00212 39
-111.000   38.000  0.00250 32
-111.000   39.000  0.00775 27
-111.000   40.000  0.01190 46
-111.000   41.000  0.01892 58
-111.000   42.000  0.01939 54
-111.000   43.000  0.01802 69
-111.000   44.000  0.01396 46
-111.000   45.000  0.01104 35
-111.000   46.000  0.00883 44
-111.000   47.000  0.00651 26
-111.000   48.000  0.00771 19
-111.000   49.000  0.01064 22
-111.000   50.000  0.01102 11
-110.000   25.000  0.00000 0
-110.000   26.000  0.00467 0
-110.000   27.000  0.00760 0
-110.000   28.000  0.00792 11
-110.000   29.000  0.00443 12
-110.000   30.000  0.00411 9
-110.000   31.000  0.00097 24
-110.000   32.000 -0.00550 46
-110.000   33.000 -0.00377 39
-110.000   34.000 -0.00092 37
-110.000   35.000 -0.00036 34
-110.000   36.000 -0.00333 79
-110.000   37.000  0.00009 34
-110.000   38.000  0.00076 47
-110.000   39.000  0.00057 40
-110.000   40.000  0.00183 80
-110.000   41.000  0.00903 44
-110.000   42.000  0.01157 51
-110.000   43.000  0.00993 55
-110.000   44.000  0.01090 25
-110.000   45.000  0.01285 56
-110.000   46.000  0.00794 43
-110.000   47.000  0.00384 18
-110.000   48.000  0.00455 13
-110.000   49.000  0.00553 18
-110.000   50.000  0.00159 7
-109.000   25.000  0.00000 0
-109.000   26.000  0.00345 0
-109.000   27.000  0.00586 0
-109.000   28.000  0.00917 2
-109.000   29.000  0.00763 15
-109.000   30.000  0.00757 22
-109.000   31.000  0.00621 54
-109.000   32.000 -0.00005 46
-109.000   33.000 -0.00180 23
-109.000   34.000  0.00020 24
-109.000   35.000  0.00173 34
-109.000   36.000 -0.00083 64
-109.000   37.000  0.00420 41
-109.000   38.000  0.00623 58
-109.000   39.000  0.00571 45
-109.000   40.000  0.00773 101
-109.000   41.000  0.01318 81
-109.000   42.000  0.01485 55
-109.000   43.000  0.01311 69
-109.000   44.000  0.01245 27
-109.000   45.000  0.01166 36
-109.000   46.000  0.00774 24
-109.000   47.000  0.00261 19
-109.000   48.000 -0.00066 8
-109.000   49.000  0.00008 11
-109.000   50.000 -0.00439 9
-108.000   25.000 -0.00004 0
-108.000   26.000 -0.00240 0
-108.000   27.000  0.00003 0
-108.000   28.000  0.00455 6
-108.000   29.000  0.00448 20
-108.000   30.000  0.00525 32
-108.000   31.000  0.00863 72
-108.000   32.000  0.00575 71
-108.000   33.000  0.00180 41
-108.000   34.000  0.00284 68
-108.000   35.000  0.00418 55
-108.000   36.000  0.00310 83
-108.000   37.000  0.00510 34
-108.000   38.000  0.00822 47
-108.000   39.000  0.00851 34
-108.000   40.000  0.01027 107
-108.000   41.000  0.01459 69
-108.000   42.000  0.01937 40
-108.000   43.000  0.01513 24
-108.000   44.000  0.01286 28
-108.000   45.000  0.01087 24
-108.000   46.000  0.00703 23
-108.000   47.000 -0.00155 21
-108.000   48.000 -0.00303 9
-108.000   49.000 -0.00252 20
-108.000   50.000 -0.00645 9
-107.000   25.000  0.00319 0
-107.000   26.000 -0.00188 0
-107.000   27.000  0.00081 0
-107.000   28.000  0.00513 38
-107.000   29.000  0.00835 19
-107.000   30.000  0.00773 29
-107.000   31.000  0.01150 33
-107.000   32.000  0.00999 56
-107.000   33.000  0.00713 39
-107.000   34.000  0.00560 55
-107.000   35.000  0.00673 73
-107.000   36.000  0.00801 63
-107.000   37.000  0.00846 60
-107.000   38.000  0.01056 38
-107.000   39.000  0.01198 68
-107.000   40.000  0.01190 57
-107.000   41.000  0.01595 42
-107.000   42.000  0.02282 66
-107.000   43.000  0.01991 45
-107.000   44.000  0.01586 35
-107.000   45.000  0.01464 39
-107.000   46.000  0.00932 35
-107.000   47.000  0.00149 24
-107.000   48.000  0.00201 13
-107.000   49.000  0.00460 23
-107.000   50.000  0.00304 20
-106.000   25.000  0.00093 0
-106.000   26.000  0.00376 0
-106.000   27.000  0.00246 5
-106.000   28.000  0.00966 24
-106.000   29.000  0.01210 44
-106.000   30.000  0.01506 30
-106.000   31.000  0.01363 84
-106.000   32.000  0.01938 52
-106.000   33.000  0.01409 49
-106.000   34.000  0.01208 62
-106.000   35.000  0.01232 67
-106.000   36.000  0.01433 63
-106.000   37.000  0.01107 66
-106.000   38.000  0.01205 26
-106.000   39.000  0.01462 34
-106.000   40.000  0.01585 44
-106.000   41.000  0.01887 91
-106.000   42.000  0.02555 73
-106.000   43.000  0.02209 36
-106.000   44.000  0.01511 32
-106.000   45.000  0.01442 30
-106.000   46.000  0.01067 32
-106.000   47.000  0.00500 37
-106.000   48.000  0.00704 25
-106.000   49.000  0.01206 22
-106.000   50.000  0.01121 13
-105.000   25.000  0.01687 0
-105.000   26.000  0.01389 15
-105.000   27.000  0.01319 3
-105.000   28.000  0.01265 8
-105.000   29.000  0.01252 20
-105.000   30.000  0.01163 60
-105.000   31.000  0.01199 25
-105.000   32.000  0.01602 42
-105.000   33.000  0.01441 62
-105.000   34.000  0.01455 72
-105.000   35.000  0.01539 46
-105.000   36.000  0.02004 72
-105.000   37.000  0.01607 57
-105.000   38.000  0.01461 43
-105.000   39.000  0.01753 58
-105.000   40.000  0.02062 45
-105.000   41.000  0.01976 117
-105.000   42.000  0.02532 80
-105.000   43.000  0.02245 37
-105.000   44.000  0.01447 25
-105.000   45.000  0.01156 34
-105.000   46.000  0.00911 29
-105.000   47.000  0.00361 22
-105.000   48.000  0.00475 10
-105.000   49.000  0.00982 17
-105.000   50.000  0.00920 12
-104.000   25.000  0.02949 0
-104.000   26.000  0.02440 12
-104.000   27.000  0.01928 2
-104.000   28.000  0.01643 13
-104.000   29.000  0.00951 29
-104.000   30.000  0.00596 58
-104.000   31.000  0.00586 31
-104.000   32.000  0.01336 30
-104.000   33.000  0.01161 27
-104.000   34.000  0.01250 57
-104.000   35.000  0.01470 48
-104.000   36.000  0.01952 54
-104.000   37.000  0.01459 58
-104.000   38.000  0.01358 58
-104.000   39.000  0.01708 41
-104.000   40.000  0.01972 31
-104.000   41.000  0.01853 60
-104.000   42.000  0.02198 51
-104.000   43.000  0.01789 49
-104.000   44.000  0.01134 41
-104.000   45.000  0.00796 32
-104.000   46.000  0.00367 27
-104.000   47.000  0.00055 23
-104.000   48.000  0.00228 9
-104.000   49.000  0.00665 19
-104.000   50.000  0.00692 13
-103.000   25.000  0.02858 1
-103.000   26.000  0.02320 3
-103.000   27.000  0.02136 20
-103.000   28.000  0.02002 36
-103.000   29.000  0.01243 47
-103.000   30.000  0.00658 58
-103.000   31.000  0.00827 26
-103.000   32.000  0.01225 35
-103.000   33.000  0.01273 26
-103.000   34.000  0.01210 61
-103.000   35.000  0.01535 50
-103.000   36.000  0.01940 35
-103.000   37.000  0.01592 46
-103.000   38.000  0.01406 28
-103.000   39.000  0.01868 36
-103.000   40.000  0.02055 32
-103.000   41.000  0.01728 52
-103.000   42.000  0.01757 42
-103.000   43.000  0.01401 36
-103.000   44.000  0.00911 45
-103.000   45.000  0.00452 38
-103.000   46.000  0.00052 25
-103.000   47.000 -0.00134 16
-103.000   48.000 -0.00066 17
-103.000   49.000  0.00155 18
-103.000   50.000  0.00327 22
-102.000   25.000  0.01363 15
-102.000   26.000  0.00997 3
-102.000   27.000  0.01038 16
-102.000   28.000  0.01503 60
-102.000   29.000  0.00721 52
-102.000   30.000 -0.00147 93
-102.000   31.000  0.00153 56
-102.000   32.000  0.00315 52
-102.000   33.000  0.00628 42
-102.000   34.000  0.00661 54
-102.000   35.000  0.01165 63
-102.000   36.000  0.01519 40
-102.000   37.000  0.01337 61
-102.000   38.000  0.01097 59
-102.000   39.000  0.01565 46
-102.000   40.000  0.01769 36
-102.000   41.000  0.01353 65
-102.000   42.000  0.01316 32
-102.000   43.000  0.01054 55
-102.000   44.000  0.00704 40
-102.000   45.000  0.00281 33
-102.000   46.000  0.00053 27
-102.000   47.000  0.00224 44
-102.000   48.000  0.00099 19
-102.000   49.000  0.00081 12
-102.000   50.000  0.00214 16
-101.000   25.000  0.01829 6
-101.000   26.000  0.00448 4
-101.000   27.000  0.00864 36
-101.000   28.000  0.00860 47
-101.000   29.000  0.00340 84
-101.000   30.000 -0.00748 82
-101.000   31.000  0.00123 67
-101.000   32.000  0.00070 49
-101.000   33.000  0.00770 72
-101.000   34.000  0.00699 44
-101.000   35.000  0.00916 51
-101.000   36.000  0.01275 36
-101.000   37.000  0.01012 65
-101.000   38.000  0.00913 42
-101.000   39.000  0.01262 48
-101.000   40.000  0.01472 46
-101.000   41.000  0.01194 55
-101.000   42.000  0.01003 28
-101.000   43.000  0.00750 43
-101.000   44.000  0.00666 35
-101.000   45.000  0.00370 39
-101.000   46.000 -0.00075 35
-101.000   47.000  0.00198 16
-101.000   48.000 -0.00003 10
-101.000   49.000 -0.00205 30
-101.000   50.000 -0.00241 13
-100.000   25.000 -0.01153 8
-100.000   26.000 -0.01816 19
-100.000   27.000 -0.01232 17
-100.000   28.000 -0.00257 25
-100.000   29.000 -0.00074 46
-100.000   30.000 -0.00482 32
-100.000   31.000  0.00592 51
-100.000   32.000  0.00792 43
-100.000   33.000  0.01099 81
-100.000   34.000  0.00628 63
-100.000   35.000  0.00747 58
-100.000   36.000  0.00635 40
-100.000   37.000  0.00491 55
-100.000   38.000  0.00603 37
-100.000   39.000  0.01225 51
-100.000   40.000  0.01292 47
-100.000   41.000  0.01371 55
-100.000   42.000  0.01034 33
-100.000   43.000  0.00709 43
-100.000   44.000  0.00592 38
-100.000   45.000  0.00212 60
-100.000   46.000 -0.00405 33
-100.000   47.000 -0.00072 19
-100.000   48.000 -0.00246 20
-100.000   49.000 -0.00562 5
-100.000   50.000 -0.00435 6
 -99.000   25.000 -0.02779 8
 -99.000   26.000 -0.02809 13
 -99.000   27.000 -0.01969 30
 -99.000   28.000 -0.00117 22
 -99.000   29.000  0.00442 46
 -99.000   30.000  0.00575 26
 -99.000   31.000  0.01501 44
 -99.000   32.000  0.01602 21
 -99.000   33.000  0.01578 50
 -99.000   34.000  0.01161 35
 -99.000   35.000  0.00814 64
 -99.000   36.000  0.00518 53
 -99.000   37.000  0.00325 58
 -99.000   38.000  0.00386 38
 -99.000   39.000  0.00680 51
 -99.000   40.000  0.01000 39
 -99.000   41.000  0.01286 56
 -99.000   42.000  0.01000 25
 -99.000   43.000  0.00715 40
 -99.000   44.000  0.00850 48
 -99.000   45.000  0.00315 40
 -99.000   46.000 -0.00265 24
 -99.000   47.000 -0.00172 23
 -99.000   48.000 -0.00515 15
 -99.000   49.000 -0.00900 24
 -99.000   50.000 -0.00934 21
 -98.000   25.000 -0.02619 19
 -98.000   26.000 -0.02199 26
 -98.000   27.000 -0.01673 26
 -98.000   28.000 -0.00102 17
 -98.000   29.000  0.00533 34
 -98.000   30.000  0.01047 19
 -98.000   31.000  0.01632 46
 -98.000   32.000  0.02111 47
 -98.000   33.000  0.01803 54
 -98.000   34.000  0.01367 49
 -98.000   35.000  0.00922 53
 -98.000   36.000  0.00551 39
 -98.000   37.000  0.00079 51
 -98.000   38.000  0.00225 98
 -98.000   39.000  0.00503 28
 -98.000   40.000  0.00646 48
 -98.000   41.000  0.01134 18
 -98.000   42.000  0.01036 49
 -98.000   43.000  0.00897 57
 -98.000   44.000  0.00726 41
 -98.000   45.000  0.00400 44
 -98.000   46.000 -0.00085 30
 -98.000   47.000 -0.00124 25
 -98.000   48.000 -0.00576 15
 -98.000   49.000 -0.00726 16
 -98.000   50.000 -0.00740 8
 -97.000   25.000 -0.01588 15
 -97.000   26.000 -0.01155 19
 -97.000   27.000 -0.01012 50
 -97.000   28.000  0.00105 30
 -97.000   29.000  0.00856 30
 -97.000   30.000  0.01604 13
 -97.000   31.000  0.02103 35
 -97.000   32.000  0.02852 24
 -97.000   33.000  0.01938 91
 -97.000   34.000  0.01379 53
 -97.000   35.000  0.00884 60
 -97.000   36.000  0.00443 27
 -97.000   37.000  0.00046 56
 -97.000   38.000  0.00181 63
 -97.000   39.000  0.00460 56
 -97.000   40.000  0.00675 31
 -97.000   41.000  0.01096 43
 -97.000   42.000  0.00882 39
 -97.000   43.000  0.00754 39
 -97.000   44.000  0.00569 52
 -97.000   45.000  0.00350 36
 -97.000   46.000 -0.00307 34
 -97.000   47.000 -0.00691 17
 -97.000   48.000 -0.01136 21
 -97.000   49.000 -0.01259 10
 -97.000   50.000 -0.01529 10
 -96.000   25.000 -0.01843 12
 -96.000   26.000 -0.00967 13
 -96.000   27.000 -0.00625 24
 -96.000   28.000  0.00743 28
 -96.000   29.000  0.01356 36
 -96.000   30.000  0.01865 27
 -96.000   31.000  0.02449 26
 -96.000   32.000  0.02721 21
 -96.000   33.000  0.01611 42
 -96.000   34.000  0.01222 36
 -96.000   35.000  0.01013 45
 -96.000   36.000  0.00186 58
 -96.000   37.000  0.00065 44
 -96.000   38.000  0.00268 50
 -96.000   39.000  0.00576 37
 -96.000   40.000  0.00889 71
 -96.000   41.000  0.01212 33
 -96.000   42.000  0.01094 44
 -96.000   43.000  0.01038 39
 -96.000   44.000  0.00839 41
 -96.000   45.000  0.00432 33
 -96.000   46.000 -0.00021 37
 -96.000   47.000 -0.00622 35
 -96.000   48.000 -0.01142 21
 -96.000   49.000 -0.01298 37
 -96.000   50.000 -0.01353 17
 -95.000   25.000  0.01041 7
 -95.000   26.000  0.01351 9
 -95.000   27.000  0.01172 29
 -95.000   28.000  0.02532 10
 -95.000   29.000  0.01750 9
 -95.000   30.000  0.01869 13
 -95.000   31.000  0.02217 24
 -95.000   32.000  0.02689 28
 -95.000   33.000  0.01419 31
 -95.000   34.000  0.01320 31
 -95.000   35.000  0.00953 33
 -95.000   36.000  0.00311 49
 -95.000   37.000 -0.00038 44
 -95.000   38.000  0.00107 53
 -95.000   39.000  0.00393 26
 -95.000   40.000  0.00834 49
 -95.000   41.000  0.01039 42
 -95.000   42.000  0.01137 53
 -95.000   43.000  0.01316 22
 -95.000   44.000  0.01084 21
 -95.000   45.000  0.00791 26
 -95.000   46.000  0.00293 27
 -95.000   47.000 -0.00414 19
 -95.000   48.000 -0.00967 29
 -95.000   49.000 -0.01067 25
 -95.000   50.000 -0.01225 28
 -94.000   25.000  0.01436 0
 -94.000   26.000  0.01449 9
 -94.000   27.000  0.01119 23
 -94.000   28.000  0.01703 35
 -94.000   29.000  0.00901 24
 -94.000   30.000  0.00846 22
 -94.000   31.000  0.01496 25
 -94.000   32.000  0.02179 50
 -94.000   33.000  0.01467 26
 -94.000   34.000  0.01496 40
 -94.000   35.000  0.01170 22
 -94.000   36.000  0.00407 24
 -94.000   37.000  0.00065 43
 -94.000   38.000  0.00125 28
 -94.000   39.000  0.00594 23
 -94.000   40.000  0.00851 47
 -94.000   41.000  0.00898 44
 -94.000   42.000  0.00962 37
 -94.000   43.000  0.01289 25
 -94.000   44.000  0.00794 34
 -94.000   45.000  0.00692 16
 -94.000   46.000  0.00306 18
 -94.000   47.000 -0.00214 13
 -94.000   48.000 -0.00685 15
 -94.000   49.000 -0.00551 7
 -94.000   50.000 -0.00590 9
 -93.000   25.000  0.02680 0
 -93.000   26.000  0.02148 6
 -93.000   27.000  0.01574 24
 -93.000   28.000  0.02361 23
 -93.000   29.000  0.01250 18
 -93.000   30.000  0.00403 26
 -93.000   31.000  0.01033 19
 -93.000   32.000  0.01586 25
 -93.000   33.000  0.00893 24
 -93.000   34.000  0.01030 45
 -93.000   35.000  0.00797 29
 -93.000   36.000  0.00181 26
 -93.000   37.000  0.00020 19
 -93.000   38.000 -0.00174 30
 -93.000   39.000  0.00165 32
 -93.000   40.000  0.00490 42
 -93.000   41.000  0.00376 32
 -93.000   42.000  0.00446 32
 -93.000   43.000  0.00812 26
 -93.000   44.000  0.00442 27
 -93.000   45.000  0.00363 31
 -93.000   46.000 -0.00059 21
 -93.000   47.000 -0.00616 14
 -93.000   48.000 -0.00856 15
 -93.000   49.000 -0.00679 13
 -93.000   50.000 -0.00897 16
 -92.000   25.000  0.03697 0
 -92.000   26.000  0.03086 2
 -92.000   27.000  0.02534 9
 -92.000   28.000  0.02962 10
 -92.000   29.000  0.00894 12
 -92.000   30.000  0.00322 18
 -92.000   31.000  0.00623 22
 -92.000   32.000  0.01028 24
 -92.000   33.000  0.00866 28
 -92.000   34.000  0.01340 50
 -92.000   35.000  0.01012 37
 -92.000   36.000  0.00522 48
 -92.000   37.000  0.00213 30
 -92.000   38.000 -0.00040 39
 -92.000   39.000  0.00045 27
 -92.000   40.000  0.00246 56
 -92.000   41.000  0.00176 40
 -92.000   42.000  0.00241 59
 -92.000   43.000  0.00690 25
 -92.000   44.000  0.00495 26
 -92.000   45.000  0.00330 24
 -92.000   46.000  0.00042 22
 -92.000   47.000 -0.00386 10
 -92.000   48.000 -0.00596 9
 -92.000   49.000 -0.00434 19
 -92.000   50.000 -0.00411 6
 -91.000   25.000  0.04179 0
 -91.000   26.000  0.03224 2
 -91.000   27.000  0.02498 3
 -91.000   28.000  0.03108 2
 -91.000   29.000  0.00896 9
 -91.000   30.000  0.00440 9
 -91.000   31.000  0.00803 14
 -91.000   32.000  0.01280 15
 -91.000   33.000  0.00881 25
 -91.000   34.000  0.01146 42
 -91.000   35.000  0.01004 45
 -91.000   36.000  0.00580 55
 -91.000   37.000  0.00239 44
 -91.000   38.000 -0.00194 23
 -91.000   39.000 -0.00091 30
 -91.000   40.000 -0.00302 63
 -91.000   41.000 -0.00350 59
 -91.000   42.000 -0.00188 45
 -91.000   43.000  0.00627 30
 -91.000   44.000  0.00331 25
 -91.000   45.000  0.00303 20
 -91.000   46.000  0.00149 12
 -91.000   47.000  0.00060 12
 -91.000   48.000  0.00109 16
 -91.000   49.000  0.00579 10
 -91.000   50.000  0.00966 0
 -90.000   25.000  0.02331 0
 -90.000   26.000  0.01319 1
 -90.000   27.000  0.01122 6
 -90.000   28.000  0.01743 8
 -90.000   29.000  0.00562 5
 -90.000   30.000  0.00420 9
 -90.000   31.000  0.01106 3
 -90.000   32.000  0.01234 20
 -90.000   33.000  0.01177 32
 -90.000   34.000  0.01324 46
 -90.000   35.000  0.01328 40
 -90.000   36.000  0.00940 39
 -90.000   37.000  0.00683 45
 -90.000   38.000 -0.00160 47
 -90.000   39.000 -0.00384 48
 -90.000   40.000 -0.00643 93
 -90.000   41.000 -0.00824 38
 -90.000   42.000 -0.00718 30
 -90.000   43.000  0.00051 33
 -90.000   44.000 -0.00119 39
 -90.000   45.000  0.00003 12
 -90.000   46.000  0.00027 14
 -90.000   47.000  0.00168 19
 -90.000   48.000  0.00637 6
 -90.000   49.000  0.01229 15
 -90.000   50.000  0.01568 0
 -89.000   25.000  0.02619 0
 -89.000   26.000  0.01816 4
 -89.000   27.000  0.01887 4
 -89.000   28.000  0.02499 10
 -89.000   29.000  0.01623 5
 -89.000   30.000  0.01228 6
 -89.000   31.000  0.01477 12
 -89.000   32.000  0.01301 10
 -89.000   33.000  0.01249 35
 -89.000   34.000  0.01253 50
 -89.000   35.000  0.01406 45
 -89.000   36.000  0.01354 50
 -89.000   37.000  0.00873 45
 -89.000   38.000  0.00059 46
 -89.000   39.000 -0.00498 82
 -89.000   40.000 -0.00812 82
 -89.000   41.000 -0.01145 36
 -89.000   42.000 -0.00894 42
 -89.000   43.000 -0.00264 23
 -89.000   44.000 -0.00179 28
 -89.000   45.000  0.00199 8
 -89.000   46.000  0.00284 22
 -89.000   47.000  0.00437 11
 -89.000   48.000  0.00734 8
 -89.000   49.000  0.01123 8
 -89.000   50.000  0.01141 2
 -88.000   25.000  0.00994 0
 -88.000   26.000  0.00740 0
 -88.000   27.000  0.01201 3
 -88.000   28.000  0.01622 6
 -88.000   29.000  0.01275 13
 -88.000   30.000  0.01840 21
 -88.000   31.000  0.02072 19
 -88.000   32.000  0.01871 17
 -88.000   33.000  0.02020 40
 -88.000   34.000  0.01815 53
 -88.000   35.000  0.01567 55
 -88.000   36.000  0.01358 45
 -88.000   37.000  0.00644 32
 -88.000   38.000 -0.00138 33
 -88.000   39.000 -0.00812 66
 -88.000   40.000 -0.01100 68
 -88.000   41.000 -0.01339 34
 -88.000   42.000 -0.00985 34
 -88.000   43.000 -0.00329 27
 -88.000   44.000  0.00366 25
 -88.000   45.000  0.00793 8
 -88.000   46.000  0.00929 12
 -88.000   47.000  0.01214 20
 -88.000   48.000  0.01988 11
 -88.000   49.000  0.01995 12
 -88.000   50.000  0.02447 5
 -87.000   25.000  0.00605 0
 -87.000   26.000  0.00422 0
 -87.000   27.000  0.00876 9
 -87.000   28.000  0.01109 8
 -87.000   29.000  0.01430 12
 -87.000   30.000  0.01858 13
 -87.000   31.000  0.02114 18
 -87.000   32.000  0.02086 25
 -87.000   33.000  0.02496 50
 -87.000   34.000  0.01727 66
 -87.000   35.000  0.01436 53
 -87.000   36.000  0.01138 39
 -87.000   37.000  0.00287 48
 -87.000   38.000 -0.00448 41
 -87.000   39.000 -0.00857 71
 -87.000   40.000 -0.01161 49
 -87.000   41.000 -0.01311 40
 -87.000   42.000 -0.00914 44
 -87.000   43.000 -0.00631 36
 -87.000   44.000 -0.00008 21
 -87.000   45.000  0.00573 18
 -87.000   46.000  0.01101 17
 -87.000   47.000  0.01615 20
 -87.000   48.000  0.02808 7
 -87.000   49.000  0.03036 14
 -87.000   50.000  0.03774 3
 -86.000   25.000  0.00629 0
 -86.000   26.000  0.01196 0
 -86.000   27.000  0.01766 12
 -86.000   28.000  0.01430 4
 -86.000   29.000  0.02075 23
 -86.000   30.000  0.02585 17
 -86.000   31.000  0.02008 15
 -86.000   32.000  0.01782 32
 -86.000   33.000  0.02407 52
 -86.000   34.000  0.01543 135
 -86.000   35.000  0.01038 58
 -86.000   36.000  0.01096 64
 -86.000   37.000  0.00204 49
 -86.000   38.000 -0.00428 60
 -86.000   39.000 -0.00881 59
 -86.000   40.000 -0.00859 52
 -86.000   41.000 -0.01127 23
 -86.000   42.000 -0.00942 34
 -86.000   43.000 -0.01064 33
 -86.000   44.000 -0.00504 32
 -86.000   45.000 -0.00151 12
 -86.000   46.000  0.00194 8
 -86.000   47.000  0.00926 12
 -86.000   48.000  0.02267 3
 -86.000   49.000  0.02525 8
 -86.000   50.000  0.03300 5
 -85.000   25.000  0.03184 0
 -85.000   26.000  0.03616 4
 -85.000   27.000  0.03618 8
 -85.000   28.000  0.02345 7
 -85.000   29.000  0.02573 27
 -85.000   30.000  0.02508 15
 -85.000   31.000  0.01592 25
 -85.000   32.000  0.01499 44
 -85.000   33.000  0.02291 65
 -85.000   34.000  0.01165 74
 -85.000   35.000  0.00848 68
 -85.000   36.000  0.00866 48
 -85.000   37.000  0.00106 51
 -85.000   38.000 -0.00089 57
 -85.000   39.000 -0.00528 36
 -85.000   40.000 -0.00668 36
 -85.000   41.000 -0.00913 40
 -85.000   42.000 -0.00987 50
 -85.000   43.000 -0.01341 27
 -85.000   44.000 -0.00636 20
 -85.000   45.000 -0.00402 16
 -85.000   46.000  0.00099 14
 -85.000   47.000  0.00406 0
 -85.000   48.000  0.01611 2
 -85.000   49.000  0.01556 5
 -85.000   50.000  0.02343 4
 -84.000   25.000  0.04908 1
 -84.000   26.000  0.04441 9
 -84.000   27.000  0.04190 14
 -84.000   28.000  0.01721 8
 -84.000   29.000  0.01328 25
 -84.000   30.000  0.01528 26
 -84.000   31.000  0.01154 41
 -84.000   32.000  0.00962 39
 -84.000   33.000  0.02319 74
 -84.000   34.000  0.00870 66
 -84.000   35.000  0.00784 71
 -84.000   36.000  0.00572 51
 -84.000   37.000  0.00250 51
 -84.000   38.000 -0.00150 48
 -84.000   39.000 -0.00367 46
 -84.000   40.000 -0.00641 35
 -84.000   41.000 -0.00857 39
 -84.000   42.000 -0.01172 53
 -84.000   43.000 -0.01422 26
 -84.000   44.000 -0.00714 13
 -84.000   45.000 -0.00593 6
 -84.000   46.000 -0.00017 8
 -84.000   47.000  0.00365 2
 -84.000   48.000  0.01776 5
 -84.000   49.000  0.01754 5
 -84.000   50.000  0.02827 1
 -83.000   25.000  0.07194 2
 -83.000   26.000  0.05608 3
 -83.000   27.000  0.05123 22
 -83.000   28.000  0.01889 40
 -83.000   29.000  0.01109 31
 -83.000   30.000  0.00374 35
 -83.000   31.000  0.00403 53
 -83.000   32.000  0.00066 37
 -83.000   33.000  0.01652 34
 -83.000   34.000  0.00355 32
 -83.000   35.000  0.01259 42
 -83.000   36.000  0.01165 54
 -83.000   37.000  0.00947 50
 -83.000   38.000  0.00452 43
 -83.000   39.000  0.00099 30
 -83.000   40.000 -0.00353 37
 -83.000   41.000 -0.00711 42
 -83.000   42.000 -0.00862 42
 -83.000   43.000 -0.01138 34
 -83.000   44.000 -0.01018 25
 -83.000   45.000 -0.00935 14
 -83.000   46.000 -0.00174 7
 -83.000   47.000 -0.00096 0
 -83.000   48.000  0.00791 7
 -83.000   49.000  0.01143 2
 -83.000   50.000  0.01846 2
 -82.000   25.000  0.06707 2
 -82.000   26.000  0.05140 4
 -82.000   27.000  0.05091 9
 -82.000   28.000  0.01996 17
 -82.000   29.000  0.01422 26
 -82.000   30.000  0.00548 22
 -82.000   31.000  0.00740 9
 -82.000   32.000 -0.00306 9
 -82.000   33.000  0.01117 16
 -82.000   34.000 -0.00007 9
 -82.000   35.000  0.01195 46
 -82.000   36.000  0.01136 51
 -82.000   37.000  0.01267 58
 -82.000   38.000  0.00578 49
 -82.000   39.000  0.00179 48
 -82.000   40.000 -0.00326 37
 -82.000   41.000 -0.00719 28
 -82.000   42.000 -0.00805 40
 -82.000   43.000 -0.00740 34
 -82.000   44.000 -0.00692 49
 -82.000   45.000 -0.00868 11
 -82.000   46.000 -0.00743 32
 -82.000   47.000 -0.00869 9
 -82.000   48.000 -0.00338 8
 -82.000   49.000 -0.00261 7
 -82.000   50.000  0.00272 0
 -81.000   25.000  0.07794 3
 -81.000   26.000  0.06112 2
 -81.000   27.000  0.05708 5
 -81.000   28.000  0.02542 3
 -81.000   29.000  0.01962 9
 -81.000   30.000 -0.00087 8
 -81.000   31.000  0.00058 32
 -81.000   32.000 -0.00805 17
 -81.000   33.000  0.00949 22
 -81.000   34.000 -0.00074 17
 -81.000   35.000  0.01287 39
 -81.000   36.000  0.01027 43
 -81.000   37.000  0.01189 48
 -81.000   38.000  0.00620 53
 -81.000   39.000  0.00307 43
 -81.000   40.000 -0.00282 40
 -81.000   41.000 -0.00411 54
 -81.000   42.000 -0.00447 24
 -81.000   43.000 -0.00527 24
 -81.000   44.000 -0.00352 29
 -81.000   45.000 -0.00284 36
 -81.000   46.000 -0.00451 11
 -81.000   47.000 -0.01036 33
 -81.000   48.000 -0.00218 8
 -81.000   49.000 -0.00380 6
 -81.000   50.000 -0.00301 2
 -80.000   25.000  0.05592 0
 -80.000   26.000  0.04420 0
 -80.000   27.000  0.04614 0
 -80.000   28.000  0.02125 0
 -80.000   29.000  0.01613 11
 -80.000   30.000 -0.00201 6
 -80.000   31.000  0.00135 17
 -80.000   32.000 -0.00834 15
 -80.000   33.000  0.00656 19
 -80.000   34.000 -0.00046 21
 -80.000   35.000  0.01284 44
 -80.000   36.000  0.01011 42
 -80.000   37.000  0.00999 46
 -80.000   38.000  0.00215 41
 -80.000   39.000  0.00199 34
 -80.000   40.000 -0.00223 59
 -80.000   41.000 -0.00486 36
 -80.000   42.000 -0.00286 38
 -80.000   43.000 -0.00074 35
 -80.000   44.000 -0.00090 19
 -80.000   45.000 -0.00275 18
 -80.000   46.000 -0.00321 11
 -80.000   47.000 -0.00729 11
 -80.000   48.000  0.00002 15
 -80.000   49.000  0.00074 14
 -80.000   50.000  0.00538 12
 -79.000   25.000  0.03548 0
 -79.000   26.000  0.03064 0
 -79.000   27.000  0.03840 1
 -79.000   28.000  0.02417 1
 -79.000   29.000  0.02198 6
 -79.000   30.000  0.00343 5
 -79.000   31.000  0.00333 7
 -79.000   32.000 -0.01011 24
 -79.000   33.000 -0.00031 23
 -79.000   34.000 -0.00105 41
 -79.000   35.000  0.01020 36
 -79.000   36.000  0.00981 27
 -79.000   37.000  0.00795 42
 -79.000   38.000  0.00191 39
 -79.000   39.000  0.00227 31
 -79.000   40.000 -0.00149 38
 -79.000   41.000 -0.00449 56
 -79.000   42.000 -0.00119 39
 -79.000   43.000  0.00200 38
 -79.000   44.000 -0.00147 33
 -79.000   45.000 -0.00341 27
 -79.000   46.000 -0.00328 17
 -79.000   47.000 -0.00606 12
 -79.000   48.000 -0.00406 10
 -79.000   49.000 -0.00330 11
 -79.000   50.000  0.00031 3
 -78.000   25.000  0.01578 0
 -78.000   26.000  0.01927 0
 -78.000   27.000  0.02824 0
 -78.000   28.000  0.02161 3
 -78.000   29.000  0.01902 5
 -78.000   30.000  0.00648 7
 -78.000   31.000  0.00453 9
 -78.000   32.000 -0.00929 7
 -78.000   33.000 -0.00026 20
 -78.000   34.000  0.00140 39
 -78.000   35.000  0.00439 18
 -78.000   36.000  0.00082 29
 -78.000   37.000  0.00261 35
 -78.000   38.000 -0.00343 37
 -78.000   39.000  0.00036 33
 -78.000   40.000  0.00061 38
 -78.000   41.000  0.00171 31
 -78.000   42.000  0.00106 34
 -78.000   43.000  0.00272 48
 -78.000   44.000  0.00075 46
 -78.000   45.000 -0.00267 37
 -78.000   46.000 -0.00399 22
 -78.000   47.000 -0.00369 10
 -78.000   48.000 -0.00112 21
 -78.000   49.000 -0.00252 13
 -78.000   50.000  0.00207 1
 -77.000   25.000  0.01578 0
 -77.000   26.000  0.01927 0
 -77.000   27.000  0.02420 0
 -77.000   28.000  0.01947 0
 -77.000   29.000  0.01529 3
 -77.000   30.000  0.00140 0
 -77.000   31.000 -0.00117 6
 -77.000   32.000 -0.01156 13
 -77.000   33.000 -0.00748 18
 -77.000   34.000 -0.00530 21
 -77.000   35.000 -0.00101 13
 -77.000   36.000 -0.00385 30
 -77.000   37.000  0.00091 29
 -77.000   38.000  0.00119 35
 -77.000   39.000  0.00634 28
 -77.000   40.000  0.00807 31
 -77.000   41.000  0.00912 46
 -77.000   42.000  0.00575 37
 -77.000   43.000  0.00417 52
 -77.000   44.000  0.00162 39
 -77.000   45.000 -0.00044 34
 -77.000   46.000  0.00180 25
 -77.000   47.000  0.00245 33
 -77.000   48.000  0.00829 27
 -77.000   49.000  0.00961 21
 -77.000   50.000  0.01358 2
 -76.000   25.000  0.00000 0
 -76.000   26.000  0.00020 0
 -76.000   27.000  0.00660 0
 -76.000   28.000  0.00603 0
 -76.000   29.000  0.00068 0
 -76.000   30.000 -0.00229 0
 -76.000   31.000  0.00090 4
 -76.000   32.000 -0.00560 4
 -76.000   33.000 -0.00501 14
 -76.000   34.000 -0.00391 9
 -76.000   35.000 -0.00176 14
 -76.000   36.000 -0.00349 24
 -76.000   37.000 -0.00087 43
 -76.000   38.000 -0.00087 49
 -76.000   39.000  0.00616 33
 -76.000   40.000  0.00744 40
 -76.000   41.000  0.00781 29
 -76.000   42.000  0.00529 26
 -76.000   43.000  0.00468 141
 -76.000   44.000  0.00186 66
 -76.000   45.000  0.00023 40
 -76.000   46.000  0.00328 51
 -76.000   47.000  0.00533 47
 -76.000   48.000  0.00500 15
 -76.000   49.000  0.00633 13
 -76.000   50.000  0.01037 1
 -75.000   25.000  0.00000 0
 -75.000   26.000  0.00000 0
 -75.000   27.000  0.00351 0
 -75.000   28.000  0.00351 0
 -75.000   29.000  0.00004 0
 -75.000   30.000 -0.00196 0
 -75.000   31.000 -0.00034 0
 -75.000   32.000 -0.00889 4
 -75.000   33.000 -0.00837 10
 -75.000   34.000 -0.00708 11
 -75.000   35.000 -0.00591 19
 -75.000   36.000 -0.00527 36
 -75.000   37.000  0.00233 23
 -75.000   38.000  0.00442 26
 -75.000   39.000  0.01077 19
 -75.000   40.000  0.01292 37
 -75.000   41.000  0.01504 36
 -75.000   42.000  0.01386 20
 -75.000   43.000  0.01186 41
 -75.000   44.000  0.00802 35
 -75.000   45.000  0.00652 30
 -75.000   46.000  0.00683 39
 -75.000   47.000  0.00817 26
 -75.000   48.000  0.00801 15
 -75.000   49.000  0.00959 19
 -75.000   50.000  0.01308 3
 -74.000   25.000  0.00000 0
 -74.000   26.000  0.00000 0
 -74.000   27.000  0.00000 0
 -74.000   28.000  0.00000 0
 -74.000   29.000 -0.00193 0
 -74.000   30.000 -0.00528 0
 -74.000   31.000 -0.00344 0
 -74.000   32.000 -0.00742 0
 -74.000   33.000 -0.00701 4
 -74.000   34.000 -0.00522 1
 -74.000   35.000 -0.00382 4
 -74.000   36.000 -0.00375 41
 -74.000   37.000  0.00410 116
 -74.000   38.000  0.00836 41
 -74.000   39.000  0.01156 43
 -74.000   40.000  0.01659 55
 -74.000   41.000  0.02148 57
 -74.000   42.000  0.02103 33
 -74.000   43.000  0.01529 37
 -74.000   44.000  0.01216 35
 -74.000   45.000  0.00773 39
 -74.000   46.000  0.00577 30
 -74.000   47.000  0.00390 37
 -74.000   48.000  0.00764 14
 -74.000   49.000  0.00964 11
 -74.000   50.000  0.01507 0
 -73.000   25.000  0.00000 0
 -73.000   26.000  0.00000 0
 -73.000   27.000  0.00000 0
 -73.000   28.000  0.00000 0
 -73.000   29.000  0.00000 0
 -73.000   30.000 -0.00327 0
 -73.000   31.000 -0.00265 0
 -73.000   32.000 -0.00511 0
 -73.000   33.000 -0.00719 0
 -73.000   34.000 -0.00711 1
 -73.000   35.000 -0.00367 2
 -73.000   36.000 -0.00022 4
 -73.000   37.000  0.00507 24
 -73.000   38.000  0.01126 36
 -73.000   39.000  0.01502 38
 -73.000   40.000  0.01999 28
 -73.000   41.000  0.02211 32
 -73.000   42.000  0.02272 23
 -73.000   43.000  0.01818 31
 -73.000   44.000  0.01458 35
 -73.000   45.000  0.00893 43
 -73.000   46.000  0.00618 31
 -73.000   47.000  0.00464 24
 -73.000   48.000  0.00832 20
 -73.000   49.000  0.01011 13
 -73.000   50.000  0.01432 4
 -72.000   25.000  0.00000 0
 -72.000   26.000  0.00000 0
 -72.000   27.000  0.00000 0
 -72.000   28.000  0.00000 0
 -72.000   29.000  0.00000 0
 -72.000   30.000  0.00000 0
 -72.000   31.000  0.00036 0
 -72.000   32.000 -0.00020 0
 -72.000   33.000 -0.00053 0
 -72.000   34.000  0.00064 0
 -72.000   35.000 -0.00184 0
 -72.000   36.000 -0.00036 1
 -72.000   37.000  0.00252 14
 -72.000   38.000  0.00592 25
 -72.000   39.000  0.00507 42
 -72.000   40.000  0.01144 34
 -72.000   41.000  0.01747 23
 -72.000   42.000  0.01904 24
 -72.000   43.000  0.01693 20
 -72.000   44.000  0.01710 24
 -72.000   45.000  0.01265 18
 -72.000   46.000  0.00603 17
 -72.000   47.000  0.00368 19
 -72.000   48.000  0.00389 20
 -72.000   49.000  0.00425 15
 -72.000   50.000  0.00660 11
 -71.000   25.000  0.00000 0
 -71.000   26.000  0.00000 0
 -71.000   27.000  0.00000 0
 -71.000   28.000  0.00000 0
 -71.000   29.000  0.00000 0
 -71.000   30.000  0.00000 0
 -71.000   31.000  0.00000 0
 -71.000   32.000 -0.00294 0
 -71.000   33.000 -0.00296 0
 -71.000   34.000  0.00048 0
 -71.000   35.000 -0.00173 0
 -71.000   36.000 -0.00078 0
 -71.000   37.000  0.00285 3
 -71.000   38.000  0.00204 16
 -71.000   39.000 -0.00378 14
 -71.000   40.000  0.00285 29
 -71.000   41.000  0.01019 23
 -71.000   42.000  0.01386 32
 -71.000   43.000  0.01557 31
 -71.000   44.000  0.01949 22
 -71.000   45.000  0.01405 13
 -71.000   46.000  0.00906 20
 -71.000   47.000  0.00786 24
 -71.000   48.000  0.00814 15
 -71.000   49.000  0.00826 26
 -71.000   50.000  0.01274 3
 -70.000   25.000  0.00000 0
 -70.000   26.000  0.00000 0
 -70.000   27.000  0.00000 0
 -70.000   28.000  0.00000 0
 -70.000   29.000  0.00000 0
 -70.000   30.000  0.00000 0
 -70.000   31.000  0.00000 0
 -70.000   32.000  0.00000 0
 -70.000   33.000  0.00000 0
 -70.000   34.000  0.00318 0
 -70.000   35.000  0.00063 0
 -70.000   36.000 -0.00066 0
 -70.000   37.000 -0.00593 4
 -70.000   38.000 -0.00823 4
 -70.000   39.000 -0.01505 8
 -70.000   40.000 -0.01066 8
 -70.000   41.000 -0.00045 18
 -70.000   42.000  0.00787 31
 -70.000   43.000  0.01144 37
 -70.000   44.000  0.01665 19
 -70.000   45.000  0.01439 12
 -70.000   46.000  0.00378 5
 -70.000   47.000  0.00642 16
 -70.000   48.000  0.00424 19
 -70.000   49.000  0.00334 28
 -70.000   50.000  0.00516 1
 -69.000   25.000  0.00000 0
 -69.000   26.000  0.00000 0
 -69.000   27.000  0.00000 0
 -69.000   28.000  0.00000 0
 -69.000   29.000  0.00000 0
 -69.000   30.000  0.00000 0
 -69.000   31.000  0.00000 0
 -69.000   32.000  0.00000 0
 -69.000   33.000  0.00000 0
 -69.000   34.000  0.00000 0
 -69.000   35.000 -0.00190 0
 -69.000   36.000 -0.00312 0
 -69.000   37.000 -0.00831 0
 -69.000   38.000 -0.02015 0
 -69.000   39.000 -0.02408 9
 -69.000   40.000 -0.02147 2
 -69.000   41.000 -0.01524 12
 -69.000   42.000 -0.00721 24
 -69.000   43.000  0.01095 37
 -69.000   44.000  0.01708 14
 -69.000   45.000  0.01603 10
 -69.000   46.000  0.00913 11
 -69.000   47.000  0.00982 15
 -69.000   48.000  0.00414 17
 -69.000   49.000  0.00241 11
 -69.000   50.000  0.00380 0
 -68.000   25.000  0.00000 0
 -68.000   26.000  0.00000 0
 -68.000   27.000  0.00000 0
 -68.000   28.000  0.00000 0
 -68.000   29.000  0.00000 0
 -68.000   30.000  0.00000 0
 -68.000   31.000  0.00000 0
 -68.000   32.000  0.00000 0
 -68.000   33.000  0.00000 0
 -68.000   34.000  0.00000 0
 -68.000   35.000 -0.00234 0
 -68.000   36.000 -0.00418 0
 -68.000   37.000 -0.00959 0
 -68.000   38.000 -0.01400 0
 -68.000   39.000 -0.01946 2
 -68.000   40.000 -0.02502 2
 -68.000   41.000 -0.02090 12
 -68.000   42.000 -0.01173 7
 -68.000   43.000 -0.00052 13
 -68.000   44.000  0.00634 9
 -68.000   45.000  0.01412 14
 -68.000   46.000  0.00759 26
 -68.000   47.000  0.00847 21
 -68.000   48.000  0.00220 8
 -68.000   49.000  0.00099 9
 -68.000   50.000  0.00154 0
 -67.000   25.000  0.00000 0
 -67.000   26.000  0.00000 0
 -67.000   27.000  0.00000 0
 -67.000   28.000  0.00000 0
 -67.000   29.000  0.00000 0
 -67.000   30.000  0.00000 0
 -67.000   31.000  0.00000 0
 -67.000   32.000  0.00000 0
 -67.000   33.000  0.00000 0
 -67.000   34.000  0.00000 0
 -67.000   35.000  0.00000 0
 -67.000   36.000  0.00000 0
 -67.000   37.000 -0.00712 0
 -67.000   38.000 -0.01278 0
 -67.000   39.000 -0.01531 1
 -67.000   40.000 -0.02208 1
 -67.000   41.000 -0.02229 13
 -67.000   42.000 -0.01234 5
 -67.000   43.000 -0.00583 12
 -67.000   44.000 -0.00751 8
 -67.000   45.000 -0.00077 6
 -67.000   46.000 -0.00634 6
 -67.000   47.000 -0.00668 8
 -67.000   48.000 -0.00753 9
 -67.000   49.000 -0.00415 8
 -67.000   50.000 -0.00547 0
 -66.000   25.000  0.00000 0
 -66.000   26.000  0.00000 0
 -66.000   27.000  0.00000 0
 -66.000   28.000  0.00000 0
 -66.000   29.000  0.00000 0
 -66.000   30.000  0.00000 0
 -66.000   31.000  0.00000 0
 -66.000   32.000  0.00000 0
 -66.000   33.000  0.00000 0
 -66.000   34.000  0.00000 0
 -66.000   35.000  0.00000 0
 -66.000   36.000  0.00000 0
 -66.000   37.000 -0.00629 0
 -66.000   38.000 -0.00928 0
 -66.000   39.000 -0.00914 0
 -66.000   40.000 -0.01699 1
 -66.000   41.000 -0.01970 0
 -66.000   42.000 -0.01117 4
 -66.000   43.000 -0.00750 9
 -66.000   44.000 -0.01370 6
 -66.000   45.000 -0.00502 3
 -66.000   46.000 -0.01203 3
 -66.000   47.000 -0.01412 10
 -66.000   48.000 -0.01480 8
 -66.000   49.000 -0.01093 7
 -66.000   50.000 -0.01595 0
 -65.000   25.000  0.00000 0
 -65.000   26.000  0.00000 0
 -65.000   27.000  0.00000 0
 -65.000   28.000  0.00000 0
 -65.000   29.000  0.00000 0
 -65.000   30.000  0.00000 0
 -65.000   31.000  0.00000 0
 -65.000   32.000  0.00000 0
 -65.000   33.000  0.00000 0
 -65.000   34.000  0.00000 0
 -65.000   35.000  0.00000 0
 -65.000   36.000  0.00000 0
 -65.000   37.000  0.00096 0
 -65.000   38.000 -0.00149 0
 -65.000   39.000 -0.00207 0
 -65.000   40.000 -0.01038 0
 -65.000   41.000 -0.01725 0
 -65.000   42.000 -0.01611 3
 -65.000   43.000 -0.01430 3
 -65.000   44.000 -0.02292 2
 -65.000   45.000 -0.01382 1
 -65.000   46.000 -0.01313 3
 -65.000   47.000 -0.01817 4
 -65.000   48.000 -0.01753 5
 -65.000   49.000 -0.01042 1
 -65.000   50.000 -0.01520 0
